-3.804560e-01 3.464770e-01 2.789580e+00
-1.800395e-01 3.594790e-01 2.721696e+00
2.037700e-02 3.724810e-01 2.653811e+00
-9.877350e-02 4.103395e-01 2.640326e+00
-2.179240e-01 4.481980e-01 2.626840e+00
-1.848135e-01 3.367290e-01 2.703244e+00
-1.517030e-01 2.252600e-01 2.779648e+00
-2.498715e-01 1.424050e-01 2.736001e+00
-3.480400e-01 5.955000e-02 2.692354e+00
-1.853735e-01 7.122300e-02 2.636144e+00
-2.270700e-02 8.289600e-02 2.579934e+00
-8.216150e-02 6.479600e-02 2.668808e+00
-1.416160e-01 4.669600e-02 2.757682e+00
-2.785605e-01 5.789400e-02 2.730659e+00
-4.155050e-01 6.909200e-02 2.703636e+00
-1.755915e-01 7.628650e-02 2.673606e+00
6.432200e-02 8.348100e-02 2.643577e+00
-1.767830e-01 -7.869050e-02 2.636413e+00
-4.178880e-01 -2.408620e-01 2.629249e+00
-1.845545e-01 -2.377290e-01 2.629400e+00
4.877900e-02 -2.345960e-01 2.629551e+00
-1.724400e-01 -2.770515e-01 2.631918e+00
-3.936590e-01 -3.195070e-01 2.634286e+00
-1.855390e-01 -3.160810e-01 2.634035e+00
2.258100e-02 -3.126550e-01 2.633785e+00
-1.348005e-01 -4.162070e-01 2.656953e+00
-2.921820e-01 -5.197590e-01 2.680120e+00
-1.676955e-01 -5.087525e-01 2.682819e+00
-4.320900e-02 -4.977460e-01 2.685519e+00
3.674300e-02 -5.730410e-01 2.602117e+00
1.166950e-01 -6.483360e-01 2.518715e+00
-1.330460e-01 -7.202985e-01 2.646026e+00
-3.827870e-01 -7.922610e-01 2.773336e+00
-1.591340e-01 -8.247960e-01 2.663184e+00
6.451900e-02 -8.573310e-01 2.553031e+00
-8.950450e-02 -9.081180e-01 2.652992e+00
-2.435280e-01 -9.589050e-01 2.752953e+00
-2.149155e-01 -1.516375e-01 2.672890e+00
-1.863030e-01 6.556300e-01 2.592828e+00
-2.834960e-01 4.969750e-01 2.688827e+00
-3.806890e-01 3.383200e-01 2.784826e+00
-1.797835e-01 3.535260e-01 2.718874e+00
2.112200e-02 3.687320e-01 2.652922e+00
-9.854900e-02 4.040175e-01 2.637244e+00
-2.182200e-01 4.393030e-01 2.621566e+00
-1.839220e-01 3.302705e-01 2.700906e+00
-1.496240e-01 2.212380e-01 2.780246e+00
-2.482715e-01 1.415265e-01 2.735781e+00
-3.469190e-01 6.181500e-02 2.691316e+00
-1.831675e-01 7.327450e-02 2.638302e+00
-1.941600e-02 8.473400e-02 2.585288e+00
-8.062100e-02 6.594250e-02 2.672820e+00
-1.418260e-01 4.715100e-02 2.760352e+00
-2.775750e-01 5.352500e-02 2.730565e+00
-4.133240e-01 5.989900e-02 2.700779e+00
-1.759630e-01 6.947500e-02 2.671610e+00
6.139800e-02 7.905100e-02 2.642441e+00
-1.828310e-01 -8.650250e-02 2.639158e+00
-4.270600e-01 -2.520560e-01 2.635874e+00
-1.879345e-01 -2.458205e-01 2.634578e+00
5.119100e-02 -2.395850e-01 2.633281e+00
-1.715810e-01 -2.823825e-01 2.624824e+00
-3.943530e-01 -3.251800e-01 2.616368e+00
-1.861195e-01 -3.207285e-01 2.629017e+00
2.211400e-02 -3.162770e-01 2.641665e+00
-1.546270e-01 -4.151885e-01 2.634711e+00
-3.313680e-01 -5.141000e-01 2.627756e+00
-1.913500e-01 -5.015010e-01 2.673610e+00
-5.133200e-02 -4.889020e-01 2.719464e+00
2.341350e-02 -5.802545e-01 2.684360e+00
9.815900e-02 -6.716070e-01 2.649255e+00
-1.342520e-01 -7.450745e-01 2.704780e+00
-3.666630e-01 -8.185420e-01 2.760305e+00
-1.716825e-01 -8.474835e-01 2.702322e+00
2.329800e-02 -8.764250e-01 2.644338e+00
-9.415300e-02 -9.231825e-01 2.689935e+00
-2.116040e-01 -9.699400e-01 2.735531e+00
-1.994370e-01 -1.575735e-01 2.665831e+00
-1.872700e-01 6.547930e-01 2.596132e+00
-2.838415e-01 4.980730e-01 2.691501e+00
-3.804130e-01 3.413530e-01 2.786869e+00
1.871000e-02 3.720290e-01 2.647096e+00
-2.216470e-01 4.404390e-01 2.618870e+00
-1.486630e-01 2.257370e-01 2.780157e+00
-3.478550e-01 5.841600e-02 2.685323e+00
-1.618200e-02 7.724500e-02 2.592245e+00
-1.458280e-01 4.362500e-02 2.762849e+00
-4.126080e-01 6.254200e-02 2.703934e+00
6.375900e-02 8.287500e-02 2.643887e+00
-4.138960e-01 -2.484980e-01 2.633413e+00
5.974200e-02 -2.359350e-01 2.635791e+00
-3.793390e-01 -3.227540e-01 2.623962e+00
2.180700e-02 -3.091320e-01 2.636513e+00
-2.967460e-01 -5.230000e-01 2.665686e+00
-4.155400e-02 -5.019890e-01 2.696107e+00
1.319560e-01 -6.507400e-01 2.567394e+00
-3.793750e-01 -7.998240e-01 2.779386e+00
7.480100e-02 -8.600170e-01 2.590087e+00
-2.387970e-01 -9.652380e-01 2.758061e+00
-1.888600e-01 6.589180e-01 2.599517e+00
-3.804980e-01 3.359920e-01 2.785051e+00
2.046700e-02 3.730710e-01 2.652278e+00
-2.200340e-01 4.399290e-01 2.621661e+00
-1.476250e-01 2.225860e-01 2.779636e+00
-3.424570e-01 5.631900e-02 2.691068e+00
-1.438600e-02 7.439400e-02 2.585867e+00
-1.377540e-01 4.094000e-02 2.761096e+00
-4.119790e-01 5.528200e-02 2.710202e+00
6.933400e-02 8.523300e-02 2.639896e+00
-4.111360e-01 -2.524130e-01 2.628119e+00
5.220300e-02 -2.327360e-01 2.635798e+00
-3.791950e-01 -3.238590e-01 2.654055e+00
2.376200e-02 -3.098950e-01 2.641713e+00
-2.937260e-01 -5.234860e-01 2.686896e+00
-4.685700e-02 -5.056650e-01 2.693359e+00
1.145250e-01 -6.405390e-01 2.515450e+00
-3.826460e-01 -8.099370e-01 2.759910e+00
6.852900e-02 -8.510040e-01 2.549615e+00
-2.399690e-01 -9.729550e-01 2.734477e+00
-1.892830e-01 6.553970e-01 2.593273e+00
-3.789060e-01 3.377450e-01 2.789684e+00
2.025400e-02 3.731510e-01 2.651142e+00
-2.202620e-01 4.416330e-01 2.624495e+00
-1.468390e-01 2.229670e-01 2.780158e+00
-3.434360e-01 5.817900e-02 2.691243e+00
-1.464600e-02 7.425500e-02 2.587980e+00
-1.392440e-01 4.176500e-02 2.762518e+00
-4.137430e-01 5.921300e-02 2.710160e+00
7.046300e-02 8.583100e-02 2.644495e+00
-4.131830e-01 -2.508380e-01 2.639752e+00
5.378200e-02 -2.314850e-01 2.633459e+00
-3.687470e-01 -3.201000e-01 2.644809e+00
2.338000e-02 -3.077690e-01 2.640794e+00
-2.936290e-01 -5.223230e-01 2.688628e+00
-4.583400e-02 -5.063650e-01 2.688524e+00
1.125460e-01 -6.363500e-01 2.510350e+00
-3.912460e-01 -7.942050e-01 2.775718e+00
6.848400e-02 -8.471810e-01 2.544810e+00
-2.553850e-01 -9.635690e-01 2.754827e+00
-1.893090e-01 6.549880e-01 2.600046e+00
-3.745370e-01 3.450550e-01 2.799312e+00
2.092400e-02 3.745490e-01 2.649257e+00
-2.188480e-01 4.481600e-01 2.630854e+00
-1.452300e-01 2.258530e-01 2.781176e+00
-3.449850e-01 6.059500e-02 2.697584e+00
-2.013800e-02 8.074100e-02 2.583158e+00
-1.383010e-01 4.539700e-02 2.761574e+00
-4.110630e-01 6.861500e-02 2.712930e+00
6.789900e-02 8.656100e-02 2.640825e+00
-4.199270e-01 -2.426860e-01 2.647986e+00
6.191200e-02 -2.314790e-01 2.636436e+00
-3.808190e-01 -3.152460e-01 2.646260e+00
2.561500e-02 -3.054580e-01 2.633790e+00
-2.933600e-01 -5.194200e-01 2.683971e+00
-3.111000e-02 -4.987640e-01 2.679942e+00
1.032290e-01 -6.564230e-01 2.500363e+00
-3.823570e-01 -7.812030e-01 2.761290e+00
4.839400e-02 -8.643300e-01 2.537055e+00
-2.465010e-01 -9.517620e-01 2.755718e+00
-1.894100e-01 6.544530e-01 2.597243e+00
-3.785660e-01 3.358280e-01 2.788647e+00
2.032900e-02 3.736760e-01 2.649988e+00
-2.207550e-01 4.399040e-01 2.622780e+00
-1.455190e-01 2.229790e-01 2.780008e+00
-3.400280e-01 5.994500e-02 2.700797e+00
-1.457800e-02 7.410100e-02 2.587190e+00
-1.338470e-01 4.004500e-02 2.765119e+00
-4.142640e-01 5.415900e-02 2.718406e+00
7.103900e-02 8.584900e-02 2.638590e+00
-4.171150e-01 -2.555600e-01 2.643152e+00
6.728700e-02 -2.323590e-01 2.620525e+00
-3.769160e-01 -3.275080e-01 2.640929e+00
4.757100e-02 -3.119990e-01 2.612391e+00
-2.943210e-01 -5.212010e-01 2.687461e+00
-4.617700e-02 -5.090750e-01 2.668990e+00
9.520600e-02 -6.618350e-01 2.491874e+00
-3.847940e-01 -7.881820e-01 2.800143e+00
3.943900e-02 -8.692460e-01 2.529945e+00
-2.580150e-01 -9.610070e-01 2.759680e+00
-1.931840e-01 6.591120e-01 2.604381e+00
-3.780580e-01 3.395620e-01 2.790544e+00
1.975000e-02 3.699090e-01 2.647002e+00
-2.207720e-01 4.386900e-01 2.621185e+00
-1.465430e-01 2.236400e-01 2.781435e+00
-3.415130e-01 5.320500e-02 2.704189e+00
-1.823800e-02 7.218200e-02 2.585203e+00
-1.340270e-01 3.607700e-02 2.765017e+00
-4.147680e-01 5.662000e-02 2.717031e+00
7.458200e-02 8.078500e-02 2.632572e+00
-4.139640e-01 -2.555110e-01 2.641735e+00
1.322720e-01 -2.264990e-01 2.559467e+00
-3.744620e-01 -3.277850e-01 2.645400e+00
1.403020e-01 -3.077900e-01 2.548301e+00
-2.976140e-01 -5.259910e-01 2.690897e+00
-5.605600e-02 -5.115240e-01 2.680095e+00
9.253300e-02 -6.605050e-01 2.492264e+00
-3.883290e-01 -8.123750e-01 2.774153e+00
3.976300e-02 -8.688160e-01 2.529684e+00
-2.532400e-01 -9.766780e-01 2.725841e+00
-1.911200e-01 6.618120e-01 2.608992e+00
-3.805390e-01 3.412850e-01 2.790535e+00
1.874100e-02 3.713960e-01 2.651090e+00
-2.220190e-01 4.373570e-01 2.620566e+00
-1.479510e-01 2.272130e-01 2.787270e+00
-3.390640e-01 5.511700e-02 2.706127e+00
-1.605900e-02 7.460200e-02 2.586491e+00
-1.314800e-01 3.603200e-02 2.766030e+00
-4.160400e-01 5.617100e-02 2.720369e+00
1.116110e-01 9.646800e-02 2.593962e+00
-4.194530e-01 -2.571840e-01 2.644980e+00
2.322930e-01 -1.712840e-01 2.461178e+00
-3.773340e-01 -3.277050e-01 2.637892e+00
2.749330e-01 -2.294950e-01 2.421293e+00
-2.950350e-01 -5.230960e-01 2.694388e+00
-5.594000e-02 -5.084020e-01 2.682281e+00
9.206200e-02 -6.595140e-01 2.491140e+00
-3.831820e-01 -8.102560e-01 2.789802e+00
3.966000e-02 -8.674810e-01 2.530921e+00
-2.506550e-01 -9.740440e-01 2.733336e+00
-1.916280e-01 6.652820e-01 2.614105e+00
-3.762100e-01 3.387290e-01 2.782102e+00
2.777100e-02 3.708790e-01 2.657435e+00
-2.120650e-01 4.354210e-01 2.617922e+00
-1.430230e-01 2.259760e-01 2.787637e+00
-3.248990e-01 6.685800e-02 2.699836e+00
2.743000e-03 6.031400e-02 2.591980e+00
-1.217720e-01 3.166400e-02 2.767249e+00
-4.242330e-01 5.409900e-02 2.721365e+00
1.725270e-01 1.594500e-01 2.511310e+00
-4.210640e-01 -2.588680e-01 2.648031e+00
3.597230e-01 6.472000e-03 2.299434e+00
-3.817030e-01 -3.276650e-01 2.670725e+00
4.222720e-01 1.681200e-02 2.246726e+00
-3.012090e-01 -5.170590e-01 2.691971e+00
-5.603300e-02 -5.158490e-01 2.681844e+00
7.529700e-02 -6.827650e-01 2.490604e+00
-4.074490e-01 -7.947230e-01 2.774040e+00
9.112000e-03 -8.860040e-01 2.534101e+00
-2.783010e-01 -9.677380e-01 2.742972e+00
-2.029720e-01 6.638810e-01 2.625509e+00
-3.702620e-01 3.366080e-01 2.774969e+00
3.417500e-02 3.573590e-01 2.649367e+00
-2.044420e-01 4.250920e-01 2.607869e+00
-1.392080e-01 2.197650e-01 2.784001e+00
-3.235100e-01 6.277200e-02 2.693310e+00
3.052000e-03 6.517900e-02 2.582061e+00
-1.184070e-01 3.953200e-02 2.759920e+00
-4.175780e-01 5.146000e-02 2.722689e+00
1.918570e-01 2.162070e-01 2.445665e+00
-4.349330e-01 -2.591420e-01 2.647210e+00
4.109520e-01 1.833730e-01 2.214601e+00
-3.889080e-01 -3.245350e-01 2.667282e+00
4.570700e-01 2.054500e-01 2.149924e+00
-3.364290e-01 -5.154430e-01 2.625867e+00
-5.443500e-02 -5.054050e-01 2.721807e+00
8.558700e-02 -6.914180e-01 2.652318e+00
-4.004960e-01 -8.041670e-01 2.749125e+00
2.145000e-03 -8.927790e-01 2.643976e+00
-2.577610e-01 -9.690260e-01 2.754313e+00
-2.010280e-01 6.664850e-01 2.621388e+00
-3.640420e-01 3.372580e-01 2.773316e+00
3.493400e-02 3.643830e-01 2.632396e+00
-2.072930e-01 4.209700e-01 2.595355e+00
-1.286170e-01 2.294030e-01 2.781229e+00
-3.148160e-01 6.470800e-02 2.691167e+00
9.225000e-03 5.414600e-02 2.573222e+00
-1.093990e-01 3.407500e-02 2.753692e+00
-4.245530e-01 5.197200e-02 2.731527e+00
1.994650e-01 2.891820e-01 2.399866e+00
-4.272530e-01 -2.610370e-01 2.660110e+00
3.917190e-01 3.584350e-01 2.152228e+00
-4.020600e-01 -3.365450e-01 2.638633e+00
4.545390e-01 4.041940e-01 2.124712e+00
-3.224550e-01 -5.190220e-01 2.660851e+00
-5.381500e-02 -5.112120e-01 2.719898e+00
8.989300e-02 -7.150110e-01 2.624503e+00
-3.921470e-01 -8.157070e-01 2.770673e+00
-2.478000e-03 -9.120690e-01 2.639141e+00
-2.478000e-01 -9.785650e-01 2.755859e+00
-2.093420e-01 6.739180e-01 2.623525e+00
-3.458530e-01 3.427240e-01 2.766330e+00
4.805500e-02 3.722520e-01 2.612250e+00
-1.955300e-01 4.278490e-01 2.583560e+00
-1.098090e-01 2.359390e-01 2.765931e+00
-2.943570e-01 7.275800e-02 2.700309e+00
2.374200e-02 4.347700e-02 2.569998e+00
-8.858500e-02 3.161200e-02 2.755162e+00
-4.194620e-01 5.874000e-02 2.740587e+00
1.830050e-01 4.010760e-01 2.352086e+00
-4.269440e-01 -2.550680e-01 2.673735e+00
3.006530e-01 5.825830e-01 2.114990e+00
-4.132000e-01 -3.290650e-01 2.640076e+00
3.328830e-01 6.479420e-01 2.076429e+00
-3.455410e-01 -5.084220e-01 2.643944e+00
-6.258600e-02 -5.137110e-01 2.733052e+00
7.254200e-02 -6.951450e-01 2.654218e+00
-3.962110e-01 -8.228800e-01 2.786654e+00
-1.640900e-02 -8.943090e-01 2.654244e+00
-2.533520e-01 -9.834770e-01 2.749523e+00
-2.049890e-01 6.825590e-01 2.636779e+00
-3.448090e-01 3.421160e-01 2.763100e+00
5.351700e-02 3.788730e-01 2.624334e+00
-1.880810e-01 4.385270e-01 2.591667e+00
-1.095740e-01 2.335590e-01 2.762727e+00
-2.950700e-01 7.139200e-02 2.689676e+00
2.789700e-02 5.758700e-02 2.569149e+00
-8.947100e-02 3.876400e-02 2.750572e+00
-4.161020e-01 5.612000e-02 2.740176e+00
1.367390e-01 4.465530e-01 2.348842e+00
-4.245920e-01 -2.622460e-01 2.691457e+00
2.019000e-01 6.693320e-01 2.125401e+00
-4.104770e-01 -3.361390e-01 2.657723e+00
2.277090e-01 7.329280e-01 2.079719e+00
-3.138780e-01 -5.103410e-01 2.669860e+00
-6.155000e-02 -5.128360e-01 2.702108e+00
8.943400e-02 -7.086840e-01 2.581752e+00
-3.759060e-01 -8.367760e-01 2.779617e+00
-1.644000e-03 -9.052310e-01 2.607297e+00
-2.551340e-01 -9.805380e-01 2.668598e+00
-1.979730e-01 6.746790e-01 2.646116e+00
-3.494560e-01 3.404490e-01 2.773228e+00
4.524500e-02 3.824180e-01 2.625854e+00
-1.962260e-01 4.476420e-01 2.605066e+00
-1.160570e-01 2.290970e-01 2.757540e+00
-3.077880e-01 7.605300e-02 2.681807e+00
1.220700e-02 7.535400e-02 2.552859e+00
-9.912800e-02 5.799500e-02 2.738189e+00
-4.113460e-01 5.435300e-02 2.741257e+00
9.661600e-02 4.730210e-01 2.350436e+00
-4.245580e-01 -2.623080e-01 2.691020e+00
1.039120e-01 7.142260e-01 2.138919e+00
-4.078660e-01 -3.423060e-01 2.680111e+00
1.090180e-01 7.907300e-01 2.108612e+00
-3.434580e-01 -4.980980e-01 2.653499e+00
-5.469600e-02 -4.938730e-01 2.713682e+00
3.892800e-02 -7.493020e-01 2.632488e+00
-3.630260e-01 -8.271300e-01 2.773985e+00
-8.030200e-02 -9.316620e-01 2.642859e+00
-2.244070e-01 -9.711710e-01 2.686718e+00
-1.931630e-01 6.691340e-01 2.655354e+00
-3.555810e-01 3.319860e-01 2.793854e+00
2.496400e-02 3.942170e-01 2.619446e+00
-2.192680e-01 4.513440e-01 2.619439e+00
-1.204450e-01 2.299850e-01 2.756081e+00
-3.119550e-01 6.528200e-02 2.694128e+00
-3.015000e-03 7.947900e-02 2.541224e+00
-9.899000e-02 5.746400e-02 2.734481e+00
-4.076840e-01 4.871800e-02 2.740756e+00
4.453400e-02 4.949300e-01 2.345131e+00
-4.138190e-01 -2.659470e-01 2.687670e+00
-4.120000e-02 7.517270e-01 2.176090e+00
-4.088850e-01 -3.459410e-01 2.668329e+00
-6.384800e-02 8.267220e-01 2.150395e+00
-3.147460e-01 -5.118520e-01 2.665331e+00
-5.633500e-02 -4.976460e-01 2.697683e+00
9.193900e-02 -7.080760e-01 2.588734e+00
-3.754410e-01 -8.141700e-01 2.785706e+00
9.520000e-04 -9.051250e-01 2.610441e+00
-2.430860e-01 -9.691950e-01 2.708065e+00
-1.934190e-01 6.679970e-01 2.661217e+00
-3.561050e-01 3.165450e-01 2.808016e+00
9.822000e-03 4.037220e-01 2.612712e+00
-2.366150e-01 4.496450e-01 2.631227e+00
-1.198820e-01 2.270040e-01 2.750563e+00
-3.078460e-01 6.611000e-02 2.703534e+00
-1.117600e-02 9.132700e-02 2.529247e+00
-9.241300e-02 5.969200e-02 2.727851e+00
-4.065610e-01 3.703500e-02 2.740213e+00
1.809100e-02 5.070180e-01 2.339709e+00
-4.042180e-01 -2.759850e-01 2.682929e+00
-1.229710e-01 7.557250e-01 2.200013e+00
-3.748120e-01 -3.514190e-01 2.667361e+00
-1.631070e-01 8.271630e-01 2.190898e+00
-3.076900e-01 -5.070590e-01 2.675955e+00
-5.467500e-02 -4.889810e-01 2.682132e+00
8.394700e-02 -7.028470e-01 2.541599e+00
-3.764360e-01 -7.976730e-01 2.786743e+00
-2.743000e-03 -8.999930e-01 2.576190e+00
-2.466580e-01 -9.574220e-01 2.714516e+00
-1.853630e-01 6.649930e-01 2.651617e+00
-3.464010e-01 3.109590e-01 2.831347e+00
-2.391000e-03 4.084700e-01 2.605032e+00
-2.459860e-01 4.502440e-01 2.647596e+00
-1.155440e-01 2.265500e-01 2.749491e+00
-3.038460e-01 6.053200e-02 2.720113e+00
-2.490000e-02 1.201350e-01 2.526047e+00
-8.702700e-02 6.223900e-02 2.725627e+00
-4.034560e-01 4.067600e-02 2.739121e+00
-1.045300e-02 5.248910e-01 2.338208e+00
-4.027260e-01 -2.710420e-01 2.679461e+00
-2.047560e-01 7.528120e-01 2.233202e+00
-3.757860e-01 -3.478080e-01 2.666097e+00
-2.463240e-01 8.239930e-01 2.231531e+00
-3.096940e-01 -4.975440e-01 2.676729e+00
-5.049700e-02 -4.669660e-01 2.666431e+00
8.635100e-02 -6.603480e-01 2.514225e+00
-3.627520e-01 -7.796560e-01 2.786788e+00
1.666500e-02 -8.641660e-01 2.548585e+00
-2.378900e-01 -9.370430e-01 2.701834e+00
-1.790340e-01 6.621210e-01 2.656386e+00
-3.543530e-01 3.066290e-01 2.826885e+00
-8.590000e-03 4.015350e-01 2.604025e+00
-2.529880e-01 4.401530e-01 2.639416e+00
-1.201960e-01 2.237290e-01 2.753275e+00
-3.078150e-01 5.754400e-02 2.717851e+00
-2.519600e-02 1.036230e-01 2.525423e+00
-9.113200e-02 5.156000e-02 2.725388e+00
-4.009490e-01 3.479400e-02 2.736617e+00
-3.383600e-02 5.194810e-01 2.340083e+00
-4.028790e-01 -2.749350e-01 2.672737e+00
-2.629400e-01 7.208330e-01 2.256508e+00
-3.800760e-01 -3.531030e-01 2.659807e+00
-3.167620e-01 7.827760e-01 2.264487e+00
-3.036870e-01 -5.074390e-01 2.680041e+00
-5.648900e-02 -4.809270e-01 2.664448e+00
8.000800e-02 -6.600640e-01 2.481931e+00
-3.669720e-01 -8.018240e-01 2.766376e+00
1.775200e-02 -8.656670e-01 2.519753e+00
-2.380910e-01 -9.543830e-01 2.678662e+00
-1.778490e-01 6.547310e-01 2.665248e+00
-3.475740e-01 3.021430e-01 2.832533e+00
-1.698500e-02 4.036880e-01 2.593174e+00
-2.593230e-01 4.356960e-01 2.638565e+00
-1.146030e-01 2.253310e-01 2.749199e+00
-3.042680e-01 4.650800e-02 2.723697e+00
-3.395300e-02 1.194040e-01 2.522101e+00
-8.746400e-02 5.235400e-02 2.721311e+00
-4.039990e-01 3.508900e-02 2.735775e+00
-5.015700e-02 5.301770e-01 2.334786e+00
-4.103710e-01 -2.750410e-01 2.677647e+00
-2.905730e-01 7.202810e-01 2.259550e+00
-3.743660e-01 -3.471010e-01 2.660089e+00
-3.387530e-01 7.867940e-01 2.252328e+00
-3.070100e-01 -5.057030e-01 2.682203e+00
-5.190600e-02 -4.689370e-01 2.661612e+00
7.471800e-02 -6.317880e-01 2.462772e+00
-3.694090e-01 -7.868820e-01 2.750310e+00
2.473700e-02 -8.414470e-01 2.496294e+00
-2.302130e-01 -9.430880e-01 2.688645e+00
-1.718510e-01 6.504170e-01 2.666435e+00
-3.302820e-01 3.177230e-01 2.846462e+00
-2.305000e-02 4.139050e-01 2.578041e+00
-2.599390e-01 4.459520e-01 2.641872e+00
-1.044580e-01 2.400120e-01 2.746040e+00
-2.899510e-01 5.787500e-02 2.733730e+00
-3.772300e-02 1.204550e-01 2.506816e+00
-7.413000e-02 6.400300e-02 2.713048e+00
-4.077310e-01 5.770800e-02 2.746752e+00
-5.717400e-02 5.505090e-01 2.325606e+00
-4.031140e-01 -2.499980e-01 2.679513e+00
-2.945460e-01 7.454750e-01 2.255833e+00
-3.894130e-01 -3.301540e-01 2.665925e+00
-3.437630e-01 8.112060e-01 2.263210e+00
-3.069590e-01 -4.991730e-01 2.683545e+00
-5.343600e-02 -4.689700e-01 2.652761e+00
7.028100e-02 -6.175120e-01 2.452353e+00
-3.672790e-01 -7.837260e-01 2.763194e+00
2.120400e-02 -8.282220e-01 2.480128e+00
-2.380560e-01 -9.404570e-01 2.683724e+00
-1.626830e-01 6.504680e-01 2.666956e+00
-3.396690e-01 3.205060e-01 2.846777e+00
-2.271700e-02 3.941820e-01 2.584712e+00
-2.583650e-01 4.391520e-01 2.640475e+00
-1.152520e-01 2.295770e-01 2.754641e+00
-2.922950e-01 6.942000e-02 2.729150e+00
-3.227200e-02 9.228000e-02 2.503562e+00
-7.644800e-02 5.581300e-02 2.712757e+00
-4.086770e-01 5.935300e-02 2.745933e+00
-2.482500e-02 5.430490e-01 2.337797e+00
-4.028330e-01 -2.493250e-01 2.687488e+00
-2.071880e-01 7.712770e-01 2.222095e+00
-3.841190e-01 -3.254770e-01 2.662034e+00
-2.566310e-01 8.372530e-01 2.221910e+00
-3.018320e-01 -5.049150e-01 2.686820e+00
-4.905600e-02 -4.853900e-01 2.659915e+00
7.521400e-02 -6.146760e-01 2.451123e+00
-3.669650e-01 -7.919640e-01 2.781201e+00
3.107000e-02 -8.264440e-01 2.479124e+00
-2.320150e-01 -9.539870e-01 2.725383e+00
-1.854050e-01 6.536680e-01 2.660942e+00
-3.405790e-01 3.259790e-01 2.838993e+00
-1.148100e-02 3.887360e-01 2.588609e+00
-2.464470e-01 4.449230e-01 2.638395e+00
-1.184290e-01 2.253100e-01 2.751614e+00
-2.957010e-01 7.268200e-02 2.724216e+00
-2.698200e-02 9.198000e-02 2.508710e+00
-7.954100e-02 5.674300e-02 2.716170e+00
-4.060000e-01 6.376400e-02 2.739731e+00
-1.721000e-03 5.368960e-01 2.341945e+00
-4.053740e-01 -2.462880e-01 2.691665e+00
-1.271370e-01 7.835810e-01 2.194093e+00
-3.967640e-01 -3.233230e-01 2.663577e+00
-1.662050e-01 8.548170e-01 2.180075e+00
-3.053190e-01 -5.025130e-01 2.683131e+00
-7.308600e-02 -4.872250e-01 2.665245e+00
7.558600e-02 -6.098480e-01 2.452578e+00
-3.737070e-01 -8.135970e-01 2.778702e+00
3.168700e-02 -8.218980e-01 2.478772e+00
-2.704400e-01 -9.542250e-01 2.647790e+00
-1.943410e-01 6.612670e-01 2.654536e+00
-3.579270e-01 3.268820e-01 2.823645e+00
-2.278800e-02 3.613510e-01 2.579942e+00
-2.581280e-01 4.197470e-01 2.612306e+00
-1.314970e-01 2.193900e-01 2.758110e+00
-3.034760e-01 4.470100e-02 2.728125e+00
-2.868600e-02 7.227800e-02 2.521353e+00
-8.684100e-02 3.416300e-02 2.726802e+00
-4.077780e-01 5.542800e-02 2.743036e+00
3.569100e-02 5.306540e-01 2.355027e+00
-4.049330e-01 -2.539560e-01 2.693481e+00
-4.049700e-02 7.765560e-01 2.176392e+00
-3.987340e-01 -3.265930e-01 2.654972e+00
-7.336500e-02 8.490880e-01 2.155035e+00
-3.010000e-01 -5.278990e-01 2.698567e+00
-6.014700e-02 -5.088970e-01 2.670606e+00
8.153300e-02 -6.063050e-01 2.459225e+00
-3.773610e-01 -8.174920e-01 2.788541e+00
5.236800e-02 -8.211610e-01 2.482995e+00
-2.492510e-01 -9.776020e-01 2.714170e+00
-1.946590e-01 6.673780e-01 2.656653e+00
-3.593750e-01 3.395340e-01 2.799423e+00
-7.559000e-03 3.618210e-01 2.579893e+00
-2.449340e-01 4.182620e-01 2.589773e+00
-1.273180e-01 2.315500e-01 2.759307e+00
-3.108270e-01 4.207800e-02 2.711671e+00
-1.351900e-02 6.276400e-02 2.537874e+00
-9.559400e-02 3.110000e-02 2.736129e+00
-4.106670e-01 6.231600e-02 2.742389e+00
7.917900e-02 5.204670e-01 2.356193e+00
-4.182890e-01 -2.481460e-01 2.699809e+00
1.044720e-01 7.534740e-01 2.148046e+00
-4.068040e-01 -3.286030e-01 2.685943e+00
1.096060e-01 8.283490e-01 2.113915e+00
-3.031900e-01 -5.317090e-01 2.702291e+00
-6.008800e-02 -5.186680e-01 2.679302e+00
7.975100e-02 -6.161170e-01 2.465658e+00
-3.896310e-01 -8.203180e-01 2.780163e+00
4.908900e-02 -8.304040e-01 2.492474e+00
-2.589700e-01 -9.837040e-01 2.718426e+00
-1.755280e-01 6.655900e-01 2.678911e+00
-3.552430e-01 3.410240e-01 2.791298e+00
8.792000e-03 3.710290e-01 2.587379e+00
-2.309070e-01 4.293990e-01 2.591352e+00
-1.226460e-01 2.326300e-01 2.755665e+00
-3.019490e-01 5.018300e-02 2.715834e+00
-6.546000e-03 6.470700e-02 2.538208e+00
-8.665500e-02 3.545200e-02 2.737634e+00
-4.089260e-01 6.027400e-02 2.742419e+00
1.178750e-01 5.016680e-01 2.352589e+00
-4.251420e-01 -2.527090e-01 2.701802e+00
2.083190e-01 7.137350e-01 2.136445e+00
-4.174460e-01 -3.297080e-01 2.673354e+00
2.245100e-01 7.837490e-01 2.096031e+00
-3.025870e-01 -5.254740e-01 2.699361e+00
-5.933200e-02 -5.169680e-01 2.674645e+00
8.059000e-02 -6.157520e-01 2.465290e+00
-4.016600e-01 -7.981800e-01 2.790812e+00
4.545800e-02 -8.295770e-01 2.490248e+00
-2.769420e-01 -9.702740e-01 2.741742e+00
-1.671860e-01 6.654320e-01 2.685980e+00
-3.573070e-01 3.287660e-01 2.788554e+00
1.127700e-02 3.782170e-01 2.589956e+00
-2.339130e-01 4.241850e-01 2.591280e+00
-1.189880e-01 2.322540e-01 2.756783e+00
-3.072310e-01 5.550900e-02 2.710705e+00
-5.210000e-03 6.558700e-02 2.544252e+00
-9.307200e-02 3.885700e-02 2.740746e+00
-4.145480e-01 4.854500e-02 2.740323e+00
1.625620e-01 4.663490e-01 2.358715e+00
-4.231310e-01 -2.624120e-01 2.684246e+00
3.108070e-01 6.266600e-01 2.130163e+00
-4.147180e-01 -3.381960e-01 2.652887e+00
3.663640e-01 6.795200e-01 2.099887e+00
-3.035730e-01 -5.215350e-01 2.702781e+00
-5.227900e-02 -5.139950e-01 2.678287e+00
7.751500e-02 -6.139620e-01 2.466152e+00
-4.052480e-01 -7.945110e-01 2.758832e+00
4.281500e-02 -8.275410e-01 2.493692e+00
-2.729580e-01 -9.667630e-01 2.738656e+00
-1.667140e-01 6.631540e-01 2.680927e+00
-3.546070e-01 3.320470e-01 2.775983e+00
3.095300e-02 3.798350e-01 2.606171e+00
-2.153440e-01 4.279960e-01 2.589845e+00
-1.154540e-01 2.334200e-01 2.761889e+00
-2.987270e-01 6.271400e-02 2.706737e+00
1.423600e-02 4.997700e-02 2.562111e+00
-8.900800e-02 3.071900e-02 2.751884e+00
-4.154810e-01 5.014700e-02 2.737870e+00
2.146110e-01 3.666330e-01 2.380958e+00
-4.295060e-01 -2.624480e-01 2.686957e+00
4.331170e-01 4.345100e-01 2.161522e+00
-4.065930e-01 -3.330270e-01 2.651027e+00
5.048040e-01 4.675550e-01 2.137722e+00
-3.024210e-01 -5.206850e-01 2.699826e+00
-5.784700e-02 -5.246110e-01 2.683641e+00
8.094800e-02 -6.136440e-01 2.467122e+00
-4.178200e-01 -7.953420e-01 2.766637e+00
4.461200e-02 -8.272100e-01 2.492576e+00
-2.913560e-01 -9.712530e-01 2.741323e+00
-1.663900e-01 6.658580e-01 2.671522e+00
-3.543220e-01 3.445020e-01 2.766185e+00
4.168500e-02 3.719900e-01 2.617192e+00
-2.014390e-01 4.274050e-01 2.584520e+00
-1.183790e-01 2.375700e-01 2.770263e+00
-2.977090e-01 7.368400e-02 2.701409e+00
2.226400e-02 4.390000e-02 2.575890e+00
-9.288700e-02 3.196800e-02 2.759306e+00
-4.131320e-01 6.098900e-02 2.728601e+00
2.293720e-01 2.872500e-01 2.410205e+00
-4.323690e-01 -2.536840e-01 2.685498e+00
4.776300e-01 2.828540e-01 2.211218e+00
-4.099770e-01 -3.330280e-01 2.684736e+00
5.567530e-01 2.881240e-01 2.188655e+00
-3.006440e-01 -5.152050e-01 2.697973e+00
-6.050200e-02 -5.265150e-01 2.685730e+00
8.299900e-02 -6.137660e-01 2.468042e+00
-4.080110e-01 -8.148280e-01 2.762393e+00
4.433200e-02 -8.267590e-01 2.494826e+00
-2.784820e-01 -9.836780e-01 2.714535e+00
-1.640280e-01 6.634780e-01 2.675648e+00
-3.582910e-01 3.488500e-01 2.764319e+00
4.216300e-02 3.649560e-01 2.625925e+00
-1.984100e-01 4.267520e-01 2.586507e+00
-1.255240e-01 2.356170e-01 2.775165e+00
-3.080930e-01 7.182800e-02 2.699107e+00
1.579400e-02 4.585200e-02 2.583145e+00
-1.043480e-01 3.437000e-02 2.763362e+00
-4.223530e-01 6.543100e-02 2.735463e+00
2.268120e-01 2.166100e-01 2.455161e+00
-4.308250e-01 -2.476030e-01 2.678903e+00
4.616440e-01 1.222250e-01 2.262270e+00
-4.020540e-01 -3.248360e-01 2.676730e+00
5.422550e-01 1.293140e-01 2.278054e+00
-2.994200e-01 -5.182300e-01 2.695907e+00
-5.913600e-02 -5.269760e-01 2.685377e+00
8.791300e-02 -6.148790e-01 2.471417e+00
-4.148500e-01 -7.983160e-01 2.783389e+00
5.009800e-02 -8.280560e-01 2.497950e+00
-2.907400e-01 -9.740340e-01 2.747356e+00
-1.936320e-01 6.763310e-01 2.629317e+00
-3.689510e-01 3.477160e-01 2.771394e+00
2.949600e-02 3.645090e-01 2.627399e+00
-2.114760e-01 4.272780e-01 2.592174e+00
-1.363190e-01 2.338550e-01 2.777582e+00
-3.262560e-01 6.288600e-02 2.704389e+00
-1.569000e-03 5.496200e-02 2.588027e+00
-1.209140e-01 3.381000e-02 2.767896e+00
-4.182870e-01 6.443800e-02 2.726460e+00
1.826610e-01 1.386020e-01 2.526376e+00
-4.274600e-01 -2.471140e-01 2.667779e+00
3.848010e-01 -7.217000e-02 2.402655e+00
-4.004970e-01 -3.240480e-01 2.680086e+00
4.576830e-01 -1.059050e-01 2.384010e+00
-2.955470e-01 -5.244220e-01 2.695751e+00
-5.796400e-02 -5.219740e-01 2.688821e+00
8.959900e-02 -6.317880e-01 2.472369e+00
-3.986100e-01 -8.154110e-01 2.776105e+00
4.869700e-02 -8.437380e-01 2.503721e+00
-2.656560e-01 -9.827350e-01 2.732470e+00
-1.913710e-01 6.736430e-01 2.622264e+00
-3.747550e-01 3.459800e-01 2.770476e+00
2.626300e-02 3.669840e-01 2.634388e+00
-2.139250e-01 4.315350e-01 2.597092e+00
-1.424660e-01 2.314270e-01 2.776779e+00
-3.320590e-01 5.983200e-02 2.700934e+00
-6.815000e-03 6.009700e-02 2.585863e+00
-1.262740e-01 3.642700e-02 2.765343e+00
-4.174320e-01 6.061900e-02 2.721387e+00
1.439180e-01 1.054190e-01 2.576051e+00
-4.232970e-01 -2.502830e-01 2.650387e+00
3.084330e-01 -1.523790e-01 2.485440e+00
-3.945920e-01 -3.202860e-01 2.683143e+00
3.691240e-01 -2.059980e-01 2.469983e+00
-2.979950e-01 -5.247910e-01 2.697609e+00
-5.059300e-02 -5.180390e-01 2.688783e+00
8.767800e-02 -6.308500e-01 2.474513e+00
-4.085030e-01 -7.908040e-01 2.774008e+00
4.820300e-02 -8.428880e-01 2.507073e+00
-2.787850e-01 -9.655610e-01 2.759459e+00
-1.890020e-01 6.697910e-01 2.623583e+00
-3.753540e-01 3.460680e-01 2.775042e+00
2.603000e-02 3.591010e-01 2.639041e+00
-2.121740e-01 4.317150e-01 2.603914e+00
-1.465350e-01 2.246020e-01 2.777789e+00
-3.399050e-01 6.025100e-02 2.688182e+00
-8.455000e-03 6.447600e-02 2.592536e+00
-1.379740e-01 4.057800e-02 2.764867e+00
-4.195600e-01 6.030600e-02 2.719913e+00
1.100090e-01 7.893400e-02 2.605763e+00
-4.181150e-01 -2.531500e-01 2.651677e+00
2.277800e-01 -2.150640e-01 2.554695e+00
-3.942970e-01 -3.319110e-01 2.656864e+00
2.628910e-01 -2.896570e-01 2.555402e+00
-2.984580e-01 -5.230550e-01 2.697181e+00
-3.350500e-02 -5.145290e-01 2.679368e+00
8.549100e-02 -6.366470e-01 2.474821e+00
-4.021710e-01 -7.732780e-01 2.762427e+00
4.435700e-02 -8.476770e-01 2.511599e+00
-2.769980e-01 -9.519100e-01 2.761537e+00
-1.853420e-01 6.633020e-01 2.605617e+00
-3.763740e-01 3.564440e-01 2.786628e+00
2.250300e-02 3.591180e-01 2.642870e+00
-2.128830e-01 4.436870e-01 2.616607e+00
-1.531500e-01 2.252140e-01 2.778280e+00
-3.530020e-01 5.292500e-02 2.697506e+00
-2.901500e-02 7.778500e-02 2.581579e+00
-1.458690e-01 4.528100e-02 2.761392e+00
-4.208620e-01 7.196900e-02 2.713164e+00
6.930000e-02 6.570300e-02 2.647357e+00
-4.205700e-01 -2.453170e-01 2.648350e+00
1.118120e-01 -2.550240e-01 2.633283e+00
-3.802130e-01 -3.171420e-01 2.651488e+00
1.260020e-01 -3.358900e-01 2.625756e+00
-2.952990e-01 -5.257290e-01 2.696629e+00
-5.305100e-02 -5.065550e-01 2.684906e+00
8.847600e-02 -6.356370e-01 2.472128e+00
-3.854940e-01 -8.095030e-01 2.771323e+00
4.970700e-02 -8.470370e-01 2.509348e+00
-2.459950e-01 -9.730920e-01 2.734484e+00
-1.860790e-01 6.602930e-01 2.594814e+00
-3.812780e-01 3.536930e-01 2.781167e+00
2.088100e-02 3.587710e-01 2.646935e+00
-2.144270e-01 4.414780e-01 2.614726e+00
-1.569590e-01 2.240980e-01 2.778678e+00
-3.536770e-01 5.818500e-02 2.687678e+00
-2.389600e-02 7.575900e-02 2.587876e+00
-1.501660e-01 4.568800e-02 2.761644e+00
-4.170260e-01 6.776000e-02 2.708329e+00
5.597600e-02 6.364900e-02 2.650352e+00
-4.212370e-01 -2.488790e-01 2.640222e+00
5.333300e-02 -2.601530e-01 2.642470e+00
-3.737560e-01 -3.139630e-01 2.622698e+00
2.557000e-02 -3.371620e-01 2.632657e+00
-2.931250e-01 -5.226270e-01 2.693820e+00
-5.212000e-02 -5.067620e-01 2.684665e+00
9.076400e-02 -6.355630e-01 2.471022e+00
-3.930940e-01 -7.999860e-01 2.771385e+00
5.153900e-02 -8.464960e-01 2.510358e+00
-2.560360e-01 -9.674540e-01 2.744026e+00
-1.838620e-01 6.601640e-01 2.593492e+00
-3.818100e-01 3.576270e-01 2.783386e+00
2.166700e-02 3.655060e-01 2.653308e+00
-2.135970e-01 4.477300e-01 2.619576e+00
-1.570160e-01 2.288440e-01 2.781823e+00
-3.581910e-01 6.271800e-02 2.691173e+00
-2.866400e-02 8.114400e-02 2.590688e+00
-1.544930e-01 4.920400e-02 2.764442e+00
-4.219380e-01 7.478100e-02 2.706341e+00
5.253400e-02 7.123800e-02 2.652025e+00
-4.196800e-01 -2.396780e-01 2.635022e+00
4.066800e-02 -2.507580e-01 2.639622e+00
-3.812950e-01 -3.123420e-01 2.628402e+00
1.215700e-02 -3.281110e-01 2.640628e+00
-2.949140e-01 -5.188040e-01 2.687342e+00
-6.068800e-02 -5.027120e-01 2.682220e+00
9.193200e-02 -6.352190e-01 2.471561e+00
-3.860610e-01 -8.148330e-01 2.762700e+00
4.937400e-02 -8.458670e-01 2.508910e+00
-2.457960e-01 -9.740690e-01 2.712223e+00
-1.875950e-01 6.586120e-01 2.593024e+00
-3.835070e-01 3.561990e-01 2.784926e+00
1.934100e-02 3.675780e-01 2.653167e+00
-2.168280e-01 4.474930e-01 2.620211e+00
-1.575120e-01 2.295430e-01 2.782741e+00
-3.550400e-01 6.850700e-02 2.690578e+00
-2.267100e-02 7.759900e-02 2.598528e+00
-1.538110e-01 4.649900e-02 2.768466e+00
-4.178230e-01 7.548100e-02 2.700508e+00
5.847700e-02 7.505000e-02 2.654529e+00
-4.221000e-01 -2.391900e-01 2.634063e+00
5.677100e-02 -2.463590e-01 2.642527e+00
-3.854610e-01 -3.114770e-01 2.618910e+00
1.852900e-02 -3.186580e-01 2.632139e+00
-2.959650e-01 -5.147160e-01 2.690391e+00
-4.168900e-02 -5.017110e-01 2.674470e+00
8.076500e-02 -6.647580e-01 2.477492e+00
-3.856200e-01 -7.885650e-01 2.770335e+00
2.451800e-02 -8.705370e-01 2.522987e+00
-2.504830e-01 -9.582460e-01 2.747429e+00
-1.837580e-01 6.599660e-01 2.599784e+00
-3.829080e-01 3.589840e-01 2.781619e+00
2.125900e-02 3.671140e-01 2.653718e+00
-2.143220e-01 4.471950e-01 2.617163e+00
-1.572950e-01 2.316470e-01 2.783669e+00
-3.561430e-01 6.321300e-02 2.693349e+00
-2.606000e-02 8.116200e-02 2.594616e+00
-1.528670e-01 4.665000e-02 2.767164e+00
-4.214150e-01 7.643200e-02 2.705077e+00
5.595800e-02 7.390300e-02 2.653577e+00
-4.219500e-01 -2.364050e-01 2.629795e+00
5.134600e-02 -2.475500e-01 2.640095e+00
-3.894640e-01 -3.116970e-01 2.638356e+00
2.177000e-02 -3.245090e-01 2.640076e+00
-3.008780e-01 -5.168980e-01 2.691007e+00
-5.502200e-02 -5.019050e-01 2.680271e+00
7.240600e-02 -6.788570e-01 2.480788e+00
-3.936420e-01 -7.985500e-01 2.764550e+00
1.014900e-02 -8.826760e-01 2.527267e+00
-2.561380e-01 -9.647340e-01 2.732083e+00
-1.845050e-01 6.580620e-01 2.590323e+00
