-3.964000e-01 2.883220e-01 2.671704e+00
-5.318500e-02 3.145650e-01 2.648465e+00
-2.095530e-01 1.672690e-01 2.733639e+00
-3.733900e-02 -4.284200e-02 2.582042e+00
-4.497250e-01 2.402800e-02 2.664155e+00
-4.127490e-01 -2.565890e-01 2.632526e+00
-3.904510e-01 -3.173670e-01 2.622670e+00
-2.921380e-01 -5.468090e-01 2.704984e+00
-2.891620e-01 -9.499130e-01 2.761090e+00
-2.958850e-01 -9.717060e-01 2.604871e+00
-2.283880e-01 5.655820e-01 2.555891e+00
-4.934200e-02 3.127190e-01 2.648024e+00
-2.082730e-01 1.690300e-01 2.734606e+00
-3.910600e-02 -4.234600e-02 2.581926e+00
-4.486750e-01 2.984300e-02 2.668644e+00
-4.180600e-01 -2.498700e-01 2.627875e+00
-4.000430e-01 -3.128250e-01 2.628380e+00
-2.942820e-01 -5.442290e-01 2.705695e+00
-2.905880e-01 -9.488350e-01 2.749626e+00
-2.974510e-01 -9.659220e-01 2.592829e+00
-2.277840e-01 5.647930e-01 2.551341e+00
-5.352800e-02 3.041170e-01 2.647532e+00
-2.154260e-01 1.642930e-01 2.734940e+00
-4.153000e-02 -4.169800e-02 2.574856e+00
-4.490920e-01 3.151300e-02 2.669756e+00
-4.170090e-01 -2.494260e-01 2.637072e+00
-4.025910e-01 -3.129480e-01 2.630345e+00
-2.928270e-01 -5.453530e-01 2.704641e+00
-2.896970e-01 -9.498350e-01 2.749737e+00
-3.019860e-01 -9.673690e-01 2.593320e+00
-2.274560e-01 5.513120e-01 2.538824e+00
-5.126200e-02 3.142840e-01 2.647676e+00
-2.086890e-01 1.696450e-01 2.735414e+00
-4.551300e-02 -3.813100e-02 2.573049e+00
-4.475120e-01 3.171000e-02 2.666137e+00
-4.201120e-01 -2.508620e-01 2.639532e+00
-4.069310e-01 -3.146370e-01 2.632654e+00
-2.982110e-01 -5.422500e-01 2.704210e+00
-2.918240e-01 -9.468160e-01 2.748196e+00
-3.069810e-01 -9.640370e-01 2.591996e+00
-2.267410e-01 5.587430e-01 2.543164e+00
-5.647000e-02 3.067590e-01 2.652941e+00
-2.192350e-01 1.641780e-01 2.734059e+00
-4.584100e-02 -3.878400e-02 2.568588e+00
-4.466310e-01 2.940500e-02 2.661410e+00
-4.195200e-01 -2.524740e-01 2.630206e+00
-4.047110e-01 -3.152050e-01 2.641776e+00
-2.961340e-01 -5.441820e-01 2.703696e+00
-2.907990e-01 -9.486600e-01 2.748617e+00
-3.107070e-01 -9.662070e-01 2.592988e+00
-2.294740e-01 5.487540e-01 2.535254e+00
-5.218800e-02 3.083930e-01 2.648452e+00
-2.147860e-01 1.681710e-01 2.733901e+00
-4.444100e-02 -4.214800e-02 2.574533e+00
-4.479740e-01 2.989800e-02 2.661994e+00
-4.190150e-01 -2.519890e-01 2.630480e+00
-4.027440e-01 -3.153500e-01 2.633471e+00
-2.960400e-01 -5.451600e-01 2.703781e+00
-2.906100e-01 -9.488420e-01 2.755361e+00
-3.056300e-01 -9.689600e-01 2.599495e+00
-2.287860e-01 5.552500e-01 2.536121e+00
-5.684700e-02 3.063990e-01 2.639978e+00
-2.160440e-01 1.676510e-01 2.733823e+00
-4.747500e-02 -4.535200e-02 2.570599e+00
-4.495920e-01 3.204000e-02 2.662783e+00
-4.168070e-01 -2.495900e-01 2.631125e+00
-4.010960e-01 -3.131260e-01 2.628979e+00
-2.939220e-01 -5.473550e-01 2.706054e+00
-2.880130e-01 -9.510800e-01 2.757244e+00
-3.072370e-01 -9.710680e-01 2.601824e+00
-2.291020e-01 5.604540e-01 2.544961e+00
-5.390800e-02 3.111900e-01 2.647215e+00
-2.147400e-01 1.704770e-01 2.735161e+00
-4.340100e-02 -4.564700e-02 2.574951e+00
-4.475490e-01 2.979400e-02 2.664889e+00
-4.174130e-01 -2.514250e-01 2.629452e+00
-4.053940e-01 -3.157230e-01 2.632526e+00
-2.946500e-01 -5.457160e-01 2.704146e+00
-2.903630e-01 -9.502520e-01 2.748655e+00
-3.038740e-01 -9.675970e-01 2.592319e+00
-2.268990e-01 5.558890e-01 2.534152e+00
-5.566700e-02 3.099550e-01 2.648818e+00
-2.174750e-01 1.683140e-01 2.733420e+00
-4.695300e-02 -4.100100e-02 2.571516e+00
-4.476170e-01 3.123900e-02 2.661039e+00
-4.205730e-01 -2.517800e-01 2.631807e+00
-4.093040e-01 -3.162560e-01 2.633839e+00
-2.957850e-01 -5.435480e-01 2.700611e+00
-2.874980e-01 -9.468920e-01 2.754411e+00
-3.041400e-01 -9.679850e-01 2.598840e+00
-2.328070e-01 5.506100e-01 2.529757e+00
-5.391800e-02 3.117020e-01 2.652119e+00
-2.137090e-01 1.654220e-01 2.732560e+00
-4.419800e-02 -3.788700e-02 2.574151e+00
-4.513220e-01 2.829600e-02 2.662601e+00
-4.170970e-01 -2.552960e-01 2.630903e+00
-3.973060e-01 -3.172430e-01 2.623211e+00
-2.978230e-01 -5.458380e-01 2.704530e+00
-2.870220e-01 -9.489460e-01 2.759640e+00
-2.992700e-01 -9.705880e-01 2.603736e+00
-2.349530e-01 5.434900e-01 2.526560e+00
-6.049600e-02 3.233720e-01 2.656809e+00
-2.157650e-01 1.694920e-01 2.731737e+00
-3.363200e-02 -2.964500e-02 2.578728e+00
-4.459930e-01 2.295200e-02 2.666677e+00
-4.156400e-01 -2.596750e-01 2.630238e+00
-4.053570e-01 -3.229490e-01 2.643615e+00
-2.984290e-01 -5.433450e-01 2.702802e+00
-2.868710e-01 -9.465450e-01 2.757071e+00
-2.930200e-01 -9.677610e-01 2.600749e+00
-2.350930e-01 5.537820e-01 2.535648e+00
-6.579000e-02 3.277880e-01 2.657701e+00
-2.198080e-01 1.737680e-01 2.734890e+00
-3.235700e-02 -2.898400e-02 2.588035e+00
-4.476200e-01 2.770100e-02 2.656528e+00
-4.129340e-01 -2.530190e-01 2.632084e+00
-3.860670e-01 -3.067380e-01 2.605995e+00
-2.955050e-01 -5.390410e-01 2.699191e+00
-2.901960e-01 -9.428160e-01 2.750050e+00
-2.883660e-01 -9.625210e-01 2.593421e+00
-2.472650e-01 5.629830e-01 2.544770e+00
-6.986600e-02 3.218310e-01 2.668106e+00
-2.256500e-01 1.652030e-01 2.735935e+00
-3.314700e-02 -3.126700e-02 2.583085e+00
-4.490880e-01 2.940600e-02 2.656513e+00
-4.136900e-01 -2.466210e-01 2.627294e+00
-3.990080e-01 -3.100360e-01 2.620142e+00
-2.958010e-01 -5.410090e-01 2.698265e+00
-2.900750e-01 -9.444700e-01 2.751517e+00
-2.928660e-01 -9.651640e-01 2.595029e+00
-2.448150e-01 5.525100e-01 2.549629e+00
-4.203900e-02 3.208490e-01 2.674173e+00
-2.072900e-01 1.717580e-01 2.736348e+00
-2.360700e-02 -3.030600e-02 2.596742e+00
-4.490810e-01 4.630000e-02 2.661668e+00
-4.172390e-01 -2.283390e-01 2.629574e+00
-4.024670e-01 -2.914020e-01 2.619925e+00
-2.940670e-01 -5.334030e-01 2.692362e+00
-2.880700e-01 -9.355420e-01 2.754788e+00
-2.801450e-01 -9.596140e-01 2.598961e+00
-2.428540e-01 5.646230e-01 2.556709e+00
-4.402800e-02 3.026400e-01 2.636200e+00
-2.003790e-01 1.676710e-01 2.732666e+00
-2.146400e-02 -4.991000e-02 2.565231e+00
-4.521080e-01 4.774000e-02 2.673956e+00
-4.173150e-01 -2.241460e-01 2.630836e+00
-4.017430e-01 -2.872810e-01 2.623112e+00
-2.943570e-01 -5.418670e-01 2.694759e+00
-2.923710e-01 -9.441080e-01 2.756783e+00
-3.094140e-01 -9.681090e-01 2.601676e+00
-2.396630e-01 5.633260e-01 2.552770e+00
-6.332600e-02 3.329670e-01 2.601895e+00
-1.882140e-01 1.878290e-01 2.719750e+00
-2.810600e-02 -4.636300e-02 2.536163e+00
-4.493260e-01 4.727800e-02 2.676790e+00
-4.131630e-01 -2.221830e-01 2.631283e+00
-4.014280e-01 -2.861360e-01 2.623500e+00
-2.934570e-01 -5.397610e-01 2.692744e+00
-2.924090e-01 -9.424320e-01 2.751943e+00
-3.347230e-01 -9.646630e-01 2.601477e+00
-2.470290e-01 5.912310e-01 2.567508e+00
-8.228900e-02 3.491990e-01 2.588946e+00
-1.776490e-01 1.967080e-01 2.718170e+00
-3.996100e-02 -2.976000e-02 2.505465e+00
-4.511920e-01 5.251600e-02 2.689358e+00
-4.104960e-01 -2.117620e-01 2.640957e+00
-4.013410e-01 -2.751410e-01 2.627263e+00
-2.938560e-01 -5.256880e-01 2.687098e+00
-2.902680e-01 -9.277080e-01 2.750473e+00
-3.541520e-01 -9.507450e-01 2.607950e+00
-2.420210e-01 5.930140e-01 2.562105e+00
-9.823700e-02 3.398490e-01 2.586947e+00
-1.854390e-01 1.836650e-01 2.715845e+00
-4.460700e-02 -2.967100e-02 2.495615e+00
-4.519050e-01 3.195500e-02 2.695897e+00
-4.033940e-01 -2.274690e-01 2.631081e+00
-3.955340e-01 -2.924340e-01 2.628632e+00
-2.913940e-01 -5.307270e-01 2.689276e+00
-2.949150e-01 -9.329720e-01 2.751209e+00
-3.609700e-01 -9.542270e-01 2.609402e+00
-2.339860e-01 5.772460e-01 2.551383e+00
-1.025110e-01 3.317120e-01 2.586555e+00
-1.919770e-01 1.770870e-01 2.715281e+00
-3.881100e-02 -3.862700e-02 2.500698e+00
-4.527740e-01 1.965900e-02 2.700986e+00
-4.023470e-01 -2.386120e-01 2.633009e+00
-3.970710e-01 -3.036220e-01 2.627171e+00
-2.935150e-01 -5.403210e-01 2.690072e+00
-2.912340e-01 -9.421440e-01 2.754741e+00
-3.522820e-01 -9.656160e-01 2.611051e+00
-2.336260e-01 5.733890e-01 2.553116e+00
-1.187060e-01 2.969870e-01 2.581374e+00
-1.969280e-01 1.442910e-01 2.718008e+00
-4.723500e-02 -5.370900e-02 2.479252e+00
-4.437940e-01 -2.860000e-04 2.673814e+00
-3.974770e-01 -2.640550e-01 2.627286e+00
-3.838600e-01 -3.275070e-01 2.618525e+00
-2.937670e-01 -5.567920e-01 2.692531e+00
-2.895450e-01 -9.576320e-01 2.762948e+00
-3.675940e-01 -9.821740e-01 2.627927e+00
-2.205630e-01 5.317740e-01 2.543491e+00
-1.242000e-01 2.677060e-01 2.576416e+00
-3.364020e-01 3.030720e-01 2.523877e+00
-2.067820e-01 1.275440e-01 2.721688e+00
-3.429200e-01 -7.131000e-02 2.656898e+00
-4.546400e-02 -7.507000e-02 2.486150e+00
-1.370180e-01 -7.607100e-02 2.671189e+00
-4.474050e-01 -3.100000e-03 2.668540e+00
-4.079000e-02 4.867440e-01 2.469916e+00
-3.848870e-01 -2.624610e-01 2.616410e+00
-1.179430e-01 6.873370e-01 2.303470e+00
-3.839850e-01 -3.278500e-01 2.612981e+00
-1.507420e-01 7.392870e-01 2.280808e+00
-2.933330e-01 -5.732740e-01 2.699875e+00
-8.379400e-02 -5.639320e-01 2.670086e+00
-2.892050e-01 -9.756080e-01 2.761187e+00
-7.091100e-02 -9.624870e-01 2.751556e+00
-3.697970e-01 -9.968680e-01 2.627107e+00
-1.478510e-01 -9.924790e-01 2.617000e+00
-2.116710e-01 5.238520e-01 2.559466e+00
-4.134020e-01 2.374050e-01 2.723290e+00
-1.224070e-01 2.633350e-01 2.576304e+00
-3.316920e-01 2.946430e-01 2.511344e+00
-2.110760e-01 1.257940e-01 2.720347e+00
-3.454470e-01 -7.249300e-02 2.649298e+00
-3.912700e-02 -8.238300e-02 2.495288e+00
-1.407900e-01 -8.137000e-02 2.674972e+00
-4.418280e-01 -8.414000e-03 2.652229e+00
-4.697500e-02 4.803490e-01 2.460115e+00
-3.857250e-01 -2.708570e-01 2.608878e+00
-1.209920e-01 6.769980e-01 2.287623e+00
-3.795760e-01 -3.360380e-01 2.607524e+00
-1.585810e-01 7.240880e-01 2.261973e+00
-2.938580e-01 -5.765310e-01 2.697525e+00
-8.378000e-02 -5.703330e-01 2.672007e+00
-2.887060e-01 -9.789240e-01 2.758370e+00
-6.959600e-02 -9.707780e-01 2.743366e+00
-3.618230e-01 -1.000759e+00 2.620161e+00
-1.397430e-01 -9.979950e-01 2.604574e+00
-2.128010e-01 5.259090e-01 2.567548e+00
-4.201020e-01 2.546290e-01 2.713059e+00
-1.166660e-01 2.943230e-01 2.587084e+00
-3.251270e-01 3.257180e-01 2.511070e+00
-2.158880e-01 1.465710e-01 2.717744e+00
-3.502010e-01 -6.193400e-02 2.635619e+00
-3.392400e-02 -6.462400e-02 2.502914e+00
-1.476400e-01 -6.684700e-02 2.675211e+00
-4.438950e-01 5.138000e-03 2.654040e+00
-1.233900e-02 4.899480e-01 2.456157e+00
-3.995060e-01 -2.601240e-01 2.614285e+00
-5.714900e-02 6.920020e-01 2.279859e+00
-3.854990e-01 -3.235720e-01 2.606138e+00
-1.018650e-01 7.298650e-01 2.250617e+00
-2.924130e-01 -5.627500e-01 2.695284e+00
-8.735000e-02 -5.567810e-01 2.668801e+00
-2.916480e-01 -9.656630e-01 2.752814e+00
-7.271000e-02 -9.571910e-01 2.740261e+00
-3.537680e-01 -9.862950e-01 2.609148e+00
-1.326280e-01 -9.849730e-01 2.596865e+00
-2.165190e-01 5.456410e-01 2.561539e+00
-4.076530e-01 3.068110e-01 2.679765e+00
-8.762400e-02 3.329960e-01 2.596552e+00
-2.828510e-01 3.740050e-01 2.493262e+00
-2.110540e-01 1.895340e-01 2.711337e+00
-3.594300e-01 -3.418600e-02 2.612363e+00
-2.811100e-02 -4.503500e-02 2.524281e+00
-1.643150e-01 -4.185500e-02 2.679396e+00
-4.515940e-01 5.419000e-02 2.656247e+00
3.064000e-02 5.129180e-01 2.455332e+00
-4.165090e-01 -2.137850e-01 2.626590e+00
7.402000e-02 7.272920e-01 2.293829e+00
-4.029200e-01 -2.772580e-01 2.617942e+00
6.239900e-02 7.917020e-01 2.291687e+00
-2.929480e-01 -5.382490e-01 2.686284e+00
-9.510100e-02 -5.404620e-01 2.659620e+00
-2.965300e-01 -9.404430e-01 2.748544e+00
-7.107000e-02 -9.383620e-01 2.741761e+00
-3.379060e-01 -9.633910e-01 2.597926e+00
-1.119940e-01 -9.715560e-01 2.592940e+00
-2.358870e-01 5.972370e-01 2.560155e+00
-4.023560e-01 2.892230e-01 2.683875e+00
-8.394000e-02 3.316950e-01 2.592243e+00
-2.858390e-01 3.722820e-01 2.498406e+00
-2.012240e-01 1.768650e-01 2.701860e+00
-3.609450e-01 -3.419300e-02 2.616457e+00
-3.280400e-02 -3.978500e-02 2.516752e+00
-1.634900e-01 -3.870200e-02 2.676572e+00
-4.558420e-01 4.081900e-02 2.658644e+00
7.293800e-02 4.987790e-01 2.479661e+00
-4.181930e-01 -2.249110e-01 2.632841e+00
1.934590e-01 6.954040e-01 2.339988e+00
-4.044510e-01 -2.869010e-01 2.616821e+00
2.045970e-01 7.598900e-01 2.342391e+00
-2.991010e-01 -5.369050e-01 2.683595e+00
-9.731100e-02 -5.383890e-01 2.649132e+00
-2.952350e-01 -9.379720e-01 2.752728e+00
-7.201200e-02 -9.342190e-01 2.740390e+00
-3.425500e-01 -9.640000e-01 2.604376e+00
-1.172090e-01 -9.709390e-01 2.593647e+00
-2.553310e-01 5.845910e-01 2.558738e+00
-3.942050e-01 2.882220e-01 2.687119e+00
-7.752700e-02 3.496460e-01 2.588447e+00
-2.865340e-01 3.828010e-01 2.501820e+00
-1.875460e-01 1.852380e-01 2.696528e+00
-3.620840e-01 -1.445400e-02 2.619874e+00
-3.811900e-02 -3.284200e-02 2.508709e+00
-1.629020e-01 -2.559300e-02 2.673023e+00
-4.556750e-01 4.334000e-02 2.661600e+00
1.040870e-01 4.939270e-01 2.485509e+00
-4.165550e-01 -2.203720e-01 2.634709e+00
2.969260e-01 6.337890e-01 2.362832e+00
-4.017120e-01 -2.797470e-01 2.611415e+00
3.457760e-01 6.733800e-01 2.381118e+00
-3.015810e-01 -5.230610e-01 2.675579e+00
-1.019080e-01 -5.288560e-01 2.638336e+00
-2.958220e-01 -9.229670e-01 2.751019e+00
-7.819700e-02 -9.238860e-01 2.733405e+00
-3.494520e-01 -9.512380e-01 2.605248e+00
-1.295180e-01 -9.617250e-01 2.588979e+00
-2.770710e-01 5.875840e-01 2.558322e+00
-3.966830e-01 2.994430e-01 2.686465e+00
-7.581800e-02 3.431150e-01 2.595745e+00
-2.795440e-01 3.886280e-01 2.504261e+00
-1.964670e-01 1.848480e-01 2.699997e+00
-3.631120e-01 -2.344500e-02 2.613581e+00
-3.532100e-02 -3.231000e-02 2.512965e+00
-1.655880e-01 -3.125700e-02 2.673127e+00
-4.564600e-01 5.488300e-02 2.669182e+00
8.299500e-02 4.916990e-01 2.467750e+00
-4.190340e-01 -2.060830e-01 2.630501e+00
2.527350e-01 6.431860e-01 2.329042e+00
-4.025950e-01 -2.646750e-01 2.606314e+00
3.045050e-01 6.818440e-01 2.339704e+00
-2.966230e-01 -5.279600e-01 2.678517e+00
-9.896900e-02 -5.305350e-01 2.641535e+00
-2.959920e-01 -9.285250e-01 2.750606e+00
-7.938900e-02 -9.259300e-01 2.736029e+00
-3.432810e-01 -9.552760e-01 2.602375e+00
-1.250860e-01 -9.631920e-01 2.589578e+00
-2.611310e-01 5.928750e-01 2.560927e+00
-3.859480e-01 3.011430e-01 2.704637e+00
-7.384500e-02 3.517180e-01 2.590295e+00
-2.847400e-01 3.834350e-01 2.510063e+00
-1.804940e-01 1.955820e-01 2.711520e+00
-3.586110e-01 -1.806800e-02 2.624610e+00
-3.806500e-02 -2.491800e-02 2.502741e+00
-1.576140e-01 -2.617700e-02 2.671053e+00
-4.529240e-01 6.066100e-02 2.677437e+00
5.874000e-02 4.995150e-01 2.436559e+00
-4.194760e-01 -1.982330e-01 2.630964e+00
1.553020e-01 6.883210e-01 2.277397e+00
-4.112440e-01 -2.631560e-01 2.628623e+00
1.987370e-01 7.371230e-01 2.281862e+00
-2.930290e-01 -5.242990e-01 2.671101e+00
-9.598700e-02 -5.225890e-01 2.640683e+00
-2.939900e-01 -9.235930e-01 2.749922e+00
-7.138100e-02 -9.186520e-01 2.731113e+00
-3.510420e-01 -9.519690e-01 2.605477e+00
-1.266050e-01 -9.548260e-01 2.587703e+00
-2.511310e-01 5.953290e-01 2.556357e+00
-3.837630e-01 3.027920e-01 2.705029e+00
-7.165300e-02 3.423160e-01 2.590906e+00
-2.799600e-01 3.812260e-01 2.510230e+00
-1.820160e-01 1.903120e-01 2.711971e+00
-3.540760e-01 -1.810200e-02 2.624129e+00
-3.372000e-02 -3.162000e-02 2.502316e+00
-1.531380e-01 -2.709700e-02 2.670665e+00
-4.481740e-01 6.223100e-02 2.674655e+00
1.158000e-03 5.011830e-01 2.410903e+00
-4.088950e-01 -1.959610e-01 2.630282e+00
-1.310100e-02 7.106060e-01 2.249306e+00
-4.036850e-01 -2.609760e-01 2.624435e+00
-2.618700e-02 7.741720e-01 2.240569e+00
-2.900350e-01 -5.270060e-01 2.668273e+00
-8.817600e-02 -5.269670e-01 2.641466e+00
-2.876100e-01 -9.259150e-01 2.748986e+00
-6.988100e-02 -9.232210e-01 2.732553e+00
-3.454670e-01 -9.553840e-01 2.605081e+00
-1.255880e-01 -9.587530e-01 2.589170e+00
-2.477910e-01 5.926660e-01 2.574658e+00
-3.898000e-01 2.964660e-01 2.701930e+00
-7.663700e-02 3.250260e-01 2.593335e+00
-2.804560e-01 3.689230e-01 2.507849e+00
-1.915810e-01 1.782930e-01 2.714009e+00
-3.485640e-01 -2.359400e-02 2.620775e+00
-2.605300e-02 -4.014700e-02 2.505184e+00
-1.487880e-01 -3.677100e-02 2.671157e+00
-4.461650e-01 5.403000e-02 2.665628e+00
-1.692400e-02 4.951930e-01 2.417984e+00
-4.043520e-01 -2.056720e-01 2.628910e+00
-9.797800e-02 6.919940e-01 2.259109e+00
-3.916090e-01 -2.644950e-01 2.603107e+00
-1.267820e-01 7.502480e-01 2.251045e+00
-2.890620e-01 -5.323800e-01 2.669797e+00
-8.479400e-02 -5.338170e-01 2.645072e+00
-2.886880e-01 -9.309880e-01 2.752021e+00
-6.755800e-02 -9.305560e-01 2.734237e+00
-3.439900e-01 -9.609110e-01 2.607207e+00
-1.210110e-01 -9.653370e-01 2.589816e+00
-2.221490e-01 5.828570e-01 2.556625e+00
-3.902680e-01 2.564510e-01 2.682978e+00
-7.649600e-02 3.208850e-01 2.593132e+00
-2.788450e-01 3.451770e-01 2.497004e+00
-1.814780e-01 1.596700e-01 2.704000e+00
-3.497620e-01 -4.124000e-02 2.610670e+00
-2.128600e-02 -4.196800e-02 2.511917e+00
-1.524840e-01 -4.722100e-02 2.671235e+00
-4.450900e-01 1.168900e-02 2.657403e+00
-3.643900e-02 4.964810e-01 2.416696e+00
-3.882990e-01 -2.434600e-01 2.606929e+00
-1.522480e-01 6.856320e-01 2.269442e+00
-3.718370e-01 -3.047500e-01 2.590781e+00
-2.034710e-01 7.263400e-01 2.272154e+00
-2.862040e-01 -5.436180e-01 2.670942e+00
-8.173100e-02 -5.396130e-01 2.649833e+00
-2.898480e-01 -9.419030e-01 2.754634e+00
-6.923600e-02 -9.365770e-01 2.738786e+00
-3.359540e-01 -9.725490e-01 2.606785e+00
-1.132930e-01 -9.710460e-01 2.591153e+00
-2.198810e-01 5.699420e-01 2.572323e+00
-4.070350e-01 2.542970e-01 2.693013e+00
-9.541500e-02 3.070310e-01 2.591359e+00
-2.995260e-01 3.360680e-01 2.501626e+00
-2.007310e-01 1.513610e-01 2.708661e+00
-3.410850e-01 -5.500500e-02 2.617610e+00
-1.611200e-02 -5.965900e-02 2.507976e+00
-1.419970e-01 -6.374200e-02 2.671556e+00
-4.374370e-01 7.053000e-03 2.649325e+00
-1.490500e-02 4.943920e-01 2.441772e+00
-3.868960e-01 -2.509630e-01 2.602565e+00
-1.031630e-01 6.830120e-01 2.274600e+00
-3.699730e-01 -3.127400e-01 2.588946e+00
-1.500980e-01 7.269110e-01 2.262022e+00
-2.864390e-01 -5.566540e-01 2.680041e+00
-8.400300e-02 -5.531300e-01 2.661925e+00
-2.908130e-01 -9.562270e-01 2.757318e+00
-7.000800e-02 -9.528090e-01 2.737492e+00
-3.424060e-01 -9.840140e-01 2.610721e+00
-1.197880e-01 -9.823230e-01 2.590606e+00
-2.170400e-01 5.551150e-01 2.560624e+00
-4.025560e-01 2.554680e-01 2.700130e+00
-9.328200e-02 3.128530e-01 2.592591e+00
-2.999110e-01 3.408500e-01 2.507652e+00
-1.949330e-01 1.544990e-01 2.710121e+00
-3.456150e-01 -5.081800e-02 2.619333e+00
-2.302700e-02 -5.267800e-02 2.502791e+00
-1.453370e-01 -5.703700e-02 2.669055e+00
-4.400800e-01 9.990000e-03 2.649869e+00
-1.921000e-03 5.002720e-01 2.448642e+00
-3.898040e-01 -2.481260e-01 2.600678e+00
-1.293200e-02 7.053030e-01 2.277142e+00
-3.722140e-01 -3.101520e-01 2.589203e+00
-4.313400e-02 7.598370e-01 2.257087e+00
-2.903790e-01 -5.520310e-01 2.678323e+00
-8.468100e-02 -5.467970e-01 2.658787e+00
-2.913730e-01 -9.509420e-01 2.759057e+00
-7.172600e-02 -9.458750e-01 2.737641e+00
-3.463450e-01 -9.801680e-01 2.613976e+00
-1.241180e-01 -9.763790e-01 2.591871e+00
-2.216840e-01 5.538320e-01 2.552370e+00
-4.065740e-01 2.767070e-01 2.676414e+00
-8.832500e-02 3.177550e-01 2.594878e+00
-2.842170e-01 3.513860e-01 2.491142e+00
-2.051220e-01 1.678230e-01 2.707450e+00
-3.473210e-01 -4.726600e-02 2.605117e+00
-1.556900e-02 -4.654100e-02 2.518000e+00
-1.522690e-01 -5.166000e-02 2.672627e+00
-4.392750e-01 2.641600e-02 2.650175e+00
1.870600e-02 5.064740e-01 2.463223e+00
-3.955150e-01 -2.353060e-01 2.612870e+00
6.716800e-02 7.089650e-01 2.294541e+00
-3.772700e-01 -2.958020e-01 2.595675e+00
6.417500e-02 7.716910e-01 2.275973e+00
-2.895770e-01 -5.457660e-01 2.681321e+00
-8.659600e-02 -5.438500e-01 2.658825e+00
-2.922960e-01 -9.465840e-01 2.751935e+00
-7.148800e-02 -9.417530e-01 2.743048e+00
-3.329800e-01 -9.727830e-01 2.601658e+00
-1.104590e-01 -9.748490e-01 2.593682e+00
-2.223670e-01 5.695020e-01 2.545522e+00
-3.998200e-01 3.059910e-01 2.685650e+00
-7.964400e-02 3.308670e-01 2.601698e+00
-2.749170e-01 3.807500e-01 2.502117e+00
-2.051990e-01 1.837220e-01 2.709627e+00
-3.524980e-01 -2.781100e-02 2.613722e+00
-2.185800e-02 -3.828700e-02 2.523076e+00
-1.569360e-01 -3.732600e-02 2.679202e+00
-4.463690e-01 5.778300e-02 2.655543e+00
3.931400e-02 5.137610e-01 2.471012e+00
-4.095220e-01 -2.065110e-01 2.625467e+00
1.315680e-01 7.069210e-01 2.308864e+00
-3.994090e-01 -2.684540e-01 2.606783e+00
1.416480e-01 7.687790e-01 2.289885e+00
-2.902920e-01 -5.331320e-01 2.678032e+00
-9.233000e-02 -5.353170e-01 2.653019e+00
-2.908940e-01 -9.326790e-01 2.755563e+00
-6.894100e-02 -9.332820e-01 2.735036e+00
-3.341170e-01 -9.615420e-01 2.606489e+00
-1.108960e-01 -9.663640e-01 2.586476e+00
-2.206740e-01 5.847560e-01 2.543132e+00
-3.906340e-01 3.005810e-01 2.690136e+00
-7.136700e-02 3.408070e-01 2.600612e+00
-2.723190e-01 3.834130e-01 2.505707e+00
-1.905370e-01 1.865160e-01 2.708892e+00
-3.533440e-01 -2.294500e-02 2.615012e+00
-2.479300e-02 -3.320100e-02 2.517044e+00
-1.563400e-01 -3.152900e-02 2.676151e+00
-4.417780e-01 5.383000e-02 2.653515e+00
5.645200e-02 5.104700e-01 2.460185e+00
-4.124930e-01 -2.122870e-01 2.628633e+00
1.374460e-01 7.138860e-01 2.304118e+00
-4.009450e-01 -2.758080e-01 2.617682e+00
1.483230e-01 7.778270e-01 2.295093e+00
-2.926970e-01 -5.281290e-01 2.677298e+00
-9.090400e-02 -5.294330e-01 2.652170e+00
-2.923960e-01 -9.286440e-01 2.749661e+00
-6.863600e-02 -9.275790e-01 2.733611e+00
-3.390600e-01 -9.554940e-01 2.601249e+00
-1.138660e-01 -9.603150e-01 2.585939e+00
-2.182820e-01 5.837300e-01 2.539372e+00
-3.941870e-01 2.993070e-01 2.691728e+00
-7.232100e-02 3.398310e-01 2.608428e+00
-2.722430e-01 3.843870e-01 2.510717e+00
-1.948320e-01 1.842920e-01 2.712485e+00
-3.585280e-01 -2.559200e-02 2.614769e+00
-2.800800e-02 -3.076400e-02 2.523236e+00
-1.626610e-01 -3.182000e-02 2.679728e+00
-4.461340e-01 5.274000e-02 2.655914e+00
5.668400e-02 5.015350e-01 2.460152e+00
-4.152640e-01 -2.127120e-01 2.627566e+00
1.334100e-01 7.013340e-01 2.297627e+00
-3.999150e-01 -2.740220e-01 2.610427e+00
1.502450e-01 7.628850e-01 2.282919e+00
-2.919510e-01 -5.299300e-01 2.677083e+00
-9.263200e-02 -5.287730e-01 2.654727e+00
-2.923160e-01 -9.300450e-01 2.751631e+00
-6.992800e-02 -9.269890e-01 2.735710e+00
-3.353310e-01 -9.578300e-01 2.602292e+00
-1.117200e-01 -9.596130e-01 2.587003e+00
-2.205020e-01 5.807860e-01 2.541003e+00
-3.853190e-01 3.154740e-01 2.696083e+00
-6.027900e-02 3.335080e-01 2.611918e+00
-2.582050e-01 3.891250e-01 2.513624e+00
-1.938620e-01 1.881240e-01 2.719048e+00
-3.547190e-01 -2.080000e-02 2.617387e+00
-2.391900e-02 -3.412500e-02 2.527703e+00
-1.593620e-01 -3.035200e-02 2.683470e+00
-4.401490e-01 7.072500e-02 2.651264e+00
7.061800e-02 4.721200e-01 2.442891e+00
-4.146640e-01 -1.957410e-01 2.624349e+00
1.278420e-01 6.751270e-01 2.275884e+00
-4.038020e-01 -2.597980e-01 2.616163e+00
1.384460e-01 7.350820e-01 2.251776e+00
-2.915560e-01 -5.288970e-01 2.673641e+00
-9.234300e-02 -5.307690e-01 2.655366e+00
-2.898380e-01 -9.284670e-01 2.751034e+00
-7.278600e-02 -9.303150e-01 2.730395e+00
-3.331290e-01 -9.575170e-01 2.602015e+00
-1.147160e-01 -9.603860e-01 2.581190e+00
-2.251530e-01 5.894730e-01 2.560615e+00
-3.838690e-01 3.233970e-01 2.698298e+00
-5.140700e-02 3.392710e-01 2.624790e+00
-2.497060e-01 3.977560e-01 2.521253e+00
-1.945890e-01 1.938650e-01 2.726512e+00
-3.569560e-01 -1.635100e-02 2.613064e+00
-2.337600e-02 -3.232600e-02 2.534848e+00
-1.641160e-01 -2.815100e-02 2.685836e+00
-4.430720e-01 8.012900e-02 2.652287e+00
1.007680e-01 4.274170e-01 2.440740e+00
-4.216020e-01 -1.869500e-01 2.630916e+00
1.297130e-01 6.285010e-01 2.264739e+00
-4.052580e-01 -2.478150e-01 2.613122e+00
1.083600e-01 6.768240e-01 2.226045e+00
-2.917070e-01 -5.249820e-01 2.674788e+00
-9.252500e-02 -5.284570e-01 2.656760e+00
-2.890250e-01 -9.248540e-01 2.750576e+00
-7.117100e-02 -9.269040e-01 2.736963e+00
-3.270700e-01 -9.536330e-01 2.600081e+00
-1.081170e-01 -9.590940e-01 2.586885e+00
-2.310820e-01 5.925890e-01 2.561878e+00
-3.848480e-01 3.110980e-01 2.691336e+00
-4.498300e-02 3.214930e-01 2.632954e+00
-2.411280e-01 3.851070e-01 2.521805e+00
-1.996090e-01 1.774970e-01 2.726536e+00
-3.559240e-01 -2.487200e-02 2.604592e+00
-1.899900e-02 -4.148200e-02 2.542509e+00
-1.668150e-01 -3.676600e-02 2.686559e+00
-4.447160e-01 6.538200e-02 2.657953e+00
1.391680e-01 3.442030e-01 2.457889e+00
-4.112570e-01 -1.997790e-01 2.624428e+00
1.227450e-01 5.367670e-01 2.270263e+00
-4.046390e-01 -2.647610e-01 2.619754e+00
9.357600e-02 5.698580e-01 2.221865e+00
-2.919670e-01 -5.316540e-01 2.680478e+00
-9.118900e-02 -5.368880e-01 2.662413e+00
-2.885500e-01 -9.315040e-01 2.756355e+00
-6.913700e-02 -9.361340e-01 2.738346e+00
-3.193700e-01 -9.606260e-01 2.604280e+00
-9.911800e-02 -9.666910e-01 2.586386e+00
-2.312050e-01 5.813560e-01 2.565338e+00
-3.841220e-01 3.090960e-01 2.684665e+00
-4.147700e-02 3.172950e-01 2.645273e+00
-2.305290e-01 3.878160e-01 2.526279e+00
-2.025730e-01 1.717810e-01 2.724491e+00
-3.620540e-01 -2.795600e-02 2.590062e+00
-2.064000e-02 -4.066300e-02 2.559664e+00
-1.813290e-01 -3.882200e-02 2.689272e+00
-4.461600e-01 6.146900e-02 2.655993e+00
1.381790e-01 1.981810e-01 2.505538e+00
-4.208320e-01 -2.074540e-01 2.631229e+00
1.218810e-01 3.593130e-01 2.287948e+00
-4.044690e-01 -2.695140e-01 2.618229e+00
9.973200e-02 3.674170e-01 2.226858e+00
-2.920510e-01 -5.314220e-01 2.685503e+00
-9.313900e-02 -5.379410e-01 2.665916e+00
-2.912340e-01 -9.336300e-01 2.747771e+00
-7.102800e-02 -9.380290e-01 2.737261e+00
-3.067390e-01 -9.576980e-01 2.592514e+00
-8.639100e-02 -9.664350e-01 2.582724e+00
-2.386710e-01 5.701090e-01 2.556751e+00
-3.920250e-01 2.972510e-01 2.679458e+00
-4.873600e-02 3.239580e-01 2.657909e+00
-2.349380e-01 3.857460e-01 2.529906e+00
-2.056960e-01 1.692630e-01 2.727443e+00
-3.621640e-01 -3.470000e-02 2.588152e+00
-2.022000e-02 -3.504600e-02 2.561253e+00
-1.821990e-01 -4.135100e-02 2.689103e+00
-4.486660e-01 4.896500e-02 2.662564e+00
9.127500e-02 1.401350e-01 2.549533e+00
-4.160080e-01 -2.166720e-01 2.631008e+00
1.011430e-01 2.030070e-01 2.287664e+00
-4.015880e-01 -2.799980e-01 2.622627e+00
9.014300e-02 2.152220e-01 2.224276e+00
-2.937600e-01 -5.330820e-01 2.687019e+00
-9.033600e-02 -5.359300e-01 2.665973e+00
-2.900890e-01 -9.348430e-01 2.752011e+00
-7.354300e-02 -9.360320e-01 2.738673e+00
-3.030910e-01 -9.600840e-01 2.596710e+00
-8.590500e-02 -9.646720e-01 2.583911e+00
-2.481710e-01 5.684340e-01 2.562939e+00
-3.957240e-01 3.034670e-01 2.690789e+00
-5.355100e-02 3.206270e-01 2.650191e+00
-2.447600e-01 3.890390e-01 2.533432e+00
-2.107890e-01 1.697310e-01 2.727057e+00
-3.615690e-01 -3.036800e-02 2.602660e+00
-2.192700e-02 -3.591800e-02 2.555107e+00
-1.759380e-01 -3.951400e-02 2.692548e+00
-4.489870e-01 5.550800e-02 2.662323e+00
8.572000e-02 1.126870e-01 2.600237e+00
-4.167550e-01 -2.101600e-01 2.630744e+00
9.847200e-02 7.840600e-02 2.333257e+00
-4.047430e-01 -2.741740e-01 2.623947e+00
1.010050e-01 4.828900e-02 2.275165e+00
-2.928980e-01 -5.327220e-01 2.686454e+00
-9.344700e-02 -5.356320e-01 2.664811e+00
-2.887650e-01 -9.331700e-01 2.759075e+00
-7.134500e-02 -9.345230e-01 2.742573e+00
-3.117710e-01 -9.612700e-01 2.605433e+00
-9.350800e-02 -9.656140e-01 2.589385e+00
-2.447810e-01 5.660930e-01 2.557034e+00
-4.003720e-01 3.011170e-01 2.684148e+00
-5.788900e-02 3.173660e-01 2.645863e+00
-2.481980e-01 3.798460e-01 2.524403e+00
-2.154530e-01 1.696930e-01 2.728130e+00
-3.633770e-01 -3.469700e-02 2.599523e+00
-2.276300e-02 -3.581600e-02 2.559149e+00
-1.795600e-01 -3.894500e-02 2.693415e+00
-4.475640e-01 4.788300e-02 2.658728e+00
4.943600e-02 8.233200e-02 2.630340e+00
-4.174400e-01 -2.219920e-01 2.627735e+00
9.211400e-02 -7.819700e-02 2.413293e+00
-4.001980e-01 -2.848940e-01 2.621882e+00
8.233400e-02 -1.217840e-01 2.365409e+00
-2.914520e-01 -5.356360e-01 2.687945e+00
-9.315500e-02 -5.374420e-01 2.665676e+00
-2.958830e-01 -9.377490e-01 2.750669e+00
-7.484100e-02 -9.370980e-01 2.740432e+00
-3.144470e-01 -9.617130e-01 2.595732e+00
-9.327500e-02 -9.667420e-01 2.586465e+00
-2.411560e-01 5.654870e-01 2.552040e+00
-3.974400e-01 2.975110e-01 2.691256e+00
-5.661500e-02 3.176350e-01 2.641674e+00
-2.515040e-01 3.797390e-01 2.527503e+00
-2.099010e-01 1.673870e-01 2.727294e+00
-3.684310e-01 -4.243300e-02 2.597169e+00
-2.758900e-02 -3.142300e-02 2.560363e+00
-1.855900e-01 -3.952500e-02 2.692999e+00
-4.450910e-01 4.177300e-02 2.655472e+00
3.956400e-02 7.329700e-02 2.642867e+00
-4.123350e-01 -2.323170e-01 2.629421e+00
7.780000e-02 -1.494380e-01 2.482230e+00
-3.971700e-01 -2.952530e-01 2.619554e+00
6.430300e-02 -2.035870e-01 2.447968e+00
-2.936100e-01 -5.384280e-01 2.691840e+00
-9.246500e-02 -5.358480e-01 2.668917e+00
-2.915790e-01 -9.399930e-01 2.758104e+00
-6.920300e-02 -9.358010e-01 2.740652e+00
-3.076660e-01 -9.656420e-01 2.603159e+00
-8.498900e-02 -9.644220e-01 2.586198e+00
-2.369710e-01 5.682630e-01 2.561754e+00
-3.909260e-01 2.923690e-01 2.678612e+00
-4.833800e-02 3.043880e-01 2.639706e+00
-2.381610e-01 3.651420e-01 2.516622e+00
-2.071830e-01 1.605540e-01 2.726204e+00
-3.695020e-01 -5.393700e-02 2.592020e+00
-2.837200e-02 -3.714800e-02 2.560443e+00
-1.883070e-01 -4.629600e-02 2.690672e+00
-4.434340e-01 3.326100e-02 2.664097e+00
3.260200e-02 5.231500e-02 2.643266e+00
-4.101870e-01 -2.413900e-01 2.623811e+00
5.767400e-02 -2.060630e-01 2.539469e+00
-3.981160e-01 -3.057270e-01 2.622015e+00
4.136400e-02 -2.653810e-01 2.517028e+00
-2.932600e-01 -5.467180e-01 2.694639e+00
-9.149700e-02 -5.432640e-01 2.668122e+00
-2.899540e-01 -9.499220e-01 2.750005e+00
-7.282500e-02 -9.435050e-01 2.739590e+00
-3.030070e-01 -9.714300e-01 2.594148e+00
-8.558100e-02 -9.717430e-01 2.584786e+00
-2.314340e-01 5.598880e-01 2.554607e+00
-3.894980e-01 2.960510e-01 2.676846e+00
-4.685200e-02 2.960900e-01 2.636610e+00
-2.349350e-01 3.630270e-01 2.514062e+00
-2.102430e-01 1.580920e-01 2.724139e+00
-3.759860e-01 -5.044400e-02 2.592247e+00
-3.483100e-02 -4.314900e-02 2.557481e+00
-1.937510e-01 -4.702500e-02 2.689207e+00
-4.408420e-01 3.329500e-02 2.656175e+00
2.074200e-02 3.643100e-02 2.647218e+00
-4.118470e-01 -2.477370e-01 2.632267e+00
2.141400e-02 -2.458410e-01 2.620515e+00
-3.976490e-01 -3.090470e-01 2.614165e+00
1.048400e-02 -3.103860e-01 2.618852e+00
-2.927450e-01 -5.462730e-01 2.696653e+00
-8.944100e-02 -5.446660e-01 2.669922e+00
-2.895750e-01 -9.492470e-01 2.753678e+00
-7.413500e-02 -9.447970e-01 2.742793e+00
-3.047610e-01 -9.713820e-01 2.598102e+00
-8.890400e-02 -9.735060e-01 2.588254e+00
-2.289240e-01 5.645460e-01 2.564894e+00
-3.865900e-01 2.946750e-01 2.684369e+00
-4.472500e-02 3.013430e-01 2.638446e+00
-2.359450e-01 3.676550e-01 2.520498e+00
-2.043020e-01 1.587970e-01 2.725725e+00
-3.791810e-01 -4.447300e-02 2.607242e+00
-4.155900e-02 -4.518900e-02 2.546746e+00
-1.901070e-01 -4.713800e-02 2.690106e+00
-4.406270e-01 3.251500e-02 2.659189e+00
1.280700e-02 3.907900e-02 2.652222e+00
-4.114170e-01 -2.483720e-01 2.630234e+00
6.215000e-03 -2.431860e-01 2.622687e+00
-4.003440e-01 -3.129080e-01 2.629360e+00
-6.920000e-03 -3.073390e-01 2.622902e+00
-2.916610e-01 -5.458970e-01 2.691648e+00
-8.984500e-02 -5.423910e-01 2.670454e+00
-2.899990e-01 -9.475070e-01 2.757649e+00
-6.906900e-02 -9.422050e-01 2.743713e+00
-3.174940e-01 -9.728290e-01 2.604263e+00
-9.645500e-02 -9.716030e-01 2.591036e+00
-2.280560e-01 5.661830e-01 2.570429e+00
-3.896510e-01 2.934310e-01 2.676001e+00
-4.635800e-02 3.110010e-01 2.646567e+00
-2.336700e-01 3.688290e-01 2.518334e+00
-2.051900e-01 1.645370e-01 2.728558e+00
-3.771990e-01 -4.218700e-02 2.602735e+00
-3.734100e-02 -4.119500e-02 2.556422e+00
-1.917540e-01 -4.745000e-02 2.693317e+00
-4.410060e-01 3.006200e-02 2.662190e+00
1.490000e-02 4.942300e-02 2.650580e+00
-4.088240e-01 -2.485130e-01 2.619194e+00
1.200900e-02 -2.337410e-01 2.633328e+00
-3.975650e-01 -3.130140e-01 2.620218e+00
-4.594000e-03 -2.966910e-01 2.626262e+00
-2.893540e-01 -5.420620e-01 2.693521e+00
-9.089000e-02 -5.405190e-01 2.669269e+00
-2.880740e-01 -9.448330e-01 2.752024e+00
-7.535600e-02 -9.407970e-01 2.741275e+00
-3.089560e-01 -9.673920e-01 2.597170e+00
-9.599200e-02 -9.692840e-01 2.587368e+00
-2.286150e-01 5.688400e-01 2.565422e+00
-3.911190e-01 2.943640e-01 2.684442e+00
-4.883300e-02 3.168700e-01 2.647581e+00
-2.397200e-01 3.739090e-01 2.524364e+00
-2.038670e-01 1.672390e-01 2.731108e+00
-3.770990e-01 -4.325400e-02 2.600401e+00
-3.661700e-02 -3.645100e-02 2.559479e+00
-1.930500e-01 -4.534700e-02 2.693911e+00
-4.419180e-01 3.131100e-02 2.659582e+00
1.462200e-02 5.542200e-02 2.651367e+00
-4.077880e-01 -2.486300e-01 2.625172e+00
1.378800e-02 -2.277150e-01 2.627946e+00
-3.980690e-01 -3.131370e-01 2.619457e+00
4.840000e-04 -2.911870e-01 2.618861e+00
-2.895290e-01 -5.415780e-01 2.691562e+00
-8.970500e-02 -5.380560e-01 2.668824e+00
-2.895610e-01 -9.421160e-01 2.763803e+00
-6.834200e-02 -9.380730e-01 2.740790e+00
-3.073360e-01 -9.699580e-01 2.609422e+00
-8.619400e-02 -9.667710e-01 2.586576e+00
-2.249280e-01 5.659090e-01 2.558321e+00
