-4.347110e-01 2.293030e-01 2.505758e+00
-2.554120e-01 2.330755e-01 2.490341e+00
-7.611300e-02 2.368480e-01 2.474925e+00
-1.702145e-01 2.583275e-01 2.436573e+00
-2.643160e-01 2.798070e-01 2.398220e+00
-2.546735e-01 1.909735e-01 2.488631e+00
-2.450310e-01 1.021400e-01 2.579041e+00
-3.464215e-01 -8.821500e-03 2.525163e+00
-4.478120e-01 -1.197830e-01 2.471285e+00
-2.348630e-01 -1.158715e-01 2.469221e+00
-2.191400e-02 -1.119600e-01 2.467158e+00
-1.278975e-01 -1.089065e-01 2.528377e+00
-2.338810e-01 -1.058530e-01 2.589597e+00
-3.642880e-01 -7.133200e-02 2.549587e+00
-4.946950e-01 -3.681100e-02 2.509576e+00
-2.411150e-01 -2.887100e-02 2.498030e+00
1.246500e-02 -2.093100e-02 2.486483e+00
-2.262390e-01 -1.656770e-01 2.454169e+00
-4.649430e-01 -3.104230e-01 2.421855e+00
-2.185255e-01 -3.076165e-01 2.428584e+00
2.789200e-02 -3.048100e-01 2.435314e+00
-2.286530e-01 -3.399735e-01 2.423054e+00
-4.851980e-01 -3.751370e-01 2.410794e+00
-2.219405e-01 -3.725145e-01 2.431779e+00
4.131700e-02 -3.698920e-01 2.452763e+00
-1.555090e-01 -4.937880e-01 2.491456e+00
-3.523350e-01 -6.176840e-01 2.530150e+00
-2.333645e-01 -6.172920e-01 2.518310e+00
-1.143940e-01 -6.169000e-01 2.506470e+00
-2.348045e-01 -8.098230e-01 2.564503e+00
-3.552150e-01 -1.002746e+00 2.622536e+00
-2.456235e-01 -9.955260e-01 2.632337e+00
-1.360320e-01 -9.883060e-01 2.642137e+00
-2.475375e-01 -1.015017e+00 2.551038e+00
-3.590430e-01 -1.041729e+00 2.459938e+00
-2.434805e-01 -1.043884e+00 2.472658e+00
-1.279180e-01 -1.046040e+00 2.485378e+00
-1.945650e-01 -2.605240e-01 2.431461e+00
-2.612120e-01 5.249920e-01 2.377543e+00
-3.475755e-01 3.763685e-01 2.443771e+00
-4.339390e-01 2.277450e-01 2.510000e+00
-2.547810e-01 2.333365e-01 2.493535e+00
-7.562300e-02 2.389280e-01 2.477070e+00
-1.701530e-01 2.599155e-01 2.439507e+00
-2.646830e-01 2.809030e-01 2.401945e+00
-2.536645e-01 1.912620e-01 2.491396e+00
-2.426460e-01 1.016210e-01 2.580847e+00
-3.456395e-01 -9.117500e-03 2.526546e+00
-4.486330e-01 -1.198560e-01 2.472244e+00
-2.357285e-01 -1.148380e-01 2.468593e+00
-2.282400e-02 -1.098200e-01 2.464942e+00
-1.283690e-01 -1.070460e-01 2.526927e+00
-2.339140e-01 -1.042720e-01 2.588911e+00
-3.649715e-01 -7.131900e-02 2.545660e+00
-4.960290e-01 -3.836600e-02 2.502408e+00
-2.414375e-01 -2.887250e-02 2.495316e+00
1.315400e-02 -1.937900e-02 2.488225e+00
-2.259645e-01 -1.668340e-01 2.454428e+00
-4.650830e-01 -3.142890e-01 2.420632e+00
-2.215805e-01 -3.085025e-01 2.425181e+00
2.192200e-02 -3.027160e-01 2.429731e+00
-2.315530e-01 -3.288660e-01 2.399375e+00
-4.850280e-01 -3.550160e-01 2.369019e+00
-2.231295e-01 -3.605250e-01 2.389039e+00
3.876900e-02 -3.660340e-01 2.409059e+00
-1.537345e-01 -4.914635e-01 2.472024e+00
-3.462380e-01 -6.168930e-01 2.534990e+00
-2.311140e-01 -6.159495e-01 2.522901e+00
-1.159900e-01 -6.150060e-01 2.510812e+00
-2.385155e-01 -8.087595e-01 2.567323e+00
-3.610410e-01 -1.002513e+00 2.623835e+00
-2.432285e-01 -9.974150e-01 2.627247e+00
-1.254160e-01 -9.923170e-01 2.630660e+00
-2.449055e-01 -1.016125e+00 2.545759e+00
-3.643950e-01 -1.039933e+00 2.460859e+00
-2.430455e-01 -1.041477e+00 2.466092e+00
-1.216960e-01 -1.043021e+00 2.471324e+00
-1.913170e-01 -2.606480e-01 2.422098e+00
-2.609380e-01 5.217250e-01 2.372871e+00
-3.463245e-01 3.751790e-01 2.442288e+00
-4.317110e-01 2.286330e-01 2.511705e+00
-7.361500e-02 2.376260e-01 2.475836e+00
-2.630210e-01 2.808930e-01 2.402333e+00
-2.406330e-01 1.012110e-01 2.580791e+00
-4.470730e-01 -1.142930e-01 2.476439e+00
-2.128200e-02 -1.155790e-01 2.463524e+00
-2.304980e-01 -1.051520e-01 2.590323e+00
-4.947020e-01 -3.831000e-02 2.496276e+00
1.620600e-02 -2.175500e-02 2.486697e+00
-4.606360e-01 -3.111650e-01 2.401441e+00
2.290000e-02 -3.058340e-01 2.424584e+00
-4.789970e-01 -3.756490e-01 2.386439e+00
1.722600e-02 -3.741300e-01 2.429473e+00
-3.479390e-01 -6.156610e-01 2.529776e+00
-1.153370e-01 -6.175830e-01 2.508397e+00
-3.598180e-01 -1.000486e+00 2.622427e+00
-1.332390e-01 -9.912670e-01 2.638228e+00
-3.665130e-01 -1.039408e+00 2.459906e+00
-1.295720e-01 -1.046300e+00 2.480335e+00
-2.606320e-01 5.218250e-01 2.373295e+00
-4.295810e-01 2.272110e-01 2.509645e+00
-7.121800e-02 2.404040e-01 2.477996e+00
-2.602350e-01 2.818550e-01 2.402475e+00
-2.378870e-01 1.016500e-01 2.580408e+00
-4.478400e-01 -1.206680e-01 2.485268e+00
-2.353600e-02 -1.122730e-01 2.448348e+00
-2.254740e-01 -1.055400e-01 2.586673e+00
-5.007310e-01 -3.852100e-02 2.495041e+00
1.739200e-02 -2.042100e-02 2.480820e+00
-4.588920e-01 -3.130040e-01 2.405659e+00
2.046900e-02 -3.038110e-01 2.411820e+00
-4.512800e-01 -3.780490e-01 2.384886e+00
1.648500e-02 -3.721420e-01 2.417771e+00
-3.489540e-01 -6.188730e-01 2.533112e+00
-1.150190e-01 -6.164930e-01 2.506926e+00
-3.565940e-01 -1.003245e+00 2.628059e+00
-1.356330e-01 -9.890120e-01 2.639667e+00
-3.725820e-01 -1.042870e+00 2.466360e+00
-1.402420e-01 -1.044904e+00 2.482100e+00
-2.558440e-01 5.238830e-01 2.378341e+00
-4.300420e-01 2.264910e-01 2.514532e+00
-7.230600e-02 2.391580e-01 2.476262e+00
-2.626200e-01 2.812150e-01 2.404421e+00
-2.372960e-01 1.003350e-01 2.581267e+00
-4.479620e-01 -1.200540e-01 2.484411e+00
-2.335200e-02 -1.075020e-01 2.452534e+00
-2.269470e-01 -1.035500e-01 2.588518e+00
-5.014840e-01 -3.857400e-02 2.500897e+00
1.455700e-02 -2.161700e-02 2.476525e+00
-4.555090e-01 -3.134480e-01 2.417059e+00
2.058300e-02 -3.022370e-01 2.399620e+00
-4.714300e-01 -3.745260e-01 2.389922e+00
1.709300e-02 -3.700500e-01 2.410095e+00
-3.481020e-01 -6.177260e-01 2.527723e+00
-1.177130e-01 -6.134900e-01 2.506103e+00
-3.610280e-01 -9.958690e-01 2.644586e+00
-1.327230e-01 -9.854620e-01 2.641111e+00
-3.754880e-01 -1.044616e+00 2.485253e+00
-1.365620e-01 -1.042372e+00 2.483888e+00
-2.554090e-01 5.225600e-01 2.380309e+00
-4.323010e-01 2.224180e-01 2.516344e+00
-7.492600e-02 2.390830e-01 2.476273e+00
-2.660450e-01 2.799660e-01 2.405906e+00
-2.379370e-01 9.752400e-02 2.580715e+00
-4.494280e-01 -1.229330e-01 2.488945e+00
-2.575500e-02 -1.059640e-01 2.447951e+00
-2.264690e-01 -1.029180e-01 2.588176e+00
-5.067980e-01 -4.089000e-02 2.495896e+00
1.288700e-02 -2.089300e-02 2.475830e+00
-4.517450e-01 -3.140840e-01 2.413724e+00
2.054500e-02 -2.980010e-01 2.388820e+00
-4.803690e-01 -3.727800e-01 2.392373e+00
1.678600e-02 -3.662500e-01 2.381867e+00
-3.491460e-01 -6.192900e-01 2.529482e+00
-1.184100e-01 -6.131370e-01 2.504965e+00
-3.607800e-01 -1.000846e+00 2.634815e+00
-1.218540e-01 -9.889790e-01 2.629652e+00
-3.784170e-01 -1.044605e+00 2.474357e+00
-1.310170e-01 -1.041487e+00 2.471123e+00
-2.544460e-01 5.223060e-01 2.380992e+00
-4.314250e-01 2.218120e-01 2.517610e+00
-7.461700e-02 2.394950e-01 2.473163e+00
-2.667110e-01 2.791800e-01 2.404793e+00
-2.358440e-01 9.808800e-02 2.580539e+00
-4.455180e-01 -1.268410e-01 2.478930e+00
-2.063400e-02 -1.088620e-01 2.454089e+00
-2.265830e-01 -1.055190e-01 2.586498e+00
-5.003830e-01 -4.375300e-02 2.504518e+00
1.698600e-02 -1.944800e-02 2.476045e+00
-4.500870e-01 -3.180820e-01 2.422042e+00
1.783100e-02 -2.962430e-01 2.386757e+00
-4.756390e-01 -3.789620e-01 2.403039e+00
1.572400e-02 -3.648060e-01 2.390641e+00
-3.511350e-01 -6.220420e-01 2.527595e+00
-1.191330e-01 -6.167960e-01 2.505043e+00
-3.559930e-01 -1.006727e+00 2.621455e+00
-1.314550e-01 -9.884950e-01 2.641071e+00
-3.681000e-01 -1.046123e+00 2.459363e+00
-1.339780e-01 -1.045894e+00 2.483999e+00
-2.554090e-01 5.213260e-01 2.380089e+00
-4.295940e-01 2.225480e-01 2.515282e+00
-7.234600e-02 2.388320e-01 2.473942e+00
-2.636850e-01 2.790130e-01 2.403768e+00
-2.350230e-01 9.830100e-02 2.580276e+00
-4.483230e-01 -1.234820e-01 2.490649e+00
-2.547900e-02 -1.072330e-01 2.441598e+00
-2.234880e-01 -1.037290e-01 2.585607e+00
-4.952290e-01 -4.370400e-02 2.504816e+00
1.788300e-02 -2.028800e-02 2.478688e+00
-4.708400e-01 -3.236850e-01 2.431040e+00
1.043700e-02 -2.917050e-01 2.375221e+00
-4.726950e-01 -3.862220e-01 2.402648e+00
1.068000e-03 -3.581870e-01 2.360635e+00
-3.490100e-01 -6.197440e-01 2.531016e+00
-1.187400e-01 -6.141390e-01 2.502084e+00
-3.602930e-01 -9.995020e-01 2.642695e+00
-1.335880e-01 -9.851230e-01 2.639802e+00
-3.811870e-01 -1.045747e+00 2.483330e+00
-1.434320e-01 -1.042881e+00 2.483150e+00
-2.590100e-01 5.231060e-01 2.381665e+00
-4.295720e-01 2.249120e-01 2.518972e+00
-7.281000e-02 2.410000e-01 2.473559e+00
-2.649010e-01 2.818900e-01 2.405895e+00
-2.344250e-01 9.998800e-02 2.580871e+00
-4.462990e-01 -1.136980e-01 2.493500e+00
-2.218200e-02 -1.184150e-01 2.453880e+00
-2.229350e-01 -1.066060e-01 2.593583e+00
-4.913850e-01 -4.207300e-02 2.508699e+00
2.558000e-02 -1.463100e-02 2.486954e+00
-4.687870e-01 -3.209600e-01 2.431065e+00
-2.320400e-02 -2.455970e-01 2.317866e+00
-4.802770e-01 -3.862160e-01 2.412900e+00
-1.688200e-02 -3.121350e-01 2.333777e+00
-3.499990e-01 -6.169410e-01 2.530633e+00
-1.175720e-01 -6.195350e-01 2.506210e+00
-3.569000e-01 -9.990400e-01 2.634405e+00
-1.326500e-01 -9.922910e-01 2.639030e+00
-3.750320e-01 -1.042311e+00 2.473870e+00
-1.390640e-01 -1.048156e+00 2.481517e+00
-2.614320e-01 5.246150e-01 2.383482e+00
-4.321050e-01 2.256340e-01 2.522986e+00
-7.587600e-02 2.379170e-01 2.472489e+00
-2.684100e-01 2.821350e-01 2.408265e+00
-2.376630e-01 9.743800e-02 2.580240e+00
-4.509720e-01 -1.210730e-01 2.491297e+00
-2.784800e-02 -1.078210e-01 2.443789e+00
-2.263360e-01 -1.032670e-01 2.587107e+00
-4.975420e-01 -3.916600e-02 2.507783e+00
3.456600e-02 -1.109700e-02 2.493153e+00
-4.743470e-01 -3.174200e-01 2.432233e+00
-7.130500e-02 -1.589160e-01 2.268183e+00
-4.615910e-01 -3.796890e-01 2.406150e+00
-7.772500e-02 -2.163350e-01 2.231003e+00
-3.493640e-01 -6.185690e-01 2.530997e+00
-1.181620e-01 -6.134420e-01 2.505546e+00
-3.597260e-01 -1.000357e+00 2.635620e+00
-1.338890e-01 -9.850650e-01 2.641432e+00
-3.796710e-01 -1.043740e+00 2.475330e+00
-1.426210e-01 -1.042097e+00 2.484448e+00
-2.614300e-01 5.227700e-01 2.381461e+00
-4.330210e-01 2.248150e-01 2.520342e+00
-7.592200e-02 2.386220e-01 2.476869e+00
-2.673860e-01 2.804040e-01 2.407984e+00
-2.389690e-01 9.896100e-02 2.583781e+00
-4.458940e-01 -1.197640e-01 2.486562e+00
-2.135500e-02 -1.061880e-01 2.454164e+00
-2.247560e-01 -1.036640e-01 2.590472e+00
-4.973460e-01 -3.762400e-02 2.503758e+00
2.787000e-02 -1.126900e-02 2.468579e+00
-4.586180e-01 -3.119120e-01 2.430077e+00
-1.035280e-01 -4.972200e-02 2.216748e+00
-4.804740e-01 -3.704980e-01 2.401609e+00
-1.235450e-01 -1.048990e-01 2.181037e+00
-3.502260e-01 -6.168580e-01 2.528777e+00
-1.192490e-01 -6.129220e-01 2.505068e+00
-3.599480e-01 -9.985570e-01 2.633785e+00
-1.239300e-01 -9.883890e-01 2.630838e+00
-3.750580e-01 -1.042381e+00 2.473088e+00
-1.305430e-01 -1.041396e+00 2.472348e+00
-2.616770e-01 5.238930e-01 2.385808e+00
-4.310110e-01 2.282430e-01 2.518208e+00
-7.178600e-02 2.439340e-01 2.500577e+00
-2.580490e-01 2.873840e-01 2.419537e+00
-2.414620e-01 1.009220e-01 2.591555e+00
-4.443890e-01 -1.215880e-01 2.477726e+00
-1.975300e-02 -9.568100e-02 2.455821e+00
-2.265270e-01 -9.789500e-02 2.586962e+00
-4.962810e-01 -3.342400e-02 2.504754e+00
1.326000e-02 3.566600e-02 2.351238e+00
-4.566620e-01 -3.040570e-01 2.421515e+00
-1.470470e-01 1.771930e-01 2.161469e+00
-4.870590e-01 -3.647190e-01 2.410718e+00
-1.697820e-01 1.844630e-01 2.097043e+00
-3.480710e-01 -6.143330e-01 2.526985e+00
-1.163830e-01 -6.058490e-01 2.505174e+00
-3.541410e-01 -9.977780e-01 2.625725e+00
-1.358370e-01 -9.770410e-01 2.641753e+00
-3.648280e-01 -1.039241e+00 2.464049e+00
-1.383850e-01 -1.034671e+00 2.484766e+00
-2.520030e-01 5.195720e-01 2.388855e+00
-4.321630e-01 2.257770e-01 2.498328e+00
-7.350000e-02 2.406180e-01 2.525536e+00
-2.478550e-01 2.811780e-01 2.420158e+00
-2.540110e-01 1.011180e-01 2.599530e+00
-4.426990e-01 -1.206710e-01 2.454540e+00
-1.803800e-02 -9.949400e-02 2.480643e+00
-2.381840e-01 -1.015680e-01 2.587832e+00
-4.936360e-01 -3.639800e-02 2.503366e+00
-5.300000e-04 1.363330e-01 2.288176e+00
-4.712400e-01 -3.051910e-01 2.410773e+00
-1.679150e-01 3.118160e-01 2.138133e+00
-4.714870e-01 -3.706970e-01 2.390054e+00
-1.895480e-01 3.688140e-01 2.106453e+00
-3.467960e-01 -6.135860e-01 2.527167e+00
-1.151410e-01 -6.089890e-01 2.507522e+00
-3.563990e-01 -9.964990e-01 2.627672e+00
-1.282580e-01 -9.862420e-01 2.627206e+00
-3.476860e-01 -1.039106e+00 2.466175e+00
-1.128200e-01 -1.037089e+00 2.468622e+00
-2.507470e-01 5.191320e-01 2.390820e+00
-4.283310e-01 2.419760e-01 2.506743e+00
-7.114200e-02 2.267540e-01 2.515217e+00
-2.443790e-01 2.804290e-01 2.418243e+00
-2.562300e-01 1.040330e-01 2.600938e+00
-4.454630e-01 -1.156560e-01 2.463401e+00
-1.993700e-02 -9.803300e-02 2.472548e+00
-2.356080e-01 -9.917500e-02 2.588490e+00
-4.967210e-01 -1.863900e-02 2.505576e+00
-1.420900e-02 2.461280e-01 2.252572e+00
-4.743150e-01 -2.826350e-01 2.399768e+00
-2.020560e-01 4.327880e-01 2.146446e+00
-4.721100e-01 -3.513040e-01 2.400063e+00
-2.335490e-01 4.928120e-01 2.157656e+00
-3.485190e-01 -6.103520e-01 2.526373e+00
-1.162600e-01 -6.065510e-01 2.502259e+00
-3.564370e-01 -9.939490e-01 2.624389e+00
-1.347770e-01 -9.768790e-01 2.641292e+00
-3.545450e-01 -1.035388e+00 2.462365e+00
-1.234700e-01 -1.036024e+00 2.485259e+00
-2.439040e-01 5.246340e-01 2.397894e+00
-4.466100e-01 2.251170e-01 2.540869e+00
-1.024070e-01 2.430640e-01 2.476233e+00
-2.893130e-01 2.821790e-01 2.417780e+00
-2.471250e-01 1.024150e-01 2.592533e+00
-4.538240e-01 -1.135110e-01 2.509604e+00
-3.562600e-02 -1.043170e-01 2.429024e+00
-2.221720e-01 -9.861000e-02 2.587537e+00
-5.034400e-01 -3.289100e-02 2.490405e+00
-2.102600e-02 3.665390e-01 2.251567e+00
-4.763620e-01 -2.935630e-01 2.378952e+00
-2.133340e-01 5.368620e-01 2.128632e+00
-4.960830e-01 -3.476310e-01 2.341425e+00
-2.607770e-01 5.765740e-01 2.158508e+00
-3.481740e-01 -6.141150e-01 2.523694e+00
-1.167250e-01 -6.075830e-01 2.504385e+00
-3.605560e-01 -9.981280e-01 2.619594e+00
-1.329810e-01 -9.797910e-01 2.638596e+00
-3.924340e-01 -1.036940e+00 2.460064e+00
-1.526010e-01 -1.035372e+00 2.482077e+00
-2.421150e-01 5.110700e-01 2.368315e+00
-4.602320e-01 2.057060e-01 2.567803e+00
-1.302980e-01 2.373290e-01 2.458418e+00
-3.231900e-01 2.690150e-01 2.425112e+00
-2.508920e-01 9.115400e-02 2.591762e+00
-4.569720e-01 -1.194430e-01 2.534083e+00
-5.090800e-02 -1.098230e-01 2.405685e+00
-2.178490e-01 -1.049210e-01 2.584751e+00
-4.939570e-01 -4.948800e-02 2.490879e+00
-3.179900e-02 3.935730e-01 2.263317e+00
-4.850600e-01 -3.133500e-01 2.384963e+00
-1.599330e-01 6.021790e-01 2.118453e+00
-4.856550e-01 -3.761510e-01 2.357104e+00
-2.062360e-01 6.518990e-01 2.128669e+00
-3.455650e-01 -6.210130e-01 2.522289e+00
-1.170950e-01 -6.101440e-01 2.508080e+00
-3.644870e-01 -1.002169e+00 2.628017e+00
-1.364380e-01 -9.876450e-01 2.626126e+00
-4.116850e-01 -1.042877e+00 2.472815e+00
-1.755340e-01 -1.034350e+00 2.470361e+00
-2.278940e-01 5.051350e-01 2.395966e+00
-4.551680e-01 2.169520e-01 2.569106e+00
-1.296070e-01 2.312670e-01 2.452496e+00
-3.190030e-01 2.701680e-01 2.421537e+00
-2.502490e-01 9.444600e-02 2.591915e+00
-4.545800e-01 -1.196580e-01 2.543355e+00
-5.475100e-02 -1.096600e-01 2.396712e+00
-2.134410e-01 -1.045270e-01 2.583123e+00
-4.965360e-01 -4.006400e-02 2.501388e+00
-5.177300e-02 4.065640e-01 2.263903e+00
-4.848510e-01 -3.078740e-01 2.405171e+00
-1.078580e-01 6.457610e-01 2.119835e+00
-4.764300e-01 -3.579840e-01 2.358927e+00
-1.040340e-01 7.141890e-01 2.124679e+00
-3.448060e-01 -6.213590e-01 2.520315e+00
-1.164550e-01 -6.092320e-01 2.508014e+00
-3.651170e-01 -1.003145e+00 2.623480e+00
-1.324700e-01 -9.839900e-01 2.634963e+00
-4.188200e-01 -1.041794e+00 2.469874e+00
-1.777160e-01 -1.033912e+00 2.481884e+00
-2.222520e-01 5.042960e-01 2.391181e+00
-4.700290e-01 2.032060e-01 2.584425e+00
-1.538750e-01 2.215630e-01 2.445148e+00
-3.451930e-01 2.589330e-01 2.428029e+00
-2.629310e-01 8.246000e-02 2.591503e+00
-4.476360e-01 -1.276160e-01 2.566353e+00
-6.687900e-02 -1.223960e-01 2.375398e+00
-2.033890e-01 -1.152680e-01 2.578554e+00
-4.965330e-01 -5.345900e-02 2.506929e+00
-6.301300e-02 4.077720e-01 2.272940e+00
-4.878760e-01 -3.230070e-01 2.413949e+00
-6.296100e-02 6.477170e-01 2.118659e+00
-4.902660e-01 -3.876250e-01 2.390730e+00
-2.963100e-02 7.029810e-01 2.095093e+00
-3.441810e-01 -6.309240e-01 2.524051e+00
-1.141490e-01 -6.163280e-01 2.515030e+00
-3.674750e-01 -1.013431e+00 2.623857e+00
-1.237670e-01 -9.969820e-01 2.623778e+00
-4.372970e-01 -1.047807e+00 2.475817e+00
-1.904740e-01 -1.037552e+00 2.475870e+00
-2.407270e-01 5.002290e-01 2.401097e+00
-4.720750e-01 1.900080e-01 2.586066e+00
-1.590450e-01 2.215720e-01 2.439990e+00
-3.530620e-01 2.493560e-01 2.426495e+00
-2.592810e-01 7.948000e-02 2.590753e+00
-4.449190e-01 -1.276070e-01 2.560479e+00
-5.790200e-02 -1.332600e-01 2.382566e+00
-2.009740e-01 -1.222410e-01 2.580978e+00
-4.910000e-01 -6.680500e-02 2.506001e+00
-4.518700e-02 4.051340e-01 2.278551e+00
-4.945100e-01 -3.438510e-01 2.437001e+00
-9.807400e-02 6.316220e-01 2.112918e+00
-4.921420e-01 -4.096290e-01 2.417299e+00
-8.657100e-02 6.993530e-01 2.112208e+00
-3.461610e-01 -6.339310e-01 2.525947e+00
-1.143990e-01 -6.243550e-01 2.520145e+00
-3.596490e-01 -1.012729e+00 2.640604e+00
-1.320110e-01 -1.001388e+00 2.639945e+00
-4.247790e-01 -1.055228e+00 2.492535e+00
-1.927770e-01 -1.045989e+00 2.490644e+00
-2.540730e-01 5.000740e-01 2.405379e+00
-4.530570e-01 2.191730e-01 2.562347e+00
-1.250390e-01 2.310350e-01 2.453418e+00
-3.131410e-01 2.710760e-01 2.417851e+00
-2.495300e-01 9.541400e-02 2.590276e+00
-4.515590e-01 -1.242910e-01 2.553736e+00
-5.593000e-02 -1.182190e-01 2.395915e+00
-2.091550e-01 -1.142600e-01 2.586872e+00
-4.967320e-01 -4.116100e-02 2.506112e+00
-3.610700e-02 4.106590e-01 2.272669e+00
-4.886450e-01 -3.197410e-01 2.442916e+00
-1.378850e-01 6.254870e-01 2.114064e+00
-4.858980e-01 -3.807710e-01 2.411482e+00
-1.621920e-01 6.890210e-01 2.123705e+00
-3.435420e-01 -6.273940e-01 2.522609e+00
-1.169240e-01 -6.153540e-01 2.515337e+00
-3.623180e-01 -1.006592e+00 2.635183e+00
-1.338270e-01 -9.913220e-01 2.638540e+00
-4.189360e-01 -1.048797e+00 2.483573e+00
-1.848360e-01 -1.038846e+00 2.486513e+00
-2.518740e-01 5.171860e-01 2.394983e+00
-4.625360e-01 2.265290e-01 2.550182e+00
-1.290090e-01 2.449930e-01 2.458441e+00
-3.165270e-01 2.780520e-01 2.411703e+00
-2.573340e-01 1.100330e-01 2.593086e+00
-4.539730e-01 -1.122890e-01 2.528052e+00
-4.126400e-02 -1.096470e-01 2.422547e+00
-2.177750e-01 -1.049150e-01 2.592193e+00
-5.018960e-01 -3.736200e-02 2.498048e+00
-4.313700e-02 4.169220e-01 2.266160e+00
-4.906390e-01 -3.139030e-01 2.418962e+00
-1.563390e-01 6.315350e-01 2.111296e+00
-4.780870e-01 -3.756730e-01 2.391626e+00
-2.023040e-01 6.801970e-01 2.126777e+00
-3.449390e-01 -6.158850e-01 2.522422e+00
-1.167780e-01 -6.094100e-01 2.510445e+00
-3.575050e-01 -9.991330e-01 2.621309e+00
-1.339710e-01 -9.846280e-01 2.635870e+00
-3.975460e-01 -1.038472e+00 2.463759e+00
-1.641450e-01 -1.035536e+00 2.479440e+00
-2.463910e-01 5.175190e-01 2.388426e+00
-4.612240e-01 2.074990e-01 2.568521e+00
-1.368380e-01 2.358310e-01 2.449817e+00
-3.284970e-01 2.647730e-01 2.419348e+00
-2.504140e-01 9.564800e-02 2.592361e+00
-4.520930e-01 -1.180810e-01 2.551484e+00
-5.523800e-02 -1.116530e-01 2.396784e+00
-2.099840e-01 -1.073700e-01 2.586504e+00
-4.941020e-01 -5.416100e-02 2.502442e+00
-5.480100e-02 4.124700e-01 2.260128e+00
-4.890790e-01 -3.254050e-01 2.406180e+00
-1.329560e-01 6.555860e-01 2.127270e+00
-4.917090e-01 -3.891840e-01 2.380769e+00
-1.399830e-01 7.201810e-01 2.149597e+00
-3.430920e-01 -6.210470e-01 2.522534e+00
-1.150960e-01 -6.093040e-01 2.512375e+00
-3.610470e-01 -9.979780e-01 2.642603e+00
-1.234440e-01 -9.888270e-01 2.625106e+00
-4.157840e-01 -1.043572e+00 2.491283e+00
-1.752890e-01 -1.033055e+00 2.472369e+00
-2.424480e-01 5.109060e-01 2.402016e+00
-4.733560e-01 1.985240e-01 2.580479e+00
-1.589030e-01 2.048700e-01 2.439939e+00
-3.486030e-01 2.427890e-01 2.420396e+00
-2.673010e-01 7.663900e-02 2.594803e+00
-4.470230e-01 -1.244840e-01 2.555775e+00
-5.512200e-02 -1.282620e-01 2.388842e+00
-2.037850e-01 -1.177500e-01 2.583128e+00
-4.930190e-01 -6.074300e-02 2.501017e+00
-7.089000e-02 3.987450e-01 2.270864e+00
-4.908870e-01 -3.296500e-01 2.398269e+00
-9.699500e-02 6.508740e-01 2.134403e+00
-4.852260e-01 -3.961360e-01 2.381898e+00
-7.588500e-02 7.161920e-01 2.137287e+00
-3.462920e-01 -6.301490e-01 2.527610e+00
-1.118380e-01 -6.208170e-01 2.518366e+00
-3.646000e-01 -1.013061e+00 2.626903e+00
-1.325670e-01 -9.973920e-01 2.639102e+00
-4.270430e-01 -1.049202e+00 2.476015e+00
-1.875320e-01 -1.042867e+00 2.487830e+00
-2.519980e-01 4.987310e-01 2.406124e+00
-4.704060e-01 1.929830e-01 2.570002e+00
-1.462850e-01 2.168250e-01 2.450945e+00
-3.368350e-01 2.514760e-01 2.422060e+00
-2.623720e-01 7.524700e-02 2.589489e+00
-4.573240e-01 -1.372280e-01 2.543907e+00
-5.622900e-02 -1.336940e-01 2.400459e+00
-2.163310e-01 -1.250780e-01 2.585531e+00
-5.004640e-01 -6.758500e-02 2.498379e+00
-6.736200e-02 4.022300e-01 2.268393e+00
-4.801490e-01 -3.307970e-01 2.383532e+00
-8.741600e-02 6.432300e-01 2.112189e+00
-4.809440e-01 -3.926320e-01 2.353596e+00
-6.162800e-02 7.069090e-01 2.111623e+00
-3.467270e-01 -6.405070e-01 2.530385e+00
-1.169790e-01 -6.292990e-01 2.521355e+00
-3.643630e-01 -1.024514e+00 2.625482e+00
-1.328170e-01 -1.006692e+00 2.640266e+00
-4.179930e-01 -1.060270e+00 2.471152e+00
-1.791670e-01 -1.053212e+00 2.486448e+00
-2.531210e-01 5.011040e-01 2.402748e+00
-4.685040e-01 1.884740e-01 2.567802e+00
-1.418480e-01 2.250060e-01 2.454473e+00
-3.344200e-01 2.529860e-01 2.422857e+00
-2.568060e-01 7.800300e-02 2.590161e+00
-4.589800e-01 -1.370020e-01 2.541111e+00
-5.616800e-02 -1.317960e-01 2.402608e+00
-2.185510e-01 -1.243090e-01 2.585731e+00
-4.985720e-01 -7.163700e-02 2.494500e+00
-5.549300e-02 3.986190e-01 2.263852e+00
-4.703970e-01 -3.400370e-01 2.394219e+00
-1.056600e-01 6.287220e-01 2.098249e+00
-4.672740e-01 -4.036550e-01 2.368464e+00
-1.012460e-01 6.959490e-01 2.111716e+00
-3.446220e-01 -6.397390e-01 2.530763e+00
-1.174350e-01 -6.282840e-01 2.519849e+00
-3.690330e-01 -1.023624e+00 2.624850e+00
-1.237790e-01 -1.009948e+00 2.625244e+00
-4.200380e-01 -1.058474e+00 2.469426e+00
-1.709130e-01 -1.051934e+00 2.470363e+00
-2.550320e-01 5.034520e-01 2.404362e+00
-4.730520e-01 1.869890e-01 2.574550e+00
-1.506040e-01 2.394700e-01 2.449099e+00
-3.474010e-01 2.569700e-01 2.424670e+00
-2.553360e-01 8.766300e-02 2.590479e+00
-4.557170e-01 -1.299920e-01 2.547857e+00
-5.766600e-02 -1.250490e-01 2.396205e+00
-2.139450e-01 -1.174570e-01 2.584560e+00
-4.940600e-01 -7.350100e-02 2.496297e+00
-4.068600e-02 3.995320e-01 2.257480e+00
-4.581280e-01 -3.461180e-01 2.407856e+00
-1.419670e-01 6.181220e-01 2.098128e+00
-4.491030e-01 -4.102770e-01 2.384997e+00
-1.684530e-01 6.793530e-01 2.114550e+00
-3.453370e-01 -6.331100e-01 2.526994e+00
-1.144810e-01 -6.208060e-01 2.518452e+00
-3.658690e-01 -1.016815e+00 2.622729e+00
-1.342310e-01 -9.972480e-01 2.639768e+00
-4.219720e-01 -1.052124e+00 2.469177e+00
-1.821990e-01 -1.044109e+00 2.486550e+00
-2.500530e-01 4.983960e-01 2.388221e+00
-4.611380e-01 2.033950e-01 2.563429e+00
-1.285600e-01 2.445190e-01 2.459827e+00
-3.231960e-01 2.716300e-01 2.423910e+00
-2.494870e-01 9.375200e-02 2.589922e+00
-4.526050e-01 -1.174360e-01 2.538632e+00
-4.571000e-02 -1.212020e-01 2.412579e+00
-2.134140e-01 -1.121840e-01 2.590770e+00
-4.946020e-01 -5.801500e-02 2.497297e+00
-2.472300e-02 3.870800e-01 2.253133e+00
-4.787160e-01 -3.296750e-01 2.403927e+00
-1.654690e-01 5.837220e-01 2.097273e+00
-4.770940e-01 -3.941860e-01 2.380346e+00
-2.072160e-01 6.329810e-01 2.120747e+00
-3.450770e-01 -6.230550e-01 2.525604e+00
-1.187610e-01 -6.170530e-01 2.519332e+00
-3.613610e-01 -1.003036e+00 2.635899e+00
-1.266810e-01 -9.991250e-01 2.623130e+00
-4.077340e-01 -1.045995e+00 2.481055e+00
-1.702140e-01 -1.040620e+00 2.467068e+00
-2.518030e-01 5.119250e-01 2.389763e+00
-4.512690e-01 2.202940e-01 2.549568e+00
-1.127210e-01 2.408020e-01 2.460539e+00
-3.037760e-01 2.759030e-01 2.414280e+00
-2.469000e-01 1.016170e-01 2.590414e+00
-4.565530e-01 -1.118730e-01 2.523524e+00
-4.292300e-02 -1.143240e-01 2.421686e+00
-2.208950e-01 -1.037300e-01 2.589531e+00
-4.978950e-01 -4.126000e-02 2.492481e+00
-2.307100e-02 3.667440e-01 2.237055e+00
-4.842150e-01 -3.156460e-01 2.406976e+00
-1.781630e-01 5.766590e-01 2.115940e+00
-4.906430e-01 -3.799560e-01 2.430287e+00
-2.113780e-01 6.345200e-01 2.132346e+00
-3.453920e-01 -6.168520e-01 2.523126e+00
-1.175870e-01 -6.119870e-01 2.513965e+00
-3.591000e-01 -9.984980e-01 2.627883e+00
-1.339560e-01 -9.878030e-01 2.637699e+00
-3.971420e-01 -1.040336e+00 2.470483e+00
-1.633470e-01 -1.038136e+00 2.480934e+00
-2.510570e-01 5.211400e-01 2.388716e+00
-4.422370e-01 2.345500e-01 2.548956e+00
-1.018980e-01 2.413870e-01 2.455180e+00
-2.942960e-01 2.838530e-01 2.411725e+00
-2.422540e-01 1.079830e-01 2.587779e+00
-4.514330e-01 -1.047780e-01 2.537852e+00
-4.651400e-02 -1.125580e-01 2.405764e+00
-2.114650e-01 -9.891800e-02 2.586217e+00
-4.988200e-01 -2.721300e-02 2.505804e+00
-1.761000e-03 3.258630e-01 2.217651e+00
-4.859500e-01 -3.027350e-01 2.425695e+00
-1.862970e-01 5.311610e-01 2.138312e+00
-4.872290e-01 -3.712750e-01 2.421099e+00
-1.935320e-01 5.919330e-01 2.107091e+00
-3.463470e-01 -6.114860e-01 2.523814e+00
-1.166820e-01 -6.073230e-01 2.513880e+00
-3.613110e-01 -9.944390e-01 2.623509e+00
-1.348270e-01 -9.826280e-01 2.638909e+00
-4.109830e-01 -1.032853e+00 2.468494e+00
-1.761130e-01 -1.032054e+00 2.484555e+00
-2.531160e-01 5.281600e-01 2.385381e+00
-4.238100e-01 2.417780e-01 2.519235e+00
-6.550400e-02 2.368860e-01 2.484701e+00
-2.528000e-01 2.877060e-01 2.410629e+00
-2.381110e-01 1.068130e-01 2.588661e+00
-4.492590e-01 -9.456600e-02 2.486085e+00
-2.510500e-02 -1.127670e-01 2.451033e+00
-2.268510e-01 -9.394900e-02 2.588519e+00
-4.931500e-01 -2.038400e-02 2.515586e+00
2.475400e-02 1.452920e-01 2.245924e+00
-4.823860e-01 -2.938730e-01 2.428719e+00
-1.547360e-01 3.522760e-01 2.159908e+00
-4.802940e-01 -3.590150e-01 2.406979e+00
-2.064510e-01 3.859030e-01 2.129656e+00
-3.486990e-01 -6.022090e-01 2.523725e+00
-1.186470e-01 -6.089650e-01 2.507485e+00
-3.559750e-01 -9.845780e-01 2.626472e+00
-1.343120e-01 -9.820570e-01 2.639290e+00
-3.718360e-01 -1.027503e+00 2.465604e+00
-1.388800e-01 -1.037577e+00 2.481590e+00
-2.631520e-01 5.261710e-01 2.386846e+00
-4.275180e-01 2.324140e-01 2.516962e+00
-6.961000e-02 2.411460e-01 2.479205e+00
-2.593900e-01 2.838520e-01 2.406342e+00
-2.360840e-01 1.055230e-01 2.586034e+00
-4.465840e-01 -1.022590e-01 2.487778e+00
-2.367300e-02 -1.142940e-01 2.438093e+00
-2.207850e-01 -9.735600e-02 2.582378e+00
-4.907620e-01 -3.124200e-02 2.519544e+00
3.403700e-02 4.481000e-02 2.323544e+00
-4.761240e-01 -3.066170e-01 2.439674e+00
-1.521670e-01 2.048700e-01 2.174770e+00
-4.900910e-01 -3.629140e-01 2.402850e+00
-2.179820e-01 2.083410e-01 2.155360e+00
-3.488480e-01 -6.067910e-01 2.531382e+00
-1.189350e-01 -6.116040e-01 2.508645e+00
-3.568900e-01 -9.898360e-01 2.631520e+00
-1.243960e-01 -9.885770e-01 2.629794e+00
-3.783970e-01 -1.031363e+00 2.470941e+00
-1.380980e-01 -1.039398e+00 2.471043e+00
-2.674010e-01 5.254720e-01 2.385884e+00
-4.414900e-01 2.196630e-01 2.526149e+00
-8.633900e-02 2.398350e-01 2.470826e+00
-2.807120e-01 2.778550e-01 2.408193e+00
-2.431650e-01 9.761300e-02 2.583512e+00
-4.503550e-01 -1.112830e-01 2.493026e+00
-2.949900e-02 -1.119330e-01 2.427094e+00
-2.213120e-01 -9.915900e-02 2.578761e+00
-4.937330e-01 -4.477400e-02 2.526670e+00
2.504800e-02 -9.080000e-04 2.422949e+00
-4.798530e-01 -3.145440e-01 2.434543e+00
-1.422420e-01 4.092200e-02 2.195529e+00
-4.727170e-01 -3.760370e-01 2.404742e+00
-1.970090e-01 1.634900e-02 2.162104e+00
-3.488820e-01 -6.128450e-01 2.530206e+00
-1.188580e-01 -6.114080e-01 2.510379e+00
-3.582980e-01 -9.974340e-01 2.624113e+00
-1.272860e-01 -9.896980e-01 2.627175e+00
-3.852420e-01 -1.035966e+00 2.463608e+00
-1.469220e-01 -1.038297e+00 2.468351e+00
-2.714240e-01 5.224730e-01 2.387427e+00
-4.439270e-01 2.187760e-01 2.527409e+00
-8.927600e-02 2.411250e-01 2.469763e+00
-2.842260e-01 2.802430e-01 2.409651e+00
-2.448920e-01 9.579400e-02 2.580136e+00
-4.553930e-01 -1.246160e-01 2.507189e+00
-3.717400e-02 -1.082830e-01 2.427857e+00
-2.242920e-01 -1.052330e-01 2.585768e+00
-5.055890e-01 -4.194500e-02 2.518810e+00
1.879800e-02 -3.757000e-03 2.484063e+00
-4.730190e-01 -3.143980e-01 2.446269e+00
-7.515400e-02 -1.434490e-01 2.255562e+00
-4.833990e-01 -3.779590e-01 2.422338e+00
-9.956600e-02 -1.986190e-01 2.222688e+00
-3.519520e-01 -6.221940e-01 2.529049e+00
-1.224130e-01 -6.135680e-01 2.507216e+00
-3.616090e-01 -1.007244e+00 2.621021e+00
-1.297620e-01 -9.865260e-01 2.640122e+00
-3.934340e-01 -1.044635e+00 2.461140e+00
-1.515620e-01 -1.041808e+00 2.483785e+00
-2.719870e-01 5.157430e-01 2.372740e+00
-4.427860e-01 2.226950e-01 2.520375e+00
-8.647600e-02 2.405930e-01 2.472177e+00
-2.792310e-01 2.830660e-01 2.407439e+00
-2.469220e-01 9.638600e-02 2.576969e+00
-4.562190e-01 -1.241900e-01 2.498363e+00
-3.401600e-02 -1.108290e-01 2.443285e+00
-2.300180e-01 -1.038460e-01 2.589890e+00
-5.063910e-01 -3.770300e-02 2.511220e+00
1.365400e-02 -8.209000e-03 2.475082e+00
-4.726200e-01 -3.117400e-01 2.444795e+00
-4.436200e-02 -2.234120e-01 2.299097e+00
-4.975160e-01 -3.664750e-01 2.478031e+00
-2.410800e-02 -2.835980e-01 2.272870e+00
-3.504610e-01 -6.224660e-01 2.531260e+00
-1.224450e-01 -6.163480e-01 2.508172e+00
-3.587790e-01 -1.007641e+00 2.622841e+00
-1.332230e-01 -9.883370e-01 2.643539e+00
-3.812320e-01 -1.045519e+00 2.461491e+00
-1.450090e-01 -1.045086e+00 2.486653e+00
-2.709070e-01 5.156830e-01 2.368017e+00
-4.416830e-01 2.254160e-01 2.511508e+00
-8.373700e-02 2.399060e-01 2.475952e+00
-2.737070e-01 2.813980e-01 2.402883e+00
-2.488520e-01 9.986200e-02 2.579123e+00
-4.551940e-01 -1.103900e-01 2.488091e+00
-3.172200e-02 -1.155940e-01 2.442140e+00
-2.303460e-01 -9.802500e-02 2.584260e+00
-5.003070e-01 -3.715900e-02 2.503952e+00
9.859000e-03 -1.223300e-02 2.486220e+00
-4.834860e-01 -3.154540e-01 2.444946e+00
-9.030000e-04 -2.655260e-01 2.356070e+00
-4.267330e-01 -3.447480e-01 2.419623e+00
-1.661000e-03 -3.292920e-01 2.330503e+00
-3.472610e-01 -6.140820e-01 2.527573e+00
-1.212320e-01 -6.148560e-01 2.510501e+00
-3.605760e-01 -9.973640e-01 2.626232e+00
-1.225740e-01 -9.934540e-01 2.626595e+00
-3.791740e-01 -1.038191e+00 2.465112e+00
-1.343560e-01 -1.042326e+00 2.467079e+00
-2.676210e-01 5.156390e-01 2.359404e+00
-4.364570e-01 2.270980e-01 2.510372e+00
-7.838700e-02 2.406720e-01 2.475714e+00
-2.680760e-01 2.819580e-01 2.401802e+00
-2.440460e-01 1.017060e-01 2.579469e+00
-4.476120e-01 -1.046820e-01 2.494152e+00
-2.492000e-02 -1.167610e-01 2.442655e+00
-2.213890e-01 -9.852500e-02 2.587656e+00
-4.956930e-01 -3.741300e-02 2.504680e+00
1.265400e-02 -1.464100e-02 2.481588e+00
-4.639760e-01 -3.103280e-01 2.421485e+00
4.027600e-02 -2.929770e-01 2.416965e+00
-4.916910e-01 -3.685340e-01 2.397728e+00
4.849600e-02 -3.599590e-01 2.429858e+00
-3.506540e-01 -6.105550e-01 2.525433e+00
-1.215020e-01 -6.145850e-01 2.510762e+00
-3.589990e-01 -9.956460e-01 2.617362e+00
-1.332910e-01 -9.880530e-01 2.641907e+00
-3.812820e-01 -1.033677e+00 2.456025e+00
-1.458760e-01 -1.042955e+00 2.484427e+00
-2.695780e-01 5.167650e-01 2.359461e+00
-4.343510e-01 2.276160e-01 2.507325e+00
-7.589400e-02 2.403740e-01 2.476569e+00
-2.646670e-01 2.825960e-01 2.400863e+00
-2.430350e-01 1.013090e-01 2.577784e+00
-4.458880e-01 -1.053940e-01 2.484669e+00
-2.127200e-02 -1.148860e-01 2.451828e+00
-2.240530e-01 -9.873400e-02 2.588126e+00
-4.921210e-01 -3.805500e-02 2.502952e+00
1.477400e-02 -1.560600e-02 2.490391e+00
-4.758430e-01 -3.072000e-01 2.402016e+00
4.793200e-02 -2.958300e-01 2.433233e+00
-4.759160e-01 -3.732990e-01 2.383271e+00
5.598700e-02 -3.597700e-01 2.457050e+00
-3.503760e-01 -6.098570e-01 2.526142e+00
-1.196790e-01 -6.140820e-01 2.509542e+00
-3.630650e-01 -9.940790e-01 2.621162e+00
-1.236560e-01 -9.911500e-01 2.630453e+00
-3.781480e-01 -1.033598e+00 2.459349e+00
-1.309870e-01 -1.042100e+00 2.471322e+00
-2.668010e-01 5.200340e-01 2.365762e+00
-4.345150e-01 2.268000e-01 2.511555e+00
-7.664200e-02 2.432880e-01 2.476120e+00
-2.668140e-01 2.841080e-01 2.403196e+00
-2.410470e-01 1.019580e-01 2.578670e+00
-4.483990e-01 -1.100480e-01 2.473298e+00
-2.273000e-02 -1.099130e-01 2.456766e+00
-2.309030e-01 -9.807300e-02 2.585148e+00
-4.933770e-01 -3.927100e-02 2.497303e+00
1.282700e-02 -1.347700e-02 2.499120e+00
-4.718300e-01 -3.121100e-01 2.404703e+00
4.767200e-02 -2.939520e-01 2.439125e+00
-4.760260e-01 -3.763100e-01 2.380595e+00
5.275700e-02 -3.608120e-01 2.454100e+00
-3.498110e-01 -6.105720e-01 2.529341e+00
-1.188500e-01 -6.121050e-01 2.507723e+00
-3.576560e-01 -9.919560e-01 2.635642e+00
-1.357350e-01 -9.841960e-01 2.642183e+00
-3.664350e-01 -1.036632e+00 2.474709e+00
-1.339160e-01 -1.041106e+00 2.484924e+00
-2.682780e-01 5.173690e-01 2.361556e+00
