-3.279890e-01 2.863130e-01 2.692194e+00
5.971000e-03 2.903650e-01 2.688918e+00
-1.587400e-01 1.435990e-01 2.742808e+00
-8.210000e-04 -4.128500e-02 2.609357e+00
-3.664320e-01 1.474600e-02 2.678108e+00
-3.742000e-01 -2.605630e-01 2.592098e+00
-3.721880e-01 -3.181280e-01 2.617921e+00
-2.784120e-01 -5.609370e-01 2.693263e+00
-3.079200e-01 -9.722930e-01 2.782702e+00
-3.131350e-01 -1.004131e+00 2.634549e+00
-1.538890e-01 5.320760e-01 2.584834e+00
4.493000e-03 2.914450e-01 2.688774e+00
-1.604310e-01 1.450550e-01 2.743034e+00
-2.924000e-03 -4.064100e-02 2.607207e+00
-3.699740e-01 1.659300e-02 2.682781e+00
-3.778940e-01 -2.612520e-01 2.604395e+00
-3.741900e-01 -3.240550e-01 2.599235e+00
-2.792560e-01 -5.608580e-01 2.690135e+00
-3.086020e-01 -9.714290e-01 2.783165e+00
-3.165430e-01 -1.004350e+00 2.635370e+00
-1.588440e-01 5.341280e-01 2.586260e+00
6.166000e-03 2.890310e-01 2.684261e+00
-1.581000e-01 1.432630e-01 2.742076e+00
-2.566000e-03 -4.332900e-02 2.602790e+00
-3.708030e-01 1.406200e-02 2.677213e+00
-3.730860e-01 -2.642710e-01 2.596478e+00
-3.642090e-01 -3.243390e-01 2.613729e+00
-2.798520e-01 -5.622650e-01 2.690584e+00
-3.056540e-01 -9.735360e-01 2.781549e+00
-3.200490e-01 -1.005271e+00 2.633982e+00
-1.509170e-01 5.344570e-01 2.588387e+00
7.045000e-03 2.898910e-01 2.685457e+00
-1.572290e-01 1.434070e-01 2.741406e+00
-1.162000e-03 -4.237800e-02 2.607766e+00
-3.717460e-01 1.278400e-02 2.682488e+00
-3.731660e-01 -2.637930e-01 2.595006e+00
-3.883590e-01 -3.223810e-01 2.612928e+00
-2.794510e-01 -5.624860e-01 2.689810e+00
-3.082700e-01 -9.729620e-01 2.783419e+00
-3.164800e-01 -1.006078e+00 2.635683e+00
-1.600100e-01 5.342860e-01 2.586442e+00
7.677000e-03 2.929510e-01 2.687777e+00
-1.549950e-01 1.434570e-01 2.740346e+00
-2.191000e-03 -4.215100e-02 2.603654e+00
-3.710940e-01 1.347500e-02 2.680684e+00
-3.741530e-01 -2.625970e-01 2.594548e+00
-3.715830e-01 -3.221900e-01 2.615204e+00
-2.806370e-01 -5.601030e-01 2.690623e+00
-3.087010e-01 -9.711800e-01 2.781796e+00
-3.229220e-01 -1.002940e+00 2.634218e+00
-1.449580e-01 5.317250e-01 2.584400e+00
5.068000e-03 2.904600e-01 2.684562e+00
-1.568960e-01 1.405930e-01 2.738246e+00
-3.756000e-03 -4.469000e-02 2.607533e+00
-3.732660e-01 8.889000e-03 2.687921e+00
-3.790860e-01 -2.666460e-01 2.598149e+00
-3.748130e-01 -3.286430e-01 2.609223e+00
-2.812440e-01 -5.625120e-01 2.691341e+00
-3.089170e-01 -9.733340e-01 2.783772e+00
-3.188570e-01 -1.005907e+00 2.636022e+00
-1.532810e-01 5.317800e-01 2.586626e+00
4.660000e-03 2.849450e-01 2.684333e+00
-1.583670e-01 1.375760e-01 2.741591e+00
5.790000e-04 -4.395000e-02 2.606385e+00
-3.742760e-01 7.247000e-03 2.694875e+00
-3.743830e-01 -2.691440e-01 2.604722e+00
-3.587900e-01 -3.300170e-01 2.598744e+00
-2.822980e-01 -5.637060e-01 2.691514e+00
-3.086480e-01 -9.747350e-01 2.783409e+00
-3.182020e-01 -1.007168e+00 2.635602e+00
-1.575660e-01 5.251740e-01 2.582957e+00
4.975000e-03 2.846270e-01 2.683989e+00
-1.592360e-01 1.392460e-01 2.742921e+00
3.045000e-03 -4.388100e-02 2.614959e+00
-3.751030e-01 1.015600e-02 2.691354e+00
-3.713540e-01 -2.686540e-01 2.606666e+00
-3.544240e-01 -3.294290e-01 2.604597e+00
-2.844860e-01 -5.627320e-01 2.692847e+00
-3.084880e-01 -9.741220e-01 2.783768e+00
-3.115120e-01 -1.006668e+00 2.635708e+00
-1.581690e-01 5.306740e-01 2.590688e+00
7.470000e-04 2.874060e-01 2.688188e+00
-1.627190e-01 1.408800e-01 2.746356e+00
3.564000e-03 -4.114000e-02 2.616055e+00
-3.773020e-01 9.378000e-03 2.697241e+00
-3.681550e-01 -2.652370e-01 2.599889e+00
-3.624350e-01 -3.280680e-01 2.597867e+00
-2.830280e-01 -5.627880e-01 2.694203e+00
-3.131270e-01 -9.740200e-01 2.784012e+00
-3.186220e-01 -1.005966e+00 2.635892e+00
-1.665110e-01 5.342160e-01 2.596816e+00
7.454000e-03 2.780520e-01 2.687170e+00
-1.629660e-01 1.409690e-01 2.748322e+00
4.244000e-03 -4.066700e-02 2.625884e+00
-3.765610e-01 1.957100e-02 2.697068e+00
-3.654070e-01 -2.533800e-01 2.602134e+00
-3.583320e-01 -3.155120e-01 2.593534e+00
-2.819360e-01 -5.639340e-01 2.690366e+00
-3.103340e-01 -9.744480e-01 2.783939e+00
-3.088070e-01 -1.008244e+00 2.636137e+00
-1.666450e-01 5.400490e-01 2.610675e+00
7.304000e-03 2.837630e-01 2.696404e+00
-1.619150e-01 1.413680e-01 2.748003e+00
4.993000e-03 -3.951800e-02 2.628746e+00
-3.743510e-01 1.645300e-02 2.694165e+00
-3.658990e-01 -2.581390e-01 2.599072e+00
-3.575950e-01 -3.203300e-01 2.592162e+00
-2.821140e-01 -5.612910e-01 2.691747e+00
-3.096100e-01 -9.718580e-01 2.785360e+00
-3.043230e-01 -1.005880e+00 2.637696e+00
-1.543800e-01 5.385530e-01 2.607189e+00
1.023400e-02 2.889300e-01 2.677658e+00
-1.569590e-01 1.506130e-01 2.744660e+00
-5.200000e-04 -3.301300e-02 2.603400e+00
-3.734250e-01 3.260200e-02 2.695046e+00
-3.662350e-01 -2.438450e-01 2.604798e+00
-3.626600e-01 -3.043390e-01 2.587131e+00
-2.827540e-01 -5.595550e-01 2.692082e+00
-3.078480e-01 -9.710120e-01 2.782403e+00
-3.221540e-01 -1.002544e+00 2.634785e+00
-1.617960e-01 5.437760e-01 2.599788e+00
-2.044400e-02 3.012610e-01 2.653236e+00
-1.632500e-01 1.554880e-01 2.741606e+00
-1.326600e-02 -1.966600e-02 2.570069e+00
-3.699590e-01 3.947200e-02 2.698418e+00
-3.665870e-01 -2.345130e-01 2.609017e+00
-3.649130e-01 -2.970440e-01 2.617474e+00
-2.808600e-01 -5.487770e-01 2.683760e+00
-3.050840e-01 -9.587580e-01 2.780779e+00
-3.492550e-01 -9.896830e-01 2.639066e+00
-1.731240e-01 5.394770e-01 2.588038e+00
-3.615000e-02 2.907920e-01 2.641818e+00
-1.736720e-01 1.509630e-01 2.739576e+00
-1.344400e-02 -2.901000e-02 2.555845e+00
-3.687190e-01 3.929700e-02 2.699724e+00
-3.660210e-01 -2.347860e-01 2.613235e+00
-3.740610e-01 -2.971620e-01 2.618631e+00
-2.813930e-01 -5.504660e-01 2.685821e+00
-3.078390e-01 -9.620400e-01 2.775216e+00
-3.586670e-01 -9.892350e-01 2.634976e+00
-1.747710e-01 5.378130e-01 2.586440e+00
-3.450700e-02 2.853860e-01 2.627445e+00
-1.679850e-01 1.551420e-01 2.737202e+00
-1.388700e-02 -3.617700e-02 2.547778e+00
-3.666650e-01 4.886200e-02 2.697632e+00
-3.643830e-01 -2.235330e-01 2.610142e+00
-3.630000e-01 -2.864580e-01 2.614948e+00
-2.817290e-01 -5.505870e-01 2.685033e+00
-3.094520e-01 -9.625920e-01 2.772021e+00
-3.648610e-01 -9.881690e-01 2.633219e+00
-1.660030e-01 5.428470e-01 2.578573e+00
-4.010800e-02 2.901120e-01 2.621215e+00
-1.627300e-01 1.494220e-01 2.729218e+00
-1.487100e-02 -4.042700e-02 2.542806e+00
-3.656590e-01 4.213300e-02 2.698894e+00
-3.675500e-01 -2.296540e-01 2.615219e+00
-3.694070e-01 -2.927250e-01 2.616988e+00
-2.795510e-01 -5.469980e-01 2.686400e+00
-3.106300e-01 -9.597000e-01 2.768833e+00
-3.692430e-01 -9.828330e-01 2.630921e+00
-1.635240e-01 5.360640e-01 2.578062e+00
-5.443200e-02 2.834280e-01 2.607023e+00
-1.625680e-01 1.400160e-01 2.723879e+00
-2.384000e-02 -4.625600e-02 2.528001e+00
-3.724990e-01 2.286500e-02 2.700573e+00
-3.637720e-01 -2.472400e-01 2.615334e+00
-3.726720e-01 -3.084200e-01 2.628073e+00
-2.841390e-01 -5.582220e-01 2.689782e+00
-3.088880e-01 -9.717550e-01 2.770169e+00
-3.812970e-01 -9.929870e-01 2.638654e+00
-1.335330e-01 5.323040e-01 2.591936e+00
-5.305500e-02 2.841230e-01 2.604373e+00
-1.630570e-01 1.460050e-01 2.724999e+00
-2.381100e-02 -4.360400e-02 2.529663e+00
-3.702270e-01 3.540200e-02 2.710280e+00
-3.647600e-01 -2.364670e-01 2.619124e+00
-3.742200e-01 -2.982850e-01 2.627694e+00
-2.846030e-01 -5.523610e-01 2.690508e+00
-3.082020e-01 -9.662110e-01 2.769600e+00
-3.799610e-01 -9.873250e-01 2.637710e+00
-1.096360e-01 5.323620e-01 2.587122e+00
-6.249400e-02 3.032920e-01 2.599413e+00
-1.498490e-01 1.457140e-01 2.718867e+00
-3.737200e-02 -4.412400e-02 2.519599e+00
-3.766400e-01 5.942000e-03 2.720093e+00
-3.685160e-01 -2.658460e-01 2.630210e+00
-3.641490e-01 -3.285110e-01 2.636420e+00
-2.846620e-01 -5.565770e-01 2.695768e+00
-3.066330e-01 -9.711920e-01 2.771237e+00
-3.906890e-01 -9.894660e-01 2.646374e+00
-1.280740e-01 5.299660e-01 2.592848e+00
-5.516800e-02 3.190550e-01 2.595729e+00
-1.401140e-01 1.630820e-01 2.719743e+00
-3.763100e-02 -4.046000e-02 2.521862e+00
-3.756070e-01 1.962300e-02 2.726652e+00
-3.684760e-01 -2.515560e-01 2.638703e+00
-3.748780e-01 -3.143250e-01 2.640595e+00
-2.877200e-01 -5.508170e-01 2.700895e+00
-3.076360e-01 -9.665860e-01 2.770340e+00
-3.902930e-01 -9.836660e-01 2.644379e+00
-1.238610e-01 5.517880e-01 2.599419e+00
-5.807000e-02 3.103940e-01 2.596059e+00
-1.427760e-01 1.509600e-01 2.716624e+00
-3.761600e-02 -4.510400e-02 2.524267e+00
-3.782730e-01 5.675000e-03 2.727939e+00
-3.687430e-01 -2.627920e-01 2.635535e+00
-3.786630e-01 -3.230890e-01 2.651358e+00
-2.890740e-01 -5.555310e-01 2.697923e+00
-3.078140e-01 -9.708420e-01 2.770377e+00
-3.906990e-01 -9.890240e-01 2.644720e+00
-1.379410e-01 5.408760e-01 2.601918e+00
-6.337900e-02 3.050650e-01 2.601465e+00
-1.532600e-01 1.528810e-01 2.726622e+00
-3.584000e-02 -4.425700e-02 2.526793e+00
-3.771360e-01 1.614900e-02 2.724324e+00
-3.725850e-01 -2.529210e-01 2.637900e+00
-3.839790e-01 -3.112010e-01 2.659303e+00
-2.900360e-01 -5.543090e-01 2.698888e+00
-3.064290e-01 -9.701640e-01 2.768742e+00
-3.875870e-01 -9.882630e-01 2.641951e+00
-1.348110e-01 5.385880e-01 2.599688e+00
-6.071200e-02 2.991670e-01 2.604184e+00
-1.517090e-01 1.443770e-01 2.725778e+00
-3.325900e-02 -5.210700e-02 2.531991e+00
-3.756040e-01 5.266000e-03 2.716271e+00
-3.728150e-01 -2.626480e-01 2.628936e+00
-3.745640e-01 -3.230900e-01 2.647052e+00
-2.885910e-01 -5.621980e-01 2.698969e+00
-3.081330e-01 -9.781180e-01 2.767618e+00
-3.860620e-01 -9.957270e-01 2.638749e+00
-1.329990e-01 5.313810e-01 2.600181e+00
-6.278900e-02 2.984070e-01 2.612592e+00
-1.560170e-01 1.396340e-01 2.727907e+00
-3.439700e-02 -5.092100e-02 2.535403e+00
-3.763950e-01 9.130000e-04 2.716421e+00
-3.698920e-01 -2.647260e-01 2.624888e+00
-3.648500e-01 -3.262770e-01 2.637947e+00
-2.902050e-01 -5.658500e-01 2.696903e+00
-3.089800e-01 -9.811940e-01 2.769154e+00
-3.856910e-01 -1.000236e+00 2.639759e+00
-1.304620e-01 5.257670e-01 2.602737e+00
-6.519700e-02 3.034800e-01 2.616887e+00
-1.581360e-01 1.459690e-01 2.733762e+00
-3.313800e-02 -4.169000e-02 2.533301e+00
-3.746230e-01 1.227100e-02 2.709055e+00
-3.659090e-01 -2.580400e-01 2.620358e+00
-3.697690e-01 -3.185970e-01 2.637749e+00
-2.860200e-01 -5.591220e-01 2.691438e+00
-3.058670e-01 -9.728930e-01 2.771956e+00
-3.860360e-01 -9.937610e-01 2.644962e+00
-1.217810e-01 5.276050e-01 2.602427e+00
-5.093400e-02 2.907170e-01 2.623519e+00
-1.631800e-01 1.414890e-01 2.732553e+00
-2.514200e-02 -4.310400e-02 2.542113e+00
-3.698490e-01 2.238100e-02 2.701916e+00
-3.709720e-01 -2.536370e-01 2.628228e+00
-3.659970e-01 -3.163090e-01 2.622579e+00
-2.871670e-01 -5.570610e-01 2.690295e+00
-3.077500e-01 -9.706810e-01 2.771407e+00
-3.791870e-01 -9.929860e-01 2.639538e+00
-1.208990e-01 5.331450e-01 2.609856e+00
-3.634700e-02 2.852710e-01 2.629166e+00
-1.691910e-01 1.612940e-01 2.743841e+00
-2.022400e-02 -3.569900e-02 2.550455e+00
-3.707520e-01 6.927600e-02 2.708865e+00
-3.763240e-01 -2.035470e-01 2.628219e+00
-3.825310e-01 -2.663540e-01 2.627110e+00
-2.848450e-01 -5.444420e-01 2.688280e+00
-3.084910e-01 -9.575370e-01 2.771212e+00
-3.714710e-01 -9.812100e-01 2.635332e+00
-1.180890e-01 5.486480e-01 2.619478e+00
-3.796000e-02 2.769940e-01 2.624882e+00
-1.732830e-01 1.558310e-01 2.739167e+00
-2.158600e-02 -4.217000e-02 2.550326e+00
-3.700270e-01 6.520400e-02 2.708898e+00
-3.744060e-01 -2.076670e-01 2.625696e+00
-3.861990e-01 -2.696280e-01 2.623177e+00
-2.867450e-01 -5.451270e-01 2.685510e+00
-3.075860e-01 -9.577090e-01 2.771683e+00
-3.712040e-01 -9.827620e-01 2.636350e+00
-1.222490e-01 5.397970e-01 2.624755e+00
-3.940200e-02 2.748130e-01 2.626066e+00
-1.748480e-01 1.540150e-01 2.740080e+00
-2.135600e-02 -3.836000e-02 2.553136e+00
-3.732370e-01 6.547900e-02 2.707433e+00
-3.747010e-01 -2.084150e-01 2.631592e+00
-3.815560e-01 -2.702220e-01 2.620754e+00
-2.856970e-01 -5.481640e-01 2.690169e+00
-3.098410e-01 -9.614170e-01 2.772167e+00
-3.713070e-01 -9.849300e-01 2.635568e+00
-1.284100e-01 5.336030e-01 2.607947e+00
-3.703600e-02 2.810350e-01 2.634272e+00
-1.737680e-01 1.571240e-01 2.744410e+00
-2.062700e-02 -3.639300e-02 2.553570e+00
-3.725550e-01 6.731500e-02 2.708052e+00
-3.787590e-01 -2.091570e-01 2.637792e+00
-3.847470e-01 -2.699660e-01 2.621952e+00
-2.862300e-01 -5.441390e-01 2.689996e+00
-3.076870e-01 -9.576270e-01 2.771553e+00
-3.688870e-01 -9.814080e-01 2.634881e+00
-1.328650e-01 5.338530e-01 2.609621e+00
-4.985900e-02 2.957970e-01 2.633764e+00
-1.652010e-01 1.431090e-01 2.735921e+00
-2.696600e-02 -4.162800e-02 2.554833e+00
-3.767560e-01 1.974500e-02 2.712480e+00
-3.757340e-01 -2.508360e-01 2.627172e+00
-3.702330e-01 -3.133770e-01 2.620624e+00
-2.892830e-01 -5.567900e-01 2.694353e+00
-3.089610e-01 -9.711520e-01 2.771816e+00
-3.725960e-01 -9.935170e-01 2.636020e+00
-1.367760e-01 5.346630e-01 2.611097e+00
-5.694800e-02 3.057260e-01 2.631602e+00
-1.636090e-01 1.500210e-01 2.739689e+00
-3.509600e-02 -3.367300e-02 2.544899e+00
-3.790150e-01 2.337600e-02 2.716095e+00
-3.819330e-01 -2.536030e-01 2.640697e+00
-3.747240e-01 -3.160510e-01 2.634966e+00
-2.915060e-01 -5.502430e-01 2.693697e+00
-3.089370e-01 -9.649020e-01 2.770105e+00
-3.839350e-01 -9.857260e-01 2.639983e+00
-1.034710e-01 5.238350e-01 2.602699e+00
-5.135200e-02 3.100100e-01 2.633126e+00
-1.587170e-01 1.528070e-01 2.739106e+00
-3.436200e-02 -3.435400e-02 2.550584e+00
-3.799350e-01 1.730800e-02 2.718575e+00
-3.847570e-01 -2.600980e-01 2.636463e+00
-3.740990e-01 -3.218590e-01 2.643980e+00
-2.911560e-01 -5.490380e-01 2.697701e+00
-3.110290e-01 -9.638510e-01 2.772660e+00
-3.813240e-01 -9.844730e-01 2.639907e+00
-1.164670e-01 5.361920e-01 2.615552e+00
-6.397900e-02 2.969470e-01 2.620562e+00
-1.611140e-01 1.401100e-01 2.735758e+00
-3.824600e-02 -5.208500e-02 2.548298e+00
-3.820500e-01 -5.378000e-03 2.724615e+00
-3.834090e-01 -2.802470e-01 2.641530e+00
-3.535420e-01 -3.354460e-01 2.634773e+00
-2.944050e-01 -5.657670e-01 2.706248e+00
-3.112860e-01 -9.825770e-01 2.770031e+00
-3.834020e-01 -9.998940e-01 2.637783e+00
-1.403360e-01 5.321270e-01 2.631336e+00
-6.419600e-02 3.070650e-01 2.619360e+00
-2.457680e-01 3.545430e-01 2.613031e+00
-1.617050e-01 1.544750e-01 2.740219e+00
-3.273190e-01 -3.369300e-02 2.704132e+00
-3.924400e-02 -4.565400e-02 2.547720e+00
-1.294580e-01 -3.877100e-02 2.724988e+00
-3.811360e-01 1.384500e-02 2.727968e+00
7.814200e-02 5.016170e-01 2.493153e+00
-3.808250e-01 -2.590570e-01 2.642833e+00
2.172120e-01 7.171370e-01 2.366924e+00
-3.799920e-01 -3.201430e-01 2.658719e+00
2.593360e-01 7.640050e-01 2.370605e+00
-2.907340e-01 -5.604080e-01 2.702497e+00
-5.724800e-02 -5.562080e-01 2.681734e+00
-3.113310e-01 -9.761130e-01 2.772136e+00
2.455400e-02 -9.613430e-01 2.766927e+00
-3.848710e-01 -9.944680e-01 2.640816e+00
-4.645800e-02 -1.002491e+00 2.639435e+00
-1.300870e-01 5.443140e-01 2.622451e+00
-3.482850e-01 2.762420e-01 2.769478e+00
-6.086700e-02 3.081000e-01 2.626806e+00
-2.434800e-01 3.564340e-01 2.621076e+00
-1.617900e-01 1.501470e-01 2.739580e+00
-3.281800e-01 -3.015300e-02 2.701539e+00
-3.881800e-02 -4.159000e-02 2.547482e+00
-1.304970e-01 -3.523700e-02 2.724016e+00
-3.822600e-01 1.102800e-02 2.725347e+00
8.289300e-02 4.953300e-01 2.493697e+00
-3.790990e-01 -2.604690e-01 2.639658e+00
2.237430e-01 7.054410e-01 2.363017e+00
-3.789270e-01 -3.215150e-01 2.655716e+00
2.687070e-01 7.495670e-01 2.366982e+00
-2.924980e-01 -5.565480e-01 2.701194e+00
-5.664700e-02 -5.516230e-01 2.683408e+00
-3.117930e-01 -9.720440e-01 2.772434e+00
2.369100e-02 -9.589770e-01 2.758856e+00
-3.843950e-01 -9.912560e-01 2.640714e+00
-4.688900e-02 -9.967470e-01 2.630085e+00
-1.347300e-01 5.402600e-01 2.628802e+00
-3.405950e-01 2.976670e-01 2.770205e+00
-4.534500e-02 3.240350e-01 2.639389e+00
-2.274310e-01 3.780690e-01 2.628193e+00
-1.569490e-01 1.665400e-01 2.744633e+00
-3.304030e-01 -1.741700e-02 2.697733e+00
-3.381900e-02 -2.226900e-02 2.557698e+00
-1.340390e-01 -2.312400e-02 2.729644e+00
-3.786620e-01 3.476100e-02 2.724543e+00
8.106400e-02 5.029400e-01 2.482330e+00
-3.889910e-01 -2.396030e-01 2.655167e+00
1.819230e-01 7.275470e-01 2.342422e+00
-3.848130e-01 -3.009770e-01 2.641019e+00
2.216100e-01 7.765890e-01 2.344507e+00
-2.922120e-01 -5.425380e-01 2.693567e+00
-5.847700e-02 -5.366400e-01 2.677406e+00
-3.094190e-01 -9.572230e-01 2.769883e+00
2.275300e-02 -9.427200e-01 2.758555e+00
-3.756070e-01 -9.792530e-01 2.635258e+00
-4.052100e-02 -9.817830e-01 2.626416e+00
-1.177860e-01 5.499010e-01 2.621143e+00
-3.437730e-01 2.786530e-01 2.762044e+00
-4.377400e-02 3.167420e-01 2.644522e+00
-2.272550e-01 3.651780e-01 2.626489e+00
-1.550730e-01 1.538520e-01 2.742256e+00
-3.312430e-01 -2.436800e-02 2.691766e+00
-3.033400e-02 -3.173000e-02 2.561404e+00
-1.360530e-01 -3.120500e-02 2.730024e+00
-3.794480e-01 2.031800e-02 2.719401e+00
6.776300e-02 4.952960e-01 2.484818e+00
-3.822710e-01 -2.470650e-01 2.644747e+00
1.108810e-01 7.199650e-01 2.327528e+00
-3.860540e-01 -3.072200e-01 2.663497e+00
1.282070e-01 7.793420e-01 2.314932e+00
-2.907300e-01 -5.502270e-01 2.692067e+00
-5.687000e-02 -5.446800e-01 2.682526e+00
-3.099170e-01 -9.643560e-01 2.770887e+00
2.634100e-02 -9.511640e-01 2.759534e+00
-3.715280e-01 -9.875000e-01 2.634291e+00
-3.328000e-02 -9.888000e-01 2.625299e+00
-1.239990e-01 5.402570e-01 2.629581e+00
-3.381260e-01 2.844600e-01 2.759031e+00
-3.500000e-02 3.146520e-01 2.647811e+00
-2.166440e-01 3.676640e-01 2.625775e+00
-1.522660e-01 1.548900e-01 2.743475e+00
-3.306440e-01 -2.252100e-02 2.689019e+00
-2.616800e-02 -2.862800e-02 2.567151e+00
-1.366110e-01 -2.968800e-02 2.732714e+00
-3.775920e-01 2.350600e-02 2.714564e+00
5.915100e-02 4.976710e-01 2.476724e+00
-3.786820e-01 -2.469040e-01 2.637473e+00
3.401500e-02 7.281330e-01 2.317596e+00
-3.627500e-01 -3.062540e-01 2.623039e+00
2.826400e-02 7.889420e-01 2.301670e+00
-2.886430e-01 -5.482580e-01 2.688727e+00
-5.425600e-02 -5.425570e-01 2.682231e+00
-3.082630e-01 -9.613480e-01 2.772725e+00
2.544100e-02 -9.497040e-01 2.759456e+00
-3.659320e-01 -9.866550e-01 2.634798e+00
-3.015200e-02 -9.864210e-01 2.623252e+00
-1.165720e-01 5.398200e-01 2.639606e+00
-3.359790e-01 3.226470e-01 2.769203e+00
-3.380300e-02 3.127280e-01 2.656014e+00
-2.058280e-01 3.887510e-01 2.634558e+00
-1.686630e-01 1.699530e-01 2.752950e+00
-3.276910e-01 -1.432600e-02 2.683559e+00
-1.827600e-02 -2.345900e-02 2.575052e+00
-1.358570e-01 -2.424200e-02 2.735626e+00
-3.716020e-01 6.044400e-02 2.716515e+00
4.451400e-02 4.953660e-01 2.473518e+00
-3.803770e-01 -2.129230e-01 2.642058e+00
-1.030640e-01 6.973580e-01 2.340213e+00
-3.786530e-01 -2.748530e-01 2.629967e+00
-1.232210e-01 7.565970e-01 2.348519e+00
-2.878470e-01 -5.404300e-01 2.689095e+00
-5.322100e-02 -5.379750e-01 2.681041e+00
-3.069540e-01 -9.539320e-01 2.771162e+00
2.154200e-02 -9.459440e-01 2.758859e+00
-3.588970e-01 -9.793500e-01 2.630997e+00
-2.827300e-02 -9.815330e-01 2.620143e+00
-1.128370e-01 5.451430e-01 2.639275e+00
-3.264910e-01 3.247140e-01 2.784010e+00
-3.105800e-02 3.088210e-01 2.653167e+00
-2.018600e-01 3.912360e-01 2.644439e+00
-1.657980e-01 1.672500e-01 2.753070e+00
-3.267180e-01 -4.193000e-03 2.689205e+00
-2.124900e-02 -1.955500e-02 2.570684e+00
-1.337230e-01 -2.084900e-02 2.734871e+00
-3.734390e-01 6.857600e-02 2.716844e+00
3.043100e-02 4.926660e-01 2.466775e+00
-3.854150e-01 -2.065780e-01 2.653794e+00
-1.853620e-01 6.516910e-01 2.377484e+00
-3.880970e-01 -2.663400e-01 2.633648e+00
-2.176110e-01 7.011390e-01 2.399831e+00
-2.855020e-01 -5.325610e-01 2.687073e+00
-4.998100e-02 -5.306420e-01 2.679772e+00
-3.068830e-01 -9.451130e-01 2.773255e+00
2.332600e-02 -9.380490e-01 2.761810e+00
-3.628420e-01 -9.711450e-01 2.634759e+00
-3.126000e-02 -9.753480e-01 2.625357e+00
-1.078050e-01 5.346740e-01 2.640118e+00
-3.349170e-01 3.088050e-01 2.782830e+00
-4.236700e-02 3.072500e-01 2.645786e+00
-2.174620e-01 3.793700e-01 2.639085e+00
-1.659710e-01 1.603160e-01 2.751487e+00
-3.238300e-01 -1.410100e-02 2.701082e+00
-2.814700e-02 -2.255100e-02 2.559326e+00
-1.276670e-01 -2.822500e-02 2.731585e+00
-3.749330e-01 5.251500e-02 2.714927e+00
3.093900e-02 4.872750e-01 2.461087e+00
-3.784480e-01 -2.187190e-01 2.638914e+00
-2.315080e-01 5.788030e-01 2.415229e+00
-3.840160e-01 -2.803970e-01 2.626692e+00
-2.713190e-01 6.194050e-01 2.442634e+00
-2.843530e-01 -5.407700e-01 2.688942e+00
-5.148800e-02 -5.337080e-01 2.681722e+00
-3.071580e-01 -9.535630e-01 2.773592e+00
2.443100e-02 -9.415680e-01 2.758992e+00
-3.733740e-01 -9.774450e-01 2.639297e+00
-4.026200e-02 -9.786230e-01 2.626963e+00
-1.088290e-01 5.287300e-01 2.642113e+00
-3.297490e-01 3.041220e-01 2.788693e+00
-3.611600e-02 2.932180e-01 2.649564e+00
-2.101420e-01 3.722540e-01 2.645549e+00
-1.668250e-01 1.496720e-01 2.754414e+00
-3.253730e-01 -2.113500e-02 2.692500e+00
-2.356600e-02 -3.379900e-02 2.564645e+00
-1.308390e-01 -3.468100e-02 2.732280e+00
-3.755700e-01 4.889700e-02 2.713268e+00
3.543400e-02 4.501390e-01 2.441755e+00
-3.799370e-01 -2.261920e-01 2.643951e+00
-2.479150e-01 4.549520e-01 2.455448e+00
-3.798760e-01 -2.882050e-01 2.632166e+00
-2.804440e-01 4.868710e-01 2.499123e+00
-2.869140e-01 -5.485630e-01 2.689255e+00
-4.775500e-02 -5.440500e-01 2.684246e+00
-3.073800e-01 -9.619260e-01 2.771694e+00
2.328200e-02 -9.535670e-01 2.757275e+00
-3.678190e-01 -9.862400e-01 2.634778e+00
-3.592000e-02 -9.879630e-01 2.621989e+00
-9.737700e-02 5.181670e-01 2.639880e+00
-3.211150e-01 3.144050e-01 2.751048e+00
-4.315000e-03 2.901630e-01 2.662390e+00
-1.777270e-01 3.720200e-01 2.626314e+00
-1.588320e-01 1.555530e-01 2.753025e+00
-3.245650e-01 -1.660200e-02 2.670939e+00
-9.162000e-03 -4.319800e-02 2.584867e+00
-1.375620e-01 -3.443100e-02 2.736677e+00
-3.714560e-01 5.204000e-02 2.718302e+00
5.029700e-02 3.956430e-01 2.420867e+00
-3.839220e-01 -2.193940e-01 2.640017e+00
-2.249940e-01 3.524640e-01 2.468937e+00
-3.928610e-01 -2.813870e-01 2.632179e+00
-2.654230e-01 3.770000e-01 2.510747e+00
-2.834770e-01 -5.470260e-01 2.690724e+00
-4.741100e-02 -5.528110e-01 2.683504e+00
-3.076720e-01 -9.604100e-01 2.772044e+00
2.519800e-02 -9.608960e-01 2.762742e+00
-3.494400e-01 -9.861860e-01 2.628582e+00
-1.594000e-02 -9.957330e-01 2.621023e+00
-9.792400e-02 5.303640e-01 2.655412e+00
-3.086630e-01 3.026380e-01 2.712560e+00
2.200100e-02 2.845410e-01 2.669087e+00
-1.511910e-01 3.572000e-01 2.604563e+00
-1.436350e-01 1.507020e-01 2.747992e+00
-3.255360e-01 -2.325400e-02 2.644840e+00
-5.230000e-04 -4.932100e-02 2.609033e+00
-1.507520e-01 -3.714800e-02 2.739006e+00
-3.747890e-01 4.263000e-02 2.717828e+00
8.147100e-02 2.964150e-01 2.407693e+00
-3.880720e-01 -2.278830e-01 2.639574e+00
-1.899070e-01 2.426080e-01 2.461876e+00
-3.889230e-01 -2.908320e-01 2.634973e+00
-2.510400e-01 2.304880e-01 2.471895e+00
-2.844240e-01 -5.521470e-01 2.690278e+00
-4.629300e-02 -5.621890e-01 2.679804e+00
-3.086660e-01 -9.650490e-01 2.773997e+00
2.617500e-02 -9.685450e-01 2.767594e+00
-3.279050e-01 -9.938490e-01 2.626380e+00
8.932000e-03 -1.003287e+00 2.621013e+00
-9.132700e-02 5.393110e-01 2.661271e+00
-3.250480e-01 2.906930e-01 2.727005e+00
4.921000e-03 2.992560e-01 2.675984e+00
-1.742560e-01 3.653430e-01 2.621521e+00
-1.494490e-01 1.478700e-01 2.745458e+00
-3.308950e-01 -3.155900e-02 2.655061e+00
-7.473000e-03 -3.549400e-02 2.600495e+00
-1.504350e-01 -3.416000e-02 2.738950e+00
-3.733040e-01 2.744600e-02 2.718756e+00
1.094800e-01 1.315490e-01 2.495326e+00
-3.813700e-01 -2.408940e-01 2.634702e+00
-1.582470e-01 7.177500e-02 2.432987e+00
-3.789990e-01 -3.039670e-01 2.635584e+00
-2.180260e-01 5.777500e-02 2.418326e+00
-2.838550e-01 -5.550870e-01 2.691484e+00
-4.762200e-02 -5.540310e-01 2.682013e+00
-3.043470e-01 -9.658660e-01 2.785953e+00
2.562800e-02 -9.607140e-01 2.767612e+00
-3.316450e-01 -9.979990e-01 2.640308e+00
1.038000e-03 -9.957590e-01 2.622157e+00
-1.490500e-01 5.426270e-01 2.625186e+00
-3.217560e-01 2.920080e-01 2.715807e+00
1.032500e-02 2.932470e-01 2.680070e+00
-1.650150e-01 3.588560e-01 2.613818e+00
-1.495760e-01 1.479220e-01 2.749975e+00
-3.257370e-01 -2.893500e-02 2.646338e+00
-1.109000e-03 -4.433400e-02 2.601902e+00
-1.481110e-01 -3.615900e-02 2.735817e+00
-3.754000e-01 2.993300e-02 2.719733e+00
9.906500e-02 6.320900e-02 2.576223e+00
-3.821740e-01 -2.406310e-01 2.643878e+00
-9.099100e-02 -6.543900e-02 2.413948e+00
-3.880770e-01 -3.031050e-01 2.637046e+00
-1.451280e-01 -8.693800e-02 2.389625e+00
-2.840260e-01 -5.542540e-01 2.694876e+00
-4.772200e-02 -5.595830e-01 2.684227e+00
-3.061200e-01 -9.661660e-01 2.783891e+00
2.742900e-02 -9.663540e-01 2.767737e+00
-3.290990e-01 -9.966450e-01 2.637150e+00
6.141000e-03 -1.000309e+00 2.621504e+00
-1.433260e-01 5.423190e-01 2.608698e+00
-3.228590e-01 2.911390e-01 2.713475e+00
8.834000e-03 2.911550e-01 2.674290e+00
-1.668600e-01 3.582940e-01 2.610556e+00
-1.510440e-01 1.458790e-01 2.744349e+00
-3.323550e-01 -3.816200e-02 2.645324e+00
-5.537000e-03 -3.972900e-02 2.617346e+00
-1.593390e-01 -4.070300e-02 2.743654e+00
-3.741180e-01 2.607200e-02 2.720060e+00
6.277700e-02 2.903600e-02 2.638029e+00
-3.809170e-01 -2.459260e-01 2.639614e+00
-1.841400e-02 -1.951060e-01 2.484183e+00
-3.886070e-01 -3.079530e-01 2.648444e+00
-1.605900e-02 -2.561580e-01 2.468317e+00
-2.849450e-01 -5.592390e-01 2.701622e+00
-5.004500e-02 -5.603160e-01 2.683782e+00
-3.066930e-01 -9.724790e-01 2.784346e+00
2.757000e-02 -9.667610e-01 2.766619e+00
-3.208430e-01 -1.001396e+00 2.636178e+00
1.471100e-02 -9.992860e-01 2.619083e+00
-1.482660e-01 5.376840e-01 2.594220e+00
-3.201210e-01 2.910300e-01 2.698386e+00
1.314400e-02 2.841280e-01 2.677342e+00
-1.576790e-01 3.505300e-01 2.600866e+00
-1.527840e-01 1.450000e-01 2.745794e+00
-3.294680e-01 -3.902000e-02 2.640449e+00
-2.484000e-03 -4.879000e-02 2.616355e+00
-1.576930e-01 -4.398100e-02 2.740840e+00
-3.722810e-01 2.291100e-02 2.711048e+00
4.048200e-02 1.226100e-02 2.666852e+00
-3.834270e-01 -2.537410e-01 2.634442e+00
5.288000e-02 -2.709150e-01 2.620091e+00
-3.821160e-01 -3.163090e-01 2.642689e+00
5.651800e-02 -3.331310e-01 2.610071e+00
-2.853950e-01 -5.622270e-01 2.698824e+00
-4.694300e-02 -5.667430e-01 2.683630e+00
-3.082800e-01 -9.749450e-01 2.783817e+00
2.837800e-02 -9.734130e-01 2.767481e+00
-3.213010e-01 -1.004722e+00 2.635716e+00
1.707900e-02 -1.005951e+00 2.619820e+00
-1.450740e-01 5.363180e-01 2.589360e+00
-3.187110e-01 2.910580e-01 2.696752e+00
1.439100e-02 2.846350e-01 2.673137e+00
-1.572130e-01 3.493390e-01 2.596955e+00
-1.506180e-01 1.462470e-01 2.745213e+00
-3.307250e-01 -3.898400e-02 2.632892e+00
-2.984000e-03 -4.808400e-02 2.623017e+00
-1.634190e-01 -4.209700e-02 2.740636e+00
-3.748210e-01 2.108900e-02 2.708608e+00
3.883900e-02 1.221600e-02 2.710043e+00
-3.833040e-01 -2.582900e-01 2.631452e+00
4.019400e-02 -2.729750e-01 2.657676e+00
-3.708950e-01 -3.201810e-01 2.631693e+00
1.908900e-02 -3.315040e-01 2.647024e+00
-2.855370e-01 -5.617570e-01 2.698234e+00
-4.791600e-02 -5.667830e-01 2.683010e+00
-3.081960e-01 -9.740860e-01 2.785154e+00
2.753200e-02 -9.723700e-01 2.771841e+00
-3.146740e-01 -1.004992e+00 2.636853e+00
2.292700e-02 -1.005612e+00 2.623976e+00
-1.458700e-01 5.373630e-01 2.586859e+00
-3.248340e-01 2.881630e-01 2.691838e+00
8.927000e-03 2.903980e-01 2.679400e+00
-1.615930e-01 3.534570e-01 2.599496e+00
-1.549150e-01 1.458770e-01 2.741400e+00
-3.361030e-01 -3.844900e-02 2.639033e+00
-8.706000e-03 -4.811200e-02 2.621359e+00
-1.662800e-01 -4.166300e-02 2.742761e+00
-3.722150e-01 1.483300e-02 2.702808e+00
3.078200e-02 1.773600e-02 2.726858e+00
-3.879820e-01 -2.624290e-01 2.613640e+00
3.288800e-02 -2.609840e-01 2.640924e+00
-3.830660e-01 -3.227940e-01 2.631430e+00
4.657100e-02 -3.212500e-01 2.628065e+00
-2.828260e-01 -5.627320e-01 2.697923e+00
-4.261300e-02 -5.647880e-01 2.687557e+00
-3.098850e-01 -9.744950e-01 2.786257e+00
3.060500e-02 -9.718160e-01 2.771529e+00
-3.195320e-01 -1.005628e+00 2.638176e+00
2.301600e-02 -1.003722e+00 2.623493e+00
-1.534240e-01 5.379550e-01 2.587836e+00
-3.284290e-01 2.880830e-01 2.685329e+00
5.564000e-03 2.894260e-01 2.683704e+00
-1.621090e-01 3.503500e-01 2.596457e+00
-1.605710e-01 1.470680e-01 2.744593e+00
-3.360840e-01 -4.002000e-02 2.639537e+00
-8.686000e-03 -4.784800e-02 2.620981e+00
-1.659660e-01 -4.224600e-02 2.742807e+00
-3.740590e-01 1.271800e-02 2.696589e+00
3.398200e-02 1.340000e-02 2.715903e+00
-3.871090e-01 -2.685550e-01 2.613832e+00
3.415200e-02 -2.704720e-01 2.641401e+00
-3.784960e-01 -3.292880e-01 2.628726e+00
3.176600e-02 -3.316640e-01 2.626094e+00
-2.800900e-01 -5.640980e-01 2.697330e+00
-4.303800e-02 -5.644750e-01 2.692533e+00
-3.107640e-01 -9.760190e-01 2.783725e+00
3.510000e-02 -9.717170e-01 2.770843e+00
-3.204530e-01 -1.006389e+00 2.635489e+00
2.655900e-02 -1.001882e+00 2.622494e+00
-1.612900e-01 5.387940e-01 2.587824e+00
-3.291380e-01 2.889630e-01 2.679469e+00
4.752000e-03 2.868900e-01 2.687772e+00
-1.596090e-01 3.483600e-01 2.594794e+00
-1.646070e-01 1.470420e-01 2.745514e+00
-3.351400e-01 -4.151300e-02 2.630510e+00
-7.195000e-03 -4.804700e-02 2.628462e+00
-1.704110e-01 -4.216700e-02 2.742196e+00
-3.731810e-01 1.442400e-02 2.696444e+00
3.352100e-02 1.141300e-02 2.717511e+00
-3.866250e-01 -2.671280e-01 2.617698e+00
3.479600e-02 -2.695270e-01 2.635507e+00
-3.793930e-01 -3.295650e-01 2.623516e+00
7.363000e-02 -3.187430e-01 2.628139e+00
-2.819830e-01 -5.644460e-01 2.697191e+00
-4.141600e-02 -5.655460e-01 2.691983e+00
-3.114420e-01 -9.762340e-01 2.784637e+00
3.127700e-02 -9.730310e-01 2.774176e+00
-3.136950e-01 -1.007573e+00 2.636303e+00
3.083000e-02 -1.003088e+00 2.625561e+00
-1.364070e-01 5.366670e-01 2.586334e+00
-3.278190e-01 2.873700e-01 2.684042e+00
6.130000e-03 2.865840e-01 2.689860e+00
-1.591790e-01 3.499130e-01 2.599857e+00
-1.621890e-01 1.443870e-01 2.744841e+00
-3.372010e-01 -4.176000e-02 2.634630e+00
-9.389000e-03 -4.696800e-02 2.624310e+00
-1.697390e-01 -4.383100e-02 2.742156e+00
-3.758270e-01 1.211000e-02 2.696169e+00
2.901500e-02 1.070100e-02 2.729664e+00
-3.878770e-01 -2.707600e-01 2.617575e+00
3.412300e-02 -2.661880e-01 2.631456e+00
-3.963250e-01 -3.333140e-01 2.617218e+00
3.216700e-02 -3.269610e-01 2.614509e+00
-2.797160e-01 -5.645170e-01 2.698803e+00
-4.136700e-02 -5.647920e-01 2.687681e+00
-3.100740e-01 -9.762440e-01 2.786230e+00
3.187600e-02 -9.719750e-01 2.770873e+00
-3.157630e-01 -1.007314e+00 2.637931e+00
2.789800e-02 -1.003003e+00 2.622510e+00
-1.406370e-01 5.341150e-01 2.587162e+00
-3.302400e-01 2.869120e-01 2.679911e+00
3.493000e-03 2.875300e-01 2.693260e+00
-1.599840e-01 3.493570e-01 2.598969e+00
-1.654770e-01 1.451660e-01 2.745756e+00
-3.364510e-01 -4.235900e-02 2.627487e+00
-8.472000e-03 -4.654200e-02 2.630219e+00
-1.733860e-01 -4.327200e-02 2.741587e+00
-3.767100e-01 1.243700e-02 2.699274e+00
3.140900e-02 1.118900e-02 2.720224e+00
-3.855870e-01 -2.672140e-01 2.611700e+00
3.539300e-02 -2.718510e-01 2.643901e+00
-3.787040e-01 -3.249250e-01 2.636330e+00
3.317600e-02 -3.327590e-01 2.627478e+00
-2.813420e-01 -5.646600e-01 2.695471e+00
-4.059100e-02 -5.649970e-01 2.687839e+00
-3.118890e-01 -9.752080e-01 2.788214e+00
2.798500e-02 -9.733390e-01 2.769313e+00
-3.118530e-01 -1.008621e+00 2.640316e+00
3.017200e-02 -1.002651e+00 2.620564e+00
-1.462110e-01 5.349020e-01 2.586846e+00
-3.284260e-01 2.849100e-01 2.682383e+00
5.409000e-03 2.853900e-01 2.692852e+00
-1.588390e-01 3.468820e-01 2.599691e+00
-1.631810e-01 1.433690e-01 2.747455e+00
-3.368600e-01 -4.483900e-02 2.630882e+00
-8.906000e-03 -4.815300e-02 2.625381e+00
-1.709770e-01 -4.498600e-02 2.740848e+00
-3.739110e-01 8.527000e-03 2.692778e+00
3.313100e-02 7.684000e-03 2.718844e+00
-3.866590e-01 -2.774540e-01 2.623710e+00
3.550500e-02 -2.759070e-01 2.639543e+00
-3.844360e-01 -3.390220e-01 2.637458e+00
3.275300e-02 -3.365440e-01 2.622220e+00
-2.815120e-01 -5.666030e-01 2.698802e+00
-4.312500e-02 -5.669620e-01 2.687237e+00
-3.111420e-01 -9.790410e-01 2.783065e+00
3.319800e-02 -9.733550e-01 2.771519e+00
-3.145220e-01 -1.009152e+00 2.634499e+00
3.132100e-02 -1.004480e+00 2.623135e+00
-1.484200e-01 5.322670e-01 2.585792e+00
-3.301780e-01 2.803860e-01 2.689338e+00
3.815000e-03 2.826030e-01 2.689474e+00
-1.635680e-01 3.449320e-01 2.602663e+00
-1.622560e-01 1.385730e-01 2.746485e+00
-3.379150e-01 -4.556700e-02 2.631756e+00
-1.004000e-02 -4.901200e-02 2.622793e+00
-1.708800e-01 -4.562900e-02 2.739963e+00
-3.746320e-01 2.146000e-03 2.698663e+00
3.098600e-02 3.333000e-03 2.716863e+00
-3.885480e-01 -2.826450e-01 2.618478e+00
3.616100e-02 -2.854300e-01 2.651143e+00
-4.029460e-01 -3.429990e-01 2.630077e+00
3.371100e-02 -3.469040e-01 2.637021e+00
-2.814930e-01 -5.679270e-01 2.695565e+00
-4.317300e-02 -5.672580e-01 2.688577e+00
-3.110700e-01 -9.794260e-01 2.784322e+00
2.895500e-02 -9.746320e-01 2.771811e+00
-3.161950e-01 -1.011025e+00 2.636115e+00
2.557000e-02 -1.005553e+00 2.623411e+00
-1.433760e-01 5.271980e-01 2.587016e+00
