-3.686280e-01 3.179400e-01 2.786578e+00
-3.701000e-03 3.223190e-01 2.780724e+00
-1.829580e-01 1.831110e-01 2.881053e+00
3.078400e-02 -3.549500e-02 2.745057e+00
-4.308980e-01 3.398000e-02 2.776916e+00
-3.999240e-01 -2.583120e-01 2.700619e+00
-3.928520e-01 -3.213050e-01 2.729790e+00
-2.878630e-01 -5.713180e-01 2.798937e+00
-2.909120e-01 -9.894800e-01 2.903304e+00
-3.005980e-01 -1.028482e+00 2.746755e+00
-1.963770e-01 6.068490e-01 2.702597e+00
-2.216000e-03 3.207210e-01 2.779910e+00
-1.801450e-01 1.809640e-01 2.881825e+00
3.130300e-02 -3.593900e-02 2.738910e+00
-4.300550e-01 3.173700e-02 2.781389e+00
-3.993230e-01 -2.619610e-01 2.708963e+00
-4.033250e-01 -3.304710e-01 2.696334e+00
-2.874540e-01 -5.740910e-01 2.794763e+00
-2.911250e-01 -9.907300e-01 2.905036e+00
-3.061790e-01 -1.031780e+00 2.749437e+00
-1.899700e-01 6.072520e-01 2.684203e+00
-6.480000e-04 3.202690e-01 2.775667e+00
-1.781800e-01 1.843430e-01 2.883296e+00
3.244100e-02 -3.566100e-02 2.745187e+00
-4.289940e-01 3.034900e-02 2.772374e+00
-3.985140e-01 -2.648800e-01 2.705945e+00
-3.991670e-01 -3.330920e-01 2.691256e+00
-2.853420e-01 -5.749020e-01 2.793426e+00
-2.921100e-01 -9.903640e-01 2.907912e+00
-3.019600e-01 -1.033072e+00 2.752343e+00
-1.884060e-01 6.046590e-01 2.688122e+00
-2.091000e-03 3.191070e-01 2.772819e+00
-1.786280e-01 1.820570e-01 2.880661e+00
3.064600e-02 -3.852200e-02 2.732411e+00
-4.325530e-01 3.194700e-02 2.776065e+00
-3.958710e-01 -2.615970e-01 2.704715e+00
-3.957830e-01 -3.313490e-01 2.706658e+00
-2.863790e-01 -5.747960e-01 2.793765e+00
-2.932290e-01 -9.916380e-01 2.903114e+00
-3.127020e-01 -1.032051e+00 2.747840e+00
-1.890030e-01 6.063630e-01 2.687342e+00
-3.959000e-03 3.188270e-01 2.774886e+00
-1.809440e-01 1.816050e-01 2.881771e+00
3.166600e-02 -3.844900e-02 2.739055e+00
-4.307520e-01 2.866100e-02 2.776605e+00
-3.998950e-01 -2.667610e-01 2.709068e+00
-4.048000e-01 -3.348050e-01 2.694403e+00
-2.843330e-01 -5.744530e-01 2.793316e+00
-2.923310e-01 -9.907490e-01 2.904646e+00
-3.050660e-01 -1.032147e+00 2.748932e+00
-1.886860e-01 6.055110e-01 2.697237e+00
-1.928000e-03 3.159480e-01 2.774696e+00
-1.786580e-01 1.764160e-01 2.878980e+00
3.193700e-02 -4.114000e-02 2.736578e+00
-4.308950e-01 3.011600e-02 2.767827e+00
-3.987400e-01 -2.664180e-01 2.705657e+00
-4.119810e-01 -3.341520e-01 2.695371e+00
-2.826220e-01 -5.755450e-01 2.793251e+00
-2.936450e-01 -9.926710e-01 2.901163e+00
-3.078530e-01 -1.032643e+00 2.745205e+00
-1.915830e-01 6.044540e-01 2.700662e+00
-2.777000e-03 3.171150e-01 2.776106e+00
-1.794240e-01 1.788510e-01 2.882204e+00
3.272000e-02 -4.018800e-02 2.735685e+00
-4.296080e-01 3.107900e-02 2.777094e+00
-3.986840e-01 -2.629930e-01 2.704217e+00
-4.063550e-01 -3.318120e-01 2.695609e+00
-2.824280e-01 -5.744230e-01 2.793327e+00
-2.921730e-01 -9.950220e-01 2.886939e+00
-3.054990e-01 -1.029721e+00 2.729646e+00
-1.930870e-01 6.031280e-01 2.689430e+00
-3.719000e-03 3.180410e-01 2.774983e+00
-1.792460e-01 1.793090e-01 2.882321e+00
3.102600e-02 -3.953900e-02 2.727033e+00
-4.331230e-01 3.103900e-02 2.771752e+00
-3.954060e-01 -2.639370e-01 2.705056e+00
-4.077690e-01 -3.311950e-01 2.691177e+00
-2.798190e-01 -5.755620e-01 2.791462e+00
-2.935030e-01 -9.928510e-01 2.898437e+00
-3.117880e-01 -1.032166e+00 2.742736e+00
-1.959350e-01 6.055960e-01 2.697059e+00
-1.015000e-02 3.183410e-01 2.775855e+00
-1.844450e-01 1.775310e-01 2.882491e+00
3.410900e-02 -3.970900e-02 2.731095e+00
-4.286900e-01 2.724000e-02 2.768193e+00
-3.962010e-01 -2.683660e-01 2.702868e+00
-3.985430e-01 -3.363700e-01 2.687408e+00
-2.811330e-01 -5.748970e-01 2.791858e+00
-2.941760e-01 -9.907720e-01 2.904280e+00
-3.098610e-01 -1.032292e+00 2.748869e+00
-2.041150e-01 6.065080e-01 2.696688e+00
-1.269700e-02 3.171800e-01 2.776373e+00
-1.925190e-01 1.811080e-01 2.879941e+00
3.580100e-02 -3.966100e-02 2.742642e+00
-4.258230e-01 3.346900e-02 2.765748e+00
-3.982120e-01 -2.635450e-01 2.704904e+00
-3.996860e-01 -3.321340e-01 2.692156e+00
-2.787320e-01 -5.736090e-01 2.791381e+00
-2.957330e-01 -9.894280e-01 2.903481e+00
-3.035190e-01 -1.031152e+00 2.747528e+00
-2.067330e-01 6.091340e-01 2.692973e+00
-1.690500e-02 3.225200e-01 2.793953e+00
-1.950940e-01 3.716320e-01 2.674877e+00
-2.013130e-01 1.804840e-01 2.879962e+00
-3.807210e-01 -4.275700e-02 2.750482e+00
3.312800e-02 -3.365900e-02 2.743982e+00
-1.713690e-01 -4.700200e-02 2.889482e+00
-4.279120e-01 3.232300e-02 2.760791e+00
1.430710e-01 8.168800e-02 2.787883e+00
-3.992920e-01 -2.621960e-01 2.700858e+00
3.388790e-01 -9.045400e-02 2.635637e+00
-3.801230e-01 -3.236430e-01 2.727801e+00
3.915560e-01 -1.292890e-01 2.611427e+00
-2.878630e-01 -5.714120e-01 2.790483e+00
-5.078400e-02 -5.677320e-01 2.784740e+00
-2.935660e-01 -9.868780e-01 2.905010e+00
-6.868900e-02 -9.850440e-01 2.890999e+00
-2.993310e-01 -1.029729e+00 2.749276e+00
-6.464500e-02 -1.025076e+00 2.734463e+00
-2.037960e-01 6.039500e-01 2.702617e+00
-3.755900e-01 3.200020e-01 2.773503e+00
-1.109200e-02 3.184040e-01 2.792570e+00
-1.872540e-01 3.681870e-01 2.670789e+00
-1.990290e-01 1.821630e-01 2.880295e+00
-3.822410e-01 -4.287200e-02 2.741277e+00
3.143700e-02 -3.466900e-02 2.755399e+00
-1.800350e-01 -4.966800e-02 2.890388e+00
-4.299770e-01 3.791400e-02 2.758090e+00
2.028330e-01 1.297140e-01 2.755136e+00
-4.063480e-01 -2.561900e-01 2.701872e+00
4.538560e-01 5.217100e-02 2.609566e+00
-3.876170e-01 -3.225870e-01 2.691401e+00
4.991500e-01 1.708000e-03 2.593105e+00
-2.888940e-01 -5.710530e-01 2.791830e+00
-5.277700e-02 -5.688880e-01 2.783831e+00
-2.910760e-01 -9.863220e-01 2.907191e+00
-6.978300e-02 -9.856600e-01 2.892335e+00
-2.890260e-01 -1.029590e+00 2.751479e+00
-5.780600e-02 -1.026726e+00 2.736474e+00
-2.049440e-01 6.079370e-01 2.707308e+00
-3.644120e-01 3.241120e-01 2.768539e+00
-4.380000e-04 3.162560e-01 2.794733e+00
-1.732910e-01 3.677010e-01 2.668965e+00
-1.924590e-01 1.844430e-01 2.880355e+00
-3.792560e-01 -3.844200e-02 2.745206e+00
3.471600e-02 -3.990600e-02 2.749778e+00
-1.738750e-01 -4.872100e-02 2.889705e+00
-4.330230e-01 4.675300e-02 2.753865e+00
2.536250e-01 1.992250e-01 2.734682e+00
-4.112290e-01 -2.454840e-01 2.696105e+00
5.195600e-01 2.425070e-01 2.605765e+00
-3.935110e-01 -3.125810e-01 2.703403e+00
5.831500e-01 2.457650e-01 2.577221e+00
-2.893790e-01 -5.698680e-01 2.791058e+00
-5.257100e-02 -5.711990e-01 2.783491e+00
-2.923730e-01 -9.878800e-01 2.896025e+00
-7.077200e-02 -9.870790e-01 2.895175e+00
-2.940150e-01 -1.027231e+00 2.739272e+00
-6.250900e-02 -1.029280e+00 2.739375e+00
-2.060410e-01 6.067970e-01 2.709673e+00
-3.530400e-01 3.281460e-01 2.762110e+00
9.040000e-03 3.205150e-01 2.794761e+00
-1.601650e-01 3.714220e-01 2.665835e+00
-1.831000e-01 1.889360e-01 2.877517e+00
-3.744410e-01 -3.131100e-02 2.729076e+00
3.789600e-02 -4.163800e-02 2.764675e+00
-1.807230e-01 -4.499600e-02 2.888617e+00
-4.292250e-01 5.396800e-02 2.748859e+00
2.805490e-01 3.266990e-01 2.708748e+00
-4.155320e-01 -2.374150e-01 2.690865e+00
4.890520e-01 5.079080e-01 2.598548e+00
-3.987150e-01 -3.046030e-01 2.699354e+00
5.352730e-01 5.597340e-01 2.605388e+00
-2.858150e-01 -5.651850e-01 2.787282e+00
-4.989800e-02 -5.710050e-01 2.780319e+00
-2.921340e-01 -9.802390e-01 2.903263e+00
-7.563200e-02 -9.867340e-01 2.891082e+00
-2.826420e-01 -1.023796e+00 2.747908e+00
-5.459300e-02 -1.029205e+00 2.736562e+00
-1.999200e-01 6.160570e-01 2.703327e+00
-3.535630e-01 3.236480e-01 2.761042e+00
4.093000e-03 3.267230e-01 2.791825e+00
-1.623380e-01 3.700590e-01 2.662953e+00
-1.793810e-01 1.918210e-01 2.878770e+00
-3.704020e-01 -2.726500e-02 2.735283e+00
4.263200e-02 -4.288900e-02 2.758832e+00
-1.723440e-01 -4.473500e-02 2.889021e+00
-4.274610e-01 4.850600e-02 2.747915e+00
2.606140e-01 4.084740e-01 2.697748e+00
-4.117160e-01 -2.418870e-01 2.684052e+00
4.148960e-01 6.434880e-01 2.599669e+00
-3.968170e-01 -3.083690e-01 2.699128e+00
4.464100e-01 7.046150e-01 2.611478e+00
-2.817340e-01 -5.630040e-01 2.786839e+00
-5.144200e-02 -5.706530e-01 2.781174e+00
-2.952270e-01 -9.779720e-01 2.902512e+00
-6.889900e-02 -9.870170e-01 2.891164e+00
-2.899620e-01 -1.021507e+00 2.746950e+00
-5.450100e-02 -1.028697e+00 2.735671e+00
-1.986530e-01 6.153290e-01 2.708209e+00
-3.605180e-01 3.260290e-01 2.767059e+00
-6.000000e-03 3.292610e-01 2.790315e+00
-1.716080e-01 3.793810e-01 2.668020e+00
-1.833100e-01 1.883320e-01 2.872958e+00
-3.679030e-01 -2.515200e-02 2.734951e+00
4.511200e-02 -3.771600e-02 2.760573e+00
-1.705000e-01 -4.132400e-02 2.889669e+00
-4.239880e-01 4.847900e-02 2.745884e+00
2.187430e-01 4.667970e-01 2.680382e+00
-4.098830e-01 -2.430860e-01 2.685594e+00
3.008250e-01 7.400970e-01 2.594280e+00
-3.892440e-01 -3.094270e-01 2.692066e+00
3.336500e-01 7.961640e-01 2.619738e+00
-2.744610e-01 -5.610510e-01 2.779907e+00
-4.965500e-02 -5.666610e-01 2.780551e+00
-2.943800e-01 -9.743180e-01 2.900631e+00
-6.915200e-02 -9.847580e-01 2.883390e+00
-2.877600e-01 -1.019894e+00 2.745707e+00
-5.420300e-02 -1.023854e+00 2.727279e+00
-1.965910e-01 6.152940e-01 2.702817e+00
-3.706900e-01 3.247010e-01 2.772098e+00
-2.018100e-02 3.291360e-01 2.780467e+00
-1.861740e-01 3.751580e-01 2.663699e+00
-1.888830e-01 1.907020e-01 2.874899e+00
-3.596620e-01 -2.102800e-02 2.742458e+00
5.375200e-02 -4.043400e-02 2.752874e+00
-1.570270e-01 -4.121800e-02 2.889764e+00
-4.192630e-01 4.422800e-02 2.750952e+00
1.467550e-01 5.235180e-01 2.654690e+00
-4.009760e-01 -2.454040e-01 2.683272e+00
1.102460e-01 8.096370e-01 2.579828e+00
-3.799960e-01 -3.087520e-01 2.703665e+00
1.100850e-01 8.757650e-01 2.602101e+00
-2.676280e-01 -5.595130e-01 2.776144e+00
-4.617500e-02 -5.668850e-01 2.783493e+00
-2.919830e-01 -9.719340e-01 2.898934e+00
-6.755400e-02 -9.876610e-01 2.874330e+00
-2.910230e-01 -1.018105e+00 2.744047e+00
-5.989900e-02 -1.022100e+00 2.716603e+00
-1.762490e-01 6.164560e-01 2.724113e+00
-3.797080e-01 3.244880e-01 2.779640e+00
-3.013000e-02 3.280040e-01 2.780889e+00
-1.973380e-01 3.778230e-01 2.669009e+00
-1.961550e-01 1.871300e-01 2.874609e+00
-3.588380e-01 -2.082900e-02 2.753722e+00
5.479200e-02 -3.537000e-02 2.743968e+00
-1.489880e-01 -3.717200e-02 2.891066e+00
-4.209090e-01 4.441200e-02 2.749034e+00
1.068410e-01 5.357200e-01 2.642435e+00
-3.956640e-01 -2.451660e-01 2.686762e+00
-6.253000e-03 8.008380e-01 2.569685e+00
-3.811510e-01 -3.132430e-01 2.691649e+00
-2.624600e-02 8.675440e-01 2.574124e+00
-2.678270e-01 -5.586680e-01 2.771462e+00
-4.250600e-02 -5.631020e-01 2.783625e+00
-2.891150e-01 -9.715580e-01 2.893241e+00
-6.562700e-02 -9.837430e-01 2.874659e+00
-2.959980e-01 -1.016912e+00 2.738263e+00
-6.520100e-02 -1.017953e+00 2.716697e+00
-1.707640e-01 6.048190e-01 2.709834e+00
-3.820610e-01 3.243940e-01 2.784925e+00
-3.467900e-02 3.260460e-01 2.776833e+00
-2.024690e-01 3.730110e-01 2.667768e+00
-1.966620e-01 1.892970e-01 2.879550e+00
-3.545950e-01 -2.079500e-02 2.757212e+00
5.858700e-02 -3.796300e-02 2.737665e+00
-1.415580e-01 -3.618000e-02 2.889673e+00
-4.127530e-01 4.210500e-02 2.747735e+00
6.801400e-02 5.498960e-01 2.630691e+00
-3.937230e-01 -2.516350e-01 2.695341e+00
-1.106050e-01 7.790580e-01 2.560189e+00
-3.797280e-01 -3.151190e-01 2.669983e+00
-1.559930e-01 8.309110e-01 2.571156e+00
-2.625920e-01 -5.596540e-01 2.772879e+00
-4.021900e-02 -5.644680e-01 2.787331e+00
-2.895620e-01 -9.730220e-01 2.891879e+00
-6.349100e-02 -9.863470e-01 2.872406e+00
-2.992280e-01 -1.017072e+00 2.736674e+00
-6.779000e-02 -1.018057e+00 2.713981e+00
-1.630840e-01 6.049870e-01 2.712668e+00
-3.827210e-01 3.370820e-01 2.798070e+00
-3.757700e-02 3.286580e-01 2.773330e+00
-2.076220e-01 3.810440e-01 2.672572e+00
-1.970420e-01 1.961310e-01 2.883123e+00
-3.610790e-01 -2.032600e-02 2.775616e+00
4.979000e-02 -2.467700e-02 2.724984e+00
-1.383010e-01 -2.929200e-02 2.891620e+00
-4.186720e-01 5.566100e-02 2.760569e+00
2.770400e-02 5.604220e-01 2.618666e+00
-3.935540e-01 -2.364200e-01 2.702923e+00
-2.188480e-01 7.212210e-01 2.567475e+00
-3.828390e-01 -3.049940e-01 2.695720e+00
-2.815650e-01 7.503400e-01 2.576845e+00
-2.619180e-01 -5.562380e-01 2.770462e+00
-3.904200e-02 -5.540030e-01 2.789189e+00
-2.900080e-01 -9.695010e-01 2.889566e+00
-6.140500e-02 -9.764980e-01 2.871399e+00
-3.095650e-01 -1.012702e+00 2.735054e+00
-7.695700e-02 -1.006432e+00 2.713334e+00
-1.652320e-01 5.997060e-01 2.719623e+00
-3.900470e-01 3.355790e-01 2.811842e+00
-4.616400e-02 3.209520e-01 2.773634e+00
-2.191880e-01 3.767420e-01 2.679724e+00
-2.038070e-01 1.910110e-01 2.889256e+00
-3.614040e-01 -2.185000e-02 2.780807e+00
4.809800e-02 -1.990000e-02 2.719977e+00
-1.357060e-01 -2.916500e-02 2.891143e+00
-4.234710e-01 5.496600e-02 2.768085e+00
2.481200e-02 5.515060e-01 2.620068e+00
-3.932060e-01 -2.351630e-01 2.704511e+00
-2.176860e-01 7.188840e-01 2.571985e+00
-3.850070e-01 -3.044590e-01 2.704414e+00
-2.822010e-01 7.444600e-01 2.579250e+00
-2.607900e-01 -5.558720e-01 2.770790e+00
-3.869000e-02 -5.508520e-01 2.787481e+00
-2.889630e-01 -9.678910e-01 2.894109e+00
-5.992600e-02 -9.726160e-01 2.873651e+00
-3.118650e-01 -1.012328e+00 2.740410e+00
-7.901000e-02 -1.003819e+00 2.716219e+00
-1.656870e-01 5.886630e-01 2.714858e+00
-4.076050e-01 3.288700e-01 2.827801e+00
-6.603100e-02 3.273020e-01 2.764961e+00
-2.485910e-01 3.726060e-01 2.682391e+00
-2.101290e-01 1.949130e-01 2.895891e+00
-3.568940e-01 -2.000100e-02 2.780365e+00
5.236100e-02 -2.252500e-02 2.717916e+00
-1.308440e-01 -2.909800e-02 2.889846e+00
-4.237350e-01 5.063800e-02 2.764614e+00
5.603000e-02 5.499410e-01 2.633815e+00
-3.968980e-01 -2.410650e-01 2.708030e+00
-1.533700e-01 7.492810e-01 2.560140e+00
-3.681700e-01 -3.037570e-01 2.718685e+00
-2.072110e-01 7.930030e-01 2.567791e+00
-2.632170e-01 -5.550380e-01 2.770643e+00
-3.946300e-02 -5.522480e-01 2.788147e+00
-2.891220e-01 -9.668890e-01 2.895017e+00
-6.167700e-02 -9.740470e-01 2.873903e+00
-3.138950e-01 -1.011631e+00 2.741697e+00
-8.214500e-02 -1.004953e+00 2.716586e+00
-1.598720e-01 5.861430e-01 2.715359e+00
-4.048270e-01 3.356750e-01 2.826939e+00
-6.137800e-02 3.367400e-01 2.766888e+00
-2.449960e-01 3.786900e-01 2.682211e+00
-2.065550e-01 2.050030e-01 2.898986e+00
-3.647860e-01 -1.638100e-02 2.784594e+00
4.325400e-02 -1.905100e-02 2.714652e+00
-1.367730e-01 -2.571300e-02 2.889904e+00
-4.267100e-01 5.427700e-02 2.768145e+00
9.258600e-02 5.507530e-01 2.650210e+00
-4.027090e-01 -2.398870e-01 2.709069e+00
-4.501000e-03 8.201220e-01 2.557403e+00
-3.805590e-01 -3.053880e-01 2.718451e+00
-2.569100e-02 8.864510e-01 2.561922e+00
-2.680810e-01 -5.517270e-01 2.770622e+00
-4.665200e-02 -5.489680e-01 2.784128e+00
-2.901750e-01 -9.629790e-01 2.897684e+00
-6.288200e-02 -9.702100e-01 2.873865e+00
-3.171640e-01 -1.008695e+00 2.745027e+00
-8.617400e-02 -1.002675e+00 2.717257e+00
-1.654520e-01 5.925330e-01 2.714364e+00
-4.087080e-01 3.361710e-01 2.820348e+00
-6.090700e-02 3.454790e-01 2.772444e+00
-2.447630e-01 3.845070e-01 2.682044e+00
-2.103300e-01 2.088630e-01 2.897914e+00
-3.637130e-01 -9.917000e-03 2.786150e+00
4.355500e-02 -1.984400e-02 2.712461e+00
-1.349810e-01 -2.440400e-02 2.889298e+00
-4.286620e-01 5.317900e-02 2.767355e+00
1.276020e-01 5.331350e-01 2.660462e+00
-4.094380e-01 -2.421110e-01 2.710627e+00
1.219330e-01 8.185450e-01 2.564060e+00
-3.973920e-01 -3.106930e-01 2.706106e+00
1.205210e-01 8.869470e-01 2.577778e+00
-2.708850e-01 -5.472820e-01 2.769417e+00
-4.890800e-02 -5.475350e-01 2.782451e+00
-2.921030e-01 -9.597960e-01 2.892476e+00
-6.425500e-02 -9.680240e-01 2.875807e+00
-3.209200e-01 -1.003896e+00 2.739677e+00
-8.929200e-02 -1.001760e+00 2.719738e+00
-1.720700e-01 5.923270e-01 2.720854e+00
-3.930040e-01 3.283410e-01 2.787541e+00
-4.188600e-02 3.309420e-01 2.776200e+00
-2.146410e-01 3.699900e-01 2.665909e+00
-2.061760e-01 2.004540e-01 2.889118e+00
-3.703430e-01 -1.911400e-02 2.760303e+00
4.310600e-02 -2.692400e-02 2.740421e+00
-1.569780e-01 -3.305800e-02 2.892395e+00
-4.345720e-01 4.365300e-02 2.766703e+00
1.562060e-01 5.143070e-01 2.674484e+00
-4.075770e-01 -2.512420e-01 2.711898e+00
2.360210e-01 7.897100e-01 2.582407e+00
-3.941810e-01 -3.195860e-01 2.716239e+00
2.586950e-01 8.540070e-01 2.597267e+00
-2.722920e-01 -5.552510e-01 2.774808e+00
-5.104700e-02 -5.566780e-01 2.781261e+00
-2.955640e-01 -9.673470e-01 2.898890e+00
-6.425900e-02 -9.764360e-01 2.878161e+00
-3.048930e-01 -1.013385e+00 2.744242e+00
-6.770600e-02 -1.012679e+00 2.720690e+00
-1.784840e-01 5.938510e-01 2.733413e+00
-3.885390e-01 3.270410e-01 2.780045e+00
-3.460700e-02 3.326200e-01 2.775612e+00
-2.082010e-01 3.737530e-01 2.663261e+00
-2.026920e-01 1.974470e-01 2.881256e+00
-3.718430e-01 -2.268400e-02 2.765025e+00
4.124400e-02 -3.277400e-02 2.739474e+00
-1.567350e-01 -3.667100e-02 2.894253e+00
-4.354410e-01 4.246100e-02 2.772528e+00
1.907820e-01 4.895980e-01 2.687292e+00
-4.141080e-01 -2.493200e-01 2.700833e+00
3.647200e-01 7.219430e-01 2.606714e+00
-4.034030e-01 -3.176660e-01 2.709957e+00
4.166720e-01 7.675420e-01 2.616241e+00
-2.755730e-01 -5.591040e-01 2.784139e+00
-4.933500e-02 -5.619740e-01 2.778259e+00
-2.993030e-01 -9.725370e-01 2.903602e+00
-7.111000e-02 -9.791930e-01 2.884161e+00
-3.108360e-01 -1.016678e+00 2.748549e+00
-7.428000e-02 -1.018794e+00 2.727494e+00
-1.986910e-01 6.031770e-01 2.730317e+00
-3.842300e-01 3.209240e-01 2.776419e+00
-2.960400e-02 3.340440e-01 2.776460e+00
-2.034980e-01 3.724290e-01 2.662291e+00
-1.969370e-01 1.944210e-01 2.878870e+00
-3.720790e-01 -2.499200e-02 2.755172e+00
4.175100e-02 -3.502900e-02 2.748856e+00
-1.632100e-01 -3.896200e-02 2.894262e+00
-4.348490e-01 3.717300e-02 2.772693e+00
2.003580e-01 4.825770e-01 2.686207e+00
-4.201670e-01 -2.549890e-01 2.702045e+00
3.986600e-01 6.942820e-01 2.606066e+00
-3.854360e-01 -3.134200e-01 2.686273e+00
4.601080e-01 7.242410e-01 2.620056e+00
-2.783570e-01 -5.604350e-01 2.788930e+00
-5.102000e-02 -5.645400e-01 2.780413e+00
-2.966640e-01 -9.759730e-01 2.901861e+00
-7.054700e-02 -9.826970e-01 2.883001e+00
-3.016990e-01 -1.018134e+00 2.745913e+00
-6.723700e-02 -1.021345e+00 2.726100e+00
-1.912700e-01 6.030780e-01 2.739413e+00
-3.823980e-01 3.247980e-01 2.782075e+00
-2.785800e-02 3.343850e-01 2.775700e+00
-2.032880e-01 3.760860e-01 2.665321e+00
-1.945450e-01 1.950270e-01 2.879278e+00
-3.712530e-01 -2.429900e-02 2.756571e+00
4.260600e-02 -3.303700e-02 2.750186e+00
-1.623080e-01 -3.715700e-02 2.895654e+00
-4.333210e-01 4.331100e-02 2.763191e+00
1.945360e-01 4.847700e-01 2.675150e+00
-4.206490e-01 -2.472530e-01 2.692543e+00
3.636560e-01 7.135450e-01 2.582204e+00
-4.039590e-01 -3.129920e-01 2.708941e+00
4.229210e-01 7.503330e-01 2.584031e+00
-2.778940e-01 -5.596130e-01 2.787622e+00
-5.366600e-02 -5.634540e-01 2.779531e+00
-2.983880e-01 -9.734110e-01 2.906416e+00
-6.789700e-02 -9.816490e-01 2.882836e+00
-3.035710e-01 -1.017749e+00 2.751078e+00
-6.548100e-02 -1.020482e+00 2.725964e+00
-1.865990e-01 6.039810e-01 2.721335e+00
-3.788450e-01 3.263260e-01 2.779632e+00
-2.574400e-02 3.340100e-01 2.781276e+00
-1.968970e-01 3.777750e-01 2.667426e+00
-1.938990e-01 1.945900e-01 2.879725e+00
-3.716480e-01 -2.509700e-02 2.754220e+00
4.231400e-02 -2.899400e-02 2.750158e+00
-1.633330e-01 -3.373800e-02 2.894568e+00
-4.346030e-01 4.461500e-02 2.769020e+00
1.775420e-01 4.981730e-01 2.661663e+00
-4.178350e-01 -2.443190e-01 2.689981e+00
2.837020e-01 7.599150e-01 2.560505e+00
-3.948040e-01 -3.101320e-01 2.687289e+00
3.314640e-01 8.103590e-01 2.567087e+00
-2.790600e-01 -5.588590e-01 2.787659e+00
-4.973400e-02 -5.609910e-01 2.776353e+00
-2.965320e-01 -9.730800e-01 2.905457e+00
-6.871000e-02 -9.771010e-01 2.887049e+00
-3.011630e-01 -1.017092e+00 2.750009e+00
-6.359500e-02 -1.018849e+00 2.730993e+00
-1.806190e-01 6.154000e-01 2.717240e+00
-3.800540e-01 3.243900e-01 2.785381e+00
-2.806200e-02 3.345750e-01 2.778001e+00
-2.013390e-01 3.735050e-01 2.667098e+00
-1.916700e-01 1.972220e-01 2.884968e+00
-3.667280e-01 -2.076300e-02 2.755500e+00
4.697900e-02 -3.383600e-02 2.747037e+00
-1.571540e-01 -3.339200e-02 2.893655e+00
-4.313340e-01 4.215200e-02 2.769649e+00
1.584230e-01 5.098270e-01 2.647444e+00
-4.170820e-01 -2.472680e-01 2.692231e+00
1.748960e-01 7.947440e-01 2.555185e+00
-4.052550e-01 -3.159080e-01 2.696447e+00
2.003770e-01 8.593510e-01 2.561948e+00
-2.789080e-01 -5.573500e-01 2.784918e+00
-4.811700e-02 -5.628860e-01 2.778161e+00
-2.970010e-01 -9.747620e-01 2.890753e+00
-7.134400e-02 -9.797020e-01 2.885335e+00
-3.034920e-01 -1.014188e+00 2.734145e+00
-6.824000e-02 -1.020106e+00 2.728873e+00
-1.821470e-01 6.214890e-01 2.738050e+00
-3.817860e-01 3.227960e-01 2.791206e+00
-3.189600e-02 3.330000e-01 2.772723e+00
-2.069570e-01 3.749360e-01 2.668493e+00
-1.904120e-01 1.929930e-01 2.881236e+00
-3.640990e-01 -2.191300e-02 2.757719e+00
4.939500e-02 -3.651800e-02 2.743373e+00
-1.525780e-01 -3.392200e-02 2.892931e+00
-4.291770e-01 4.099000e-02 2.774849e+00
1.215970e-01 5.290590e-01 2.631553e+00
-4.139370e-01 -2.470740e-01 2.696838e+00
-5.784000e-03 7.881710e-01 2.554521e+00
-3.697130e-01 -3.010250e-01 2.698501e+00
-4.098900e-02 8.479030e-01 2.562381e+00
-2.753100e-01 -5.589060e-01 2.788556e+00
-5.022200e-02 -5.646510e-01 2.786354e+00
-2.959770e-01 -9.741070e-01 2.902319e+00
-6.686100e-02 -9.842430e-01 2.883442e+00
-3.045560e-01 -1.016359e+00 2.746551e+00
-6.866800e-02 -1.020608e+00 2.725971e+00
-1.757190e-01 6.143990e-01 2.720172e+00
-3.830470e-01 3.259330e-01 2.796348e+00
-3.482800e-02 3.354370e-01 2.769771e+00
-2.110360e-01 3.782690e-01 2.669796e+00
-1.899040e-01 1.952980e-01 2.881247e+00
-3.653450e-01 -1.790400e-02 2.768230e+00
4.722200e-02 -3.441800e-02 2.738039e+00
-1.489290e-01 -3.267900e-02 2.895167e+00
-4.263600e-01 4.364600e-02 2.774909e+00
8.836500e-02 5.434550e-01 2.616234e+00
-4.014790e-01 -2.460820e-01 2.705341e+00
-1.086750e-01 7.619810e-01 2.563106e+00
-3.848580e-01 -3.136480e-01 2.710598e+00
-1.604250e-01 8.076950e-01 2.573169e+00
-2.773010e-01 -5.559630e-01 2.786426e+00
-5.276000e-02 -5.616940e-01 2.786877e+00
-2.951240e-01 -9.704870e-01 2.903104e+00
-6.670400e-02 -9.822630e-01 2.880086e+00
-3.099080e-01 -1.013505e+00 2.748012e+00
-7.526900e-02 -1.016915e+00 2.722452e+00
-1.693710e-01 6.099350e-01 2.721867e+00
-3.939800e-01 3.258400e-01 2.806095e+00
-4.605300e-02 3.458120e-01 2.765379e+00
-2.288270e-01 3.826260e-01 2.672520e+00
-1.937130e-01 2.016050e-01 2.883789e+00
-3.667520e-01 -1.430500e-02 2.774806e+00
4.432900e-02 -2.784900e-02 2.727635e+00
-1.451190e-01 -2.563900e-02 2.892778e+00
-4.253080e-01 4.383600e-02 2.781213e+00
7.423000e-02 5.418040e-01 2.597315e+00
-3.991890e-01 -2.438610e-01 2.710692e+00
-1.644550e-01 7.165330e-01 2.566914e+00
-3.830100e-01 -3.112670e-01 2.702706e+00
-2.186330e-01 7.552880e-01 2.587697e+00
-2.764170e-01 -5.522210e-01 2.780768e+00
-5.130300e-02 -5.555240e-01 2.786369e+00
-2.954570e-01 -9.642270e-01 2.905869e+00
-6.351500e-02 -9.764490e-01 2.878204e+00
-3.159670e-01 -1.009937e+00 2.752205e+00
-7.858000e-02 -1.010334e+00 2.720891e+00
-1.447800e-01 5.992190e-01 2.721004e+00
-3.934750e-01 3.319350e-01 2.819946e+00
-4.766700e-02 3.355770e-01 2.766243e+00
-2.309080e-01 3.826870e-01 2.680883e+00
-1.967640e-01 1.969120e-01 2.888146e+00
-3.727320e-01 -1.262300e-02 2.780954e+00
3.720500e-02 -2.279100e-02 2.723998e+00
-1.483670e-01 -2.555300e-02 2.893475e+00
-4.302110e-01 5.164900e-02 2.786037e+00
5.869700e-02 5.373780e-01 2.595881e+00
-4.005760e-01 -2.376180e-01 2.724406e+00
-1.694730e-01 7.258100e-01 2.567881e+00
-3.926630e-01 -3.048210e-01 2.707369e+00
-2.255360e-01 7.621240e-01 2.588062e+00
-2.754400e-01 -5.497350e-01 2.784157e+00
-5.256600e-02 -5.509580e-01 2.783774e+00
-2.950170e-01 -9.642640e-01 2.900533e+00
-6.388900e-02 -9.714490e-01 2.877691e+00
-3.178960e-01 -1.006508e+00 2.746213e+00
-8.193100e-02 -1.005997e+00 2.720835e+00
-1.267280e-01 5.839730e-01 2.726828e+00
-3.915720e-01 3.290930e-01 2.813570e+00
-4.583900e-02 3.218030e-01 2.762836e+00
-2.265440e-01 3.719550e-01 2.674750e+00
-1.992840e-01 1.902920e-01 2.886626e+00
-3.763610e-01 -1.971400e-02 2.785707e+00
3.173400e-02 -3.444700e-02 2.717609e+00
-1.491150e-01 -3.382100e-02 2.892138e+00
-4.339800e-01 4.912000e-02 2.791179e+00
8.413100e-02 5.220590e-01 2.608920e+00
-4.063700e-01 -2.386680e-01 2.725148e+00
-1.032050e-01 7.445110e-01 2.550920e+00
-3.889520e-01 -3.055950e-01 2.715850e+00
-1.519970e-01 7.937960e-01 2.558628e+00
-2.739260e-01 -5.586750e-01 2.783369e+00
-5.084700e-02 -5.597140e-01 2.788518e+00
-2.974720e-01 -9.717740e-01 2.904016e+00
-6.647100e-02 -9.813350e-01 2.876567e+00
-3.228480e-01 -1.015188e+00 2.750412e+00
-8.872900e-02 -1.013270e+00 2.719699e+00
-1.647090e-01 6.080370e-01 2.715538e+00
-3.866800e-01 3.234870e-01 2.795282e+00
-3.671800e-02 3.368020e-01 2.765464e+00
-2.163450e-01 3.740040e-01 2.665758e+00
-1.911660e-01 1.981950e-01 2.882769e+00
-3.815470e-01 -2.589200e-02 2.781186e+00
2.847800e-02 -2.921000e-02 2.724052e+00
-1.569660e-01 -3.613900e-02 2.893550e+00
-4.371080e-01 4.395600e-02 2.794060e+00
1.194090e-01 5.193570e-01 2.613871e+00
-4.161780e-01 -2.432920e-01 2.723411e+00
-1.912800e-02 7.715440e-01 2.542109e+00
-4.047270e-01 -3.119060e-01 2.717933e+00
-4.930100e-02 8.343830e-01 2.545253e+00
-2.748380e-01 -5.612740e-01 2.783750e+00
-5.148100e-02 -5.582970e-01 2.786223e+00
-2.985540e-01 -9.739020e-01 2.905968e+00
-7.032600e-02 -9.792620e-01 2.876746e+00
-3.196700e-01 -1.018293e+00 2.752000e+00
-8.678400e-02 -1.012359e+00 2.719404e+00
-1.600770e-01 6.076490e-01 2.712200e+00
-3.826750e-01 3.322890e-01 2.774586e+00
-2.984900e-02 3.303610e-01 2.774313e+00
-2.000260e-01 3.752610e-01 2.659978e+00
-2.008220e-01 1.986890e-01 2.877826e+00
-3.792040e-01 -1.821200e-02 2.768081e+00
3.355600e-02 -3.730300e-02 2.742378e+00
-1.644590e-01 -3.799500e-02 2.897158e+00
-4.351150e-01 5.326900e-02 2.783468e+00
1.560130e-01 4.907410e-01 2.631435e+00
-4.242800e-01 -2.363510e-01 2.720678e+00
1.445180e-01 7.726920e-01 2.540271e+00
-4.117870e-01 -3.025670e-01 2.738801e+00
1.568350e-01 8.413610e-01 2.541662e+00
-2.806140e-01 -5.572880e-01 2.788337e+00
-5.316100e-02 -5.633310e-01 2.777668e+00
-2.985780e-01 -9.721170e-01 2.903901e+00
-7.122100e-02 -9.805890e-01 2.884118e+00
-3.101420e-01 -1.014915e+00 2.748475e+00
-7.383100e-02 -1.020431e+00 2.727503e+00
-1.697770e-01 6.143090e-01 2.720285e+00
-3.828400e-01 3.304660e-01 2.776366e+00
-2.714200e-02 3.328680e-01 2.772276e+00
-2.019730e-01 3.771190e-01 2.660380e+00
-1.982830e-01 1.977940e-01 2.875938e+00
-3.821700e-01 -1.839500e-02 2.755707e+00
3.141100e-02 -3.666000e-02 2.751997e+00
-1.745560e-01 -3.775400e-02 2.896025e+00
-4.422360e-01 5.239000e-02 2.781305e+00
1.933670e-01 4.608790e-01 2.646311e+00
-4.317570e-01 -2.360190e-01 2.711555e+00
2.601010e-01 7.318730e-01 2.545001e+00
-4.239420e-01 -2.951820e-01 2.747717e+00
2.876760e-01 7.959050e-01 2.547935e+00
-2.873840e-01 -5.565560e-01 2.787376e+00
-5.547500e-02 -5.631770e-01 2.778031e+00
-2.961930e-01 -9.751520e-01 2.889656e+00
-7.214200e-02 -9.804120e-01 2.884795e+00
-3.004570e-01 -1.013417e+00 2.732683e+00
-6.645700e-02 -1.020666e+00 2.728367e+00
-1.867460e-01 6.194360e-01 2.698788e+00
-3.812550e-01 3.325870e-01 2.772440e+00
-2.401100e-02 3.290690e-01 2.772717e+00
-1.982470e-01 3.742530e-01 2.657922e+00
-2.001460e-01 1.986490e-01 2.876546e+00
-3.828990e-01 -2.025600e-02 2.760043e+00
3.039900e-02 -3.856100e-02 2.744361e+00
-1.712590e-01 -3.852500e-02 2.894365e+00
-4.397490e-01 5.264400e-02 2.772388e+00
2.207480e-01 4.320780e-01 2.666548e+00
-4.310740e-01 -2.376400e-01 2.703048e+00
3.670480e-01 6.670760e-01 2.554655e+00
-4.201660e-01 -3.064670e-01 2.706634e+00
4.090550e-01 7.226940e-01 2.557989e+00
-2.886570e-01 -5.583950e-01 2.789790e+00
-5.645600e-02 -5.646100e-01 2.781025e+00
-2.935540e-01 -9.753730e-01 2.898721e+00
-7.011100e-02 -9.831580e-01 2.882969e+00
-3.027810e-01 -1.016057e+00 2.742573e+00
-7.019300e-02 -1.021403e+00 2.725934e+00
-1.826710e-01 6.155040e-01 2.731249e+00
-3.678620e-01 3.294500e-01 2.768008e+00
-4.499000e-03 3.303320e-01 2.776009e+00
-1.829660e-01 3.713110e-01 2.656636e+00
-1.874300e-01 1.996170e-01 2.878307e+00
-3.809870e-01 -2.066300e-02 2.741099e+00
3.177700e-02 -4.070900e-02 2.766004e+00
-1.835880e-01 -3.923100e-02 2.895554e+00
-4.399670e-01 5.141100e-02 2.766540e+00
2.692310e-01 3.454290e-01 2.690276e+00
-4.303770e-01 -2.385230e-01 2.690544e+00
4.898120e-01 5.140090e-01 2.576900e+00
-4.134810e-01 -3.047670e-01 2.704522e+00
5.551780e-01 5.359670e-01 2.566210e+00
-2.943320e-01 -5.572900e-01 2.796858e+00
-5.662000e-02 -5.673360e-01 2.777842e+00
-2.923660e-01 -9.754520e-01 2.901251e+00
-7.386600e-02 -9.844800e-01 2.884871e+00
-2.871460e-01 -1.014556e+00 2.744514e+00
-5.728700e-02 -1.025079e+00 2.729309e+00
-2.002400e-01 6.196710e-01 2.727018e+00
-3.681590e-01 3.288730e-01 2.772310e+00
-3.332000e-03 3.198230e-01 2.778981e+00
-1.825860e-01 3.670020e-01 2.660725e+00
-1.909210e-01 1.929670e-01 2.880449e+00
-3.803280e-01 -2.508200e-02 2.737428e+00
3.191400e-02 -4.346700e-02 2.770815e+00
-1.860590e-01 -4.249000e-02 2.895933e+00
-4.397970e-01 5.126000e-02 2.768557e+00
2.689390e-01 2.532640e-01 2.718539e+00
-4.235640e-01 -2.368850e-01 2.689057e+00
5.232690e-01 3.438150e-01 2.589202e+00
-4.116980e-01 -3.035210e-01 2.706025e+00
5.759200e-01 3.708260e-01 2.552224e+00
-2.945550e-01 -5.608000e-01 2.798575e+00
-5.601000e-02 -5.708550e-01 2.776363e+00
-2.918360e-01 -9.791050e-01 2.902377e+00
-7.415300e-02 -9.865130e-01 2.888881e+00
-2.833520e-01 -1.017926e+00 2.745713e+00
-5.380200e-02 -1.029235e+00 2.734339e+00
-1.996330e-01 6.144340e-01 2.717635e+00
-3.793430e-01 3.296440e-01 2.779227e+00
-1.460400e-02 3.177020e-01 2.772307e+00
-1.978020e-01 3.652310e-01 2.660405e+00
-1.992270e-01 1.933180e-01 2.881946e+00
-3.797320e-01 -2.398500e-02 2.752922e+00
3.369000e-02 -4.520100e-02 2.758262e+00
-1.753760e-01 -4.470100e-02 2.897756e+00
-4.392300e-01 5.014100e-02 2.768385e+00
2.273650e-01 1.669490e-01 2.748844e+00
-4.181480e-01 -2.367160e-01 2.688035e+00
4.882570e-01 1.348860e-01 2.607088e+00
-4.006610e-01 -3.031060e-01 2.675560e+00
5.439770e-01 1.222260e-01 2.567038e+00
-2.929850e-01 -5.615020e-01 2.797038e+00
-5.498400e-02 -5.711330e-01 2.778561e+00
-2.910880e-01 -9.792110e-01 2.903229e+00
-7.404700e-02 -9.877710e-01 2.887237e+00
-2.935550e-01 -1.019039e+00 2.746607e+00
-6.460600e-02 -1.028899e+00 2.731218e+00
-2.082000e-01 6.061340e-01 2.716781e+00
-3.837310e-01 3.263940e-01 2.780729e+00
-1.896100e-02 3.183830e-01 2.770538e+00
-2.037080e-01 3.622980e-01 2.659713e+00
-2.011580e-01 1.935320e-01 2.883650e+00
-3.845600e-01 -2.894000e-02 2.749763e+00
2.909300e-02 -4.200800e-02 2.760556e+00
-1.817490e-01 -4.517600e-02 2.897315e+00
-4.379530e-01 4.672700e-02 2.771384e+00
1.310580e-01 7.633700e-02 2.782751e+00
-4.182220e-01 -2.407800e-01 2.697225e+00
3.189430e-01 -1.127090e-01 2.650425e+00
-4.011320e-01 -3.063590e-01 2.713851e+00
3.438950e-01 -1.742760e-01 2.629071e+00
-2.888220e-01 -5.646320e-01 2.795272e+00
-5.258300e-02 -5.699280e-01 2.780425e+00
-2.923650e-01 -9.812520e-01 2.905618e+00
-7.373500e-02 -9.868050e-01 2.887794e+00
-2.914640e-01 -1.022640e+00 2.749384e+00
-6.103700e-02 -1.027596e+00 2.731917e+00
-2.093310e-01 6.080340e-01 2.716042e+00
-3.847570e-01 3.276390e-01 2.791675e+00
-2.042200e-02 3.194500e-01 2.771237e+00
-2.080160e-01 3.674960e-01 2.667110e+00
-1.997690e-01 1.909810e-01 2.884851e+00
-3.841600e-01 -2.898500e-02 2.764694e+00
2.943600e-02 -3.928100e-02 2.749570e+00
-1.724640e-01 -4.590100e-02 2.899104e+00
-4.371730e-01 4.684900e-02 2.780552e+00
8.326400e-02 5.386800e-02 2.791961e+00
-4.196860e-01 -2.416110e-01 2.706047e+00
1.773710e-01 -2.119280e-01 2.694176e+00
-4.001790e-01 -3.056520e-01 2.725727e+00
1.728100e-01 -2.813540e-01 2.688850e+00
-2.877720e-01 -5.644340e-01 2.795029e+00
-5.036800e-02 -5.673260e-01 2.781820e+00
-2.933890e-01 -9.805720e-01 2.907096e+00
-7.140600e-02 -9.855060e-01 2.884013e+00
-3.021130e-01 -1.022429e+00 2.751229e+00
-6.899400e-02 -1.023985e+00 2.727054e+00
-2.026950e-01 6.104310e-01 2.693437e+00
-3.838430e-01 3.270760e-01 2.788410e+00
-1.950000e-02 3.127180e-01 2.771892e+00
-2.051250e-01 3.638870e-01 2.665744e+00
-2.022060e-01 1.873480e-01 2.883600e+00
-3.926250e-01 -3.785300e-02 2.766277e+00
2.101900e-02 -3.606800e-02 2.749203e+00
-1.798940e-01 -4.838500e-02 2.899701e+00
-4.422270e-01 4.607200e-02 2.785085e+00
5.994900e-02 3.704400e-02 2.780562e+00
-4.150440e-01 -2.430560e-01 2.711184e+00
6.704000e-02 -2.580120e-01 2.728730e+00
-3.914970e-01 -3.086370e-01 2.714885e+00
4.254300e-02 -3.215260e-01 2.713403e+00
-2.876800e-01 -5.700760e-01 2.795524e+00
-4.838200e-02 -5.665330e-01 2.786392e+00
-2.937510e-01 -9.870440e-01 2.904435e+00
-7.137800e-02 -9.865390e-01 2.880345e+00
-3.019880e-01 -1.027725e+00 2.748231e+00
-6.874200e-02 -1.021955e+00 2.722670e+00
-1.807910e-01 6.056630e-01 2.712665e+00
