-3.763970e-01 4.036180e-01 2.748440e+00
6.572400e-02 3.818070e-01 2.630894e+00
-1.458470e-01 2.372660e-01 2.754201e+00
3.504800e-02 2.334200e-02 2.583165e+00
-4.195300e-01 1.366190e-01 2.659851e+00
-3.895230e-01 -1.706020e-01 2.600729e+00
-3.459930e-01 -2.463720e-01 2.580273e+00
-2.602590e-01 -5.951950e-01 2.679665e+00
-2.780080e-01 -1.085743e+00 2.757483e+00
-3.340800e-01 -1.117923e+00 2.541841e+00
-1.370500e-01 7.086090e-01 2.552621e+00
6.406100e-02 3.841320e-01 2.624352e+00
-1.419750e-01 2.366030e-01 2.753361e+00
2.804400e-02 2.388200e-02 2.564587e+00
-4.146900e-01 1.376680e-01 2.662489e+00
-3.940940e-01 -1.699820e-01 2.600083e+00
-3.460470e-01 -2.406090e-01 2.627609e+00
-2.570180e-01 -5.911260e-01 2.677694e+00
-2.790940e-01 -1.080725e+00 2.760238e+00
-3.505240e-01 -1.113083e+00 2.549212e+00
-1.411710e-01 7.043740e-01 2.549485e+00
6.426100e-02 3.845690e-01 2.629546e+00
-1.422180e-01 2.367550e-01 2.757516e+00
3.161700e-02 2.060600e-02 2.562221e+00
-4.166070e-01 1.333160e-01 2.666724e+00
-3.909650e-01 -1.766610e-01 2.621990e+00
-3.819760e-01 -2.453910e-01 2.564983e+00
-2.570190e-01 -5.923700e-01 2.679099e+00
-2.800430e-01 -1.083635e+00 2.750776e+00
-3.516240e-01 -1.111162e+00 2.539116e+00
-1.406730e-01 7.070230e-01 2.554473e+00
6.578600e-02 3.861660e-01 2.631927e+00
-1.414020e-01 2.389300e-01 2.759417e+00
3.314900e-02 1.740900e-02 2.561892e+00
-4.134070e-01 1.400880e-01 2.673380e+00
-3.985890e-01 -1.701090e-01 2.623768e+00
-3.532370e-01 -2.461140e-01 2.638629e+00
-2.560980e-01 -5.919590e-01 2.680668e+00
-2.908380e-01 -1.084303e+00 2.738972e+00
-3.622230e-01 -1.104437e+00 2.526416e+00
-1.456550e-01 7.092270e-01 2.562121e+00
6.263700e-02 3.868590e-01 2.632799e+00
-1.427430e-01 2.366240e-01 2.759714e+00
3.578500e-02 2.003600e-02 2.559926e+00
-4.169260e-01 1.266440e-01 2.693621e+00
-4.040260e-01 -1.834190e-01 2.638222e+00
-3.599400e-01 -2.255490e-01 2.572374e+00
-2.581230e-01 -5.916960e-01 2.679375e+00
-2.796180e-01 -1.082659e+00 2.753548e+00
-3.494060e-01 -1.111642e+00 2.541485e+00
-1.456900e-01 7.052480e-01 2.567356e+00
5.894100e-02 3.882170e-01 2.638027e+00
-1.449400e-01 2.344220e-01 2.763083e+00
3.168800e-02 3.626300e-02 2.556229e+00
-4.185000e-01 1.174190e-01 2.705034e+00
-4.141240e-01 -1.882010e-01 2.620868e+00
-3.509680e-01 -2.466130e-01 2.646436e+00
-2.578720e-01 -5.955010e-01 2.677323e+00
-2.768280e-01 -1.083714e+00 2.768410e+00
-3.497530e-01 -1.120038e+00 2.558544e+00
-1.462940e-01 7.071220e-01 2.579458e+00
6.132100e-02 3.873750e-01 2.640734e+00
-1.421970e-01 2.312580e-01 2.763483e+00
3.732800e-02 2.867500e-02 2.570090e+00
-4.166770e-01 1.080230e-01 2.700870e+00
-4.037880e-01 -2.012640e-01 2.626244e+00
-3.688410e-01 -2.718070e-01 2.583153e+00
-2.579940e-01 -6.043590e-01 2.681452e+00
-2.767850e-01 -1.096039e+00 2.751496e+00
-3.426920e-01 -1.123928e+00 2.538049e+00
-1.480750e-01 7.156310e-01 2.601032e+00
5.885900e-02 3.833530e-01 2.646176e+00
-1.499030e-01 2.311640e-01 2.764987e+00
4.254300e-02 3.208600e-02 2.571043e+00
-4.128630e-01 1.145910e-01 2.698760e+00
-4.093000e-01 -1.961470e-01 2.625345e+00
-3.605050e-01 -2.711310e-01 2.618220e+00
-2.523590e-01 -5.989390e-01 2.676255e+00
-2.720680e-01 -1.090066e+00 2.749839e+00
-3.385410e-01 -1.119325e+00 2.536751e+00
-1.557820e-01 7.201050e-01 2.596381e+00
6.228300e-02 3.790140e-01 2.661940e+00
-1.527020e-01 2.252630e-01 2.766828e+00
4.928600e-02 2.983700e-02 2.581269e+00
-4.099810e-01 1.089420e-01 2.695328e+00
-3.972580e-01 -1.994320e-01 2.617737e+00
-3.734710e-01 -2.832480e-01 2.596210e+00
-2.508780e-01 -5.999550e-01 2.678906e+00
-2.753370e-01 -1.090714e+00 2.753514e+00
-3.302760e-01 -1.120848e+00 2.537285e+00
-1.594030e-01 7.162940e-01 2.599315e+00
6.693100e-02 3.796820e-01 2.660583e+00
-1.481520e-01 2.282520e-01 2.768599e+00
5.306100e-02 2.097300e-02 2.592762e+00
-4.067120e-01 1.116330e-01 2.687029e+00
-4.045170e-01 -1.963750e-01 2.617764e+00
-3.414340e-01 -2.427380e-01 2.573884e+00
-2.520460e-01 -5.988570e-01 2.679767e+00
-2.766630e-01 -1.089781e+00 2.753223e+00
-3.194890e-01 -1.120385e+00 2.534338e+00
-1.663220e-01 7.195760e-01 2.608798e+00
7.491000e-02 3.817140e-01 2.668837e+00
-1.434260e-01 2.292630e-01 2.768573e+00
5.676200e-02 1.828600e-02 2.602955e+00
-4.018990e-01 1.049170e-01 2.694807e+00
-3.969870e-01 -1.960590e-01 2.610770e+00
-3.869120e-01 -2.640350e-01 2.553045e+00
-2.547510e-01 -6.001430e-01 2.679549e+00
-2.774330e-01 -1.090601e+00 2.756656e+00
-3.086640e-01 -1.123816e+00 2.536196e+00
-1.718490e-01 7.223290e-01 2.619211e+00
9.123400e-02 3.737160e-01 2.650190e+00
-1.242280e-01 2.360150e-01 2.774585e+00
4.888900e-02 1.547600e-02 2.585400e+00
-4.145700e-01 1.114640e-01 2.699955e+00
-3.997220e-01 -1.758020e-01 2.584728e+00
-3.696010e-01 -2.566780e-01 2.609349e+00
-2.598000e-01 -6.080860e-01 2.679944e+00
-2.764250e-01 -1.097930e+00 2.762317e+00
-3.268030e-01 -1.132652e+00 2.545666e+00
-1.792680e-01 7.318430e-01 2.626029e+00
9.524900e-02 3.775510e-01 2.639766e+00
-1.160940e-01 2.387700e-01 2.767359e+00
5.534600e-02 8.263000e-03 2.587780e+00
-4.092520e-01 1.060660e-01 2.705625e+00
-3.937990e-01 -1.841450e-01 2.597859e+00
-3.728240e-01 -2.622520e-01 2.636766e+00
-2.606230e-01 -6.086890e-01 2.678715e+00
-2.773800e-01 -1.098550e+00 2.760959e+00
-3.244540e-01 -1.133433e+00 2.543591e+00
-1.742210e-01 7.302520e-01 2.640141e+00
9.426900e-02 3.849730e-01 2.626334e+00
-1.042790e-01 2.471770e-01 2.766518e+00
6.136200e-02 4.377000e-03 2.590947e+00
-4.035220e-01 1.044630e-01 2.709168e+00
-3.942910e-01 -1.915730e-01 2.615889e+00
-3.720240e-01 -2.723980e-01 2.583861e+00
-2.566160e-01 -6.039550e-01 2.679848e+00
-2.794930e-01 -1.094609e+00 2.755642e+00
-3.203770e-01 -1.126543e+00 2.536576e+00
-1.648110e-01 7.276960e-01 2.655020e+00
5.955000e-02 3.829110e-01 2.616612e+00
-1.241440e-01 2.416010e-01 2.767084e+00
5.165500e-02 3.070000e-03 2.574222e+00
-4.028410e-01 9.900400e-02 2.703672e+00
-3.953150e-01 -2.033450e-01 2.624760e+00
-3.949240e-01 -2.713820e-01 2.566235e+00
-2.595210e-01 -6.059910e-01 2.676743e+00
-2.769000e-01 -1.097377e+00 2.749173e+00
-3.395950e-01 -1.126735e+00 2.534957e+00
-1.567600e-01 7.213000e-01 2.651555e+00
6.349800e-02 3.826200e-01 2.621716e+00
-1.242490e-01 2.437240e-01 2.766013e+00
4.800000e-02 9.662000e-03 2.569613e+00
-4.044560e-01 1.075590e-01 2.695970e+00
-3.981900e-01 -1.980140e-01 2.632310e+00
-4.073360e-01 -2.691800e-01 2.578401e+00
-2.576290e-01 -6.061150e-01 2.676595e+00
-2.842040e-01 -1.096462e+00 2.753166e+00
-3.515220e-01 -1.126040e+00 2.540388e+00
-1.535730e-01 7.221680e-01 2.640537e+00
5.862600e-02 3.860990e-01 2.625774e+00
-1.279470e-01 2.460930e-01 2.769508e+00
4.921800e-02 1.241900e-02 2.575760e+00
-4.030970e-01 1.032630e-01 2.691685e+00
-4.079360e-01 -2.033950e-01 2.626520e+00
-3.368380e-01 -2.579730e-01 2.631070e+00
-2.551540e-01 -6.041490e-01 2.677215e+00
-2.790710e-01 -1.094331e+00 2.755691e+00
-3.421910e-01 -1.125486e+00 2.541853e+00
-1.536680e-01 7.180880e-01 2.628476e+00
5.724200e-02 3.729860e-01 2.623993e+00
-1.311120e-01 2.376520e-01 2.766747e+00
5.416800e-02 3.702000e-03 2.573643e+00
-4.037280e-01 1.046250e-01 2.678539e+00
-3.879060e-01 -2.037350e-01 2.614583e+00
-4.102510e-01 -2.870110e-01 2.589680e+00
-2.549920e-01 -6.069340e-01 2.679435e+00
-2.840320e-01 -1.097185e+00 2.755721e+00
-3.446280e-01 -1.127012e+00 2.540966e+00
-1.464610e-01 7.108780e-01 2.622689e+00
5.250600e-02 3.461170e-01 2.613429e+00
-1.408700e-01 2.359600e-01 2.766718e+00
5.458100e-02 2.744000e-03 2.561891e+00
-3.978340e-01 1.594400e-01 2.664360e+00
-3.839150e-01 -1.551340e-01 2.630082e+00
-3.666910e-01 -2.258150e-01 2.577529e+00
-2.563420e-01 -6.005890e-01 2.674448e+00
-2.763000e-01 -1.091056e+00 2.752245e+00
-3.511540e-01 -1.121343e+00 2.542100e+00
-1.890510e-01 6.926620e-01 2.626415e+00
4.556100e-02 3.432610e-01 2.608884e+00
-1.429840e-01 2.334520e-01 2.769681e+00
4.835800e-02 2.098000e-03 2.552922e+00
-3.949600e-01 1.619690e-01 2.660477e+00
-3.887150e-01 -1.523980e-01 2.615398e+00
-3.476710e-01 -2.281990e-01 2.590418e+00
-2.570840e-01 -6.016720e-01 2.674152e+00
-2.799330e-01 -1.092145e+00 2.751114e+00
-3.622090e-01 -1.120883e+00 2.543542e+00
-2.065790e-01 6.874370e-01 2.614165e+00
7.109100e-02 3.479500e-01 2.616548e+00
-1.322370e-01 2.453160e-01 2.764629e+00
6.095200e-02 -6.279000e-03 2.573249e+00
-3.961590e-01 1.507100e-01 2.663255e+00
-3.728730e-01 -1.635780e-01 2.593628e+00
-3.335520e-01 -2.429210e-01 2.579035e+00
-2.540110e-01 -5.984870e-01 2.667764e+00
-2.816150e-01 -1.087649e+00 2.751236e+00
-3.347830e-01 -1.121527e+00 2.535118e+00
-1.415510e-01 7.494760e-01 2.571304e+00
7.793000e-02 3.692290e-01 2.626097e+00
-1.241490e-01 2.449800e-01 2.764145e+00
6.751500e-02 -6.213000e-03 2.577859e+00
-3.975760e-01 1.134360e-01 2.671418e+00
-3.722250e-01 -1.893120e-01 2.566823e+00
-3.129260e-01 -2.565040e-01 2.571639e+00
-2.589670e-01 -5.949680e-01 2.671236e+00
-2.801790e-01 -1.083945e+00 2.757613e+00
-3.257640e-01 -1.120376e+00 2.540183e+00
-1.286580e-01 7.504370e-01 2.623214e+00
8.310700e-02 3.645390e-01 2.625338e+00
-1.246590e-01 2.428680e-01 2.759433e+00
7.513500e-02 -9.455000e-03 2.594753e+00
-3.996020e-01 1.082400e-01 2.680080e+00
-3.752250e-01 -1.945590e-01 2.579292e+00
-3.703060e-01 -2.715610e-01 2.533457e+00
-2.614740e-01 -5.990400e-01 2.673357e+00
-2.657890e-01 -1.089334e+00 2.754605e+00
-2.980080e-01 -1.125484e+00 2.534749e+00
-1.260960e-01 7.446550e-01 2.629792e+00
8.051300e-02 3.714630e-01 2.613099e+00
-1.230940e-01 2.377400e-01 2.749146e+00
6.046400e-02 1.480000e-03 2.589756e+00
-4.055910e-01 1.003870e-01 2.692672e+00
-4.010400e-01 -2.027340e-01 2.589495e+00
-3.840730e-01 -2.844740e-01 2.556555e+00
-2.668300e-01 -6.031210e-01 2.682169e+00
-2.734080e-01 -1.095865e+00 2.746737e+00
-3.070720e-01 -1.124345e+00 2.525973e+00
-1.123160e-01 7.317520e-01 2.623080e+00
8.416000e-02 3.808690e-01 2.604796e+00
-1.157360e-01 2.414030e-01 2.745111e+00
5.163300e-02 3.843000e-03 2.574088e+00
-4.072020e-01 9.589800e-02 2.698604e+00
-4.140540e-01 -2.123840e-01 2.611869e+00
-3.900480e-01 -2.899020e-01 2.573540e+00
-2.710240e-01 -6.028940e-01 2.685108e+00
-2.629060e-01 -1.096065e+00 2.746144e+00
-3.141310e-01 -1.123821e+00 2.528689e+00
-1.072090e-01 7.103300e-01 2.636416e+00
8.209700e-02 3.775470e-01 2.598726e+00
-1.175490e-01 2.397210e-01 2.742769e+00
4.920000e-02 8.420000e-04 2.567242e+00
-4.116280e-01 1.000640e-01 2.720330e+00
-4.273300e-01 -2.029080e-01 2.626069e+00
-4.011290e-01 -2.739500e-01 2.674245e+00
-2.716300e-01 -6.039200e-01 2.687234e+00
-2.788530e-01 -1.095546e+00 2.759762e+00
-3.334250e-01 -1.126638e+00 2.543576e+00
-1.722080e-01 7.369130e-01 2.619064e+00
8.455900e-02 3.795030e-01 2.600503e+00
-1.150940e-01 2.398920e-01 2.743168e+00
4.599200e-02 2.589000e-03 2.566611e+00
-4.110910e-01 1.022860e-01 2.723948e+00
-4.338090e-01 -2.005200e-01 2.631375e+00
-3.912370e-01 -2.677080e-01 2.672942e+00
-2.677480e-01 -6.033300e-01 2.683792e+00
-2.803600e-01 -1.095182e+00 2.754014e+00
-3.357150e-01 -1.124633e+00 2.537797e+00
-1.632730e-01 7.243870e-01 2.636946e+00
8.890900e-02 3.810280e-01 2.605236e+00
-1.124400e-01 2.427610e-01 2.744326e+00
5.091500e-02 5.892000e-03 2.571827e+00
-4.127560e-01 1.035850e-01 2.725912e+00
-4.246550e-01 -2.020410e-01 2.640760e+00
-4.172360e-01 -2.843050e-01 2.675860e+00
-2.655440e-01 -6.028160e-01 2.681321e+00
-2.712630e-01 -1.094382e+00 2.754386e+00
-3.219700e-01 -1.126053e+00 2.537345e+00
-1.572660e-01 7.157450e-01 2.632158e+00
8.681800e-02 3.766450e-01 2.608037e+00
-1.143200e-01 2.442690e-01 2.748746e+00
4.937200e-02 7.237000e-03 2.562773e+00
-4.099960e-01 1.058820e-01 2.715552e+00
-4.188740e-01 -2.022090e-01 2.638513e+00
-4.090370e-01 -2.910690e-01 2.646360e+00
-2.633210e-01 -6.023640e-01 2.679701e+00
-2.750890e-01 -1.092745e+00 2.759683e+00
-3.368660e-01 -1.126148e+00 2.545792e+00
-1.616510e-01 7.206080e-01 2.622266e+00
9.858000e-02 3.841290e-01 2.603277e+00
-9.904000e-02 2.569500e-01 2.747145e+00
5.302400e-02 7.237000e-03 2.567854e+00
-4.012370e-01 1.223820e-01 2.714621e+00
-4.139980e-01 -1.866680e-01 2.639864e+00
-3.931610e-01 -2.618790e-01 2.595553e+00
-2.608960e-01 -6.009480e-01 2.680994e+00
-2.771320e-01 -1.093158e+00 2.747883e+00
-3.333410e-01 -1.120691e+00 2.531634e+00
-1.755120e-01 7.149780e-01 2.623050e+00
8.417300e-02 3.836790e-01 2.603798e+00
-1.074530e-01 2.456180e-01 2.744745e+00
5.151200e-02 8.839000e-03 2.558486e+00
-3.987490e-01 1.088110e-01 2.704216e+00
-4.015450e-01 -1.971470e-01 2.616561e+00
-4.097360e-01 -2.857100e-01 2.604569e+00
-2.600640e-01 -5.952930e-01 2.672832e+00
-2.763910e-01 -1.086597e+00 2.746062e+00
-3.426590e-01 -1.116160e+00 2.532952e+00
-1.575460e-01 7.141410e-01 2.618811e+00
6.366800e-02 3.608110e-01 2.606713e+00
-1.281190e-01 2.314750e-01 2.751850e+00
6.588500e-02 -1.444400e-02 2.564864e+00
-3.930640e-01 1.006950e-01 2.686869e+00
-3.761950e-01 -2.038480e-01 2.592149e+00
-3.935160e-01 -2.890560e-01 2.569920e+00
-2.590220e-01 -6.001340e-01 2.674814e+00
-2.774800e-01 -1.084149e+00 2.786157e+00
-3.326000e-01 -1.131084e+00 2.572989e+00
-1.371500e-01 7.137280e-01 2.598522e+00
6.434300e-02 3.527710e-01 2.597412e+00
-1.267540e-01 2.403390e-01 2.756034e+00
5.172000e-02 4.400000e-04 2.541710e+00
-3.932880e-01 1.581960e-01 2.663679e+00
-3.810590e-01 -1.576970e-01 2.599496e+00
-3.492660e-01 -2.416240e-01 2.599529e+00
-2.557590e-01 -5.933780e-01 2.675961e+00
-2.769710e-01 -1.083875e+00 2.753236e+00
-3.563260e-01 -1.113309e+00 2.544627e+00
-2.208990e-01 7.098740e-01 2.537391e+00
5.994800e-02 3.524320e-01 2.595412e+00
-1.276010e-01 2.418490e-01 2.758563e+00
5.296000e-02 -3.520000e-04 2.536498e+00
-3.907850e-01 1.602530e-01 2.667223e+00
-3.634400e-01 -1.536060e-01 2.596390e+00
-3.391120e-01 -2.386360e-01 2.581144e+00
-2.578140e-01 -5.915630e-01 2.672819e+00
-2.757940e-01 -1.081755e+00 2.752805e+00
-3.587360e-01 -1.112493e+00 2.545785e+00
-2.344570e-01 7.076800e-01 2.562230e+00
7.832000e-02 3.638270e-01 2.598807e+00
-1.148560e-01 2.480470e-01 2.754082e+00
5.583200e-02 2.510000e-03 2.545423e+00
-3.927550e-01 1.403660e-01 2.669461e+00
-3.622940e-01 -1.725330e-01 2.588931e+00
-3.251410e-01 -2.530530e-01 2.575125e+00
-2.586780e-01 -5.902760e-01 2.674111e+00
-2.771500e-01 -1.080817e+00 2.751806e+00
-3.548530e-01 -1.111013e+00 2.542685e+00
-2.148320e-01 7.014160e-01 2.606295e+00
7.942500e-02 3.751670e-01 2.608755e+00
-1.159210e-01 2.491140e-01 2.755699e+00
6.743200e-02 -4.811000e-03 2.567263e+00
-3.979770e-01 1.058470e-01 2.680011e+00
-3.666660e-01 -2.009420e-01 2.581069e+00
-3.461880e-01 -2.839860e-01 2.553891e+00
-2.630670e-01 -5.947980e-01 2.674616e+00
-2.797210e-01 -1.085531e+00 2.751510e+00
-3.362600e-01 -1.117389e+00 2.535942e+00
-1.359270e-01 7.222190e-01 2.629318e+00
8.977100e-02 3.771670e-01 2.613159e+00
-1.102970e-01 2.445400e-01 2.750880e+00
6.794900e-02 -3.163000e-03 2.583127e+00
-4.027980e-01 9.720000e-02 2.688568e+00
-3.801840e-01 -2.077810e-01 2.583951e+00
-3.896450e-01 -2.894450e-01 2.547953e+00
-2.658630e-01 -5.988450e-01 2.681352e+00
-2.714400e-01 -1.090521e+00 2.753689e+00
-3.133080e-01 -1.122252e+00 2.534779e+00
-1.269970e-01 7.240330e-01 2.621783e+00
8.412800e-02 3.838060e-01 2.608427e+00
-1.134880e-01 2.443900e-01 2.747463e+00
5.846800e-02 3.734000e-03 2.578025e+00
-4.033720e-01 9.429100e-02 2.697912e+00
-4.058220e-01 -2.124800e-01 2.600075e+00
-4.012890e-01 -2.953360e-01 2.565889e+00
-2.696800e-01 -6.009230e-01 2.678550e+00
-2.704090e-01 -1.092056e+00 2.754680e+00
-3.185750e-01 -1.125672e+00 2.537353e+00
-1.184870e-01 7.236000e-01 2.626004e+00
8.331100e-02 3.818590e-01 2.601643e+00
-1.140180e-01 2.392880e-01 2.740416e+00
5.513400e-02 1.267000e-03 2.571972e+00
-4.117270e-01 9.265800e-02 2.713421e+00
-4.225600e-01 -2.127560e-01 2.610366e+00
-4.192180e-01 -3.005190e-01 2.591899e+00
-2.706430e-01 -6.015720e-01 2.692064e+00
-2.774970e-01 -1.094924e+00 2.751779e+00
-3.281880e-01 -1.120587e+00 2.533942e+00
-1.043550e-01 7.181010e-01 2.605441e+00
8.612700e-02 3.807880e-01 2.603843e+00
-1.128150e-01 2.416020e-01 2.744003e+00
5.131600e-02 1.360000e-03 2.564723e+00
-4.113100e-01 9.601900e-02 2.724268e+00
-4.304200e-01 -2.094610e-01 2.626323e+00
-4.366840e-01 -2.938410e-01 2.596404e+00
-2.723860e-01 -6.019440e-01 2.689579e+00
-2.776970e-01 -1.095541e+00 2.747387e+00
-3.358330e-01 -1.120223e+00 2.531303e+00
-1.017130e-01 7.114500e-01 2.617910e+00
8.227600e-02 3.820340e-01 2.603139e+00
-1.136130e-01 2.414090e-01 2.745030e+00
5.599300e-02 4.193000e-03 2.572229e+00
-4.110700e-01 9.698200e-02 2.723783e+00
-4.321100e-01 -2.109250e-01 2.637724e+00
-4.409500e-01 -2.973240e-01 2.615109e+00
-2.657050e-01 -6.023220e-01 2.682616e+00
-2.807410e-01 -1.093517e+00 2.756850e+00
-3.297420e-01 -1.124884e+00 2.539373e+00
-1.161200e-01 7.175670e-01 2.620170e+00
8.116700e-02 3.806980e-01 2.606701e+00
-1.137450e-01 2.424700e-01 2.749099e+00
5.377500e-02 3.144000e-03 2.571051e+00
-4.098990e-01 9.592900e-02 2.723339e+00
-4.293610e-01 -2.130150e-01 2.638974e+00
-4.343500e-01 -3.002460e-01 2.618473e+00
-2.643440e-01 -6.039930e-01 2.678163e+00
-2.753140e-01 -1.094498e+00 2.757493e+00
-3.285520e-01 -1.128260e+00 2.541374e+00
-1.195270e-01 7.230660e-01 2.612465e+00
7.913300e-02 3.705910e-01 2.605384e+00
-1.169550e-01 2.422810e-01 2.750901e+00
5.202600e-02 1.283000e-03 2.566599e+00
-4.056460e-01 1.025000e-01 2.718715e+00
-4.175580e-01 -2.054680e-01 2.632887e+00
-4.295970e-01 -2.929150e-01 2.616689e+00
-2.631560e-01 -6.051430e-01 2.680252e+00
-2.741360e-01 -1.096616e+00 2.753347e+00
-3.334800e-01 -1.127265e+00 2.538358e+00
-1.289470e-01 7.272570e-01 2.604591e+00
6.865300e-02 3.834900e-01 2.601308e+00
-1.176150e-01 2.417840e-01 2.746422e+00
5.208700e-02 4.575000e-03 2.565069e+00
-4.010010e-01 9.651200e-02 2.704719e+00
-4.125630e-01 -2.133580e-01 2.625050e+00
-4.179220e-01 -2.982360e-01 2.596391e+00
-2.637540e-01 -6.018010e-01 2.677219e+00
-2.773950e-01 -1.093324e+00 2.749522e+00
-3.383060e-01 -1.123210e+00 2.534864e+00
-1.419170e-01 7.195110e-01 2.602113e+00
5.743200e-02 3.705090e-01 2.598968e+00
-1.788300e-01 4.366720e-01 2.557448e+00
-1.229110e-01 2.336480e-01 2.753027e+00
-3.421630e-01 2.236900e-02 2.682016e+00
5.122300e-02 -4.046000e-03 2.561068e+00
-1.019710e-01 1.014100e-02 2.762810e+00
-3.986880e-01 8.196700e-02 2.694765e+00
7.912800e-02 5.547480e-01 2.375514e+00
-3.987130e-01 -2.272320e-01 2.609552e+00
-1.844920e-01 7.224500e-01 2.303086e+00
-4.086790e-01 -3.104230e-01 2.577391e+00
-2.101940e-01 8.081890e-01 2.309607e+00
-2.621590e-01 -6.080210e-01 2.681983e+00
-1.289000e-02 -6.076740e-01 2.699549e+00
-2.740380e-01 -1.100165e+00 2.750262e+00
-2.052500e-02 -1.101425e+00 2.755762e+00
-3.421290e-01 -1.128040e+00 2.537499e+00
-8.697000e-02 -1.124742e+00 2.541933e+00
-1.348760e-01 7.145570e-01 2.596684e+00
-3.499180e-01 4.203870e-01 2.764297e+00
5.519500e-02 3.639600e-01 2.592698e+00
-1.685820e-01 4.699720e-01 2.584158e+00
-1.267190e-01 2.443460e-01 2.757181e+00
-3.327500e-01 4.138400e-02 2.694802e+00
4.777200e-02 1.218000e-03 2.540956e+00
-8.704500e-02 2.173000e-02 2.754904e+00
-3.989830e-01 1.472420e-01 2.677110e+00
5.947600e-02 5.638950e-01 2.381452e+00
-3.861260e-01 -1.687900e-01 2.620949e+00
-2.449080e-01 6.541320e-01 2.332425e+00
-3.436450e-01 -2.373250e-01 2.581544e+00
-3.148730e-01 7.059450e-01 2.354211e+00
-2.611510e-01 -5.932520e-01 2.676623e+00
-1.021400e-02 -5.961820e-01 2.696050e+00
-2.777850e-01 -1.082080e+00 2.764825e+00
-2.118600e-02 -1.090614e+00 2.745303e+00
-3.596080e-01 -1.116621e+00 2.557960e+00
-1.073430e-01 -1.109336e+00 2.538161e+00
-1.868410e-01 7.031080e-01 2.598452e+00
-3.464200e-01 4.194310e-01 2.781392e+00
4.468100e-02 3.462470e-01 2.584407e+00
-1.731090e-01 4.648640e-01 2.592470e+00
-1.345010e-01 2.315620e-01 2.755801e+00
-3.381570e-01 2.629800e-02 2.707162e+00
3.361800e-02 1.745000e-03 2.530359e+00
-8.870400e-02 1.559400e-02 2.752203e+00
-4.046400e-01 1.504880e-01 2.685188e+00
6.464000e-02 5.564970e-01 2.383479e+00
-3.809020e-01 -1.558200e-01 2.589042e+00
-2.387600e-01 6.456550e-01 2.323219e+00
-3.371970e-01 -2.338910e-01 2.596056e+00
-3.081360e-01 6.868400e-01 2.362528e+00
-2.607810e-01 -6.041480e-01 2.680133e+00
-5.157000e-03 -5.986110e-01 2.694033e+00
-2.807270e-01 -1.095519e+00 2.752007e+00
-1.597900e-02 -1.092975e+00 2.743988e+00
-3.778960e-01 -1.121043e+00 2.550542e+00
-1.120980e-01 -1.111358e+00 2.541246e+00
-2.044470e-01 6.905970e-01 2.593453e+00
-3.514440e-01 4.103910e-01 2.766766e+00
5.211400e-02 3.727970e-01 2.583228e+00
-1.783620e-01 4.668650e-01 2.580634e+00
-1.195270e-01 2.462590e-01 2.755186e+00
-3.363010e-01 3.800100e-02 2.704345e+00
3.681100e-02 6.269000e-03 2.531546e+00
-8.774500e-02 2.047700e-02 2.752121e+00
-4.005410e-01 1.342860e-01 2.685892e+00
8.576000e-02 5.641280e-01 2.365408e+00
-3.771310e-01 -1.716380e-01 2.587143e+00
-2.014990e-01 6.937790e-01 2.297867e+00
-3.226380e-01 -2.427500e-01 2.592432e+00
-2.523750e-01 7.623580e-01 2.325488e+00
-2.608260e-01 -5.946980e-01 2.676370e+00
-1.206500e-02 -5.919420e-01 2.696761e+00
-2.759030e-01 -1.086029e+00 2.749682e+00
-2.002700e-02 -1.086952e+00 2.740472e+00
-3.707070e-01 -1.113314e+00 2.547323e+00
-1.158940e-01 -1.103339e+00 2.537440e+00
-2.391810e-01 7.068690e-01 2.564463e+00
-3.599690e-01 4.069040e-01 2.742671e+00
5.587300e-02 3.626470e-01 2.592974e+00
-1.731650e-01 4.551770e-01 2.567841e+00
-1.275930e-01 2.436370e-01 2.756973e+00
-3.363130e-01 3.803000e-02 2.688521e+00
4.770000e-02 -1.086000e-03 2.543323e+00
-9.198600e-02 1.893800e-02 2.754169e+00
-4.025030e-01 1.219020e-01 2.697073e+00
1.196460e-01 5.436230e-01 2.373212e+00
-3.769280e-01 -1.815360e-01 2.591843e+00
-1.014820e-01 7.468730e-01 2.256619e+00
-3.284480e-01 -2.569240e-01 2.587290e+00
-1.363270e-01 8.247340e-01 2.284510e+00
-2.629050e-01 -5.960080e-01 2.680646e+00
-1.559800e-02 -5.995250e-01 2.694959e+00
-2.773170e-01 -1.087952e+00 2.749871e+00
-1.643800e-02 -1.094234e+00 2.742617e+00
-3.576270e-01 -1.114949e+00 2.541298e+00
-9.883600e-02 -1.114185e+00 2.534065e+00
-2.191850e-01 7.203210e-01 2.565741e+00
-3.613010e-01 3.919170e-01 2.714016e+00
7.081400e-02 3.780970e-01 2.599887e+00
-1.644210e-01 4.527730e-01 2.554872e+00
-1.193750e-01 2.469650e-01 2.750347e+00
-3.472280e-01 3.570500e-02 2.673947e+00
4.794100e-02 -2.600000e-05 2.561502e+00
-1.091210e-01 1.865000e-02 2.759877e+00
-4.064250e-01 1.047420e-01 2.702949e+00
1.848970e-01 5.223420e-01 2.374483e+00
-4.042030e-01 -2.044980e-01 2.615910e+00
1.187400e-01 8.056400e-01 2.238193e+00
-3.950140e-01 -2.792210e-01 2.567059e+00
1.548950e-01 8.837170e-01 2.263710e+00
-2.682850e-01 -5.972130e-01 2.680374e+00
-2.063800e-02 -6.011410e-01 2.695664e+00
-2.757780e-01 -1.088994e+00 2.751819e+00
-1.536800e-02 -1.095734e+00 2.744234e+00
-3.395850e-01 -1.119080e+00 2.538032e+00
-7.972200e-02 -1.117497e+00 2.529603e+00
-2.123620e-01 7.241910e-01 2.604460e+00
-3.630780e-01 3.920170e-01 2.713966e+00
7.185800e-02 3.785050e-01 2.601292e+00
-1.647720e-01 4.566910e-01 2.558132e+00
-1.225440e-01 2.439140e-01 2.746653e+00
-3.533540e-01 3.163300e-02 2.663413e+00
4.771100e-02 3.000000e-03 2.571729e+00
-1.198980e-01 1.704000e-02 2.761675e+00
-4.089420e-01 1.063090e-01 2.702361e+00
2.288140e-01 4.969400e-01 2.388677e+00
-4.140820e-01 -2.050460e-01 2.629473e+00
2.859750e-01 7.869160e-01 2.266500e+00
-4.168820e-01 -2.907150e-01 2.602879e+00
3.422390e-01 8.445510e-01 2.306086e+00
-2.704390e-01 -5.986230e-01 2.684666e+00
-2.503000e-02 -6.021140e-01 2.691244e+00
-2.789630e-01 -1.089780e+00 2.760172e+00
-1.598100e-02 -1.096448e+00 2.741848e+00
-3.315740e-01 -1.122147e+00 2.543687e+00
-6.818800e-02 -1.119694e+00 2.524097e+00
-2.076880e-01 7.205330e-01 2.612076e+00
-3.639770e-01 3.917350e-01 2.710699e+00
7.305400e-02 3.773510e-01 2.600257e+00
-1.645320e-01 4.564700e-01 2.556352e+00
-1.240870e-01 2.427800e-01 2.744229e+00
-3.556570e-01 2.924100e-02 2.667454e+00
4.292800e-02 -3.710000e-04 2.565805e+00
-1.197260e-01 1.604600e-02 2.759825e+00
-4.158430e-01 1.060640e-01 2.717834e+00
2.733110e-01 4.760000e-01 2.414477e+00
-4.333910e-01 -2.029310e-01 2.633678e+00
4.140950e-01 7.404000e-01 2.299843e+00
-4.045080e-01 -2.809930e-01 2.600114e+00
4.865900e-01 7.737220e-01 2.340935e+00
-2.741180e-01 -6.012700e-01 2.686004e+00
-2.339800e-02 -6.050130e-01 2.686703e+00
-2.799810e-01 -1.092762e+00 2.759553e+00
-1.550300e-02 -1.098577e+00 2.744507e+00
-3.381580e-01 -1.124269e+00 2.544369e+00
-7.254200e-02 -1.124809e+00 2.528314e+00
-2.015970e-01 7.267000e-01 2.603182e+00
-3.604340e-01 3.953920e-01 2.693112e+00
8.288600e-02 3.708730e-01 2.605562e+00
-1.523660e-01 4.519200e-01 2.547151e+00
-1.249910e-01 2.442520e-01 2.743929e+00
-3.557910e-01 2.874100e-02 2.656544e+00
4.656600e-02 -1.389000e-03 2.571219e+00
-1.237120e-01 1.708700e-02 2.758393e+00
-4.199590e-01 1.120870e-01 2.714332e+00
3.109750e-01 4.374160e-01 2.438819e+00
-4.413420e-01 -2.004310e-01 2.646290e+00
4.858250e-01 6.832110e-01 2.330346e+00
-4.472830e-01 -2.880940e-01 2.628008e+00
5.702780e-01 6.932130e-01 2.359018e+00
-2.749060e-01 -6.014780e-01 2.684059e+00
-2.716400e-02 -6.067170e-01 2.687053e+00
-2.744870e-01 -1.093452e+00 2.754555e+00
-1.576600e-02 -1.099237e+00 2.752649e+00
-3.243040e-01 -1.124635e+00 2.537237e+00
-6.403300e-02 -1.129364e+00 2.534832e+00
-1.970100e-01 7.290430e-01 2.594214e+00
-3.613530e-01 3.975140e-01 2.684072e+00
9.090700e-02 3.707130e-01 2.616935e+00
-1.464930e-01 4.520090e-01 2.547479e+00
-1.289890e-01 2.463680e-01 2.747485e+00
-3.552730e-01 3.072300e-02 2.647446e+00
5.030600e-02 -2.024000e-03 2.580275e+00
-1.279540e-01 1.931700e-02 2.759544e+00
-4.195570e-01 1.145980e-01 2.705581e+00
3.351650e-01 3.336440e-01 2.465754e+00
-4.515970e-01 -1.973030e-01 2.642314e+00
5.043760e-01 5.777080e-01 2.346963e+00
-4.541870e-01 -2.840370e-01 2.619405e+00
5.868720e-01 5.929210e-01 2.378858e+00
-2.747850e-01 -5.998190e-01 2.684831e+00
-2.623500e-02 -6.063930e-01 2.692225e+00
-2.782500e-01 -1.091518e+00 2.757144e+00
-1.327400e-02 -1.100862e+00 2.740613e+00
-3.182290e-01 -1.123477e+00 2.537915e+00
-5.270700e-02 -1.123472e+00 2.520124e+00
-1.898130e-01 7.293270e-01 2.587093e+00
-3.713500e-01 3.990200e-01 2.681051e+00
8.362700e-02 3.751600e-01 2.634245e+00
-1.505260e-01 4.583730e-01 2.556528e+00
-1.417320e-01 2.461900e-01 2.750172e+00
-3.566290e-01 3.131200e-02 2.643734e+00
5.083000e-02 3.347000e-03 2.586514e+00
-1.321250e-01 2.063600e-02 2.761437e+00
-4.207790e-01 1.137300e-01 2.697376e+00
3.025200e-01 2.292720e-01 2.512168e+00
-4.480110e-01 -1.991720e-01 2.634795e+00
4.661350e-01 4.592450e-01 2.360815e+00
-4.513620e-01 -2.859160e-01 2.612024e+00
5.528750e-01 4.822550e-01 2.361819e+00
-2.749790e-01 -5.979330e-01 2.682622e+00
-2.925600e-02 -6.044900e-01 2.684757e+00
-2.745830e-01 -1.089508e+00 2.755853e+00
-8.666000e-03 -1.095984e+00 2.755597e+00
-3.092640e-01 -1.122311e+00 2.535847e+00
-4.132300e-02 -1.129100e+00 2.535329e+00
-1.711250e-01 7.255240e-01 2.582193e+00
-3.817060e-01 4.006970e-01 2.718032e+00
7.058900e-02 3.783990e-01 2.649506e+00
-1.644030e-01 4.773670e-01 2.596817e+00
-1.530910e-01 2.347320e-01 2.750431e+00
-3.598450e-01 3.384000e-02 2.650816e+00
4.616500e-02 1.278400e-02 2.581599e+00
-1.318420e-01 2.651900e-02 2.761860e+00
-4.174360e-01 1.165930e-01 2.676014e+00
1.853730e-01 1.166390e-01 2.604079e+00
-4.334860e-01 -1.961360e-01 2.612063e+00
3.883520e-01 2.430410e-01 2.392020e+00
-4.198220e-01 -2.771880e-01 2.576031e+00
4.565850e-01 2.616780e-01 2.336782e+00
-2.702880e-01 -5.941080e-01 2.682647e+00
-2.600100e-02 -5.963580e-01 2.685801e+00
-2.791210e-01 -1.085424e+00 2.757070e+00
-1.303600e-02 -1.089598e+00 2.745416e+00
-3.190340e-01 -1.117905e+00 2.537905e+00
-5.161200e-02 -1.117211e+00 2.525347e+00
-1.385760e-01 7.099590e-01 2.556252e+00
-3.852250e-01 4.090890e-01 2.733689e+00
6.251700e-02 3.781110e-01 2.642414e+00
-1.718170e-01 4.854470e-01 2.605556e+00
-1.601080e-01 2.359260e-01 2.747679e+00
-3.603470e-01 3.686200e-02 2.659659e+00
4.305300e-02 2.079300e-02 2.575461e+00
-1.283900e-01 3.030400e-02 2.762240e+00
-4.165130e-01 1.304340e-01 2.673961e+00
1.162380e-01 9.722700e-02 2.662744e+00
-4.189530e-01 -1.744710e-01 2.588705e+00
3.130670e-01 1.253470e-01 2.416351e+00
-3.946420e-01 -2.602770e-01 2.598743e+00
3.446280e-01 7.721700e-02 2.347490e+00
-2.682910e-01 -5.903020e-01 2.679494e+00
-2.530300e-02 -5.889040e-01 2.688773e+00
-2.754280e-01 -1.081193e+00 2.756845e+00
-1.134800e-02 -1.079887e+00 2.764600e+00
-3.232600e-01 -1.114755e+00 2.539435e+00
-5.712900e-02 -1.114800e+00 2.546962e+00
-1.398140e-01 7.036550e-01 2.547384e+00
-3.868280e-01 4.013840e-01 2.731734e+00
5.812800e-02 3.705070e-01 2.627688e+00
-1.778530e-01 4.756670e-01 2.595339e+00
-1.603560e-01 2.298040e-01 2.743129e+00
-3.591500e-01 2.905700e-02 2.668864e+00
4.005600e-02 2.421000e-02 2.565472e+00
-1.224730e-01 2.794200e-02 2.760254e+00
-4.214500e-01 1.253500e-01 2.666282e+00
1.074700e-01 9.262700e-02 2.672695e+00
-4.060760e-01 -1.775560e-01 2.578982e+00
2.608650e-01 -3.909700e-02 2.430355e+00
-3.524340e-01 -2.494730e-01 2.581209e+00
2.454770e-01 -1.223390e-01 2.400551e+00
-2.658550e-01 -5.949180e-01 2.679099e+00
-2.174800e-02 -5.875990e-01 2.690931e+00
-2.670720e-01 -1.086678e+00 2.751066e+00
-1.443700e-02 -1.081052e+00 2.749751e+00
-3.252060e-01 -1.118031e+00 2.535848e+00
-6.995100e-02 -1.107686e+00 2.533209e+00
-1.441380e-01 7.045290e-01 2.542663e+00
-3.823590e-01 4.057270e-01 2.749100e+00
5.490500e-02 3.695310e-01 2.617746e+00
-1.809530e-01 4.785420e-01 2.601027e+00
-1.582930e-01 2.306990e-01 2.744754e+00
-3.684240e-01 2.356800e-02 2.679657e+00
2.583900e-02 1.920600e-02 2.558759e+00
-1.279490e-01 2.225700e-02 2.760525e+00
-4.254970e-01 1.391330e-01 2.655727e+00
1.068460e-01 9.014900e-02 2.647741e+00
-3.925860e-01 -1.631270e-01 2.571259e+00
1.249750e-01 -2.225950e-01 2.609769e+00
-3.552880e-01 -2.373320e-01 2.537246e+00
5.553200e-02 -2.778760e-01 2.623037e+00
-2.620200e-01 -6.010620e-01 2.681832e+00
-1.652500e-02 -5.905970e-01 2.687407e+00
-2.768300e-01 -1.092271e+00 2.756010e+00
-1.879400e-02 -1.084316e+00 2.744370e+00
-3.427140e-01 -1.122471e+00 2.542871e+00
-8.185500e-02 -1.108800e+00 2.529649e+00
-1.359400e-01 7.056130e-01 2.538555e+00
-3.734470e-01 4.087430e-01 2.756505e+00
5.671400e-02 3.637920e-01 2.605824e+00
-1.781750e-01 4.758460e-01 2.597892e+00
-1.522060e-01 2.304620e-01 2.745233e+00
-3.728970e-01 3.066700e-02 2.682111e+00
1.786200e-02 1.884300e-02 2.550786e+00
-1.304770e-01 2.305800e-02 2.756571e+00
-4.293840e-01 1.469550e-01 2.657296e+00
8.934500e-02 8.870900e-02 2.674878e+00
-3.971090e-01 -1.567150e-01 2.578925e+00
8.474200e-02 -2.262960e-01 2.662642e+00
-3.491270e-01 -2.257400e-01 2.547497e+00
2.870700e-02 -2.954170e-01 2.650947e+00
-2.582650e-01 -5.963000e-01 2.682719e+00
-1.257200e-02 -5.854580e-01 2.686262e+00
-2.766420e-01 -1.087142e+00 2.758516e+00
-1.239800e-02 -1.079432e+00 2.741019e+00
-3.474550e-01 -1.117163e+00 2.546937e+00
-8.168500e-02 -1.103056e+00 2.528128e+00
-1.301810e-01 7.056480e-01 2.534904e+00
-3.734990e-01 4.070960e-01 2.754594e+00
5.781600e-02 3.657870e-01 2.606186e+00
-1.777210e-01 4.764210e-01 2.597569e+00
-1.510800e-01 2.302740e-01 2.743510e+00
-3.675270e-01 3.156100e-02 2.688918e+00
2.016300e-02 1.307500e-02 2.549515e+00
-1.237550e-01 2.031500e-02 2.758332e+00
-4.208130e-01 1.460800e-01 2.649004e+00
8.416500e-02 9.112400e-02 2.679557e+00
-3.932050e-01 -1.629940e-01 2.593093e+00
9.035500e-02 -2.240760e-01 2.684620e+00
-3.735090e-01 -2.159670e-01 2.523377e+00
3.519200e-02 -2.918590e-01 2.664201e+00
-2.613100e-01 -5.978490e-01 2.678888e+00
-1.350100e-02 -5.889500e-01 2.691084e+00
-2.779280e-01 -1.089351e+00 2.750709e+00
-1.674800e-02 -1.083425e+00 2.741016e+00
-3.531080e-01 -1.117543e+00 2.540389e+00
-9.153900e-02 -1.104272e+00 2.529703e+00
-1.324940e-01 7.032710e-01 2.534309e+00
-3.718680e-01 4.084840e-01 2.727851e+00
7.081600e-02 3.648940e-01 2.618787e+00
-1.635930e-01 4.732790e-01 2.585670e+00
-1.485320e-01 2.331060e-01 2.742792e+00
-3.634120e-01 3.312800e-02 2.674360e+00
3.119600e-02 1.113100e-02 2.556547e+00
-1.239570e-01 1.959200e-02 2.757111e+00
-4.202860e-01 1.388820e-01 2.647738e+00
9.595000e-02 8.986900e-02 2.690735e+00
-4.107230e-01 -1.739390e-01 2.610581e+00
8.965300e-02 -2.245870e-01 2.670540e+00
-3.563110e-01 -2.212740e-01 2.557166e+00
3.064000e-02 -2.877190e-01 2.646329e+00
-2.621870e-01 -5.964330e-01 2.682203e+00
-1.677000e-02 -5.919760e-01 2.689378e+00
-2.779320e-01 -1.089398e+00 2.743406e+00
-1.470100e-02 -1.086095e+00 2.742770e+00
-3.429280e-01 -1.113908e+00 2.529265e+00
-7.910500e-02 -1.109536e+00 2.528332e+00
-1.235030e-01 7.097100e-01 2.538259e+00
