-3.835370e-01 3.473810e-01 2.789927e+00
-1.847625e-01 3.605185e-01 2.717401e+00
1.401200e-02 3.736560e-01 2.644874e+00
-1.061900e-01 4.080810e-01 2.631516e+00
-2.263920e-01 4.425060e-01 2.618158e+00
-1.893670e-01 3.365975e-01 2.700449e+00
-1.523420e-01 2.306890e-01 2.782740e+00
-2.501715e-01 1.444240e-01 2.743662e+00
-3.480010e-01 5.815900e-02 2.704584e+00
-1.847785e-01 6.883050e-02 2.649804e+00
-2.155600e-02 7.950200e-02 2.595024e+00
-8.190600e-02 6.409900e-02 2.683803e+00
-1.422560e-01 4.869600e-02 2.772581e+00
-2.800030e-01 5.813150e-02 2.746569e+00
-4.177500e-01 6.756700e-02 2.720557e+00
-1.787075e-01 7.731800e-02 2.682417e+00
6.033500e-02 8.706900e-02 2.644278e+00
-1.840615e-01 -7.779150e-02 2.651832e+00
-4.284580e-01 -2.426520e-01 2.659386e+00
-1.885965e-01 -2.358780e-01 2.648468e+00
5.126500e-02 -2.291040e-01 2.637550e+00
-1.689325e-01 -2.706015e-01 2.638127e+00
-3.891300e-01 -3.120990e-01 2.638704e+00
-1.807405e-01 -3.100715e-01 2.636705e+00
2.764900e-02 -3.080440e-01 2.634706e+00
-1.419430e-01 -4.151670e-01 2.650830e+00
-3.115350e-01 -5.222900e-01 2.666954e+00
-1.720250e-01 -5.112910e-01 2.684262e+00
-3.251500e-02 -5.002920e-01 2.701570e+00
2.653400e-02 -6.221230e-01 2.657214e+00
8.558300e-02 -7.439540e-01 2.612858e+00
-1.429800e-01 -7.695005e-01 2.701777e+00
-3.715430e-01 -7.950470e-01 2.790695e+00
-1.957145e-01 -8.648925e-01 2.705530e+00
-1.988600e-02 -9.347380e-01 2.620365e+00
-1.255910e-01 -9.480215e-01 2.697353e+00
-2.312960e-01 -9.613050e-01 2.774340e+00
-2.091190e-01 -1.482065e-01 2.690598e+00
-1.869420e-01 6.648920e-01 2.606856e+00
-2.847755e-01 5.094085e-01 2.697591e+00
-3.826090e-01 3.539250e-01 2.788326e+00
-1.829230e-01 3.624815e-01 2.717642e+00
1.676300e-02 3.710380e-01 2.646958e+00
-1.025630e-01 4.078685e-01 2.632236e+00
-2.218890e-01 4.446990e-01 2.617513e+00
-1.878630e-01 3.385560e-01 2.700791e+00
-1.538370e-01 2.324130e-01 2.784068e+00
-2.527500e-01 1.455270e-01 2.743236e+00
-3.516630e-01 5.864100e-02 2.702404e+00
-1.882050e-01 6.981950e-02 2.648435e+00
-2.474700e-02 8.099800e-02 2.594465e+00
-8.550650e-02 6.653300e-02 2.683122e+00
-1.462660e-01 5.206800e-02 2.771779e+00
-2.814405e-01 6.252450e-02 2.746204e+00
-4.166150e-01 7.298100e-02 2.720629e+00
-1.800160e-01 7.789850e-02 2.685455e+00
5.658300e-02 8.281600e-02 2.650280e+00
-1.828430e-01 -7.774450e-02 2.655352e+00
-4.222690e-01 -2.383050e-01 2.660423e+00
-1.851620e-01 -2.361175e-01 2.648163e+00
5.194500e-02 -2.339300e-01 2.635904e+00
-1.686690e-01 -2.738840e-01 2.647147e+00
-3.892830e-01 -3.138380e-01 2.658391e+00
-1.850110e-01 -3.116980e-01 2.645609e+00
1.926100e-02 -3.095580e-01 2.632827e+00
-1.449305e-01 -4.156710e-01 2.656636e+00
-3.091220e-01 -5.217840e-01 2.680445e+00
-1.783165e-01 -5.118310e-01 2.691223e+00
-4.751100e-02 -5.018780e-01 2.702001e+00
2.111250e-02 -6.078100e-01 2.632426e+00
8.973600e-02 -7.137420e-01 2.562850e+00
-1.479390e-01 -7.580795e-01 2.668224e+00
-3.856140e-01 -8.024170e-01 2.773599e+00
-1.917605e-01 -8.571005e-01 2.681229e+00
2.093000e-03 -9.117840e-01 2.588858e+00
-1.210935e-01 -9.393600e-01 2.669646e+00
-2.442800e-01 -9.669360e-01 2.750434e+00
-2.168985e-01 -1.509030e-01 2.675758e+00
-1.895170e-01 6.651300e-01 2.601081e+00
-2.868135e-01 5.101040e-01 2.696507e+00
-3.841100e-01 3.550780e-01 2.791933e+00
1.323300e-02 3.711700e-01 2.644841e+00
-2.257190e-01 4.450520e-01 2.618540e+00
-1.555780e-01 2.332450e-01 2.784839e+00
-3.493990e-01 5.793200e-02 2.709925e+00
-2.617300e-02 8.272700e-02 2.591879e+00
-1.418440e-01 4.954400e-02 2.772331e+00
-4.174000e-01 7.464900e-02 2.720949e+00
5.909500e-02 8.367600e-02 2.650382e+00
-4.265240e-01 -2.370440e-01 2.662116e+00
5.019800e-02 -2.332520e-01 2.637177e+00
-3.845210e-01 -3.065920e-01 2.648106e+00
2.016100e-02 -3.100040e-01 2.635081e+00
-3.058750e-01 -5.210950e-01 2.688883e+00
-5.341000e-02 -5.025770e-01 2.692033e+00
7.863200e-02 -7.200980e-01 2.539499e+00
-3.577350e-01 -8.342740e-01 2.776454e+00
-9.569000e-03 -9.165560e-01 2.574187e+00
-2.192570e-01 -9.819790e-01 2.695303e+00
-1.895280e-01 6.644550e-01 2.601626e+00
-3.838520e-01 3.552220e-01 2.786372e+00
1.777400e-02 3.713330e-01 2.651417e+00
-2.202500e-01 4.453060e-01 2.617946e+00
-1.552430e-01 2.333310e-01 2.786105e+00
-3.509400e-01 6.435200e-02 2.703176e+00
-2.199200e-02 8.201500e-02 2.600676e+00
-1.468280e-01 5.091400e-02 2.775297e+00
-4.171080e-01 7.357000e-02 2.719378e+00
5.865400e-02 8.280500e-02 2.653184e+00
-4.261680e-01 -2.381380e-01 2.659268e+00
5.429900e-02 -2.344900e-01 2.640470e+00
-3.915180e-01 -3.127400e-01 2.653666e+00
2.764500e-02 -3.125000e-01 2.641643e+00
-3.050190e-01 -5.165650e-01 2.692136e+00
-4.092300e-02 -5.017260e-01 2.680953e+00
7.150400e-02 -7.167390e-01 2.525028e+00
-3.610580e-01 -8.133910e-01 2.781662e+00
-1.484200e-02 -9.129200e-01 2.565476e+00
-2.224720e-01 -9.730700e-01 2.728041e+00
-1.925270e-01 6.618910e-01 2.591718e+00
-3.810350e-01 3.549960e-01 2.792403e+00
2.022100e-02 3.710330e-01 2.656344e+00
-2.171210e-01 4.485350e-01 2.626178e+00
-1.537500e-01 2.307510e-01 2.787397e+00
-3.504570e-01 6.839200e-02 2.706813e+00
-2.397800e-02 8.821000e-02 2.597071e+00
-1.447250e-01 5.376100e-02 2.773925e+00
-4.180000e-01 7.447400e-02 2.718892e+00
5.741200e-02 8.109100e-02 2.652686e+00
-4.242720e-01 -2.381340e-01 2.657772e+00
5.492100e-02 -2.372520e-01 2.640435e+00
-3.860110e-01 -3.100180e-01 2.644880e+00
2.368300e-02 -3.135060e-01 2.643070e+00
-3.159340e-01 -5.080670e-01 2.709153e+00
-3.737200e-02 -4.943890e-01 2.679225e+00
-7.076100e-02 -8.273610e-01 2.490737e+00
-2.078500e-01 -9.064210e-01 2.783776e+00
-2.161710e-01 -9.790490e-01 2.549261e+00
-1.789120e-01 -9.707670e-01 2.577377e+00
-1.865300e-01 6.613680e-01 2.605773e+00
-3.806050e-01 3.523720e-01 2.793885e+00
2.103100e-02 3.724210e-01 2.659489e+00
-2.165940e-01 4.491750e-01 2.629637e+00
-1.526810e-01 2.293510e-01 2.787844e+00
-3.512340e-01 7.563600e-02 2.709532e+00
-2.565900e-02 8.862800e-02 2.596143e+00
-1.450810e-01 5.791900e-02 2.774579e+00
-4.179950e-01 7.243800e-02 2.718852e+00
5.908500e-02 8.271700e-02 2.655647e+00
-4.181590e-01 -2.383760e-01 2.649503e+00
6.193400e-02 -2.353540e-01 2.640259e+00
-3.854430e-01 -3.105080e-01 2.626611e+00
3.458100e-02 -3.130970e-01 2.642527e+00
-3.007400e-01 -5.067020e-01 2.700428e+00
-6.420000e-03 -4.856080e-01 2.670208e+00
-1.676270e-01 -8.794390e-01 2.469968e+00
-3.344210e-01 -7.992910e-01 2.731709e+00
-3.762760e-01 -9.306160e-01 2.432222e+00
-1.854900e-01 -9.579540e-01 2.716739e+00
-1.837990e-01 6.596870e-01 2.604469e+00
-3.838290e-01 3.506670e-01 2.793326e+00
1.750900e-02 3.722280e-01 2.658277e+00
-2.209420e-01 4.457800e-01 2.626986e+00
-1.545960e-01 2.300070e-01 2.789704e+00
-3.499980e-01 6.646600e-02 2.709059e+00
-2.461600e-02 8.144400e-02 2.595360e+00
-1.436750e-01 5.023100e-02 2.773952e+00
-4.172710e-01 7.039400e-02 2.716737e+00
6.227400e-02 8.322000e-02 2.655561e+00
-4.172340e-01 -2.413900e-01 2.650570e+00
5.172000e-02 -2.348030e-01 2.637195e+00
-3.750160e-01 -3.094410e-01 2.630974e+00
2.927300e-02 -3.136820e-01 2.645658e+00
-2.959750e-01 -5.154030e-01 2.701788e+00
-3.861800e-02 -5.002680e-01 2.677224e+00
-1.598320e-01 -8.990470e-01 2.491918e+00
-3.862310e-01 -7.844000e-01 2.767767e+00
-3.616330e-01 -9.282870e-01 2.414460e+00
-2.518240e-01 -9.550750e-01 2.748191e+00
-1.836420e-01 6.591720e-01 2.598508e+00
-3.824600e-01 3.545420e-01 2.798701e+00
1.817200e-02 3.727260e-01 2.661082e+00
-2.194080e-01 4.502270e-01 2.632851e+00
-1.550270e-01 2.306920e-01 2.791269e+00
-3.516230e-01 6.505400e-02 2.709814e+00
-2.572900e-02 8.587100e-02 2.598529e+00
-1.455400e-01 4.966200e-02 2.775668e+00
-4.172020e-01 7.476800e-02 2.720229e+00
5.788900e-02 8.289000e-02 2.653594e+00
-4.213820e-01 -2.369520e-01 2.652994e+00
5.904800e-02 -2.357710e-01 2.640868e+00
-3.814130e-01 -3.087890e-01 2.646722e+00
3.022700e-02 -3.108430e-01 2.622676e+00
-2.976570e-01 -5.138920e-01 2.704703e+00
-3.076900e-02 -4.952950e-01 2.678498e+00
-2.085770e-01 -9.063360e-01 2.486032e+00
-3.067200e-01 -8.493100e-01 2.769539e+00
-3.978540e-01 -8.896160e-01 2.378920e+00
-1.668540e-01 -9.839170e-01 2.670056e+00
-1.870160e-01 6.579310e-01 2.603819e+00
-3.819300e-01 3.529290e-01 2.799230e+00
1.958200e-02 3.676180e-01 2.663774e+00
-2.172390e-01 4.468400e-01 2.633986e+00
-1.554130e-01 2.273240e-01 2.793444e+00
-3.596150e-01 6.299600e-02 2.699854e+00
-3.003000e-02 8.802800e-02 2.600998e+00
-1.560360e-01 5.279100e-02 2.773986e+00
-4.209390e-01 7.270900e-02 2.717253e+00
4.813700e-02 7.447700e-02 2.659552e+00
-4.188550e-01 -2.419720e-01 2.653872e+00
7.408500e-02 -2.436830e-01 2.625684e+00
-3.805920e-01 -3.142540e-01 2.643448e+00
8.603800e-02 -3.169590e-01 2.589835e+00
-2.980200e-01 -5.149940e-01 2.704410e+00
-3.856800e-02 -4.961280e-01 2.679364e+00
-2.051470e-01 -9.168260e-01 2.505237e+00
-3.025070e-01 -8.581880e-01 2.774302e+00
-3.697280e-01 -8.856180e-01 2.365531e+00
-1.723840e-01 -9.847590e-01 2.653362e+00
-1.864410e-01 6.563060e-01 2.600794e+00
-3.824330e-01 3.595810e-01 2.801220e+00
1.847000e-02 3.644220e-01 2.663275e+00
-2.163650e-01 4.499990e-01 2.635406e+00
-1.593420e-01 2.280960e-01 2.793344e+00
-3.544600e-01 7.460100e-02 2.713362e+00
-2.951400e-02 9.559400e-02 2.599366e+00
-1.478700e-01 5.606000e-02 2.776772e+00
-4.207830e-01 7.676400e-02 2.722774e+00
6.444800e-02 7.202500e-02 2.662550e+00
-4.243330e-01 -2.377320e-01 2.651154e+00
1.395940e-01 -2.287360e-01 2.573416e+00
-3.932130e-01 -3.137820e-01 2.644423e+00
1.673680e-01 -2.911000e-01 2.527191e+00
-3.316000e-01 -4.984840e-01 2.714234e+00
-5.355200e-02 -4.875000e-01 2.682024e+00
-1.385740e-01 -8.973500e-01 2.598426e+00
-1.789040e-01 -9.254530e-01 2.729435e+00
-3.286660e-01 -9.653700e-01 2.515862e+00
-2.033430e-01 -9.418560e-01 2.513305e+00
-1.853540e-01 6.621570e-01 2.605887e+00
-3.837060e-01 3.512840e-01 2.793995e+00
1.972600e-02 3.694120e-01 2.664807e+00
-2.180990e-01 4.425170e-01 2.628167e+00
-1.546190e-01 2.303200e-01 2.796629e+00
-3.580970e-01 6.559200e-02 2.695491e+00
-2.519800e-02 8.246500e-02 2.606504e+00
-1.571330e-01 4.856200e-02 2.775287e+00
-4.226350e-01 6.742900e-02 2.724289e+00
9.180800e-02 8.417700e-02 2.644974e+00
-4.222750e-01 -2.446230e-01 2.647569e+00
2.204450e-01 -1.673430e-01 2.491831e+00
-3.947790e-01 -3.190870e-01 2.669852e+00
2.701450e-01 -1.559790e-01 2.427037e+00
-2.989600e-01 -5.147920e-01 2.698975e+00
-5.706400e-02 -5.007670e-01 2.689024e+00
-3.270400e-01 -9.574510e-01 2.813120e+00
-9.764700e-02 -9.542880e-01 2.738376e+00
-3.839780e-01 -1.006633e+00 2.608382e+00
-1.420810e-01 -9.734570e-01 2.525687e+00
-1.911610e-01 6.627880e-01 2.605629e+00
-3.816740e-01 3.536250e-01 2.800875e+00
2.088300e-02 3.711320e-01 2.668900e+00
-2.167170e-01 4.463740e-01 2.635241e+00
-1.533910e-01 2.311270e-01 2.799848e+00
-3.513230e-01 6.422400e-02 2.704713e+00
-2.381700e-02 8.254700e-02 2.597808e+00
-1.462510e-01 4.852100e-02 2.773581e+00
-4.216660e-01 7.165000e-02 2.724622e+00
1.146710e-01 9.971100e-02 2.602133e+00
-4.251790e-01 -2.398410e-01 2.645918e+00
2.719860e-01 -1.069870e-01 2.413024e+00
-3.953270e-01 -3.143120e-01 2.664901e+00
3.400390e-01 -9.771300e-02 2.367415e+00
-3.003400e-01 -5.157830e-01 2.698770e+00
-6.031600e-02 -5.010710e-01 2.691206e+00
-3.149360e-01 -9.677270e-01 2.771559e+00
-1.657530e-01 -9.451030e-01 2.729713e+00
-3.837800e-01 -9.984680e-01 2.566879e+00
-2.023680e-01 -9.550370e-01 2.514913e+00
-1.898890e-01 6.643240e-01 2.621036e+00
-3.812980e-01 3.473470e-01 2.790670e+00
2.421300e-02 3.748350e-01 2.669917e+00
-2.149260e-01 4.390060e-01 2.625845e+00
-1.485740e-01 2.340730e-01 2.802018e+00
-3.509030e-01 6.807800e-02 2.688420e+00
-1.510700e-02 7.783300e-02 2.609868e+00
-1.529050e-01 4.851600e-02 2.774780e+00
-4.227720e-01 6.309200e-02 2.725637e+00
1.233790e-01 1.164230e-01 2.569219e+00
-4.243830e-01 -2.488370e-01 2.649962e+00
2.784230e-01 -5.080600e-02 2.343333e+00
-3.894670e-01 -3.172410e-01 2.679948e+00
3.393270e-01 -3.882200e-02 2.289071e+00
-3.008550e-01 -5.132630e-01 2.701780e+00
-5.939900e-02 -5.044920e-01 2.693554e+00
-2.961760e-01 -9.649220e-01 2.777585e+00
-2.181910e-01 -9.326420e-01 2.728729e+00
-3.489650e-01 -1.000485e+00 2.568954e+00
-2.055170e-01 -9.551360e-01 2.512137e+00
-1.904980e-01 6.673950e-01 2.619360e+00
-3.777280e-01 3.478260e-01 2.797678e+00
2.671100e-02 3.719320e-01 2.672681e+00
-2.124350e-01 4.374390e-01 2.630658e+00
-1.456520e-01 2.330750e-01 2.807328e+00
-3.448710e-01 6.606700e-02 2.705397e+00
-1.836300e-02 7.783200e-02 2.594585e+00
-1.393390e-01 4.649300e-02 2.771861e+00
-4.193590e-01 6.450300e-02 2.731201e+00
9.003200e-02 1.418480e-01 2.500995e+00
-4.250420e-01 -2.468910e-01 2.656081e+00
1.975630e-01 1.867500e-02 2.225484e+00
-3.959440e-01 -3.214230e-01 2.675971e+00
2.459880e-01 3.194400e-02 2.160090e+00
-2.960700e-01 -5.158350e-01 2.700066e+00
-5.460300e-02 -5.028420e-01 2.692290e+00
-2.928590e-01 -9.635180e-01 2.796678e+00
-2.137580e-01 -9.308530e-01 2.727505e+00
-3.663780e-01 -1.007342e+00 2.596046e+00
-2.180020e-01 -9.471680e-01 2.510033e+00
-1.872340e-01 6.647200e-01 2.622037e+00
-3.757540e-01 3.460540e-01 2.808312e+00
2.365200e-02 3.693950e-01 2.667933e+00
-2.165750e-01 4.365920e-01 2.635937e+00
-1.441260e-01 2.300010e-01 2.807717e+00
-3.376440e-01 8.284900e-02 2.708891e+00
-1.380200e-02 8.220900e-02 2.589933e+00
-1.314950e-01 5.428000e-02 2.769967e+00
-4.058810e-01 7.012400e-02 2.714296e+00
6.298500e-02 1.695650e-01 2.457209e+00
-4.356020e-01 -2.454180e-01 2.674939e+00
8.748300e-02 4.718500e-02 2.163232e+00
-4.001390e-01 -3.176140e-01 2.656841e+00
1.068460e-01 7.093100e-02 2.086691e+00
-3.038990e-01 -5.023200e-01 2.691523e+00
-5.294100e-02 -4.933970e-01 2.691563e+00
-2.706910e-01 -9.487750e-01 2.788165e+00
-1.831690e-01 -9.311810e-01 2.725470e+00
-3.552040e-01 -9.973030e-01 2.593021e+00
-2.155090e-01 -9.382590e-01 2.509872e+00
-1.879290e-01 6.657300e-01 2.632176e+00
-3.776850e-01 3.477570e-01 2.822146e+00
1.483100e-02 3.754720e-01 2.664224e+00
-2.276700e-01 4.381860e-01 2.641685e+00
-1.443420e-01 2.355440e-01 2.813236e+00
-3.454890e-01 6.302700e-02 2.723720e+00
-2.978500e-02 8.462000e-02 2.586279e+00
-1.347130e-01 4.728100e-02 2.772397e+00
-4.169200e-01 7.265000e-02 2.734265e+00
2.637200e-02 1.925360e-01 2.437624e+00
-4.296630e-01 -2.405660e-01 2.683089e+00
-1.202000e-02 5.585100e-02 2.153496e+00
-4.007210e-01 -3.092980e-01 2.647937e+00
-3.548700e-02 4.967900e-02 2.074701e+00
-2.960950e-01 -5.169030e-01 2.697807e+00
-5.123100e-02 -4.965180e-01 2.691672e+00
-2.897900e-01 -9.619670e-01 2.805706e+00
-1.962690e-01 -9.296880e-01 2.724720e+00
-3.797300e-01 -1.009990e+00 2.612876e+00
-2.231430e-01 -9.371940e-01 2.508387e+00
-1.872900e-01 6.655920e-01 2.642256e+00
-3.766860e-01 3.362200e-01 2.824033e+00
1.907000e-03 3.826020e-01 2.638851e+00
-2.458340e-01 4.245570e-01 2.628272e+00
-1.359170e-01 2.420410e-01 2.807277e+00
-3.229810e-01 6.061900e-02 2.737952e+00
-1.251300e-02 7.275700e-02 2.587995e+00
-1.113290e-01 3.392700e-02 2.777128e+00
-4.137350e-01 5.861500e-02 2.749037e+00
-3.637600e-02 2.201680e-01 2.401762e+00
-4.127660e-01 -2.490130e-01 2.676935e+00
-2.178750e-01 1.380820e-01 2.156497e+00
-4.010710e-01 -3.304230e-01 2.682681e+00
-2.621250e-01 1.537090e-01 2.088711e+00
-2.918400e-01 -5.204730e-01 2.697893e+00
-5.152300e-02 -5.068120e-01 2.690111e+00
-2.845500e-01 -9.659230e-01 2.804123e+00
-1.894770e-01 -9.405780e-01 2.740908e+00
-3.840870e-01 -1.012487e+00 2.615701e+00
-2.395020e-01 -9.495090e-01 2.528785e+00
-1.860070e-01 6.757120e-01 2.631094e+00
-3.809500e-01 2.947430e-01 2.848826e+00
-2.326200e-02 3.905210e-01 2.642278e+00
-2.740850e-01 4.068160e-01 2.650666e+00
-1.337540e-01 2.273470e-01 2.810462e+00
-3.175710e-01 4.147500e-02 2.743966e+00
-2.126000e-02 6.456100e-02 2.568775e+00
-1.023060e-01 2.744500e-02 2.766507e+00
-4.110320e-01 2.608700e-02 2.745649e+00
-7.567400e-02 2.191160e-01 2.415122e+00
-4.128390e-01 -2.827890e-01 2.682175e+00
-3.168300e-01 1.514130e-01 2.223558e+00
-4.120960e-01 -3.603980e-01 2.654359e+00
-3.720090e-01 1.804680e-01 2.169628e+00
-3.001450e-01 -5.356360e-01 2.704085e+00
-5.559400e-02 -5.177260e-01 2.695671e+00
-2.905510e-01 -9.810830e-01 2.810145e+00
-2.494630e-01 -9.298860e-01 2.743657e+00
-4.083210e-01 -1.026006e+00 2.632127e+00
-2.735630e-01 -9.437380e-01 2.527311e+00
-1.927730e-01 6.511690e-01 2.617757e+00
-3.769960e-01 2.774070e-01 2.852844e+00
-3.463700e-02 3.941320e-01 2.631617e+00
-2.851740e-01 3.992270e-01 2.652903e+00
-1.294390e-01 2.219080e-01 2.800353e+00
-3.080880e-01 2.962700e-02 2.743024e+00
-2.190500e-02 6.114000e-02 2.552942e+00
-9.168100e-02 2.028900e-02 2.754204e+00
-4.127290e-01 9.958000e-03 2.749796e+00
-1.185080e-01 2.187000e-01 2.418043e+00
-4.150210e-01 -3.010660e-01 2.701452e+00
-3.996150e-01 1.689470e-01 2.285446e+00
-4.357420e-01 -3.723300e-01 2.665542e+00
-4.759150e-01 1.915810e-01 2.263921e+00
-3.040010e-01 -5.409770e-01 2.715374e+00
-4.604700e-02 -5.210270e-01 2.690339e+00
-2.725010e-01 -9.892800e-01 2.803668e+00
-2.292510e-01 -9.328970e-01 2.771356e+00
-4.048620e-01 -1.031690e+00 2.635560e+00
-2.730200e-01 -9.552310e-01 2.558838e+00
-1.908400e-01 6.421830e-01 2.609359e+00
-3.503060e-01 2.796580e-01 2.868004e+00
-3.222500e-02 3.963190e-01 2.613072e+00
-2.793420e-01 4.011030e-01 2.659525e+00
-1.092160e-01 2.243870e-01 2.790925e+00
-2.985670e-01 2.900000e-02 2.750950e+00
-3.301300e-02 5.899700e-02 2.532761e+00
-8.208600e-02 2.057200e-02 2.740509e+00
-4.067380e-01 1.950400e-02 2.757722e+00
-1.584310e-01 2.140260e-01 2.429039e+00
-4.130040e-01 -2.914740e-01 2.714598e+00
-4.644340e-01 1.756820e-01 2.369899e+00
-4.140460e-01 -3.737570e-01 2.709518e+00
-5.398980e-01 2.053840e-01 2.384745e+00
-3.036440e-01 -5.417310e-01 2.721116e+00
-6.132700e-02 -5.232080e-01 2.684875e+00
-3.078960e-01 -9.974350e-01 2.766718e+00
-8.211800e-02 -9.719010e-01 2.774354e+00
-4.531840e-01 -1.012292e+00 2.604703e+00
-2.204370e-01 -9.986980e-01 2.607836e+00
-1.885830e-01 6.508540e-01 2.619967e+00
-3.365550e-01 2.822970e-01 2.874790e+00
-2.714700e-02 3.947030e-01 2.607568e+00
-2.728390e-01 3.986330e-01 2.661122e+00
-9.730900e-02 2.270170e-01 2.792172e+00
-2.917740e-01 3.422200e-02 2.753000e+00
-3.286800e-02 5.675300e-02 2.526098e+00
-7.602800e-02 2.037300e-02 2.735520e+00
-4.100140e-01 2.048600e-02 2.780698e+00
-1.709020e-01 2.149900e-01 2.434849e+00
-4.132010e-01 -2.885180e-01 2.727447e+00
-4.807650e-01 1.743230e-01 2.409137e+00
-4.381240e-01 -3.652290e-01 2.710371e+00
-5.527190e-01 2.024840e-01 2.437894e+00
-3.035160e-01 -5.388800e-01 2.719001e+00
-5.915800e-02 -5.226000e-01 2.681546e+00
-2.795300e-01 -9.928030e-01 2.775062e+00
-1.399440e-01 -9.624440e-01 2.780417e+00
-4.337130e-01 -1.019713e+00 2.623134e+00
-2.717710e-01 -9.771550e-01 2.607259e+00
-1.878970e-01 6.526180e-01 2.622616e+00
-3.294670e-01 2.860880e-01 2.878487e+00
-2.640600e-02 3.954970e-01 2.602878e+00
-2.705700e-01 4.013470e-01 2.662861e+00
-9.287700e-02 2.288520e-01 2.789777e+00
-2.923010e-01 3.335900e-02 2.754987e+00
-3.943300e-02 5.961300e-02 2.521763e+00
-7.674000e-02 2.473600e-02 2.732560e+00
-4.113860e-01 2.427000e-02 2.792901e+00
-1.770230e-01 2.210840e-01 2.431183e+00
-4.102220e-01 -2.817870e-01 2.726506e+00
-4.867500e-01 1.758030e-01 2.421239e+00
-4.185310e-01 -3.621430e-01 2.710032e+00
-5.615280e-01 2.079050e-01 2.434476e+00
-3.056050e-01 -5.390080e-01 2.718097e+00
-5.879400e-02 -5.216010e-01 2.678599e+00
-2.257010e-01 -9.875610e-01 2.764778e+00
-1.097660e-01 -9.667340e-01 2.773588e+00
-3.927780e-01 -1.031193e+00 2.631510e+00
-2.527040e-01 -9.853020e-01 2.609874e+00
-1.855380e-01 6.519320e-01 2.613845e+00
-3.219470e-01 2.872000e-01 2.881192e+00
-1.997100e-02 3.905720e-01 2.602085e+00
-2.626560e-01 4.042200e-01 2.666625e+00
-8.922900e-02 2.230200e-01 2.787152e+00
-2.917980e-01 3.058100e-02 2.757945e+00
-4.240900e-02 6.737200e-02 2.522411e+00
-7.632900e-02 2.895300e-02 2.733165e+00
-4.118770e-01 2.869300e-02 2.795201e+00
-1.651500e-01 2.206230e-01 2.422229e+00
-4.085810e-01 -2.774370e-01 2.731750e+00
-4.675630e-01 1.757250e-01 2.356787e+00
-4.215380e-01 -3.511690e-01 2.697209e+00
-5.412560e-01 2.032560e-01 2.381461e+00
-3.067410e-01 -5.380380e-01 2.715746e+00
-6.442800e-02 -5.181080e-01 2.677688e+00
-2.251020e-01 -9.833180e-01 2.785211e+00
-7.982100e-02 -9.689530e-01 2.756844e+00
-3.929290e-01 -1.034315e+00 2.655550e+00
-2.365960e-01 -9.899700e-01 2.606650e+00
-1.790230e-01 6.491090e-01 2.618936e+00
-3.240380e-01 2.866380e-01 2.885013e+00
-2.141600e-02 3.942740e-01 2.608227e+00
-2.638150e-01 4.088630e-01 2.673631e+00
-9.223000e-02 2.224660e-01 2.788746e+00
-2.900790e-01 3.231400e-02 2.759070e+00
-4.069500e-02 6.598900e-02 2.523065e+00
-7.474200e-02 2.690100e-02 2.733675e+00
-4.132060e-01 2.908000e-02 2.796361e+00
-1.439140e-01 2.254890e-01 2.411625e+00
-4.139890e-01 -2.770640e-01 2.734431e+00
-4.362850e-01 1.778440e-01 2.312584e+00
-4.089220e-01 -3.522700e-01 2.701028e+00
-5.153070e-01 1.998320e-01 2.304248e+00
-3.070150e-01 -5.373350e-01 2.713987e+00
-5.826800e-02 -5.172390e-01 2.678321e+00
-1.774860e-01 -9.717350e-01 2.779433e+00
-1.002140e-01 -9.687050e-01 2.742993e+00
-3.506170e-01 -1.040458e+00 2.665937e+00
-2.508760e-01 -9.772690e-01 2.585494e+00
-1.830210e-01 6.487510e-01 2.620620e+00
-3.337310e-01 2.917590e-01 2.880818e+00
-2.027000e-02 3.918180e-01 2.613411e+00
-2.641490e-01 4.122450e-01 2.671320e+00
-1.006650e-01 2.219750e-01 2.791765e+00
-2.940250e-01 4.191900e-02 2.757721e+00
-3.668700e-02 7.712900e-02 2.530647e+00
-7.838300e-02 2.940100e-02 2.738077e+00
-4.101180e-01 3.279600e-02 2.785408e+00
-1.261220e-01 2.338150e-01 2.399331e+00
-4.106340e-01 -2.721880e-01 2.719293e+00
-3.978470e-01 1.839590e-01 2.254186e+00
-4.013520e-01 -3.506310e-01 2.742916e+00
-4.750170e-01 1.976240e-01 2.228583e+00
-3.248940e-01 -5.233070e-01 2.707054e+00
-6.180200e-02 -5.035960e-01 2.682345e+00
-1.256400e-01 -9.301110e-01 2.774672e+00
-6.886900e-02 -9.609990e-01 2.704630e+00
-3.017850e-01 -1.029887e+00 2.693455e+00
-2.176560e-01 -9.664660e-01 2.545222e+00
-1.839860e-01 6.518590e-01 2.625415e+00
-3.132080e-01 3.123960e-01 2.898138e+00
-9.787000e-03 4.056770e-01 2.617050e+00
-2.461340e-01 4.434670e-01 2.694252e+00
-9.449300e-02 2.293090e-01 2.786871e+00
-2.879680e-01 4.661000e-02 2.772572e+00
-4.963800e-02 1.035580e-01 2.529713e+00
-7.421100e-02 4.167900e-02 2.736137e+00
-4.115430e-01 7.910300e-02 2.765047e+00
-6.845100e-02 2.499390e-01 2.384430e+00
-4.264510e-01 -2.242450e-01 2.694938e+00
-2.805770e-01 1.892020e-01 2.164267e+00
-4.102600e-01 -3.011290e-01 2.719920e+00
-3.393780e-01 1.981170e-01 2.107167e+00
-3.024570e-01 -5.156620e-01 2.694247e+00
-5.261900e-02 -4.788500e-01 2.679866e+00
-2.547060e-01 -9.127710e-01 2.917380e+00
-4.315900e-02 -9.344790e-01 2.725438e+00
-4.011040e-01 -1.005002e+00 2.784566e+00
-2.080340e-01 -9.520770e-01 2.583716e+00
-1.821650e-01 6.475730e-01 2.611053e+00
-3.235890e-01 3.096520e-01 2.894843e+00
-1.499500e-02 4.081770e-01 2.621277e+00
-2.538850e-01 4.416150e-01 2.692420e+00
-1.006060e-01 2.305320e-01 2.789304e+00
-2.918350e-01 5.422800e-02 2.766728e+00
-4.213400e-02 9.240000e-02 2.531745e+00
-7.716700e-02 3.987000e-02 2.739248e+00
-4.120150e-01 8.056900e-02 2.748567e+00
-2.702200e-02 2.609910e-01 2.376559e+00
-4.222470e-01 -2.228340e-01 2.678810e+00
-1.887470e-01 1.956710e-01 2.118484e+00
-4.096840e-01 -3.016050e-01 2.699662e+00
-2.345170e-01 1.994600e-01 2.050014e+00
-2.931180e-01 -5.167680e-01 2.695907e+00
-5.331100e-02 -4.858350e-01 2.683585e+00
-3.417410e-01 -9.063320e-01 2.931787e+00
-6.998000e-02 -9.406040e-01 2.735273e+00
-4.703840e-01 -9.855430e-01 2.774449e+00
-2.185430e-01 -9.532530e-01 2.576064e+00
-1.802630e-01 6.444960e-01 2.603757e+00
-3.329010e-01 3.119140e-01 2.883708e+00
-1.761400e-02 4.139400e-01 2.619208e+00
-2.591020e-01 4.438680e-01 2.682737e+00
-1.055080e-01 2.358590e-01 2.785586e+00
-2.891260e-01 5.930900e-02 2.764362e+00
-3.372300e-02 8.888400e-02 2.534320e+00
-7.423000e-02 4.044400e-02 2.741821e+00
-4.189370e-01 7.499100e-02 2.749324e+00
1.864300e-02 2.777990e-01 2.370724e+00
-4.194380e-01 -2.282560e-01 2.679008e+00
-8.958200e-02 1.900990e-01 2.092336e+00
-4.086750e-01 -3.094940e-01 2.688057e+00
-1.223330e-01 2.011160e-01 2.017480e+00
-2.946800e-01 -5.142440e-01 2.692520e+00
-4.917500e-02 -4.869380e-01 2.687490e+00
-3.053660e-01 -9.269500e-01 2.890821e+00
-6.745000e-02 -9.415320e-01 2.740171e+00
-4.434080e-01 -9.971770e-01 2.737227e+00
-2.101540e-01 -9.548490e-01 2.575742e+00
-1.847790e-01 6.442390e-01 2.590362e+00
-3.459870e-01 3.493090e-01 2.813589e+00
2.206900e-02 3.937850e-01 2.607839e+00
-2.251390e-01 4.397730e-01 2.612442e+00
-1.081760e-01 2.518060e-01 2.781039e+00
-3.154910e-01 7.410600e-02 2.730848e+00
-1.312200e-02 8.793200e-02 2.565297e+00
-1.021560e-01 4.660900e-02 2.758712e+00
-4.125270e-01 8.185100e-02 2.732095e+00
2.771500e-02 2.801230e-01 2.343924e+00
-4.252190e-01 -2.266470e-01 2.679465e+00
6.203800e-02 1.815860e-01 2.048603e+00
-4.102640e-01 -3.034580e-01 2.653509e+00
5.749200e-02 2.142710e-01 1.973049e+00
-2.898310e-01 -5.049240e-01 2.695332e+00
-5.226600e-02 -4.879020e-01 2.688542e+00
-3.150790e-01 -9.581360e-01 2.756373e+00
-1.190260e-01 -9.358440e-01 2.756765e+00
-4.212840e-01 -9.777430e-01 2.566861e+00
-2.082080e-01 -9.527610e-01 2.558425e+00
-1.840710e-01 6.602550e-01 2.651098e+00
-3.509720e-01 3.583660e-01 2.786315e+00
5.070100e-02 3.634760e-01 2.650636e+00
-1.863580e-01 4.391220e-01 2.614185e+00
-1.239920e-01 2.335550e-01 2.791074e+00
-3.255730e-01 7.563900e-02 2.700848e+00
-1.576000e-03 7.178800e-02 2.582373e+00
-1.199140e-01 4.384100e-02 2.761981e+00
-4.032900e-01 8.404700e-02 2.709458e+00
7.863100e-02 2.611920e-01 2.381094e+00
-4.340590e-01 -2.269730e-01 2.665221e+00
1.671680e-01 1.876690e-01 2.087168e+00
-4.076070e-01 -3.032050e-01 2.648297e+00
1.814010e-01 2.073780e-01 2.008387e+00
-2.927450e-01 -5.083840e-01 2.698228e+00
-5.453700e-02 -5.012170e-01 2.695951e+00
-2.977410e-01 -9.659000e-01 2.718666e+00
-1.174860e-01 -9.502440e-01 2.760571e+00
-3.750000e-01 -9.741620e-01 2.514850e+00
-1.805170e-01 -9.713060e-01 2.552817e+00
-1.975430e-01 6.611860e-01 2.642253e+00
-3.424520e-01 3.618880e-01 2.754972e+00
7.183000e-02 3.516700e-01 2.665294e+00
-1.569380e-01 4.343100e-01 2.601390e+00
-1.218200e-01 2.298980e-01 2.786914e+00
-3.270260e-01 7.428300e-02 2.677518e+00
7.346000e-03 7.218400e-02 2.592570e+00
-1.282490e-01 4.739700e-02 2.760033e+00
-4.109040e-01 8.163500e-02 2.716136e+00
1.202370e-01 2.511620e-01 2.396425e+00
-4.242220e-01 -2.282930e-01 2.649782e+00
2.471730e-01 2.062870e-01 2.109181e+00
-4.044810e-01 -3.083390e-01 2.650325e+00
2.841760e-01 2.112800e-01 2.035674e+00
-2.921130e-01 -5.079320e-01 2.697923e+00
-5.155000e-02 -5.031380e-01 2.698667e+00
-3.094540e-01 -9.588690e-01 2.776148e+00
-1.977270e-01 -9.368550e-01 2.715591e+00
-3.655680e-01 -9.927990e-01 2.568113e+00
-2.032760e-01 -9.434890e-01 2.497637e+00
-1.859220e-01 6.731270e-01 2.626460e+00
-3.594340e-01 3.581260e-01 2.760091e+00
5.190600e-02 3.479680e-01 2.657758e+00
-1.795200e-01 4.262870e-01 2.598125e+00
-1.366800e-01 2.292340e-01 2.789886e+00
-3.288320e-01 7.244600e-02 2.679870e+00
5.351000e-03 8.049300e-02 2.594534e+00
-1.291620e-01 5.494400e-02 2.762753e+00
-4.162220e-01 7.715400e-02 2.713192e+00
1.710260e-01 2.358610e-01 2.417732e+00
-4.192740e-01 -2.306650e-01 2.639441e+00
3.396380e-01 1.861190e-01 2.154490e+00
-4.003990e-01 -3.108480e-01 2.636008e+00
3.927030e-01 2.028150e-01 2.093640e+00
-2.913210e-01 -5.079050e-01 2.698613e+00
-4.537300e-02 -4.998820e-01 2.696905e+00
-2.930290e-01 -9.593930e-01 2.775554e+00
-1.232180e-01 -9.504950e-01 2.722448e+00
-3.509950e-01 -9.945060e-01 2.568225e+00
-1.597110e-01 -9.563760e-01 2.507477e+00
-1.900730e-01 6.708990e-01 2.630079e+00
-3.670070e-01 3.579540e-01 2.764902e+00
4.598600e-02 3.512360e-01 2.669152e+00
-1.836930e-01 4.358130e-01 2.611338e+00
-1.458860e-01 2.251520e-01 2.789185e+00
-3.304880e-01 7.547800e-02 2.672433e+00
6.116000e-03 9.748500e-02 2.600057e+00
-1.334560e-01 5.977700e-02 2.761741e+00
-4.134520e-01 7.704600e-02 2.705572e+00
1.882590e-01 2.231330e-01 2.450212e+00
-4.258960e-01 -2.319120e-01 2.635938e+00
3.692220e-01 1.741210e-01 2.194657e+00
-4.057660e-01 -3.118540e-01 2.637083e+00
4.261640e-01 1.848110e-01 2.136000e+00
-3.120880e-01 -4.939900e-01 2.697947e+00
-6.685000e-02 -4.848840e-01 2.706044e+00
-2.418790e-01 -9.445280e-01 2.740961e+00
-1.670000e-03 -9.359020e-01 2.751856e+00
-3.145950e-01 -9.752720e-01 2.537625e+00
-4.980100e-02 -9.642750e-01 2.541008e+00
-1.840370e-01 6.674270e-01 2.623904e+00
-3.690440e-01 3.597290e-01 2.764037e+00
4.344300e-02 3.506060e-01 2.666327e+00
-1.864340e-01 4.343030e-01 2.608023e+00
-1.479520e-01 2.271620e-01 2.789817e+00
-3.297980e-01 6.916700e-02 2.673449e+00
8.691000e-03 6.393700e-02 2.606940e+00
-1.358160e-01 4.611300e-02 2.767701e+00
-4.169550e-01 7.694500e-02 2.707091e+00
2.017910e-01 1.942300e-01 2.476649e+00
-4.205480e-01 -2.328900e-01 2.632674e+00
3.865720e-01 1.327410e-01 2.224412e+00
-3.977800e-01 -3.113900e-01 2.621867e+00
4.183560e-01 1.482390e-01 2.149934e+00
-2.967260e-01 -5.156790e-01 2.695542e+00
-5.670600e-02 -5.137650e-01 2.705242e+00
-2.700110e-01 -9.644860e-01 2.782849e+00
-9.065000e-03 -9.667690e-01 2.753005e+00
-3.227810e-01 -1.007922e+00 2.575708e+00
-5.343000e-02 -9.937710e-01 2.541153e+00
-1.796670e-01 6.678130e-01 2.626302e+00
-3.710610e-01 3.568580e-01 2.759681e+00
4.212500e-02 3.580100e-01 2.664538e+00
-1.896790e-01 4.341350e-01 2.603549e+00
-1.464360e-01 2.311180e-01 2.788889e+00
-3.339790e-01 6.827500e-02 2.681260e+00
1.190000e-03 6.251000e-02 2.599692e+00
-1.359260e-01 4.664800e-02 2.766999e+00
-4.125710e-01 7.684100e-02 2.697224e+00
1.883990e-01 1.416970e-01 2.538660e+00
-4.196450e-01 -2.321490e-01 2.631835e+00
3.488490e-01 1.713800e-02 2.296706e+00
-3.898110e-01 -3.081770e-01 2.643108e+00
3.754670e-01 5.820000e-04 2.220451e+00
-2.916500e-01 -5.192930e-01 2.693510e+00
-4.973400e-02 -5.147980e-01 2.699476e+00
-2.895750e-01 -9.636870e-01 2.804297e+00
-4.264000e-02 -9.695690e-01 2.753305e+00
-3.473820e-01 -1.014818e+00 2.600281e+00
-9.381100e-02 -9.952800e-01 2.542832e+00
-1.781950e-01 6.694240e-01 2.615757e+00
-3.740910e-01 3.485630e-01 2.760655e+00
3.920800e-02 3.657060e-01 2.667561e+00
-1.947220e-01 4.358160e-01 2.607483e+00
-1.455870e-01 2.294880e-01 2.787626e+00
-3.353790e-01 6.579100e-02 2.677393e+00
1.230000e-04 6.751900e-02 2.597016e+00
-1.371850e-01 4.905100e-02 2.763897e+00
-4.112590e-01 6.849000e-02 2.695523e+00
1.655230e-01 1.189050e-01 2.582717e+00
-4.172160e-01 -2.411270e-01 2.632753e+00
2.886380e-01 -8.727500e-02 2.377362e+00
-3.872710e-01 -3.104820e-01 2.599728e+00
3.281030e-01 -1.012490e-01 2.306336e+00
-2.897250e-01 -5.192250e-01 2.694350e+00
-4.328000e-02 -5.110770e-01 2.699478e+00
-2.869460e-01 -9.622080e-01 2.810636e+00
-7.177200e-02 -9.653430e-01 2.750416e+00
-3.437210e-01 -1.016015e+00 2.607019e+00
-1.162610e-01 -9.863810e-01 2.537915e+00
-1.774640e-01 6.581870e-01 2.622367e+00
-3.785500e-01 3.517780e-01 2.773984e+00
3.009000e-02 3.695320e-01 2.662297e+00
-2.062760e-01 4.402610e-01 2.613546e+00
-1.491560e-01 2.323720e-01 2.789491e+00
-3.353720e-01 6.526700e-02 2.687688e+00
-4.241000e-03 7.236500e-02 2.591110e+00
-1.329710e-01 5.147200e-02 2.764419e+00
-4.120410e-01 7.179100e-02 2.702627e+00
1.281970e-01 1.014640e-01 2.606434e+00
-4.135020e-01 -2.381970e-01 2.636400e+00
2.333830e-01 -1.719690e-01 2.485390e+00
-3.767130e-01 -3.117430e-01 2.642321e+00
2.498910e-01 -2.167780e-01 2.418181e+00
-2.861470e-01 -5.193760e-01 2.692678e+00
-4.501800e-02 -5.086720e-01 2.694319e+00
-3.176820e-01 -9.616330e-01 2.807474e+00
-1.107220e-01 -9.585310e-01 2.749764e+00
-3.807600e-01 -1.009869e+00 2.604316e+00
-1.563230e-01 -9.780500e-01 2.537354e+00
-1.965020e-01 6.649310e-01 2.617501e+00
-3.779030e-01 3.489930e-01 2.788350e+00
2.446500e-02 3.702050e-01 2.656344e+00
-2.135400e-01 4.446400e-01 2.623777e+00
-1.489970e-01 2.276890e-01 2.785651e+00
-3.425370e-01 5.587800e-02 2.696177e+00
-1.405700e-02 8.398200e-02 2.594507e+00
-1.382620e-01 4.817400e-02 2.768677e+00
-4.120620e-01 7.010400e-02 2.702051e+00
7.424900e-02 8.132900e-02 2.634757e+00
-4.074460e-01 -2.438610e-01 2.638737e+00
1.206910e-01 -2.328700e-01 2.593211e+00
-3.710620e-01 -3.137390e-01 2.614434e+00
1.212060e-01 -3.129310e-01 2.573532e+00
-2.837570e-01 -5.215070e-01 2.695635e+00
-3.818100e-02 -5.018370e-01 2.687541e+00
-3.209030e-01 -9.750390e-01 2.747529e+00
-1.358740e-01 -9.457130e-01 2.744058e+00
-3.837870e-01 -9.936920e-01 2.539500e+00
-1.673690e-01 -9.661400e-01 2.529188e+00
-1.934740e-01 6.619990e-01 2.604924e+00
