-3.228380e-01 3.719580e-01 2.675729e+00
-1.443070e-01 3.660030e-01 2.687224e+00
3.422400e-02 3.600480e-01 2.698719e+00
-5.125400e-02 3.842625e-01 2.645149e+00
-1.367320e-01 4.084770e-01 2.591579e+00
-1.463235e-01 3.111870e-01 2.690146e+00
-1.559150e-01 2.138970e-01 2.788713e+00
-2.192835e-01 1.008050e-01 2.718150e+00
-2.826520e-01 -1.228700e-02 2.647587e+00
-1.425060e-01 -1.273150e-02 2.659178e+00
-2.360000e-03 -1.317600e-02 2.670770e+00
-7.750950e-02 -4.127000e-03 2.726691e+00
-1.526590e-01 4.922000e-03 2.782612e+00
-2.630625e-01 5.719300e-02 2.721989e+00
-3.734660e-01 1.094640e-01 2.661366e+00
-1.432520e-01 1.036795e-01 2.686501e+00
8.696200e-02 9.789500e-02 2.711636e+00
-1.411405e-01 -4.029050e-02 2.673671e+00
-3.692430e-01 -1.784760e-01 2.635705e+00
-1.490115e-01 -1.823990e-01 2.648377e+00
7.122000e-02 -1.863220e-01 2.661050e+00
-1.375950e-01 -2.145705e-01 2.648196e+00
-3.464100e-01 -2.428190e-01 2.635342e+00
-1.481750e-01 -2.459645e-01 2.639957e+00
5.006000e-02 -2.491100e-01 2.644573e+00
-1.268785e-01 -4.133080e-01 2.659700e+00
-3.038170e-01 -5.775060e-01 2.674827e+00
-1.645305e-01 -5.809725e-01 2.697269e+00
-2.524400e-02 -5.844390e-01 2.719712e+00
-1.832815e-01 -7.895965e-01 2.738582e+00
-3.413190e-01 -9.947540e-01 2.757452e+00
-1.953835e-01 -1.002565e+00 2.747548e+00
-4.944800e-02 -1.010376e+00 2.737644e+00
-1.959730e-01 -1.018867e+00 2.664956e+00
-3.424980e-01 -1.027358e+00 2.592268e+00
-1.854380e-01 -1.022978e+00 2.581532e+00
-2.837800e-02 -1.018598e+00 2.570796e+00
-7.010250e-02 -1.770880e-01 2.567599e+00
-1.118270e-01 6.644220e-01 2.564402e+00
-2.126365e-01 5.185130e-01 2.619611e+00
-3.134460e-01 3.726040e-01 2.674821e+00
4.344300e-02 3.608210e-01 2.700420e+00
-1.267470e-01 4.072380e-01 2.591190e+00
-1.474480e-01 2.166980e-01 2.792081e+00
-2.787890e-01 -1.163800e-02 2.648395e+00
9.480000e-04 -1.180400e-02 2.677529e+00
-1.517510e-01 5.151000e-03 2.786256e+00
-3.658260e-01 1.102600e-01 2.663673e+00
9.114700e-02 9.759500e-02 2.711775e+00
-3.604880e-01 -1.779710e-01 2.641236e+00
7.464500e-02 -1.861260e-01 2.658489e+00
-3.447840e-01 -2.428080e-01 2.655767e+00
5.412400e-02 -2.505390e-01 2.648928e+00
-3.033170e-01 -5.758100e-01 2.667311e+00
-2.633700e-02 -5.842580e-01 2.721501e+00
-3.439140e-01 -9.912790e-01 2.757126e+00
-4.672600e-02 -1.010590e+00 2.733937e+00
-3.445320e-01 -1.026798e+00 2.592541e+00
-2.349600e-02 -1.016563e+00 2.567279e+00
-1.010860e-01 6.628690e-01 2.559037e+00
-3.073930e-01 3.745020e-01 2.676789e+00
4.962300e-02 3.625280e-01 2.700459e+00
-1.211260e-01 4.099050e-01 2.592519e+00
-1.407880e-01 2.175690e-01 2.791797e+00
-2.748100e-01 -1.062800e-02 2.655382e+00
5.903000e-03 -1.000700e-02 2.672749e+00
-1.421340e-01 8.164000e-03 2.787556e+00
-3.619890e-01 1.123570e-01 2.669220e+00
9.798800e-02 9.925900e-02 2.710845e+00
-3.641800e-01 -1.757210e-01 2.642909e+00
8.537700e-02 -1.863780e-01 2.666819e+00
-3.420910e-01 -2.387430e-01 2.628699e+00
6.221600e-02 -2.498160e-01 2.656777e+00
-3.071720e-01 -5.716170e-01 2.669444e+00
-2.434200e-02 -5.830040e-01 2.721086e+00
-3.381890e-01 -9.875110e-01 2.761096e+00
-5.437800e-02 -1.007791e+00 2.752436e+00
-3.503300e-01 -1.022788e+00 2.596906e+00
-3.662200e-02 -1.021363e+00 2.585551e+00
-9.343900e-02 6.654530e-01 2.564695e+00
-3.033380e-01 3.749590e-01 2.676009e+00
5.367200e-02 3.599940e-01 2.698009e+00
-1.171930e-01 4.076940e-01 2.590399e+00
-1.375730e-01 2.178330e-01 2.791964e+00
-2.725060e-01 -1.107900e-02 2.651460e+00
7.850000e-03 -1.009700e-02 2.673853e+00
-1.422130e-01 1.114200e-02 2.785460e+00
-3.593760e-01 1.128940e-01 2.672035e+00
1.021830e-01 9.679600e-02 2.712425e+00
-3.638650e-01 -1.753210e-01 2.645834e+00
1.012870e-01 -1.887250e-01 2.664977e+00
-3.399770e-01 -2.392620e-01 2.647384e+00
7.095800e-02 -2.450830e-01 2.641196e+00
-3.035010e-01 -5.720550e-01 2.678946e+00
-2.396800e-02 -5.830690e-01 2.717401e+00
-3.432410e-01 -9.882310e-01 2.765822e+00
-4.694200e-02 -1.009130e+00 2.733924e+00
-3.483460e-01 -1.022154e+00 2.600979e+00
-2.776900e-02 -1.016645e+00 2.566813e+00
-9.993900e-02 6.687000e-01 2.567595e+00
-3.008940e-01 3.808760e-01 2.678196e+00
5.587200e-02 3.570130e-01 2.695872e+00
-1.149810e-01 4.103140e-01 2.590903e+00
-1.376990e-01 2.181980e-01 2.790068e+00
-2.716400e-01 -1.154900e-02 2.658405e+00
9.389000e-03 -1.012800e-02 2.669472e+00
-1.360840e-01 1.014600e-02 2.787168e+00
-3.605840e-01 1.195150e-01 2.677364e+00
1.067300e-01 9.435100e-02 2.713043e+00
-3.588610e-01 -1.684640e-01 2.647623e+00
1.315370e-01 -1.894510e-01 2.661458e+00
-3.490340e-01 -2.360180e-01 2.648880e+00
9.643700e-02 -2.438360e-01 2.639737e+00
-3.039240e-01 -5.718130e-01 2.686444e+00
-2.703100e-02 -5.841080e-01 2.715530e+00
-3.400810e-01 -9.891420e-01 2.769255e+00
-4.428200e-02 -1.010378e+00 2.733578e+00
-3.515870e-01 -1.020878e+00 2.604299e+00
-3.358200e-02 -1.017918e+00 2.565712e+00
-9.753000e-02 6.694630e-01 2.568449e+00
-3.030710e-01 3.764460e-01 2.684994e+00
5.441600e-02 3.576290e-01 2.688630e+00
-1.211660e-01 4.084860e-01 2.590472e+00
-1.333250e-01 2.161160e-01 2.790315e+00
-2.633870e-01 -8.050000e-03 2.663874e+00
1.781600e-02 -1.303500e-02 2.665069e+00
-1.229720e-01 8.528000e-03 2.788111e+00
-3.559330e-01 1.136370e-01 2.678552e+00
1.172050e-01 9.748200e-02 2.705528e+00
-3.627800e-01 -1.744230e-01 2.649723e+00
1.797100e-01 -1.792830e-01 2.647643e+00
-3.464240e-01 -2.351440e-01 2.676312e+00
1.509430e-01 -2.395620e-01 2.633484e+00
-3.089860e-01 -5.673270e-01 2.696713e+00
-3.056900e-02 -5.863270e-01 2.714176e+00
-3.358750e-01 -9.867650e-01 2.772066e+00
-5.137500e-02 -1.012272e+00 2.735785e+00
-3.550130e-01 -1.015155e+00 2.607209e+00
-4.755000e-02 -1.020987e+00 2.567679e+00
-1.042320e-01 6.677910e-01 2.565772e+00
-3.110810e-01 3.774280e-01 2.693436e+00
4.631400e-02 3.591970e-01 2.683424e+00
-1.328620e-01 4.114530e-01 2.592784e+00
-1.373420e-01 2.155800e-01 2.789520e+00
-2.655990e-01 -5.374000e-03 2.666509e+00
1.540800e-02 -1.221900e-02 2.657058e+00
-1.204970e-01 9.156000e-03 2.785506e+00
-3.639530e-01 1.145060e-01 2.689269e+00
1.392220e-01 1.075850e-01 2.683768e+00
-3.658210e-01 -1.732480e-01 2.656210e+00
2.628040e-01 -1.463270e-01 2.619308e+00
-3.620730e-01 -2.380640e-01 2.677340e+00
2.631840e-01 -2.124000e-01 2.602109e+00
-3.065270e-01 -5.660940e-01 2.714253e+00
-4.070900e-02 -5.857030e-01 2.709615e+00
-3.391110e-01 -9.862030e-01 2.783365e+00
-4.604800e-02 -1.012157e+00 2.730529e+00
-3.586240e-01 -1.011876e+00 2.618107e+00
-5.088200e-02 -1.020341e+00 2.562422e+00
-1.117070e-01 6.696820e-01 2.569782e+00
-3.143800e-01 3.803690e-01 2.698178e+00
4.257600e-02 3.643140e-01 2.676067e+00
-1.399420e-01 4.146350e-01 2.591183e+00
-1.363830e-01 2.204760e-01 2.789629e+00
-2.700320e-01 -3.794000e-03 2.661979e+00
1.110700e-02 -1.133800e-02 2.664325e+00
-1.300120e-01 1.045800e-02 2.786948e+00
-3.696220e-01 1.179260e-01 2.703769e+00
1.484690e-01 1.192320e-01 2.649973e+00
-3.700640e-01 -1.690590e-01 2.664273e+00
3.154550e-01 -1.059780e-01 2.577059e+00
-3.736840e-01 -2.370550e-01 2.659276e+00
3.434990e-01 -1.668790e-01 2.564164e+00
-3.108220e-01 -5.647690e-01 2.718501e+00
-4.542000e-02 -5.848600e-01 2.706594e+00
-3.415880e-01 -9.849960e-01 2.787719e+00
-4.717800e-02 -1.011114e+00 2.731770e+00
-3.532640e-01 -1.011463e+00 2.621847e+00
-4.469300e-02 -1.021051e+00 2.563707e+00
-1.225850e-01 6.726740e-01 2.564753e+00
-3.229060e-01 3.727940e-01 2.711052e+00
3.298800e-02 3.668870e-01 2.672738e+00
-1.544960e-01 4.128660e-01 2.596673e+00
-1.366350e-01 2.171050e-01 2.792759e+00
-2.727540e-01 6.300000e-04 2.669718e+00
7.734000e-03 -1.611800e-02 2.657564e+00
-1.261530e-01 8.858000e-03 2.787474e+00
-3.737300e-01 1.093720e-01 2.711341e+00
1.571700e-01 1.389860e-01 2.604809e+00
-3.833290e-01 -1.786780e-01 2.681792e+00
3.498580e-01 -5.821200e-02 2.515802e+00
-3.668530e-01 -2.448530e-01 2.685118e+00
4.015390e-01 -1.024480e-01 2.509988e+00
-3.141370e-01 -5.641160e-01 2.720832e+00
-5.431000e-02 -5.870140e-01 2.704173e+00
-3.424500e-01 -9.842000e-01 2.791946e+00
-5.558400e-02 -1.013150e+00 2.731297e+00
-3.632360e-01 -1.010726e+00 2.626978e+00
-6.226600e-02 -1.023818e+00 2.563393e+00
-1.320060e-01 6.695520e-01 2.570125e+00
-3.287920e-01 3.767950e-01 2.722563e+00
2.478500e-02 3.686880e-01 2.667056e+00
-1.659430e-01 4.150970e-01 2.599829e+00
-1.395500e-01 2.207310e-01 2.796341e+00
-2.861410e-01 5.406000e-03 2.696661e+00
-9.735000e-03 -1.613100e-02 2.649356e+00
-1.261130e-01 5.167000e-03 2.795742e+00
-3.836630e-01 1.141710e-01 2.725584e+00
1.424540e-01 1.765950e-01 2.521296e+00
-3.935410e-01 -1.743260e-01 2.700479e+00
3.305710e-01 2.867900e-02 2.357922e+00
-3.790390e-01 -2.363390e-01 2.675867e+00
3.865130e-01 -1.800000e-04 2.331479e+00
-3.198300e-01 -5.647980e-01 2.722417e+00
-6.257300e-02 -5.854000e-01 2.704607e+00
-3.519770e-01 -9.856980e-01 2.786756e+00
-5.426000e-02 -1.011430e+00 2.732157e+00
-3.909940e-01 -1.007532e+00 2.624426e+00
-8.270800e-02 -1.022692e+00 2.566586e+00
-1.496260e-01 6.723250e-01 2.572843e+00
-3.384420e-01 3.685150e-01 2.729985e+00
1.229200e-02 3.598830e-01 2.658744e+00
-1.814180e-01 4.043750e-01 2.599186e+00
-1.455840e-01 2.145400e-01 2.798611e+00
-2.928450e-01 7.420000e-03 2.701705e+00
-1.836300e-02 -2.207400e-02 2.647936e+00
-1.306590e-01 1.974000e-03 2.797057e+00
-3.890390e-01 1.050090e-01 2.732227e+00
9.846800e-02 2.021910e-01 2.459477e+00
-4.039680e-01 -1.832670e-01 2.706878e+00
2.491130e-01 8.780900e-02 2.239951e+00
-3.859560e-01 -2.487610e-01 2.713788e+00
2.951740e-01 6.834700e-02 2.193462e+00
-3.209120e-01 -5.677990e-01 2.718190e+00
-5.746600e-02 -5.865990e-01 2.707482e+00
-3.521370e-01 -9.880080e-01 2.787322e+00
-5.704200e-02 -1.013125e+00 2.727582e+00
-3.940090e-01 -1.011448e+00 2.625930e+00
-8.895700e-02 -1.020939e+00 2.562444e+00
-1.548040e-01 6.716590e-01 2.585651e+00
-3.448320e-01 3.671820e-01 2.738931e+00
3.613000e-03 3.725140e-01 2.656947e+00
-1.933180e-01 4.109230e-01 2.604095e+00
-1.445470e-01 2.191930e-01 2.798909e+00
-2.937090e-01 8.476000e-03 2.707175e+00
-2.088800e-02 -2.124900e-02 2.645637e+00
-1.290170e-01 1.416000e-03 2.798019e+00
-3.914700e-01 1.029230e-01 2.738607e+00
3.024300e-02 2.390700e-01 2.425665e+00
-4.012890e-01 -1.854970e-01 2.712258e+00
1.043940e-01 1.552570e-01 2.158356e+00
-3.941790e-01 -2.530980e-01 2.718677e+00
9.909200e-02 8.930400e-02 2.175200e+00
-3.166790e-01 -5.682020e-01 2.720890e+00
-5.552300e-02 -5.851470e-01 2.708240e+00
-3.481960e-01 -9.896310e-01 2.781991e+00
-5.934500e-02 -1.011639e+00 2.728716e+00
-3.928240e-01 -1.009653e+00 2.620877e+00
-9.555400e-02 -1.019201e+00 2.564454e+00
-1.642720e-01 6.717460e-01 2.580611e+00
-3.506500e-01 3.660670e-01 2.749700e+00
-1.489100e-02 3.651050e-01 2.625488e+00
-2.173450e-01 3.977230e-01 2.593886e+00
-1.423520e-01 2.250110e-01 2.797940e+00
-3.034850e-01 5.161000e-03 2.722824e+00
-3.938200e-02 -2.058300e-02 2.629614e+00
-1.291460e-01 9.780000e-04 2.793637e+00
-3.979420e-01 1.042740e-01 2.738635e+00
-2.538500e-02 2.671210e-01 2.378135e+00
-4.038770e-01 -1.816600e-01 2.708881e+00
-1.449840e-01 2.110540e-01 2.122731e+00
-3.827410e-01 -2.464420e-01 2.704617e+00
-1.261550e-01 1.467520e-01 2.109605e+00
-3.128210e-01 -5.732230e-01 2.717092e+00
-5.218800e-02 -5.821740e-01 2.717573e+00
-3.467820e-01 -9.935680e-01 2.784068e+00
-5.536700e-02 -1.009011e+00 2.728918e+00
-4.080290e-01 -1.013409e+00 2.628488e+00
-1.116400e-01 -1.012809e+00 2.570270e+00
-1.695820e-01 6.750870e-01 2.577914e+00
-3.622600e-01 3.463410e-01 2.759184e+00
-3.328700e-02 3.698480e-01 2.619943e+00
-2.384880e-01 3.924640e-01 2.599173e+00
-1.445880e-01 2.151430e-01 2.791087e+00
-3.008790e-01 5.260000e-04 2.725219e+00
-4.062800e-02 -2.766400e-02 2.622379e+00
-1.238970e-01 -2.077000e-03 2.789224e+00
-4.031330e-01 8.677600e-02 2.732754e+00
-9.699200e-02 2.670440e-01 2.385174e+00
-4.010760e-01 -1.969140e-01 2.703562e+00
-2.674030e-01 2.143930e-01 2.162633e+00
-3.785810e-01 -2.588970e-01 2.685853e+00
-3.155010e-01 2.078290e-01 2.114623e+00
-3.112590e-01 -5.780560e-01 2.716087e+00
-5.047600e-02 -5.874460e-01 2.721060e+00
-3.479080e-01 -9.975110e-01 2.787103e+00
-5.411800e-02 -1.014425e+00 2.723356e+00
-4.144730e-01 -1.017657e+00 2.633762e+00
-1.172750e-01 -1.014725e+00 2.567275e+00
-1.711010e-01 6.656640e-01 2.580899e+00
-3.528640e-01 3.740260e-01 2.761923e+00
-2.477400e-02 3.749950e-01 2.618675e+00
-2.284410e-01 4.098260e-01 2.599788e+00
-1.432620e-01 2.302490e-01 2.793664e+00
-3.100990e-01 8.622000e-03 2.727963e+00
-5.192200e-02 -1.377500e-02 2.618673e+00
-1.315810e-01 9.547000e-03 2.787600e+00
-4.023470e-01 1.156640e-01 2.746766e+00
-1.287660e-01 2.660980e-01 2.402442e+00
-4.087320e-01 -1.648720e-01 2.699557e+00
-3.336410e-01 2.215860e-01 2.210049e+00
-3.936510e-01 -2.314600e-01 2.699160e+00
-3.926250e-01 2.154470e-01 2.176214e+00
-3.118440e-01 -5.694440e-01 2.712830e+00
-5.338300e-02 -5.752720e-01 2.713820e+00
-3.433060e-01 -9.888920e-01 2.786335e+00
-5.756600e-02 -1.002168e+00 2.722266e+00
-4.131550e-01 -1.010238e+00 2.634626e+00
-1.231820e-01 -1.004593e+00 2.567222e+00
-1.669690e-01 6.839150e-01 2.600276e+00
-3.877740e-01 3.476220e-01 2.765893e+00
-6.349900e-02 3.828250e-01 2.618344e+00
-2.698660e-01 3.975060e-01 2.602614e+00
-1.645300e-01 2.249770e-01 2.792954e+00
-3.039040e-01 1.026800e-02 2.723348e+00
-4.559600e-02 -1.845600e-02 2.615862e+00
-1.259070e-01 5.731000e-03 2.784358e+00
-4.042150e-01 8.921300e-02 2.735453e+00
-1.323990e-01 2.642700e-01 2.396602e+00
-4.158820e-01 -1.903800e-01 2.704444e+00
-3.272060e-01 2.204610e-01 2.198105e+00
-4.055660e-01 -2.570040e-01 2.693652e+00
-3.864510e-01 2.133540e-01 2.164921e+00
-3.190720e-01 -5.678550e-01 2.719776e+00
-5.961900e-02 -5.795920e-01 2.708479e+00
-3.489790e-01 -9.886650e-01 2.785758e+00
-5.650300e-02 -1.006125e+00 2.728200e+00
-4.191890e-01 -1.007489e+00 2.633882e+00
-1.221620e-01 -1.013765e+00 2.573343e+00
-1.818520e-01 6.710840e-01 2.588020e+00
-3.728040e-01 3.541510e-01 2.774063e+00
-4.960500e-02 3.799680e-01 2.622273e+00
-2.553300e-01 4.042630e-01 2.610542e+00
-1.548690e-01 2.209310e-01 2.793266e+00
-3.116650e-01 9.611000e-03 2.726447e+00
-5.597000e-02 -1.648600e-02 2.612252e+00
-1.321100e-01 6.693000e-03 2.782814e+00
-4.112270e-01 9.829900e-02 2.742751e+00
-1.153580e-01 2.758920e-01 2.392574e+00
-4.216030e-01 -1.807050e-01 2.707326e+00
-2.650620e-01 2.117800e-01 2.163043e+00
-4.123660e-01 -2.444930e-01 2.729851e+00
-3.114870e-01 1.997590e-01 2.114445e+00
-3.273960e-01 -5.674620e-01 2.721594e+00
-6.995300e-02 -5.795290e-01 2.700680e+00
-3.512190e-01 -9.888280e-01 2.786496e+00
-6.343100e-02 -1.005281e+00 2.732642e+00
-4.260500e-01 -1.007648e+00 2.636842e+00
-1.321120e-01 -1.017835e+00 2.579425e+00
-1.856510e-01 6.733340e-01 2.595163e+00
-3.584690e-01 3.759750e-01 2.768639e+00
-3.371900e-02 3.666620e-01 2.618258e+00
-2.362030e-01 4.097870e-01 2.604449e+00
-1.540960e-01 2.235420e-01 2.793295e+00
-3.192560e-01 1.081000e-02 2.729928e+00
-6.730900e-02 -1.698900e-02 2.608060e+00
-1.381830e-01 5.276000e-03 2.780997e+00
-4.214100e-01 1.249970e-01 2.757506e+00
-6.787600e-02 2.671280e-01 2.381612e+00
-4.258880e-01 -1.510490e-01 2.712742e+00
-1.666960e-01 2.065180e-01 2.127081e+00
-4.172640e-01 -2.187740e-01 2.713424e+00
-1.968020e-01 1.959310e-01 2.066723e+00
-3.324870e-01 -5.676530e-01 2.727246e+00
-7.663300e-02 -5.786510e-01 2.699373e+00
-3.462590e-01 -9.900260e-01 2.788405e+00
-6.297700e-02 -1.004228e+00 2.731423e+00
-4.256370e-01 -1.008767e+00 2.641103e+00
-1.370430e-01 -1.017945e+00 2.580837e+00
-1.856380e-01 6.826110e-01 2.598157e+00
-3.602010e-01 3.725810e-01 2.759170e+00
-2.961100e-02 3.696390e-01 2.621815e+00
-2.320400e-01 4.097600e-01 2.600289e+00
-1.545940e-01 2.231000e-01 2.790687e+00
-3.365640e-01 3.177000e-03 2.721968e+00
-7.613700e-02 -1.682700e-02 2.617664e+00
-1.594690e-01 -2.990000e-04 2.785618e+00
-4.310600e-01 1.238720e-01 2.757023e+00
-1.589300e-02 1.280440e-01 2.530574e+00
-4.344310e-01 -1.530480e-01 2.720930e+00
-3.099200e-02 2.102070e-01 2.264077e+00
-4.237660e-01 -2.186600e-01 2.736515e+00
3.226000e-02 2.019760e-01 2.239725e+00
-3.385750e-01 -5.740350e-01 2.733364e+00
-8.257000e-02 -5.807280e-01 2.699137e+00
-3.583870e-01 -9.983500e-01 2.776883e+00
-6.226300e-02 -1.005414e+00 2.738612e+00
-4.252430e-01 -1.011024e+00 2.622870e+00
-1.244390e-01 -1.022841e+00 2.583111e+00
-1.908260e-01 6.794020e-01 2.585170e+00
-3.639970e-01 3.699080e-01 2.751041e+00
-2.815000e-02 3.562470e-01 2.627818e+00
-2.280250e-01 4.032030e-01 2.597896e+00
-1.650300e-01 2.135190e-01 2.790621e+00
-3.402350e-01 3.373000e-03 2.715001e+00
-7.550500e-02 -2.231000e-02 2.623569e+00
-1.665710e-01 -3.660000e-03 2.787230e+00
-4.367050e-01 1.198650e-01 2.757279e+00
1.496000e-03 2.511750e-01 2.391328e+00
-4.379280e-01 -1.590060e-01 2.720481e+00
1.036680e-01 2.080460e-01 2.132822e+00
-4.298740e-01 -2.244780e-01 2.738092e+00
1.320880e-01 2.158780e-01 2.071239e+00
-3.402790e-01 -5.758170e-01 2.734215e+00
-8.727700e-02 -5.845290e-01 2.698965e+00
-3.520690e-01 -9.999590e-01 2.782101e+00
-6.500600e-02 -1.008768e+00 2.742035e+00
-4.118560e-01 -1.015976e+00 2.625515e+00
-1.194950e-01 -1.027688e+00 2.583848e+00
-1.977380e-01 6.748050e-01 2.592686e+00
-3.729750e-01 3.688610e-01 2.750164e+00
-3.613100e-02 3.612780e-01 2.629157e+00
-2.365680e-01 4.049550e-01 2.598044e+00
-1.716630e-01 2.157200e-01 2.790576e+00
-3.404490e-01 2.233000e-03 2.712256e+00
-7.450100e-02 -2.434400e-02 2.624697e+00
-1.677650e-01 -3.799000e-03 2.786887e+00
-4.412070e-01 1.157190e-01 2.749671e+00
4.885900e-02 2.521940e-01 2.406415e+00
-4.347180e-01 -1.657770e-01 2.720001e+00
2.129780e-01 1.940700e-01 2.183146e+00
-4.312730e-01 -2.303600e-01 2.741883e+00
2.600940e-01 1.805280e-01 2.135625e+00
-3.426040e-01 -5.766260e-01 2.734719e+00
-9.391200e-02 -5.874920e-01 2.699482e+00
-3.570640e-01 -9.992060e-01 2.794270e+00
-6.221600e-02 -1.011363e+00 2.740199e+00
-4.151570e-01 -1.019307e+00 2.637517e+00
-1.154020e-01 -1.030575e+00 2.581604e+00
-2.023100e-01 6.769230e-01 2.592925e+00
-3.769480e-01 3.738330e-01 2.747979e+00
-3.570300e-02 3.646240e-01 2.640133e+00
-2.343140e-01 4.109390e-01 2.601935e+00
-1.789260e-01 2.179140e-01 2.793676e+00
-3.437380e-01 5.287000e-03 2.709025e+00
-7.513900e-02 -2.106200e-02 2.629893e+00
-1.735810e-01 -1.841000e-03 2.789160e+00
-4.411320e-01 1.195360e-01 2.752234e+00
4.818900e-02 2.500010e-01 2.419615e+00
-4.444810e-01 -1.622600e-01 2.723571e+00
2.255380e-01 1.906690e-01 2.206851e+00
-4.349180e-01 -2.298620e-01 2.723471e+00
2.847700e-01 1.837780e-01 2.173599e+00
-3.423350e-01 -5.737110e-01 2.737958e+00
-9.232300e-02 -5.839780e-01 2.697160e+00
-3.556570e-01 -9.987470e-01 2.776634e+00
-6.373800e-02 -1.007437e+00 2.744011e+00
-4.073890e-01 -1.011659e+00 2.616924e+00
-1.105180e-01 -1.028340e+00 2.583621e+00
-2.084130e-01 6.763330e-01 2.590605e+00
-3.777420e-01 3.744230e-01 2.745683e+00
-3.565200e-02 3.660180e-01 2.640480e+00
-2.341910e-01 4.110510e-01 2.600418e+00
-1.793180e-01 2.198490e-01 2.794125e+00
-3.450910e-01 6.535000e-03 2.706416e+00
-7.550500e-02 -1.899300e-02 2.630434e+00
-1.758300e-01 3.590000e-04 2.788505e+00
-4.395020e-01 1.189570e-01 2.742099e+00
4.312100e-02 2.520150e-01 2.417123e+00
-4.511390e-01 -1.641840e-01 2.725653e+00
2.029400e-01 1.828560e-01 2.192958e+00
-4.306850e-01 -2.282910e-01 2.714095e+00
2.505060e-01 1.669460e-01 2.146634e+00
-3.410100e-01 -5.731390e-01 2.729421e+00
-8.863400e-02 -5.813110e-01 2.698932e+00
-3.505190e-01 -9.954070e-01 2.792099e+00
-6.366000e-02 -1.005509e+00 2.740901e+00
-4.017640e-01 -1.017826e+00 2.633287e+00
-1.085910e-01 -1.024103e+00 2.579700e+00
-2.065550e-01 6.801840e-01 2.591379e+00
-3.739530e-01 3.800270e-01 2.737082e+00
-2.912000e-02 3.551780e-01 2.644149e+00
-2.243590e-01 4.059880e-01 2.595668e+00
-1.832740e-01 2.201350e-01 2.797811e+00
-3.427980e-01 1.862000e-03 2.706199e+00
-7.100800e-02 -2.256000e-02 2.638117e+00
-1.760680e-01 -4.831000e-03 2.793275e+00
-4.361450e-01 1.245910e-01 2.736913e+00
4.688000e-03 2.532890e-01 2.404169e+00
-4.416390e-01 -1.577400e-01 2.707543e+00
1.154750e-01 1.969680e-01 2.148908e+00
-4.362340e-01 -2.256720e-01 2.711738e+00
1.503780e-01 1.875380e-01 2.090990e+00
-3.360910e-01 -5.779740e-01 2.729462e+00
-8.145400e-02 -5.846910e-01 2.702375e+00
-3.516600e-01 -1.001243e+00 2.783590e+00
-6.343000e-02 -1.010122e+00 2.734200e+00
-3.969240e-01 -1.020176e+00 2.622522e+00
-1.033700e-01 -1.024006e+00 2.571221e+00
-2.071530e-01 6.816310e-01 2.600593e+00
-3.776800e-01 3.710320e-01 2.739849e+00
-3.203700e-02 3.621950e-01 2.647024e+00
-2.290840e-01 4.064450e-01 2.599437e+00
-1.808820e-01 2.173310e-01 2.796929e+00
-3.444510e-01 -2.490000e-04 2.707464e+00
-7.268600e-02 -2.090400e-02 2.638048e+00
-1.772430e-01 -5.036000e-03 2.793746e+00
-4.333050e-01 1.131920e-01 2.730350e+00
-2.916600e-02 2.674050e-01 2.400706e+00
-4.421850e-01 -1.701890e-01 2.700987e+00
2.116200e-02 1.891570e-01 2.131280e+00
-4.277130e-01 -2.365130e-01 2.708288e+00
4.212800e-02 1.709970e-01 2.068892e+00
-3.359900e-01 -5.795250e-01 2.723204e+00
-7.188700e-02 -5.821770e-01 2.705340e+00
-3.463320e-01 -1.001752e+00 2.786027e+00
-6.506600e-02 -1.008101e+00 2.734864e+00
-3.934440e-01 -1.024412e+00 2.625973e+00
-1.038290e-01 -1.020049e+00 2.571447e+00
-2.059980e-01 6.764900e-01 2.589142e+00
-3.841110e-01 3.687830e-01 2.749081e+00
-4.156100e-02 3.709900e-01 2.645071e+00
-2.413980e-01 4.086050e-01 2.603831e+00
-1.806160e-01 2.217990e-01 2.800047e+00
-3.372380e-01 4.853000e-03 2.711145e+00
-6.831700e-02 -1.831000e-02 2.632110e+00
-1.671380e-01 -1.786000e-03 2.791444e+00
-4.265840e-01 1.085410e-01 2.724928e+00
-2.632200e-02 1.839850e-01 2.458226e+00
-4.358590e-01 -1.755930e-01 2.694099e+00
-4.285000e-02 2.058970e-01 2.173595e+00
-4.159400e-01 -2.408980e-01 2.694022e+00
-7.239600e-02 1.802020e-01 2.117663e+00
-3.275840e-01 -5.757190e-01 2.721513e+00
-6.943600e-02 -5.787850e-01 2.706171e+00
-3.526260e-01 -9.956930e-01 2.794476e+00
-6.082200e-02 -1.003174e+00 2.752526e+00
-4.041980e-01 -1.020139e+00 2.636069e+00
-1.051540e-01 -1.021700e+00 2.591152e+00
-2.007550e-01 6.781900e-01 2.595170e+00
-3.671350e-01 3.757070e-01 2.758089e+00
-3.796900e-02 3.527890e-01 2.619203e+00
-2.398850e-01 3.940960e-01 2.595239e+00
-1.638000e-01 2.266040e-01 2.803203e+00
-3.327170e-01 4.296000e-03 2.722089e+00
-7.213900e-02 -1.950700e-02 2.618968e+00
-1.560030e-01 -2.081000e-03 2.786566e+00
-4.214300e-01 1.220500e-01 2.722561e+00
-8.310800e-02 2.487410e-01 2.383219e+00
-4.340430e-01 -1.587310e-01 2.691743e+00
-2.086270e-01 1.841410e-01 2.138232e+00
-4.122170e-01 -2.206940e-01 2.673146e+00
-2.417990e-01 1.689000e-01 2.080535e+00
-3.256200e-01 -5.766310e-01 2.717595e+00
-6.503600e-02 -5.778850e-01 2.709659e+00
-3.518240e-01 -9.975160e-01 2.784660e+00
-6.342900e-02 -1.004058e+00 2.736169e+00
-4.171330e-01 -1.017964e+00 2.630820e+00
-1.243030e-01 -1.014033e+00 2.579500e+00
-1.967230e-01 6.835950e-01 2.606066e+00
-3.703680e-01 3.689710e-01 2.761778e+00
-4.379100e-02 3.516870e-01 2.616131e+00
-2.471340e-01 3.876470e-01 2.595902e+00
-1.624910e-01 2.256600e-01 2.804917e+00
-3.216440e-01 2.262000e-03 2.722694e+00
-6.368600e-02 -2.582000e-02 2.614200e+00
-1.436570e-01 -5.666000e-03 2.783388e+00
-4.177920e-01 1.159650e-01 2.724583e+00
-1.000640e-01 2.441500e-01 2.386100e+00
-4.259860e-01 -1.624820e-01 2.688673e+00
-2.563030e-01 1.882410e-01 2.159488e+00
-4.093850e-01 -2.245260e-01 2.665510e+00
-3.034510e-01 1.758580e-01 2.111683e+00
-3.224910e-01 -5.788330e-01 2.718043e+00
-6.200400e-02 -5.835840e-01 2.709110e+00
-3.543440e-01 -9.987150e-01 2.788848e+00
-6.250700e-02 -1.010076e+00 2.729933e+00
-4.230670e-01 -1.019191e+00 2.636507e+00
-1.278960e-01 -1.017565e+00 2.574954e+00
-1.914130e-01 6.769900e-01 2.595887e+00
-3.706740e-01 3.688040e-01 2.774037e+00
-4.076300e-02 3.706550e-01 2.635043e+00
-2.439850e-01 4.069470e-01 2.614208e+00
-1.622550e-01 2.233130e-01 2.805754e+00
-3.275390e-01 5.789000e-03 2.721943e+00
-6.806800e-02 -1.496500e-02 2.615427e+00
-1.499140e-01 1.915000e-03 2.784075e+00
-4.138800e-01 1.181970e-01 2.727548e+00
-9.409400e-02 2.532220e-01 2.410996e+00
-4.276380e-01 -1.590600e-01 2.697889e+00
-2.340480e-01 1.904220e-01 2.177737e+00
-4.142710e-01 -2.255680e-01 2.690166e+00
-2.762850e-01 1.794260e-01 2.125233e+00
-3.241370e-01 -5.733280e-01 2.719821e+00
-6.378800e-02 -5.755960e-01 2.706679e+00
-3.457840e-01 -9.951730e-01 2.782332e+00
-6.405300e-02 -1.002056e+00 2.728155e+00
-4.139310e-01 -1.014314e+00 2.629558e+00
-1.271210e-01 -1.009869e+00 2.572233e+00
-1.858530e-01 6.751130e-01 2.592995e+00
-3.561570e-01 3.789090e-01 2.772144e+00
-2.816900e-02 3.612210e-01 2.629756e+00
-2.298240e-01 4.057830e-01 2.609762e+00
-1.540030e-01 2.254710e-01 2.806815e+00
-3.184340e-01 1.198900e-02 2.722366e+00
-5.957200e-02 -1.410100e-02 2.615543e+00
-1.411090e-01 1.022000e-03 2.784507e+00
-4.113470e-01 1.321760e-01 2.729224e+00
-5.936700e-02 2.502530e-01 2.400675e+00
-4.313590e-01 -1.430930e-01 2.706352e+00
-1.572360e-01 1.751500e-01 2.152727e+00
-4.101090e-01 -2.073100e-01 2.697064e+00
-1.885240e-01 1.587180e-01 2.094309e+00
-3.219830e-01 -5.683930e-01 2.716987e+00
-6.722800e-02 -5.748290e-01 2.701513e+00
-3.553470e-01 -9.877650e-01 2.790083e+00
-6.345700e-02 -1.000553e+00 2.734287e+00
-4.233320e-01 -1.008950e+00 2.637507e+00
-1.273850e-01 -1.013072e+00 2.579024e+00
-1.829210e-01 6.782660e-01 2.594979e+00
-3.543350e-01 3.787320e-01 2.764575e+00
-1.929700e-02 3.590810e-01 2.639966e+00
-2.183260e-01 4.100910e-01 2.611055e+00
-1.583250e-01 2.182820e-01 2.802629e+00
-3.266180e-01 5.324000e-03 2.715352e+00
-6.215200e-02 -1.670600e-02 2.622218e+00
-1.526400e-01 -2.983000e-03 2.786686e+00
-4.148300e-01 1.322530e-01 2.737504e+00
-1.854500e-02 2.436340e-01 2.412336e+00
-4.283750e-01 -1.416930e-01 2.710248e+00
-6.752900e-02 1.576180e-01 2.155091e+00
-4.217410e-01 -2.094400e-01 2.704967e+00
-8.611300e-02 1.394570e-01 2.091953e+00
-3.242260e-01 -5.739710e-01 2.722046e+00
-7.110900e-02 -5.792650e-01 2.701809e+00
-3.504410e-01 -9.948740e-01 2.789000e+00
-5.979900e-02 -1.004383e+00 2.740228e+00
-4.105360e-01 -1.015926e+00 2.633130e+00
-1.150410e-01 -1.020156e+00 2.581957e+00
-1.840680e-01 6.769870e-01 2.600116e+00
-3.514240e-01 3.785060e-01 2.754811e+00
-1.017200e-02 3.563650e-01 2.648883e+00
-2.065790e-01 4.106290e-01 2.609765e+00
-1.599580e-01 2.147140e-01 2.800906e+00
-3.193930e-01 7.711000e-03 2.706406e+00
-5.063300e-02 -2.177800e-02 2.628945e+00
-1.500270e-01 -3.542000e-03 2.787735e+00
-4.115480e-01 1.281960e-01 2.742263e+00
4.355000e-03 2.377500e-01 2.420526e+00
-4.217510e-01 -1.478020e-01 2.707761e+00
2.399600e-02 1.309450e-01 2.164252e+00
-4.184000e-01 -2.151020e-01 2.718763e+00
1.957300e-02 1.074420e-01 2.100302e+00
-3.241230e-01 -5.726050e-01 2.720842e+00
-6.578000e-02 -5.823150e-01 2.700294e+00
-3.520260e-01 -9.938830e-01 2.784682e+00
-6.372000e-02 -1.007712e+00 2.737203e+00
-4.033640e-01 -1.014580e+00 2.625666e+00
-1.086510e-01 -1.021954e+00 2.575560e+00
-1.838070e-01 6.732390e-01 2.593599e+00
-3.511470e-01 3.713870e-01 2.747422e+00
-4.893000e-03 3.623060e-01 2.656923e+00
-2.013270e-01 4.086580e-01 2.608802e+00
-1.556690e-01 2.154220e-01 2.802881e+00
-3.173860e-01 5.735000e-03 2.697777e+00
-4.473700e-02 -2.003300e-02 2.633744e+00
-1.519340e-01 -8.890000e-04 2.787264e+00
-4.060690e-01 1.167270e-01 2.739841e+00
4.765500e-02 1.925530e-01 2.466270e+00
-4.268880e-01 -1.629230e-01 2.715776e+00
1.378220e-01 6.161600e-02 2.234017e+00
-4.124620e-01 -2.276630e-01 2.699582e+00
1.557930e-01 3.489100e-02 2.173814e+00
-3.212520e-01 -5.732040e-01 2.715688e+00
-6.577800e-02 -5.833560e-01 2.698411e+00
-3.467900e-01 -9.940150e-01 2.783474e+00
-5.988900e-02 -1.008741e+00 2.735052e+00
-3.910650e-01 -1.017228e+00 2.622692e+00
-9.664600e-02 -1.023347e+00 2.571388e+00
-1.730410e-01 6.713770e-01 2.588809e+00
-3.479750e-01 3.677540e-01 2.741059e+00
2.788000e-03 3.683890e-01 2.669440e+00
-1.915710e-01 4.137470e-01 2.612713e+00
-1.529410e-01 2.125610e-01 2.800125e+00
-3.074960e-01 4.758000e-03 2.692066e+00
-3.331600e-02 -2.505800e-02 2.636949e+00
-1.447420e-01 3.350000e-04 2.786499e+00
-3.996780e-01 1.108310e-01 2.737146e+00
7.735300e-02 1.697910e-01 2.515503e+00
-4.186640e-01 -1.702390e-01 2.709652e+00
1.994830e-01 2.036500e-02 2.308445e+00
-4.069200e-01 -2.363350e-01 2.722101e+00
2.078590e-01 8.500000e-03 2.241732e+00
-3.148700e-01 -5.744030e-01 2.716030e+00
-6.261200e-02 -5.876900e-01 2.702307e+00
-3.514050e-01 -9.936260e-01 2.788459e+00
-5.816600e-02 -1.013490e+00 2.733978e+00
-3.902880e-01 -1.018221e+00 2.626491e+00
-9.028200e-02 -1.026084e+00 2.569175e+00
-1.690690e-01 6.691630e-01 2.587840e+00
-3.447540e-01 3.679290e-01 2.729346e+00
8.856000e-03 3.704300e-01 2.673510e+00
-1.829400e-01 4.156810e-01 2.608572e+00
-1.519710e-01 2.128280e-01 2.795609e+00
-2.962070e-01 6.898000e-03 2.686421e+00
-2.042900e-02 -2.793900e-02 2.643588e+00
-1.376550e-01 2.154000e-03 2.787736e+00
-3.958040e-01 1.096430e-01 2.732357e+00
9.377000e-02 1.439260e-01 2.569530e+00
-4.111550e-01 -1.729000e-01 2.704361e+00
2.244440e-01 -3.664300e-02 2.392982e+00
-3.972200e-01 -2.386840e-01 2.716186e+00
2.412930e-01 -8.062500e-02 2.343552e+00
-3.122560e-01 -5.722680e-01 2.710594e+00
-5.787700e-02 -5.896440e-01 2.700208e+00
-3.480900e-01 -9.901110e-01 2.790919e+00
-5.991900e-02 -1.015728e+00 2.728083e+00
-3.817070e-01 -1.018472e+00 2.628390e+00
-8.387100e-02 -1.026494e+00 2.561769e+00
-1.641460e-01 6.724010e-01 2.587787e+00
-3.353310e-01 3.732580e-01 2.714583e+00
2.002000e-02 3.639010e-01 2.672133e+00
-1.677850e-01 4.128980e-01 2.598793e+00
-1.499030e-01 2.145090e-01 2.792217e+00
-2.806010e-01 6.075000e-03 2.677980e+00
-3.748000e-03 -3.193500e-02 2.646211e+00
-1.258450e-01 3.218000e-03 2.785072e+00
-3.795690e-01 1.123100e-01 2.712261e+00
1.098920e-01 1.162540e-01 2.646635e+00
-4.005740e-01 -1.720840e-01 2.692765e+00
2.107660e-01 -1.281310e-01 2.538002e+00
-3.833210e-01 -2.373980e-01 2.682864e+00
2.118250e-01 -1.857260e-01 2.501350e+00
-3.069580e-01 -5.715960e-01 2.704630e+00
-4.855900e-02 -5.927250e-01 2.701093e+00
-3.456980e-01 -9.881720e-01 2.790030e+00
-5.270400e-02 -1.018475e+00 2.733485e+00
-3.748620e-01 -1.018868e+00 2.627066e+00
-6.963600e-02 -1.031020e+00 2.566434e+00
-1.549920e-01 6.705160e-01 2.575052e+00
-3.308460e-01 3.762710e-01 2.710340e+00
2.523000e-02 3.606890e-01 2.676708e+00
-1.596740e-01 4.145340e-01 2.599496e+00
-1.505200e-01 2.126850e-01 2.789929e+00
-2.731000e-01 4.679000e-03 2.669644e+00
4.935000e-03 -2.942900e-02 2.644451e+00
-1.205220e-01 7.484000e-03 2.779816e+00
-3.743410e-01 1.145500e-01 2.703958e+00
1.010020e-01 1.068760e-01 2.693083e+00
-3.849810e-01 -1.692340e-01 2.665341e+00
1.582340e-01 -1.689290e-01 2.640222e+00
-3.632170e-01 -2.330110e-01 2.654367e+00
1.523070e-01 -2.276210e-01 2.605845e+00
-2.983430e-01 -5.710280e-01 2.704155e+00
-4.109800e-02 -5.911740e-01 2.703686e+00
-3.434400e-01 -9.869090e-01 2.789819e+00
-5.538200e-02 -1.017295e+00 2.727054e+00
-3.682940e-01 -1.017917e+00 2.626201e+00
-6.796300e-02 -1.026068e+00 2.559379e+00
-1.525140e-01 6.686940e-01 2.571891e+00
-3.225400e-01 3.705810e-01 2.696362e+00
3.463700e-02 3.585750e-01 2.675279e+00
-1.480850e-01 4.086550e-01 2.590691e+00
-1.432430e-01 2.107830e-01 2.785408e+00
-2.737690e-01 -2.434000e-03 2.661989e+00
5.996000e-03 -2.552900e-02 2.644676e+00
-1.245100e-01 7.464000e-03 2.776226e+00
-3.696620e-01 1.089360e-01 2.688871e+00
9.294300e-02 1.030430e-01 2.720430e+00
-3.701510e-01 -1.756300e-01 2.649949e+00
8.256900e-02 -1.831710e-01 2.698835e+00
-3.799460e-01 -2.405370e-01 2.668729e+00
6.584700e-02 -2.493080e-01 2.701652e+00
-2.967000e-01 -5.742710e-01 2.701420e+00
-3.350100e-02 -5.907480e-01 2.699855e+00
-3.435940e-01 -9.887280e-01 2.792824e+00
-5.675800e-02 -1.015932e+00 2.731580e+00
-3.647250e-01 -1.022420e+00 2.629214e+00
-6.168200e-02 -1.028187e+00 2.563723e+00
-1.451800e-01 6.698580e-01 2.575402e+00
-3.174940e-01 3.685780e-01 2.688634e+00
4.048100e-02 3.694560e-01 2.684505e+00
-1.397070e-01 4.150120e-01 2.592269e+00
-1.370130e-01 2.131810e-01 2.782922e+00
-2.705780e-01 -7.283000e-03 2.641078e+00
1.025700e-02 -1.888100e-02 2.651003e+00
-1.335240e-01 1.055900e-02 2.768843e+00
-3.616550e-01 1.071310e-01 2.678601e+00
8.869700e-02 1.118040e-01 2.725688e+00
-3.708280e-01 -1.774100e-01 2.646034e+00
8.700500e-02 -1.746840e-01 2.731137e+00
-3.560170e-01 -2.439040e-01 2.650588e+00
5.285500e-02 -2.155020e-01 2.688367e+00
-2.937790e-01 -5.742630e-01 2.697984e+00
-2.780100e-02 -5.875200e-01 2.701237e+00
-3.372020e-01 -9.899910e-01 2.785242e+00
-5.956800e-02 -1.011983e+00 2.735168e+00
-3.421870e-01 -1.024063e+00 2.620426e+00
-4.625400e-02 -1.026348e+00 2.567936e+00
-1.212110e-01 6.702840e-01 2.570326e+00
