-3.253350e-01 3.338520e-01 2.777896e+00
-1.821265e-01 3.293760e-01 2.759145e+00
-3.891800e-02 3.249000e-01 2.740395e+00
-1.171975e-01 3.454595e-01 2.694414e+00
-1.954770e-01 3.660190e-01 2.648434e+00
-1.850865e-01 2.779380e-01 2.748817e+00
-1.746960e-01 1.898570e-01 2.849200e+00
-2.669365e-01 7.838300e-02 2.803316e+00
-3.591770e-01 -3.309100e-02 2.757432e+00
-1.940040e-01 -3.579950e-02 2.727660e+00
-2.883100e-02 -3.850800e-02 2.697889e+00
-1.016570e-01 -3.307250e-02 2.766554e+00
-1.744830e-01 -2.763700e-02 2.835220e+00
-2.905020e-01 1.938650e-02 2.801978e+00
-4.065210e-01 6.641000e-02 2.768736e+00
-1.919915e-01 6.007500e-02 2.769526e+00
2.253800e-02 5.374000e-02 2.770316e+00
-1.943040e-01 -8.385800e-02 2.752832e+00
-4.111460e-01 -2.214560e-01 2.735348e+00
-1.945170e-01 -2.275715e-01 2.734199e+00
2.211200e-02 -2.336870e-01 2.733049e+00
-1.952120e-01 -2.511405e-01 2.746790e+00
-4.125360e-01 -2.685940e-01 2.760531e+00
-2.011340e-01 -2.761600e-01 2.739478e+00
1.026800e-02 -2.837260e-01 2.718424e+00
-1.396570e-01 -4.046420e-01 2.763287e+00
-2.895820e-01 -5.255580e-01 2.808150e+00
-1.790135e-01 -5.259185e-01 2.790035e+00
-6.844500e-02 -5.262790e-01 2.771920e+00
-1.988835e-01 -7.187250e-01 2.806195e+00
-3.293220e-01 -9.111710e-01 2.840469e+00
-1.982365e-01 -9.102620e-01 2.840009e+00
-6.715100e-02 -9.093530e-01 2.839549e+00
-2.076825e-01 -9.138145e-01 2.786007e+00
-3.482140e-01 -9.182760e-01 2.732464e+00
-2.159620e-01 -9.232835e-01 2.732528e+00
-8.371000e-02 -9.282910e-01 2.732593e+00
-1.231675e-01 -1.754760e-01 2.691175e+00
-1.626250e-01 5.773390e-01 2.649757e+00
-2.431220e-01 4.556365e-01 2.709231e+00
-3.236190e-01 3.339340e-01 2.768705e+00
-1.797450e-01 3.339165e-01 2.755272e+00
-3.587100e-02 3.338990e-01 2.741838e+00
-1.130200e-01 3.511870e-01 2.692710e+00
-1.901690e-01 3.684750e-01 2.643581e+00
-1.806490e-01 2.822630e-01 2.745658e+00
-1.711290e-01 1.960510e-01 2.847735e+00
-2.606540e-01 8.433950e-02 2.800177e+00
-3.501790e-01 -2.737200e-02 2.752619e+00
-1.842365e-01 -3.278050e-02 2.727928e+00
-1.829400e-02 -3.818900e-02 2.703238e+00
-9.309350e-02 -3.152700e-02 2.769636e+00
-1.678930e-01 -2.486500e-02 2.836034e+00
-2.846375e-01 2.033550e-02 2.800093e+00
-4.013820e-01 6.553600e-02 2.764152e+00
-1.863070e-01 6.463950e-02 2.768347e+00
2.876800e-02 6.374300e-02 2.772543e+00
-1.919145e-01 -7.946550e-02 2.755021e+00
-4.125970e-01 -2.226740e-01 2.737498e+00
-1.898645e-01 -2.236440e-01 2.741465e+00
3.286800e-02 -2.246140e-01 2.745432e+00
-1.913595e-01 -2.502000e-01 2.738807e+00
-4.155870e-01 -2.757860e-01 2.732182e+00
-1.976085e-01 -2.750650e-01 2.731245e+00
2.037000e-02 -2.743440e-01 2.730308e+00
-1.350085e-01 -3.974870e-01 2.768706e+00
-2.903870e-01 -5.206300e-01 2.807105e+00
-1.790465e-01 -5.229500e-01 2.791117e+00
-6.770600e-02 -5.252700e-01 2.775130e+00
-1.999195e-01 -7.157505e-01 2.806040e+00
-3.321330e-01 -9.062310e-01 2.836951e+00
-1.997375e-01 -9.075920e-01 2.838089e+00
-6.734200e-02 -9.089530e-01 2.839228e+00
-2.076055e-01 -9.109405e-01 2.783822e+00
-3.478690e-01 -9.129280e-01 2.728415e+00
-2.147150e-01 -9.199235e-01 2.730092e+00
-8.156100e-02 -9.269190e-01 2.731768e+00
-1.245555e-01 -1.707195e-01 2.691887e+00
-1.675500e-01 5.854800e-01 2.652006e+00
-2.474650e-01 4.592615e-01 2.710281e+00
-3.273800e-01 3.330430e-01 2.768555e+00
-1.835085e-01 3.284035e-01 2.755914e+00
-3.963700e-02 3.237640e-01 2.743272e+00
-1.159290e-01 3.433590e-01 2.693672e+00
-1.922210e-01 3.629540e-01 2.644073e+00
-1.860060e-01 2.767780e-01 2.746435e+00
-1.797910e-01 1.906020e-01 2.848797e+00
-2.655395e-01 8.018850e-02 2.800241e+00
-3.512880e-01 -3.022500e-02 2.751684e+00
-1.852275e-01 -3.605500e-02 2.727900e+00
-1.916700e-02 -4.188500e-02 2.704117e+00
-9.428900e-02 -3.405000e-02 2.770022e+00
-1.694110e-01 -2.621500e-02 2.835927e+00
-2.885840e-01 1.942100e-02 2.804317e+00
-4.077570e-01 6.505700e-02 2.772708e+00
-1.850270e-01 6.091900e-02 2.774058e+00
3.770300e-02 5.678100e-02 2.775409e+00
-1.869480e-01 -8.283200e-02 2.755139e+00
-4.115990e-01 -2.224450e-01 2.734869e+00
-1.689190e-01 -2.260855e-01 2.741741e+00
7.376100e-02 -2.297260e-01 2.748614e+00
-1.747380e-01 -2.517000e-01 2.736783e+00
-4.232370e-01 -2.736740e-01 2.724952e+00
-1.764305e-01 -2.777675e-01 2.742452e+00
7.037600e-02 -2.818610e-01 2.759953e+00
-1.107255e-01 -4.027375e-01 2.783609e+00
-2.918270e-01 -5.236140e-01 2.807266e+00
-1.816130e-01 -5.264425e-01 2.790041e+00
-7.139900e-02 -5.292710e-01 2.772816e+00
-2.016850e-01 -7.191685e-01 2.806895e+00
-3.319710e-01 -9.090660e-01 2.840973e+00
-1.978225e-01 -9.112175e-01 2.837431e+00
-6.367400e-02 -9.133690e-01 2.833889e+00
-2.054990e-01 -9.151625e-01 2.783176e+00
-3.473240e-01 -9.169560e-01 2.732463e+00
-2.125820e-01 -9.238565e-01 2.729395e+00
-7.784000e-02 -9.307570e-01 2.726327e+00
-1.238790e-01 -1.751700e-01 2.690009e+00
-1.699180e-01 5.804170e-01 2.653690e+00
-2.478360e-01 4.546435e-01 2.714342e+00
-3.257540e-01 3.288700e-01 2.774995e+00
-3.885500e-02 3.256460e-01 2.740367e+00
-1.953290e-01 3.625290e-01 2.646486e+00
-1.728160e-01 1.888130e-01 2.849187e+00
-3.458700e-01 -3.178600e-02 2.743326e+00
-1.176200e-02 -3.863300e-02 2.711258e+00
-1.682040e-01 -2.685200e-02 2.836077e+00
-3.996400e-01 5.883800e-02 2.778772e+00
4.733400e-02 6.096900e-02 2.770503e+00
-4.100230e-01 -2.281570e-01 2.737129e+00
1.203100e-01 -2.174270e-01 2.733376e+00
-4.056540e-01 -2.739770e-01 2.764324e+00
1.142450e-01 -2.669010e-01 2.714046e+00
-2.903930e-01 -5.225550e-01 2.808365e+00
-7.436700e-02 -5.285990e-01 2.774782e+00
-3.341230e-01 -9.079840e-01 2.837569e+00
-6.249100e-02 -9.118540e-01 2.840320e+00
-3.438720e-01 -9.151520e-01 2.728363e+00
-7.199600e-02 -9.305910e-01 2.732472e+00
-1.731100e-01 5.823000e-01 2.662068e+00
-3.259370e-01 3.301820e-01 2.770704e+00
-3.882500e-02 3.272940e-01 2.737850e+00
-1.948600e-01 3.617410e-01 2.642326e+00
-1.729640e-01 1.921770e-01 2.848580e+00
-3.461620e-01 -3.278200e-02 2.754060e+00
-1.449000e-02 -4.321000e-02 2.703188e+00
-1.634890e-01 -2.913300e-02 2.836581e+00
-4.046440e-01 6.144800e-02 2.778213e+00
6.614800e-02 6.904300e-02 2.765351e+00
-4.069530e-01 -2.258220e-01 2.736221e+00
1.777850e-01 -1.925570e-01 2.707085e+00
-4.234110e-01 -2.764270e-01 2.741354e+00
1.727290e-01 -2.452100e-01 2.699325e+00
-2.919000e-01 -5.248010e-01 2.812137e+00
-7.308500e-02 -5.317640e-01 2.772436e+00
-3.318240e-01 -9.108230e-01 2.838851e+00
-6.607200e-02 -9.145690e-01 2.841228e+00
-3.479380e-01 -9.166670e-01 2.730321e+00
-8.128400e-02 -9.340850e-01 2.734175e+00
-1.743170e-01 5.859120e-01 2.663222e+00
-3.314440e-01 3.142250e-01 2.774580e+00
-4.493900e-02 3.187960e-01 2.736963e+00
-2.033960e-01 3.484310e-01 2.643843e+00
-1.735580e-01 1.808730e-01 2.850740e+00
-3.488110e-01 -3.966200e-02 2.758757e+00
-1.839800e-02 -5.014500e-02 2.700272e+00
-1.642700e-01 -3.494400e-02 2.836956e+00
-4.098240e-01 4.552800e-02 2.789354e+00
1.051950e-01 8.253500e-02 2.722800e+00
-4.169350e-01 -2.414900e-01 2.745083e+00
2.732860e-01 -1.381470e-01 2.636579e+00
-3.918580e-01 -2.858140e-01 2.728816e+00
3.071960e-01 -1.630690e-01 2.603606e+00
-2.982190e-01 -5.309040e-01 2.817204e+00
-7.713000e-02 -5.389410e-01 2.769615e+00
-3.339300e-01 -9.177200e-01 2.837692e+00
-6.691700e-02 -9.216260e-01 2.838674e+00
-3.525130e-01 -9.217360e-01 2.729475e+00
-8.461400e-02 -9.413410e-01 2.732041e+00
-1.783650e-01 5.743230e-01 2.666860e+00
-3.282240e-01 3.077910e-01 2.779149e+00
-4.296400e-02 3.178100e-01 2.733899e+00
-2.043890e-01 3.441960e-01 2.644994e+00
-1.658180e-01 1.776620e-01 2.851272e+00
-3.447670e-01 -4.399000e-02 2.752580e+00
-1.328600e-02 -5.869900e-02 2.701521e+00
-1.619330e-01 -3.989500e-02 2.834723e+00
-4.144220e-01 4.174200e-02 2.795317e+00
1.306060e-01 1.029420e-01 2.687224e+00
-4.145630e-01 -2.456330e-01 2.753938e+00
3.323740e-01 -7.063900e-02 2.571223e+00
-3.943270e-01 -2.778750e-01 2.716400e+00
3.670640e-01 -1.102150e-01 2.580628e+00
-3.007570e-01 -5.341900e-01 2.822730e+00
-7.831100e-02 -5.463490e-01 2.771030e+00
-3.338480e-01 -9.214350e-01 2.839081e+00
-6.231800e-02 -9.285200e-01 2.841817e+00
-3.501800e-01 -9.246250e-01 2.730473e+00
-7.814500e-02 -9.489620e-01 2.735027e+00
-1.808930e-01 5.744250e-01 2.677139e+00
-3.223740e-01 3.091420e-01 2.782356e+00
-3.879800e-02 3.312250e-01 2.731190e+00
-2.031010e-01 3.545360e-01 2.646815e+00
-1.537130e-01 1.828080e-01 2.846420e+00
-3.434000e-01 -3.780300e-02 2.757194e+00
-1.322500e-02 -5.491600e-02 2.698927e+00
-1.588150e-01 -3.565200e-02 2.835400e+00
-4.083170e-01 4.303700e-02 2.800740e+00
1.291950e-01 1.332090e-01 2.625813e+00
-4.195990e-01 -2.445710e-01 2.761769e+00
3.357530e-01 -2.409900e-02 2.495612e+00
-3.934860e-01 -2.760220e-01 2.727316e+00
3.742590e-01 -5.566600e-02 2.515076e+00
-3.013650e-01 -5.288500e-01 2.823454e+00
-8.375600e-02 -5.422110e-01 2.771479e+00
-3.335250e-01 -9.161310e-01 2.840765e+00
-6.603100e-02 -9.241050e-01 2.843340e+00
-3.524420e-01 -9.193960e-01 2.732580e+00
-8.460700e-02 -9.449630e-01 2.737075e+00
-1.887330e-01 5.815720e-01 2.680465e+00
-3.382370e-01 3.134810e-01 2.797755e+00
-5.974100e-02 3.385100e-01 2.724714e+00
-2.303350e-01 3.594110e-01 2.653166e+00
-1.636360e-01 1.894920e-01 2.849254e+00
-3.469570e-01 -3.419000e-02 2.771201e+00
-2.201900e-02 -4.535900e-02 2.687569e+00
-1.569410e-01 -2.752800e-02 2.834779e+00
-4.095900e-01 4.336300e-02 2.804106e+00
7.827800e-02 1.645040e-01 2.555104e+00
-4.146870e-01 -2.437220e-01 2.766065e+00
2.269770e-01 4.064400e-02 2.339609e+00
-3.989400e-01 -2.932500e-01 2.753531e+00
2.711380e-01 1.557200e-02 2.322896e+00
-2.998830e-01 -5.255100e-01 2.820267e+00
-8.340400e-02 -5.331160e-01 2.775515e+00
-3.328020e-01 -9.126940e-01 2.838327e+00
-6.883700e-02 -9.159210e-01 2.843109e+00
-3.598520e-01 -9.153590e-01 2.731867e+00
-9.564800e-02 -9.354380e-01 2.738358e+00
-1.915320e-01 5.849520e-01 2.675465e+00
-3.471890e-01 3.154310e-01 2.815896e+00
-7.324000e-02 3.375780e-01 2.726553e+00
-2.474850e-01 3.621100e-01 2.665768e+00
-1.717490e-01 1.881000e-01 2.854862e+00
-3.467330e-01 -3.410900e-02 2.784534e+00
-2.742100e-02 -3.916300e-02 2.681009e+00
-1.533060e-01 -2.435800e-02 2.836335e+00
-4.068960e-01 4.321600e-02 2.801856e+00
1.886300e-02 1.783630e-01 2.516718e+00
-4.113450e-01 -2.435220e-01 2.764396e+00
8.100900e-02 7.648100e-02 2.253280e+00
-4.008310e-01 -2.954060e-01 2.771855e+00
1.008920e-01 4.496000e-02 2.214950e+00
-2.964290e-01 -5.252740e-01 2.817035e+00
-7.808800e-02 -5.275150e-01 2.779198e+00
-3.329550e-01 -9.120850e-01 2.836107e+00
-6.650800e-02 -9.124190e-01 2.834291e+00
-3.663980e-01 -9.140870e-01 2.731464e+00
-9.989700e-02 -9.282350e-01 2.730814e+00
-1.877400e-01 5.774730e-01 2.668089e+00
-3.451370e-01 3.188600e-01 2.816584e+00
-7.215200e-02 3.416870e-01 2.724502e+00
-2.469420e-01 3.693390e-01 2.666692e+00
-1.702210e-01 1.891130e-01 2.849460e+00
-3.461480e-01 -2.906000e-02 2.787085e+00
-2.824000e-02 -3.577800e-02 2.679416e+00
-1.520110e-01 -2.056000e-02 2.836392e+00
-4.093700e-01 5.048700e-02 2.800857e+00
-9.613000e-03 1.844220e-01 2.505975e+00
-4.086150e-01 -2.341820e-01 2.768767e+00
-6.115100e-02 8.111800e-02 2.243794e+00
-4.017780e-01 -2.845070e-01 2.752073e+00
-6.396000e-02 7.756100e-02 2.190525e+00
-2.921640e-01 -5.216780e-01 2.814354e+00
-7.559800e-02 -5.227870e-01 2.782805e+00
-3.365320e-01 -9.072790e-01 2.840131e+00
-6.744000e-02 -9.070230e-01 2.842946e+00
-3.713660e-01 -9.102340e-01 2.735966e+00
-1.019970e-01 -9.238680e-01 2.740016e+00
-1.923480e-01 5.808810e-01 2.666778e+00
-3.530690e-01 3.146160e-01 2.795987e+00
-7.651800e-02 3.286270e-01 2.713259e+00
-2.487750e-01 3.490890e-01 2.645679e+00
-1.796460e-01 1.899680e-01 2.849820e+00
-3.468380e-01 -3.217200e-02 2.777219e+00
-2.424900e-02 -4.023600e-02 2.684620e+00
-1.552040e-01 -2.401100e-02 2.835550e+00
-4.029440e-01 4.162200e-02 2.790302e+00
-9.044900e-02 1.728960e-01 2.483913e+00
-4.045240e-01 -2.436370e-01 2.753035e+00
-3.029310e-01 9.689000e-02 2.305480e+00
-4.008690e-01 -2.961740e-01 2.762233e+00
-3.537040e-01 8.636100e-02 2.292468e+00
-2.921310e-01 -5.253320e-01 2.807766e+00
-7.451600e-02 -5.270140e-01 2.783086e+00
-3.354910e-01 -9.108600e-01 2.836215e+00
-6.727100e-02 -9.110870e-01 2.844372e+00
-3.655660e-01 -9.152690e-01 2.730628e+00
-9.689500e-02 -9.283040e-01 2.739976e+00
-1.834680e-01 5.806570e-01 2.673477e+00
-3.488910e-01 3.108680e-01 2.799576e+00
-7.444000e-02 3.221440e-01 2.709740e+00
-2.481280e-01 3.453720e-01 2.646885e+00
-1.757280e-01 1.835740e-01 2.847761e+00
-3.484060e-01 -3.540500e-02 2.778603e+00
-2.791500e-02 -4.065700e-02 2.678796e+00
-1.555970e-01 -2.528100e-02 2.832592e+00
-4.003230e-01 3.803900e-02 2.782338e+00
-1.202250e-01 1.527380e-01 2.493908e+00
-4.040990e-01 -2.465720e-01 2.736479e+00
-3.632620e-01 8.999400e-02 2.352075e+00
-3.829450e-01 -2.954390e-01 2.731719e+00
-4.106630e-01 6.566600e-02 2.347674e+00
-2.904600e-01 -5.281550e-01 2.805028e+00
-7.044100e-02 -5.265650e-01 2.785932e+00
-3.310240e-01 -9.138390e-01 2.835416e+00
-6.879400e-02 -9.109840e-01 2.845434e+00
-3.635260e-01 -9.186810e-01 2.730570e+00
-1.003880e-01 -9.272130e-01 2.741458e+00
-1.807690e-01 5.712440e-01 2.661242e+00
-3.510610e-01 3.151440e-01 2.791304e+00
-7.467500e-02 3.212410e-01 2.707075e+00
-2.466840e-01 3.457760e-01 2.640224e+00
-1.807130e-01 1.863340e-01 2.845157e+00
-3.471690e-01 -3.529200e-02 2.764825e+00
-2.047900e-02 -4.296700e-02 2.687897e+00
-1.585830e-01 -2.680600e-02 2.832321e+00
-4.025520e-01 4.159000e-02 2.778460e+00
-1.174610e-01 1.464000e-01 2.494359e+00
-4.055500e-01 -2.429150e-01 2.728876e+00
-3.636680e-01 9.203400e-02 2.353515e+00
-3.867490e-01 -2.929400e-01 2.730310e+00
-4.086000e-01 6.330400e-02 2.349802e+00
-2.918310e-01 -5.281070e-01 2.802271e+00
-7.197800e-02 -5.291960e-01 2.785984e+00
-3.339040e-01 -9.135460e-01 2.833702e+00
-6.411800e-02 -9.136360e-01 2.844851e+00
-3.588980e-01 -9.195290e-01 2.726875e+00
-8.882400e-02 -9.303340e-01 2.739100e+00
-1.800560e-01 5.734020e-01 2.657851e+00
-3.482010e-01 3.264240e-01 2.792426e+00
-6.830500e-02 3.251720e-01 2.720469e+00
-2.361030e-01 3.595590e-01 2.647532e+00
-1.854630e-01 1.885980e-01 2.847482e+00
-3.527450e-01 -3.261300e-02 2.755919e+00
-2.219000e-02 -3.839900e-02 2.697587e+00
-1.683280e-01 -2.586700e-02 2.834259e+00
-4.081300e-01 5.504600e-02 2.765543e+00
-6.185200e-02 1.662950e-01 2.490954e+00
-4.122850e-01 -2.320010e-01 2.729030e+00
-2.341730e-01 8.221500e-02 2.274201e+00
-3.988370e-01 -2.806780e-01 2.711487e+00
-2.713830e-01 6.386300e-02 2.240485e+00
-2.936290e-01 -5.253120e-01 2.799196e+00
-7.422600e-02 -5.259480e-01 2.784255e+00
-3.359190e-01 -9.104780e-01 2.833549e+00
-6.934800e-02 -9.109040e-01 2.839988e+00
-3.547690e-01 -9.180390e-01 2.725567e+00
-8.769700e-02 -9.266540e-01 2.732807e+00
-1.853690e-01 5.818640e-01 2.665528e+00
-3.435390e-01 3.267350e-01 2.782799e+00
-5.796100e-02 3.365430e-01 2.739560e+00
-2.186030e-01 3.720790e-01 2.652442e+00
-1.831780e-01 1.891230e-01 2.844910e+00
-3.537990e-01 -2.816200e-02 2.749349e+00
-2.085000e-02 -3.552200e-02 2.706992e+00
-1.733790e-01 -2.576900e-02 2.836731e+00
-4.083800e-01 5.660900e-02 2.758628e+00
1.050800e-02 1.727710e-01 2.524508e+00
-4.136110e-01 -2.295840e-01 2.718707e+00
-5.955800e-02 7.853800e-02 2.260428e+00
-3.921830e-01 -2.760500e-01 2.703223e+00
-7.770900e-02 5.624800e-02 2.215352e+00
-2.952580e-01 -5.213390e-01 2.797511e+00
-7.443000e-02 -5.238020e-01 2.779485e+00
-3.333830e-01 -9.069150e-01 2.832130e+00
-6.592000e-02 -9.080830e-01 2.839291e+00
-3.470540e-01 -9.153230e-01 2.723434e+00
-7.885600e-02 -9.251420e-01 2.731522e+00
-1.817580e-01 5.886450e-01 2.673414e+00
-3.423200e-01 3.234870e-01 2.761368e+00
-5.414500e-02 3.425570e-01 2.750763e+00
-2.047820e-01 3.701720e-01 2.644913e+00
-1.857050e-01 1.932810e-01 2.845207e+00
-3.481170e-01 -2.689900e-02 2.728696e+00
-1.285800e-02 -3.943000e-02 2.716541e+00
-1.762420e-01 -2.559100e-02 2.831894e+00
-4.112690e-01 5.564300e-02 2.757972e+00
5.286200e-02 1.617290e-01 2.570884e+00
-4.148410e-01 -2.285410e-01 2.720423e+00
1.132440e-01 7.535600e-02 2.304281e+00
-4.048660e-01 -2.797980e-01 2.708960e+00
1.287070e-01 3.913900e-02 2.268124e+00
-3.008120e-01 -5.186720e-01 2.798813e+00
-7.839800e-02 -5.277980e-01 2.773720e+00
-3.296970e-01 -9.044420e-01 2.839650e+00
-6.411800e-02 -9.096810e-01 2.846402e+00
-3.339380e-01 -9.156860e-01 2.730434e+00
-6.715000e-02 -9.303260e-01 2.738527e+00
-1.813230e-01 5.915020e-01 2.671456e+00
-3.354460e-01 3.207800e-01 2.761802e+00
-4.821100e-02 3.350190e-01 2.733271e+00
-2.046250e-01 3.631810e-01 2.636318e+00
-1.759530e-01 1.895720e-01 2.838332e+00
-3.548730e-01 -3.336600e-02 2.732233e+00
-2.091400e-02 -4.146200e-02 2.698933e+00
-1.768230e-01 -2.744800e-02 2.824187e+00
-4.163080e-01 5.741400e-02 2.760959e+00
1.293980e-01 1.540530e-01 2.625535e+00
-4.157690e-01 -2.247040e-01 2.716884e+00
3.087040e-01 6.112600e-02 2.423675e+00
-4.124990e-01 -2.775980e-01 2.723931e+00
3.556820e-01 5.524100e-02 2.398844e+00
-3.088200e-01 -5.218100e-01 2.806820e+00
-8.627900e-02 -5.308900e-01 2.766046e+00
-3.342740e-01 -9.086030e-01 2.839443e+00
-6.786200e-02 -9.121980e-01 2.840788e+00
-3.450620e-01 -9.170880e-01 2.730429e+00
-7.783300e-02 -9.337090e-01 2.733502e+00
-1.852790e-01 5.869060e-01 2.662110e+00
-3.339570e-01 3.102450e-01 2.758302e+00
-4.679700e-02 3.205470e-01 2.727410e+00
-2.036020e-01 3.506940e-01 2.631694e+00
-1.756360e-01 1.769910e-01 2.833726e+00
-3.567280e-01 -3.874700e-02 2.728722e+00
-2.310700e-02 -5.236900e-02 2.693872e+00
-1.781630e-01 -3.524500e-02 2.819797e+00
-4.223380e-01 4.890900e-02 2.771945e+00
1.535210e-01 1.459780e-01 2.651964e+00
-4.226790e-01 -2.335110e-01 2.725106e+00
3.789550e-01 5.258400e-02 2.502256e+00
-4.255920e-01 -2.858970e-01 2.735371e+00
4.314940e-01 5.310100e-02 2.492384e+00
-3.139150e-01 -5.267440e-01 2.812357e+00
-8.942300e-02 -5.400420e-01 2.762148e+00
-3.370400e-01 -9.143030e-01 2.836529e+00
-6.915600e-02 -9.202980e-01 2.841616e+00
-3.485850e-01 -9.204190e-01 2.727434e+00
-7.968600e-02 -9.432090e-01 2.734674e+00
-1.906680e-01 5.777760e-01 2.666832e+00
-3.321380e-01 3.010060e-01 2.755703e+00
-4.673700e-02 3.209230e-01 2.714829e+00
-2.076570e-01 3.438260e-01 2.624063e+00
-1.666790e-01 1.747760e-01 2.827815e+00
-3.552830e-01 -4.399600e-02 2.734143e+00
-2.304200e-02 -5.848500e-02 2.688215e+00
-1.738060e-01 -4.189800e-02 2.819316e+00
-4.200990e-01 3.939100e-02 2.779951e+00
1.563380e-01 1.422300e-01 2.654860e+00
-4.208000e-01 -2.436830e-01 2.731651e+00
4.000210e-01 4.593100e-02 2.537344e+00
-4.174630e-01 -2.968540e-01 2.736100e+00
4.493710e-01 4.730000e-02 2.557858e+00
-3.152770e-01 -5.319010e-01 2.814379e+00
-9.237900e-02 -5.466190e-01 2.755907e+00
-3.336330e-01 -9.196590e-01 2.839437e+00
-6.720800e-02 -9.256620e-01 2.839656e+00
-3.492670e-01 -9.259350e-01 2.730861e+00
-8.137800e-02 -9.500650e-01 2.733466e+00
-1.913210e-01 5.764610e-01 2.669326e+00
-3.365110e-01 2.963270e-01 2.764612e+00
-5.344100e-02 3.254550e-01 2.714177e+00
-2.181120e-01 3.459460e-01 2.629787e+00
-1.650980e-01 1.731740e-01 2.827553e+00
-3.540630e-01 -4.444300e-02 2.738286e+00
-2.361200e-02 -5.738200e-02 2.680507e+00
-1.696560e-01 -4.088500e-02 2.816859e+00
-4.206500e-01 3.295700e-02 2.790663e+00
1.320080e-01 1.415430e-01 2.619800e+00
-4.259860e-01 -2.525070e-01 2.754232e+00
3.605460e-01 3.798200e-02 2.478766e+00
-4.075840e-01 -2.917090e-01 2.722884e+00
4.097300e-01 2.772600e-02 2.497039e+00
-3.128430e-01 -5.320690e-01 2.814994e+00
-9.068200e-02 -5.451900e-01 2.758195e+00
-3.333910e-01 -9.200160e-01 2.834897e+00
-6.873300e-02 -9.250920e-01 2.838900e+00
-3.526320e-01 -9.245420e-01 2.726815e+00
-8.690500e-02 -9.486130e-01 2.733122e+00
-1.956540e-01 5.764670e-01 2.674781e+00
-3.385380e-01 3.047340e-01 2.781992e+00
-6.080600e-02 3.378530e-01 2.709264e+00
-2.319610e-01 3.569220e-01 2.638549e+00
-1.611530e-01 1.832700e-01 2.829868e+00
-3.512400e-01 -4.071000e-02 2.751792e+00
-2.648400e-02 -5.337400e-02 2.667674e+00
-1.611390e-01 -3.804700e-02 2.815408e+00
-4.163100e-01 3.860100e-02 2.791533e+00
9.845500e-02 1.446940e-01 2.589715e+00
-4.241490e-01 -2.459430e-01 2.750893e+00
2.741660e-01 3.560600e-02 2.389956e+00
-4.095870e-01 -2.967910e-01 2.743113e+00
3.233630e-01 1.766900e-02 2.379185e+00
-3.096290e-01 -5.300570e-01 2.812099e+00
-8.889600e-02 -5.405570e-01 2.757610e+00
-3.351410e-01 -9.172400e-01 2.839670e+00
-6.719100e-02 -9.199360e-01 2.840804e+00
-3.628470e-01 -9.229740e-01 2.733500e+00
-9.388900e-02 -9.442210e-01 2.737025e+00
-1.933450e-01 5.866310e-01 2.679788e+00
-3.463990e-01 3.192020e-01 2.790926e+00
-6.935600e-02 3.470730e-01 2.713521e+00
-2.412910e-01 3.720000e-01 2.646624e+00
-1.712600e-01 1.923080e-01 2.832577e+00
-3.509020e-01 -2.774600e-02 2.757252e+00
-2.786600e-02 -3.849100e-02 2.666503e+00
-1.595800e-01 -2.600900e-02 2.817129e+00
-4.148920e-01 5.055700e-02 2.792891e+00
5.053400e-02 1.539430e-01 2.554798e+00
-4.221560e-01 -2.344020e-01 2.756621e+00
1.527860e-01 3.041500e-02 2.316355e+00
-4.153560e-01 -2.870270e-01 2.750109e+00
1.821120e-01 7.622000e-03 2.277902e+00
-3.040520e-01 -5.187830e-01 2.806160e+00
-8.705600e-02 -5.257910e-01 2.760034e+00
-3.312730e-01 -9.058130e-01 2.834236e+00
-6.805200e-02 -9.082260e-01 2.828615e+00
-3.609250e-01 -9.113910e-01 2.728585e+00
-9.743800e-02 -9.283270e-01 2.724669e+00
-2.013420e-01 5.908840e-01 2.664568e+00
-3.443000e-01 3.191810e-01 2.800798e+00
-6.932600e-02 3.529560e-01 2.718520e+00
-2.429350e-01 3.773460e-01 2.655884e+00
-1.666770e-01 1.936060e-01 2.835317e+00
-3.503800e-01 -2.601900e-02 2.764862e+00
-2.921300e-02 -3.052200e-02 2.667215e+00
-1.578810e-01 -2.499500e-02 2.820859e+00
-4.108920e-01 5.107500e-02 2.792925e+00
-7.994000e-03 1.496650e-01 2.541635e+00
-4.172600e-01 -2.328070e-01 2.755303e+00
-7.472800e-02 2.290200e-02 2.293597e+00
-4.017840e-01 -2.756730e-01 2.727354e+00
-8.854500e-02 1.038000e-02 2.243493e+00
-2.994220e-01 -5.162690e-01 2.806642e+00
-8.224700e-02 -5.187740e-01 2.764215e+00
-3.329410e-01 -9.025330e-01 2.838230e+00
-6.670700e-02 -9.012600e-01 2.833379e+00
-3.643500e-01 -9.084040e-01 2.733104e+00
-9.796100e-02 -9.212320e-01 2.729954e+00
-1.909190e-01 5.900210e-01 2.664492e+00
-3.389480e-01 3.264510e-01 2.796549e+00
-6.388600e-02 3.434540e-01 2.709527e+00
-2.371830e-01 3.696790e-01 2.646771e+00
-1.657470e-01 1.971390e-01 2.838861e+00
-3.457700e-01 -2.190500e-02 2.763968e+00
-2.560500e-02 -3.249600e-02 2.663540e+00
-1.527780e-01 -2.312400e-02 2.818239e+00
-4.067240e-01 5.857500e-02 2.789160e+00
-6.312700e-02 1.437190e-01 2.518447e+00
-4.143040e-01 -2.257510e-01 2.754839e+00
-2.210500e-01 3.235900e-02 2.306939e+00
-3.990120e-01 -2.705070e-01 2.729916e+00
-2.546260e-01 1.770900e-02 2.268002e+00
-2.950690e-01 -5.140980e-01 2.805333e+00
-8.131800e-02 -5.186830e-01 2.764835e+00
-3.319310e-01 -8.998200e-01 2.839695e+00
-6.918200e-02 -9.015320e-01 2.832660e+00
-3.644350e-01 -9.060480e-01 2.734922e+00
-1.017550e-01 -9.208380e-01 2.729516e+00
-1.892200e-01 5.904170e-01 2.659152e+00
-3.337230e-01 3.223330e-01 2.791585e+00
-6.011500e-02 3.305500e-01 2.698892e+00
-2.339580e-01 3.593370e-01 2.638824e+00
-1.628000e-01 1.900100e-01 2.833855e+00
-3.459520e-01 -2.939900e-02 2.762935e+00
-2.688800e-02 -3.752700e-02 2.658843e+00
-1.523300e-01 -2.666500e-02 2.814852e+00
-4.228930e-01 6.010000e-02 2.803473e+00
-8.626800e-02 1.258540e-01 2.513758e+00
-4.093270e-01 -2.222900e-01 2.752147e+00
-3.167980e-01 3.968300e-02 2.365458e+00
-4.012770e-01 -2.659590e-01 2.722376e+00
-3.678170e-01 3.433000e-02 2.350406e+00
-2.952950e-01 -5.203780e-01 2.806175e+00
-7.745400e-02 -5.234950e-01 2.765628e+00
-3.329840e-01 -9.065800e-01 2.833526e+00
-6.791400e-02 -9.062310e-01 2.834497e+00
-3.664360e-01 -9.107220e-01 2.728949e+00
-1.013810e-01 -9.255720e-01 2.731646e+00
-1.929940e-01 5.879680e-01 2.666216e+00
-3.346690e-01 3.175120e-01 2.802688e+00
-6.418300e-02 3.316660e-01 2.701901e+00
-2.404010e-01 3.550850e-01 2.646611e+00
-1.591330e-01 1.902880e-01 2.841571e+00
-3.406410e-01 -2.821000e-02 2.769032e+00
-2.561800e-02 -4.017900e-02 2.653619e+00
-1.452440e-01 -2.494300e-02 2.813774e+00
-4.148780e-01 5.121900e-02 2.796530e+00
-9.434000e-02 1.071050e-01 2.540513e+00
-4.031560e-01 -2.330460e-01 2.749815e+00
-3.461270e-01 3.889200e-02 2.417725e+00
-3.975190e-01 -2.794170e-01 2.723814e+00
-3.954750e-01 3.727900e-02 2.438226e+00
-2.941360e-01 -5.201630e-01 2.807851e+00
-7.724800e-02 -5.248030e-01 2.767051e+00
-3.360560e-01 -9.060250e-01 2.833816e+00
-6.726200e-02 -9.073670e-01 2.836807e+00
-3.733140e-01 -9.089310e-01 2.730492e+00
-1.047030e-01 -9.268420e-01 2.735360e+00
-1.911750e-01 5.843780e-01 2.667085e+00
-3.356370e-01 3.245310e-01 2.804460e+00
-6.485400e-02 3.362030e-01 2.704154e+00
-2.405730e-01 3.641130e-01 2.649365e+00
-1.624570e-01 1.932670e-01 2.840366e+00
-3.404490e-01 -2.467200e-02 2.764494e+00
-2.561700e-02 -4.031900e-02 2.648998e+00
-1.449890e-01 -2.157000e-02 2.808971e+00
-4.120850e-01 5.669800e-02 2.795915e+00
-7.468900e-02 1.014230e-01 2.554374e+00
-4.074510e-01 -2.285810e-01 2.751084e+00
-3.116260e-01 1.051100e-02 2.416495e+00
-3.986470e-01 -2.804210e-01 2.741428e+00
-3.648070e-01 5.042000e-03 2.416344e+00
-2.922820e-01 -5.172500e-01 2.807826e+00
-7.891100e-02 -5.236390e-01 2.764837e+00
-3.354280e-01 -9.028570e-01 2.835513e+00
-6.757200e-02 -9.064210e-01 2.833177e+00
-3.727580e-01 -9.060970e-01 2.732225e+00
-1.053920e-01 -9.256360e-01 2.731822e+00
-1.887610e-01 5.875820e-01 2.663604e+00
-3.353360e-01 3.243590e-01 2.792285e+00
-5.760500e-02 3.396630e-01 2.713847e+00
-2.287640e-01 3.651280e-01 2.645185e+00
-1.638010e-01 1.955010e-01 2.842108e+00
-3.445580e-01 -2.663700e-02 2.762629e+00
-2.131400e-02 -3.660900e-02 2.672536e+00
-1.533510e-01 -2.318700e-02 2.822797e+00
-4.023390e-01 5.347000e-02 2.791619e+00
-4.391900e-02 9.470300e-02 2.580889e+00
-4.118030e-01 -2.328970e-01 2.752207e+00
-2.296220e-01 -4.123700e-02 2.405721e+00
-4.049760e-01 -2.857230e-01 2.747630e+00
-2.752770e-01 -5.417400e-02 2.381095e+00
-2.935860e-01 -5.178710e-01 2.811836e+00
-7.995800e-02 -5.243140e-01 2.764570e+00
-3.382030e-01 -9.037780e-01 2.831995e+00
-6.624600e-02 -9.075660e-01 2.829772e+00
-3.667370e-01 -9.060200e-01 2.725913e+00
-9.532500e-02 -9.263470e-01 2.725493e+00
-1.897170e-01 5.886440e-01 2.660847e+00
-3.414850e-01 3.194730e-01 2.797835e+00
-6.097900e-02 3.431850e-01 2.732451e+00
-2.294790e-01 3.711330e-01 2.658393e+00
-1.703260e-01 1.896180e-01 2.846342e+00
-3.516360e-01 -2.965400e-02 2.759109e+00
-2.483400e-02 -3.267900e-02 2.682333e+00
-1.631510e-01 -2.479300e-02 2.827243e+00
-4.084970e-01 4.817000e-02 2.792682e+00
1.786000e-03 8.918700e-02 2.634124e+00
-4.166720e-01 -2.400230e-01 2.764417e+00
-6.774300e-02 -1.241560e-01 2.450901e+00
-3.982420e-01 -2.814070e-01 2.736029e+00
-9.308400e-02 -1.574030e-01 2.417575e+00
-2.944950e-01 -5.192840e-01 2.811762e+00
-8.016400e-02 -5.227970e-01 2.764830e+00
-3.358330e-01 -9.052640e-01 2.836882e+00
-6.939200e-02 -9.052840e-01 2.834892e+00
-3.598530e-01 -9.096640e-01 2.729755e+00
-9.327400e-02 -9.252580e-01 2.729520e+00
-1.900630e-01 5.836410e-01 2.664958e+00
-3.335390e-01 3.290080e-01 2.799295e+00
-5.310200e-02 3.360650e-01 2.729821e+00
-2.208350e-01 3.720520e-01 2.657510e+00
-1.691280e-01 1.907090e-01 2.847807e+00
-3.578800e-01 -3.380700e-02 2.759625e+00
-2.883400e-02 -3.182900e-02 2.693079e+00
-1.716730e-01 -2.824500e-02 2.833709e+00
-4.079760e-01 5.942900e-02 2.793110e+00
1.364700e-02 7.382400e-02 2.658925e+00
-4.177250e-01 -2.284030e-01 2.759687e+00
3.736200e-02 -1.812600e-01 2.523172e+00
-4.038380e-01 -2.711020e-01 2.730669e+00
3.297100e-02 -2.182770e-01 2.484850e+00
-2.959820e-01 -5.226260e-01 2.812484e+00
-7.906600e-02 -5.235370e-01 2.766820e+00
-3.335280e-01 -9.087270e-01 2.841414e+00
-6.320700e-02 -9.059870e-01 2.836112e+00
-3.541830e-01 -9.147920e-01 2.733668e+00
-8.335500e-02 -9.260520e-01 2.729980e+00
-1.882090e-01 5.850730e-01 2.663949e+00
-3.375070e-01 3.239450e-01 2.786560e+00
-5.334700e-02 3.296510e-01 2.734200e+00
-2.163540e-01 3.632120e-01 2.650772e+00
-1.763100e-01 1.874340e-01 2.848939e+00
-3.512170e-01 -3.389600e-02 2.763565e+00
-2.344200e-02 -3.973600e-02 2.691228e+00
-1.636370e-01 -3.033700e-02 2.834230e+00
-4.089660e-01 5.338200e-02 2.793330e+00
2.805300e-02 6.556800e-02 2.689579e+00
-4.172100e-01 -2.343940e-01 2.757430e+00
1.051980e-01 -2.034330e-01 2.613039e+00
-4.039200e-01 -2.828630e-01 2.739204e+00
1.237230e-01 -2.416300e-01 2.580543e+00
-2.951160e-01 -5.246010e-01 2.815795e+00
-7.815700e-02 -5.294790e-01 2.767431e+00
-3.340150e-01 -9.109760e-01 2.838643e+00
-6.603400e-02 -9.123150e-01 2.835333e+00
-3.567940e-01 -9.150340e-01 2.731232e+00
-8.842300e-02 -9.317880e-01 2.729541e+00
-1.819910e-01 5.805960e-01 2.662827e+00
-3.307670e-01 3.209250e-01 2.796911e+00
-4.878700e-02 3.255310e-01 2.733768e+00
-2.145710e-01 3.623090e-01 2.657470e+00
-1.685240e-01 1.817240e-01 2.849929e+00
-3.476240e-01 -3.693500e-02 2.748862e+00
-1.594500e-02 -3.954700e-02 2.697036e+00
-1.648480e-01 -2.951200e-02 2.830901e+00
-4.058150e-01 5.110200e-02 2.790507e+00
5.054100e-02 6.366500e-02 2.727616e+00
-4.140140e-01 -2.370600e-01 2.755909e+00
1.596510e-01 -2.048480e-01 2.710377e+00
-3.941180e-01 -2.794380e-01 2.730097e+00
1.845110e-01 -2.519500e-01 2.715010e+00
-2.965790e-01 -5.246470e-01 2.815379e+00
-7.936700e-02 -5.305860e-01 2.770202e+00
-3.365240e-01 -9.110400e-01 2.836015e+00
-6.401500e-02 -9.134230e-01 2.837440e+00
-3.522280e-01 -9.152200e-01 2.727348e+00
-8.011600e-02 -9.328500e-01 2.730501e+00
-1.815170e-01 5.758370e-01 2.664852e+00
-3.289530e-01 3.279180e-01 2.792051e+00
-4.568500e-02 3.260670e-01 2.734806e+00
-2.091040e-01 3.646510e-01 2.654409e+00
-1.705700e-01 1.866060e-01 2.850845e+00
-3.425470e-01 -3.241900e-02 2.759431e+00
-1.380200e-02 -4.271000e-02 2.692168e+00
-1.560120e-01 -2.912800e-02 2.832824e+00
-4.056190e-01 5.840600e-02 2.787030e+00
5.415300e-02 6.506100e-02 2.755966e+00
-4.105560e-01 -2.295420e-01 2.749216e+00
1.586510e-01 -2.059080e-01 2.760892e+00
-4.030420e-01 -2.801670e-01 2.733765e+00
1.729800e-01 -2.533340e-01 2.740803e+00
-2.932910e-01 -5.235440e-01 2.814883e+00
-7.536200e-02 -5.316180e-01 2.767148e+00
-3.303500e-01 -9.099420e-01 2.840265e+00
-6.379000e-02 -9.146520e-01 2.834020e+00
-3.518410e-01 -9.149520e-01 2.732629e+00
-8.490400e-02 -9.338160e-01 2.727910e+00
-1.766390e-01 5.805930e-01 2.665051e+00
-3.263000e-01 3.295540e-01 2.791662e+00
-4.205500e-02 3.277600e-01 2.739486e+00
-2.039700e-01 3.670380e-01 2.656427e+00
-1.691350e-01 1.876950e-01 2.852372e+00
-3.428850e-01 -3.408300e-02 2.758009e+00
-1.178700e-02 -4.007900e-02 2.702860e+00
-1.592400e-01 -3.021700e-02 2.838333e+00
-4.040800e-01 6.039600e-02 2.781969e+00
4.802700e-02 6.480600e-02 2.775954e+00
-4.145190e-01 -2.281170e-01 2.749210e+00
1.375070e-01 -2.112050e-01 2.791227e+00
-4.007120e-01 -2.711710e-01 2.720682e+00
1.480640e-01 -2.599660e-01 2.772017e+00
-2.928580e-01 -5.243060e-01 2.814188e+00
-7.415900e-02 -5.307840e-01 2.769862e+00
-3.335840e-01 -9.103720e-01 2.838989e+00
-6.313500e-02 -9.138830e-01 2.836455e+00
-3.508180e-01 -9.155170e-01 2.730596e+00
-8.004500e-02 -9.329480e-01 2.729577e+00
-1.784360e-01 5.810550e-01 2.664199e+00
-3.184140e-01 3.251500e-01 2.786741e+00
-3.275700e-02 3.245710e-01 2.742915e+00
-1.922750e-01 3.642580e-01 2.655525e+00
-1.627050e-01 1.830930e-01 2.850657e+00
-3.501530e-01 -3.389300e-02 2.753563e+00
-1.827200e-02 -3.948200e-02 2.703299e+00
-1.677080e-01 -2.845000e-02 2.836489e+00
-4.042720e-01 5.828100e-02 2.779186e+00
3.733400e-02 5.641400e-02 2.785659e+00
-4.066640e-01 -2.304750e-01 2.746043e+00
9.131400e-02 -2.290310e-01 2.795235e+00
-4.027640e-01 -2.837420e-01 2.748407e+00
9.723100e-02 -2.803360e-01 2.781420e+00
-2.901710e-01 -5.247950e-01 2.812725e+00
-7.095300e-02 -5.289400e-01 2.772744e+00
-3.299140e-01 -9.108650e-01 2.839019e+00
-6.638400e-02 -9.123130e-01 2.838508e+00
-3.455470e-01 -9.166530e-01 2.730416e+00
-8.102300e-02 -9.308940e-01 2.731209e+00
-1.716880e-01 5.776290e-01 2.664838e+00
-3.206030e-01 3.275670e-01 2.778110e+00
-3.353800e-02 3.235160e-01 2.744972e+00
-1.893030e-01 3.630450e-01 2.650989e+00
-1.687960e-01 1.852870e-01 2.850372e+00
-3.483900e-01 -3.447700e-02 2.744428e+00
-1.444700e-02 -3.830000e-02 2.710205e+00
-1.701780e-01 -2.730200e-02 2.835980e+00
-3.963760e-01 5.750100e-02 2.777682e+00
2.919800e-02 5.233500e-02 2.779651e+00
-4.083410e-01 -2.301850e-01 2.737558e+00
4.835800e-02 -2.377400e-01 2.781919e+00
-4.114060e-01 -2.810020e-01 2.753879e+00
4.019400e-02 -2.784310e-01 2.748219e+00
-2.901410e-01 -5.245790e-01 2.808771e+00
-7.041300e-02 -5.285730e-01 2.774557e+00
-3.325260e-01 -9.100170e-01 2.839783e+00
-6.490300e-02 -9.119810e-01 2.840043e+00
-3.429340e-01 -9.176520e-01 2.730669e+00
-7.440800e-02 -9.305440e-01 2.732165e+00
-1.693320e-01 5.846830e-01 2.676905e+00
