-3.744200e-01 3.213690e-01 2.793858e+00
-1.926370e-01 3.241875e-01 2.777945e+00
-1.085400e-02 3.270060e-01 2.762031e+00
-1.070670e-01 3.479965e-01 2.713164e+00
-2.032800e-01 3.689870e-01 2.664297e+00
-1.924670e-01 2.799180e-01 2.772042e+00
-1.816540e-01 1.908490e-01 2.879786e+00
-2.911890e-01 7.792950e-02 2.827216e+00
-4.007240e-01 -3.499000e-02 2.774645e+00
-1.944480e-01 -3.466900e-02 2.757347e+00
1.182800e-02 -3.434800e-02 2.740049e+00
-8.536150e-02 -3.960800e-02 2.819537e+00
-1.825510e-01 -4.486800e-02 2.899025e+00
-3.129715e-01 2.205000e-04 2.853150e+00
-4.433920e-01 4.530900e-02 2.807276e+00
-1.910105e-01 4.840750e-02 2.787380e+00
6.137100e-02 5.150600e-02 2.767485e+00
-1.828065e-01 -9.466300e-02 2.747689e+00
-4.269840e-01 -2.408320e-01 2.727893e+00
-1.958150e-01 -2.415580e-01 2.728599e+00
3.535400e-02 -2.422840e-01 2.729305e+00
-1.777060e-01 -2.702670e-01 2.720529e+00
-3.907660e-01 -2.982500e-01 2.711753e+00
-1.835850e-01 -3.036575e-01 2.712298e+00
2.359600e-02 -3.090650e-01 2.712842e+00
-1.364305e-01 -4.382520e-01 2.757133e+00
-2.964570e-01 -5.674390e-01 2.801424e+00
-1.842730e-01 -5.670370e-01 2.789433e+00
-7.208900e-02 -5.666350e-01 2.777442e+00
-1.853460e-01 -7.769055e-01 2.838364e+00
-2.986030e-01 -9.871760e-01 2.899287e+00
-1.846985e-01 -9.849895e-01 2.894407e+00
-7.079400e-02 -9.828030e-01 2.889528e+00
-1.921150e-01 -1.003226e+00 2.816029e+00
-3.134360e-01 -1.023649e+00 2.742531e+00
-1.956970e-01 -1.024232e+00 2.738077e+00
-7.795800e-02 -1.024815e+00 2.733623e+00
-1.385340e-01 -2.021100e-01 2.721990e+00
-1.991100e-01 6.205950e-01 2.710356e+00
-2.871025e-01 4.711165e-01 2.754757e+00
-3.750950e-01 3.216380e-01 2.799158e+00
-1.936880e-01 3.222490e-01 2.779225e+00
-1.228100e-02 3.228600e-01 2.759292e+00
-1.092735e-01 3.454395e-01 2.712727e+00
-2.062660e-01 3.680190e-01 2.666163e+00
-1.942225e-01 2.780250e-01 2.773005e+00
-1.821790e-01 1.880310e-01 2.879847e+00
-2.900395e-01 7.617000e-02 2.828974e+00
-3.979000e-01 -3.569100e-02 2.778100e+00
-1.920075e-01 -3.527050e-02 2.756718e+00
1.388500e-02 -3.485000e-02 2.735337e+00
-8.170650e-02 -3.989800e-02 2.816753e+00
-1.772980e-01 -4.494600e-02 2.898170e+00
-3.093115e-01 9.700000e-05 2.851291e+00
-4.413250e-01 4.514000e-02 2.804412e+00
-1.884515e-01 4.721750e-02 2.787856e+00
6.442200e-02 4.929500e-02 2.771299e+00
-1.803895e-01 -9.685400e-02 2.753021e+00
-4.252010e-01 -2.430030e-01 2.734743e+00
-1.926460e-01 -2.437070e-01 2.735161e+00
3.990900e-02 -2.444110e-01 2.735579e+00
-1.804010e-01 -2.748245e-01 2.725209e+00
-4.007110e-01 -3.052380e-01 2.714839e+00
-1.906120e-01 -3.061040e-01 2.713608e+00
1.948700e-02 -3.069700e-01 2.712376e+00
-1.401095e-01 -4.374125e-01 2.757356e+00
-2.997060e-01 -5.678550e-01 2.802335e+00
-1.849840e-01 -5.674240e-01 2.790564e+00
-7.026200e-02 -5.669930e-01 2.778793e+00
-1.817125e-01 -7.777170e-01 2.837535e+00
-2.931630e-01 -9.884410e-01 2.896277e+00
-1.834130e-01 -9.857165e-01 2.893871e+00
-7.366300e-02 -9.829920e-01 2.891465e+00
-1.928950e-01 -1.003351e+00 2.815578e+00
-3.121270e-01 -1.023711e+00 2.739692e+00
-1.979145e-01 -1.024399e+00 2.737716e+00
-8.370200e-02 -1.025087e+00 2.735741e+00
-1.352870e-01 -2.026000e-01 2.723834e+00
-1.868720e-01 6.198870e-01 2.711926e+00
-2.796120e-01 4.700495e-01 2.752854e+00
-3.723520e-01 3.202120e-01 2.793781e+00
-8.850000e-03 3.237840e-01 2.760938e+00
-2.013000e-01 3.671570e-01 2.663859e+00
-1.801200e-01 1.883300e-01 2.878822e+00
-3.962170e-01 -3.632500e-02 2.776277e+00
1.627600e-02 -3.542500e-02 2.741003e+00
-1.778350e-01 -4.631800e-02 2.900281e+00
-4.380030e-01 4.364000e-02 2.806261e+00
6.571900e-02 4.947200e-02 2.773161e+00
-4.221180e-01 -2.432090e-01 2.730721e+00
3.999000e-02 -2.435250e-01 2.731547e+00
-4.011610e-01 -3.071840e-01 2.712362e+00
2.969400e-02 -3.094400e-01 2.711095e+00
-3.002220e-01 -5.680370e-01 2.804561e+00
-7.023200e-02 -5.679440e-01 2.779344e+00
-2.933500e-01 -9.878570e-01 2.901848e+00
-7.022300e-02 -9.848290e-01 2.888742e+00
-3.098010e-01 -1.024410e+00 2.745273e+00
-7.820200e-02 -1.025804e+00 2.732601e+00
-2.158470e-01 6.122200e-01 2.720909e+00
-3.735930e-01 3.240600e-01 2.792820e+00
-1.007700e-02 3.271290e-01 2.760087e+00
-2.024800e-01 3.691510e-01 2.662324e+00
-1.814130e-01 1.933680e-01 2.879794e+00
-3.972350e-01 -3.499300e-02 2.784933e+00
1.346600e-02 -3.432300e-02 2.732778e+00
-1.739590e-01 -4.516500e-02 2.899875e+00
-4.416030e-01 4.774500e-02 2.806019e+00
6.619900e-02 5.279600e-02 2.768612e+00
-4.245530e-01 -2.375890e-01 2.723897e+00
3.887500e-02 -2.413880e-01 2.734555e+00
-3.999160e-01 -3.011490e-01 2.708988e+00
2.373800e-02 -3.030760e-01 2.705667e+00
-2.968630e-01 -5.669950e-01 2.808875e+00
-6.843300e-02 -5.662470e-01 2.777530e+00
-2.955030e-01 -9.887070e-01 2.897860e+00
-7.105600e-02 -9.828080e-01 2.888123e+00
-3.172480e-01 -1.021840e+00 2.741169e+00
-8.446800e-02 -1.024060e+00 2.732428e+00
-1.887780e-01 6.284830e-01 2.701343e+00
-3.731910e-01 3.208720e-01 2.802478e+00
-1.083700e-02 3.310210e-01 2.759797e+00
-2.065230e-01 3.746510e-01 2.669543e+00
-1.768030e-01 1.891840e-01 2.877761e+00
-3.968290e-01 -3.316500e-02 2.793699e+00
1.141900e-02 -3.246300e-02 2.724931e+00
-1.690720e-01 -4.302800e-02 2.899513e+00
-4.477930e-01 4.551000e-02 2.804608e+00
6.435000e-02 5.614300e-02 2.773321e+00
-4.197130e-01 -2.412400e-01 2.729089e+00
4.276200e-02 -2.376700e-01 2.729443e+00
-3.937860e-01 -3.028290e-01 2.708998e+00
2.192600e-02 -3.033980e-01 2.718732e+00
-2.973880e-01 -5.662530e-01 2.801547e+00
-6.739300e-02 -5.638860e-01 2.777897e+00
-2.963130e-01 -9.840820e-01 2.907281e+00
-7.128100e-02 -9.816630e-01 2.883767e+00
-3.247770e-01 -1.023181e+00 2.753062e+00
-9.118900e-02 -1.020890e+00 2.728244e+00
-1.947880e-01 6.206290e-01 2.706267e+00
-3.745170e-01 3.251130e-01 2.795800e+00
-1.095600e-02 3.259550e-01 2.763437e+00
-2.029070e-01 3.719350e-01 2.666571e+00
-1.835130e-01 1.907560e-01 2.879725e+00
-3.974030e-01 -3.416900e-02 2.775011e+00
1.509600e-02 -3.239500e-02 2.739832e+00
-1.790290e-01 -4.371800e-02 2.899063e+00
-4.402380e-01 4.706100e-02 2.801088e+00
5.972700e-02 4.913800e-02 2.769444e+00
-4.228940e-01 -2.419270e-01 2.729039e+00
3.852900e-02 -2.459300e-01 2.730818e+00
-3.938070e-01 -3.027870e-01 2.711174e+00
2.390400e-02 -3.125500e-01 2.716088e+00
-2.985020e-01 -5.657970e-01 2.803164e+00
-6.868900e-02 -5.649630e-01 2.777950e+00
-2.967580e-01 -9.842280e-01 2.906478e+00
-7.322300e-02 -9.823360e-01 2.885377e+00
-3.126870e-01 -1.022845e+00 2.750344e+00
-8.048300e-02 -1.022509e+00 2.728992e+00
-1.751200e-01 6.204570e-01 2.712733e+00
-3.723260e-01 3.183240e-01 2.797713e+00
-9.183000e-03 3.249240e-01 2.761537e+00
-2.028420e-01 3.679490e-01 2.666736e+00
-1.783570e-01 1.869290e-01 2.879499e+00
-3.962210e-01 -3.629400e-02 2.783536e+00
1.434500e-02 -3.457600e-02 2.730348e+00
-1.726280e-01 -4.524800e-02 2.897963e+00
-4.425070e-01 4.081300e-02 2.806141e+00
6.655400e-02 4.898800e-02 2.773014e+00
-4.233050e-01 -2.485590e-01 2.733467e+00
4.207600e-02 -2.456320e-01 2.728445e+00
-3.927660e-01 -3.101510e-01 2.721514e+00
3.259100e-02 -3.102810e-01 2.703957e+00
-2.983770e-01 -5.680890e-01 2.805476e+00
-6.583600e-02 -5.663690e-01 2.779715e+00
-2.942380e-01 -9.886020e-01 2.899881e+00
-7.341600e-02 -9.843340e-01 2.884639e+00
-3.169640e-01 -1.023867e+00 2.743796e+00
-8.733800e-02 -1.023303e+00 2.728401e+00
-2.001000e-01 6.191030e-01 2.716418e+00
-3.777780e-01 3.235730e-01 2.799060e+00
-1.462600e-02 3.236810e-01 2.762374e+00
-2.076890e-01 3.683950e-01 2.667139e+00
-1.858650e-01 1.903050e-01 2.882648e+00
-3.931460e-01 -3.714000e-02 2.790807e+00
1.538600e-02 -3.452300e-02 2.723793e+00
-1.657980e-01 -4.511500e-02 2.897654e+00
-4.416800e-01 4.443700e-02 2.807192e+00
6.386600e-02 4.817300e-02 2.761549e+00
-4.162590e-01 -2.443980e-01 2.733860e+00
3.945000e-02 -2.474230e-01 2.723124e+00
-3.981270e-01 -3.108810e-01 2.722887e+00
3.069900e-02 -3.166320e-01 2.721514e+00
-3.000680e-01 -5.690950e-01 2.801861e+00
-6.653300e-02 -5.667300e-01 2.778904e+00
-2.958310e-01 -9.877460e-01 2.904206e+00
-7.531700e-02 -9.839700e-01 2.886584e+00
-3.246540e-01 -1.025787e+00 2.749789e+00
-9.454900e-02 -1.023691e+00 2.731101e+00
-2.009920e-01 6.205270e-01 2.707140e+00
-3.760470e-01 3.242090e-01 2.801908e+00
-1.308700e-02 3.240210e-01 2.763368e+00
-2.064420e-01 3.724210e-01 2.670560e+00
-1.842630e-01 1.876630e-01 2.880343e+00
-3.938720e-01 -3.393100e-02 2.777258e+00
1.809900e-02 -3.593400e-02 2.736371e+00
-1.738740e-01 -4.340300e-02 2.898414e+00
-4.409000e-01 4.542200e-02 2.803785e+00
6.038000e-02 4.745900e-02 2.756444e+00
-4.181060e-01 -2.430780e-01 2.729279e+00
4.470000e-02 -2.480900e-01 2.715117e+00
-4.174020e-01 -3.125330e-01 2.735957e+00
3.106100e-02 -3.158340e-01 2.705435e+00
-2.995360e-01 -5.669450e-01 2.801450e+00
-7.139300e-02 -5.677480e-01 2.779454e+00
-2.955030e-01 -9.878720e-01 2.894000e+00
-7.124200e-02 -9.854980e-01 2.885501e+00
-3.140710e-01 -1.022520e+00 2.737228e+00
-8.215700e-02 -1.025179e+00 2.729203e+00
-1.933810e-01 6.208900e-01 2.703936e+00
-3.758480e-01 3.221930e-01 2.801487e+00
-1.295800e-02 3.218510e-01 2.762299e+00
-2.066290e-01 3.665280e-01 2.668289e+00
-1.834940e-01 1.889350e-01 2.884072e+00
-3.910180e-01 -3.227100e-02 2.789905e+00
1.739100e-02 -4.103500e-02 2.722662e+00
-1.638980e-01 -4.591300e-02 2.896667e+00
-4.415130e-01 4.249000e-02 2.810941e+00
5.680500e-02 4.401600e-02 2.738303e+00
-4.167690e-01 -2.444050e-01 2.726392e+00
6.322700e-02 -2.484510e-01 2.671284e+00
-4.318640e-01 -3.117130e-01 2.715862e+00
5.307300e-02 -3.136260e-01 2.648521e+00
-2.991910e-01 -5.672430e-01 2.806587e+00
-6.839900e-02 -5.698340e-01 2.779100e+00
-2.989580e-01 -9.860570e-01 2.908350e+00
-7.245500e-02 -9.870840e-01 2.887023e+00
-3.276150e-01 -1.023629e+00 2.753787e+00
-9.290100e-02 -1.027045e+00 2.731756e+00
-1.946190e-01 6.146320e-01 2.724422e+00
-3.804660e-01 3.221540e-01 2.816873e+00
-1.935100e-02 3.242720e-01 2.763804e+00
-2.165050e-01 3.726970e-01 2.679379e+00
-1.850430e-01 1.857410e-01 2.886004e+00
-3.918930e-01 -3.088900e-02 2.802285e+00
1.323400e-02 -3.996900e-02 2.717518e+00
-1.603630e-01 -4.369800e-02 2.899225e+00
-4.446820e-01 4.111500e-02 2.806075e+00
6.292500e-02 5.915400e-02 2.685278e+00
-4.142650e-01 -2.498440e-01 2.734462e+00
8.628600e-02 -1.815240e-01 2.505726e+00
-3.911820e-01 -3.133160e-01 2.716926e+00
9.447100e-02 -2.363870e-01 2.463393e+00
-2.984470e-01 -5.674010e-01 2.799294e+00
-6.917100e-02 -5.680960e-01 2.783678e+00
-2.988020e-01 -9.851680e-01 2.905274e+00
-7.430400e-02 -9.879090e-01 2.881102e+00
-3.336930e-01 -1.023945e+00 2.752299e+00
-1.023790e-01 -1.023565e+00 2.725979e+00
-1.972280e-01 6.126470e-01 2.705012e+00
-3.843820e-01 3.241070e-01 2.818450e+00
-2.315400e-02 3.243120e-01 2.766116e+00
-2.200170e-01 3.714800e-01 2.680312e+00
-1.894270e-01 1.886640e-01 2.890738e+00
-3.955500e-01 -3.143700e-02 2.792838e+00
1.422700e-02 -3.653100e-02 2.734078e+00
-1.706200e-01 -4.483100e-02 2.904167e+00
-4.460540e-01 4.376600e-02 2.804648e+00
6.035600e-02 9.047800e-02 2.621434e+00
-4.200800e-01 -2.464200e-01 2.733009e+00
8.489500e-02 -9.004800e-02 2.383059e+00
-3.944060e-01 -3.071660e-01 2.710210e+00
1.105220e-01 -1.232430e-01 2.327287e+00
-2.938730e-01 -5.670160e-01 2.794421e+00
-6.805700e-02 -5.661250e-01 2.786142e+00
-2.999360e-01 -9.826150e-01 2.908447e+00
-7.275600e-02 -9.864300e-01 2.881444e+00
-3.239070e-01 -1.024581e+00 2.754217e+00
-9.043100e-02 -1.021768e+00 2.724722e+00
-2.046650e-01 6.143890e-01 2.712045e+00
-3.828040e-01 3.190180e-01 2.821287e+00
-2.195000e-02 3.276180e-01 2.767108e+00
-2.201950e-01 3.726270e-01 2.683350e+00
-1.847730e-01 1.860220e-01 2.889651e+00
-3.935750e-01 -3.293300e-02 2.806765e+00
1.212900e-02 -3.590700e-02 2.724358e+00
-1.625320e-01 -4.633500e-02 2.904780e+00
-4.463780e-01 4.016900e-02 2.805693e+00
4.663600e-02 1.399540e-01 2.561877e+00
-4.164090e-01 -2.483370e-01 2.732966e+00
6.328800e-02 2.699800e-02 2.285496e+00
-3.973920e-01 -3.104910e-01 2.707584e+00
9.594300e-02 3.514900e-02 2.224370e+00
-2.936630e-01 -5.678380e-01 2.799922e+00
-6.945000e-02 -5.659060e-01 2.785082e+00
-3.007580e-01 -9.854850e-01 2.906140e+00
-7.361700e-02 -9.859280e-01 2.881650e+00
-3.334480e-01 -1.023977e+00 2.752607e+00
-1.004980e-01 -1.021385e+00 2.726271e+00
-2.109920e-01 6.171570e-01 2.715736e+00
-3.617980e-01 3.274600e-01 2.810328e+00
3.710000e-04 3.211350e-01 2.765404e+00
-1.935530e-01 3.754370e-01 2.677160e+00
-1.714380e-01 1.854200e-01 2.882199e+00
-3.898320e-01 -2.828700e-02 2.784069e+00
2.106800e-02 -4.085200e-02 2.735085e+00
-1.677920e-01 -4.301200e-02 2.900898e+00
-4.345070e-01 5.148900e-02 2.810920e+00
6.803000e-03 2.178550e-01 2.499437e+00
-4.228250e-01 -2.372780e-01 2.738452e+00
-1.005200e-02 1.813480e-01 2.204212e+00
-4.004880e-01 -3.015350e-01 2.722924e+00
9.564000e-03 2.020360e-01 2.140524e+00
-2.968210e-01 -5.650370e-01 2.800670e+00
-6.673100e-02 -5.687850e-01 2.784426e+00
-2.941040e-01 -9.837030e-01 2.903008e+00
-7.252300e-02 -9.879060e-01 2.884754e+00
-3.161810e-01 -1.021855e+00 2.747510e+00
-8.657100e-02 -1.025206e+00 2.728121e+00
-1.987890e-01 6.221600e-01 2.722791e+00
-3.677100e-01 3.201930e-01 2.818739e+00
-1.040200e-02 3.194030e-01 2.744207e+00
-2.120110e-01 3.676160e-01 2.670918e+00
-1.691620e-01 1.837720e-01 2.878286e+00
-3.864320e-01 -3.443700e-02 2.805385e+00
1.867600e-02 -4.344300e-02 2.720518e+00
-1.548950e-01 -4.777700e-02 2.902236e+00
-4.379280e-01 4.498100e-02 2.810694e+00
-4.742000e-03 2.321530e-01 2.473851e+00
-4.100110e-01 -2.417070e-01 2.739761e+00
-1.124880e-01 2.458940e-01 2.197803e+00
-3.921940e-01 -3.032270e-01 2.712068e+00
-1.003410e-01 2.809780e-01 2.138721e+00
-2.945240e-01 -5.709010e-01 2.800605e+00
-6.575400e-02 -5.713760e-01 2.789782e+00
-2.937040e-01 -9.890850e-01 2.904925e+00
-7.013700e-02 -9.917750e-01 2.884685e+00
-3.289160e-01 -1.027331e+00 2.751889e+00
-9.907100e-02 -1.026504e+00 2.729510e+00
-2.050890e-01 6.190280e-01 2.733058e+00
-3.735830e-01 3.239100e-01 2.804017e+00
-1.293700e-02 3.162300e-01 2.748338e+00
-2.098300e-01 3.637930e-01 2.662820e+00
-1.801970e-01 1.877100e-01 2.879045e+00
-3.856950e-01 -3.520500e-02 2.796431e+00
2.221500e-02 -4.474800e-02 2.726329e+00
-1.578090e-01 -4.773400e-02 2.901685e+00
-4.353570e-01 4.797300e-02 2.813125e+00
-3.693400e-02 2.348780e-01 2.478437e+00
-4.155070e-01 -2.380640e-01 2.742202e+00
-2.031210e-01 2.817560e-01 2.238800e+00
-4.016970e-01 -3.056860e-01 2.731923e+00
-2.336560e-01 3.239570e-01 2.192371e+00
-2.903220e-01 -5.717020e-01 2.801452e+00
-6.088100e-02 -5.726140e-01 2.789606e+00
-2.951510e-01 -9.891460e-01 2.908590e+00
-6.954900e-02 -9.935380e-01 2.881852e+00
-3.242130e-01 -1.028355e+00 2.754510e+00
-9.223000e-02 -1.027349e+00 2.725440e+00
-1.994020e-01 6.214450e-01 2.735001e+00
-3.865650e-01 3.098440e-01 2.795898e+00
-2.289700e-02 3.338780e-01 2.776082e+00
-2.142800e-01 3.759610e-01 2.676362e+00
-1.904860e-01 1.806960e-01 2.876218e+00
-3.840860e-01 -3.448300e-02 2.763771e+00
2.947700e-02 -3.639600e-02 2.744847e+00
-1.708200e-01 -4.103600e-02 2.896593e+00
-4.271490e-01 3.448300e-02 2.813932e+00
-4.437900e-02 2.497040e-01 2.511036e+00
-4.102910e-01 -2.453270e-01 2.735085e+00
-2.443860e-01 2.762840e-01 2.301070e+00
-4.059260e-01 -3.134520e-01 2.720629e+00
-3.008480e-01 3.071950e-01 2.274132e+00
-2.919550e-01 -5.668870e-01 2.801038e+00
-6.145000e-02 -5.682200e-01 2.785848e+00
-2.924040e-01 -9.841770e-01 2.908883e+00
-7.084800e-02 -9.874800e-01 2.885315e+00
-3.031400e-01 -1.024518e+00 2.752743e+00
-7.347500e-02 -1.024729e+00 2.728063e+00
-1.874480e-01 6.188040e-01 2.728002e+00
-3.702310e-01 3.214810e-01 2.787383e+00
-5.636000e-03 3.238260e-01 2.770346e+00
-1.935260e-01 3.693080e-01 2.665603e+00
-1.823890e-01 1.876530e-01 2.878943e+00
-3.837020e-01 -3.470300e-02 2.764388e+00
2.975400e-02 -3.978000e-02 2.743776e+00
-1.699530e-01 -4.301800e-02 2.896334e+00
-4.266810e-01 4.908100e-02 2.817356e+00
-3.892700e-02 2.486350e-01 2.502905e+00
-4.130480e-01 -2.321590e-01 2.739581e+00
-2.340080e-01 2.899910e-01 2.289449e+00
-4.014200e-01 -2.948540e-01 2.711242e+00
-2.866860e-01 3.225600e-01 2.257303e+00
-2.908150e-01 -5.683170e-01 2.799587e+00
-6.191400e-02 -5.707490e-01 2.783973e+00
-2.914250e-01 -9.849000e-01 2.910126e+00
-7.023500e-02 -9.891420e-01 2.887120e+00
-3.028660e-01 -1.026233e+00 2.754295e+00
-7.336900e-02 -1.027763e+00 2.730208e+00
-1.976460e-01 6.179900e-01 2.731625e+00
-3.654760e-01 3.224750e-01 2.818655e+00
-8.718000e-03 3.222770e-01 2.741527e+00
-2.114760e-01 3.636230e-01 2.667218e+00
-1.646630e-01 1.922570e-01 2.884193e+00
-3.886860e-01 -3.669800e-02 2.805038e+00
1.520900e-02 -3.795600e-02 2.714136e+00
-1.555450e-01 -4.720200e-02 2.898324e+00
-4.370060e-01 5.100900e-02 2.810404e+00
-7.806000e-03 2.494160e-01 2.470291e+00
-4.153780e-01 -2.340390e-01 2.745172e+00
-1.364990e-01 3.234970e-01 2.217457e+00
-3.996800e-01 -2.976840e-01 2.721258e+00
-1.693510e-01 3.607360e-01 2.168435e+00
-2.912960e-01 -5.708860e-01 2.799973e+00
-6.615400e-02 -5.679180e-01 2.785600e+00
-2.977580e-01 -9.892350e-01 2.903434e+00
-7.088700e-02 -9.880970e-01 2.881457e+00
-3.340180e-01 -1.026520e+00 2.750406e+00
-1.016470e-01 -1.023059e+00 2.726686e+00
-2.030250e-01 6.264750e-01 2.735122e+00
-3.540480e-01 3.395660e-01 2.817756e+00
3.505000e-03 3.199940e-01 2.747062e+00
-1.951820e-01 3.735190e-01 2.669597e+00
-1.621490e-01 1.975190e-01 2.885396e+00
-3.913990e-01 -3.026900e-02 2.807200e+00
1.164600e-02 -3.606500e-02 2.712769e+00
-1.575920e-01 -4.367500e-02 2.898425e+00
-4.442770e-01 7.074500e-02 2.808967e+00
9.901000e-03 2.647070e-01 2.468879e+00
-4.234070e-01 -2.185910e-01 2.749192e+00
-9.611000e-03 3.205400e-01 2.178661e+00
-4.044880e-01 -2.781390e-01 2.718125e+00
1.457000e-03 3.647730e-01 2.125840e+00
-2.927840e-01 -5.660700e-01 2.798395e+00
-6.776900e-02 -5.650690e-01 2.778387e+00
-3.004360e-01 -9.835070e-01 2.905395e+00
-7.352100e-02 -9.828130e-01 2.884302e+00
-3.375450e-01 -1.021928e+00 2.752852e+00
-1.038250e-01 -1.021439e+00 2.730314e+00
-2.174090e-01 6.255110e-01 2.730678e+00
-3.657000e-01 3.252660e-01 2.819762e+00
-8.348000e-03 3.255080e-01 2.745435e+00
-2.103630e-01 3.693520e-01 2.670534e+00
-1.658850e-01 1.927870e-01 2.883801e+00
-3.942820e-01 -3.298300e-02 2.800383e+00
1.241300e-02 -3.486800e-02 2.722980e+00
-1.644270e-01 -4.565700e-02 2.901245e+00
-4.411730e-01 5.220700e-02 2.813298e+00
2.937400e-02 2.580420e-01 2.472811e+00
-4.234300e-01 -2.363370e-01 2.750446e+00
1.140280e-01 3.091680e-01 2.193987e+00
-4.015530e-01 -2.978140e-01 2.725725e+00
1.602360e-01 3.289620e-01 2.145591e+00
-2.960590e-01 -5.670610e-01 2.801098e+00
-6.937300e-02 -5.655200e-01 2.779373e+00
-2.993500e-01 -9.839280e-01 2.910514e+00
-7.612600e-02 -9.834020e-01 2.884685e+00
-3.307710e-01 -1.023945e+00 2.757106e+00
-9.973900e-02 -1.022115e+00 2.729551e+00
-2.135420e-01 6.224020e-01 2.727182e+00
-3.727640e-01 3.262900e-01 2.815556e+00
-9.452000e-03 3.223060e-01 2.780717e+00
-2.009410e-01 3.798250e-01 2.689250e+00
-1.841450e-01 1.817570e-01 2.887046e+00
-3.961910e-01 -3.158300e-02 2.780211e+00
1.627400e-02 -3.617400e-02 2.744890e+00
-1.779830e-01 -4.643800e-02 2.904032e+00
-4.427330e-01 5.189300e-02 2.813315e+00
3.880100e-02 2.654080e-01 2.507534e+00
-4.247410e-01 -2.368440e-01 2.752350e+00
1.536210e-01 2.846620e-01 2.235771e+00
-4.078830e-01 -3.018520e-01 2.733407e+00
1.980560e-01 3.013540e-01 2.184624e+00
-3.017640e-01 -5.651230e-01 2.804107e+00
-7.248600e-02 -5.673790e-01 2.776637e+00
-2.976070e-01 -9.844620e-01 2.903599e+00
-7.520500e-02 -9.850260e-01 2.883054e+00
-3.142770e-01 -1.021731e+00 2.747215e+00
-8.308300e-02 -1.024837e+00 2.726607e+00
-2.065630e-01 6.177310e-01 2.715487e+00
-3.694560e-01 3.284390e-01 2.810209e+00
-5.332000e-03 3.217430e-01 2.785836e+00
-1.937850e-01 3.785420e-01 2.687849e+00
-1.838380e-01 1.842710e-01 2.889829e+00
-3.934800e-01 -2.897500e-02 2.779563e+00
1.887900e-02 -3.664600e-02 2.743550e+00
-1.751890e-01 -4.576900e-02 2.902991e+00
-4.409450e-01 5.482000e-02 2.811076e+00
2.213600e-02 2.641500e-01 2.510323e+00
-4.236650e-01 -2.335490e-01 2.750096e+00
1.249900e-01 2.831890e-01 2.234221e+00
-4.014630e-01 -2.921830e-01 2.719465e+00
1.644500e-01 2.985840e-01 2.178768e+00
-3.002600e-01 -5.634610e-01 2.802216e+00
-7.068100e-02 -5.668550e-01 2.775832e+00
-2.969390e-01 -9.812990e-01 2.907865e+00
-7.411700e-02 -9.840210e-01 2.884098e+00
-3.141930e-01 -1.020821e+00 2.752100e+00
-8.218000e-02 -1.024510e+00 2.727835e+00
-2.049740e-01 6.188170e-01 2.717632e+00
-3.710250e-01 3.222520e-01 2.815509e+00
-9.024000e-03 3.234820e-01 2.768836e+00
-2.047650e-01 3.677740e-01 2.679026e+00
-1.764980e-01 1.894210e-01 2.893567e+00
-3.927750e-01 -3.405900e-02 2.791863e+00
1.730900e-02 -3.719600e-02 2.735141e+00
-1.683680e-01 -4.793200e-02 2.904186e+00
-4.432360e-01 4.866400e-02 2.811733e+00
2.235400e-02 2.829590e-01 2.490534e+00
-4.213330e-01 -2.361940e-01 2.736503e+00
5.720300e-02 2.912890e-01 2.197277e+00
-4.052040e-01 -3.014200e-01 2.717672e+00
9.486000e-02 3.140230e-01 2.143108e+00
-2.954890e-01 -5.684420e-01 2.797366e+00
-6.928900e-02 -5.681230e-01 2.781288e+00
-2.980980e-01 -9.851660e-01 2.907347e+00
-7.287800e-02 -9.859910e-01 2.886812e+00
-3.222450e-01 -1.025805e+00 2.752789e+00
-8.916900e-02 -1.025230e+00 2.730871e+00
-2.096100e-01 6.236260e-01 2.724478e+00
-3.613540e-01 3.290980e-01 2.824713e+00
-3.422000e-03 3.218660e-01 2.753597e+00
-2.041470e-01 3.660750e-01 2.675511e+00
-1.640100e-01 1.959860e-01 2.894818e+00
-3.918160e-01 -3.263000e-02 2.807338e+00
1.444500e-02 -3.613900e-02 2.727741e+00
-1.614660e-01 -4.599000e-02 2.906977e+00
-4.449860e-01 5.813300e-02 2.804003e+00
2.151000e-03 2.497520e-01 2.478617e+00
-4.202470e-01 -2.295770e-01 2.735234e+00
-8.648500e-02 2.999390e-01 2.199791e+00
-3.947810e-01 -2.903520e-01 2.712277e+00
-9.151900e-02 3.328970e-01 2.138493e+00
-2.904760e-01 -5.679750e-01 2.797807e+00
-6.344300e-02 -5.657830e-01 2.785905e+00
-2.977950e-01 -9.869320e-01 2.898716e+00
-7.299200e-02 -9.858230e-01 2.882012e+00
-3.292910e-01 -1.023533e+00 2.744473e+00
-9.766300e-02 -1.020916e+00 2.726184e+00
-2.108720e-01 6.175360e-01 2.754188e+00
-3.694130e-01 3.266320e-01 2.821727e+00
-1.206000e-02 3.212650e-01 2.747598e+00
-2.141000e-01 3.589850e-01 2.669498e+00
-1.695190e-01 1.996990e-01 2.895943e+00
-3.915010e-01 -3.665100e-02 2.816661e+00
1.063700e-02 -4.075200e-02 2.718356e+00
-1.567730e-01 -4.906700e-02 2.905632e+00
-4.418700e-01 5.179800e-02 2.811262e+00
-2.647200e-02 2.474340e-01 2.473308e+00
-4.153540e-01 -2.329170e-01 2.731227e+00
-1.875200e-01 2.945600e-01 2.228331e+00
-3.902930e-01 -2.937880e-01 2.708080e+00
-2.231050e-01 3.321030e-01 2.181499e+00
-2.891000e-01 -5.725000e-01 2.799015e+00
-5.897400e-02 -5.685490e-01 2.791294e+00
-2.978030e-01 -9.913740e-01 2.900161e+00
-7.132800e-02 -9.894560e-01 2.883193e+00
-3.356950e-01 -1.027509e+00 2.747252e+00
-1.031960e-01 -1.022363e+00 2.728196e+00
-2.100990e-01 6.175610e-01 2.759407e+00
-3.728580e-01 3.191290e-01 2.804063e+00
-1.065000e-02 3.191050e-01 2.758997e+00
-2.063340e-01 3.520800e-01 2.664325e+00
-1.775080e-01 1.968700e-01 2.896091e+00
-3.876940e-01 -4.261100e-02 2.787649e+00
2.389500e-02 -3.929200e-02 2.743154e+00
-1.665410e-01 -4.816100e-02 2.906930e+00
-4.321380e-01 4.378700e-02 2.814922e+00
-4.339500e-02 2.500830e-01 2.487686e+00
-4.092130e-01 -2.385620e-01 2.735254e+00
-2.400540e-01 2.920300e-01 2.272841e+00
-3.924600e-01 -3.032350e-01 2.715110e+00
-2.870000e-01 3.247820e-01 2.232934e+00
-2.914240e-01 -5.751290e-01 2.799339e+00
-6.181000e-02 -5.718640e-01 2.795468e+00
-2.988910e-01 -9.938800e-01 2.901087e+00
-7.003500e-02 -9.933860e-01 2.884984e+00
-3.184340e-01 -1.031432e+00 2.745105e+00
-8.288400e-02 -1.026614e+00 2.727334e+00
-2.101020e-01 6.182470e-01 2.759596e+00
-3.691720e-01 3.197190e-01 2.804570e+00
-6.544000e-03 3.206030e-01 2.763041e+00
-2.012610e-01 3.567820e-01 2.667550e+00
-1.748590e-01 1.943820e-01 2.894631e+00
-3.857330e-01 -4.400200e-02 2.779912e+00
2.721400e-02 -4.000100e-02 2.750669e+00
-1.691460e-01 -4.741800e-02 2.907371e+00
-4.338140e-01 4.691500e-02 2.814628e+00
-3.084300e-02 2.443900e-01 2.494150e+00
-4.094320e-01 -2.343460e-01 2.736655e+00
-2.363250e-01 2.956210e-01 2.291827e+00
-4.028650e-01 -3.024450e-01 2.722926e+00
-2.873440e-01 3.316110e-01 2.260668e+00
-2.928100e-01 -5.755150e-01 2.804688e+00
-5.985000e-02 -5.737080e-01 2.791408e+00
-2.964060e-01 -9.928570e-01 2.912271e+00
-7.329600e-02 -9.938540e-01 2.886579e+00
-3.110110e-01 -1.032919e+00 2.756373e+00
-7.901600e-02 -1.029364e+00 2.729007e+00
-2.106400e-01 6.246660e-01 2.749141e+00
-3.751610e-01 3.224240e-01 2.816514e+00
-1.483800e-02 3.227020e-01 2.758271e+00
-2.136170e-01 3.608410e-01 2.672396e+00
-1.773850e-01 1.952120e-01 2.895757e+00
-3.892090e-01 -4.101400e-02 2.795802e+00
2.064600e-02 -3.592000e-02 2.737592e+00
-1.641700e-01 -4.678700e-02 2.907568e+00
-4.410900e-01 4.914800e-02 2.819302e+00
-1.634900e-02 2.495760e-01 2.486822e+00
-4.122720e-01 -2.325130e-01 2.741966e+00
-1.976650e-01 3.126380e-01 2.264805e+00
-3.938490e-01 -2.988650e-01 2.730693e+00
-2.406110e-01 3.535000e-01 2.227993e+00
-2.934470e-01 -5.729320e-01 2.802696e+00
-6.222800e-02 -5.693850e-01 2.786838e+00
-2.945050e-01 -9.911150e-01 2.907020e+00
-7.049400e-02 -9.889370e-01 2.885167e+00
-3.196270e-01 -1.029701e+00 2.752092e+00
-8.708400e-02 -1.025313e+00 2.728565e+00
-2.211540e-01 6.220680e-01 2.739389e+00
-3.656220e-01 3.185500e-01 2.828114e+00
-8.466000e-03 3.202360e-01 2.752868e+00
-2.111460e-01 3.590170e-01 2.676978e+00
-1.641350e-01 1.907820e-01 2.896349e+00
-3.909920e-01 -3.886400e-02 2.813297e+00
1.277400e-02 -4.201400e-02 2.721869e+00
-1.577500e-01 -4.903100e-02 2.906368e+00
-4.422220e-01 4.849700e-02 2.819907e+00
1.107300e-02 2.447380e-01 2.483087e+00
-4.133760e-01 -2.336180e-01 2.745492e+00
-1.074120e-01 3.307060e-01 2.229060e+00
-3.946670e-01 -2.983930e-01 2.727512e+00
-1.309300e-01 3.729430e-01 2.178741e+00
-2.941250e-01 -5.739840e-01 2.803675e+00
-6.384900e-02 -5.717530e-01 2.787158e+00
-2.961960e-01 -9.951460e-01 2.895213e+00
-7.177700e-02 -9.913510e-01 2.885321e+00
-3.330520e-01 -1.028396e+00 2.741400e+00
-1.010700e-01 -1.027033e+00 2.730430e+00
-2.120990e-01 6.237930e-01 2.755444e+00
-3.674060e-01 3.252980e-01 2.820018e+00
-6.376000e-03 3.250330e-01 2.766333e+00
-2.039180e-01 3.650170e-01 2.678467e+00
-1.710910e-01 1.963410e-01 2.900069e+00
-3.961420e-01 -3.752500e-02 2.796232e+00
1.377600e-02 -3.316000e-02 2.738399e+00
-1.712170e-01 -4.825700e-02 2.907861e+00
-4.344240e-01 5.115600e-02 2.818791e+00
1.118600e-02 2.259840e-01 2.502652e+00
-4.232530e-01 -2.346020e-01 2.747867e+00
7.500500e-02 2.904500e-01 2.222324e+00
-4.099400e-01 -2.997870e-01 2.726825e+00
1.028830e-01 3.221670e-01 2.166773e+00
-2.992090e-01 -5.693500e-01 2.802706e+00
-7.095800e-02 -5.665060e-01 2.781675e+00
-2.980490e-01 -9.870780e-01 2.908833e+00
-7.317100e-02 -9.849730e-01 2.884833e+00
-3.229220e-01 -1.026467e+00 2.754067e+00
-8.973800e-02 -1.023371e+00 2.728712e+00
-2.080440e-01 6.233250e-01 2.751447e+00
-3.708860e-01 3.263820e-01 2.817913e+00
-6.676000e-03 3.269720e-01 2.793928e+00
-1.961410e-01 3.794220e-01 2.695467e+00
-1.824600e-01 1.864300e-01 2.898454e+00
-3.938520e-01 -2.714500e-02 2.788233e+00
1.733100e-02 -3.478400e-02 2.740628e+00
-1.721180e-01 -4.197300e-02 2.905628e+00
-4.391370e-01 5.172100e-02 2.819793e+00
4.454100e-02 2.155480e-01 2.538855e+00
-4.242640e-01 -2.375320e-01 2.761326e+00
1.531260e-01 2.280520e-01 2.264338e+00
-4.034070e-01 -2.965940e-01 2.730573e+00
1.949500e-01 2.505980e-01 2.213235e+00
-3.032460e-01 -5.621610e-01 2.802517e+00
-7.455500e-02 -5.652170e-01 2.779431e+00
-2.915140e-01 -9.814980e-01 2.901410e+00
-7.142600e-02 -9.828280e-01 2.885982e+00
-3.140130e-01 -1.018832e+00 2.745774e+00
-8.504100e-02 -1.022739e+00 2.729955e+00
-2.106560e-01 6.170110e-01 2.738645e+00
-3.906700e-01 3.205630e-01 2.823571e+00
-2.905600e-02 3.328010e-01 2.775504e+00
-2.264190e-01 3.699330e-01 2.685997e+00
-1.917490e-01 1.947820e-01 2.902230e+00
-3.938630e-01 -3.004300e-02 2.804690e+00
1.345300e-02 -3.345100e-02 2.730679e+00
-1.649030e-01 -4.347500e-02 2.907473e+00
-4.427900e-01 4.212200e-02 2.814794e+00
7.564100e-02 1.736880e-01 2.565636e+00
-4.216370e-01 -2.455670e-01 2.748939e+00
1.947060e-01 1.505010e-01 2.295757e+00
-4.120370e-01 -3.130160e-01 2.764023e+00
2.321730e-01 1.743460e-01 2.241936e+00
-3.002550e-01 -5.645380e-01 2.803394e+00
-7.283900e-02 -5.645640e-01 2.779920e+00
-2.980340e-01 -9.832890e-01 2.905395e+00
-7.294900e-02 -9.817530e-01 2.888155e+00
-3.292310e-01 -1.020976e+00 2.751353e+00
-9.565300e-02 -1.021933e+00 2.733259e+00
-2.194970e-01 6.181030e-01 2.743605e+00
-3.902200e-01 3.226310e-01 2.819923e+00
-2.894200e-02 3.283010e-01 2.768239e+00
-2.266010e-01 3.657750e-01 2.679532e+00
-1.923640e-01 1.962270e-01 2.900253e+00
-3.996670e-01 -3.367600e-02 2.810958e+00
5.563000e-03 -3.497500e-02 2.726205e+00
-1.680400e-01 -4.764700e-02 2.907503e+00
-4.484530e-01 4.800400e-02 2.806640e+00
8.619300e-02 1.100000e-01 2.633793e+00
-4.277120e-01 -2.391060e-01 2.749803e+00
1.800970e-01 -9.187000e-03 2.382656e+00
-4.159770e-01 -3.058740e-01 2.733268e+00
2.127570e-01 -4.826000e-03 2.321146e+00
-3.013620e-01 -5.680390e-01 2.800251e+00
-7.203500e-02 -5.653820e-01 2.782779e+00
-2.967320e-01 -9.880970e-01 2.896642e+00
-7.341900e-02 -9.841290e-01 2.884809e+00
-3.313330e-01 -1.023770e+00 2.742847e+00
-1.000160e-01 -1.021786e+00 2.729899e+00
-2.162640e-01 6.155680e-01 2.742389e+00
-3.861860e-01 3.252020e-01 2.814027e+00
-2.470500e-02 3.232190e-01 2.763505e+00
-2.213230e-01 3.632890e-01 2.673628e+00
-1.910600e-01 1.961100e-01 2.896724e+00
-4.009970e-01 -3.406600e-02 2.804291e+00
5.380000e-03 -3.601400e-02 2.725236e+00
-1.707580e-01 -4.781900e-02 2.904131e+00
-4.533020e-01 5.134800e-02 2.808582e+00
8.466600e-02 7.912800e-02 2.674133e+00
-4.292380e-01 -2.343070e-01 2.741447e+00
1.551140e-01 -1.098630e-01 2.459646e+00
-4.166180e-01 -3.005750e-01 2.723606e+00
1.656810e-01 -1.613490e-01 2.413748e+00
-2.982080e-01 -5.682820e-01 2.804309e+00
-7.212600e-02 -5.657680e-01 2.785030e+00
-2.998240e-01 -9.877770e-01 2.903213e+00
-7.120600e-02 -9.851410e-01 2.884461e+00
-3.314120e-01 -1.024036e+00 2.748907e+00
-9.646700e-02 -1.022022e+00 2.729141e+00
-2.153590e-01 6.136650e-01 2.733154e+00
-3.843880e-01 3.256350e-01 2.805327e+00
-2.225700e-02 3.233970e-01 2.759709e+00
-2.176790e-01 3.621570e-01 2.666702e+00
-1.902850e-01 1.977710e-01 2.892231e+00
-3.981430e-01 -3.167600e-02 2.796077e+00
1.015600e-02 -3.905200e-02 2.728007e+00
-1.707960e-01 -4.571300e-02 2.902303e+00
-4.451390e-01 4.755900e-02 2.806869e+00
6.481500e-02 5.622100e-02 2.714377e+00
-4.279330e-01 -2.393860e-01 2.731538e+00
1.007090e-01 -2.042250e-01 2.575858e+00
-4.241730e-01 -3.071120e-01 2.715163e+00
9.463200e-02 -2.686440e-01 2.549735e+00
-3.001600e-01 -5.676450e-01 2.798312e+00
-6.885600e-02 -5.675570e-01 2.783935e+00
-2.969940e-01 -9.858090e-01 2.902669e+00
-7.228300e-02 -9.868030e-01 2.883844e+00
-3.254940e-01 -1.024534e+00 2.748362e+00
-9.291400e-02 -1.023804e+00 2.727870e+00
-2.083770e-01 6.216020e-01 2.710032e+00
-3.854470e-01 3.206470e-01 2.802994e+00
-2.318800e-02 3.249050e-01 2.758551e+00
-2.189190e-01 3.619920e-01 2.665512e+00
-1.895900e-01 1.945520e-01 2.888537e+00
-4.040860e-01 -3.855200e-02 2.785827e+00
7.167000e-03 -3.713600e-02 2.738232e+00
-1.820740e-01 -4.687300e-02 2.903339e+00
-4.563760e-01 4.466800e-02 2.808878e+00
4.772900e-02 4.913100e-02 2.746325e+00
-4.257190e-01 -2.397940e-01 2.727150e+00
3.219100e-02 -2.473960e-01 2.727134e+00
-4.265600e-01 -3.088130e-01 2.737384e+00
1.120900e-02 -3.133080e-01 2.736327e+00
-3.000790e-01 -5.715720e-01 2.801464e+00
-7.274500e-02 -5.691520e-01 2.782897e+00
-2.996660e-01 -9.925390e-01 2.893920e+00
-7.220800e-02 -9.875270e-01 2.886450e+00
-3.196060e-01 -1.026963e+00 2.737267e+00
-8.455700e-02 -1.026261e+00 2.730022e+00
-2.043780e-01 6.193240e-01 2.693139e+00
-3.831170e-01 3.224480e-01 2.805066e+00
-2.150200e-02 3.254620e-01 2.755567e+00
-2.183880e-01 3.631340e-01 2.665240e+00
-1.865060e-01 1.957620e-01 2.887965e+00
-4.054630e-01 -3.356700e-02 2.799354e+00
2.203000e-03 -3.455900e-02 2.727224e+00
-1.768920e-01 -4.486000e-02 2.903253e+00
-4.548410e-01 4.792000e-02 2.808677e+00
6.249900e-02 5.640100e-02 2.788320e+00
-4.285260e-01 -2.376830e-01 2.734479e+00
2.954500e-02 -2.346240e-01 2.743760e+00
-4.221390e-01 -3.031690e-01 2.711243e+00
2.826500e-02 -3.034410e-01 2.732286e+00
-3.022610e-01 -5.674640e-01 2.804347e+00
-7.104900e-02 -5.644100e-01 2.784757e+00
-2.989480e-01 -9.874980e-01 2.900895e+00
-7.494500e-02 -9.842480e-01 2.882135e+00
-3.282760e-01 -1.023323e+00 2.746043e+00
-9.658300e-02 -1.020247e+00 2.726063e+00
-1.963480e-01 6.148240e-01 2.693472e+00
