-3.588490e-01 3.638980e-01 2.704180e+00
-1.814565e-01 3.651085e-01 2.680275e+00
-4.064000e-03 3.663190e-01 2.656370e+00
-9.922100e-02 3.885570e-01 2.621537e+00
-1.943780e-01 4.107950e-01 2.586705e+00
-1.809275e-01 3.101925e-01 2.681421e+00
-1.674770e-01 2.095900e-01 2.776137e+00
-2.412255e-01 1.016855e-01 2.723080e+00
-3.149740e-01 -6.219000e-03 2.670023e+00
-1.758070e-01 -1.525300e-02 2.651957e+00
-3.664000e-02 -2.428700e-02 2.633891e+00
-9.775050e-02 -1.226600e-02 2.704442e+00
-1.588610e-01 -2.450000e-04 2.774994e+00
-2.997740e-01 5.725350e-02 2.768166e+00
-4.406870e-01 1.147520e-01 2.761339e+00
-1.418195e-01 1.487840e-01 2.653158e+00
1.570480e-01 1.828160e-01 2.544978e+00
-1.833455e-01 1.265950e-02 2.680526e+00
-5.237390e-01 -1.574970e-01 2.816074e+00
-6.839450e-02 -5.875650e-02 2.628669e+00
3.869500e-01 3.998400e-02 2.441264e+00
-6.284800e-02 -9.179500e-02 2.622104e+00
-5.126460e-01 -2.235740e-01 2.802944e+00
-3.169500e-02 -1.023620e-01 2.612980e+00
4.492560e-01 1.885000e-02 2.423016e+00
6.115600e-02 -2.799440e-01 2.568511e+00
-3.269440e-01 -5.787380e-01 2.714006e+00
-1.981255e-01 -5.851740e-01 2.704854e+00
-6.930700e-02 -5.916100e-01 2.695702e+00
-2.086200e-01 -7.959125e-01 2.737433e+00
-3.479330e-01 -1.000215e+00 2.779163e+00
-2.028720e-01 -1.008466e+00 2.756671e+00
-5.781100e-02 -1.016718e+00 2.734179e+00
-2.177580e-01 -1.020402e+00 2.674675e+00
-3.777050e-01 -1.024085e+00 2.615170e+00
-2.279120e-01 -1.028207e+00 2.591467e+00
-7.811900e-02 -1.032329e+00 2.567764e+00
-1.323450e-01 -1.839540e-01 2.562292e+00
-1.865710e-01 6.644210e-01 2.556821e+00
-2.742230e-01 5.128705e-01 2.637031e+00
-3.618750e-01 3.613200e-01 2.717241e+00
-1.859135e-01 3.649845e-01 2.684605e+00
-9.952000e-03 3.686490e-01 2.651970e+00
-1.070710e-01 3.886490e-01 2.621466e+00
-2.041900e-01 4.086490e-01 2.590963e+00
-1.843760e-01 3.101165e-01 2.686732e+00
-1.645620e-01 2.115840e-01 2.782500e+00
-2.398610e-01 1.074270e-01 2.731313e+00
-3.151600e-01 3.270000e-03 2.680125e+00
-1.773700e-01 -1.002350e-02 2.655375e+00
-3.958000e-02 -2.331700e-02 2.630625e+00
-9.683550e-02 -9.709000e-03 2.704063e+00
-1.540910e-01 3.899000e-03 2.777501e+00
-2.920510e-01 5.385750e-02 2.763858e+00
-4.300110e-01 1.038160e-01 2.750215e+00
-1.623675e-01 1.681715e-01 2.600803e+00
1.052760e-01 2.325270e-01 2.451391e+00
-1.823485e-01 2.496000e-02 2.610522e+00
-4.699730e-01 -1.826070e-01 2.769653e+00
-9.111400e-02 -1.642950e-02 2.505802e+00
2.877450e-01 1.497480e-01 2.241950e+00
-7.340600e-02 -4.500350e-02 2.511747e+00
-4.345570e-01 -2.397550e-01 2.781544e+00
-4.321350e-02 -5.117800e-02 2.497061e+00
3.481300e-01 1.373990e-01 2.212578e+00
1.156550e-02 -2.180475e-01 2.462502e+00
-3.249990e-01 -5.734940e-01 2.712426e+00
-1.951465e-01 -5.799560e-01 2.704452e+00
-6.529400e-02 -5.864180e-01 2.696479e+00
-2.081870e-01 -7.904485e-01 2.737697e+00
-3.510800e-01 -9.944790e-01 2.778914e+00
-2.045275e-01 -1.003119e+00 2.756146e+00
-5.797500e-02 -1.011758e+00 2.733378e+00
-2.228880e-01 -1.014825e+00 2.674824e+00
-3.878010e-01 -1.017891e+00 2.616269e+00
-2.368785e-01 -1.022238e+00 2.592138e+00
-8.595600e-02 -1.026585e+00 2.568008e+00
-1.361110e-01 -1.784435e-01 2.570968e+00
-1.862660e-01 6.696980e-01 2.573927e+00
-2.701250e-01 5.157585e-01 2.644279e+00
-3.539840e-01 3.618190e-01 2.714631e+00
-1.780985e-01 3.674595e-01 2.681869e+00
-2.213000e-03 3.731000e-01 2.649107e+00
-9.958100e-02 3.918455e-01 2.618600e+00
-1.969490e-01 4.105910e-01 2.588094e+00
-1.759100e-01 3.126205e-01 2.684177e+00
-1.548710e-01 2.146500e-01 2.780261e+00
-2.327645e-01 1.123120e-01 2.730701e+00
-3.106580e-01 9.974000e-03 2.681140e+00
-1.731205e-01 -6.133000e-03 2.656658e+00
-3.558300e-02 -2.224000e-02 2.632177e+00
-9.266800e-02 -7.219000e-03 2.705471e+00
-1.497530e-01 7.802000e-03 2.778766e+00
-2.870165e-01 5.626100e-02 2.761973e+00
-4.242800e-01 1.047200e-01 2.745181e+00
-1.877305e-01 1.836350e-01 2.577615e+00
4.881900e-02 2.625500e-01 2.410049e+00
-2.015585e-01 3.993750e-02 2.565599e+00
-4.519360e-01 -1.826750e-01 2.721148e+00
-1.439040e-01 1.580950e-02 2.434914e+00
1.641280e-01 2.142940e-01 2.148680e+00
-1.305285e-01 -3.129000e-03 2.459970e+00
-4.251850e-01 -2.205520e-01 2.771261e+00
-1.120930e-01 1.086050e-02 2.434874e+00
2.009990e-01 2.422730e-01 2.098487e+00
-6.170750e-02 -1.629410e-01 2.405019e+00
-3.244140e-01 -5.681550e-01 2.711551e+00
-1.968700e-01 -5.760735e-01 2.705938e+00
-6.932600e-02 -5.839920e-01 2.700324e+00
-2.097940e-01 -7.861010e-01 2.742046e+00
-3.502620e-01 -9.882100e-01 2.783768e+00
-2.010445e-01 -9.989270e-01 2.756564e+00
-5.182700e-02 -1.009644e+00 2.729359e+00
-2.196615e-01 -1.011724e+00 2.675464e+00
-3.874960e-01 -1.013805e+00 2.621568e+00
-2.346985e-01 -1.017977e+00 2.592866e+00
-8.190100e-02 -1.022149e+00 2.564164e+00
-1.346760e-01 -1.746380e-01 2.568188e+00
-1.874510e-01 6.728730e-01 2.572212e+00
-2.682610e-01 5.170415e-01 2.648247e+00
-3.490710e-01 3.612100e-01 2.724282e+00
-1.804910e-01 3.620940e-01 2.664108e+00
-1.191100e-02 3.629780e-01 2.603933e+00
-1.131270e-01 3.779900e-01 2.586829e+00
-2.143430e-01 3.930020e-01 2.569724e+00
-1.770520e-01 3.079875e-01 2.672946e+00
-1.397610e-01 2.229730e-01 2.776168e+00
-2.277260e-01 1.129535e-01 2.739114e+00
-3.156910e-01 2.934000e-03 2.702059e+00
-1.830385e-01 -1.110750e-02 2.657544e+00
-5.038600e-02 -2.514900e-02 2.613029e+00
-9.637150e-02 -1.270350e-02 2.694189e+00
-1.423570e-01 -2.580000e-04 2.775348e+00
-2.796580e-01 5.106050e-02 2.756297e+00
-4.169590e-01 1.023790e-01 2.737246e+00
-1.998910e-01 1.777680e-01 2.549280e+00
1.717700e-02 2.531570e-01 2.361314e+00
-2.057915e-01 3.385500e-02 2.535891e+00
-4.287600e-01 -1.854470e-01 2.710468e+00
-2.010440e-01 3.977800e-02 2.391436e+00
2.667200e-02 2.650030e-01 2.072403e+00
-1.926665e-01 1.347250e-02 2.411517e+00
-4.120050e-01 -2.380580e-01 2.750630e+00
-1.919025e-01 1.782700e-02 2.377666e+00
2.820000e-02 2.737120e-01 2.004702e+00
-1.456430e-01 -1.514245e-01 2.357924e+00
-3.194860e-01 -5.765610e-01 2.711145e+00
-1.930535e-01 -5.815290e-01 2.704832e+00
-6.662100e-02 -5.864970e-01 2.698519e+00
-2.097665e-01 -7.910475e-01 2.742316e+00
-3.529120e-01 -9.955980e-01 2.786113e+00
-2.030805e-01 -1.003776e+00 2.759167e+00
-5.324900e-02 -1.011955e+00 2.732220e+00
-2.322865e-01 -1.015419e+00 2.681070e+00
-4.113240e-01 -1.018882e+00 2.629921e+00
-2.592975e-01 -1.022559e+00 2.601654e+00
-1.072710e-01 -1.026235e+00 2.573387e+00
-1.469680e-01 -1.748445e-01 2.569853e+00
-1.866650e-01 6.765460e-01 2.566320e+00
-2.627545e-01 5.128120e-01 2.658005e+00
-3.388440e-01 3.490780e-01 2.749690e+00
-1.818595e-01 3.530395e-01 2.663776e+00
-2.487500e-02 3.570010e-01 2.577862e+00
-1.278140e-01 3.698510e-01 2.576833e+00
-2.307530e-01 3.827010e-01 2.575804e+00
-1.759395e-01 2.990675e-01 2.672105e+00
-1.211260e-01 2.154340e-01 2.768405e+00
-2.157720e-01 1.043475e-01 2.744012e+00
-3.104180e-01 -6.739000e-03 2.719618e+00
-1.861155e-01 -2.168700e-02 2.655580e+00
-6.181300e-02 -3.663500e-02 2.591542e+00
-9.489250e-02 -2.339450e-02 2.678645e+00
-1.279720e-01 -1.015400e-02 2.765748e+00
-2.705245e-01 4.273250e-02 2.744812e+00
-4.130770e-01 9.561900e-02 2.723876e+00
-2.263765e-01 1.879170e-01 2.524079e+00
-3.967600e-02 2.802150e-01 2.324282e+00
-2.287375e-01 4.527950e-02 2.510671e+00
-4.177990e-01 -1.896560e-01 2.697061e+00
-2.939530e-01 5.552100e-02 2.383499e+00
-1.701070e-01 3.006980e-01 2.069937e+00
-2.802300e-01 2.464050e-02 2.388346e+00
-3.903530e-01 -2.514170e-01 2.706755e+00
-2.950900e-01 4.152600e-02 2.362665e+00
-1.998270e-01 3.344690e-01 2.018576e+00
-2.610300e-01 -1.256470e-01 2.365690e+00
-3.222330e-01 -5.857630e-01 2.712803e+00
-1.904240e-01 -5.897910e-01 2.707569e+00
-5.861500e-02 -5.938190e-01 2.702335e+00
-2.062805e-01 -7.993030e-01 2.745460e+00
-3.539460e-01 -1.004787e+00 2.788585e+00
-2.094250e-01 -1.012497e+00 2.756460e+00
-6.490400e-02 -1.020206e+00 2.724334e+00
-2.500310e-01 -1.022634e+00 2.683412e+00
-4.351580e-01 -1.025062e+00 2.642490e+00
-2.888345e-01 -1.025913e+00 2.608772e+00
-1.425110e-01 -1.026764e+00 2.575055e+00
-1.599955e-01 -1.780550e-01 2.574426e+00
-1.774800e-01 6.706540e-01 2.573797e+00
-2.595045e-01 5.043310e-01 2.663139e+00
-3.415290e-01 3.380080e-01 2.752480e+00
-1.871120e-01 3.471785e-01 2.662411e+00
-3.269500e-02 3.563490e-01 2.572342e+00
-1.360020e-01 3.656955e-01 2.574051e+00
-2.393090e-01 3.750420e-01 2.575759e+00
-1.791420e-01 2.934500e-01 2.670604e+00
-1.189750e-01 2.118580e-01 2.765449e+00
-2.107220e-01 9.957750e-02 2.742090e+00
-3.024690e-01 -1.270300e-02 2.718730e+00
-1.793870e-01 -2.852700e-02 2.652581e+00
-5.630500e-02 -4.435100e-02 2.586431e+00
-8.777400e-02 -3.044250e-02 2.674025e+00
-1.192430e-01 -1.653400e-02 2.761619e+00
-2.660455e-01 3.501250e-02 2.741208e+00
-4.128480e-01 8.655900e-02 2.720798e+00
-2.501560e-01 1.829505e-01 2.523701e+00
-8.746400e-02 2.793420e-01 2.326604e+00
-2.457895e-01 4.215050e-02 2.504566e+00
-4.041150e-01 -1.950410e-01 2.682528e+00
-3.236970e-01 5.391400e-02 2.386237e+00
-2.432790e-01 3.028690e-01 2.089946e+00
-3.126905e-01 2.161100e-02 2.385369e+00
-3.821020e-01 -2.596470e-01 2.680791e+00
-3.330585e-01 2.371400e-02 2.358053e+00
-2.840150e-01 3.070750e-01 2.035315e+00
-3.035920e-01 -1.416875e-01 2.374338e+00
-3.231690e-01 -5.904500e-01 2.713360e+00
-1.913540e-01 -5.962275e-01 2.707269e+00
-5.953900e-02 -6.020050e-01 2.701178e+00
-2.091545e-01 -8.056280e-01 2.744912e+00
-3.587700e-01 -1.009251e+00 2.788647e+00
-2.131065e-01 -1.018674e+00 2.758272e+00
-6.744300e-02 -1.028096e+00 2.727896e+00
-2.552730e-01 -1.028078e+00 2.686014e+00
-4.431030e-01 -1.028060e+00 2.644133e+00
-2.954830e-01 -1.031964e+00 2.612153e+00
-1.478630e-01 -1.035867e+00 2.580172e+00
-1.641065e-01 -1.844460e-01 2.580244e+00
-1.803500e-01 6.669750e-01 2.580316e+00
-2.617980e-01 5.020365e-01 2.665458e+00
-3.432460e-01 3.370980e-01 2.750601e+00
-3.580600e-02 3.533250e-01 2.567894e+00
-2.424200e-01 3.717420e-01 2.572600e+00
-1.203900e-01 2.114970e-01 2.763706e+00
-3.094870e-01 -1.925000e-02 2.721289e+00
-6.452400e-02 -4.193200e-02 2.584979e+00
-1.256310e-01 -1.941700e-02 2.761572e+00
-4.150540e-01 8.703100e-02 2.725290e+00
-8.996400e-02 2.770210e-01 2.323814e+00
-4.133450e-01 -1.936630e-01 2.695343e+00
-2.621280e-01 3.020160e-01 2.101500e+00
-4.072350e-01 -2.593520e-01 2.677759e+00
-3.085630e-01 3.193280e-01 2.054536e+00
-3.279710e-01 -5.944280e-01 2.716240e+00
-6.445400e-02 -6.029440e-01 2.698701e+00
-3.573070e-01 -1.014891e+00 2.784645e+00
-6.462800e-02 -1.028882e+00 2.728806e+00
-4.446810e-01 -1.032044e+00 2.641740e+00
-1.468970e-01 -1.039206e+00 2.582261e+00
-1.810210e-01 6.665340e-01 2.581766e+00
-3.405200e-01 3.390490e-01 2.758437e+00
-3.386500e-02 3.497710e-01 2.574015e+00
-2.397670e-01 3.745120e-01 2.580556e+00
-1.216330e-01 2.062970e-01 2.767209e+00
-3.103230e-01 -1.852800e-02 2.724730e+00
-6.704500e-02 -4.377500e-02 2.585879e+00
-1.261730e-01 -2.314400e-02 2.763373e+00
-4.237230e-01 9.461200e-02 2.739280e+00
-6.084800e-02 2.743720e-01 2.327791e+00
-4.198820e-01 -1.813760e-01 2.694571e+00
-1.916680e-01 2.918730e-01 2.081290e+00
-4.101050e-01 -2.476770e-01 2.707616e+00
-2.292900e-01 3.055590e-01 2.025983e+00
-3.330290e-01 -5.941630e-01 2.724247e+00
-6.976300e-02 -6.043490e-01 2.697543e+00
-3.576960e-01 -1.015898e+00 2.786377e+00
-6.555300e-02 -1.030104e+00 2.729847e+00
-4.469670e-01 -1.031581e+00 2.644479e+00
-1.499390e-01 -1.041957e+00 2.584628e+00
-1.786680e-01 6.617350e-01 2.580099e+00
-3.319480e-01 3.380600e-01 2.769028e+00
-4.082700e-02 3.409660e-01 2.560691e+00
-2.449330e-01 3.704900e-01 2.583482e+00
-1.161360e-01 2.003130e-01 2.761084e+00
-3.010740e-01 -1.966600e-02 2.731693e+00
-7.028800e-02 -5.328300e-02 2.574500e+00
-1.146920e-01 -2.978100e-02 2.755889e+00
-4.249800e-01 9.999100e-02 2.738104e+00
-1.384100e-02 2.570640e-01 2.318782e+00
-4.251570e-01 -1.761750e-01 2.705869e+00
-1.007580e-01 2.780150e-01 2.055507e+00
-4.044500e-01 -2.407880e-01 2.713485e+00
-1.297290e-01 3.122610e-01 2.004035e+00
-3.355680e-01 -5.964730e-01 2.725905e+00
-7.470300e-02 -6.105830e-01 2.699294e+00
-3.588390e-01 -1.018110e+00 2.789230e+00
-6.711000e-02 -1.036523e+00 2.728398e+00
-4.591820e-01 -1.032758e+00 2.654816e+00
-1.644460e-01 -1.047615e+00 2.591457e+00
-1.826740e-01 6.597160e-01 2.586289e+00
-3.561340e-01 3.590950e-01 2.751029e+00
-4.372600e-02 3.537410e-01 2.576282e+00
-2.490600e-01 3.835150e-01 2.574991e+00
-1.409570e-01 2.219130e-01 2.773208e+00
-3.145930e-01 -1.553700e-02 2.725115e+00
-6.827300e-02 -3.775600e-02 2.591196e+00
-1.312750e-01 -1.940000e-02 2.767604e+00
-4.208120e-01 1.112810e-01 2.746727e+00
-1.794600e-02 2.353000e-01 2.350625e+00
-4.251370e-01 -1.625320e-01 2.707634e+00
5.385900e-02 2.463720e-01 2.083714e+00
-4.124780e-01 -2.294860e-01 2.711940e+00
7.160100e-02 2.505710e-01 2.017917e+00
-3.373790e-01 -5.895980e-01 2.732219e+00
-7.736600e-02 -6.006940e-01 2.698211e+00
-3.580350e-01 -1.012546e+00 2.787152e+00
-6.813800e-02 -1.026099e+00 2.733912e+00
-4.449750e-01 -1.026934e+00 2.643679e+00
-1.493810e-01 -1.040181e+00 2.587107e+00
-1.871070e-01 6.777090e-01 2.584353e+00
-3.560900e-01 3.778140e-01 2.744588e+00
-2.067500e-02 3.668400e-01 2.619926e+00
-2.204000e-01 4.157920e-01 2.592284e+00
-1.577900e-01 2.191640e-01 2.778050e+00
-3.293700e-01 1.693000e-03 2.707128e+00
-6.494400e-02 -2.164100e-02 2.614195e+00
-1.552940e-01 -4.606000e-03 2.778429e+00
-4.277280e-01 1.330930e-01 2.758126e+00
3.387400e-02 2.788070e-01 2.386521e+00
-4.370470e-01 -1.398630e-01 2.720046e+00
1.589910e-01 2.637660e-01 2.141243e+00
-4.250590e-01 -2.052580e-01 2.735582e+00
1.934050e-01 2.826790e-01 2.085390e+00
-3.376470e-01 -5.745500e-01 2.733453e+00
-8.243800e-02 -5.855160e-01 2.693883e+00
-3.504460e-01 -9.983300e-01 2.784207e+00
-6.544900e-02 -1.010749e+00 2.728775e+00
-4.122080e-01 -1.015116e+00 2.628470e+00
-1.216660e-01 -1.025958e+00 2.570792e+00
-1.963510e-01 6.786780e-01 2.578840e+00
-3.572240e-01 3.819420e-01 2.745276e+00
-2.191200e-02 3.715960e-01 2.620285e+00
-2.219520e-01 4.191020e-01 2.592400e+00
-1.579670e-01 2.247990e-01 2.780133e+00
-3.307550e-01 1.066700e-02 2.707131e+00
-6.666800e-02 -1.475900e-02 2.613787e+00
-1.566380e-01 2.793000e-03 2.778175e+00
-4.265180e-01 1.341270e-01 2.761456e+00
6.881700e-02 2.834230e-01 2.395630e+00
-4.309290e-01 -1.409790e-01 2.718762e+00
2.400730e-01 2.587170e-01 2.177486e+00
-4.229870e-01 -2.087680e-01 2.716954e+00
2.895970e-01 2.542400e-01 2.130700e+00
-3.369770e-01 -5.664380e-01 2.736336e+00
-8.561900e-02 -5.780640e-01 2.692631e+00
-3.574370e-01 -9.897720e-01 2.788283e+00
-6.744600e-02 -1.002637e+00 2.734312e+00
-4.181240e-01 -1.006008e+00 2.632067e+00
-1.236740e-01 -1.020525e+00 2.576614e+00
-1.904610e-01 6.820670e-01 2.578968e+00
-3.608740e-01 3.792190e-01 2.743039e+00
-2.325100e-02 3.721060e-01 2.624194e+00
-2.230510e-01 4.185650e-01 2.593015e+00
-1.612640e-01 2.230640e-01 2.780241e+00
-3.301440e-01 1.084600e-02 2.704734e+00
-6.418500e-02 -1.482100e-02 2.616936e+00
-1.575810e-01 2.523000e-03 2.779424e+00
-4.269930e-01 1.282430e-01 2.755485e+00
8.379300e-02 2.794050e-01 2.406332e+00
-4.354810e-01 -1.512730e-01 2.732306e+00
2.772330e-01 2.532150e-01 2.204755e+00
-4.271960e-01 -2.189770e-01 2.735317e+00
3.346940e-01 2.608730e-01 2.168683e+00
-3.357990e-01 -5.660700e-01 2.738309e+00
-8.601300e-02 -5.782770e-01 2.694491e+00
-3.598930e-01 -9.895330e-01 2.787576e+00
-6.546400e-02 -1.002605e+00 2.737537e+00
-4.166530e-01 -1.004662e+00 2.629780e+00
-1.185500e-01 -1.021275e+00 2.578845e+00
-1.963270e-01 6.835570e-01 2.585284e+00
-3.650080e-01 3.767310e-01 2.735891e+00
-2.279500e-02 3.731000e-01 2.630814e+00
-2.216680e-01 4.172700e-01 2.591459e+00
-1.653630e-01 2.228820e-01 2.781549e+00
-3.303120e-01 1.138600e-02 2.703223e+00
-6.230800e-02 -1.637000e-02 2.622571e+00
-1.598110e-01 2.532000e-03 2.782451e+00
-4.287400e-01 1.229750e-01 2.751558e+00
7.172800e-02 2.775190e-01 2.405805e+00
-4.294670e-01 -1.583770e-01 2.720575e+00
2.549890e-01 2.497830e-01 2.191877e+00
-4.329430e-01 -2.200740e-01 2.749609e+00
3.103340e-01 2.452690e-01 2.152151e+00
-3.319630e-01 -5.671120e-01 2.736883e+00
-8.123900e-02 -5.786040e-01 2.694764e+00
-3.610040e-01 -9.912200e-01 2.777112e+00
-6.434900e-02 -1.003339e+00 2.735303e+00
-4.122840e-01 -1.002881e+00 2.617160e+00
-1.125500e-01 -1.020566e+00 2.574897e+00
-1.916780e-01 6.802060e-01 2.582479e+00
-3.648120e-01 3.766900e-01 2.737702e+00
-2.334000e-02 3.700280e-01 2.630387e+00
-2.223460e-01 4.140710e-01 2.591563e+00
-1.653180e-01 2.231050e-01 2.784879e+00
-3.294970e-01 1.140700e-02 2.705147e+00
-6.207900e-02 -1.795400e-02 2.623129e+00
-1.586040e-01 2.051000e-03 2.783468e+00
-4.278930e-01 1.212160e-01 2.743960e+00
4.930700e-02 2.817060e-01 2.393307e+00
-4.306200e-01 -1.614790e-01 2.714327e+00
2.068160e-01 2.553370e-01 2.158153e+00
-4.271140e-01 -2.222980e-01 2.745154e+00
2.528160e-01 2.615600e-01 2.108084e+00
-3.316620e-01 -5.687030e-01 2.726321e+00
-7.635700e-02 -5.786130e-01 2.697018e+00
-3.536220e-01 -9.914240e-01 2.782479e+00
-6.341600e-02 -1.003720e+00 2.735037e+00
-4.074000e-01 -1.009688e+00 2.623972e+00
-1.122040e-01 -1.019548e+00 2.574664e+00
-1.971150e-01 6.802520e-01 2.587134e+00
-3.607450e-01 3.789400e-01 2.733022e+00
-1.706400e-02 3.679430e-01 2.633389e+00
-2.148110e-01 4.128790e-01 2.589488e+00
-1.635700e-01 2.246080e-01 2.787023e+00
-3.262250e-01 9.894000e-03 2.702991e+00
-5.712600e-02 -2.055900e-02 2.627097e+00
-1.571310e-01 6.350000e-04 2.785134e+00
-4.277060e-01 1.234190e-01 2.738443e+00
1.303800e-02 2.843990e-01 2.384555e+00
-4.360980e-01 -1.605440e-01 2.711951e+00
1.263130e-01 2.565940e-01 2.124165e+00
-4.330470e-01 -2.215110e-01 2.742534e+00
1.640900e-01 2.476880e-01 2.067994e+00
-3.280860e-01 -5.706110e-01 2.725243e+00
-7.496500e-02 -5.812140e-01 2.699911e+00
-3.544100e-01 -9.918490e-01 2.790008e+00
-6.230900e-02 -1.006450e+00 2.736559e+00
-4.046790e-01 -1.013196e+00 2.630736e+00
-1.076610e-01 -1.021712e+00 2.575127e+00
-1.999010e-01 6.805050e-01 2.583744e+00
-3.552410e-01 3.718730e-01 2.735303e+00
-2.765700e-02 3.595440e-01 2.591425e+00
-2.313150e-01 3.930890e-01 2.570249e+00
-1.458350e-01 2.309040e-01 2.778769e+00
-3.312100e-01 3.495000e-03 2.719170e+00
-7.361700e-02 -2.193300e-02 2.609165e+00
-1.528060e-01 -2.728000e-03 2.778830e+00
-4.206020e-01 1.148570e-01 2.729438e+00
-2.620100e-02 2.552670e-01 2.347523e+00
-4.327140e-01 -1.699070e-01 2.700749e+00
-1.525300e-02 2.800330e-01 2.062345e+00
-4.120220e-01 -2.349140e-01 2.703483e+00
-1.256600e-02 2.914550e-01 1.995085e+00
-3.283820e-01 -5.766650e-01 2.726886e+00
-6.985400e-02 -5.806960e-01 2.702840e+00
-3.524950e-01 -9.977580e-01 2.793433e+00
-6.575400e-02 -1.006587e+00 2.733328e+00
-4.223720e-01 -1.017759e+00 2.641554e+00
-1.314130e-01 -1.018286e+00 2.578725e+00
-1.941330e-01 6.863140e-01 2.583555e+00
-3.737900e-01 3.579560e-01 2.763766e+00
-5.098600e-02 3.738040e-01 2.609785e+00
-2.564120e-01 4.005070e-01 2.598049e+00
-1.576110e-01 2.225100e-01 2.786853e+00
-3.168320e-01 3.056000e-03 2.722988e+00
-6.188800e-02 -2.687900e-02 2.608058e+00
-1.374450e-01 -6.227000e-03 2.779203e+00
-4.213890e-01 1.005290e-01 2.726025e+00
-3.830700e-02 1.977570e-01 2.412795e+00
-4.267990e-01 -1.838500e-01 2.699823e+00
-7.498600e-02 2.785350e-01 2.141287e+00
-4.103190e-01 -2.465920e-01 2.721118e+00
-8.381600e-02 2.968290e-01 2.076102e+00
-3.276210e-01 -5.766210e-01 2.727511e+00
-7.144000e-02 -5.864770e-01 2.703534e+00
-3.514410e-01 -9.979270e-01 2.792804e+00
-6.581700e-02 -1.012539e+00 2.731255e+00
-4.254560e-01 -1.016993e+00 2.642776e+00
-1.360890e-01 -1.023397e+00 2.578630e+00
-1.964510e-01 6.767350e-01 2.588287e+00
-3.778540e-01 3.396100e-01 2.757844e+00
-5.937600e-02 3.641020e-01 2.596180e+00
-2.662010e-01 3.780160e-01 2.587231e+00
-1.536420e-01 2.187300e-01 2.784841e+00
-3.212030e-01 -5.258000e-03 2.721942e+00
-6.704900e-02 -3.247800e-02 2.604612e+00
-1.409970e-01 -9.227000e-03 2.776126e+00
-4.262070e-01 8.335300e-02 2.727849e+00
-7.936000e-02 2.725200e-01 2.350988e+00
-4.222090e-01 -1.983260e-01 2.696226e+00
-1.911590e-01 2.649580e-01 2.090599e+00
-4.014750e-01 -2.631860e-01 2.691232e+00
-2.186040e-01 2.700810e-01 2.028292e+00
-3.295370e-01 -5.839500e-01 2.725725e+00
-6.883900e-02 -5.914630e-01 2.708505e+00
-3.563550e-01 -1.005125e+00 2.790699e+00
-6.573500e-02 -1.017664e+00 2.734428e+00
-4.315360e-01 -1.023408e+00 2.641155e+00
-1.371200e-01 -1.027441e+00 2.582248e+00
-1.926240e-01 6.664820e-01 2.581759e+00
-3.603850e-01 3.336430e-01 2.761811e+00
-4.662300e-02 3.513740e-01 2.590338e+00
-2.529360e-01 3.733540e-01 2.588813e+00
-1.402630e-01 2.035880e-01 2.777428e+00
-3.168130e-01 -1.733800e-02 2.725932e+00
-6.769600e-02 -4.655300e-02 2.598696e+00
-1.346380e-01 -2.251200e-02 2.772957e+00
-4.227660e-01 8.362200e-02 2.728260e+00
-1.137180e-01 2.637690e-01 2.355070e+00
-4.256020e-01 -1.959300e-01 2.703889e+00
-2.763110e-01 2.584460e-01 2.126407e+00
-4.014530e-01 -2.596490e-01 2.699607e+00
-3.202150e-01 2.539990e-01 2.074308e+00
-3.351950e-01 -5.948980e-01 2.728277e+00
-6.799800e-02 -6.047810e-01 2.706245e+00
-3.562000e-01 -1.016580e+00 2.792094e+00
-6.904600e-02 -1.030990e+00 2.732204e+00
-4.386630e-01 -1.034522e+00 2.646395e+00
-1.464120e-01 -1.039892e+00 2.582922e+00
-1.880340e-01 6.587580e-01 2.588045e+00
-3.630700e-01 3.308440e-01 2.765471e+00
-5.047700e-02 3.409700e-01 2.591267e+00
-2.563970e-01 3.664110e-01 2.591097e+00
-1.450420e-01 1.973080e-01 2.781085e+00
-3.170320e-01 -2.236200e-02 2.728762e+00
-6.942500e-02 -5.099000e-02 2.598484e+00
-1.343380e-01 -2.808700e-02 2.773663e+00
-4.294680e-01 8.286200e-02 2.736799e+00
-1.098530e-01 2.606580e-01 2.353043e+00
-4.199170e-01 -1.934770e-01 2.699885e+00
-2.726220e-01 2.581780e-01 2.126510e+00
-4.053170e-01 -2.596010e-01 2.708607e+00
-3.195670e-01 2.538190e-01 2.077126e+00
-3.333720e-01 -6.004620e-01 2.727216e+00
-7.015600e-02 -6.095240e-01 2.707386e+00
-3.591920e-01 -1.021353e+00 2.794400e+00
-6.698400e-02 -1.035638e+00 2.734701e+00
-4.426300e-01 -1.039400e+00 2.649271e+00
-1.465800e-01 -1.045720e+00 2.586671e+00
-1.881840e-01 6.529180e-01 2.591014e+00
-3.596630e-01 3.281760e-01 2.763493e+00
-4.436300e-02 3.390080e-01 2.594282e+00
-2.501470e-01 3.653550e-01 2.591231e+00
-1.424680e-01 1.935040e-01 2.780873e+00
-3.179210e-01 -2.657100e-02 2.725005e+00
-6.843000e-02 -5.373600e-02 2.598049e+00
-1.357880e-01 -3.074300e-02 2.772291e+00
-4.282820e-01 8.223800e-02 2.734986e+00
-8.467200e-02 2.530210e-01 2.355560e+00
-4.179900e-01 -1.928910e-01 2.700679e+00
-2.167800e-01 2.485190e-01 2.111621e+00
-4.073410e-01 -2.599630e-01 2.693634e+00
-2.547970e-01 2.509370e-01 2.054960e+00
-3.394490e-01 -6.024400e-01 2.732362e+00
-7.244700e-02 -6.130050e-01 2.709449e+00
-3.544630e-01 -1.024674e+00 2.794185e+00
-6.644100e-02 -1.039640e+00 2.726040e+00
-4.380510e-01 -1.042935e+00 2.649169e+00
-1.448980e-01 -1.046532e+00 2.577222e+00
-1.873930e-01 6.515740e-01 2.595221e+00
-3.622530e-01 3.716150e-01 2.753754e+00
-2.423700e-02 3.595350e-01 2.636437e+00
-2.231080e-01 4.093730e-01 2.604545e+00
-1.653830e-01 2.120740e-01 2.791179e+00
-3.341120e-01 -9.665000e-03 2.708402e+00
-6.797600e-02 -3.497900e-02 2.621037e+00
-1.614940e-01 -1.544700e-02 2.783206e+00
-4.263790e-01 1.233740e-01 2.754729e+00
-2.938500e-02 2.660560e-01 2.397749e+00
-4.382660e-01 -1.497620e-01 2.710923e+00
-7.447400e-02 2.055140e-01 2.131356e+00
-4.315680e-01 -2.025460e-01 2.753709e+00
-9.166700e-02 1.976390e-01 2.065751e+00
-3.359040e-01 -5.882070e-01 2.730304e+00
-8.000500e-02 -5.969060e-01 2.700539e+00
-3.580720e-01 -1.010349e+00 2.790584e+00
-6.437400e-02 -1.022515e+00 2.731231e+00
-4.152960e-01 -1.029785e+00 2.633428e+00
-1.172050e-01 -1.035943e+00 2.571924e+00
-1.925810e-01 6.711020e-01 2.582478e+00
-3.615410e-01 3.733540e-01 2.752686e+00
-2.193900e-02 3.599010e-01 2.640198e+00
-2.200370e-01 4.110640e-01 2.605700e+00
-1.661570e-01 2.124740e-01 2.792114e+00
-3.358450e-01 3.342000e-03 2.704455e+00
-6.840400e-02 -2.453600e-02 2.621995e+00
-1.646660e-01 -3.733000e-03 2.782390e+00
-4.272880e-01 1.234200e-01 2.744966e+00
-1.435900e-02 2.426660e-01 2.409876e+00
-4.395450e-01 -1.538230e-01 2.714177e+00
2.586300e-02 1.554790e-01 2.147688e+00
-4.341640e-01 -2.183030e-01 2.735970e+00
1.580900e-02 1.374800e-01 2.082599e+00
-3.335020e-01 -5.764300e-01 2.731475e+00
-7.969200e-02 -5.852880e-01 2.697607e+00
-3.590180e-01 -9.992550e-01 2.785302e+00
-6.519000e-02 -1.010465e+00 2.734250e+00
-4.121590e-01 -1.016272e+00 2.626441e+00
-1.142550e-01 -1.025956e+00 2.573929e+00
-1.905270e-01 6.706960e-01 2.581175e+00
-3.652080e-01 3.760960e-01 2.757339e+00
-2.525300e-02 3.668850e-01 2.645494e+00
-2.233350e-01 4.188260e-01 2.612092e+00
-1.696640e-01 2.143300e-01 2.792070e+00
-3.324630e-01 1.054500e-02 2.707568e+00
-6.687000e-02 -2.061100e-02 2.620443e+00
-1.600970e-01 8.090000e-04 2.782541e+00
-4.258880e-01 1.230950e-01 2.746349e+00
1.731500e-02 2.069900e-01 2.444412e+00
-4.380580e-01 -1.555680e-01 2.710536e+00
8.854300e-02 8.240600e-02 2.202566e+00
-4.305350e-01 -2.204950e-01 2.730273e+00
1.008040e-01 5.523900e-02 2.141139e+00
-3.343590e-01 -5.698820e-01 2.731880e+00
-7.899000e-02 -5.803970e-01 2.694581e+00
-3.563810e-01 -9.931690e-01 2.783576e+00
-6.517800e-02 -1.005522e+00 2.732086e+00
-4.128070e-01 -1.009505e+00 2.625781e+00
-1.170540e-01 -1.021271e+00 2.572678e+00
-1.937350e-01 6.722080e-01 2.583385e+00
-3.703370e-01 3.727430e-01 2.742585e+00
-2.228100e-02 3.737600e-01 2.658801e+00
-2.183680e-01 4.204770e-01 2.609629e+00
-1.738020e-01 2.161670e-01 2.792284e+00
-3.296190e-01 1.196600e-02 2.697235e+00
-5.798400e-02 -2.108000e-02 2.632246e+00
-1.640000e-01 1.783000e-03 2.786076e+00
-4.233790e-01 1.158310e-01 2.737241e+00
5.191200e-02 1.539690e-01 2.536191e+00
-4.424690e-01 -1.652070e-01 2.706538e+00
1.573660e-01 -3.150200e-02 2.349726e+00
-4.213040e-01 -2.300580e-01 2.709366e+00
1.569900e-01 -6.332000e-02 2.289318e+00
-3.319350e-01 -5.691810e-01 2.723545e+00
-7.601600e-02 -5.808900e-01 2.694875e+00
-3.579740e-01 -9.903430e-01 2.788919e+00
-6.260000e-02 -1.005798e+00 2.734903e+00
-4.019410e-01 -1.012616e+00 2.627919e+00
-1.001030e-01 -1.022367e+00 2.571597e+00
-1.944560e-01 6.691030e-01 2.574785e+00
-3.683630e-01 3.744940e-01 2.727578e+00
-1.647800e-02 3.686710e-01 2.661949e+00
-2.090550e-01 4.168050e-01 2.601556e+00
-1.770010e-01 2.165510e-01 2.791194e+00
-3.181690e-01 1.183700e-02 2.684756e+00
-4.361300e-02 -2.280400e-02 2.634551e+00
-1.573500e-01 3.502000e-03 2.782192e+00
-4.210240e-01 1.163880e-01 2.734992e+00
5.623100e-02 1.241750e-01 2.595752e+00
-4.383180e-01 -1.660890e-01 2.705027e+00
1.492360e-01 -1.111880e-01 2.465581e+00
-4.162320e-01 -2.301390e-01 2.713479e+00
1.623960e-01 -1.660950e-01 2.427192e+00
-3.290920e-01 -5.677160e-01 2.720988e+00
-7.472100e-02 -5.837490e-01 2.695034e+00
-3.564510e-01 -9.883330e-01 2.789269e+00
-5.907100e-02 -1.008521e+00 2.735693e+00
-3.928690e-01 -1.012364e+00 2.626646e+00
-8.854000e-02 -1.025392e+00 2.570778e+00
-1.951810e-01 6.732690e-01 2.578153e+00
-3.657050e-01 3.722790e-01 2.719066e+00
-1.187600e-02 3.668610e-01 2.664853e+00
-2.023540e-01 4.159100e-01 2.598804e+00
-1.766210e-01 2.133930e-01 2.786994e+00
-3.165630e-01 1.012600e-02 2.682579e+00
-4.027900e-02 -2.190200e-02 2.640833e+00
-1.586340e-01 4.342000e-03 2.784809e+00
-4.144140e-01 1.123530e-01 2.717991e+00
5.664600e-02 1.117280e-01 2.652712e+00
-4.295220e-01 -1.723950e-01 2.702153e+00
1.114660e-01 -1.592950e-01 2.581286e+00
-4.197450e-01 -2.388550e-01 2.714365e+00
1.044010e-01 -2.219420e-01 2.555073e+00
-3.244070e-01 -5.695690e-01 2.713359e+00
-6.551500e-02 -5.828340e-01 2.698835e+00
-3.552950e-01 -9.889280e-01 2.787609e+00
-5.992700e-02 -1.008185e+00 2.735912e+00
-3.868860e-01 -1.015503e+00 2.624373e+00
-8.259700e-02 -1.022969e+00 2.569726e+00
-1.895420e-01 6.707440e-01 2.575098e+00
-3.615440e-01 3.671660e-01 2.701699e+00
-4.406000e-03 3.702460e-01 2.677061e+00
-1.898480e-01 4.151930e-01 2.595566e+00
-1.750570e-01 2.123710e-01 2.784605e+00
-3.230800e-01 -4.130000e-03 2.665041e+00
-4.284500e-02 -1.920500e-02 2.646527e+00
-1.738570e-01 5.903000e-03 2.779311e+00
-4.102140e-01 1.062660e-01 2.704349e+00
4.723500e-02 1.107480e-01 2.698006e+00
-4.230720e-01 -1.789850e-01 2.679446e+00
3.393900e-02 -1.755680e-01 2.698106e+00
-4.146470e-01 -2.331670e-01 2.720127e+00
9.075000e-03 -2.338900e-01 2.672770e+00
-3.137140e-01 -5.795290e-01 2.712188e+00
-4.976600e-02 -5.831340e-01 2.698759e+00
-3.500100e-01 -9.972080e-01 2.793158e+00
-5.791000e-02 -1.008495e+00 2.735231e+00
-3.665140e-01 -1.027715e+00 2.628394e+00
-6.060000e-02 -1.022827e+00 2.567489e+00
-1.822460e-01 6.686530e-01 2.570493e+00
-3.606890e-01 3.702850e-01 2.699144e+00
-3.247000e-03 3.710740e-01 2.679176e+00
-1.873350e-01 4.164500e-01 2.594896e+00
-1.762300e-01 2.150730e-01 2.785724e+00
-3.094870e-01 -2.540000e-04 2.663666e+00
-2.916000e-02 -1.732100e-02 2.648599e+00
-1.616280e-01 8.428000e-03 2.779805e+00
-4.031670e-01 1.077450e-01 2.695362e+00
5.131900e-02 1.119300e-01 2.703921e+00
-4.042190e-01 -1.779330e-01 2.665493e+00
4.263300e-02 -1.751300e-01 2.709079e+00
-4.124850e-01 -2.338320e-01 2.703815e+00
1.934600e-02 -2.300790e-01 2.675912e+00
-3.115740e-01 -5.748300e-01 2.705932e+00
-4.834000e-02 -5.823320e-01 2.705121e+00
-3.484750e-01 -9.930030e-01 2.784027e+00
-5.154800e-02 -1.008309e+00 2.734491e+00
-3.644110e-01 -1.022414e+00 2.619009e+00
-5.601600e-02 -1.019853e+00 2.566572e+00
-1.656120e-01 6.679040e-01 2.564298e+00
-3.532140e-01 3.786860e-01 2.684552e+00
4.160000e-03 3.583410e-01 2.690367e+00
-1.703970e-01 4.140670e-01 2.593029e+00
-1.849380e-01 2.133030e-01 2.784272e+00
-3.044120e-01 -3.442000e-03 2.651819e+00
-2.350900e-02 -1.678200e-02 2.655948e+00
-1.649320e-01 7.745000e-03 2.777701e+00
-4.036510e-01 1.171130e-01 2.679427e+00
5.237100e-02 9.760700e-02 2.716525e+00
-3.938060e-01 -1.684290e-01 2.645374e+00
6.393400e-02 -1.888540e-01 2.692077e+00
-3.724550e-01 -2.332190e-01 2.648199e+00
3.140500e-02 -2.476180e-01 2.679820e+00
-3.095730e-01 -5.757950e-01 2.706395e+00
-4.384600e-02 -5.829680e-01 2.709290e+00
-3.451320e-01 -9.933050e-01 2.788558e+00
-5.687400e-02 -1.009024e+00 2.734497e+00
-3.502540e-01 -1.025381e+00 2.623346e+00
-4.831700e-02 -1.019216e+00 2.566649e+00
-1.496170e-01 6.689450e-01 2.569263e+00
-3.453590e-01 3.774940e-01 2.676102e+00
1.164100e-02 3.627830e-01 2.698425e+00
-1.591030e-01 4.146230e-01 2.592551e+00
-1.793520e-01 2.159500e-01 2.785451e+00
-2.978490e-01 -6.591000e-03 2.643939e+00
-1.705100e-02 -1.038800e-02 2.659416e+00
-1.640100e-01 1.000600e-02 2.775231e+00
-3.940890e-01 1.153070e-01 2.663564e+00
7.116600e-02 1.031410e-01 2.716226e+00
-3.896700e-01 -1.720590e-01 2.640705e+00
8.603700e-02 -1.816220e-01 2.673681e+00
-3.734110e-01 -2.382660e-01 2.636983e+00
6.852200e-02 -2.442140e-01 2.652776e+00
-3.022870e-01 -5.756790e-01 2.699100e+00
-3.445200e-02 -5.793300e-01 2.714424e+00
-3.444880e-01 -9.929490e-01 2.779310e+00
-4.939000e-02 -1.005777e+00 2.730183e+00
-3.425050e-01 -1.024924e+00 2.614011e+00
-3.394200e-02 -1.012510e+00 2.562653e+00
-1.357620e-01 6.679970e-01 2.566461e+00
-3.372560e-01 3.773790e-01 2.672582e+00
1.939900e-02 3.588430e-01 2.697428e+00
-1.500450e-01 4.116110e-01 2.589935e+00
-1.738200e-01 2.150040e-01 2.784542e+00
-2.906200e-01 -1.035000e-02 2.643724e+00
-1.014900e-02 -1.140200e-02 2.664615e+00
-1.595060e-01 7.577000e-03 2.777567e+00
-3.878550e-01 1.153680e-01 2.658123e+00
7.639100e-02 9.826400e-02 2.713840e+00
-3.752710e-01 -1.721500e-01 2.636554e+00
9.219400e-02 -1.854890e-01 2.663593e+00
-3.608180e-01 -2.379820e-01 2.647454e+00
6.909900e-02 -2.467070e-01 2.644084e+00
-3.012230e-01 -5.776790e-01 2.689210e+00
-3.065500e-02 -5.817780e-01 2.719069e+00
-3.345190e-01 -9.939400e-01 2.778356e+00
-4.515600e-02 -1.008203e+00 2.735820e+00
-3.338500e-01 -1.029251e+00 2.613727e+00
-2.699700e-02 -1.015390e+00 2.568581e+00
-1.271120e-01 6.654350e-01 2.560550e+00
-3.259220e-01 3.732830e-01 2.672490e+00
3.077600e-02 3.578480e-01 2.698803e+00
-1.386780e-01 4.089420e-01 2.590521e+00
-1.615560e-01 2.125460e-01 2.785448e+00
-2.897780e-01 -1.402000e-02 2.643889e+00
-9.350000e-03 -1.167200e-02 2.665240e+00
-1.591000e-01 8.307000e-03 2.777496e+00
-3.796020e-01 1.118130e-01 2.655527e+00
7.832200e-02 9.498400e-02 2.712142e+00
-3.728720e-01 -1.761730e-01 2.634401e+00
7.624100e-02 -1.888460e-01 2.658628e+00
-3.551130e-01 -2.391340e-01 2.614852e+00
5.573200e-02 -2.507440e-01 2.638391e+00
-3.048230e-01 -5.785970e-01 2.684318e+00
-2.557400e-02 -5.823320e-01 2.719436e+00
-3.386630e-01 -9.960920e-01 2.767271e+00
-4.820600e-02 -1.008551e+00 2.731888e+00
-3.390690e-01 -1.028874e+00 2.602119e+00
-2.769500e-02 -1.014519e+00 2.564873e+00
-1.282360e-01 6.649380e-01 2.562756e+00
