-3.812720e-01 2.918130e-01 2.672787e+00
-3.994600e-02 2.958980e-01 2.622743e+00
-1.987820e-01 1.572050e-01 2.717278e+00
-3.481100e-02 -4.990600e-02 2.549017e+00
-4.328560e-01 2.412000e-02 2.641268e+00
-4.017780e-01 -2.625340e-01 2.612410e+00
-3.906480e-01 -3.263670e-01 2.621881e+00
-2.840620e-01 -5.470130e-01 2.687847e+00
-2.922370e-01 -9.492970e-01 2.749089e+00
-3.131600e-01 -9.724320e-01 2.594326e+00
-2.131060e-01 5.588930e-01 2.547691e+00
-3.874400e-02 3.013030e-01 2.626877e+00
-1.996840e-01 1.641030e-01 2.720022e+00
-3.079000e-02 -5.040900e-02 2.554852e+00
-4.349340e-01 2.462100e-02 2.643987e+00
-4.020040e-01 -2.623430e-01 2.616332e+00
-3.894900e-01 -3.264310e-01 2.621264e+00
-2.859110e-01 -5.461910e-01 2.688264e+00
-2.885650e-01 -9.471400e-01 2.758137e+00
-3.037410e-01 -9.740210e-01 2.603310e+00
-2.139180e-01 5.582180e-01 2.534218e+00
-4.219900e-02 2.997170e-01 2.631965e+00
-2.037440e-01 1.612700e-01 2.722174e+00
-3.490400e-02 -4.498000e-02 2.548413e+00
-4.349170e-01 2.370100e-02 2.645785e+00
-4.037310e-01 -2.633750e-01 2.611383e+00
-3.871100e-01 -3.248610e-01 2.626597e+00
-2.868010e-01 -5.476560e-01 2.686537e+00
-2.892330e-01 -9.490120e-01 2.754040e+00
-3.098200e-01 -9.748510e-01 2.599660e+00
-2.144310e-01 5.534970e-01 2.534378e+00
-4.020600e-02 3.084070e-01 2.637013e+00
-1.993510e-01 1.631900e-01 2.720599e+00
-2.986700e-02 -4.304600e-02 2.553714e+00
-4.342160e-01 1.781000e-02 2.646432e+00
-3.990740e-01 -2.694260e-01 2.614762e+00
-3.869370e-01 -3.336730e-01 2.618406e+00
-2.850020e-01 -5.466730e-01 2.689092e+00
-2.887930e-01 -9.492270e-01 2.748969e+00
-3.024260e-01 -9.722420e-01 2.593377e+00
-2.151480e-01 5.630620e-01 2.546092e+00
-4.576000e-02 3.031050e-01 2.624022e+00
-1.995460e-01 1.576220e-01 2.716683e+00
-3.042500e-02 -5.000700e-02 2.551992e+00
-4.378100e-01 8.205000e-03 2.649722e+00
-3.942240e-01 -2.759200e-01 2.608125e+00
-3.839300e-01 -3.394700e-01 2.620115e+00
-2.879240e-01 -5.551160e-01 2.690644e+00
-2.871420e-01 -9.569570e-01 2.755235e+00
-3.018480e-01 -9.819310e-01 2.600043e+00
-2.137040e-01 5.546770e-01 2.537886e+00
-4.381300e-02 3.020230e-01 2.633251e+00
-2.041530e-01 1.586690e-01 2.717763e+00
-2.614400e-02 -4.676700e-02 2.563204e+00
-4.346230e-01 1.030400e-02 2.646263e+00
-3.982200e-01 -2.770430e-01 2.613301e+00
-3.837030e-01 -3.405110e-01 2.620325e+00
-2.851250e-01 -5.505680e-01 2.693232e+00
-2.874850e-01 -9.532000e-01 2.752658e+00
-2.916250e-01 -9.762200e-01 2.596525e+00
-2.198360e-01 5.547760e-01 2.535818e+00
-3.698600e-02 2.985240e-01 2.630656e+00
-2.037330e-01 1.638430e-01 2.717016e+00
-2.077100e-02 -3.938300e-02 2.567374e+00
-4.347580e-01 2.117900e-02 2.646212e+00
-3.924250e-01 -2.647410e-01 2.609437e+00
-3.863280e-01 -3.290860e-01 2.619964e+00
-2.878620e-01 -5.508380e-01 2.691851e+00
-2.854010e-01 -9.520070e-01 2.760453e+00
-2.850090e-01 -9.786160e-01 2.604837e+00
-2.169400e-01 5.566310e-01 2.527267e+00
-3.650400e-02 2.978450e-01 2.627697e+00
-1.981980e-01 1.572380e-01 2.714219e+00
-1.743800e-02 -4.624100e-02 2.567882e+00
-4.372510e-01 1.403300e-02 2.645807e+00
-3.865410e-01 -2.701210e-01 2.606610e+00
-3.900640e-01 -3.319680e-01 2.627842e+00
-2.893740e-01 -5.516520e-01 2.696837e+00
-2.848020e-01 -9.544080e-01 2.755284e+00
-2.836610e-01 -9.770680e-01 2.599048e+00
-2.224160e-01 5.489190e-01 2.524938e+00
-4.170200e-02 3.048380e-01 2.630430e+00
-2.033470e-01 1.622870e-01 2.713809e+00
-1.685600e-02 -4.102500e-02 2.559623e+00
-4.397070e-01 1.835300e-02 2.649456e+00
-3.957030e-01 -2.678410e-01 2.616042e+00
-3.875590e-01 -3.327280e-01 2.612626e+00
-2.903230e-01 -5.490350e-01 2.693656e+00
-2.842750e-01 -9.506310e-01 2.759486e+00
-2.922290e-01 -9.762530e-01 2.603908e+00
-2.196410e-01 5.503200e-01 2.518632e+00
-4.431300e-02 3.088190e-01 2.623582e+00
-1.995600e-01 1.637340e-01 2.714413e+00
-2.165900e-02 -3.978300e-02 2.565622e+00
-4.401670e-01 1.465300e-02 2.651164e+00
-3.949600e-01 -2.709050e-01 2.617722e+00
-3.888340e-01 -3.359900e-01 2.621559e+00
-2.917220e-01 -5.477790e-01 2.697368e+00
-2.895820e-01 -9.503190e-01 2.757424e+00
-2.915500e-01 -9.736230e-01 2.601291e+00
-2.251300e-01 5.541890e-01 2.523152e+00
-4.787400e-02 3.040450e-01 2.616098e+00
-2.055430e-01 1.679520e-01 2.716202e+00
-2.368800e-02 -4.224800e-02 2.558948e+00
-4.382280e-01 2.289200e-02 2.649477e+00
-4.014420e-01 -2.643090e-01 2.621485e+00
-3.902240e-01 -3.288110e-01 2.620116e+00
-2.928820e-01 -5.467200e-01 2.697424e+00
-2.885770e-01 -9.490460e-01 2.758780e+00
-2.978310e-01 -9.729040e-01 2.602993e+00
-2.283600e-01 5.557220e-01 2.518420e+00
-4.030300e-02 3.128540e-01 2.618711e+00
-1.917550e-01 1.694870e-01 2.718261e+00
-2.730800e-02 -3.837000e-02 2.545721e+00
-4.380980e-01 2.320200e-02 2.653814e+00
-4.061120e-01 -2.630040e-01 2.632596e+00
-3.920230e-01 -3.258840e-01 2.620937e+00
-2.930390e-01 -5.464330e-01 2.697495e+00
-2.909740e-01 -9.489370e-01 2.757794e+00
-3.109030e-01 -9.722400e-01 2.602926e+00
-2.288960e-01 5.591110e-01 2.525934e+00
-3.429000e-02 3.176770e-01 2.614218e+00
-2.322970e-01 3.565040e-01 2.495225e+00
-1.814440e-01 1.761010e-01 2.722402e+00
-3.571640e-01 -4.181400e-02 2.598941e+00
-1.885000e-02 -4.429300e-02 2.542490e+00
-1.691300e-01 -4.705600e-02 2.684020e+00
-4.377120e-01 3.083500e-02 2.664000e+00
1.547350e-01 2.015920e-01 2.459457e+00
-3.991840e-01 -2.489250e-01 2.621399e+00
3.615100e-01 1.176170e-01 2.281251e+00
-3.891440e-01 -3.136100e-01 2.619575e+00
3.998930e-01 8.601400e-02 2.238634e+00
-2.939380e-01 -5.397870e-01 2.693130e+00
-9.294400e-02 -5.443670e-01 2.660150e+00
-2.918570e-01 -9.429300e-01 2.748995e+00
-7.782900e-02 -9.424430e-01 2.743554e+00
-3.186820e-01 -9.644210e-01 2.594907e+00
-1.034850e-01 -9.753190e-01 2.591287e+00
-2.283660e-01 5.705550e-01 2.539132e+00
-3.706970e-01 2.957150e-01 2.680463e+00
-3.395500e-02 3.127300e-01 2.607382e+00
-2.365500e-01 3.574400e-01 2.498615e+00
-1.789500e-01 1.733260e-01 2.721158e+00
-3.573350e-01 -4.583800e-02 2.608048e+00
-2.216300e-02 -4.752400e-02 2.535203e+00
-1.653550e-01 -4.897200e-02 2.683920e+00
-4.413730e-01 3.566900e-02 2.682089e+00
1.255410e-01 2.247700e-01 2.408772e+00
-4.030300e-01 -2.404470e-01 2.625008e+00
3.135390e-01 1.777750e-01 2.200406e+00
-3.920560e-01 -3.049980e-01 2.625945e+00
3.668220e-01 1.674900e-01 2.163754e+00
-2.904190e-01 -5.448320e-01 2.694705e+00
-9.165900e-02 -5.476850e-01 2.658486e+00
-2.911870e-01 -9.477210e-01 2.752399e+00
-7.487800e-02 -9.454210e-01 2.743184e+00
-3.249990e-01 -9.695190e-01 2.599736e+00
-1.077600e-01 -9.789080e-01 2.592446e+00
-2.298690e-01 5.694650e-01 2.542856e+00
-3.679510e-01 2.980500e-01 2.678466e+00
-3.061300e-02 3.100410e-01 2.607162e+00
-2.320530e-01 3.548930e-01 2.496328e+00
-1.778030e-01 1.743770e-01 2.722628e+00
-3.538740e-01 -4.199800e-02 2.604772e+00
-1.669900e-02 -5.149100e-02 2.542548e+00
-1.644980e-01 -4.915000e-02 2.686674e+00
-4.358140e-01 3.900300e-02 2.685391e+00
7.727900e-02 2.567220e-01 2.367840e+00
-4.009990e-01 -2.351400e-01 2.625065e+00
2.332010e-01 2.269500e-01 2.133729e+00
-3.949470e-01 -3.000720e-01 2.631021e+00
2.833580e-01 2.221440e-01 2.091904e+00
-2.916530e-01 -5.436240e-01 2.692728e+00
-9.109300e-02 -5.500760e-01 2.660054e+00
-2.906360e-01 -9.465270e-01 2.750329e+00
-7.404200e-02 -9.489090e-01 2.739367e+00
-3.207160e-01 -9.685350e-01 2.596916e+00
-1.030970e-01 -9.803700e-01 2.587412e+00
-2.218490e-01 5.766390e-01 2.555316e+00
-3.624720e-01 3.028970e-01 2.699964e+00
-3.189200e-02 2.955940e-01 2.601536e+00
-2.365850e-01 3.676690e-01 2.513334e+00
-1.810350e-01 1.606020e-01 2.715270e+00
-3.472520e-01 -4.350100e-02 2.620912e+00
-1.930000e-02 -4.545000e-02 2.520448e+00
-1.496050e-01 -4.286800e-02 2.680562e+00
-4.244490e-01 4.072100e-02 2.682088e+00
1.141200e-02 2.818940e-01 2.335390e+00
-3.978480e-01 -2.387520e-01 2.632478e+00
7.642000e-02 2.875020e-01 2.057871e+00
-3.861630e-01 -3.005600e-01 2.614271e+00
9.153400e-02 2.889220e-01 1.994170e+00
-2.878770e-01 -5.449510e-01 2.687600e+00
-8.657800e-02 -5.438250e-01 2.661291e+00
-2.865800e-01 -9.467010e-01 2.752751e+00
-7.033900e-02 -9.426890e-01 2.740615e+00
-3.341580e-01 -9.709470e-01 2.604181e+00
-1.157240e-01 -9.739590e-01 2.592673e+00
-2.092290e-01 5.631690e-01 2.550526e+00
-3.705690e-01 2.960820e-01 2.669355e+00
-3.951900e-02 2.843840e-01 2.572952e+00
-2.468490e-01 3.279790e-01 2.473015e+00
-1.829090e-01 1.681440e-01 2.711981e+00
-3.457840e-01 -5.179100e-02 2.611685e+00
-1.533200e-02 -6.414300e-02 2.520594e+00
-1.498670e-01 -5.285500e-02 2.676784e+00
-4.250910e-01 3.269000e-02 2.674877e+00
-3.927300e-02 2.542770e-01 2.305610e+00
-3.938420e-01 -2.454980e-01 2.626590e+00
-9.790900e-02 3.272680e-01 2.037411e+00
-3.785280e-01 -3.067800e-01 2.609322e+00
-1.120570e-01 3.391260e-01 1.974582e+00
-2.844690e-01 -5.545130e-01 2.692909e+00
-8.272600e-02 -5.566340e-01 2.670378e+00
-2.838210e-01 -9.562960e-01 2.757865e+00
-7.091700e-02 -9.570920e-01 2.742090e+00
-3.274450e-01 -9.805800e-01 2.608092e+00
-1.134070e-01 -9.851070e-01 2.592643e+00
-2.026630e-01 5.740610e-01 2.555977e+00
-3.699710e-01 2.604510e-01 2.689199e+00
-4.877600e-02 2.812030e-01 2.567413e+00
-2.655360e-01 3.123230e-01 2.486033e+00
-1.699190e-01 1.466570e-01 2.709982e+00
-3.429810e-01 -6.709600e-02 2.626646e+00
-2.201700e-02 -7.353000e-02 2.505857e+00
-1.419730e-01 -6.247200e-02 2.673520e+00
-4.250110e-01 -1.773000e-03 2.665145e+00
-8.187500e-02 2.753170e-01 2.300507e+00
-3.736060e-01 -2.759290e-01 2.611460e+00
-2.275600e-01 3.327950e-01 2.063529e+00
-3.607380e-01 -3.394680e-01 2.602217e+00
-2.672080e-01 3.668800e-01 2.024103e+00
-2.792160e-01 -5.689720e-01 2.695248e+00
-8.008500e-02 -5.635110e-01 2.679028e+00
-2.887520e-01 -9.717440e-01 2.752983e+00
-6.702200e-02 -9.647530e-01 2.745981e+00
-3.446780e-01 -9.913940e-01 2.606659e+00
-1.221640e-01 -9.908460e-01 2.600368e+00
-2.005210e-01 5.582590e-01 2.576863e+00
-3.535060e-01 2.676510e-01 2.709205e+00
-4.384800e-02 2.678230e-01 2.564335e+00
-2.608940e-01 3.185690e-01 2.500150e+00
-1.622110e-01 1.380170e-01 2.710870e+00
-3.365350e-01 -6.452500e-02 2.635383e+00
-2.405200e-02 -8.103300e-02 2.494916e+00
-1.330110e-01 -6.837400e-02 2.669816e+00
-4.229910e-01 1.668400e-02 2.648518e+00
-8.916100e-02 2.912840e-01 2.301862e+00
-3.801780e-01 -2.609220e-01 2.619979e+00
-3.049130e-01 3.371280e-01 2.125617e+00
-3.690980e-01 -3.225630e-01 2.600849e+00
-3.684320e-01 3.218010e-01 2.129927e+00
-2.830760e-01 -5.705620e-01 2.690446e+00
-8.046200e-02 -5.654000e-01 2.680943e+00
-2.875540e-01 -9.727490e-01 2.752690e+00
-6.737000e-02 -9.673190e-01 2.743702e+00
-3.541130e-01 -9.939200e-01 2.611106e+00
-1.327580e-01 -9.915650e-01 2.602065e+00
-1.920870e-01 5.524370e-01 2.578087e+00
-3.724430e-01 2.500340e-01 2.676872e+00
-3.390400e-02 2.710890e-01 2.613845e+00
-2.333660e-01 3.314610e-01 2.506869e+00
-1.830850e-01 1.209610e-01 2.706625e+00
-3.444390e-01 -7.780200e-02 2.594727e+00
-5.913000e-03 -7.589000e-02 2.539541e+00
-1.567170e-01 -7.279400e-02 2.680506e+00
-4.243360e-01 -1.031200e-02 2.654214e+00
-3.921600e-02 2.871110e-01 2.347947e+00
-3.796310e-01 -2.838010e-01 2.605738e+00
-1.871800e-01 3.524700e-01 2.117774e+00
-3.611950e-01 -3.441050e-01 2.588078e+00
-2.509890e-01 3.482100e-01 2.103685e+00
-2.851960e-01 -5.741670e-01 2.691533e+00
-8.088100e-02 -5.737920e-01 2.675389e+00
-2.872750e-01 -9.756290e-01 2.758415e+00
-7.156400e-02 -9.748780e-01 2.743887e+00
-3.131950e-01 -1.001090e+00 2.604778e+00
-9.629200e-02 -1.001686e+00 2.590283e+00
-1.951520e-01 5.445860e-01 2.599786e+00
-3.578720e-01 3.042080e-01 2.687481e+00
-2.414500e-02 2.807920e-01 2.603204e+00
-2.220410e-01 3.578080e-01 2.504313e+00
-1.830710e-01 1.555510e-01 2.714822e+00
-3.488850e-01 -4.953500e-02 2.603313e+00
-1.340400e-02 -6.193500e-02 2.532973e+00
-1.575620e-01 -5.583700e-02 2.680634e+00
-4.276850e-01 5.219600e-02 2.649695e+00
1.840500e-02 2.832850e-01 2.342444e+00
-4.019410e-01 -2.241360e-01 2.621182e+00
-5.564600e-02 3.721780e-01 2.088575e+00
-3.926640e-01 -2.886050e-01 2.614402e+00
-1.119340e-01 3.779020e-01 2.055604e+00
-2.889000e-01 -5.527460e-01 2.686497e+00
-8.512500e-02 -5.559550e-01 2.668698e+00
-2.904570e-01 -9.536360e-01 2.756740e+00
-7.077300e-02 -9.565830e-01 2.738986e+00
-3.244970e-01 -9.801140e-01 2.604869e+00
-1.041070e-01 -9.844080e-01 2.587200e+00
-1.933330e-01 5.668220e-01 2.565629e+00
-3.484490e-01 3.129520e-01 2.679356e+00
-9.171000e-03 2.882520e-01 2.621864e+00
-1.977670e-01 3.694910e-01 2.509144e+00
-1.776190e-01 1.619940e-01 2.717182e+00
-3.510900e-01 -3.703600e-02 2.584466e+00
-1.107900e-02 -6.201900e-02 2.546818e+00
-1.684860e-01 -5.022600e-02 2.679883e+00
-4.317930e-01 6.313800e-02 2.650413e+00
9.308900e-02 2.897900e-01 2.377464e+00
-4.130710e-01 -2.145720e-01 2.622409e+00
1.841400e-01 3.835840e-01 2.130138e+00
-4.051950e-01 -2.790740e-01 2.614304e+00
2.006470e-01 4.125620e-01 2.073782e+00
-2.932380e-01 -5.426670e-01 2.682788e+00
-9.183100e-02 -5.549880e-01 2.661525e+00
-2.920090e-01 -9.442780e-01 2.748791e+00
-7.856600e-02 -9.534620e-01 2.743328e+00
-3.125960e-01 -9.697230e-01 2.594346e+00
-9.820800e-02 -9.855910e-01 2.590010e+00
-1.972000e-01 5.699670e-01 2.563229e+00
-3.465050e-01 3.160160e-01 2.672763e+00
-7.374000e-03 2.836460e-01 2.619897e+00
-1.926400e-01 3.670290e-01 2.503657e+00
-1.792680e-01 1.621910e-01 2.714853e+00
-3.550490e-01 -3.675400e-02 2.585443e+00
-1.526300e-02 -6.216400e-02 2.546094e+00
-1.719750e-01 -5.000500e-02 2.679945e+00
-4.360140e-01 6.826200e-02 2.650682e+00
1.131120e-01 3.014200e-01 2.385273e+00
-4.146670e-01 -2.088050e-01 2.624392e+00
2.767970e-01 3.720290e-01 2.170484e+00
-4.032030e-01 -2.717400e-01 2.610392e+00
3.205710e-01 3.941870e-01 2.127111e+00
-2.922720e-01 -5.424650e-01 2.685336e+00
-9.401600e-02 -5.556190e-01 2.658048e+00
-2.928760e-01 -9.450880e-01 2.744869e+00
-7.614300e-02 -9.527980e-01 2.745101e+00
-3.138950e-01 -9.679440e-01 2.590078e+00
-9.639900e-02 -9.871880e-01 2.592355e+00
-2.019590e-01 5.707460e-01 2.563887e+00
-3.518060e-01 3.142420e-01 2.681132e+00
-1.641300e-02 2.903810e-01 2.603886e+00
-2.126220e-01 3.644330e-01 2.499521e+00
-1.770280e-01 1.669270e-01 2.715080e+00
-3.555210e-01 -3.853800e-02 2.597892e+00
-1.874500e-02 -5.991200e-02 2.536457e+00
-1.665730e-01 -5.028500e-02 2.680251e+00
-4.331990e-01 6.416500e-02 2.652311e+00
1.169980e-01 2.926970e-01 2.375435e+00
-4.123160e-01 -2.130220e-01 2.624572e+00
3.064810e-01 3.510230e-01 2.178628e+00
-4.058540e-01 -2.778510e-01 2.617955e+00
3.704190e-01 3.647320e-01 2.175139e+00
-2.927230e-01 -5.443300e-01 2.685829e+00
-9.393400e-02 -5.540730e-01 2.657333e+00
-2.941490e-01 -9.451120e-01 2.756690e+00
-7.877600e-02 -9.519510e-01 2.741667e+00
-3.246870e-01 -9.719740e-01 2.604143e+00
-1.086370e-01 -9.851840e-01 2.590246e+00
-1.991880e-01 5.740120e-01 2.556896e+00
-3.598240e-01 3.032480e-01 2.685698e+00
-2.387800e-02 2.987910e-01 2.607304e+00
-2.241630e-01 3.634980e-01 2.504480e+00
-1.771730e-01 1.652150e-01 2.717122e+00
-3.529730e-01 -4.466300e-02 2.592791e+00
-1.493100e-02 -5.821700e-02 2.536281e+00
-1.649810e-01 -5.091300e-02 2.677894e+00
-4.341460e-01 5.146300e-02 2.662240e+00
6.728900e-02 2.881600e-01 2.360231e+00
-4.126670e-01 -2.235290e-01 2.625211e+00
2.264440e-01 3.461780e-01 2.139421e+00
-4.016700e-01 -2.878440e-01 2.619650e+00
2.805960e-01 3.712330e-01 2.112439e+00
-2.909980e-01 -5.466110e-01 2.687777e+00
-9.089900e-02 -5.541420e-01 2.659870e+00
-2.933050e-01 -9.487670e-01 2.750343e+00
-7.565500e-02 -9.530450e-01 2.739199e+00
-3.208820e-01 -9.725090e-01 2.596719e+00
-1.026480e-01 -9.843770e-01 2.586837e+00
-2.045260e-01 5.757410e-01 2.567589e+00
-3.507990e-01 3.090680e-01 2.686285e+00
-1.267300e-02 2.861910e-01 2.621689e+00
-2.035520e-01 3.693890e-01 2.514373e+00
-1.790440e-01 1.576790e-01 2.717643e+00
-3.526400e-01 -4.314900e-02 2.592735e+00
-1.375000e-02 -5.371600e-02 2.540856e+00
-1.657970e-01 -4.824200e-02 2.680407e+00
-4.290660e-01 5.891200e-02 2.659930e+00
2.930800e-02 2.756120e-01 2.361835e+00
-4.062980e-01 -2.164430e-01 2.627753e+00
1.181450e-01 3.487520e-01 2.108591e+00
-3.970280e-01 -2.805410e-01 2.618069e+00
1.531630e-01 3.715950e-01 2.058191e+00
-2.869230e-01 -5.452030e-01 2.685910e+00
-8.706200e-02 -5.505260e-01 2.662232e+00
-2.889380e-01 -9.463930e-01 2.754408e+00
-7.375600e-02 -9.500570e-01 2.738701e+00
-3.140060e-01 -9.725040e-01 2.600738e+00
-9.833200e-02 -9.801620e-01 2.585684e+00
-1.992040e-01 5.685910e-01 2.571549e+00
-3.466450e-01 3.030180e-01 2.673225e+00
-1.181500e-02 2.719590e-01 2.601438e+00
-2.040150e-01 3.477820e-01 2.492873e+00
-1.750960e-01 1.531170e-01 2.711984e+00
-3.513820e-01 -4.923500e-02 2.603103e+00
-1.548600e-02 -6.405100e-02 2.535252e+00
-1.605990e-01 -5.474600e-02 2.681806e+00
-4.262150e-01 5.145200e-02 2.659890e+00
3.138000e-03 3.005900e-01 2.339234e+00
-4.033940e-01 -2.245300e-01 2.626289e+00
-5.903000e-03 3.649100e-01 2.067946e+00
-3.916300e-01 -2.869610e-01 2.610408e+00
1.508300e-02 3.915940e-01 2.011948e+00
-2.869110e-01 -5.543790e-01 2.684530e+00
-8.503700e-02 -5.579370e-01 2.668008e+00
-2.882310e-01 -9.557470e-01 2.751992e+00
-7.293700e-02 -9.578120e-01 2.742861e+00
-3.210880e-01 -9.812370e-01 2.599692e+00
-1.052070e-01 -9.871900e-01 2.591137e+00
-1.972050e-01 5.633120e-01 2.562643e+00
-3.729440e-01 2.546460e-01 2.715176e+00
-5.132600e-02 2.736430e-01 2.591782e+00
-2.660150e-01 3.389450e-01 2.524562e+00
-1.833560e-01 1.227870e-01 2.706728e+00
-3.378410e-01 -6.391100e-02 2.633061e+00
-1.988200e-02 -7.439900e-02 2.504839e+00
-1.358220e-01 -6.703300e-02 2.675503e+00
-4.241060e-01 3.828000e-03 2.649084e+00
-5.503100e-02 2.664240e-01 2.327530e+00
-3.861040e-01 -2.712630e-01 2.620660e+00
-1.893170e-01 3.304470e-01 2.091318e+00
-3.640220e-01 -3.265150e-01 2.593311e+00
-2.396970e-01 3.389160e-01 2.050351e+00
-2.841920e-01 -5.686640e-01 2.687541e+00
-7.981700e-02 -5.629570e-01 2.678974e+00
-2.860760e-01 -9.686920e-01 2.762526e+00
-7.051800e-02 -9.644950e-01 2.744779e+00
-3.471570e-01 -9.952360e-01 2.619385e+00
-1.293420e-01 -9.895140e-01 2.600425e+00
-1.989000e-01 5.401620e-01 2.583326e+00
-3.595670e-01 2.586820e-01 2.663460e+00
-2.020100e-02 2.627040e-01 2.604982e+00
-2.151620e-01 3.210760e-01 2.489886e+00
-1.754580e-01 1.259410e-01 2.706881e+00
-3.446870e-01 -7.493300e-02 2.585218e+00
-3.694000e-03 -8.176400e-02 2.548805e+00
-1.619090e-01 -7.403500e-02 2.681208e+00
-4.333350e-01 5.494000e-03 2.663216e+00
-4.546000e-02 2.683470e-01 2.342539e+00
-3.869780e-01 -2.641890e-01 2.611633e+00
-2.345220e-01 3.135700e-01 2.143167e+00
-3.760780e-01 -3.286100e-01 2.616026e+00
-2.995570e-01 3.064790e-01 2.146070e+00
-2.819760e-01 -5.733660e-01 2.692884e+00
-8.163400e-02 -5.769770e-01 2.679444e+00
-2.871930e-01 -9.742800e-01 2.762809e+00
-6.585200e-02 -9.784560e-01 2.744370e+00
-3.047760e-01 -1.001016e+00 2.608211e+00
-8.354700e-02 -1.004178e+00 2.589613e+00
-1.920680e-01 5.468510e-01 2.588574e+00
-3.697180e-01 2.350310e-01 2.620387e+00
-2.699000e-02 2.475650e-01 2.657873e+00
-1.859530e-01 3.169870e-01 2.500440e+00
-1.996630e-01 9.946700e-02 2.698525e+00
-3.326370e-01 -8.601400e-02 2.542787e+00
6.373000e-03 -9.262500e-02 2.594533e+00
-1.803960e-01 -8.566800e-02 2.682233e+00
-4.346090e-01 -1.688100e-02 2.659903e+00
-2.840200e-02 2.572560e-01 2.394936e+00
-3.786740e-01 -2.845240e-01 2.610641e+00
-1.807240e-01 3.033630e-01 2.167207e+00
-3.604490e-01 -3.448100e-01 2.592705e+00
-2.395180e-01 3.057650e-01 2.138472e+00
-2.839250e-01 -5.749890e-01 2.703554e+00
-8.047700e-02 -5.920710e-01 2.682058e+00
-2.833540e-01 -9.776170e-01 2.763045e+00
-7.480700e-02 -9.943630e-01 2.743527e+00
-2.620420e-01 -1.000453e+00 2.608291e+00
-5.214100e-02 -1.017650e+00 2.589033e+00
-1.936020e-01 5.256930e-01 2.597989e+00
-3.428270e-01 2.887110e-01 2.651934e+00
-1.830000e-04 2.504400e-01 2.639455e+00
-1.689770e-01 3.387020e-01 2.503102e+00
-1.845560e-01 1.312440e-01 2.711571e+00
-3.454570e-01 -7.158100e-02 2.569944e+00
-2.534000e-03 -7.410000e-02 2.563112e+00
-1.717130e-01 -7.378400e-02 2.681438e+00
-4.322710e-01 4.139300e-02 2.648447e+00
-2.233600e-02 2.691500e-01 2.378040e+00
-3.989150e-01 -2.327590e-01 2.619163e+00
-6.374000e-02 3.173480e-01 2.107685e+00
-3.902680e-01 -2.966550e-01 2.607726e+00
-1.019320e-01 3.242330e-01 2.054938e+00
-2.851750e-01 -5.664710e-01 2.690936e+00
-8.367900e-02 -5.720960e-01 2.677217e+00
-2.861010e-01 -9.675380e-01 2.760171e+00
-7.304900e-02 -9.736940e-01 2.742453e+00
-2.901670e-01 -9.943760e-01 2.604647e+00
-7.675400e-02 -9.990960e-01 2.586679e+00
-1.939960e-01 5.457940e-01 2.577730e+00
-3.461150e-01 3.200370e-01 2.663386e+00
-6.271000e-03 2.672060e-01 2.636182e+00
-1.775180e-01 3.593530e-01 2.505579e+00
-1.917730e-01 1.574750e-01 2.719548e+00
-3.478560e-01 -4.462600e-02 2.577766e+00
-6.194000e-03 -6.448900e-02 2.554937e+00
-1.695490e-01 -5.772700e-02 2.681000e+00
-4.302170e-01 7.088600e-02 2.644484e+00
4.506400e-02 2.599160e-01 2.377690e+00
-4.045660e-01 -2.054180e-01 2.622288e+00
9.038500e-02 3.225470e-01 2.110262e+00
-3.970510e-01 -2.670720e-01 2.601536e+00
5.147200e-02 3.352720e-01 2.059153e+00
-2.871930e-01 -5.479270e-01 2.682765e+00
-8.625700e-02 -5.568560e-01 2.672495e+00
-2.873190e-01 -9.485690e-01 2.754429e+00
-7.343700e-02 -9.578980e-01 2.740686e+00
-3.005310e-01 -9.762660e-01 2.599566e+00
-8.639100e-02 -9.846760e-01 2.585639e+00
-2.059780e-01 5.567690e-01 2.552783e+00
-3.477700e-01 3.194410e-01 2.653729e+00
-4.279000e-03 2.875020e-01 2.658087e+00
-1.677660e-01 3.728800e-01 2.513669e+00
-1.897430e-01 1.648100e-01 2.720948e+00
-3.485870e-01 -4.189800e-02 2.560048e+00
-6.095000e-03 -5.171900e-02 2.575918e+00
-1.828420e-01 -5.345900e-02 2.682595e+00
-4.340800e-01 6.645200e-02 2.647187e+00
6.877600e-02 2.729170e-01 2.401286e+00
-4.045980e-01 -2.124740e-01 2.614872e+00
1.605000e-01 3.163200e-01 2.137818e+00
-3.963470e-01 -2.773080e-01 2.610795e+00
1.772420e-01 3.221900e-01 2.074782e+00
-2.876820e-01 -5.402900e-01 2.680420e+00
-8.703700e-02 -5.498610e-01 2.669120e+00
-2.844020e-01 -9.398850e-01 2.757638e+00
-7.520600e-02 -9.502360e-01 2.741293e+00
-2.794610e-01 -9.697850e-01 2.602699e+00
-6.926400e-02 -9.780540e-01 2.586002e+00
-2.011740e-01 5.659290e-01 2.556083e+00
-3.575440e-01 3.198890e-01 2.656595e+00
-1.438000e-02 2.902670e-01 2.676234e+00
-1.710770e-01 3.888820e-01 2.532724e+00
-2.012950e-01 1.603360e-01 2.716012e+00
-3.477590e-01 -3.515200e-02 2.559623e+00
-5.848000e-03 -3.932700e-02 2.586607e+00
-1.859300e-01 -4.668400e-02 2.687298e+00
-4.335850e-01 6.225300e-02 2.639462e+00
9.713100e-02 2.816240e-01 2.431401e+00
-4.016440e-01 -2.186800e-01 2.610550e+00
2.281760e-01 2.889360e-01 2.179304e+00
-3.916150e-01 -2.828600e-01 2.602272e+00
2.495270e-01 2.957350e-01 2.117773e+00
-2.873310e-01 -5.323580e-01 2.678741e+00
-8.792500e-02 -5.412170e-01 2.666194e+00
-2.851620e-01 -9.324490e-01 2.753384e+00
-7.612800e-02 -9.411800e-01 2.740621e+00
-2.744740e-01 -9.612810e-01 2.598532e+00
-6.441400e-02 -9.696490e-01 2.585777e+00
-2.071250e-01 5.603950e-01 2.559163e+00
-3.644660e-01 3.096840e-01 2.673156e+00
-2.242600e-02 2.940990e-01 2.630840e+00
-2.081360e-01 3.682330e-01 2.508818e+00
-1.912220e-01 1.643120e-01 2.720646e+00
-3.495450e-01 -4.127900e-02 2.587910e+00
-9.426000e-03 -4.800000e-02 2.544053e+00
-1.648570e-01 -4.794600e-02 2.679935e+00
-4.320210e-01 5.141700e-02 2.637888e+00
1.286230e-01 2.618470e-01 2.410265e+00
-4.014210e-01 -2.296610e-01 2.607862e+00
2.647570e-01 2.555130e-01 2.160725e+00
-3.938430e-01 -2.943170e-01 2.600765e+00
2.785960e-01 2.535080e-01 2.096751e+00
-2.878440e-01 -5.427980e-01 2.677105e+00
-8.817700e-02 -5.437740e-01 2.671214e+00
-2.919010e-01 -9.433360e-01 2.749229e+00
-7.490100e-02 -9.437080e-01 2.745554e+00
-3.131210e-01 -9.708520e-01 2.595226e+00
-9.566100e-02 -9.729750e-01 2.591810e+00
-2.029110e-01 5.682000e-01 2.555559e+00
-3.704100e-01 3.150630e-01 2.669562e+00
-2.664400e-02 3.080400e-01 2.641267e+00
-2.090150e-01 3.774170e-01 2.511647e+00
-1.956640e-01 1.741120e-01 2.724319e+00
-3.510950e-01 -3.553900e-02 2.579172e+00
-8.783000e-03 -4.614600e-02 2.560216e+00
-1.737260e-01 -4.530300e-02 2.684375e+00
-4.306090e-01 5.782700e-02 2.639301e+00
1.230260e-01 2.293510e-01 2.436043e+00
-4.049060e-01 -2.204240e-01 2.611877e+00
2.556690e-01 2.079370e-01 2.189500e+00
-3.937940e-01 -2.831900e-01 2.596874e+00
2.858390e-01 2.036100e-01 2.131541e+00
-2.865720e-01 -5.383080e-01 2.676232e+00
-8.743400e-02 -5.419020e-01 2.673965e+00
-2.890970e-01 -9.385430e-01 2.750086e+00
-7.333700e-02 -9.431960e-01 2.740402e+00
-2.993260e-01 -9.670690e-01 2.595147e+00
-8.350400e-02 -9.692760e-01 2.585028e+00
-2.071180e-01 5.694160e-01 2.543035e+00
-3.795950e-01 3.136710e-01 2.678944e+00
-3.732600e-02 3.087040e-01 2.635909e+00
-2.254600e-01 3.776400e-01 2.514554e+00
-2.019010e-01 1.734580e-01 2.725493e+00
-3.532700e-01 -3.689100e-02 2.593521e+00
-1.328100e-02 -3.945500e-02 2.548249e+00
-1.681900e-01 -4.553100e-02 2.684589e+00
-4.351580e-01 6.211200e-02 2.645291e+00
1.136990e-01 1.881980e-01 2.462208e+00
-4.081950e-01 -2.097120e-01 2.619897e+00
2.385930e-01 1.152200e-01 2.229108e+00
-3.971750e-01 -2.730000e-01 2.607195e+00
2.637860e-01 8.764300e-02 2.175321e+00
-2.831540e-01 -5.385460e-01 2.676581e+00
-8.595000e-02 -5.371540e-01 2.669039e+00
-2.858070e-01 -9.374430e-01 2.757351e+00
-7.404700e-02 -9.378150e-01 2.739596e+00
-3.070900e-01 -9.683520e-01 2.604001e+00
-9.491200e-02 -9.655570e-01 2.585585e+00
-2.139310e-01 5.682940e-01 2.543351e+00
-3.788370e-01 3.085770e-01 2.685687e+00
-3.800000e-02 3.034240e-01 2.632505e+00
-2.293730e-01 3.752580e-01 2.518093e+00
-2.003510e-01 1.669600e-01 2.724274e+00
-3.570080e-01 -3.889500e-02 2.600353e+00
-1.729100e-02 -4.214900e-02 2.553122e+00
-1.713990e-01 -4.643000e-02 2.690435e+00
-4.363740e-01 5.852000e-02 2.647441e+00
1.067140e-01 1.488850e-01 2.482581e+00
-4.098310e-01 -2.128320e-01 2.620978e+00
2.214290e-01 5.423400e-02 2.252541e+00
-3.950430e-01 -2.759700e-01 2.611855e+00
2.486480e-01 3.181800e-02 2.197360e+00
-2.838300e-01 -5.420580e-01 2.679132e+00
-8.591000e-02 -5.408810e-01 2.669364e+00
-2.894140e-01 -9.424110e-01 2.752176e+00
-7.315100e-02 -9.416890e-01 2.738929e+00
-3.113410e-01 -9.701760e-01 2.598316e+00
-9.493600e-02 -9.691010e-01 2.584986e+00
-2.175730e-01 5.596460e-01 2.540673e+00
-3.828290e-01 3.160460e-01 2.677315e+00
-4.310700e-02 3.034420e-01 2.618533e+00
-2.361220e-01 3.667700e-01 2.501878e+00
-2.046170e-01 1.767720e-01 2.724698e+00
-3.555040e-01 -4.031100e-02 2.595584e+00
-1.571600e-02 -4.614200e-02 2.549118e+00
-1.700760e-01 -4.536900e-02 2.686212e+00
-4.350980e-01 6.189300e-02 2.655116e+00
9.272000e-02 1.154170e-01 2.500144e+00
-4.065050e-01 -2.096060e-01 2.622210e+00
1.987550e-01 -3.261200e-02 2.294095e+00
-3.953090e-01 -2.736650e-01 2.614505e+00
2.048300e-01 -7.185400e-02 2.242023e+00
-2.872980e-01 -5.427370e-01 2.682018e+00
-8.672300e-02 -5.439070e-01 2.669016e+00
-2.852060e-01 -9.424450e-01 2.758684e+00
-7.108900e-02 -9.440080e-01 2.741978e+00
-3.077240e-01 -9.719940e-01 2.605242e+00
-9.287200e-02 -9.728840e-01 2.588302e+00
-2.176700e-01 5.735230e-01 2.541545e+00
-3.828070e-01 3.029320e-01 2.690366e+00
-4.708000e-02 3.032870e-01 2.610917e+00
-2.485330e-01 3.657290e-01 2.508980e+00
-1.982310e-01 1.672270e-01 2.720657e+00
-3.496170e-01 -4.012300e-02 2.610671e+00
-1.599700e-02 -4.791000e-02 2.531386e+00
-1.562510e-01 -4.481300e-02 2.682851e+00
-4.287650e-01 4.782900e-02 2.648422e+00
6.941200e-02 7.521300e-02 2.552942e+00
-4.022430e-01 -2.266120e-01 2.619236e+00
1.579210e-01 -1.366840e-01 2.397576e+00
-3.938750e-01 -2.914090e-01 2.614816e+00
1.603790e-01 -1.891650e-01 2.358487e+00
-2.869530e-01 -5.438730e-01 2.682880e+00
-8.638600e-02 -5.439220e-01 2.667186e+00
-2.897910e-01 -9.430610e-01 2.762194e+00
-7.374900e-02 -9.431750e-01 2.745200e+00
-3.275670e-01 -9.726750e-01 2.611793e+00
-1.102950e-01 -9.737420e-01 2.594685e+00
-2.160390e-01 5.608530e-01 2.536256e+00
-3.815530e-01 2.971270e-01 2.695027e+00
-4.654000e-02 3.049050e-01 2.612988e+00
-2.496500e-01 3.682880e-01 2.514996e+00
-1.949530e-01 1.629140e-01 2.718884e+00
-3.521720e-01 -4.445600e-02 2.610956e+00
-1.949900e-02 -4.374400e-02 2.527427e+00
-1.578450e-01 -4.470600e-02 2.680665e+00
-4.309180e-01 3.952900e-02 2.652146e+00
5.889300e-02 6.343800e-02 2.578201e+00
-4.011050e-01 -2.382410e-01 2.625597e+00
1.290220e-01 -1.884010e-01 2.476176e+00
-3.882680e-01 -3.020520e-01 2.618410e+00
1.169260e-01 -2.390290e-01 2.436443e+00
-2.885180e-01 -5.446300e-01 2.685508e+00
-8.753700e-02 -5.418000e-01 2.666197e+00
-2.894970e-01 -9.456940e-01 2.754758e+00
-7.231700e-02 -9.414420e-01 2.741724e+00
-3.284710e-01 -9.716320e-01 2.603984e+00
-1.098770e-01 -9.712970e-01 2.591317e+00
-2.181420e-01 5.527270e-01 2.531590e+00
-3.834400e-01 2.968990e-01 2.684575e+00
-4.790300e-02 2.880450e-01 2.604815e+00
-2.482730e-01 3.509650e-01 2.501053e+00
-2.014910e-01 1.587060e-01 2.719201e+00
-3.626030e-01 -5.873100e-02 2.606807e+00
-2.763200e-02 -4.488600e-02 2.534337e+00
-1.707740e-01 -5.283000e-02 2.682895e+00
-4.320500e-01 3.587200e-02 2.651373e+00
4.190900e-02 3.598500e-02 2.605373e+00
-4.005390e-01 -2.437480e-01 2.625892e+00
9.761200e-02 -2.331650e-01 2.539916e+00
-3.914350e-01 -3.085210e-01 2.622763e+00
6.247900e-02 -2.680630e-01 2.497066e+00
-2.896470e-01 -5.543840e-01 2.687925e+00
-8.744200e-02 -5.466120e-01 2.667850e+00
-2.899040e-01 -9.558530e-01 2.754792e+00
-7.329500e-02 -9.464490e-01 2.742543e+00
-3.221420e-01 -9.812240e-01 2.602341e+00
-1.043970e-01 -9.759340e-01 2.590596e+00
-2.203350e-01 5.532210e-01 2.534513e+00
-3.775950e-01 2.878670e-01 2.669140e+00
-3.711000e-02 2.900170e-01 2.613548e+00
-2.315570e-01 3.454960e-01 2.495285e+00
-1.940420e-01 1.561500e-01 2.717729e+00
-3.687280e-01 -5.607300e-02 2.588394e+00
-2.820500e-02 -5.479600e-02 2.547270e+00
-1.846800e-01 -5.834000e-02 2.681901e+00
-4.274520e-01 2.268100e-02 2.652813e+00
2.880400e-02 2.887500e-02 2.636689e+00
-3.994080e-01 -2.585370e-01 2.612772e+00
1.455600e-02 -2.552270e-01 2.613092e+00
-3.901710e-01 -3.219710e-01 2.626155e+00
1.335000e-03 -3.190380e-01 2.606634e+00
-2.840860e-01 -5.535610e-01 2.690850e+00
-7.989500e-02 -5.520160e-01 2.668428e+00
-2.879120e-01 -9.560170e-01 2.751379e+00
-7.377900e-02 -9.528130e-01 2.738950e+00
-3.061220e-01 -9.791710e-01 2.596277e+00
-9.150600e-02 -9.802610e-01 2.584493e+00
-2.138370e-01 5.562790e-01 2.542584e+00
-3.841440e-01 2.830130e-01 2.670376e+00
-4.310200e-02 3.015470e-01 2.621675e+00
-2.375610e-01 3.474900e-01 2.499409e+00
-1.954760e-01 1.603420e-01 2.722894e+00
-3.682700e-01 -5.447300e-02 2.592376e+00
-2.835600e-02 -5.532800e-02 2.546474e+00
-1.829460e-01 -5.818700e-02 2.683282e+00
-4.270520e-01 1.652000e-02 2.648066e+00
2.664200e-02 4.049200e-02 2.640209e+00
-3.979950e-01 -2.657830e-01 2.612726e+00
1.546700e-02 -2.447580e-01 2.623008e+00
-3.889180e-01 -3.294600e-01 2.625021e+00
5.430000e-04 -3.076050e-01 2.612252e+00
-2.854880e-01 -5.539870e-01 2.687734e+00
-8.574900e-02 -5.517970e-01 2.671766e+00
-2.917450e-01 -9.559800e-01 2.751075e+00
-7.091800e-02 -9.523900e-01 2.742151e+00
-3.123090e-01 -9.800310e-01 2.596404e+00
-9.182700e-02 -9.802210e-01 2.588161e+00
-2.100270e-01 5.506380e-01 2.530979e+00
-3.811190e-01 2.975630e-01 2.674492e+00
-3.940400e-02 3.083210e-01 2.628231e+00
-2.318180e-01 3.619300e-01 2.505851e+00
-1.960160e-01 1.689390e-01 2.725426e+00
-3.683420e-01 -4.480900e-02 2.598397e+00
-2.921800e-02 -4.806900e-02 2.547076e+00
-1.816320e-01 -5.057500e-02 2.686311e+00
-4.280040e-01 3.218300e-02 2.649328e+00
2.409900e-02 4.561500e-02 2.642754e+00
-4.066340e-01 -2.502430e-01 2.611164e+00
1.730700e-02 -2.395940e-01 2.625815e+00
-3.883860e-01 -3.131260e-01 2.612129e+00
-8.120000e-04 -3.017480e-01 2.615973e+00
-2.862040e-01 -5.462780e-01 2.686785e+00
-8.682900e-02 -5.441980e-01 2.671966e+00
-2.899620e-01 -9.480870e-01 2.751476e+00
-7.295000e-02 -9.450340e-01 2.741154e+00
-3.133970e-01 -9.726900e-01 2.597301e+00
-9.654100e-02 -9.723790e-01 2.587465e+00
-2.041720e-01 5.592280e-01 2.533843e+00
-3.864060e-01 2.986120e-01 2.678945e+00
-4.538400e-02 2.972540e-01 2.626719e+00
-2.376750e-01 3.607830e-01 2.508981e+00
-2.055600e-01 1.619380e-01 2.723853e+00
-3.703680e-01 -4.762900e-02 2.602651e+00
-3.201800e-02 -4.862800e-02 2.546372e+00
-1.823720e-01 -5.371100e-02 2.687759e+00
-4.319220e-01 3.292700e-02 2.645897e+00
2.541700e-02 3.621800e-02 2.651216e+00
-4.043590e-01 -2.503570e-01 2.610985e+00
1.567200e-02 -2.491550e-01 2.624840e+00
-3.873300e-01 -3.134430e-01 2.606687e+00
1.157000e-03 -3.129960e-01 2.623456e+00
-2.846410e-01 -5.489650e-01 2.686876e+00
-8.555700e-02 -5.438980e-01 2.676041e+00
-2.924980e-01 -9.506370e-01 2.752045e+00
-7.204600e-02 -9.457300e-01 2.739269e+00
-3.177410e-01 -9.751140e-01 2.598135e+00
-9.770000e-02 -9.707850e-01 2.585520e+00
-2.084470e-01 5.539210e-01 2.535982e+00
