-3.680130e-01 2.074850e-01 2.755294e+00
1.973000e-02 2.178000e-01 2.764923e+00
-1.752620e-01 1.005840e-01 2.925295e+00
-4.084700e-02 -1.641620e-01 2.799301e+00
-3.956900e-01 -6.120000e-02 2.720004e+00
-3.235280e-01 -3.453290e-01 2.671433e+00
-2.995450e-01 -4.158220e-01 2.677616e+00
-4.063400e-02 -6.374390e-01 2.751246e+00
-9.578600e-02 -1.043633e+00 2.827760e+00
5.222000e-02 -1.081481e+00 2.733516e+00
-1.794180e-01 5.372630e-01 2.651358e+00
2.671400e-02 2.265260e-01 2.769897e+00
-1.810420e-01 1.232810e-01 2.923711e+00
-3.385100e-02 -1.592530e-01 2.795993e+00
-4.048180e-01 -4.602600e-02 2.734681e+00
-3.372340e-01 -3.269870e-01 2.666366e+00
-3.104080e-01 -3.953270e-01 2.680246e+00
-3.883400e-02 -6.320420e-01 2.749952e+00
-9.427400e-02 -1.036975e+00 2.832683e+00
5.149600e-02 -1.076731e+00 2.735776e+00
-1.741850e-01 5.338630e-01 2.648618e+00
2.170200e-02 2.273580e-01 2.768872e+00
-1.835740e-01 1.222280e-01 2.924725e+00
-2.901300e-02 -1.602600e-01 2.796796e+00
-3.985090e-01 -4.835200e-02 2.735381e+00
-3.395460e-01 -3.326520e-01 2.676648e+00
-3.079400e-01 -3.999970e-01 2.683603e+00
-4.501200e-02 -6.362500e-01 2.753703e+00
-9.102800e-02 -1.043074e+00 2.832863e+00
5.237800e-02 -1.079097e+00 2.731092e+00
-1.743220e-01 5.350320e-01 2.665243e+00
2.510700e-02 2.195440e-01 2.772661e+00
-1.799370e-01 1.115960e-01 2.926884e+00
-2.852100e-02 -1.609280e-01 2.800132e+00
-3.968510e-01 -4.725300e-02 2.733914e+00
-3.339980e-01 -3.315110e-01 2.676684e+00
-3.058550e-01 -4.004980e-01 2.682283e+00
-4.510400e-02 -6.369590e-01 2.750984e+00
-9.240300e-02 -1.042094e+00 2.837685e+00
4.990400e-02 -1.080621e+00 2.735289e+00
-1.727690e-01 5.398500e-01 2.652427e+00
3.102700e-02 2.172900e-01 2.763868e+00
-1.790740e-01 1.213680e-01 2.919230e+00
-2.513600e-02 -1.617910e-01 2.800603e+00
-3.921140e-01 -4.390300e-02 2.739565e+00
-3.366730e-01 -3.287780e-01 2.680086e+00
-3.184090e-01 -3.998330e-01 2.694235e+00
-4.124400e-02 -6.359420e-01 2.754998e+00
-9.377800e-02 -1.042804e+00 2.829782e+00
5.243100e-02 -1.079588e+00 2.732365e+00
-1.737970e-01 5.401490e-01 2.658116e+00
3.556700e-02 2.159170e-01 2.766162e+00
-1.755410e-01 1.208120e-01 2.920660e+00
-2.505500e-02 -1.632560e-01 2.801420e+00
-3.918020e-01 -4.109600e-02 2.737744e+00
-3.362730e-01 -3.266740e-01 2.680141e+00
-3.228940e-01 -3.982670e-01 2.696818e+00
-4.321500e-02 -6.393130e-01 2.755717e+00
-9.386800e-02 -1.047053e+00 2.826932e+00
5.133400e-02 -1.082455e+00 2.727517e+00
-1.691750e-01 5.348910e-01 2.662950e+00
3.074800e-02 2.153510e-01 2.780115e+00
-1.809840e-01 1.057070e-01 2.923740e+00
-2.542500e-02 -1.643380e-01 2.806122e+00
-3.939260e-01 -4.269600e-02 2.736726e+00
-3.336290e-01 -3.272540e-01 2.682201e+00
-3.153060e-01 -3.993150e-01 2.689559e+00
-4.669000e-02 -6.415000e-01 2.756148e+00
-9.308800e-02 -1.050009e+00 2.825838e+00
5.232700e-02 -1.083542e+00 2.726087e+00
-1.802790e-01 5.327790e-01 2.652821e+00
2.402900e-02 2.199790e-01 2.782819e+00
-1.802360e-01 9.880300e-02 2.927986e+00
-2.536500e-02 -1.642800e-01 2.809825e+00
-3.923460e-01 -4.637000e-02 2.738801e+00
-3.337810e-01 -3.303880e-01 2.678761e+00
-3.083390e-01 -4.004080e-01 2.684466e+00
-3.702100e-02 -6.384090e-01 2.755009e+00
-9.616400e-02 -1.044696e+00 2.827963e+00
5.419200e-02 -1.082804e+00 2.737623e+00
-1.753360e-01 5.396630e-01 2.666678e+00
2.119400e-02 2.233130e-01 2.788604e+00
-1.803950e-01 9.035700e-02 2.927044e+00
-1.810800e-02 -1.650140e-01 2.798952e+00
-3.970820e-01 -5.161600e-02 2.736883e+00
-3.301270e-01 -3.352770e-01 2.682279e+00
-3.068450e-01 -4.059470e-01 2.689082e+00
-3.377800e-02 -6.369440e-01 2.749113e+00
-9.849400e-02 -1.041286e+00 2.827902e+00
4.929400e-02 -1.083048e+00 2.734978e+00
-1.753660e-01 5.322610e-01 2.674279e+00
1.133900e-02 2.269780e-01 2.792733e+00
-1.904970e-01 9.493100e-02 2.931681e+00
-2.497200e-02 -1.639410e-01 2.801985e+00
-4.042250e-01 -5.016000e-02 2.738375e+00
-3.295970e-01 -3.306010e-01 2.682098e+00
-3.067590e-01 -4.015030e-01 2.687928e+00
-3.685900e-02 -6.371570e-01 2.748751e+00
-9.746700e-02 -1.041387e+00 2.831294e+00
4.857500e-02 -1.082842e+00 2.735515e+00
-1.771700e-01 5.360760e-01 2.683606e+00
6.086000e-03 2.385630e-01 2.791952e+00
-1.896610e-01 1.029280e-01 2.936060e+00
-2.520800e-02 -1.600030e-01 2.803608e+00
-4.023000e-01 -5.105000e-02 2.743696e+00
-3.379070e-01 -3.334300e-01 2.693092e+00
-3.104280e-01 -4.029090e-01 2.693414e+00
-4.078200e-02 -6.334660e-01 2.748956e+00
-9.650700e-02 -1.038849e+00 2.829257e+00
4.768500e-02 -1.078348e+00 2.729915e+00
-1.752900e-01 5.318900e-01 2.696713e+00
7.200000e-04 2.473420e-01 2.779896e+00
-1.921740e-01 1.189740e-01 2.934149e+00
-2.683000e-02 -1.577250e-01 2.802426e+00
-4.028650e-01 -4.800900e-02 2.749915e+00
-3.438880e-01 -3.296160e-01 2.691181e+00
-3.176520e-01 -3.994690e-01 2.695033e+00
-4.467100e-02 -6.301910e-01 2.750096e+00
-9.535000e-02 -1.036702e+00 2.828005e+00
4.844000e-02 -1.073944e+00 2.727218e+00
-1.761250e-01 5.475780e-01 2.692882e+00
-1.834000e-03 2.491540e-01 2.782163e+00
-1.873700e-01 2.715520e-01 2.640310e+00
-2.007640e-01 1.294420e-01 2.935711e+00
-3.141490e-01 -1.502960e-01 2.780233e+00
-3.008600e-02 -1.554160e-01 2.805562e+00
-1.903060e-01 -1.572530e-01 2.995994e+00
-4.044320e-01 -4.671600e-02 2.753293e+00
1.566210e-01 1.635890e-01 2.579915e+00
-3.429550e-01 -3.294730e-01 2.693528e+00
3.694210e-01 1.574990e-01 2.375119e+00
-3.218950e-01 -4.010700e-01 2.697130e+00
4.354930e-01 1.627470e-01 2.340628e+00
-4.510600e-02 -6.274270e-01 2.749198e+00
-3.150130e-01 -6.256460e-01 2.767034e+00
-9.647800e-02 -1.033756e+00 2.827599e+00
-2.923780e-01 -1.033648e+00 2.850169e+00
4.645000e-02 -1.071474e+00 2.725769e+00
-4.307480e-01 -1.063798e+00 2.739875e+00
-1.833340e-01 5.515570e-01 2.696244e+00
-3.189860e-01 2.153570e-01 2.867260e+00
2.264900e-02 2.243610e-01 2.684094e+00
-2.082660e-01 2.600470e-01 2.665291e+00
-6.821000e-02 1.061800e-01 2.918955e+00
-2.877280e-01 -1.535960e-01 2.852475e+00
-3.349600e-02 -1.639370e-01 2.723563e+00
-6.818900e-02 -1.510320e-01 2.969668e+00
-4.066580e-01 -2.065400e-02 2.766746e+00
1.573920e-01 2.251780e-01 2.448914e+00
-3.639320e-01 -3.064900e-01 2.704127e+00
3.519660e-01 3.205700e-01 2.247765e+00
-3.449870e-01 -3.786550e-01 2.708129e+00
4.236720e-01 3.053400e-01 2.233314e+00
-5.021200e-02 -6.379420e-01 2.740875e+00
-3.168270e-01 -6.247220e-01 2.776604e+00
-9.519500e-02 -1.042203e+00 2.832738e+00
-2.889670e-01 -1.033288e+00 2.855260e+00
6.220000e-04 -1.085896e+00 2.687376e+00
-4.507210e-01 -1.058492e+00 2.781634e+00
-1.729810e-01 5.355630e-01 2.703144e+00
-3.028210e-01 2.207160e-01 2.892631e+00
1.010100e-02 2.087960e-01 2.668327e+00
-2.177040e-01 2.535770e-01 2.676476e+00
-5.177400e-02 1.027700e-01 2.915976e+00
-2.772900e-01 -1.705500e-01 2.871605e+00
-4.586000e-02 -1.703630e-01 2.704875e+00
-4.235500e-02 -1.700040e-01 2.953723e+00
-4.046840e-01 -6.199000e-03 2.786131e+00
9.277900e-02 2.517420e-01 2.414342e+00
-3.679330e-01 -2.882970e-01 2.707498e+00
2.251330e-01 3.783360e-01 2.182942e+00
-3.555140e-01 -3.593770e-01 2.688104e+00
2.953540e-01 3.698650e-01 2.158860e+00
-4.694800e-02 -6.529720e-01 2.735986e+00
-3.141090e-01 -6.372710e-01 2.782962e+00
-9.329800e-02 -1.054222e+00 2.839614e+00
-2.818070e-01 -1.047192e+00 2.852317e+00
-1.025500e-02 -1.102940e+00 2.688119e+00
-4.527590e-01 -1.069146e+00 2.802178e+00
-1.825790e-01 5.317440e-01 2.704144e+00
-2.411890e-01 1.549060e-01 2.941923e+00
-4.754000e-03 2.313750e-01 2.643938e+00
-2.205070e-01 2.580210e-01 2.732192e+00
1.396000e-03 4.979900e-02 2.854825e+00
-2.544500e-01 -1.758460e-01 2.894924e+00
-8.116800e-02 -1.613680e-01 2.668819e+00
-5.848000e-03 -1.717520e-01 2.905794e+00
-3.992740e-01 -1.295300e-02 2.801362e+00
3.357300e-02 2.579120e-01 2.377979e+00
-3.797390e-01 -2.874340e-01 2.696224e+00
4.846200e-02 4.067590e-01 2.124251e+00
-3.506750e-01 -3.536220e-01 2.715121e+00
9.868700e-02 4.612190e-01 2.114547e+00
-4.016800e-02 -6.559090e-01 2.731511e+00
-3.098460e-01 -6.392490e-01 2.788633e+00
-9.671000e-02 -1.054105e+00 2.841656e+00
-2.705790e-01 -1.049455e+00 2.852495e+00
-4.294200e-02 -1.106812e+00 2.678711e+00
-4.485480e-01 -1.068588e+00 2.839024e+00
-1.781290e-01 5.163450e-01 2.683617e+00
-2.301270e-01 1.090510e-01 2.933856e+00
-1.057000e-03 2.216020e-01 2.641618e+00
-2.135070e-01 2.395090e-01 2.739557e+00
7.539000e-03 1.282700e-02 2.825520e+00
-2.322380e-01 -1.674560e-01 2.881816e+00
-7.168900e-02 -1.706680e-01 2.646076e+00
1.595900e-02 -1.855000e-01 2.878532e+00
-4.094390e-01 -3.642400e-02 2.795027e+00
-6.064800e-02 2.743060e-01 2.385442e+00
-3.599530e-01 -2.930820e-01 2.660663e+00
-2.096290e-01 3.799960e-01 2.156848e+00
-3.527370e-01 -3.493970e-01 2.709234e+00
-2.055920e-01 4.365540e-01 2.108191e+00
-3.984500e-02 -6.619740e-01 2.736798e+00
-3.076490e-01 -6.397880e-01 2.792135e+00
-9.750900e-02 -1.061210e+00 2.842506e+00
-2.625800e-01 -1.050198e+00 2.850626e+00
-6.101300e-02 -1.111102e+00 2.673986e+00
-4.410270e-01 -1.069497e+00 2.852711e+00
-1.666290e-01 4.987980e-01 2.664801e+00
-3.187300e-01 3.044420e-01 2.884289e+00
-1.129200e-02 2.444590e-01 2.664369e+00
-2.354060e-01 2.973980e-01 2.665073e+00
-7.138900e-02 1.835600e-01 2.925411e+00
-2.823630e-01 -1.309980e-01 2.852938e+00
-5.786800e-02 -1.209920e-01 2.677264e+00
-4.430900e-02 -1.323290e-01 2.925509e+00
-4.043570e-01 6.928000e-02 2.787664e+00
-1.001800e-01 2.630640e-01 2.413069e+00
-3.727380e-01 -2.150070e-01 2.725866e+00
-3.103400e-01 3.597330e-01 2.235734e+00
-3.546030e-01 -2.811260e-01 2.696167e+00
-3.758650e-01 3.729860e-01 2.202367e+00
-3.318400e-02 -6.061170e-01 2.723135e+00
-2.961650e-01 -6.035960e-01 2.779553e+00
-8.878100e-02 -1.004712e+00 2.832313e+00
-2.660530e-01 -1.014244e+00 2.845507e+00
7.396000e-03 -1.057083e+00 2.690089e+00
-4.415500e-01 -1.032418e+00 2.812479e+00
-1.683550e-01 5.631360e-01 2.655631e+00
-3.671820e-01 2.506690e-01 2.835259e+00
-1.793300e-02 2.713430e-01 2.681193e+00
-2.434650e-01 2.678650e-01 2.636647e+00
-1.108310e-01 1.932870e-01 2.927306e+00
-3.012860e-01 -1.278740e-01 2.817326e+00
-3.364800e-02 -1.090100e-01 2.720509e+00
-9.809700e-02 -1.182760e-01 2.960714e+00
-4.031240e-01 -8.072000e-03 2.778925e+00
-1.133420e-01 2.624630e-01 2.432763e+00
-3.551500e-01 -2.858750e-01 2.704767e+00
-3.545890e-01 3.430580e-01 2.292514e+00
-3.286410e-01 -3.557270e-01 2.704040e+00
-4.284800e-01 3.469410e-01 2.282139e+00
-3.237100e-02 -5.974360e-01 2.718875e+00
-2.892680e-01 -5.927040e-01 2.776639e+00
-8.921900e-02 -9.944500e-01 2.833057e+00
-2.775530e-01 -1.003625e+00 2.846612e+00
1.997300e-02 -1.048049e+00 2.701056e+00
-4.447840e-01 -1.019178e+00 2.783271e+00
-1.640240e-01 5.423200e-01 2.672555e+00
-3.570510e-01 2.602160e-01 2.830744e+00
-1.483100e-02 2.465910e-01 2.664992e+00
-2.396330e-01 2.626960e-01 2.627632e+00
-1.036970e-01 1.814820e-01 2.914968e+00
-2.896070e-01 -1.362420e-01 2.833128e+00
-3.421800e-02 -1.318850e-01 2.706177e+00
-7.135500e-02 -1.245600e-01 2.952155e+00
-4.016020e-01 1.492000e-03 2.781899e+00
-1.152300e-01 2.704710e-01 2.419549e+00
-3.739380e-01 -2.769530e-01 2.700935e+00
-3.556980e-01 3.580740e-01 2.282225e+00
-3.637820e-01 -3.489600e-01 2.718097e+00
-4.297560e-01 3.489370e-01 2.278410e+00
-4.009900e-02 -6.131850e-01 2.719530e+00
-2.993390e-01 -6.043670e-01 2.774849e+00
-9.280700e-02 -1.012200e+00 2.828606e+00
-2.732810e-01 -1.013992e+00 2.848454e+00
3.268000e-03 -1.063860e+00 2.686054e+00
-4.394160e-01 -1.036109e+00 2.784188e+00
-1.539910e-01 5.098700e-01 2.687936e+00
-3.632560e-01 2.387880e-01 2.821061e+00
-1.416700e-02 2.407920e-01 2.669366e+00
-2.377250e-01 2.528960e-01 2.623347e+00
-1.115590e-01 1.628320e-01 2.912496e+00
-2.957400e-01 -1.604340e-01 2.830281e+00
-3.062300e-02 -1.577070e-01 2.725091e+00
-8.839400e-02 -1.416090e-01 2.966631e+00
-3.966770e-01 -1.930200e-02 2.771922e+00
-7.534400e-02 2.760240e-01 2.414761e+00
-3.562230e-01 -2.976850e-01 2.706118e+00
-2.754570e-01 3.709580e-01 2.230347e+00
-3.421820e-01 -3.710490e-01 2.704300e+00
-3.404360e-01 3.795810e-01 2.194485e+00
-3.990500e-02 -6.336440e-01 2.723156e+00
-2.991550e-01 -6.290150e-01 2.777856e+00
-9.625800e-02 -1.031680e+00 2.833973e+00
-2.763910e-01 -1.038623e+00 2.852635e+00
4.755000e-03 -1.084577e+00 2.695342e+00
-4.353320e-01 -1.062071e+00 2.772583e+00
-1.605880e-01 5.225740e-01 2.702712e+00
-3.275090e-01 2.493890e-01 2.876252e+00
-2.885900e-02 2.308750e-01 2.640035e+00
-2.557570e-01 2.593690e-01 2.653093e+00
-6.699100e-02 1.542670e-01 2.899988e+00
-2.756810e-01 -1.513790e-01 2.854580e+00
-4.768000e-02 -1.537250e-01 2.683205e+00
-3.927300e-02 -1.403930e-01 2.931579e+00
-4.045310e-01 1.470100e-02 2.782670e+00
-3.556700e-02 2.762280e-01 2.380486e+00
-3.767020e-01 -2.614030e-01 2.705133e+00
-1.522420e-01 3.881110e-01 2.142726e+00
-3.627290e-01 -3.343510e-01 2.697018e+00
-2.071280e-01 4.075550e-01 2.095906e+00
-4.994100e-02 -6.339070e-01 2.715397e+00
-3.056780e-01 -6.218440e-01 2.774287e+00
-9.258000e-02 -1.031724e+00 2.832923e+00
-2.824600e-01 -1.031125e+00 2.850696e+00
-1.881500e-02 -1.085310e+00 2.678303e+00
-4.516230e-01 -1.051279e+00 2.794146e+00
-1.954790e-01 5.233020e-01 2.697663e+00
-2.312610e-01 1.804800e-01 2.922871e+00
-4.246000e-03 2.066430e-01 2.610982e+00
-2.106350e-01 2.633290e-01 2.704334e+00
-5.417000e-03 4.337200e-02 2.835256e+00
-2.648620e-01 -1.729950e-01 2.888461e+00
-1.054410e-01 -1.490840e-01 2.653147e+00
-1.648200e-02 -1.576180e-01 2.885421e+00
-3.890220e-01 2.072700e-02 2.785314e+00
3.967600e-02 2.715360e-01 2.360089e+00
-3.954080e-01 -2.559990e-01 2.708622e+00
7.904100e-02 4.079290e-01 2.110977e+00
-3.806180e-01 -3.277120e-01 2.693752e+00
8.817500e-02 4.439530e-01 2.046159e+00
-5.321600e-02 -6.468670e-01 2.706450e+00
-3.181560e-01 -6.303320e-01 2.787227e+00
-9.554500e-02 -1.038114e+00 2.844373e+00
-2.805720e-01 -1.040449e+00 2.852650e+00
-4.919300e-02 -1.100207e+00 2.682459e+00
-4.593210e-01 -1.056849e+00 2.852530e+00
-1.857630e-01 5.161350e-01 2.678678e+00
-2.236860e-01 1.044360e-01 2.933220e+00
-1.007600e-02 2.218010e-01 2.631326e+00
-2.145650e-01 2.433060e-01 2.744329e+00
1.929000e-03 4.276000e-03 2.804586e+00
-2.426190e-01 -1.589610e-01 2.870192e+00
-1.004210e-01 -1.689250e-01 2.623130e+00
4.652000e-03 -1.770850e-01 2.848587e+00
-3.968250e-01 7.433000e-03 2.760609e+00
8.716000e-02 2.680230e-01 2.392102e+00
-4.012260e-01 -2.405150e-01 2.616306e+00
2.289990e-01 3.652940e-01 2.163389e+00
-3.744270e-01 -3.053700e-01 2.641965e+00
2.785810e-01 3.815410e-01 2.109907e+00
-5.869400e-02 -6.543450e-01 2.714780e+00
-3.281280e-01 -6.324060e-01 2.795590e+00
-9.754300e-02 -1.047826e+00 2.847266e+00
-2.831460e-01 -1.043689e+00 2.847667e+00
-6.197700e-02 -1.107113e+00 2.681615e+00
-4.610830e-01 -1.061131e+00 2.863611e+00
-1.706440e-01 4.924440e-01 2.652139e+00
-2.183640e-01 1.046430e-01 2.940466e+00
-1.387200e-02 2.268290e-01 2.634202e+00
-2.156360e-01 2.450960e-01 2.752548e+00
5.003000e-03 8.093000e-03 2.805314e+00
-2.293620e-01 -1.643500e-01 2.864255e+00
-9.594000e-02 -1.794420e-01 2.612600e+00
1.541300e-02 -1.979950e-01 2.834398e+00
-3.972190e-01 5.996000e-03 2.774752e+00
1.219640e-01 2.666830e-01 2.413890e+00
-4.085450e-01 -2.345200e-01 2.618725e+00
3.198450e-01 3.324950e-01 2.218663e+00
-3.799060e-01 -3.011780e-01 2.636589e+00
3.787850e-01 3.334390e-01 2.172752e+00
-6.611900e-02 -6.689230e-01 2.721692e+00
-3.315380e-01 -6.346100e-01 2.802781e+00
-1.021970e-01 -1.064316e+00 2.849174e+00
-2.818610e-01 -1.046794e+00 2.841841e+00
-1.002560e-01 -1.119555e+00 2.678396e+00
-4.565830e-01 -1.064325e+00 2.879058e+00
-1.781580e-01 4.885430e-01 2.647857e+00
-2.424670e-01 1.010080e-01 2.932186e+00
-2.236300e-02 2.218120e-01 2.636375e+00
-2.326540e-01 2.346850e-01 2.739620e+00
-5.948000e-03 1.041700e-02 2.816718e+00
-2.320840e-01 -1.730350e-01 2.851805e+00
-8.185000e-02 -1.949250e-01 2.610330e+00
1.359200e-02 -2.108900e-01 2.839620e+00
-4.083430e-01 -1.374100e-02 2.763369e+00
1.262300e-01 2.649150e-01 2.422808e+00
-4.067540e-01 -2.510130e-01 2.602061e+00
3.359760e-01 3.164840e-01 2.232796e+00
-3.754940e-01 -3.176890e-01 2.614703e+00
4.075100e-01 3.139690e-01 2.211370e+00
-6.609700e-02 -6.806230e-01 2.720934e+00
-3.324050e-01 -6.415700e-01 2.805181e+00
-1.048100e-01 -1.075903e+00 2.847995e+00
-2.804060e-01 -1.052845e+00 2.850328e+00
-8.633700e-02 -1.132179e+00 2.678549e+00
-4.549760e-01 -1.070773e+00 2.888069e+00
-1.917450e-01 4.880200e-01 2.648133e+00
-2.391060e-01 9.195200e-02 2.925503e+00
-2.393200e-02 2.218680e-01 2.629925e+00
-2.325250e-01 2.313740e-01 2.736913e+00
-4.433000e-03 5.163000e-03 2.803533e+00
-2.380160e-01 -1.738990e-01 2.849230e+00
-9.102300e-02 -1.854380e-01 2.605059e+00
8.106000e-03 -2.067210e-01 2.832345e+00
-4.100460e-01 -1.954700e-02 2.759584e+00
1.035230e-01 2.633460e-01 2.403500e+00
-4.174570e-01 -2.455250e-01 2.582949e+00
2.795190e-01 3.334860e-01 2.187886e+00
-3.857330e-01 -3.130740e-01 2.586591e+00
3.448390e-01 3.486030e-01 2.154910e+00
-6.444700e-02 -6.779990e-01 2.721901e+00
-3.311720e-01 -6.386780e-01 2.799918e+00
-1.008350e-01 -1.075770e+00 2.841664e+00
-2.798490e-01 -1.050251e+00 2.843084e+00
-1.091640e-01 -1.126765e+00 2.669762e+00
-4.527400e-01 -1.067065e+00 2.888322e+00
-1.895830e-01 4.861920e-01 2.648489e+00
-2.350180e-01 1.008740e-01 2.937397e+00
-2.983500e-02 2.261290e-01 2.632840e+00
-2.345210e-01 2.378600e-01 2.746918e+00
-5.078000e-03 1.156800e-02 2.808429e+00
-2.365760e-01 -1.731880e-01 2.854347e+00
-9.613400e-02 -1.788410e-01 2.606146e+00
9.314000e-03 -2.031280e-01 2.830265e+00
-4.142540e-01 -1.388700e-02 2.782846e+00
5.830300e-02 2.605130e-01 2.387891e+00
-4.357580e-01 -2.357660e-01 2.602213e+00
1.657430e-01 3.582700e-01 2.141017e+00
-4.044790e-01 -3.035560e-01 2.599249e+00
2.165780e-01 3.715000e-01 2.087881e+00
-5.585900e-02 -6.723790e-01 2.720252e+00
-3.272820e-01 -6.389680e-01 2.794646e+00
-1.029340e-01 -1.070528e+00 2.834929e+00
-2.798630e-01 -1.050608e+00 2.841472e+00
-1.090940e-01 -1.119506e+00 2.662351e+00
-4.535600e-01 -1.065764e+00 2.884133e+00
-1.953110e-01 4.853970e-01 2.641718e+00
-2.255760e-01 9.835300e-02 2.939379e+00
-6.268000e-03 2.129500e-01 2.640522e+00
-2.117960e-01 2.375170e-01 2.750987e+00
-1.100000e-05 -5.166000e-03 2.813344e+00
-2.347460e-01 -1.701740e-01 2.853229e+00
-8.660200e-02 -1.681360e-01 2.609490e+00
1.144300e-02 -2.021410e-01 2.835695e+00
-4.126830e-01 -4.555000e-03 2.785813e+00
-6.905000e-03 2.487980e-01 2.381114e+00
-4.564420e-01 -2.117610e-01 2.592237e+00
-4.851600e-02 3.587540e-01 2.120766e+00
-4.307660e-01 -2.807930e-01 2.579665e+00
-7.050900e-02 4.134700e-01 2.074886e+00
-4.519100e-02 -6.646480e-01 2.718294e+00
-3.175910e-01 -6.328540e-01 2.791566e+00
-1.012310e-01 -1.061805e+00 2.832376e+00
-2.778150e-01 -1.045418e+00 2.837366e+00
-9.961400e-02 -1.111570e+00 2.659920e+00
-4.502130e-01 -1.056630e+00 2.886086e+00
-1.779230e-01 4.752590e-01 2.636590e+00
-2.520050e-01 1.853560e-01 2.923060e+00
-1.971600e-02 2.413760e-01 2.617369e+00
-2.337470e-01 2.755080e-01 2.707220e+00
-1.187100e-02 7.269800e-02 2.838654e+00
-2.604780e-01 -1.718680e-01 2.859650e+00
-9.673500e-02 -1.477020e-01 2.627349e+00
-1.161000e-02 -1.701810e-01 2.860130e+00
-3.869090e-01 1.153700e-02 2.779912e+00
-5.761000e-02 2.710350e-01 2.360378e+00
-3.902960e-01 -2.613590e-01 2.693272e+00
-2.042210e-01 3.672380e-01 2.135448e+00
-3.651810e-01 -3.296860e-01 2.676439e+00
-2.285340e-01 3.995100e-01 2.072599e+00
-4.421300e-02 -6.537650e-01 2.715955e+00
-3.104110e-01 -6.281520e-01 2.781493e+00
-9.550500e-02 -1.050239e+00 2.834557e+00
-2.752170e-01 -1.039228e+00 2.842052e+00
-7.460300e-02 -1.103809e+00 2.664517e+00
-4.524870e-01 -1.050603e+00 2.867862e+00
-1.676090e-01 5.372170e-01 2.642127e+00
-3.320280e-01 2.914000e-01 2.864546e+00
-2.987200e-02 2.447560e-01 2.637297e+00
-2.553260e-01 2.834500e-01 2.642957e+00
-7.639900e-02 1.873090e-01 2.900597e+00
-2.878540e-01 -1.337650e-01 2.836817e+00
-6.861000e-02 -1.225920e-01 2.654699e+00
-4.781700e-02 -1.319880e-01 2.902524e+00
-4.118350e-01 6.176400e-02 2.766816e+00
-8.270900e-02 2.629570e-01 2.382267e+00
-3.788170e-01 -2.163860e-01 2.709945e+00
-2.911410e-01 3.570190e-01 2.212507e+00
-4.077760e-01 -2.838020e-01 2.695834e+00
-3.560860e-01 3.688890e-01 2.177525e+00
-3.479100e-02 -6.041860e-01 2.696550e+00
-3.050760e-01 -6.036790e-01 2.767695e+00
-9.170900e-02 -9.957410e-01 2.828207e+00
-2.782370e-01 -1.012826e+00 2.843636e+00
7.141000e-03 -1.056205e+00 2.691119e+00
-4.548250e-01 -1.029521e+00 2.816098e+00
-1.768920e-01 5.780330e-01 2.676633e+00
-3.614940e-01 2.622560e-01 2.827602e+00
-2.465600e-02 2.541810e-01 2.648052e+00
-2.521500e-01 2.659730e-01 2.620050e+00
-1.036220e-01 1.886190e-01 2.902170e+00
-3.007770e-01 -1.434200e-01 2.823050e+00
-5.248500e-02 -1.318920e-01 2.683131e+00
-7.685300e-02 -1.297730e-01 2.930799e+00
-4.075180e-01 1.098200e-02 2.766864e+00
-9.503300e-02 2.587330e-01 2.395873e+00
-3.762040e-01 -2.655780e-01 2.699227e+00
-3.276610e-01 3.544220e-01 2.260526e+00
-3.538970e-01 -3.363390e-01 2.690400e+00
-3.991360e-01 3.500730e-01 2.239193e+00
-3.793000e-02 -6.139970e-01 2.708245e+00
-3.039730e-01 -6.103640e-01 2.768690e+00
-9.179400e-02 -1.010036e+00 2.827160e+00
-2.855000e-01 -1.020010e+00 2.844438e+00
1.013500e-02 -1.065071e+00 2.690040e+00
-4.557610e-01 -1.037679e+00 2.790408e+00
-1.433820e-01 5.070640e-01 2.685659e+00
-3.791170e-01 2.229760e-01 2.804934e+00
-2.397200e-02 2.457610e-01 2.667736e+00
-2.462670e-01 2.394940e-01 2.612253e+00
-1.268700e-01 1.692460e-01 2.909652e+00
-3.118230e-01 -1.572250e-01 2.812878e+00
-4.369300e-02 -1.365000e-01 2.717820e+00
-1.105290e-01 -1.350990e-01 2.957547e+00
-4.129850e-01 -3.241100e-02 2.755483e+00
-8.093400e-02 2.592980e-01 2.412692e+00
-3.692840e-01 -3.090540e-01 2.696796e+00
-3.026080e-01 3.497270e-01 2.257245e+00
-3.374270e-01 -3.759460e-01 2.687144e+00
-3.740240e-01 3.601800e-01 2.237928e+00
-3.958800e-02 -6.219700e-01 2.709671e+00
-3.032350e-01 -6.163760e-01 2.767560e+00
-9.238500e-02 -1.017996e+00 2.829108e+00
-2.862290e-01 -1.025231e+00 2.847791e+00
1.205300e-02 -1.072736e+00 2.693770e+00
-4.495380e-01 -1.046061e+00 2.776261e+00
-1.489750e-01 5.075590e-01 2.686745e+00
-3.308220e-01 2.379450e-01 2.865233e+00
-7.785000e-03 2.063810e-01 2.662535e+00
-2.322810e-01 2.565910e-01 2.653125e+00
-8.479000e-02 1.157350e-01 2.910112e+00
-2.855890e-01 -1.721540e-01 2.851768e+00
-4.491800e-02 -1.766430e-01 2.698743e+00
-5.581100e-02 -1.650160e-01 2.947106e+00
-4.068000e-01 4.500000e-03 2.774720e+00
-2.787900e-02 2.374150e-01 2.404069e+00
-3.753720e-01 -2.703460e-01 2.704456e+00
-1.777870e-01 3.550080e-01 2.192366e+00
-3.555340e-01 -3.423810e-01 2.704461e+00
-2.306660e-01 3.768350e-01 2.144303e+00
-4.782200e-02 -6.498540e-01 2.714546e+00
-3.180220e-01 -6.400320e-01 2.774082e+00
-9.457900e-02 -1.048843e+00 2.826394e+00
-2.828510e-01 -1.048188e+00 2.851930e+00
-4.934000e-03 -1.100471e+00 2.679702e+00
-4.504520e-01 -1.073867e+00 2.793018e+00
-1.565270e-01 5.218840e-01 2.673102e+00
-2.518930e-01 2.010270e-01 2.926733e+00
1.420000e-03 1.903420e-01 2.633385e+00
-2.083530e-01 2.660480e-01 2.705545e+00
-2.921800e-02 4.455800e-02 2.868299e+00
-2.691870e-01 -1.753690e-01 2.883401e+00
-8.046300e-02 -1.609940e-01 2.670009e+00
-2.189500e-02 -1.778090e-01 2.911308e+00
-4.037160e-01 2.965200e-02 2.798847e+00
3.248500e-02 2.164870e-01 2.374708e+00
-4.066320e-01 -2.437500e-01 2.714704e+00
4.708000e-02 3.477460e-01 2.121445e+00
-4.045840e-01 -3.183830e-01 2.711826e+00
5.132200e-02 3.792630e-01 2.053833e+00
-4.919400e-02 -6.521130e-01 2.715277e+00
-3.228850e-01 -6.354870e-01 2.787869e+00
-9.819600e-02 -1.049303e+00 2.832444e+00
-2.830820e-01 -1.045690e+00 2.851418e+00
-3.040400e-02 -1.103968e+00 2.675485e+00
-4.613860e-01 -1.064368e+00 2.842525e+00
-1.944900e-01 5.241440e-01 2.677576e+00
-2.266870e-01 1.326610e-01 2.950094e+00
-8.958000e-03 2.141520e-01 2.639454e+00
-2.132770e-01 2.518550e-01 2.748449e+00
-3.193000e-03 1.463700e-02 2.833468e+00
-2.499920e-01 -1.644830e-01 2.883470e+00
-9.856400e-02 -1.621440e-01 2.641761e+00
-1.705000e-03 -1.757210e-01 2.870611e+00
-4.070440e-01 1.001800e-02 2.805294e+00
8.154700e-02 2.168930e-01 2.394205e+00
-4.053190e-01 -2.501600e-01 2.687571e+00
1.864890e-01 3.279840e-01 2.153430e+00
-3.770080e-01 -3.182010e-01 2.699880e+00
2.143560e-01 3.585620e-01 2.091213e+00
-5.961200e-02 -6.526820e-01 2.713766e+00
-3.263040e-01 -6.334670e-01 2.791021e+00
-9.670500e-02 -1.047938e+00 2.841382e+00
-2.787060e-01 -1.043529e+00 2.849948e+00
-5.788200e-02 -1.105073e+00 2.675706e+00
-4.569990e-01 -1.063309e+00 2.856313e+00
-1.881670e-01 5.025000e-01 2.665551e+00
-2.357090e-01 9.790800e-02 2.961096e+00
-1.977400e-02 2.186350e-01 2.662196e+00
-2.262290e-01 2.367230e-01 2.772182e+00
-6.549000e-03 1.525000e-03 2.835889e+00
-2.389070e-01 -1.714950e-01 2.877420e+00
-9.494500e-02 -1.856720e-01 2.631588e+00
7.852000e-03 -1.973520e-01 2.857939e+00
-4.117260e-01 -1.960800e-02 2.807002e+00
1.226670e-01 1.851140e-01 2.448189e+00
-4.041860e-01 -2.607680e-01 2.654230e+00
2.638380e-01 2.575090e-01 2.214079e+00
-3.731980e-01 -3.287550e-01 2.653909e+00
2.954160e-01 2.686420e-01 2.147284e+00
-6.621500e-02 -6.700230e-01 2.717968e+00
-3.312670e-01 -6.469160e-01 2.798422e+00
-9.896600e-02 -1.063640e+00 2.851693e+00
-2.778020e-01 -1.057192e+00 2.850428e+00
-6.392400e-02 -1.122877e+00 2.685913e+00
-4.555270e-01 -1.078691e+00 2.863529e+00
-1.815220e-01 4.830320e-01 2.668397e+00
-2.350860e-01 1.029130e-01 2.985191e+00
4.417000e-03 2.057000e-01 2.697759e+00
-2.044020e-01 2.416680e-01 2.798500e+00
-1.005900e-02 -1.297600e-02 2.869375e+00
-2.379760e-01 -1.680790e-01 2.877397e+00
-8.169100e-02 -1.825480e-01 2.639227e+00
6.638000e-03 -2.133070e-01 2.869856e+00
-4.171060e-01 -2.700000e-04 2.827840e+00
1.667470e-01 1.162060e-01 2.520164e+00
-4.329510e-01 -2.299020e-01 2.658807e+00
3.115900e-01 1.567220e-01 2.283955e+00
-4.086330e-01 -3.000070e-01 2.650055e+00
3.422610e-01 1.243270e-01 2.224018e+00
-6.824300e-02 -6.703960e-01 2.733932e+00
-3.319830e-01 -6.434070e-01 2.798036e+00
-9.584000e-02 -1.071121e+00 2.845948e+00
-2.808460e-01 -1.054489e+00 2.845847e+00
-7.726400e-02 -1.120370e+00 2.674338e+00
-4.581410e-01 -1.074226e+00 2.865772e+00
-1.794080e-01 4.707800e-01 2.676286e+00
-2.528040e-01 9.958300e-02 2.973185e+00
5.779000e-03 2.239420e-01 2.712007e+00
-2.120330e-01 2.477600e-01 2.795901e+00
-1.442400e-02 -2.750000e-03 2.872269e+00
-2.567470e-01 -1.769730e-01 2.879845e+00
-7.887800e-02 -1.690310e-01 2.657002e+00
-9.496000e-03 -2.017040e-01 2.893766e+00
-4.188220e-01 -5.297000e-03 2.800051e+00
1.678650e-01 6.622400e-02 2.591069e+00
-4.171770e-01 -2.207770e-01 2.612648e+00
2.942550e-01 3.220500e-02 2.343817e+00
-3.897470e-01 -2.885990e-01 2.597468e+00
3.103390e-01 3.051600e-02 2.270872e+00
-5.340600e-02 -6.658710e-01 2.734497e+00
-3.296470e-01 -6.380670e-01 2.791325e+00
-9.879100e-02 -1.066843e+00 2.839618e+00
-2.787980e-01 -1.048365e+00 2.845723e+00
-6.159600e-02 -1.115302e+00 2.670833e+00
-4.565740e-01 -1.068465e+00 2.860288e+00
-1.843820e-01 4.753570e-01 2.672454e+00
-2.481470e-01 8.202300e-02 2.986180e+00
3.426000e-03 2.058150e-01 2.717981e+00
-2.088650e-01 2.357080e-01 2.813305e+00
-1.979400e-02 -2.642100e-02 2.869665e+00
-2.451460e-01 -1.743270e-01 2.875229e+00
-8.101600e-02 -1.751790e-01 2.641947e+00
1.260000e-03 -2.092800e-01 2.874339e+00
-4.122790e-01 -8.746000e-03 2.803837e+00
1.650380e-01 1.744100e-02 2.652972e+00
-4.318790e-01 -2.439610e-01 2.643483e+00
2.588650e-01 -7.457800e-02 2.405866e+00
-4.393910e-01 -3.176740e-01 2.653101e+00
2.753070e-01 -1.203680e-01 2.349160e+00
-5.472000e-02 -6.692950e-01 2.736692e+00
-3.270510e-01 -6.432700e-01 2.787252e+00
-9.945000e-02 -1.069724e+00 2.844136e+00
-2.758870e-01 -1.052796e+00 2.846921e+00
-8.023800e-02 -1.117974e+00 2.672314e+00
-4.535410e-01 -1.072611e+00 2.863250e+00
-1.853590e-01 4.619050e-01 2.689641e+00
-2.961860e-01 1.628660e-01 2.961772e+00
3.152700e-02 1.754260e-01 2.754429e+00
-1.800230e-01 2.708610e-01 2.788881e+00
-8.637100e-02 -1.511800e-02 2.919578e+00
-2.738060e-01 -1.730950e-01 2.844843e+00
-3.881200e-02 -1.848470e-01 2.683602e+00
-4.363700e-02 -2.125640e-01 2.930881e+00
-4.052920e-01 1.472000e-03 2.788054e+00
1.325430e-01 -5.568400e-02 2.706591e+00
-4.225060e-01 -2.618070e-01 2.681014e+00
1.909530e-01 -2.730530e-01 2.539974e+00
-4.261400e-01 -3.318880e-01 2.655359e+00
1.970590e-01 -3.475010e-01 2.538277e+00
-4.342100e-02 -6.642190e-01 2.743655e+00
-3.254100e-01 -6.444760e-01 2.785321e+00
-1.015420e-01 -1.065821e+00 2.839710e+00
-2.703710e-01 -1.054353e+00 2.838802e+00
9.693000e-03 -1.113617e+00 2.707187e+00
-4.479350e-01 -1.079284e+00 2.830469e+00
-1.979930e-01 4.726280e-01 2.655327e+00
-3.654840e-01 2.359530e-01 2.774655e+00
1.968600e-02 2.002030e-01 2.804824e+00
-1.585290e-01 2.719910e-01 2.670162e+00
-1.967060e-01 8.711100e-02 2.938487e+00
-3.151160e-01 -1.608280e-01 2.779977e+00
-3.077600e-02 -1.623620e-01 2.802514e+00
-1.890320e-01 -1.937790e-01 2.992003e+00
-4.315600e-01 -1.598400e-02 2.762288e+00
4.848400e-02 -4.677500e-02 2.739549e+00
-3.645360e-01 -2.817800e-01 2.686360e+00
1.115780e-01 -3.109230e-01 2.669653e+00
-3.386450e-01 -3.518640e-01 2.685602e+00
1.179500e-01 -3.579490e-01 2.611943e+00
-3.801500e-02 -6.377160e-01 2.753858e+00
-3.221890e-01 -6.315590e-01 2.768928e+00
-9.718300e-02 -1.043671e+00 2.828617e+00
-2.768680e-01 -1.039354e+00 2.843348e+00
5.913900e-02 -1.081162e+00 2.748753e+00
-4.357750e-01 -1.071103e+00 2.766141e+00
-2.078650e-01 5.474500e-01 2.651649e+00
-3.922990e-01 2.027180e-01 2.784635e+00
-1.976700e-02 1.792480e-01 2.890527e+00
-1.737390e-01 2.772350e-01 2.743084e+00
-2.448740e-01 2.219700e-02 2.936815e+00
-3.109910e-01 -1.617350e-01 2.753386e+00
-3.936600e-02 -1.706580e-01 2.839988e+00
-2.374160e-01 -1.905240e-01 2.989387e+00
-4.268020e-01 -5.354600e-02 2.744897e+00
3.088700e-02 -3.998300e-02 2.762995e+00
-3.334130e-01 -3.100230e-01 2.661602e+00
8.498000e-03 -3.177580e-01 2.718978e+00
-3.241980e-01 -3.804260e-01 2.684866e+00
-1.595700e-02 -3.872010e-01 2.706242e+00
-3.876200e-02 -6.393350e-01 2.752527e+00
-3.202660e-01 -6.395300e-01 2.756854e+00
-9.973200e-02 -1.045546e+00 2.824391e+00
-2.817510e-01 -1.043152e+00 2.854294e+00
6.115600e-02 -1.082195e+00 2.753734e+00
-4.158460e-01 -1.083093e+00 2.741849e+00
-2.084890e-01 4.989870e-01 2.665869e+00
-3.915080e-01 1.894190e-01 2.794258e+00
-1.343900e-02 1.855920e-01 2.881397e+00
-1.794360e-01 2.749360e-01 2.741718e+00
-2.275390e-01 1.733100e-02 2.939106e+00
-3.199700e-01 -1.664430e-01 2.762966e+00
-4.348100e-02 -1.726170e-01 2.832789e+00
-2.317800e-01 -1.973470e-01 2.993630e+00
-4.155190e-01 -6.332000e-02 2.736259e+00
3.192400e-02 -4.477600e-02 2.773854e+00
-3.355980e-01 -3.270880e-01 2.667429e+00
1.870000e-03 -3.204370e-01 2.724189e+00
-3.120110e-01 -3.967800e-01 2.680439e+00
-2.277600e-02 -3.890380e-01 2.707786e+00
-4.706100e-02 -6.452450e-01 2.764368e+00
-3.173440e-01 -6.471150e-01 2.760346e+00
-9.294900e-02 -1.055320e+00 2.824552e+00
-2.826900e-01 -1.051679e+00 2.855300e+00
6.975200e-02 -1.083837e+00 2.754300e+00
-4.172060e-01 -1.089636e+00 2.742673e+00
-2.120160e-01 4.994860e-01 2.658234e+00
-3.838320e-01 1.956060e-01 2.788353e+00
-5.697000e-03 1.953560e-01 2.875290e+00
-1.714280e-01 2.767970e-01 2.730555e+00
-2.204980e-01 3.189900e-02 2.943282e+00
-3.154240e-01 -1.662970e-01 2.765384e+00
-3.874100e-02 -1.731560e-01 2.834371e+00
-2.266160e-01 -1.972180e-01 2.995808e+00
-4.059250e-01 -5.685500e-02 2.728079e+00
4.029000e-02 -4.177200e-02 2.782552e+00
-3.312600e-01 -3.262840e-01 2.677303e+00
8.828000e-03 -3.161290e-01 2.724264e+00
-3.014750e-01 -3.947110e-01 2.680935e+00
-1.871800e-02 -3.836970e-01 2.708188e+00
-4.641800e-02 -6.467810e-01 2.759933e+00
-3.130290e-01 -6.473080e-01 2.761625e+00
-9.331300e-02 -1.055953e+00 2.825264e+00
-2.897600e-01 -1.053094e+00 2.854818e+00
6.622100e-02 -1.086438e+00 2.748847e+00
-4.224360e-01 -1.087332e+00 2.738865e+00
-1.994780e-01 5.079670e-01 2.655223e+00
-3.817160e-01 2.061360e-01 2.794871e+00
1.200000e-04 1.971870e-01 2.863172e+00
-1.705200e-01 2.817770e-01 2.726152e+00
-2.149490e-01 3.942600e-02 2.942781e+00
-3.189300e-01 -1.651350e-01 2.776596e+00
-3.683700e-02 -1.666510e-01 2.818790e+00
-2.079700e-01 -1.899670e-01 2.997976e+00
-4.116030e-01 -4.543300e-02 2.730775e+00
3.225100e-02 -4.308500e-02 2.769451e+00
-3.267670e-01 -3.124530e-01 2.678222e+00
8.624000e-03 -3.219770e-01 2.724325e+00
-3.054310e-01 -3.833460e-01 2.688308e+00
-2.013900e-02 -3.894050e-01 2.709876e+00
-4.811100e-02 -6.443850e-01 2.759107e+00
-3.118500e-01 -6.423610e-01 2.760944e+00
-9.396500e-02 -1.053909e+00 2.822959e+00
-2.858030e-01 -1.048742e+00 2.850746e+00
5.959200e-02 -1.084773e+00 2.735280e+00
-4.251770e-01 -1.081594e+00 2.742507e+00
-2.019070e-01 5.096070e-01 2.662174e+00
