-4.339070e-01 2.289430e-01 2.508995e+00
-7.516700e-02 2.414860e-01 2.481637e+00
-2.433080e-01 1.029580e-01 2.581928e+00
-2.123500e-02 -1.049020e-01 2.459978e+00
-4.986330e-01 -3.655100e-02 2.497010e+00
-4.557270e-01 -3.115520e-01 2.416921e+00
-4.743830e-01 -3.639650e-01 2.376606e+00
-3.487210e-01 -6.137530e-01 2.528526e+00
-3.608940e-01 -9.978220e-01 2.624227e+00
-3.686230e-01 -1.037987e+00 2.462056e+00
-2.619330e-01 5.253830e-01 2.380276e+00
-7.698600e-02 2.416410e-01 2.480048e+00
-2.428470e-01 1.024100e-01 2.583123e+00
-1.972200e-02 -1.048750e-01 2.465095e+00
-4.943980e-01 -4.010400e-02 2.497503e+00
-4.556400e-01 -3.155570e-01 2.417637e+00
-4.774580e-01 -3.767800e-01 2.395361e+00
-3.479250e-01 -6.141940e-01 2.531616e+00
-3.544070e-01 -9.982390e-01 2.627967e+00
-3.588540e-01 -1.038853e+00 2.465785e+00
-2.663260e-01 5.222740e-01 2.375178e+00
-7.855100e-02 2.413770e-01 2.477036e+00
-2.403370e-01 9.911000e-02 2.582415e+00
-2.123800e-02 -1.043180e-01 2.457719e+00
-5.009060e-01 -4.286500e-02 2.499747e+00
-4.488270e-01 -3.159460e-01 2.419578e+00
-4.682260e-01 -3.785010e-01 2.398818e+00
-3.497850e-01 -6.168640e-01 2.532535e+00
-3.584630e-01 -1.001478e+00 2.626410e+00
-3.664590e-01 -1.040920e+00 2.464075e+00
-2.678460e-01 5.166930e-01 2.367876e+00
-7.621500e-02 2.421140e-01 2.479516e+00
-2.409860e-01 1.015680e-01 2.582554e+00
-2.326800e-02 -1.035870e-01 2.457973e+00
-4.993620e-01 -3.746700e-02 2.502091e+00
-4.591710e-01 -3.116460e-01 2.418688e+00
-4.664090e-01 -3.763210e-01 2.396662e+00
-3.503010e-01 -6.165110e-01 2.530000e+00
-3.553590e-01 -1.000940e+00 2.624895e+00
-3.652430e-01 -1.040829e+00 2.462773e+00
-2.660110e-01 5.209840e-01 2.372833e+00
-8.021900e-02 2.410160e-01 2.477180e+00
-2.447030e-01 1.015230e-01 2.582089e+00
-2.283100e-02 -1.126990e-01 2.449817e+00
-5.006610e-01 -4.044300e-02 2.500424e+00
-4.450800e-01 -3.137380e-01 2.427596e+00
-4.896520e-01 -3.478820e-01 2.387999e+00
-3.481940e-01 -6.123210e-01 2.530016e+00
-3.630640e-01 -9.977830e-01 2.619534e+00
-3.823450e-01 -1.034659e+00 2.457543e+00
-2.651590e-01 5.239820e-01 2.376435e+00
-8.082500e-02 2.452510e-01 2.472298e+00
-2.388180e-01 1.015380e-01 2.581407e+00
-2.586100e-02 -1.161170e-01 2.441881e+00
-4.982740e-01 -4.351600e-02 2.505376e+00
-4.569020e-01 -3.172940e-01 2.424365e+00
-4.742720e-01 -3.832110e-01 2.415787e+00
-3.498730e-01 -6.174960e-01 2.529336e+00
-3.596590e-01 -1.002346e+00 2.622128e+00
-3.827900e-01 -1.040616e+00 2.460966e+00
-2.664240e-01 5.227080e-01 2.378399e+00
-7.824500e-02 2.403930e-01 2.474391e+00
-2.396380e-01 9.925500e-02 2.581871e+00
-2.444000e-02 -1.109500e-01 2.457795e+00
-4.953410e-01 -4.385900e-02 2.507708e+00
-4.684220e-01 -3.195520e-01 2.427163e+00
-4.784010e-01 -3.801320e-01 2.396325e+00
-3.512690e-01 -6.150240e-01 2.532260e+00
-3.589850e-01 -9.960210e-01 2.639953e+00
-3.702610e-01 -1.041198e+00 2.479315e+00
-2.666800e-01 5.201540e-01 2.375068e+00
-8.166000e-02 2.407900e-01 2.476881e+00
-2.445200e-01 9.958800e-02 2.582040e+00
-2.761900e-02 -1.100750e-01 2.452900e+00
-4.971060e-01 -4.426200e-02 2.507094e+00
-4.744410e-01 -3.197730e-01 2.424020e+00
-4.646320e-01 -3.832530e-01 2.399638e+00
-3.487650e-01 -6.149880e-01 2.534163e+00
-3.605450e-01 -1.000844e+00 2.622439e+00
-3.748710e-01 -1.037590e+00 2.459906e+00
-2.695040e-01 5.203550e-01 2.373193e+00
-7.970200e-02 2.396460e-01 2.478117e+00
-2.436510e-01 9.822600e-02 2.581270e+00
-2.278300e-02 -1.193090e-01 2.457089e+00
-4.947330e-01 -4.645900e-02 2.504711e+00
-4.638910e-01 -3.208730e-01 2.420979e+00
-4.822550e-01 -3.811130e-01 2.393513e+00
-3.514980e-01 -6.180810e-01 2.535398e+00
-3.598780e-01 -1.001223e+00 2.635138e+00
-3.761820e-01 -1.042823e+00 2.473966e+00
-2.676480e-01 5.199790e-01 2.375403e+00
-7.820700e-02 2.408550e-01 2.479779e+00
-2.436890e-01 1.004760e-01 2.581903e+00
-2.449400e-02 -1.160910e-01 2.454978e+00
-5.058140e-01 -4.367700e-02 2.514286e+00
-4.541340e-01 -3.105930e-01 2.417001e+00
-4.783020e-01 -3.742770e-01 2.408014e+00
-3.542220e-01 -6.210710e-01 2.533953e+00
-3.596610e-01 -1.007445e+00 2.620563e+00
-3.721200e-01 -1.043759e+00 2.457778e+00
-2.677540e-01 5.221280e-01 2.375624e+00
-8.157400e-02 2.396250e-01 2.474661e+00
-2.430370e-01 9.830700e-02 2.581799e+00
-2.820500e-02 -1.101380e-01 2.443723e+00
-5.014170e-01 -4.365100e-02 2.503580e+00
-4.656100e-01 -3.169180e-01 2.419333e+00
-4.724640e-01 -3.815790e-01 2.397144e+00
-3.520300e-01 -6.176670e-01 2.534425e+00
-3.603680e-01 -1.004253e+00 2.619851e+00
-3.811960e-01 -1.039631e+00 2.457718e+00
-2.714350e-01 5.193150e-01 2.374940e+00
-8.222500e-02 2.402250e-01 2.478962e+00
-2.451780e-01 9.847000e-02 2.583229e+00
-2.401600e-02 -1.071320e-01 2.461676e+00
-5.064650e-01 -4.537700e-02 2.507422e+00
-4.474330e-01 -3.130580e-01 2.416865e+00
-4.992960e-01 -3.558280e-01 2.402678e+00
-3.531320e-01 -6.167830e-01 2.531287e+00
-3.606230e-01 -1.002782e+00 2.619403e+00
-3.688590e-01 -1.039807e+00 2.456511e+00
-2.742720e-01 5.201210e-01 2.380066e+00
-8.083700e-02 2.407800e-01 2.477016e+00
-2.727880e-01 2.766130e-01 2.406163e+00
-2.407520e-01 9.705100e-02 2.583264e+00
-4.514410e-01 -1.222600e-01 2.477327e+00
-2.616700e-02 -1.058030e-01 2.458921e+00
-2.342140e-01 -9.871500e-02 2.587856e+00
-5.049600e-01 -4.759000e-02 2.504941e+00
1.318800e-02 -1.539200e-02 2.489055e+00
-4.566470e-01 -3.180340e-01 2.414545e+00
6.564000e-03 -2.842390e-01 2.382647e+00
-4.886680e-01 -3.774600e-01 2.427335e+00
1.003500e-02 -3.511920e-01 2.367624e+00
-3.531570e-01 -6.179070e-01 2.531610e+00
-1.213190e-01 -6.130910e-01 2.508124e+00
-3.572850e-01 -1.002774e+00 2.624755e+00
-1.340480e-01 -9.853520e-01 2.642569e+00
-3.664230e-01 -1.041965e+00 2.462418e+00
-1.333880e-01 -1.042184e+00 2.485272e+00
-2.762570e-01 5.149320e-01 2.368959e+00
-4.388380e-01 2.184280e-01 2.517439e+00
-8.212900e-02 2.436740e-01 2.475948e+00
-2.744330e-01 2.778200e-01 2.405219e+00
-2.410620e-01 1.002720e-01 2.584095e+00
-4.487740e-01 -1.177000e-01 2.496699e+00
-2.545200e-02 -1.096510e-01 2.449783e+00
-2.241340e-01 -1.005080e-01 2.592613e+00
-5.013350e-01 -4.713000e-02 2.506807e+00
1.458100e-02 -1.131400e-02 2.488923e+00
-4.523230e-01 -3.175140e-01 2.417040e+00
1.097800e-02 -2.837450e-01 2.392301e+00
-4.703590e-01 -3.814350e-01 2.399456e+00
3.125000e-03 -3.478090e-01 2.368751e+00
-3.511750e-01 -6.170700e-01 2.532556e+00
-1.203440e-01 -6.141640e-01 2.510607e+00
-3.600730e-01 -1.002917e+00 2.621206e+00
-1.352640e-01 -9.871490e-01 2.642802e+00
-3.802650e-01 -1.039651e+00 2.459295e+00
-1.449990e-01 -1.042580e+00 2.485306e+00
-2.810620e-01 5.221850e-01 2.382893e+00
-4.372600e-01 2.175830e-01 2.518689e+00
-8.084100e-02 2.441610e-01 2.475569e+00
-2.735900e-01 2.774230e-01 2.405636e+00
-2.387240e-01 1.003250e-01 2.584674e+00
-4.509420e-01 -1.192250e-01 2.489131e+00
-2.688700e-02 -1.061270e-01 2.450752e+00
-2.285380e-01 -9.845000e-02 2.589447e+00
-5.036730e-01 -4.649300e-02 2.506119e+00
1.439300e-02 -1.044100e-02 2.495895e+00
-4.520310e-01 -3.189580e-01 2.426119e+00
1.512000e-02 -2.782060e-01 2.388169e+00
-4.737450e-01 -3.812680e-01 2.406977e+00
3.964000e-03 -3.458240e-01 2.383292e+00
-3.494070e-01 -6.164560e-01 2.534884e+00
-1.191670e-01 -6.117590e-01 2.511255e+00
-3.626980e-01 -1.001504e+00 2.626413e+00
-1.238140e-01 -9.885260e-01 2.633078e+00
-3.786860e-01 -1.039483e+00 2.464319e+00
-1.321130e-01 -1.039825e+00 2.474107e+00
-2.857070e-01 5.211290e-01 2.381771e+00
-4.398620e-01 2.193540e-01 2.526535e+00
-8.485000e-02 2.473180e-01 2.473768e+00
-2.795550e-01 2.812350e-01 2.409823e+00
-2.393470e-01 1.015220e-01 2.585095e+00
-4.493820e-01 -1.164070e-01 2.495681e+00
-2.649200e-02 -1.072390e-01 2.445220e+00
-2.240130e-01 -9.805200e-02 2.589648e+00
-5.011560e-01 -4.468100e-02 2.503595e+00
1.437400e-02 -5.512000e-03 2.488912e+00
-4.553160e-01 -3.174030e-01 2.423092e+00
9.833000e-03 -2.748240e-01 2.386883e+00
-4.714890e-01 -3.808150e-01 2.402168e+00
-4.381000e-03 -3.420310e-01 2.385643e+00
-3.525850e-01 -6.151090e-01 2.532955e+00
-1.215100e-01 -6.115820e-01 2.512230e+00
-3.587490e-01 -9.975730e-01 2.635422e+00
-1.321680e-01 -9.862040e-01 2.640140e+00
-3.809300e-01 -1.040139e+00 2.475208e+00
-1.445510e-01 -1.039782e+00 2.482189e+00
-2.887330e-01 5.192500e-01 2.378700e+00
-4.372950e-01 2.166280e-01 2.527893e+00
-8.203400e-02 2.442070e-01 2.476619e+00
-2.764320e-01 2.792320e-01 2.412337e+00
-2.372780e-01 9.773100e-02 2.585998e+00
-4.531430e-01 -1.169260e-01 2.497854e+00
-3.066400e-02 -1.082920e-01 2.443961e+00
-2.269740e-01 -9.944300e-02 2.590051e+00
-5.060930e-01 -4.470700e-02 2.507131e+00
1.345700e-02 -8.775000e-03 2.495097e+00
-4.572920e-01 -3.155620e-01 2.425813e+00
1.164800e-02 -2.754820e-01 2.389167e+00
-4.735560e-01 -3.792970e-01 2.405971e+00
1.385400e-02 -3.410540e-01 2.368773e+00
-3.515770e-01 -6.161050e-01 2.534247e+00
-1.192250e-01 -6.120450e-01 2.511668e+00
-3.614920e-01 -1.003631e+00 2.615129e+00
-1.359390e-01 -9.838160e-01 2.647029e+00
-3.835510e-01 -1.036962e+00 2.452725e+00
-1.467220e-01 -1.040489e+00 2.490043e+00
-2.906680e-01 5.143590e-01 2.379450e+00
-4.375840e-01 2.138190e-01 2.523390e+00
-8.234400e-02 2.479330e-01 2.476056e+00
-2.765850e-01 2.777050e-01 2.408728e+00
-2.359020e-01 1.002140e-01 2.586140e+00
-4.509030e-01 -1.168710e-01 2.501017e+00
-2.866500e-02 -1.087110e-01 2.445194e+00
-2.243070e-01 -9.931200e-02 2.592144e+00
-5.051170e-01 -4.853900e-02 2.513516e+00
1.404500e-02 -5.110000e-03 2.489041e+00
-4.523590e-01 -3.160810e-01 2.423914e+00
6.198000e-03 -2.736690e-01 2.388022e+00
-4.765270e-01 -3.777400e-01 2.405626e+00
3.740000e-03 -3.406610e-01 2.372972e+00
-3.496260e-01 -6.165400e-01 2.533502e+00
-1.184930e-01 -6.123650e-01 2.514108e+00
-3.618180e-01 -1.001221e+00 2.626710e+00
-1.277680e-01 -9.901730e-01 2.632388e+00
-3.849070e-01 -1.039538e+00 2.465554e+00
-1.422860e-01 -1.039629e+00 2.473279e+00
-2.880650e-01 5.175610e-01 2.379434e+00
-4.386150e-01 2.103660e-01 2.523474e+00
-8.360000e-02 2.494240e-01 2.478320e+00
-2.778570e-01 2.773310e-01 2.410240e+00
-2.358250e-01 9.877100e-02 2.586261e+00
-4.526780e-01 -1.214470e-01 2.495706e+00
-3.021200e-02 -1.054520e-01 2.443420e+00
-2.273090e-01 -9.794500e-02 2.588522e+00
-5.082020e-01 -5.101300e-02 2.507032e+00
1.382800e-02 -2.853000e-03 2.495502e+00
-4.511420e-01 -3.193540e-01 2.423000e+00
9.325000e-03 -2.697030e-01 2.390169e+00
-4.701670e-01 -3.833720e-01 2.406874e+00
2.031900e-02 -3.371170e-01 2.382757e+00
-3.514920e-01 -6.181640e-01 2.533630e+00
-1.191050e-01 -6.111170e-01 2.513983e+00
-3.595780e-01 -1.004478e+00 2.620305e+00
-1.366210e-01 -9.856530e-01 2.641387e+00
-3.812870e-01 -1.040350e+00 2.458396e+00
-1.479050e-01 -1.038919e+00 2.483248e+00
-2.886870e-01 5.177630e-01 2.384216e+00
-4.383720e-01 2.172930e-01 2.523603e+00
-8.243200e-02 2.448290e-01 2.477252e+00
-2.758970e-01 2.775350e-01 2.409052e+00
-2.389280e-01 1.006060e-01 2.587834e+00
-4.521160e-01 -1.245290e-01 2.496843e+00
-2.873900e-02 -1.046170e-01 2.454149e+00
-2.289660e-01 -1.018770e-01 2.595073e+00
-5.089650e-01 -4.259000e-02 2.497714e+00
1.087500e-02 -8.644000e-03 2.492692e+00
-4.499080e-01 -3.126800e-01 2.422740e+00
1.341200e-02 -2.754470e-01 2.388449e+00
-4.914490e-01 -3.612350e-01 2.397500e+00
1.986100e-02 -3.321480e-01 2.350189e+00
-3.507420e-01 -6.206020e-01 2.531704e+00
-1.186470e-01 -6.122780e-01 2.514001e+00
-3.640190e-01 -1.006618e+00 2.619061e+00
-1.257050e-01 -9.912290e-01 2.628730e+00
-3.818520e-01 -1.042740e+00 2.456735e+00
-1.355610e-01 -1.039439e+00 2.468883e+00
-2.826120e-01 5.173770e-01 2.376399e+00
-4.383540e-01 2.200240e-01 2.521980e+00
-8.180700e-02 2.430590e-01 2.477899e+00
-2.744040e-01 2.784490e-01 2.408594e+00
-2.408410e-01 1.005930e-01 2.587128e+00
-4.494080e-01 -1.221620e-01 2.497629e+00
-2.578400e-02 -1.108590e-01 2.454246e+00
-2.256740e-01 -1.043560e-01 2.595526e+00
-5.043310e-01 -4.190000e-02 2.501733e+00
1.292100e-02 -1.020200e-02 2.493786e+00
-4.557920e-01 -3.154190e-01 2.430438e+00
1.304500e-02 -2.725120e-01 2.377832e+00
-4.605300e-01 -3.677980e-01 2.386229e+00
1.554700e-02 -3.411010e-01 2.374722e+00
-3.511070e-01 -6.204460e-01 2.535330e+00
-1.202000e-01 -6.162710e-01 2.514139e+00
-3.502930e-01 -1.004949e+00 2.630054e+00
-1.298020e-01 -9.913740e-01 2.640715e+00
-3.698360e-01 -1.044721e+00 2.468781e+00
-1.393860e-01 -1.044541e+00 2.482430e+00
-2.776610e-01 5.180140e-01 2.375255e+00
-4.393490e-01 2.222100e-01 2.515191e+00
-8.177700e-02 2.396400e-01 2.477262e+00
-2.725830e-01 2.754140e-01 2.403352e+00
-2.446220e-01 1.022580e-01 2.587386e+00
-4.488380e-01 -1.236650e-01 2.493578e+00
-2.535000e-02 -1.080410e-01 2.450208e+00
-2.253940e-01 -1.016030e-01 2.591273e+00
-4.987940e-01 -4.295200e-02 2.509368e+00
1.262100e-02 -1.474300e-02 2.493297e+00
-4.633790e-01 -3.161800e-01 2.426193e+00
2.627500e-02 -2.733090e-01 2.367667e+00
-4.729450e-01 -3.803320e-01 2.403534e+00
3.192000e-02 -3.417700e-01 2.366353e+00
-3.505500e-01 -6.199170e-01 2.537348e+00
-1.174930e-01 -6.144220e-01 2.512203e+00
-3.562770e-01 -1.006453e+00 2.623218e+00
-1.367230e-01 -9.878520e-01 2.642573e+00
-3.747420e-01 -1.042241e+00 2.460888e+00
-1.444290e-01 -1.042566e+00 2.484714e+00
-2.692880e-01 5.197270e-01 2.375650e+00
-4.413470e-01 2.214800e-01 2.505726e+00
-8.238000e-02 2.392670e-01 2.485074e+00
-2.693970e-01 2.730450e-01 2.401210e+00
-2.501540e-01 1.035180e-01 2.589687e+00
-4.469150e-01 -1.231860e-01 2.488393e+00
-2.207800e-02 -1.052310e-01 2.462734e+00
-2.278390e-01 -1.004960e-01 2.595393e+00
-4.961880e-01 -4.689900e-02 2.506186e+00
1.213600e-02 -1.782500e-02 2.487568e+00
-4.596610e-01 -3.221440e-01 2.422348e+00
6.078700e-02 -2.643590e-01 2.342736e+00
-4.685500e-01 -3.901450e-01 2.418197e+00
6.425800e-02 -3.310080e-01 2.326416e+00
-3.544400e-01 -6.181530e-01 2.537746e+00
-1.198210e-01 -6.134450e-01 2.510159e+00
-3.581350e-01 -1.003841e+00 2.627451e+00
-1.360750e-01 -9.856460e-01 2.644391e+00
-3.706870e-01 -1.041509e+00 2.464982e+00
-1.381190e-01 -1.042303e+00 2.487043e+00
-2.644790e-01 5.237650e-01 2.380087e+00
-4.397980e-01 2.256310e-01 2.510881e+00
-8.064900e-02 2.400440e-01 2.490772e+00
-2.672430e-01 2.777770e-01 2.407657e+00
-2.499280e-01 1.036950e-01 2.592127e+00
-4.516260e-01 -1.206900e-01 2.488775e+00
-2.645200e-02 -1.050870e-01 2.467538e+00
-2.334880e-01 -1.007530e-01 2.598212e+00
-4.997520e-01 -4.255100e-02 2.511169e+00
8.416000e-03 -1.889000e-02 2.467610e+00
-4.750300e-01 -3.161120e-01 2.415176e+00
8.319200e-02 -2.472890e-01 2.303585e+00
-4.759030e-01 -3.776730e-01 2.384681e+00
1.127550e-01 -3.041410e-01 2.278801e+00
-3.566610e-01 -6.171120e-01 2.535060e+00
-1.180990e-01 -6.123580e-01 2.511968e+00
-3.575660e-01 -1.004900e+00 2.615285e+00
-1.284050e-01 -9.905720e-01 2.628861e+00
-3.680300e-01 -1.038693e+00 2.451819e+00
-1.293950e-01 -1.039933e+00 2.469064e+00
-2.676290e-01 5.201300e-01 2.376831e+00
-4.419970e-01 2.254040e-01 2.520784e+00
-8.368900e-02 2.429240e-01 2.490645e+00
-2.728660e-01 2.806500e-01 2.413584e+00
-2.489960e-01 1.035480e-01 2.594412e+00
-4.507990e-01 -1.155500e-01 2.485616e+00
-2.505800e-02 -1.077700e-01 2.473319e+00
-2.346490e-01 -1.010310e-01 2.599749e+00
-4.972670e-01 -4.387100e-02 2.508590e+00
-5.445000e-03 -1.405100e-02 2.431031e+00
-4.846330e-01 -3.177260e-01 2.409975e+00
1.064360e-01 -2.098930e-01 2.246613e+00
-4.783880e-01 -3.786890e-01 2.378911e+00
1.471740e-01 -2.610510e-01 2.225549e+00
-3.571230e-01 -6.144600e-01 2.533251e+00
-1.240360e-01 -6.134310e-01 2.511216e+00
-3.577010e-01 -1.001430e+00 2.617334e+00
-1.264660e-01 -9.915740e-01 2.628765e+00
-3.651930e-01 -1.036896e+00 2.454060e+00
-1.261250e-01 -1.041223e+00 2.469054e+00
-2.670480e-01 5.188260e-01 2.377720e+00
-4.446360e-01 2.224850e-01 2.535143e+00
-8.942100e-02 2.431470e-01 2.480412e+00
-2.838140e-01 2.772100e-01 2.415599e+00
-2.456490e-01 1.042830e-01 2.598009e+00
-4.560070e-01 -1.142790e-01 2.511440e+00
-3.356300e-02 -1.074090e-01 2.457022e+00
-2.295350e-01 -1.020030e-01 2.603733e+00
-5.024670e-01 -4.497900e-02 2.517276e+00
-2.833100e-02 3.815000e-03 2.361297e+00
-4.902460e-01 -3.164560e-01 2.415009e+00
1.131000e-01 -1.338130e-01 2.148310e+00
-4.943730e-01 -3.821420e-01 2.395293e+00
1.763730e-01 -1.481880e-01 2.125720e+00
-3.583020e-01 -6.157220e-01 2.524111e+00
-1.237020e-01 -6.119730e-01 2.510636e+00
-3.566890e-01 -9.973100e-01 2.629958e+00
-1.334480e-01 -9.855890e-01 2.641527e+00
-3.815120e-01 -1.041617e+00 2.470606e+00
-1.451020e-01 -1.040482e+00 2.483972e+00
-2.672100e-01 5.166900e-01 2.377361e+00
-4.414900e-01 2.270610e-01 2.547575e+00
-8.924100e-02 2.409340e-01 2.474584e+00
-2.859300e-01 2.803460e-01 2.420646e+00
-2.422220e-01 1.034760e-01 2.597960e+00
-4.578950e-01 -1.110480e-01 2.518964e+00
-3.696700e-02 -1.116420e-01 2.453495e+00
-2.288950e-01 -1.035060e-01 2.605336e+00
-5.038780e-01 -3.868700e-02 2.526887e+00
-5.441800e-02 1.664200e-02 2.321538e+00
-4.940200e-01 -3.088130e-01 2.422228e+00
6.275200e-02 -7.253400e-02 2.071864e+00
-4.907070e-01 -3.719440e-01 2.395323e+00
1.309020e-01 -7.859400e-02 2.065599e+00
-3.597650e-01 -6.151310e-01 2.523466e+00
-1.293470e-01 -6.140410e-01 2.510904e+00
-3.550500e-01 -9.967140e-01 2.629240e+00
-1.331590e-01 -9.880840e-01 2.640878e+00
-3.838690e-01 -1.041053e+00 2.470570e+00
-1.501750e-01 -1.042541e+00 2.483660e+00
-2.670210e-01 5.127620e-01 2.372284e+00
-4.451280e-01 2.242540e-01 2.556686e+00
-9.636800e-02 2.404680e-01 2.468915e+00
-2.955200e-01 2.771660e-01 2.422644e+00
-2.426780e-01 1.033690e-01 2.600509e+00
-4.613280e-01 -1.123740e-01 2.537603e+00
-4.704100e-02 -1.111780e-01 2.438446e+00
-2.261070e-01 -1.065580e-01 2.605395e+00
-5.090290e-01 -4.240100e-02 2.539566e+00
-8.703200e-02 3.089200e-02 2.291512e+00
-5.054580e-01 -3.165640e-01 2.442383e+00
-1.701500e-02 -1.590500e-02 2.013069e+00
-4.968960e-01 -3.737160e-01 2.405225e+00
4.621700e-02 -5.644000e-03 1.988231e+00
-3.600670e-01 -6.166050e-01 2.521148e+00
-1.302640e-01 -6.126070e-01 2.512888e+00
-3.564750e-01 -9.953300e-01 2.636779e+00
-1.328340e-01 -9.878960e-01 2.639249e+00
-3.959550e-01 -1.043131e+00 2.481444e+00
-1.623850e-01 -1.040244e+00 2.483176e+00
-2.634900e-01 5.122710e-01 2.374225e+00
-4.434820e-01 2.264130e-01 2.571782e+00
-1.016360e-01 2.384190e-01 2.459542e+00
-3.026930e-01 2.808010e-01 2.429059e+00
-2.412590e-01 9.992700e-02 2.596820e+00
-4.649920e-01 -1.182200e-01 2.560894e+00
-6.059000e-02 -1.105500e-01 2.427224e+00
-2.249290e-01 -1.119970e-01 2.608742e+00
-5.131010e-01 -3.662900e-02 2.562840e+00
-9.159600e-02 2.237500e-02 2.294188e+00
-5.055770e-01 -3.109130e-01 2.474488e+00
-2.284160e-01 1.640600e-02 2.040536e+00
-5.016720e-01 -3.636800e-01 2.430661e+00
-2.602860e-01 1.280300e-02 1.979777e+00
-3.605770e-01 -6.209320e-01 2.520925e+00
-1.291550e-01 -6.127180e-01 2.508430e+00
-3.630240e-01 -1.005572e+00 2.615063e+00
-1.313710e-01 -9.857760e-01 2.641240e+00
-4.138380e-01 -1.043148e+00 2.460213e+00
-1.704130e-01 -1.040114e+00 2.487957e+00
-2.638680e-01 5.073620e-01 2.369169e+00
-4.430850e-01 2.229410e-01 2.583581e+00
-1.089810e-01 2.343700e-01 2.450000e+00
-3.118380e-01 2.749240e-01 2.431195e+00
-2.388110e-01 9.819100e-02 2.598724e+00
-4.636980e-01 -1.202750e-01 2.561791e+00
-6.183100e-02 -1.126080e-01 2.420682e+00
-2.227850e-01 -1.144030e-01 2.605205e+00
-5.110850e-01 -4.184900e-02 2.571592e+00
-1.279640e-01 2.926300e-02 2.269855e+00
-5.021140e-01 -3.183390e-01 2.485434e+00
-3.213990e-01 5.540400e-02 2.055729e+00
-5.024280e-01 -3.856100e-01 2.499398e+00
-3.827340e-01 4.653000e-02 2.026070e+00
-3.587020e-01 -6.230330e-01 2.520902e+00
-1.274510e-01 -6.143050e-01 2.505277e+00
-3.638760e-01 -1.007969e+00 2.613713e+00
-1.296930e-01 -9.881660e-01 2.635808e+00
-4.171020e-01 -1.044456e+00 2.459413e+00
-1.717090e-01 -1.041304e+00 2.482891e+00
-2.649910e-01 5.022630e-01 2.366230e+00
-4.420170e-01 2.274440e-01 2.582547e+00
-1.085410e-01 2.339690e-01 2.447079e+00
-3.107350e-01 2.783510e-01 2.429829e+00
-2.399580e-01 9.888900e-02 2.595412e+00
-4.630350e-01 -1.216150e-01 2.565176e+00
-6.318100e-02 -1.113920e-01 2.418616e+00
-2.215500e-01 -1.159630e-01 2.605315e+00
-5.086000e-01 -3.664200e-02 2.579432e+00
-1.189700e-01 3.060900e-02 2.266191e+00
-5.099390e-01 -3.120640e-01 2.493936e+00
-3.505270e-01 7.292000e-02 2.099578e+00
-5.018890e-01 -3.717290e-01 2.527036e+00
-4.131500e-01 6.951700e-02 2.127636e+00
-3.579960e-01 -6.236020e-01 2.516181e+00
-1.280310e-01 -6.135900e-01 2.504958e+00
-3.577000e-01 -1.002472e+00 2.631391e+00
-1.243910e-01 -9.880850e-01 2.633627e+00
-4.110530e-01 -1.048627e+00 2.479747e+00
-1.696110e-01 -1.040799e+00 2.481479e+00
-2.653470e-01 5.069690e-01 2.370137e+00
-4.432190e-01 2.295910e-01 2.581353e+00
-1.113820e-01 2.325420e-01 2.441798e+00
-3.137820e-01 2.764430e-01 2.425788e+00
-2.409750e-01 1.014310e-01 2.595209e+00
-4.630520e-01 -1.204490e-01 2.568483e+00
-6.823200e-02 -1.119200e-01 2.408759e+00
-2.203510e-01 -1.156810e-01 2.600602e+00
-5.109080e-01 -3.299900e-02 2.577790e+00
-8.542900e-02 3.676000e-02 2.255937e+00
-5.180030e-01 -3.123300e-01 2.511613e+00
-3.098340e-01 7.587300e-02 2.081101e+00
-5.032170e-01 -3.768660e-01 2.493259e+00
-3.724920e-01 7.450000e-02 2.109252e+00
-3.590350e-01 -6.229630e-01 2.515232e+00
-1.281130e-01 -6.123610e-01 2.504774e+00
-3.552880e-01 -1.004575e+00 2.620942e+00
-1.303720e-01 -9.863570e-01 2.634919e+00
-4.142100e-01 -1.046898e+00 2.470245e+00
-1.798580e-01 -1.038596e+00 2.483940e+00
-2.692860e-01 5.042110e-01 2.360932e+00
-4.422790e-01 2.261750e-01 2.569478e+00
-1.056480e-01 2.288860e-01 2.441914e+00
-3.076860e-01 2.706010e-01 2.417621e+00
-2.396380e-01 1.001760e-01 2.593571e+00
-4.622080e-01 -1.217130e-01 2.566890e+00
-6.639000e-02 -1.131340e-01 2.409658e+00
-2.196970e-01 -1.178370e-01 2.600532e+00
-5.082090e-01 -3.653000e-02 2.575466e+00
-5.128900e-02 5.010000e-02 2.245758e+00
-5.160230e-01 -3.139600e-01 2.502965e+00
-2.391730e-01 6.657700e-02 2.029625e+00
-5.203280e-01 -3.800520e-01 2.484697e+00
-3.063930e-01 5.602100e-02 2.039140e+00
-3.602150e-01 -6.241250e-01 2.513610e+00
-1.296690e-01 -6.139680e-01 2.504045e+00
-3.537830e-01 -1.005749e+00 2.619142e+00
-1.190180e-01 -9.901770e-01 2.627207e+00
-4.124800e-01 -1.048409e+00 2.468453e+00
-1.705950e-01 -1.040994e+00 2.476442e+00
-2.686860e-01 5.083030e-01 2.367526e+00
-4.393900e-01 2.281770e-01 2.567701e+00
-9.665200e-02 2.376390e-01 2.457970e+00
-2.971590e-01 2.815110e-01 2.426013e+00
-2.383010e-01 1.001960e-01 2.594221e+00
-4.670010e-01 -1.206600e-01 2.545534e+00
-5.853400e-02 -1.109800e-01 2.425004e+00
-2.285800e-01 -1.158700e-01 2.601125e+00
-5.066470e-01 -3.347300e-02 2.573252e+00
-4.065900e-02 8.117400e-02 2.244902e+00
-5.170810e-01 -3.084580e-01 2.494946e+00
-1.202590e-01 5.691500e-02 1.971163e+00
-5.189050e-01 -3.761810e-01 2.483518e+00
-1.806550e-01 5.814400e-02 1.938433e+00
-3.597790e-01 -6.227090e-01 2.515430e+00
-1.284450e-01 -6.135990e-01 2.501020e+00
-3.591360e-01 -1.006707e+00 2.612185e+00
-1.310070e-01 -9.859080e-01 2.635910e+00
-4.053700e-01 -1.046051e+00 2.456342e+00
-1.647340e-01 -1.041504e+00 2.481818e+00
-2.702730e-01 5.056320e-01 2.364196e+00
-4.378360e-01 2.242550e-01 2.550071e+00
-9.282200e-02 2.346260e-01 2.447807e+00
-2.935040e-01 2.706270e-01 2.408059e+00
-2.343460e-01 1.040180e-01 2.590748e+00
-4.652210e-01 -1.218030e-01 2.546705e+00
-5.741100e-02 -1.132610e-01 2.423884e+00
-2.264580e-01 -1.188300e-01 2.600943e+00
-5.057800e-01 -3.600100e-02 2.563001e+00
-2.775900e-02 5.275200e-02 2.260176e+00
-5.147810e-01 -3.074510e-01 2.476207e+00
6.531500e-02 7.257500e-02 1.991395e+00
-5.264030e-01 -3.719700e-01 2.496768e+00
1.032870e-01 5.273200e-02 1.937684e+00
-3.642240e-01 -6.240060e-01 2.510594e+00
-1.318040e-01 -6.164980e-01 2.494819e+00
-3.581610e-01 -9.999260e-01 2.634946e+00
-1.317140e-01 -9.867840e-01 2.635192e+00
-4.050110e-01 -1.051030e+00 2.482742e+00
-1.659720e-01 -1.044820e+00 2.482121e+00
-2.711700e-01 5.107180e-01 2.356570e+00
-4.384580e-01 2.255200e-01 2.548064e+00
-9.385400e-02 2.320130e-01 2.444113e+00
-2.944080e-01 2.693670e-01 2.404969e+00
-2.358090e-01 1.039220e-01 2.588892e+00
-4.666590e-01 -1.226360e-01 2.555523e+00
-6.736800e-02 -1.135720e-01 2.407362e+00
-2.249860e-01 -1.183530e-01 2.594690e+00
-5.087520e-01 -3.303100e-02 2.565819e+00
-8.742000e-03 4.926100e-02 2.266736e+00
-5.176660e-01 -2.985750e-01 2.464607e+00
1.655700e-01 6.045500e-02 2.042399e+00
-5.204470e-01 -3.601180e-01 2.495024e+00
2.205360e-01 5.292800e-02 2.001871e+00
-3.647840e-01 -6.248620e-01 2.511827e+00
-1.327900e-01 -6.150990e-01 2.496401e+00
-3.551290e-01 -1.003255e+00 2.628194e+00
-1.329530e-01 -9.853830e-01 2.636779e+00
-4.108420e-01 -1.050906e+00 2.477867e+00
-1.767080e-01 -1.042589e+00 2.485831e+00
-2.660400e-01 5.126110e-01 2.357879e+00
-4.378010e-01 2.275770e-01 2.536984e+00
-8.935200e-02 2.291540e-01 2.446536e+00
-2.877190e-01 2.689530e-01 2.399460e+00
-2.385160e-01 1.035210e-01 2.586128e+00
-4.682360e-01 -1.222110e-01 2.539254e+00
-6.062700e-02 -1.148490e-01 2.415690e+00
-2.294080e-01 -1.174200e-01 2.593073e+00
-5.048170e-01 -3.098100e-02 2.563780e+00
2.099000e-03 4.281300e-02 2.276314e+00
-5.198250e-01 -2.978400e-01 2.467086e+00
2.081750e-01 5.440000e-02 2.080899e+00
-5.127530e-01 -3.587030e-01 2.498169e+00
2.744420e-01 4.934100e-02 2.063478e+00
-3.614620e-01 -6.248410e-01 2.514221e+00
-1.329850e-01 -6.169860e-01 2.494860e+00
-3.593610e-01 -1.006923e+00 2.618264e+00
-1.339870e-01 -9.860300e-01 2.638462e+00
-4.066280e-01 -1.049317e+00 2.463535e+00
-1.683360e-01 -1.045306e+00 2.485888e+00
-2.653460e-01 5.136670e-01 2.356972e+00
-4.382920e-01 2.288260e-01 2.521605e+00
-8.422900e-02 2.374650e-01 2.457070e+00
-2.792520e-01 2.750760e-01 2.396238e+00
-2.410930e-01 1.069590e-01 2.583091e+00
-4.694670e-01 -1.157670e-01 2.511070e+00
-4.965100e-02 -1.139640e-01 2.438831e+00
-2.390820e-01 -1.135390e-01 2.593989e+00
-5.049750e-01 -2.996900e-02 2.543097e+00
1.345000e-03 3.118400e-02 2.308718e+00
-5.093210e-01 -3.044990e-01 2.470964e+00
1.962100e-01 2.895100e-02 2.102292e+00
-5.112000e-01 -3.709050e-01 2.453440e+00
2.621340e-01 2.661500e-02 2.083083e+00
-3.621720e-01 -6.194750e-01 2.511981e+00
-1.316080e-01 -6.153210e-01 2.501224e+00
-3.604420e-01 -9.987220e-01 2.625931e+00
-1.319600e-01 -9.871810e-01 2.637370e+00
-3.894750e-01 -1.046240e+00 2.468224e+00
-1.497300e-01 -1.044341e+00 2.481199e+00
-2.646900e-01 5.168210e-01 2.351374e+00
-4.369790e-01 2.274740e-01 2.516733e+00
-8.173000e-02 2.380480e-01 2.459408e+00
-2.756200e-01 2.759790e-01 2.395242e+00
-2.406640e-01 1.052920e-01 2.580385e+00
-4.635600e-01 -1.128670e-01 2.517995e+00
-4.736200e-02 -1.136430e-01 2.427190e+00
-2.297140e-01 -1.102630e-01 2.590574e+00
-5.038620e-01 -3.049700e-02 2.533064e+00
-1.036500e-02 1.125300e-02 2.337916e+00
-5.088640e-01 -3.051040e-01 2.466065e+00
1.609730e-01 -8.875000e-03 2.113950e+00
-5.129340e-01 -3.733210e-01 2.458969e+00
2.232210e-01 -4.327000e-03 2.085230e+00
-3.591360e-01 -6.174270e-01 2.512595e+00
-1.278520e-01 -6.132160e-01 2.504578e+00
-3.601770e-01 -9.944940e-01 2.633573e+00
-1.325760e-01 -9.865830e-01 2.636453e+00
-3.956660e-01 -1.044336e+00 2.477917e+00
-1.581310e-01 -1.041342e+00 2.480502e+00
-2.629590e-01 5.174250e-01 2.351992e+00
-4.341170e-01 2.263020e-01 2.509875e+00
-7.833600e-02 2.401170e-01 2.456685e+00
-2.718440e-01 2.748760e-01 2.389635e+00
-2.372250e-01 1.073270e-01 2.577684e+00
-4.563310e-01 -1.085390e-01 2.512546e+00
-3.784800e-02 -1.164180e-01 2.433316e+00
-2.245780e-01 -1.099350e-01 2.591582e+00
-4.982510e-01 -3.131200e-02 2.520706e+00
-1.198800e-02 -6.289000e-03 2.382674e+00
-5.019240e-01 -3.014850e-01 2.442360e+00
1.115400e-01 -7.624400e-02 2.139791e+00
-5.087410e-01 -3.695070e-01 2.435507e+00
1.650940e-01 -6.731800e-02 2.097688e+00
-3.594500e-01 -6.144070e-01 2.517237e+00
-1.276610e-01 -6.146800e-01 2.506308e+00
-3.624720e-01 -9.982020e-01 2.614749e+00
-1.288850e-01 -9.889020e-01 2.635816e+00
-3.953730e-01 -1.038339e+00 2.455755e+00
-1.523830e-01 -1.042989e+00 2.479307e+00
-2.616260e-01 5.198330e-01 2.349153e+00
-4.386550e-01 2.237030e-01 2.516740e+00
-8.453800e-02 2.411670e-01 2.454322e+00
-2.799050e-01 2.788450e-01 2.394644e+00
-2.397890e-01 1.018920e-01 2.572724e+00
-4.543740e-01 -1.096830e-01 2.503705e+00
-3.423600e-02 -1.135530e-01 2.433448e+00
-2.243530e-01 -1.062760e-01 2.587592e+00
-4.975050e-01 -3.674000e-02 2.523468e+00
6.390000e-04 -1.158100e-02 2.440080e+00
-4.925900e-01 -2.983320e-01 2.416113e+00
4.019600e-02 -2.095450e-01 2.242028e+00
-4.866960e-01 -3.652940e-01 2.430316e+00
8.482900e-02 -2.204980e-01 2.190956e+00
-3.576480e-01 -6.138210e-01 2.518913e+00
-1.269090e-01 -6.138180e-01 2.501834e+00
-3.576890e-01 -9.949470e-01 2.626426e+00
-1.201990e-01 -9.885830e-01 2.629591e+00
-3.877610e-01 -1.039612e+00 2.468081e+00
-1.414060e-01 -1.042453e+00 2.472681e+00
-2.642620e-01 5.170820e-01 2.352493e+00
-4.365380e-01 2.243140e-01 2.522344e+00
-8.404300e-02 2.402520e-01 2.450976e+00
-2.807270e-01 2.781940e-01 2.395974e+00
-2.367080e-01 1.022060e-01 2.574087e+00
-4.554510e-01 -1.135220e-01 2.509287e+00
-3.647700e-02 -1.103980e-01 2.432361e+00
-2.242240e-01 -1.057520e-01 2.589484e+00
-5.030500e-01 -3.489600e-02 2.521084e+00
7.517000e-03 -1.008200e-02 2.474746e+00
-4.846480e-01 -2.942450e-01 2.408444e+00
1.494900e-02 -2.711980e-01 2.364967e+00
-4.946670e-01 -3.621780e-01 2.410685e+00
4.330000e-02 -3.178050e-01 2.323201e+00
-3.569930e-01 -6.160270e-01 2.517840e+00
-1.265570e-01 -6.128400e-01 2.501545e+00
-3.574970e-01 -9.955980e-01 2.630721e+00
-1.300210e-01 -9.841880e-01 2.639039e+00
-3.898380e-01 -1.042333e+00 2.473424e+00
-1.510330e-01 -1.041628e+00 2.483374e+00
-2.697380e-01 5.122780e-01 2.345327e+00
-4.331780e-01 2.239800e-01 2.525022e+00
-8.036400e-02 2.367900e-01 2.454608e+00
-2.764230e-01 2.784870e-01 2.400097e+00
-2.350730e-01 9.817200e-02 2.574482e+00
-4.596580e-01 -1.240090e-01 2.505457e+00
-4.054800e-02 -1.189360e-01 2.429375e+00
-2.286950e-01 -1.124150e-01 2.585953e+00
-5.083330e-01 -3.500500e-02 2.513222e+00
5.336000e-03 -1.829700e-02 2.475751e+00
-4.828920e-01 -3.053990e-01 2.424199e+00
1.767400e-02 -3.035350e-01 2.462628e+00
-4.990010e-01 -3.653270e-01 2.394711e+00
3.734300e-02 -3.677270e-01 2.477218e+00
-3.553110e-01 -6.259470e-01 2.519073e+00
-1.248820e-01 -6.213040e-01 2.501963e+00
-3.601420e-01 -1.008303e+00 2.622014e+00
-1.317610e-01 -9.923960e-01 2.640019e+00
-3.909550e-01 -1.050675e+00 2.463181e+00
-1.509820e-01 -1.050013e+00 2.484188e+00
-2.673150e-01 5.030910e-01 2.337307e+00
-4.300970e-01 2.265750e-01 2.518023e+00
-7.550800e-02 2.383600e-01 2.456968e+00
-2.700760e-01 2.780110e-01 2.395971e+00
-2.331880e-01 1.027110e-01 2.576367e+00
-4.574270e-01 -1.194970e-01 2.491920e+00
-3.460200e-02 -1.129340e-01 2.440509e+00
-2.316780e-01 -1.046590e-01 2.585598e+00
-5.033420e-01 -3.514700e-02 2.521189e+00
1.075200e-02 -1.621900e-02 2.497242e+00
-4.798030e-01 -3.083410e-01 2.433833e+00
1.903300e-02 -3.038110e-01 2.503730e+00
-4.954240e-01 -3.748860e-01 2.426893e+00
4.757800e-02 -3.621100e-01 2.526242e+00
-3.535560e-01 -6.199820e-01 2.523787e+00
-1.267620e-01 -6.164420e-01 2.505854e+00
-3.604580e-01 -1.004015e+00 2.620157e+00
-1.324490e-01 -9.892750e-01 2.639192e+00
-3.819270e-01 -1.044023e+00 2.459188e+00
-1.445920e-01 -1.045283e+00 2.482068e+00
-2.601400e-01 5.121580e-01 2.346676e+00
-4.308690e-01 2.264990e-01 2.521104e+00
-7.619900e-02 2.372240e-01 2.460324e+00
-2.705290e-01 2.787440e-01 2.399815e+00
-2.346450e-01 1.007990e-01 2.577808e+00
-4.595660e-01 -1.254110e-01 2.510250e+00
-3.974200e-02 -1.160710e-01 2.438643e+00
-2.296350e-01 -1.105910e-01 2.593138e+00
-5.128890e-01 -3.399700e-02 2.509325e+00
4.732000e-03 -1.287800e-02 2.535314e+00
-4.659090e-01 -3.077470e-01 2.427913e+00
2.846500e-02 -2.985550e-01 2.495324e+00
-5.099510e-01 -3.604740e-01 2.428655e+00
3.639900e-02 -3.657490e-01 2.483387e+00
-3.534130e-01 -6.261040e-01 2.525386e+00
-1.246510e-01 -6.202510e-01 2.506162e+00
-3.578130e-01 -1.010333e+00 2.621120e+00
-1.346830e-01 -9.923850e-01 2.641185e+00
-3.868520e-01 -1.049841e+00 2.461219e+00
-1.519300e-01 -1.048715e+00 2.484654e+00
-2.545670e-01 5.108830e-01 2.350047e+00
-4.298860e-01 2.282610e-01 2.508640e+00
-7.229600e-02 2.356530e-01 2.467713e+00
-2.626660e-01 2.758940e-01 2.394983e+00
-2.378830e-01 1.037550e-01 2.580422e+00
-4.556930e-01 -1.166950e-01 2.502222e+00
-3.356100e-02 -1.185920e-01 2.445057e+00
-2.284240e-01 -1.082910e-01 2.592977e+00
-4.997990e-01 -3.695900e-02 2.512379e+00
1.362500e-02 -2.192300e-02 2.506644e+00
-4.923230e-01 -3.208170e-01 2.451351e+00
3.710700e-02 -3.087710e-01 2.467626e+00
-4.956180e-01 -3.871550e-01 2.433778e+00
4.252300e-02 -3.771410e-01 2.471708e+00
-3.520480e-01 -6.205700e-01 2.523201e+00
-1.236390e-01 -6.195680e-01 2.509244e+00
-3.573040e-01 -9.997090e-01 2.637403e+00
-1.309010e-01 -9.937950e-01 2.638539e+00
-3.811720e-01 -1.047149e+00 2.478808e+00
-1.447580e-01 -1.047984e+00 2.480918e+00
-2.476700e-01 5.093020e-01 2.342676e+00
