-3.808460e-01 3.243700e-01 2.621438e+00
7.365900e-02 3.437390e-01 2.674490e+00
-1.612140e-01 2.077590e-01 2.759362e+00
5.823900e-02 -3.246800e-02 2.651506e+00
-4.143230e-01 6.445600e-02 2.681111e+00
-3.879180e-01 -2.034650e-01 2.556138e+00
-3.404410e-01 -2.786080e-01 2.568542e+00
-2.650790e-01 -6.426940e-01 2.700794e+00
-2.706720e-01 -1.136194e+00 2.759400e+00
-2.445030e-01 -1.162856e+00 2.537397e+00
-1.896930e-01 4.085360e-01 2.338835e+00
7.374700e-02 3.429500e-01 2.675996e+00
-1.604840e-01 2.050350e-01 2.759507e+00
5.393400e-02 -2.648600e-02 2.648958e+00
-4.194730e-01 6.392000e-02 2.686317e+00
-3.942360e-01 -2.086710e-01 2.571131e+00
-3.579720e-01 -2.803460e-01 2.531106e+00
-2.666260e-01 -6.404880e-01 2.700154e+00
-2.822120e-01 -1.135062e+00 2.746665e+00
-2.561900e-01 -1.156811e+00 2.524109e+00
-1.939280e-01 4.216660e-01 2.343771e+00
7.103600e-02 3.435680e-01 2.670258e+00
-1.601840e-01 2.020280e-01 2.756065e+00
5.259100e-02 -2.996800e-02 2.642579e+00
-4.186440e-01 5.981700e-02 2.690202e+00
-4.044090e-01 -2.159890e-01 2.582744e+00
-3.596330e-01 -2.594630e-01 2.518250e+00
-2.648710e-01 -6.423660e-01 2.700011e+00
-2.725330e-01 -1.138005e+00 2.735961e+00
-2.490310e-01 -1.154563e+00 2.512679e+00
-1.957410e-01 4.296090e-01 2.341217e+00
7.129700e-02 3.254870e-01 2.671324e+00
-1.605920e-01 1.837680e-01 2.755005e+00
5.613500e-02 -3.996400e-02 2.645617e+00
-4.175160e-01 4.434900e-02 2.691346e+00
-3.991400e-01 -2.350240e-01 2.595886e+00
-3.949360e-01 -3.193070e-01 2.565340e+00
-2.652130e-01 -6.473610e-01 2.693537e+00
-2.532540e-01 -1.138356e+00 2.769628e+00
-2.320650e-01 -1.172175e+00 2.548068e+00
-1.942230e-01 3.661120e-01 2.343363e+00
6.831700e-02 3.279180e-01 2.664942e+00
-1.668390e-01 1.948030e-01 2.753491e+00
6.018600e-02 -4.121700e-02 2.631564e+00
-4.073870e-01 6.270500e-02 2.692509e+00
-3.941300e-01 -2.179720e-01 2.600704e+00
-3.897990e-01 -3.024930e-01 2.570842e+00
-2.666420e-01 -6.518050e-01 2.697270e+00
-2.799890e-01 -1.148417e+00 2.711672e+00
-2.670630e-01 -1.155279e+00 2.487023e+00
-1.875290e-01 4.031060e-01 2.337665e+00
7.405200e-02 3.169760e-01 2.660065e+00
-1.663930e-01 1.992240e-01 2.755877e+00
5.488000e-02 -3.648700e-02 2.619726e+00
-4.095020e-01 7.931900e-02 2.694568e+00
-3.995220e-01 -2.066910e-01 2.620096e+00
-4.089510e-01 -2.931960e-01 2.598133e+00
-2.669360e-01 -6.492160e-01 2.696975e+00
-2.785820e-01 -1.146006e+00 2.705491e+00
-2.764890e-01 -1.149913e+00 2.480409e+00
-1.752090e-01 4.231420e-01 2.335153e+00
7.694200e-02 3.132780e-01 2.654652e+00
-1.638390e-01 2.015330e-01 2.756617e+00
4.961300e-02 -3.369200e-02 2.612050e+00
-4.130460e-01 8.576300e-02 2.701109e+00
-4.119210e-01 -1.951490e-01 2.610754e+00
-3.515290e-01 -2.513070e-01 2.575349e+00
-2.705390e-01 -6.466430e-01 2.695179e+00
-2.775300e-01 -1.142849e+00 2.722367e+00
-2.790850e-01 -1.155144e+00 2.497584e+00
-1.500170e-01 4.458830e-01 2.330936e+00
7.796900e-02 3.087530e-01 2.634156e+00
-1.538350e-01 1.985840e-01 2.756586e+00
4.477900e-02 -3.237500e-02 2.603951e+00
-4.189900e-01 8.110600e-02 2.691502e+00
-4.083040e-01 -2.038870e-01 2.616987e+00
-3.502070e-01 -2.576850e-01 2.574738e+00
-2.684250e-01 -6.473250e-01 2.697176e+00
-2.821190e-01 -1.143846e+00 2.714165e+00
-2.934620e-01 -1.151222e+00 2.489447e+00
-1.409220e-01 4.574460e-01 2.333715e+00
7.890300e-02 3.080690e-01 2.630324e+00
-1.525870e-01 2.025280e-01 2.757338e+00
4.535900e-02 -3.207500e-02 2.600296e+00
-4.157530e-01 8.758400e-02 2.702752e+00
-4.088180e-01 -1.933570e-01 2.614669e+00
-4.151240e-01 -2.628150e-01 2.558187e+00
-2.764550e-01 -6.445390e-01 2.696620e+00
-2.773830e-01 -1.138789e+00 2.748824e+00
-2.927470e-01 -1.162352e+00 2.525463e+00
-1.316770e-01 4.757350e-01 2.336703e+00
8.492600e-02 2.936240e-01 2.619455e+00
-1.386430e-01 1.827920e-01 2.755808e+00
4.023200e-02 -3.856300e-02 2.592760e+00
-4.311600e-01 6.740300e-02 2.717014e+00
-4.065100e-01 -2.022270e-01 2.601904e+00
-4.121710e-01 -2.870450e-01 2.573125e+00
-2.796850e-01 -6.544970e-01 2.702708e+00
-2.811590e-01 -1.150971e+00 2.725514e+00
-3.056010e-01 -1.161168e+00 2.501952e+00
-1.132920e-01 4.905590e-01 2.349347e+00
8.634900e-02 2.919090e-01 2.614457e+00
-1.309710e-01 1.742980e-01 2.755165e+00
4.510900e-02 -4.638800e-02 2.587146e+00
-4.300010e-01 5.724500e-02 2.727951e+00
-3.981610e-01 -2.121540e-01 2.614468e+00
-4.297330e-01 -2.493270e-01 2.539130e+00
-2.805420e-01 -6.591150e-01 2.706150e+00
-2.819880e-01 -1.155907e+00 2.720456e+00
-3.172050e-01 -1.162205e+00 2.498192e+00
-1.036420e-01 4.985460e-01 2.362265e+00
8.483800e-02 3.143960e-01 2.608829e+00
-1.254930e-01 1.853540e-01 2.750137e+00
4.537200e-02 -4.828700e-02 2.582837e+00
-4.298190e-01 6.172000e-02 2.734219e+00
-3.964550e-01 -2.064040e-01 2.618500e+00
-4.468710e-01 -2.650490e-01 2.572965e+00
-2.805230e-01 -6.609510e-01 2.708376e+00
-2.724290e-01 -1.157805e+00 2.717327e+00
-3.130150e-01 -1.162454e+00 2.495939e+00
-1.577150e-01 5.174270e-01 2.362627e+00
8.314600e-02 3.515330e-01 2.599653e+00
-1.192130e-01 2.196620e-01 2.749719e+00
4.761800e-02 -3.372200e-02 2.581378e+00
-4.221680e-01 8.633900e-02 2.735743e+00
-3.986050e-01 -1.836260e-01 2.620709e+00
-4.268850e-01 -2.664490e-01 2.640585e+00
-2.784990e-01 -6.433940e-01 2.699368e+00
-2.841100e-01 -1.139917e+00 2.720403e+00
-3.246020e-01 -1.148834e+00 2.499129e+00
-1.495740e-01 5.357400e-01 2.349519e+00
8.973900e-02 3.625270e-01 2.600476e+00
-1.108240e-01 2.303520e-01 2.752671e+00
4.321500e-02 -1.822100e-02 2.574093e+00
-4.185050e-01 9.879000e-02 2.737757e+00
-4.074470e-01 -1.780840e-01 2.633742e+00
-3.569600e-01 -2.522520e-01 2.635856e+00
-2.714180e-01 -6.265320e-01 2.687844e+00
-2.851980e-01 -1.119395e+00 2.750331e+00
-3.362710e-01 -1.145567e+00 2.532644e+00
-1.468050e-01 5.460970e-01 2.356825e+00
1.094740e-01 3.191840e-01 2.658457e+00
-1.265340e-01 1.934750e-01 2.755188e+00
5.576400e-02 -2.173000e-02 2.607120e+00
-4.166000e-01 9.509600e-02 2.742573e+00
-4.013130e-01 -1.859760e-01 2.641806e+00
-4.348880e-01 -2.684680e-01 2.652854e+00
-2.644140e-01 -6.269350e-01 2.688197e+00
-2.770920e-01 -1.118831e+00 2.758101e+00
-2.934350e-01 -1.150008e+00 2.535745e+00
-1.428280e-01 5.320930e-01 2.382853e+00
9.809300e-02 2.276500e-01 2.701931e+00
-1.657430e-01 1.304840e-01 2.739304e+00
6.432500e-02 -7.877300e-02 2.667879e+00
-4.342890e-01 9.724400e-02 2.755075e+00
-3.929070e-01 -1.730160e-01 2.621966e+00
-4.179810e-01 -2.578420e-01 2.606795e+00
-2.662610e-01 -6.777750e-01 2.711834e+00
-2.809060e-01 -1.173989e+00 2.735625e+00
-2.368340e-01 -1.185859e+00 2.515176e+00
-1.692450e-01 5.133400e-01 2.437316e+00
9.693800e-02 2.256330e-01 2.713804e+00
-1.702960e-01 1.306160e-01 2.728951e+00
6.827400e-02 -9.052100e-02 2.677876e+00
-4.269370e-01 9.544900e-02 2.724757e+00
-3.871330e-01 -1.836440e-01 2.614703e+00
-4.094330e-01 -2.704340e-01 2.609736e+00
-2.628830e-01 -6.870310e-01 2.719403e+00
-2.895900e-01 -1.183138e+00 2.732565e+00
-2.381740e-01 -1.191716e+00 2.513558e+00
-1.619640e-01 5.802730e-01 2.502837e+00
1.160600e-01 2.819390e-01 2.716876e+00
-1.475430e-01 1.805020e-01 2.749782e+00
7.287700e-02 -4.875100e-02 2.657996e+00
-4.024570e-01 1.241090e-01 2.724235e+00
-3.887080e-01 -1.581460e-01 2.615562e+00
-3.601160e-01 -2.420140e-01 2.629815e+00
-2.623830e-01 -6.494080e-01 2.705964e+00
-2.827270e-01 -1.145259e+00 2.732914e+00
-2.415080e-01 -1.158956e+00 2.512019e+00
-1.416740e-01 6.707810e-01 2.602348e+00
1.111770e-01 3.191220e-01 2.706262e+00
-1.486250e-01 2.134850e-01 2.753199e+00
7.549500e-02 -2.168500e-02 2.643566e+00
-3.983610e-01 1.444480e-01 2.721115e+00
-3.895860e-01 -1.451320e-01 2.638427e+00
-3.730180e-01 -2.051480e-01 2.573789e+00
-2.585460e-01 -6.214230e-01 2.695589e+00
-2.778510e-01 -1.115735e+00 2.743461e+00
-2.461370e-01 -1.138446e+00 2.521741e+00
-1.129800e-01 7.193920e-01 2.594549e+00
9.856300e-02 3.352860e-01 2.699846e+00
-1.554900e-01 2.210530e-01 2.757005e+00
7.150800e-02 -1.027600e-02 2.632924e+00
-4.013840e-01 1.377210e-01 2.719348e+00
-3.897140e-01 -1.526430e-01 2.637979e+00
-3.726210e-01 -2.115410e-01 2.572457e+00
-2.634660e-01 -6.143320e-01 2.686781e+00
-2.728020e-01 -1.105300e+00 2.763408e+00
-2.506320e-01 -1.140259e+00 2.542121e+00
-1.032890e-01 7.114180e-01 2.564333e+00
1.089400e-01 3.452090e-01 2.708846e+00
-1.479160e-01 2.343160e-01 2.759707e+00
7.301300e-02 -1.592000e-03 2.639722e+00
-3.969460e-01 1.543310e-01 2.716919e+00
-3.938880e-01 -1.384460e-01 2.636329e+00
-3.728270e-01 -2.243860e-01 2.621324e+00
-2.630080e-01 -5.998310e-01 2.672957e+00
-2.737520e-01 -1.090143e+00 2.753500e+00
-2.490480e-01 -1.126941e+00 2.532782e+00
-1.396450e-01 6.933370e-01 2.574655e+00
1.207810e-01 3.189020e-01 2.720127e+00
-1.440120e-01 2.238760e-01 2.761525e+00
6.844200e-02 -8.000000e-06 2.652900e+00
-4.152310e-01 1.547210e-01 2.709541e+00
-3.986920e-01 -1.477780e-01 2.639420e+00
-3.962780e-01 -2.322750e-01 2.609274e+00
-2.651980e-01 -5.993550e-01 2.674714e+00
-2.774850e-01 -1.089932e+00 2.753402e+00
-2.379580e-01 -1.125998e+00 2.534729e+00
-1.758430e-01 6.763490e-01 2.570727e+00
1.072370e-01 3.300800e-01 2.717492e+00
-1.485940e-01 2.114960e-01 2.754195e+00
6.392000e-02 -1.281100e-02 2.653445e+00
-4.127790e-01 1.212420e-01 2.709966e+00
-4.054590e-01 -1.818320e-01 2.632537e+00
-3.942890e-01 -2.624980e-01 2.594820e+00
-2.684940e-01 -6.162320e-01 2.686140e+00
-2.776620e-01 -1.108042e+00 2.757184e+00
-2.369930e-01 -1.140442e+00 2.538146e+00
-1.943050e-01 6.814290e-01 2.581025e+00
1.041450e-01 3.509550e-01 2.673051e+00
-1.405090e-01 2.290170e-01 2.751374e+00
6.043600e-02 -5.411000e-03 2.622993e+00
-4.155950e-01 1.197650e-01 2.714566e+00
-4.119590e-01 -1.788000e-01 2.620694e+00
-3.877010e-01 -2.583420e-01 2.654444e+00
-2.735220e-01 -6.160240e-01 2.688568e+00
-2.782790e-01 -1.110014e+00 2.742973e+00
-2.674680e-01 -1.134733e+00 2.519470e+00
-2.084710e-01 7.055400e-01 2.575150e+00
5.482800e-02 3.750250e-01 2.594138e+00
-1.442070e-01 2.394120e-01 2.745310e+00
2.834500e-02 1.102000e-02 2.546349e+00
-4.152670e-01 1.117480e-01 2.695827e+00
-4.180140e-01 -1.958790e-01 2.626696e+00
-4.183870e-01 -2.796010e-01 2.594371e+00
-2.746320e-01 -6.046730e-01 2.683143e+00
-2.812310e-01 -1.097255e+00 2.748927e+00
-3.567740e-01 -1.124334e+00 2.538591e+00
-1.867100e-01 7.002660e-01 2.580008e+00
6.277100e-02 3.698930e-01 2.593317e+00
-1.397910e-01 2.388580e-01 2.743840e+00
3.366600e-02 4.920000e-03 2.558335e+00
-4.138650e-01 1.117740e-01 2.699443e+00
-4.177320e-01 -1.958000e-01 2.625707e+00
-4.097110e-01 -2.808730e-01 2.598271e+00
-2.767060e-01 -6.034610e-01 2.686584e+00
-2.777940e-01 -1.093719e+00 2.768158e+00
-3.414910e-01 -1.129023e+00 2.555138e+00
-1.990980e-01 6.946310e-01 2.569813e+00
6.734800e-02 3.658860e-01 2.590927e+00
-1.346020e-01 2.362640e-01 2.743483e+00
2.927200e-02 1.595000e-03 2.543209e+00
-4.156300e-01 1.098270e-01 2.703551e+00
-4.112600e-01 -1.973950e-01 2.627667e+00
-4.023050e-01 -2.777990e-01 2.588817e+00
-2.773000e-01 -6.064470e-01 2.687038e+00
-2.781560e-01 -1.099283e+00 2.751228e+00
-3.587330e-01 -1.126295e+00 2.542761e+00
-1.914620e-01 6.860830e-01 2.539175e+00
7.667000e-02 3.624600e-01 2.590787e+00
-1.259780e-01 2.360820e-01 2.745130e+00
3.748100e-02 -1.620000e-03 2.562457e+00
-4.107590e-01 1.061830e-01 2.703600e+00
-4.115360e-01 -1.984420e-01 2.621430e+00
-4.069250e-01 -2.731420e-01 2.670958e+00
-2.721650e-01 -6.095110e-01 2.679633e+00
-2.735940e-01 -1.100285e+00 2.758043e+00
-3.358930e-01 -1.134238e+00 2.544391e+00
-1.851960e-01 6.842950e-01 2.522718e+00
7.828200e-02 3.600500e-01 2.594495e+00
-1.254550e-01 2.352960e-01 2.748725e+00
3.396100e-02 2.890000e-04 2.554377e+00
-4.149580e-01 1.003610e-01 2.702221e+00
-4.121960e-01 -2.058000e-01 2.625853e+00
-3.997990e-01 -2.942280e-01 2.616845e+00
-2.657920e-01 -6.134970e-01 2.681857e+00
-2.771460e-01 -1.105469e+00 2.751455e+00
-3.470590e-01 -1.133861e+00 2.539353e+00
-1.746480e-01 6.634830e-01 2.496227e+00
1.127580e-01 3.513200e-01 2.629110e+00
-1.149310e-01 2.314640e-01 2.750153e+00
5.205200e-02 -3.970000e-03 2.598612e+00
-4.103440e-01 1.048600e-01 2.710384e+00
-4.070420e-01 -1.985590e-01 2.626747e+00
-4.139890e-01 -2.825720e-01 2.595957e+00
-2.596250e-01 -6.163580e-01 2.681644e+00
-2.806720e-01 -1.107753e+00 2.753034e+00
-3.022700e-01 -1.139064e+00 2.531146e+00
-1.837150e-01 6.497430e-01 2.483615e+00
8.042100e-02 1.869140e-01 2.737954e+00
-1.733350e-01 6.614100e-02 2.694587e+00
7.715500e-02 -1.088720e-01 2.685264e+00
-4.415560e-01 1.085300e-02 2.697777e+00
-3.941840e-01 -2.784620e-01 2.585429e+00
-4.369880e-01 -3.554100e-01 2.568075e+00
-2.640500e-01 -6.680050e-01 2.709215e+00
-2.794650e-01 -1.163704e+00 2.741673e+00
-1.983960e-01 -1.179935e+00 2.532279e+00
-1.796320e-01 5.062710e-01 2.512417e+00
7.827900e-02 1.682100e-01 2.763077e+00
-1.866580e-01 7.986300e-02 2.709578e+00
7.390000e-02 -1.134720e-01 2.704567e+00
-4.308910e-01 3.833500e-02 2.674418e+00
-3.844830e-01 -2.639710e-01 2.598489e+00
-3.589200e-01 -3.189040e-01 2.532283e+00
-2.595140e-01 -6.878220e-01 2.737814e+00
-2.861530e-01 -1.183535e+00 2.713979e+00
-1.994510e-01 -1.178208e+00 2.506288e+00
-1.679740e-01 5.861940e-01 2.670838e+00
1.053230e-01 2.584680e-01 2.706629e+00
-1.515320e-01 1.372860e-01 2.720769e+00
7.810500e-02 -7.013600e-02 2.658893e+00
-3.990250e-01 5.946100e-02 2.700128e+00
-3.753610e-01 -2.381530e-01 2.596002e+00
-3.685960e-01 -3.221130e-01 2.565027e+00
-2.646940e-01 -6.684580e-01 2.720221e+00
-2.795900e-01 -1.165231e+00 2.718294e+00
-2.409400e-01 -1.165530e+00 2.496512e+00
-1.224840e-01 6.760350e-01 2.678361e+00
1.146100e-01 3.148520e-01 2.672224e+00
-1.352380e-01 1.965670e-01 2.738884e+00
7.632200e-02 -3.369200e-02 2.627663e+00
-3.938520e-01 9.803600e-02 2.698819e+00
-3.784950e-01 -2.015190e-01 2.612013e+00
-3.965770e-01 -2.852640e-01 2.585287e+00
-2.631890e-01 -6.421350e-01 2.698078e+00
-2.725750e-01 -1.138576e+00 2.719695e+00
-2.554730e-01 -1.148663e+00 2.495447e+00
-7.999600e-02 7.081130e-01 2.570462e+00
1.142750e-01 3.269650e-01 2.660303e+00
-1.348240e-01 2.143940e-01 2.738641e+00
7.510200e-02 -2.653900e-02 2.617332e+00
-3.903080e-01 1.216760e-01 2.715135e+00
-3.841660e-01 -1.678240e-01 2.608214e+00
-3.622840e-01 -2.485000e-01 2.640879e+00
-2.633000e-01 -6.286860e-01 2.688111e+00
-2.775980e-01 -1.122728e+00 2.740330e+00
-2.686920e-01 -1.146628e+00 2.516655e+00
-9.895400e-02 7.185560e-01 2.542722e+00
1.203100e-01 3.424320e-01 2.662251e+00
-1.276700e-01 2.313380e-01 2.746054e+00
7.218100e-02 -1.799900e-02 2.605472e+00
-3.873970e-01 1.366980e-01 2.711151e+00
-3.930630e-01 -1.567740e-01 2.620414e+00
-3.561850e-01 -2.381630e-01 2.628795e+00
-2.617460e-01 -6.170610e-01 2.682539e+00
-2.693700e-01 -1.110237e+00 2.743592e+00
-2.719820e-01 -1.137854e+00 2.520182e+00
-9.527000e-02 7.214530e-01 2.553225e+00
1.498530e-01 3.427840e-01 2.685423e+00
-1.087210e-01 2.505000e-01 2.759466e+00
7.048700e-02 6.497000e-03 2.621457e+00
-3.930790e-01 1.715770e-01 2.686544e+00
-4.008530e-01 -1.372220e-01 2.646610e+00
-3.892280e-01 -2.187290e-01 2.610890e+00
-2.647290e-01 -5.921080e-01 2.671143e+00
-2.741680e-01 -1.082979e+00 2.748379e+00
-2.597070e-01 -1.118170e+00 2.526493e+00
-1.422890e-01 7.203380e-01 2.556417e+00
1.246970e-01 3.324350e-01 2.708391e+00
-1.350170e-01 2.227520e-01 2.745508e+00
6.883800e-02 -3.772000e-03 2.641394e+00
-4.043840e-01 1.418450e-01 2.692683e+00
-4.025540e-01 -1.669680e-01 2.637360e+00
-3.992390e-01 -2.197790e-01 2.564873e+00
-2.675260e-01 -5.989330e-01 2.672240e+00
-2.743730e-01 -1.088708e+00 2.756392e+00
-2.390670e-01 -1.126838e+00 2.537347e+00
-1.486840e-01 6.946970e-01 2.558343e+00
1.148260e-01 3.408970e-01 2.691540e+00
-1.376840e-01 2.213690e-01 2.744558e+00
6.702900e-02 -8.910000e-03 2.633664e+00
-4.045400e-01 1.208830e-01 2.694739e+00
-4.023970e-01 -1.837030e-01 2.616730e+00
-4.044420e-01 -2.715380e-01 2.635038e+00
-2.712200e-01 -6.115510e-01 2.677585e+00
-2.748790e-01 -1.102677e+00 2.753683e+00
-2.489210e-01 -1.137107e+00 2.532726e+00
-1.835230e-01 6.880580e-01 2.519257e+00
8.859900e-02 3.413050e-01 2.604156e+00
-1.289800e-01 2.169630e-01 2.738536e+00
5.658800e-02 -1.993400e-02 2.588279e+00
-4.117160e-01 7.595500e-02 2.688104e+00
-4.100820e-01 -2.256050e-01 2.598316e+00
-4.211460e-01 -3.128910e-01 2.580620e+00
-2.703470e-01 -6.221480e-01 2.680846e+00
-2.773520e-01 -1.114086e+00 2.751250e+00
-2.963360e-01 -1.145601e+00 2.529152e+00
-1.386400e-01 6.181790e-01 2.426145e+00
8.726100e-02 3.596520e-01 2.605474e+00
-1.525430e-01 4.358670e-01 2.538561e+00
-1.284440e-01 2.331790e-01 2.740882e+00
-3.561620e-01 6.561000e-03 2.640367e+00
4.984400e-02 -1.387400e-02 2.570936e+00
-1.280510e-01 4.780000e-04 2.751262e+00
-4.098280e-01 9.971700e-02 2.682681e+00
2.567090e-01 2.192800e-01 2.426915e+00
-4.193490e-01 -2.024420e-01 2.601810e+00
5.062510e-01 3.667750e-01 2.308994e+00
-3.662330e-01 -2.643560e-01 2.564396e+00
5.778120e-01 3.262350e-01 2.273077e+00
-2.718530e-01 -6.196670e-01 2.684190e+00
-2.573100e-02 -6.218270e-01 2.686807e+00
-2.776780e-01 -1.111530e+00 2.755224e+00
-1.535700e-02 -1.115155e+00 2.746205e+00
-3.179340e-01 -1.142723e+00 2.535935e+00
-5.448500e-02 -1.142468e+00 2.526196e+00
-9.182900e-02 6.258800e-01 2.421576e+00
-3.646990e-01 3.836950e-01 2.674589e+00
8.655900e-02 3.529130e-01 2.602604e+00
-1.513330e-01 4.333960e-01 2.533890e+00
-1.322270e-01 2.332470e-01 2.739248e+00
-3.577240e-01 1.205000e-02 2.648469e+00
4.585600e-02 -1.050300e-02 2.566657e+00
-1.265080e-01 1.873000e-03 2.752418e+00
-4.096680e-01 1.047150e-01 2.680405e+00
2.596810e-01 2.189610e-01 2.423799e+00
-4.104930e-01 -1.987130e-01 2.607223e+00
5.039130e-01 3.688470e-01 2.300063e+00
-4.028520e-01 -2.817390e-01 2.574016e+00
5.819080e-01 3.296620e-01 2.279190e+00
-2.710760e-01 -6.157730e-01 2.680997e+00
-2.525300e-02 -6.176910e-01 2.682474e+00
-2.737220e-01 -1.105911e+00 2.763253e+00
-1.440700e-02 -1.109665e+00 2.752137e+00
-3.210770e-01 -1.142089e+00 2.546159e+00
-5.987000e-02 -1.141559e+00 2.533969e+00
-9.928600e-02 6.369550e-01 2.436240e+00
-3.650810e-01 3.733940e-01 2.677637e+00
8.648600e-02 3.543250e-01 2.603557e+00
-1.539250e-01 4.272050e-01 2.535126e+00
-1.281430e-01 2.303760e-01 2.742949e+00
-3.537730e-01 1.080000e-02 2.648534e+00
5.017400e-02 -8.850000e-03 2.567789e+00
-1.228970e-01 -5.220000e-04 2.753118e+00
-4.109530e-01 9.485100e-02 2.680847e+00
2.199050e-01 2.354230e-01 2.385010e+00
-4.032140e-01 -2.058810e-01 2.598991e+00
4.276230e-01 4.022330e-01 2.223061e+00
-4.121530e-01 -2.916660e-01 2.574183e+00
5.066190e-01 3.734840e-01 2.191637e+00
-2.647630e-01 -6.162460e-01 2.680509e+00
-2.458100e-02 -6.169220e-01 2.684362e+00
-2.736360e-01 -1.107916e+00 2.752556e+00
-1.634400e-02 -1.108823e+00 2.754891e+00
-3.195440e-01 -1.139059e+00 2.534373e+00
-6.104500e-02 -1.140872e+00 2.536588e+00
-9.442300e-02 6.206810e-01 2.424392e+00
-3.608880e-01 3.779030e-01 2.686198e+00
8.866500e-02 3.635870e-01 2.599820e+00
-1.541420e-01 4.348730e-01 2.538542e+00
-1.210170e-01 2.364800e-01 2.743822e+00
-3.527050e-01 9.594000e-03 2.657802e+00
4.883100e-02 -3.344000e-03 2.564636e+00
-1.185720e-01 1.710000e-03 2.755215e+00
-4.073680e-01 9.922100e-02 2.679193e+00
1.710290e-01 2.505040e-01 2.354256e+00
-4.050950e-01 -2.036260e-01 2.603772e+00
3.195410e-01 4.345620e-01 2.150598e+00
-4.073480e-01 -2.891250e-01 2.576584e+00
3.944630e-01 4.165940e-01 2.104574e+00
-2.631450e-01 -6.161660e-01 2.677940e+00
-2.118800e-02 -6.135070e-01 2.683831e+00
-2.776730e-01 -1.106527e+00 2.757588e+00
-1.517200e-02 -1.106077e+00 2.749768e+00
-3.300770e-01 -1.140115e+00 2.541239e+00
-6.579200e-02 -1.135789e+00 2.532430e+00
-8.755100e-02 6.270940e-01 2.425729e+00
-3.391750e-01 3.785600e-01 2.643872e+00
1.172350e-01 3.435210e-01 2.658922e+00
-1.022170e-01 4.314290e-01 2.549811e+00
-1.247800e-01 2.210780e-01 2.744336e+00
-3.443240e-01 1.079000e-02 2.600859e+00
6.719000e-02 -1.297700e-02 2.613912e+00
-1.429670e-01 3.810000e-03 2.755056e+00
-3.989840e-01 1.070570e-01 2.697939e+00
9.090500e-02 2.735680e-01 2.385742e+00
-3.999510e-01 -1.919810e-01 2.606282e+00
1.214870e-01 4.223260e-01 2.112316e+00
-4.125450e-01 -2.567000e-01 2.545395e+00
1.258890e-01 4.278640e-01 2.022849e+00
-2.606980e-01 -6.151830e-01 2.679409e+00
-1.586700e-02 -6.222020e-01 2.690835e+00
-2.803580e-01 -1.105426e+00 2.758679e+00
-1.472700e-02 -1.115186e+00 2.753875e+00
-2.757340e-01 -1.141534e+00 2.536517e+00
-7.550000e-03 -1.143710e+00 2.530680e+00
-8.670000e-02 6.348900e-01 2.444379e+00
-3.251360e-01 3.842680e-01 2.638764e+00
1.229090e-01 2.894260e-01 2.643732e+00
-8.513600e-02 4.070460e-01 2.540413e+00
-1.314160e-01 1.984800e-01 2.732651e+00
-3.431680e-01 -7.740000e-04 2.602269e+00
6.814600e-02 -2.931300e-02 2.611486e+00
-1.401900e-01 -6.014000e-03 2.754394e+00
-3.983200e-01 1.172330e-01 2.705998e+00
4.769800e-02 3.053270e-01 2.369370e+00
-4.086110e-01 -1.857320e-01 2.621645e+00
-1.727400e-02 4.443540e-01 2.094672e+00
-3.648280e-01 -2.274950e-01 2.555363e+00
-4.158400e-02 4.836450e-01 2.017733e+00
-2.622160e-01 -6.279670e-01 2.681082e+00
-7.644000e-03 -6.360790e-01 2.690417e+00
-2.710400e-01 -1.119058e+00 2.756984e+00
-1.361000e-02 -1.130089e+00 2.744527e+00
-2.691770e-01 -1.153476e+00 2.534514e+00
-7.444000e-03 -1.154665e+00 2.520832e+00
-9.289200e-02 6.131610e-01 2.432904e+00
-1.685950e-01 4.335970e-01 2.324101e+00
5.162700e-02 1.288730e-01 2.585654e+00
-1.515800e-01 2.009050e-01 2.439673e+00
3.115500e-02 4.058370e-01 2.524571e+00
-1.670400e-01 1.074820e-01 2.412857e+00
4.137000e-03 1.257470e-01 2.787615e+00
-2.127650e-01 1.513950e-01 2.658521e+00
-2.775460e-01 3.466880e-01 2.574498e+00
3.613000e-02 4.030140e-01 2.503625e+00
-3.782240e-01 5.948200e-02 2.661270e+00
-1.328440e-01 4.722910e-01 2.245165e+00
-3.925290e-01 -2.859000e-02 2.651623e+00
-1.487310e-01 4.869950e-01 2.158069e+00
-2.514440e-01 -4.840690e-01 2.649200e+00
-2.166600e-02 -4.946020e-01 2.655794e+00
-2.696620e-01 -9.704560e-01 2.749724e+00
-1.262100e-02 -9.843990e-01 2.739614e+00
-6.345200e-02 -9.960800e-01 2.663111e+00
1.850530e-01 -9.990150e-01 2.632878e+00
-1.657540e-01 3.869250e-01 2.633545e+00
-1.563670e-01 2.249990e-01 2.164551e+00
-1.854610e-01 2.912970e-01 2.600636e+00
-5.101500e-02 2.900010e-01 2.377668e+00
-3.052190e-01 1.559650e-01 2.381086e+00
-1.307300e-02 1.935020e-01 2.471687e+00
-1.007950e-01 3.334600e-02 2.841462e+00
-1.991690e-01 1.493160e-01 2.638378e+00
-1.326230e-01 4.918310e-01 2.268677e+00
-3.951850e-01 1.201550e-01 2.696007e+00
-2.834330e-01 3.909400e-01 2.529098e+00
-3.685890e-01 -1.875700e-01 2.624926e+00
-3.331960e-01 3.557130e-01 2.594955e+00
-3.565800e-01 -2.737870e-01 2.603091e+00
-3.064180e-01 -3.941210e-01 2.617322e+00
-1.630500e-02 -5.183230e-01 2.641665e+00
-2.525900e-01 -8.820740e-01 2.694868e+00
-4.001000e-03 -1.004057e+00 2.746162e+00
-3.289750e-01 -8.570810e-01 2.905158e+00
2.168000e-01 -9.895490e-01 2.787605e+00
1.209990e-01 4.398490e-01 2.435127e+00
-1.716610e-01 5.258800e-02 2.157376e+00
-1.787470e-01 2.540800e-02 2.601386e+00
-2.155050e-01 1.556130e-01 2.392441e+00
-6.566900e-02 -8.931000e-02 2.379839e+00
2.997200e-02 -1.178080e-01 2.369138e+00
-1.048460e-01 -1.107860e-01 2.758822e+00
-1.765090e-01 -1.012080e-01 2.515630e+00
-1.147340e-01 2.936640e-01 2.305318e+00
-3.453910e-01 2.555720e-01 2.649311e+00
-3.916480e-01 4.512710e-01 2.304454e+00
-3.357490e-01 -5.933800e-02 2.604435e+00
-4.734930e-01 4.876640e-01 2.298848e+00
-3.498040e-01 -1.467110e-01 2.619361e+00
-2.889080e-01 -5.881000e-01 2.728215e+00
-5.022000e-03 -7.242500e-01 2.715335e+00
-3.740730e-01 -1.051747e+00 2.885656e+00
8.930000e-04 -1.217322e+00 2.777416e+00
-4.526590e-01 -9.711140e-01 3.080602e+00
2.126570e-01 -1.205283e+00 2.852862e+00
-7.365300e-02 1.963560e-01 2.602716e+00
-5.615000e-02 6.203800e-02 2.230435e+00
-3.020230e-01 -2.368500e-02 2.590259e+00
-1.650990e-01 1.350820e-01 2.451992e+00
-1.501680e-01 -1.462460e-01 2.395173e+00
1.740800e-02 -2.988090e-01 2.430109e+00
-2.798430e-01 -2.852290e-01 2.715654e+00
-2.336670e-01 -2.994740e-01 2.466587e+00
-6.685000e-03 3.121020e-01 2.366973e+00
-3.548890e-01 2.291730e-01 2.719510e+00
-3.064310e-01 4.018250e-01 2.303076e+00
-3.932180e-01 -5.838100e-02 2.586843e+00
-3.706860e-01 4.037340e-01 2.365703e+00
-3.834340e-01 -1.369390e-01 2.629120e+00
-2.982740e-01 -7.660090e-01 2.802434e+00
1.154100e-02 -8.435950e-01 2.785546e+00
-2.926990e-01 -1.260932e+00 2.847468e+00
-1.633400e-02 -1.337133e+00 2.734054e+00
-4.208580e-01 -1.245593e+00 3.031916e+00
1.518130e-01 -1.362031e+00 2.881661e+00
-1.916130e-01 1.604970e-01 2.688571e+00
-1.494800e-02 3.704180e-01 2.389251e+00
-3.669830e-01 2.923900e-01 2.671647e+00
-1.185820e-01 3.568870e-01 2.627723e+00
-2.663060e-01 2.392600e-01 2.411069e+00
1.435400e-02 -2.007100e-02 2.438105e+00
-2.986560e-01 -1.226600e-01 2.686257e+00
-2.304880e-01 -8.624900e-02 2.444602e+00
4.052000e-03 1.682790e-01 2.596370e+00
-3.946070e-01 2.912100e-02 2.789492e+00
-2.286020e-01 -5.105000e-02 2.577542e+00
-3.863700e-01 -1.844150e-01 2.551311e+00
-3.026180e-01 -8.973500e-02 2.544687e+00
-4.232800e-01 -2.645170e-01 2.567918e+00
3.372900e-02 -6.521380e-01 2.394185e+00
-1.335400e-02 -6.754910e-01 2.687673e+00
-1.364400e-02 -1.144540e+00 2.355295e+00
-3.165200e-02 -1.171023e+00 2.705813e+00
1.467050e-01 -1.172254e+00 2.510863e+00
1.160090e-01 -1.170255e+00 2.875745e+00
-1.168840e-01 7.062170e-01 2.599737e+00
1.609100e-02 4.002530e-01 2.424444e+00
-3.819980e-01 3.831690e-01 2.650269e+00
-1.223650e-01 4.019950e-01 2.644941e+00
-2.550190e-01 3.167890e-01 2.404649e+00
-1.351600e-02 6.120200e-02 2.453742e+00
-3.810190e-01 -4.080100e-02 2.610636e+00
-2.536250e-01 3.326000e-03 2.395710e+00
1.939600e-02 1.162410e-01 2.363287e+00
-3.565570e-01 9.872900e-02 2.702477e+00
1.662860e-01 -1.688040e-01 2.374269e+00
-3.925700e-01 -2.159090e-01 2.652586e+00
2.093290e-01 -2.475110e-01 2.376874e+00
-3.811260e-01 -3.034970e-01 2.668451e+00
-1.468400e-02 -5.390290e-01 2.691175e+00
-2.533510e-01 -6.050980e-01 2.702584e+00
-1.572300e-02 -1.034387e+00 2.711586e+00
-2.872560e-01 -1.099615e+00 2.712600e+00
3.649900e-02 -1.025481e+00 2.930389e+00
-2.253440e-01 -1.099475e+00 2.929044e+00
-9.576400e-02 7.341530e-01 2.677489e+00
-1.146500e-02 3.900100e-01 2.401235e+00
-3.797580e-01 3.643470e-01 2.672282e+00
-1.226680e-01 3.849420e-01 2.636608e+00
-2.827490e-01 3.054070e-01 2.411562e+00
-3.582500e-02 8.276500e-02 2.449473e+00
-3.820180e-01 -6.495500e-02 2.618022e+00
-2.707630e-01 9.170000e-04 2.399726e+00
6.414800e-02 1.093060e-01 2.407350e+00
-3.762090e-01 7.815500e-02 2.722302e+00
1.698580e-01 -1.918370e-01 2.371984e+00
-3.795840e-01 -2.305470e-01 2.634846e+00
2.001280e-01 -2.756940e-01 2.361678e+00
-4.427550e-01 -2.860310e-01 2.666235e+00
-1.916000e-02 -5.257320e-01 2.687206e+00
-2.552780e-01 -6.099790e-01 2.701825e+00
-1.246600e-02 -1.018280e+00 2.743855e+00
-2.841940e-01 -1.104464e+00 2.724304e+00
9.891000e-03 -9.923840e-01 2.966366e+00
-2.208540e-01 -1.098351e+00 2.940248e+00
-8.980500e-02 7.115110e-01 2.664511e+00
6.543200e-02 3.634390e-01 2.540454e+00
-3.642300e-01 3.639530e-01 2.699053e+00
-1.089670e-01 4.055030e-01 2.729153e+00
-1.933290e-01 2.522950e-01 2.501102e+00
4.820800e-02 4.071000e-03 2.565261e+00
-3.417000e-01 -1.609400e-02 2.698090e+00
-1.938530e-01 -1.581400e-02 2.491908e+00
8.330600e-02 1.221340e-01 2.383091e+00
-3.985110e-01 7.796300e-02 2.714917e+00
-2.259690e-01 9.580000e-02 2.310585e+00
-4.033640e-01 -2.275810e-01 2.624875e+00
-2.439000e-01 1.394900e-01 2.234270e+00
-4.064900e-01 -3.163030e-01 2.611727e+00
-1.293300e-02 -6.159580e-01 2.689482e+00
-2.628820e-01 -6.310510e-01 2.674952e+00
-1.581700e-02 -1.110126e+00 2.732614e+00
-2.848110e-01 -1.122917e+00 2.735427e+00
5.781400e-02 -1.092054e+00 2.944588e+00
-2.109040e-01 -1.100216e+00 2.946860e+00
-1.422090e-01 7.285240e-01 2.565702e+00
6.240600e-02 3.735630e-01 2.548521e+00
-3.700070e-01 3.534140e-01 2.698110e+00
-1.175460e-01 4.061140e-01 2.733857e+00
-1.902250e-01 2.512670e-01 2.502909e+00
5.390600e-02 7.501000e-03 2.578034e+00
-3.445600e-01 -1.115000e-03 2.684002e+00
-1.830490e-01 -6.233000e-03 2.488406e+00
1.171670e-01 1.188530e-01 2.425749e+00
-4.015040e-01 6.766400e-02 2.712942e+00
-1.665560e-01 2.295300e-02 2.318673e+00
-4.030430e-01 -2.355940e-01 2.617597e+00
-1.494440e-01 2.929300e-02 2.230801e+00
-4.057750e-01 -3.235920e-01 2.600179e+00
-1.280700e-02 -6.107650e-01 2.684861e+00
-2.626730e-01 -6.201540e-01 2.669713e+00
-1.785500e-02 -1.104181e+00 2.736172e+00
-2.669480e-01 -1.097663e+00 2.804192e+00
4.263400e-02 -1.082364e+00 2.951919e+00
-2.067960e-01 -1.039353e+00 3.013149e+00
-1.412690e-01 7.297120e-01 2.565229e+00
7.157900e-02 3.745990e-01 2.569289e+00
-3.694350e-01 3.610650e-01 2.692118e+00
-1.182840e-01 4.050660e-01 2.744833e+00
-1.809790e-01 2.614710e-01 2.503904e+00
4.971300e-02 1.859000e-02 2.586601e+00
-3.499260e-01 -1.869100e-02 2.681352e+00
-1.832500e-01 -1.001200e-02 2.490268e+00
1.404560e-01 9.713100e-02 2.568196e+00
-4.057550e-01 7.773000e-02 2.700625e+00
2.038000e-02 -1.213430e-01 2.374469e+00
-4.016160e-01 -2.256930e-01 2.613914e+00
2.493400e-02 -8.888000e-02 2.290923e+00
-4.111210e-01 -3.141900e-01 2.602414e+00
-1.631200e-02 -6.091930e-01 2.685864e+00
-2.690200e-01 -6.272350e-01 2.678184e+00
-2.047500e-02 -1.102791e+00 2.736741e+00
-2.692050e-01 -1.118711e+00 2.746714e+00
2.796200e-02 -1.080654e+00 2.955476e+00
-2.180860e-01 -1.088452e+00 2.963861e+00
-1.328140e-01 7.156600e-01 2.548269e+00
6.651600e-02 3.749800e-01 2.573547e+00
-3.772230e-01 3.578060e-01 2.685641e+00
-1.280310e-01 4.058890e-01 2.743806e+00
-1.829080e-01 2.575580e-01 2.503841e+00
4.535500e-02 1.806700e-02 2.588678e+00
-3.559450e-01 -2.052700e-02 2.675555e+00
-1.852100e-01 -1.462800e-02 2.487979e+00
1.169720e-01 1.010740e-01 2.637729e+00
-4.102710e-01 7.403800e-02 2.689926e+00
7.463200e-02 -1.770830e-01 2.494687e+00
-4.020160e-01 -2.296870e-01 2.604832e+00
9.498200e-02 -1.697060e-01 2.407590e+00
-4.106440e-01 -3.161460e-01 2.582365e+00
-1.272000e-02 -6.096590e-01 2.686320e+00
-2.637530e-01 -6.294020e-01 2.680769e+00
-1.294800e-02 -1.103577e+00 2.734935e+00
-2.783480e-01 -1.119622e+00 2.756869e+00
3.326700e-02 -1.082017e+00 2.954207e+00
-2.306520e-01 -1.087259e+00 2.974490e+00
-1.360060e-01 7.197430e-01 2.554134e+00
6.277200e-02 3.700440e-01 2.567114e+00
-3.789710e-01 3.704060e-01 2.688058e+00
-1.270380e-01 4.094840e-01 2.740921e+00
-1.922260e-01 2.616040e-01 2.503268e+00
5.004700e-02 1.715700e-02 2.582667e+00
-3.485070e-01 -1.477500e-02 2.683734e+00
-1.846170e-01 -9.998000e-03 2.490118e+00
8.771200e-02 9.392900e-02 2.659548e+00
-4.148280e-01 8.047600e-02 2.683586e+00
1.394840e-01 -2.223280e-01 2.621357e+00
-3.930930e-01 -2.275120e-01 2.589891e+00
8.376200e-02 -2.873510e-01 2.594497e+00
-4.142330e-01 -3.131630e-01 2.573421e+00
-1.300500e-02 -6.086050e-01 2.687178e+00
-2.645050e-01 -6.256920e-01 2.680606e+00
-1.784300e-02 -1.102923e+00 2.732380e+00
-2.805690e-01 -1.118168e+00 2.740825e+00
3.710400e-02 -1.083576e+00 2.949838e+00
-2.250940e-01 -1.093471e+00 2.957606e+00
-1.410160e-01 7.224020e-01 2.530620e+00
6.504000e-02 3.661830e-01 2.570904e+00
-3.779060e-01 3.800030e-01 2.686541e+00
-1.255900e-01 4.120940e-01 2.742206e+00
-1.922160e-01 2.647860e-01 2.504597e+00
5.555200e-02 1.415900e-02 2.585401e+00
-3.448960e-01 -1.000900e-02 2.680987e+00
-1.783190e-01 -8.235000e-03 2.489627e+00
8.394900e-02 9.273800e-02 2.675413e+00
-4.107470e-01 8.861400e-02 2.680783e+00
1.049320e-01 -2.304540e-01 2.682672e+00
-3.897280e-01 -2.227650e-01 2.594142e+00
5.951600e-02 -3.038120e-01 2.707379e+00
-3.894630e-01 -3.109950e-01 2.577719e+00
-1.262000e-02 -6.089590e-01 2.692824e+00
-2.636740e-01 -6.232660e-01 2.682798e+00
-1.241700e-02 -1.103859e+00 2.732181e+00
-2.750000e-01 -1.113457e+00 2.760640e+00
4.052300e-02 -1.086491e+00 2.950303e+00
-2.224790e-01 -1.080309e+00 2.977029e+00
-1.367390e-01 7.256960e-01 2.536587e+00
7.255900e-02 3.654330e-01 2.581039e+00
-3.739840e-01 3.877500e-01 2.680363e+00
-1.232650e-01 4.128150e-01 2.745963e+00
-1.843020e-01 2.714010e-01 2.503325e+00
6.033700e-02 2.182900e-02 2.596628e+00
-3.437500e-01 -1.060300e-02 2.672396e+00
-1.680170e-01 -5.419000e-03 2.489474e+00
7.421200e-02 9.650100e-02 2.697621e+00
-4.074640e-01 9.659500e-02 2.679129e+00
8.286300e-02 -2.248710e-01 2.735396e+00
-3.816250e-01 -2.112390e-01 2.582570e+00
6.752800e-02 -3.079420e-01 2.765702e+00
-3.917860e-01 -2.985860e-01 2.564633e+00
-1.837000e-02 -6.058700e-01 2.690595e+00
-2.637570e-01 -6.205120e-01 2.683914e+00
-1.414200e-02 -1.100301e+00 2.736111e+00
-2.728630e-01 -1.112382e+00 2.751235e+00
2.254000e-02 -1.079628e+00 2.957263e+00
-2.322560e-01 -1.083094e+00 2.970721e+00
-1.380900e-01 7.137660e-01 2.523074e+00
