-4.146210e-01 2.256290e-01 2.516385e+00
-2.364510e-01 2.297215e-01 2.491114e+00
-5.828100e-02 2.338140e-01 2.465844e+00
-1.544715e-01 2.533295e-01 2.431875e+00
-2.506620e-01 2.728450e-01 2.397906e+00
-2.355045e-01 1.875885e-01 2.490966e+00
-2.203470e-01 1.023320e-01 2.584025e+00
-3.307370e-01 -8.190000e-03 2.535818e+00
-4.411270e-01 -1.187120e-01 2.487612e+00
-2.286155e-01 -1.182625e-01 2.473279e+00
-1.610400e-02 -1.178130e-01 2.458946e+00
-1.183045e-01 -1.154540e-01 2.526318e+00
-2.205050e-01 -1.130950e-01 2.593690e+00
-3.509515e-01 -7.740150e-02 2.556987e+00
-4.813980e-01 -4.170800e-02 2.520284e+00
-2.295950e-01 -3.566450e-02 2.497149e+00
2.220800e-02 -2.962100e-02 2.474013e+00
-2.271440e-01 -1.752455e-01 2.454767e+00
-4.764960e-01 -3.208700e-01 2.435521e+00
-2.195410e-01 -3.120130e-01 2.404548e+00
3.741400e-02 -3.031560e-01 2.373574e+00
-2.191945e-01 -3.460295e-01 2.399764e+00
-4.758030e-01 -3.889030e-01 2.425955e+00
-2.081060e-01 -3.777320e-01 2.406984e+00
5.959100e-02 -3.665610e-01 2.388013e+00
-1.449085e-01 -4.935020e-01 2.453956e+00
-3.494080e-01 -6.204430e-01 2.519899e+00
-2.325165e-01 -6.206495e-01 2.512942e+00
-1.156250e-01 -6.208560e-01 2.505985e+00
-2.383935e-01 -8.123510e-01 2.562136e+00
-3.611620e-01 -1.003846e+00 2.618286e+00
-2.408850e-01 -9.999850e-01 2.625311e+00
-1.206080e-01 -9.961240e-01 2.632337e+00
-2.479915e-01 -1.020491e+00 2.544552e+00
-3.753750e-01 -1.044858e+00 2.456767e+00
-2.506190e-01 -1.047131e+00 2.465327e+00
-1.258630e-01 -1.049404e+00 2.473888e+00
-1.844320e-01 -2.684710e-01 2.412871e+00
-2.430010e-01 5.124620e-01 2.351854e+00
-3.281175e-01 3.693730e-01 2.436754e+00
-4.132340e-01 2.262840e-01 2.521654e+00
-2.352775e-01 2.289765e-01 2.494744e+00
-5.732100e-02 2.316690e-01 2.467833e+00
-1.536130e-01 2.528505e-01 2.435176e+00
-2.499050e-01 2.740320e-01 2.402519e+00
-2.347860e-01 1.868465e-01 2.493780e+00
-2.196670e-01 9.966100e-02 2.585040e+00
-3.305235e-01 -9.101500e-03 2.543853e+00
-4.413800e-01 -1.178640e-01 2.502666e+00
-2.306910e-01 -1.161905e-01 2.471456e+00
-2.000200e-02 -1.145170e-01 2.440245e+00
-1.165290e-01 -1.124295e-01 2.515529e+00
-2.130560e-01 -1.103420e-01 2.590813e+00
-3.507225e-01 -7.497250e-02 2.553705e+00
-4.883890e-01 -3.960300e-02 2.516596e+00
-2.317325e-01 -3.585750e-02 2.494744e+00
2.492400e-02 -3.211200e-02 2.472891e+00
-2.217615e-01 -1.752385e-01 2.451405e+00
-4.684470e-01 -3.183650e-01 2.429920e+00
-2.194105e-01 -3.125155e-01 2.400867e+00
2.962600e-02 -3.066660e-01 2.371814e+00
-2.184680e-01 -3.454030e-01 2.390986e+00
-4.665620e-01 -3.841400e-01 2.410157e+00
-2.049255e-01 -3.769735e-01 2.391113e+00
5.671100e-02 -3.698070e-01 2.372069e+00
-1.461020e-01 -4.946045e-01 2.446387e+00
-3.489150e-01 -6.194020e-01 2.520705e+00
-2.327555e-01 -6.185585e-01 2.511535e+00
-1.165960e-01 -6.177150e-01 2.502366e+00
-2.360140e-01 -8.075680e-01 2.570432e+00
-3.554320e-01 -9.974210e-01 2.638498e+00
-2.441225e-01 -9.926165e-01 2.640399e+00
-1.328130e-01 -9.878120e-01 2.642300e+00
-2.579660e-01 -1.016933e+00 2.561594e+00
-3.831190e-01 -1.046055e+00 2.480889e+00
-2.654235e-01 -1.046104e+00 2.483578e+00
-1.477280e-01 -1.046154e+00 2.486267e+00
-1.953440e-01 -2.678795e-01 2.421727e+00
-2.429600e-01 5.103950e-01 2.357187e+00
-3.287980e-01 3.687105e-01 2.437273e+00
-4.146360e-01 2.270260e-01 2.517360e+00
-2.363370e-01 2.288305e-01 2.492738e+00
-5.803800e-02 2.306350e-01 2.468117e+00
-1.538325e-01 2.516340e-01 2.433914e+00
-2.496270e-01 2.726330e-01 2.399711e+00
-2.359620e-01 1.866905e-01 2.492369e+00
-2.222970e-01 1.007480e-01 2.585027e+00
-3.320560e-01 -8.730000e-03 2.534821e+00
-4.418150e-01 -1.182080e-01 2.484615e+00
-2.292625e-01 -1.158450e-01 2.471103e+00
-1.671000e-02 -1.134820e-01 2.457591e+00
-1.191940e-01 -1.115710e-01 2.524546e+00
-2.216780e-01 -1.096600e-01 2.591501e+00
-3.531570e-01 -7.535450e-02 2.556684e+00
-4.846360e-01 -4.104900e-02 2.521867e+00
-2.318100e-01 -3.798500e-02 2.496915e+00
2.101600e-02 -3.492100e-02 2.471963e+00
-2.230035e-01 -1.771755e-01 2.451426e+00
-4.670230e-01 -3.194300e-01 2.430889e+00
-2.159400e-01 -3.138130e-01 2.398500e+00
3.514300e-02 -3.081960e-01 2.366112e+00
-2.218375e-01 -3.470115e-01 2.391928e+00
-4.788180e-01 -3.858270e-01 2.417745e+00
-2.128510e-01 -3.796890e-01 2.397543e+00
5.311600e-02 -3.735510e-01 2.377340e+00
-1.486000e-01 -4.961605e-01 2.447405e+00
-3.503160e-01 -6.187700e-01 2.517470e+00
-2.334845e-01 -6.182145e-01 2.511432e+00
-1.166530e-01 -6.176590e-01 2.505394e+00
-2.392620e-01 -8.086360e-01 2.565379e+00
-3.618710e-01 -9.996130e-01 2.625364e+00
-2.467300e-01 -9.947580e-01 2.632512e+00
-1.315890e-01 -9.899030e-01 2.639661e+00
-2.537795e-01 -1.017273e+00 2.552285e+00
-3.759700e-01 -1.044643e+00 2.464908e+00
-2.553335e-01 -1.045586e+00 2.473614e+00
-1.346970e-01 -1.046530e+00 2.482320e+00
-1.888055e-01 -2.663250e-01 2.421401e+00
-2.429140e-01 5.138800e-01 2.360482e+00
-3.300320e-01 3.696725e-01 2.437604e+00
-4.171500e-01 2.254650e-01 2.514727e+00
-2.386655e-01 2.278465e-01 2.491539e+00
-6.018100e-02 2.302280e-01 2.468351e+00
-1.557905e-01 2.503635e-01 2.433127e+00
-2.514000e-01 2.704990e-01 2.397902e+00
-2.380870e-01 1.857070e-01 2.491665e+00
-2.247740e-01 1.009150e-01 2.585427e+00
-3.328040e-01 -9.482000e-03 2.535492e+00
-4.408340e-01 -1.198790e-01 2.485556e+00
-2.283785e-01 -1.166555e-01 2.470753e+00
-1.592300e-02 -1.134320e-01 2.455950e+00
-1.180090e-01 -1.117190e-01 2.523515e+00
-2.200950e-01 -1.100060e-01 2.591080e+00
-3.529590e-01 -7.668700e-02 2.554893e+00
-4.858230e-01 -4.336800e-02 2.518706e+00
-2.325815e-01 -3.929800e-02 2.493924e+00
2.066000e-02 -3.522800e-02 2.469142e+00
-2.210985e-01 -1.799715e-01 2.453164e+00
-4.628570e-01 -3.247150e-01 2.437187e+00
-2.058335e-01 -3.136565e-01 2.394195e+00
5.119000e-02 -3.025980e-01 2.351202e+00
-2.043290e-01 -3.466715e-01 2.384823e+00
-4.598480e-01 -3.907450e-01 2.418444e+00
-1.976605e-01 -3.797680e-01 2.391169e+00
6.452700e-02 -3.687910e-01 2.363893e+00
-1.423640e-01 -4.942515e-01 2.441880e+00
-3.492550e-01 -6.197120e-01 2.519868e+00
-2.335760e-01 -6.189540e-01 2.512556e+00
-1.178970e-01 -6.181960e-01 2.505244e+00
-2.376710e-01 -8.075415e-01 2.572738e+00
-3.574450e-01 -9.968870e-01 2.640233e+00
-2.438670e-01 -9.940765e-01 2.638847e+00
-1.302890e-01 -9.912660e-01 2.637461e+00
-2.517635e-01 -1.019231e+00 2.559487e+00
-3.732380e-01 -1.047196e+00 2.481512e+00
-2.542735e-01 -1.047079e+00 2.480675e+00
-1.353090e-01 -1.046961e+00 2.479837e+00
-1.915990e-01 -2.669765e-01 2.418614e+00
-2.478890e-01 5.130080e-01 2.357391e+00
-3.336425e-01 3.716610e-01 2.437894e+00
-4.193960e-01 2.303140e-01 2.518398e+00
-2.411275e-01 2.312670e-01 2.493510e+00
-6.285900e-02 2.322200e-01 2.468622e+00
-1.585650e-01 2.543000e-01 2.434856e+00
-2.542710e-01 2.763800e-01 2.401090e+00
-2.410310e-01 1.891335e-01 2.492584e+00
-2.277910e-01 1.018870e-01 2.584078e+00
-3.350235e-01 -7.795000e-03 2.535268e+00
-4.422560e-01 -1.174770e-01 2.486459e+00
-2.298000e-01 -1.155450e-01 2.471445e+00
-1.734400e-02 -1.136130e-01 2.456431e+00
-1.193520e-01 -1.111650e-01 2.524091e+00
-2.213600e-01 -1.087170e-01 2.591751e+00
-3.530770e-01 -7.434750e-02 2.557439e+00
-4.847940e-01 -3.997800e-02 2.523127e+00
-2.343465e-01 -3.675000e-02 2.484646e+00
1.610100e-02 -3.352200e-02 2.446164e+00
-2.300475e-01 -1.785810e-01 2.445312e+00
-4.761960e-01 -3.236400e-01 2.444461e+00
-1.893965e-01 -2.981385e-01 2.369583e+00
9.740300e-02 -2.726370e-01 2.294705e+00
-1.965255e-01 -3.309825e-01 2.362474e+00
-4.904540e-01 -3.893280e-01 2.430243e+00
-1.915380e-01 -3.648575e-01 2.365250e+00
1.073780e-01 -3.403870e-01 2.300256e+00
-1.234415e-01 -4.792360e-01 2.409104e+00
-3.542610e-01 -6.180850e-01 2.517953e+00
-2.363890e-01 -6.178590e-01 2.511585e+00
-1.185170e-01 -6.176330e-01 2.505217e+00
-2.380965e-01 -8.094760e-01 2.561425e+00
-3.576760e-01 -1.001319e+00 2.617632e+00
-2.436205e-01 -9.958870e-01 2.627941e+00
-1.295650e-01 -9.904550e-01 2.638251e+00
-2.516965e-01 -1.016771e+00 2.547370e+00
-3.738280e-01 -1.043088e+00 2.456489e+00
-2.541945e-01 -1.044798e+00 2.468621e+00
-1.345610e-01 -1.046507e+00 2.480752e+00
-1.912140e-01 -2.651625e-01 2.421328e+00
-2.478670e-01 5.161820e-01 2.361905e+00
-3.346990e-01 3.715750e-01 2.441010e+00
-4.215310e-01 2.269680e-01 2.520116e+00
-2.432365e-01 2.318625e-01 2.495887e+00
-6.494200e-02 2.367570e-01 2.471659e+00
-1.609735e-01 2.570865e-01 2.437717e+00
-2.570050e-01 2.774160e-01 2.403775e+00
-2.422515e-01 1.897490e-01 2.494633e+00
-2.274980e-01 1.020820e-01 2.585492e+00
-3.374070e-01 -7.649500e-03 2.538462e+00
-4.473160e-01 -1.173810e-01 2.491432e+00
-2.350735e-01 -1.137125e-01 2.473930e+00
-2.283100e-02 -1.100440e-01 2.456429e+00
-1.240560e-01 -1.084355e-01 2.525280e+00
-2.252810e-01 -1.068270e-01 2.594131e+00
-3.570675e-01 -7.499350e-02 2.558718e+00
-4.888540e-01 -4.316000e-02 2.523305e+00
-2.351205e-01 -3.418750e-02 2.475678e+00
1.861300e-02 -2.521500e-02 2.428051e+00
-2.322305e-01 -1.721930e-01 2.423997e+00
-4.830740e-01 -3.191710e-01 2.419943e+00
-1.770740e-01 -2.711900e-01 2.329752e+00
1.289260e-01 -2.232090e-01 2.239561e+00
-1.778215e-01 -3.035365e-01 2.318208e+00
-4.845690e-01 -3.838640e-01 2.396856e+00
-1.723450e-01 -3.374440e-01 2.317575e+00
1.398790e-01 -2.910240e-01 2.238293e+00
-1.077075e-01 -4.543450e-01 2.377541e+00
-3.552940e-01 -6.176660e-01 2.516788e+00
-2.376860e-01 -6.164245e-01 2.510109e+00
-1.200780e-01 -6.151830e-01 2.503431e+00
-2.364985e-01 -8.075185e-01 2.561933e+00
-3.529190e-01 -9.998540e-01 2.620435e+00
-2.438875e-01 -9.925680e-01 2.631976e+00
-1.348560e-01 -9.852820e-01 2.643516e+00
-2.530820e-01 -1.014377e+00 2.551770e+00
-3.713080e-01 -1.043471e+00 2.460024e+00
-2.554455e-01 -1.043886e+00 2.473560e+00
-1.395830e-01 -1.044300e+00 2.487096e+00
-1.945845e-01 -2.626485e-01 2.429472e+00
-2.495860e-01 5.190030e-01 2.371847e+00
-3.359080e-01 3.723575e-01 2.447974e+00
-4.222300e-01 2.257120e-01 2.524102e+00
-2.447000e-01 2.316850e-01 2.494992e+00
-6.717000e-02 2.376580e-01 2.465881e+00
-1.642340e-01 2.570410e-01 2.434413e+00
-2.612980e-01 2.764240e-01 2.402946e+00
-2.434405e-01 1.895715e-01 2.494029e+00
-2.255830e-01 1.027190e-01 2.585113e+00
-3.367935e-01 -6.375000e-03 2.539661e+00
-4.480040e-01 -1.154690e-01 2.494208e+00
-2.359090e-01 -1.127000e-01 2.474845e+00
-2.381400e-02 -1.099310e-01 2.455483e+00
-1.244250e-01 -1.078180e-01 2.525215e+00
-2.250360e-01 -1.057050e-01 2.594947e+00
-3.562870e-01 -7.501050e-02 2.560946e+00
-4.875380e-01 -4.431600e-02 2.526945e+00
-2.378290e-01 -3.133100e-02 2.459666e+00
1.188000e-02 -1.834600e-02 2.392387e+00
-2.408040e-01 -1.707220e-01 2.412810e+00
-4.934880e-01 -3.230980e-01 2.433234e+00
-1.714765e-01 -2.440620e-01 2.305810e+00
1.505350e-01 -1.650260e-01 2.178387e+00
-1.759870e-01 -2.762695e-01 2.294746e+00
-5.025090e-01 -3.875130e-01 2.411105e+00
-1.590890e-01 -2.985430e-01 2.274785e+00
1.843310e-01 -2.095730e-01 2.138465e+00
-8.612000e-02 -4.130005e-01 2.327571e+00
-3.565710e-01 -6.164280e-01 2.516676e+00
-2.407410e-01 -6.156645e-01 2.509267e+00
-1.249110e-01 -6.149010e-01 2.501859e+00
-2.418520e-01 -8.073445e-01 2.558883e+00
-3.587930e-01 -9.997880e-01 2.615907e+00
-2.453045e-01 -9.927620e-01 2.628255e+00
-1.318160e-01 -9.857360e-01 2.640604e+00
-2.549515e-01 -1.013524e+00 2.547826e+00
-3.780870e-01 -1.041313e+00 2.455047e+00
-2.589125e-01 -1.042730e+00 2.469566e+00
-1.397380e-01 -1.044148e+00 2.484086e+00
-1.947055e-01 -2.627280e-01 2.425760e+00
-2.496730e-01 5.186920e-01 2.367434e+00
-3.378055e-01 3.704535e-01 2.449156e+00
-4.259380e-01 2.222150e-01 2.530879e+00
-2.498890e-01 2.277175e-01 2.493779e+00
-7.384000e-02 2.332200e-01 2.456679e+00
-1.722820e-01 2.511970e-01 2.428870e+00
-2.707240e-01 2.691740e-01 2.401061e+00
-2.484795e-01 1.855995e-01 2.494222e+00
-2.262350e-01 1.020250e-01 2.587382e+00
-3.405350e-01 -9.808500e-03 2.550109e+00
-4.548350e-01 -1.216420e-01 2.512836e+00
-2.446110e-01 -1.163990e-01 2.478998e+00
-3.438700e-02 -1.111560e-01 2.445160e+00
-1.299830e-01 -1.108550e-01 2.521650e+00
-2.255790e-01 -1.105540e-01 2.598141e+00
-3.591690e-01 -7.729850e-02 2.571062e+00
-4.927590e-01 -4.404300e-02 2.543983e+00
-2.609370e-01 -2.285450e-02 2.432584e+00
-2.911500e-02 -1.666000e-03 2.321185e+00
-2.654870e-01 -1.578515e-01 2.378506e+00
-5.018590e-01 -3.140370e-01 2.435826e+00
-1.917355e-01 -1.899645e-01 2.257267e+00
1.183880e-01 -6.589200e-02 2.078707e+00
-1.914110e-01 -2.188985e-01 2.238752e+00
-5.012100e-01 -3.719050e-01 2.398796e+00
-1.571490e-01 -2.175670e-01 2.240860e+00
1.869120e-01 -6.322900e-02 2.082924e+00
-8.601600e-02 -3.425460e-01 2.301713e+00
-3.589440e-01 -6.218630e-01 2.520503e+00
-2.445335e-01 -6.196220e-01 2.509683e+00
-1.301230e-01 -6.173810e-01 2.498863e+00
-2.432425e-01 -8.101455e-01 2.563562e+00
-3.563620e-01 -1.002910e+00 2.628261e+00
-2.440495e-01 -9.946295e-01 2.635458e+00
-1.317370e-01 -9.863490e-01 2.642654e+00
-2.590665e-01 -1.017110e+00 2.556323e+00
-3.863960e-01 -1.047871e+00 2.469992e+00
-2.677830e-01 -1.047276e+00 2.478817e+00
-1.491700e-01 -1.046682e+00 2.487642e+00
-2.017705e-01 -2.649400e-01 2.427739e+00
-2.543710e-01 5.168020e-01 2.367836e+00
-3.413830e-01 3.708555e-01 2.458315e+00
-4.283950e-01 2.249090e-01 2.548793e+00
-2.549145e-01 2.296025e-01 2.501017e+00
-8.143400e-02 2.342960e-01 2.453241e+00
-1.811260e-01 2.545735e-01 2.432321e+00
-2.808180e-01 2.748510e-01 2.411402e+00
-2.541130e-01 1.874840e-01 2.499789e+00
-2.274080e-01 1.001170e-01 2.588176e+00
-3.432980e-01 -1.035550e-02 2.561891e+00
-4.591880e-01 -1.208280e-01 2.535607e+00
-2.543905e-01 -1.161965e-01 2.477270e+00
-4.959300e-02 -1.115650e-01 2.418932e+00
-1.355485e-01 -1.103255e-01 2.506108e+00
-2.215040e-01 -1.090860e-01 2.593284e+00
-3.604930e-01 -7.200150e-02 2.578265e+00
-4.994820e-01 -3.491700e-02 2.563245e+00
-2.845765e-01 -9.329500e-03 2.429040e+00
-6.967100e-02 1.625800e-02 2.294834e+00
-2.865895e-01 -1.404470e-01 2.372467e+00
-5.035080e-01 -2.971520e-01 2.450100e+00
-2.359620e-01 -1.513940e-01 2.239375e+00
3.158400e-02 -5.636000e-03 2.028651e+00
-2.401460e-01 -1.845135e-01 2.231269e+00
-5.118760e-01 -3.633910e-01 2.433888e+00
-2.069645e-01 -1.796390e-01 2.223833e+00
9.794700e-02 4.113000e-03 2.013777e+00
-1.300660e-01 -3.091485e-01 2.266965e+00
-3.580790e-01 -6.224100e-01 2.520153e+00
-2.444015e-01 -6.189120e-01 2.509931e+00
-1.307240e-01 -6.154140e-01 2.499708e+00
-2.411525e-01 -8.094535e-01 2.563664e+00
-3.515810e-01 -1.003493e+00 2.627620e+00
-2.423455e-01 -9.945020e-01 2.634089e+00
-1.331100e-01 -9.855110e-01 2.640558e+00
-2.656510e-01 -1.016668e+00 2.556896e+00
-3.981920e-01 -1.047825e+00 2.473235e+00
-2.826600e-01 -1.045695e+00 2.480338e+00
-1.671280e-01 -1.043565e+00 2.487440e+00
-2.111545e-01 -2.630650e-01 2.430546e+00
-2.551810e-01 5.174350e-01 2.373651e+00
-3.431930e-01 3.708030e-01 2.464909e+00
-4.312050e-01 2.241710e-01 2.556167e+00
-2.606470e-01 2.293565e-01 2.498869e+00
-9.008900e-02 2.345420e-01 2.441571e+00
-1.909915e-01 2.533155e-01 2.425647e+00
-2.918940e-01 2.720890e-01 2.409723e+00
-2.594460e-01 1.872305e-01 2.498631e+00
-2.269980e-01 1.023720e-01 2.587539e+00
-3.437950e-01 -9.982500e-03 2.573892e+00
-4.605920e-01 -1.223370e-01 2.560244e+00
-2.629575e-01 -1.183265e-01 2.480926e+00
-6.532300e-02 -1.143160e-01 2.401608e+00
-1.417260e-01 -1.132890e-01 2.497269e+00
-2.181290e-01 -1.122620e-01 2.592930e+00
-3.623835e-01 -7.157250e-02 2.575654e+00
-5.066380e-01 -3.088300e-02 2.558379e+00
-3.114835e-01 -2.606000e-03 2.418685e+00
-1.163290e-01 2.567100e-02 2.278992e+00
-3.076960e-01 -1.369320e-01 2.376601e+00
-4.990630e-01 -2.995350e-01 2.474210e+00
-2.957380e-01 -1.386495e-01 2.236305e+00
-9.241300e-02 2.223600e-02 1.998400e+00
-2.960895e-01 -1.716070e-01 2.245989e+00
-4.997660e-01 -3.654500e-01 2.493577e+00
-2.679995e-01 -1.670650e-01 2.226742e+00
-3.623300e-02 3.132000e-02 1.959907e+00
-1.983610e-01 -2.967085e-01 2.241380e+00
-3.604890e-01 -6.247370e-01 2.522854e+00
-2.454395e-01 -6.201105e-01 2.512479e+00
-1.303900e-01 -6.154840e-01 2.502103e+00
-2.456630e-01 -8.127350e-01 2.558300e+00
-3.609360e-01 -1.009986e+00 2.614498e+00
-2.473555e-01 -9.983790e-01 2.627128e+00
-1.337750e-01 -9.867720e-01 2.639759e+00
-2.779100e-01 -1.016360e+00 2.551391e+00
-4.220450e-01 -1.045948e+00 2.463022e+00
-3.023585e-01 -1.043964e+00 2.476335e+00
-1.826720e-01 -1.041981e+00 2.489647e+00
-2.205230e-01 -2.626835e-01 2.430756e+00
-2.583740e-01 5.166140e-01 2.371865e+00
-3.492315e-01 3.695810e-01 2.472672e+00
-4.400890e-01 2.225480e-01 2.573479e+00
-2.734045e-01 2.299385e-01 2.505939e+00
-1.067200e-01 2.373290e-01 2.438399e+00
-2.083255e-01 2.570055e-01 2.429654e+00
-3.099310e-01 2.766820e-01 2.420908e+00
-2.724255e-01 1.878630e-01 2.503751e+00
-2.349200e-01 9.904400e-02 2.586593e+00
-3.500350e-01 -1.370000e-02 2.576205e+00
-4.651500e-01 -1.264440e-01 2.565817e+00
-2.697345e-01 -1.157640e-01 2.481761e+00
-7.431900e-02 -1.050840e-01 2.397704e+00
-1.483340e-01 -1.073505e-01 2.495203e+00
-2.223490e-01 -1.096170e-01 2.592703e+00
-3.649905e-01 -7.127800e-02 2.585006e+00
-5.076320e-01 -3.293900e-02 2.577309e+00
-3.265120e-01 -4.752500e-03 2.432682e+00
-1.453920e-01 2.343400e-02 2.288054e+00
-3.289815e-01 -1.400730e-01 2.397190e+00
-5.125710e-01 -3.035800e-01 2.506325e+00
-4.145090e-01 -1.380625e-01 2.286472e+00
-3.164470e-01 2.745500e-02 2.066619e+00
-4.118705e-01 -1.693305e-01 2.300453e+00
-5.072940e-01 -3.661160e-01 2.534286e+00
-4.085955e-01 -1.557350e-01 2.269076e+00
-3.098970e-01 5.464600e-02 2.003865e+00
-3.343535e-01 -2.852155e-01 2.261134e+00
-3.588100e-01 -6.250770e-01 2.518403e+00
-2.430570e-01 -6.172070e-01 2.507807e+00
-1.273040e-01 -6.093370e-01 2.497212e+00
-2.415450e-01 -8.092285e-01 2.556070e+00
-3.557860e-01 -1.009120e+00 2.614928e+00
-2.439160e-01 -9.943630e-01 2.626239e+00
-1.320460e-01 -9.796060e-01 2.637549e+00
-2.756530e-01 -1.013457e+00 2.551263e+00
-4.192600e-01 -1.047309e+00 2.464977e+00
-3.002255e-01 -1.041511e+00 2.476415e+00
-1.811910e-01 -1.035714e+00 2.487852e+00
-2.203110e-01 -2.636470e-01 2.427546e+00
-2.594310e-01 5.084200e-01 2.367240e+00
-3.493115e-01 3.666835e-01 2.472201e+00
-4.391920e-01 2.249470e-01 2.577161e+00
-1.087430e-01 2.381310e-01 2.434929e+00
-3.120400e-01 2.787740e-01 2.421969e+00
-2.345490e-01 1.001570e-01 2.585447e+00
-4.659560e-01 -1.266750e-01 2.563391e+00
-7.408400e-02 -1.024390e-01 2.398114e+00
-2.234880e-01 -1.080520e-01 2.592035e+00
-5.071350e-01 -3.123300e-02 2.580241e+00
-1.678880e-01 2.943700e-02 2.282605e+00
-5.132680e-01 -3.031450e-01 2.511045e+00
-3.701920e-01 4.638700e-02 2.088832e+00
-5.134430e-01 -3.717750e-01 2.514254e+00
-4.265250e-01 3.998700e-02 2.050025e+00
-3.602030e-01 -6.243280e-01 2.521090e+00
-1.277280e-01 -6.078330e-01 2.495355e+00
-3.606500e-01 -1.008728e+00 2.616230e+00
-1.326000e-01 -9.783190e-01 2.635114e+00
-4.235260e-01 -1.045894e+00 2.465771e+00
-1.806300e-01 -1.034310e+00 2.485012e+00
-2.637750e-01 5.072000e-01 2.365906e+00
-4.402710e-01 2.248880e-01 2.579670e+00
-1.109270e-01 2.366620e-01 2.434779e+00
-3.137490e-01 2.803390e-01 2.424536e+00
-2.373050e-01 9.717600e-02 2.583411e+00
-4.678270e-01 -1.276360e-01 2.556039e+00
-7.110900e-02 -1.012400e-01 2.403118e+00
-2.263230e-01 -1.097970e-01 2.592310e+00
-5.063870e-01 -3.413700e-02 2.586481e+00
-1.585870e-01 2.762800e-02 2.274950e+00
-5.152760e-01 -3.051910e-01 2.505095e+00
-3.853350e-01 6.708500e-02 2.110023e+00
-5.062400e-01 -3.727380e-01 2.513819e+00
-4.538590e-01 6.223500e-02 2.111212e+00
-3.602810e-01 -6.245380e-01 2.522183e+00
-1.297650e-01 -6.080100e-01 2.492886e+00
-3.566560e-01 -1.008574e+00 2.618719e+00
-1.264390e-01 -9.792920e-01 2.630561e+00
-4.153970e-01 -1.047271e+00 2.466981e+00
-1.715220e-01 -1.035644e+00 2.479682e+00
-2.634850e-01 5.076160e-01 2.365884e+00
-4.360650e-01 2.343480e-01 2.576205e+00
-1.028610e-01 2.364140e-01 2.439930e+00
-3.040000e-01 2.859240e-01 2.424389e+00
-2.370460e-01 1.008250e-01 2.585290e+00
-4.687420e-01 -1.223340e-01 2.557258e+00
-7.062900e-02 -1.000950e-01 2.407329e+00
-2.271990e-01 -1.095390e-01 2.595358e+00
-5.066460e-01 -2.295500e-02 2.583874e+00
-1.024460e-01 3.818100e-02 2.261187e+00
-5.209350e-01 -2.965780e-01 2.514592e+00
-3.005890e-01 9.205000e-02 2.066993e+00
-5.223010e-01 -3.538230e-01 2.552560e+00
-3.692400e-01 9.398300e-02 2.065057e+00
-3.628460e-01 -6.205390e-01 2.520792e+00
-1.307930e-01 -6.059720e-01 2.490986e+00
-3.547100e-01 -1.000985e+00 2.630384e+00
-1.321040e-01 -9.759180e-01 2.632245e+00
-4.117950e-01 -1.045627e+00 2.479649e+00
-1.743360e-01 -1.033515e+00 2.481011e+00
-2.687280e-01 5.089820e-01 2.362930e+00
-4.368980e-01 2.324510e-01 2.568128e+00
-9.918700e-02 2.347250e-01 2.443447e+00
-2.998360e-01 2.833720e-01 2.420581e+00
-2.378550e-01 9.973800e-02 2.585113e+00
-4.671460e-01 -1.218480e-01 2.558753e+00
-6.923200e-02 -1.049560e-01 2.407603e+00
-2.252960e-01 -1.133680e-01 2.596101e+00
-5.061740e-01 -2.579800e-02 2.577610e+00
-5.697300e-02 5.047500e-02 2.254102e+00
-5.211840e-01 -2.981130e-01 2.500996e+00
-1.974470e-01 9.561000e-02 2.012275e+00
-5.261730e-01 -3.577950e-01 2.534664e+00
-2.583200e-01 9.696700e-02 1.980446e+00
-3.602540e-01 -6.218370e-01 2.516034e+00
-1.318980e-01 -6.089110e-01 2.494950e+00
-3.561660e-01 -1.000551e+00 2.631686e+00
-1.312650e-01 -9.788880e-01 2.636133e+00
-4.119520e-01 -1.047152e+00 2.481058e+00
-1.752810e-01 -1.036480e+00 2.485408e+00
-2.693840e-01 5.074550e-01 2.362923e+00
-4.285080e-01 2.281350e-01 2.552015e+00
-8.674000e-02 2.309660e-01 2.438936e+00
-2.877020e-01 2.716360e-01 2.405623e+00
-2.266330e-01 1.031850e-01 2.585980e+00
-4.673190e-01 -1.251510e-01 2.557378e+00
-6.892200e-02 -1.057940e-01 2.407805e+00
-2.256650e-01 -1.154360e-01 2.595680e+00
-5.055000e-01 -2.706100e-02 2.571635e+00
-2.860900e-02 4.041500e-02 2.260754e+00
-5.196090e-01 -2.955560e-01 2.483310e+00
-6.379700e-02 8.965100e-02 1.984299e+00
-5.315990e-01 -3.629770e-01 2.488878e+00
-1.003250e-01 9.157500e-02 1.926140e+00
-3.558520e-01 -6.244500e-01 2.517420e+00
-1.304100e-01 -6.101960e-01 2.495703e+00
-3.566850e-01 -1.006376e+00 2.622052e+00
-1.310540e-01 -9.802910e-01 2.636575e+00
-4.118990e-01 -1.047977e+00 2.469759e+00
-1.742700e-01 -1.037703e+00 2.485549e+00
-2.769030e-01 5.171140e-01 2.368213e+00
-4.315220e-01 2.193530e-01 2.537859e+00
-8.306900e-02 2.444180e-01 2.450957e+00
-2.830470e-01 2.743600e-01 2.403401e+00
-2.257370e-01 1.053300e-01 2.584448e+00
-4.624600e-01 -1.178990e-01 2.530453e+00
-4.772200e-02 -1.085050e-01 2.433650e+00
-2.276130e-01 -1.142360e-01 2.599675e+00
-5.000800e-01 -3.833400e-02 2.561657e+00
-1.420100e-02 4.199900e-02 2.289857e+00
-5.051460e-01 -3.022620e-01 2.458382e+00
7.425600e-02 8.710900e-02 2.024359e+00
-4.938870e-01 -3.697530e-01 2.464591e+00
9.285300e-02 9.263400e-02 1.958449e+00
-3.586520e-01 -6.195330e-01 2.514841e+00
-1.281770e-01 -6.126460e-01 2.495550e+00
-3.543030e-01 -9.961830e-01 2.637039e+00
-1.313500e-01 -9.810650e-01 2.640718e+00
-3.925590e-01 -1.046827e+00 2.482299e+00
-1.557440e-01 -1.041541e+00 2.486704e+00
-2.702990e-01 5.182280e-01 2.367442e+00
-4.305430e-01 2.168770e-01 2.534017e+00
-8.022700e-02 2.395130e-01 2.454228e+00
-2.789750e-01 2.710580e-01 2.402713e+00
-2.265980e-01 1.012110e-01 2.584489e+00
-4.618680e-01 -1.224830e-01 2.525377e+00
-4.560500e-02 -1.086650e-01 2.435927e+00
-2.283700e-01 -1.152130e-01 2.598753e+00
-5.024840e-01 -3.924000e-02 2.544686e+00
-1.810000e-03 2.289600e-02 2.320765e+00
-4.989690e-01 -3.102720e-01 2.467236e+00
1.125370e-01 6.582800e-02 2.066696e+00
-5.137030e-01 -3.686490e-01 2.434138e+00
1.442240e-01 7.708700e-02 2.006783e+00
-3.569480e-01 -6.227880e-01 2.513208e+00
-1.234590e-01 -6.136530e-01 2.499538e+00
-3.538870e-01 -9.971350e-01 2.642323e+00
-1.321460e-01 -9.836330e-01 2.640447e+00
-3.893450e-01 -1.050688e+00 2.487897e+00
-1.535510e-01 -1.042231e+00 2.485268e+00
-2.667660e-01 5.152850e-01 2.365421e+00
-4.287650e-01 2.216880e-01 2.524703e+00
-7.546900e-02 2.392620e-01 2.457822e+00
-2.717270e-01 2.734120e-01 2.398952e+00
-2.284440e-01 1.033510e-01 2.582907e+00
-4.592330e-01 -1.247190e-01 2.518303e+00
-4.028300e-02 -1.116980e-01 2.442284e+00
-2.282190e-01 -1.173170e-01 2.599149e+00
-5.042220e-01 -3.164800e-02 2.533122e+00
2.632000e-03 3.752000e-03 2.366285e+00
-4.892170e-01 -2.965200e-01 2.443499e+00
1.122750e-01 1.960000e-02 2.109106e+00
-5.048080e-01 -3.633620e-01 2.440436e+00
1.645040e-01 2.372700e-02 2.064659e+00
-3.543080e-01 -6.249760e-01 2.515836e+00
-1.196040e-01 -6.164650e-01 2.503309e+00
-3.503260e-01 -1.003350e+00 2.632596e+00
-1.218220e-01 -9.926300e-01 2.627046e+00
-3.816570e-01 -1.052094e+00 2.475704e+00
-1.417470e-01 -1.044413e+00 2.469267e+00
-2.666880e-01 5.168750e-01 2.361480e+00
-4.261140e-01 2.229410e-01 2.521351e+00
-7.174600e-02 2.440630e-01 2.461545e+00
-2.670750e-01 2.785180e-01 2.399831e+00
-2.262070e-01 1.043630e-01 2.580477e+00
-4.461830e-01 -1.152090e-01 2.510410e+00
-2.771900e-02 -1.131290e-01 2.430716e+00
-2.144040e-01 -1.085120e-01 2.589100e+00
-4.880070e-01 -3.393600e-02 2.537192e+00
6.848000e-03 -4.989000e-03 2.418373e+00
-4.811510e-01 -3.009210e-01 2.452188e+00
1.067830e-01 -1.052910e-01 2.176494e+00
-4.807160e-01 -3.457510e-01 2.400127e+00
1.614380e-01 -1.274540e-01 2.141251e+00
-3.494070e-01 -6.180170e-01 2.516824e+00
-1.180780e-01 -6.144570e-01 2.507074e+00
-3.551590e-01 -9.964100e-01 2.633450e+00
-1.321280e-01 -9.878310e-01 2.638262e+00
-3.882440e-01 -1.044239e+00 2.476636e+00
-1.544000e-01 -1.042032e+00 2.481613e+00
-2.657320e-01 5.184950e-01 2.359753e+00
-4.255710e-01 2.255790e-01 2.523268e+00
-7.057200e-02 2.404080e-01 2.465334e+00
-2.649000e-01 2.791400e-01 2.402995e+00
-2.282660e-01 1.026770e-01 2.582307e+00
-4.400390e-01 -1.118720e-01 2.505363e+00
-2.002100e-02 -1.130120e-01 2.434295e+00
-2.098900e-01 -1.060260e-01 2.588760e+00
-4.862160e-01 -3.404700e-02 2.526684e+00
1.430300e-02 -1.126600e-02 2.441864e+00
-4.691660e-01 -3.008220e-01 2.435884e+00
8.632600e-02 -2.198100e-01 2.265719e+00
-4.687740e-01 -3.675860e-01 2.452097e+00
1.354690e-01 -2.674370e-01 2.259634e+00
-3.480700e-01 -6.151420e-01 2.517026e+00
-1.164390e-01 -6.142230e-01 2.505101e+00
-3.595300e-01 -9.977920e-01 2.618332e+00
-1.162770e-01 -9.894840e-01 2.631572e+00
-3.897840e-01 -1.039043e+00 2.459098e+00
-1.380880e-01 -1.042451e+00 2.474437e+00
-2.656950e-01 5.138890e-01 2.356582e+00
-4.223200e-01 2.254400e-01 2.533846e+00
-7.019000e-02 2.403930e-01 2.460496e+00
-2.669380e-01 2.810180e-01 2.407685e+00
-2.230800e-01 1.007230e-01 2.581477e+00
-4.383920e-01 -1.175190e-01 2.510027e+00
-2.104500e-02 -1.104810e-01 2.424943e+00
-2.057700e-01 -1.060230e-01 2.585613e+00
-4.864660e-01 -3.537200e-02 2.523989e+00
1.855900e-02 -1.324800e-02 2.455596e+00
-4.646870e-01 -3.077380e-01 2.444461e+00
5.619200e-02 -2.804710e-01 2.365274e+00
-4.622520e-01 -3.556670e-01 2.395295e+00
8.811000e-02 -3.402720e-01 2.376480e+00
-3.468620e-01 -6.180340e-01 2.520512e+00
-1.137290e-01 -6.137280e-01 2.502784e+00
-3.636270e-01 -1.001876e+00 2.616426e+00
-1.305470e-01 -9.849380e-01 2.639664e+00
-3.987780e-01 -1.040069e+00 2.457434e+00
-1.542410e-01 -1.041272e+00 2.483980e+00
-2.600630e-01 5.077800e-01 2.351148e+00
-4.146840e-01 2.282040e-01 2.523607e+00
-6.023900e-02 2.337360e-01 2.460850e+00
-2.543610e-01 2.769100e-01 2.400832e+00
-2.197330e-01 1.007920e-01 2.580879e+00
-4.452490e-01 -1.215410e-01 2.507065e+00
-2.495900e-02 -1.134960e-01 2.438081e+00
-2.157520e-01 -1.088030e-01 2.591489e+00
-4.906710e-01 -3.227100e-02 2.516206e+00
2.376700e-02 -2.350700e-02 2.481943e+00
-4.774630e-01 -3.071190e-01 2.433244e+00
2.325100e-02 -3.095470e-01 2.454025e+00
-4.714320e-01 -3.729160e-01 2.452077e+00
4.794500e-02 -3.626710e-01 2.489920e+00
-3.455700e-01 -6.225800e-01 2.518473e+00
-1.155540e-01 -6.177500e-01 2.503814e+00
-3.594960e-01 -1.001407e+00 2.632980e+00
-1.318300e-01 -9.893020e-01 2.639829e+00
-3.877560e-01 -1.048150e+00 2.474901e+00
-1.483730e-01 -1.045874e+00 2.483309e+00
-2.470660e-01 5.074580e-01 2.346813e+00
-4.126580e-01 2.301520e-01 2.522256e+00
-5.733900e-02 2.337630e-01 2.464501e+00
-2.503690e-01 2.778400e-01 2.401684e+00
-2.191960e-01 1.018290e-01 2.582466e+00
-4.440290e-01 -1.170640e-01 2.504636e+00
-2.338900e-02 -1.111930e-01 2.437592e+00
-2.148570e-01 -1.057050e-01 2.590131e+00
-4.857650e-01 -3.335100e-02 2.526047e+00
2.830300e-02 -2.464800e-02 2.490621e+00
-4.765460e-01 -3.123080e-01 2.448918e+00
1.999500e-02 -3.136580e-01 2.474637e+00
-4.468350e-01 -3.638330e-01 2.414525e+00
4.534400e-02 -3.773240e-01 2.479584e+00
-3.483040e-01 -6.181470e-01 2.521441e+00
-1.166030e-01 -6.149150e-01 2.503128e+00
-3.591910e-01 -1.001753e+00 2.619129e+00
-1.315920e-01 -9.860690e-01 2.640372e+00
-3.874960e-01 -1.041678e+00 2.459200e+00
-1.480320e-01 -1.043210e+00 2.484048e+00
-2.442510e-01 5.084730e-01 2.348710e+00
-4.163120e-01 2.281300e-01 2.521238e+00
-6.063800e-02 2.340330e-01 2.465911e+00
-2.536190e-01 2.750580e-01 2.400913e+00
-2.220870e-01 1.028330e-01 2.585244e+00
-4.415910e-01 -1.155440e-01 2.490612e+00
-1.712900e-02 -1.186260e-01 2.454690e+00
-2.191390e-01 -1.092700e-01 2.592759e+00
-4.827860e-01 -3.803300e-02 2.519136e+00
2.353900e-02 -2.550000e-02 2.494598e+00
-4.717370e-01 -3.181940e-01 2.443182e+00
3.424000e-02 -3.119370e-01 2.447478e+00
-4.717180e-01 -3.846120e-01 2.425602e+00
5.034400e-02 -3.739220e-01 2.472356e+00
-3.468710e-01 -6.190090e-01 2.519656e+00
-1.165080e-01 -6.204540e-01 2.505697e+00
-3.561960e-01 -9.966100e-01 2.638594e+00
-1.216050e-01 -9.970510e-01 2.628026e+00
-3.735950e-01 -1.046193e+00 2.479813e+00
-1.297320e-01 -1.048561e+00 2.469113e+00
-2.418310e-01 5.074410e-01 2.344728e+00
-4.113900e-01 2.296560e-01 2.520484e+00
-5.473000e-02 2.327200e-01 2.471659e+00
-2.461260e-01 2.758730e-01 2.403432e+00
-2.194770e-01 1.022320e-01 2.587205e+00
-4.402700e-01 -1.194660e-01 2.491901e+00
-1.553000e-02 -1.143620e-01 2.459701e+00
-2.188450e-01 -1.113220e-01 2.596126e+00
-4.836080e-01 -3.575600e-02 2.518164e+00
2.530500e-02 -2.980000e-02 2.490155e+00
-4.739140e-01 -3.168960e-01 2.442707e+00
4.844400e-02 -3.071260e-01 2.404236e+00
-4.903060e-01 -3.819300e-01 2.427797e+00
6.899300e-02 -3.726330e-01 2.406885e+00
-3.467530e-01 -6.204790e-01 2.518522e+00
-1.151240e-01 -6.186270e-01 2.508699e+00
-3.626560e-01 -1.002707e+00 2.620822e+00
-1.283650e-01 -9.931670e-01 2.636607e+00
-3.779790e-01 -1.045171e+00 2.459780e+00
-1.339990e-01 -1.047010e+00 2.478361e+00
-2.353650e-01 5.104280e-01 2.352961e+00
-4.100390e-01 2.291360e-01 2.521535e+00
-5.330200e-02 2.287430e-01 2.473175e+00
-2.442470e-01 2.727400e-01 2.404227e+00
-2.192700e-01 1.008540e-01 2.589875e+00
-4.377920e-01 -1.156100e-01 2.500633e+00
-1.439500e-02 -1.166290e-01 2.453716e+00
-2.127890e-01 -1.113120e-01 2.597138e+00
-4.818220e-01 -3.669500e-02 2.516248e+00
2.753600e-02 -3.420400e-02 2.486242e+00
-4.755050e-01 -3.191100e-01 2.443897e+00
5.124100e-02 -2.988420e-01 2.366085e+00
-4.582970e-01 -3.827580e-01 2.424578e+00
7.407700e-02 -3.636080e-01 2.368147e+00
-3.468160e-01 -6.186570e-01 2.518960e+00
-1.146200e-01 -6.184950e-01 2.512287e+00
-3.600650e-01 -1.001897e+00 2.617791e+00
-1.270480e-01 -9.972360e-01 2.627254e+00
-3.813690e-01 -1.042630e+00 2.456982e+00
-1.397840e-01 -1.045292e+00 2.467563e+00
-2.350260e-01 5.099900e-01 2.359007e+00
-4.100090e-01 2.275840e-01 2.519262e+00
-5.250300e-02 2.290740e-01 2.476988e+00
-2.425090e-01 2.713800e-01 2.404480e+00
-2.196520e-01 1.009910e-01 2.591773e+00
-4.348340e-01 -1.128560e-01 2.502023e+00
-1.175500e-02 -1.197160e-01 2.452785e+00
-2.092680e-01 -1.117350e-01 2.597295e+00
-4.781600e-01 -3.923100e-02 2.519194e+00
2.962400e-02 -3.373600e-02 2.481650e+00
-4.807310e-01 -3.194290e-01 2.438558e+00
5.519000e-02 -2.936480e-01 2.351991e+00
-4.830790e-01 -3.854970e-01 2.419853e+00
6.644800e-02 -3.566110e-01 2.377079e+00
-3.453920e-01 -6.173840e-01 2.522235e+00
-1.131940e-01 -6.201190e-01 2.509579e+00
-3.570220e-01 -1.000901e+00 2.620190e+00
-1.214610e-01 -9.972480e-01 2.630082e+00
-3.793750e-01 -1.041282e+00 2.459435e+00
-1.350530e-01 -1.047715e+00 2.471208e+00
-2.358300e-01 5.102090e-01 2.358331e+00
-4.121870e-01 2.260450e-01 2.523697e+00
-5.517900e-02 2.327930e-01 2.477879e+00
-2.464300e-01 2.739290e-01 2.408021e+00
-2.195310e-01 1.006450e-01 2.592094e+00
-4.361560e-01 -1.162890e-01 2.487872e+00
-1.087900e-02 -1.157490e-01 2.463240e+00
-2.165440e-01 -1.112340e-01 2.596054e+00
-4.790450e-01 -4.153300e-02 2.520718e+00
2.613700e-02 -3.076600e-02 2.478857e+00
-4.684290e-01 -3.188300e-01 2.429706e+00
4.854700e-02 -2.903030e-01 2.346841e+00
-4.755560e-01 -3.803540e-01 2.399967e+00
5.713200e-02 -3.579480e-01 2.338419e+00
-3.445230e-01 -6.181520e-01 2.520743e+00
-1.148410e-01 -6.189680e-01 2.508307e+00
-3.567850e-01 -9.957500e-01 2.639426e+00
-1.227630e-01 -9.955490e-01 2.630536e+00
-3.702760e-01 -1.045337e+00 2.480267e+00
-1.273340e-01 -1.047076e+00 2.471487e+00
-2.384000e-01 5.127220e-01 2.370047e+00
