-2.971700e-01 2.528570e-01 2.704532e+00
7.854500e-02 2.121820e-01 2.792437e+00
-1.571870e-01 1.042690e-01 2.893760e+00
-8.663000e-03 -1.484030e-01 2.765477e+00
-3.486370e-01 6.609000e-03 2.644412e+00
-2.774190e-01 -2.608070e-01 2.589417e+00
-2.778450e-01 -3.335430e-01 2.606503e+00
-2.600000e-02 -6.186120e-01 2.731748e+00
-8.048700e-02 -1.024297e+00 2.811373e+00
9.105200e-02 -1.055685e+00 2.768835e+00
-9.478300e-02 5.219610e-01 2.600586e+00
7.065100e-02 2.176770e-01 2.765781e+00
-1.524260e-01 1.065200e-01 2.889725e+00
2.910000e-04 -1.538660e-01 2.770667e+00
-3.174250e-01 -7.118000e-03 2.643328e+00
-2.738150e-01 -2.824860e-01 2.591033e+00
-2.839750e-01 -3.488360e-01 2.623852e+00
-1.735100e-02 -6.251610e-01 2.732970e+00
-8.231900e-02 -1.030821e+00 2.804439e+00
7.991500e-02 -1.068588e+00 2.737552e+00
-9.334700e-02 5.448450e-01 2.619170e+00
5.862300e-02 2.061750e-01 2.796703e+00
-1.740840e-01 8.758900e-02 2.892964e+00
-7.080000e-04 -1.618580e-01 2.781322e+00
-3.227900e-01 -1.304000e-02 2.634112e+00
-2.719750e-01 -2.890880e-01 2.586332e+00
-2.757050e-01 -3.484100e-01 2.631604e+00
-1.150300e-02 -6.342720e-01 2.736377e+00
-8.207600e-02 -1.037633e+00 2.815168e+00
7.729700e-02 -1.079431e+00 2.743939e+00
-8.559700e-02 5.264790e-01 2.630217e+00
3.934700e-02 1.960460e-01 2.856462e+00
-2.092110e-01 7.848000e-02 2.899799e+00
-1.097200e-02 -1.662430e-01 2.816971e+00
-3.525180e-01 -2.039700e-02 2.643458e+00
-2.598690e-01 -2.873660e-01 2.598004e+00
-2.665290e-01 -3.470030e-01 2.642519e+00
-1.149500e-02 -6.394120e-01 2.744536e+00
-8.281500e-02 -1.044399e+00 2.813733e+00
8.294300e-02 -1.083302e+00 2.756891e+00
-8.337800e-02 5.217670e-01 2.621947e+00
2.688000e-02 2.342870e-01 2.901986e+00
-2.210260e-01 1.078300e-01 2.907659e+00
-2.281200e-02 -1.516490e-01 2.817085e+00
-3.527210e-01 1.004000e-02 2.656396e+00
-2.709170e-01 -2.587760e-01 2.611207e+00
-2.497210e-01 -3.289340e-01 2.625739e+00
-1.216200e-02 -6.348460e-01 2.753212e+00
-8.178700e-02 -1.041650e+00 2.812811e+00
9.097700e-02 -1.076244e+00 2.778516e+00
-9.319100e-02 5.320240e-01 2.585731e+00
1.274200e-02 2.587430e-01 2.902431e+00
-2.237510e-01 1.126830e-01 2.917222e+00
-2.189000e-02 -1.366960e-01 2.812420e+00
-3.579500e-01 5.982000e-03 2.663118e+00
-2.846720e-01 -2.631430e-01 2.610065e+00
-2.694030e-01 -3.357940e-01 2.618514e+00
-1.414000e-02 -6.169390e-01 2.750353e+00
-7.487900e-02 -1.025153e+00 2.810026e+00
1.000470e-01 -1.055113e+00 2.783129e+00
-9.533200e-02 5.203530e-01 2.606329e+00
5.877600e-02 1.820720e-01 2.811986e+00
-1.699610e-01 4.538600e-02 2.892467e+00
1.862500e-02 -1.680910e-01 2.793224e+00
-3.503120e-01 -3.543600e-02 2.662859e+00
-2.713240e-01 -3.041070e-01 2.605671e+00
-2.834120e-01 -3.626210e-01 2.650534e+00
-9.543000e-03 -6.374500e-01 2.733145e+00
-8.113700e-02 -1.040519e+00 2.812510e+00
7.225800e-02 -1.084002e+00 2.730049e+00
-9.022800e-02 5.226220e-01 2.636963e+00
4.632100e-02 1.746830e-01 2.844191e+00
-1.861440e-01 3.265500e-02 2.901365e+00
1.080000e-03 -1.733520e-01 2.806391e+00
-3.300970e-01 -2.831800e-02 2.642082e+00
-2.688960e-01 -3.051880e-01 2.613770e+00
-2.792160e-01 -3.661080e-01 2.655781e+00
-1.282700e-02 -6.474660e-01 2.741449e+00
-8.654500e-02 -1.051099e+00 2.815845e+00
7.245200e-02 -1.093369e+00 2.744057e+00
-8.593000e-02 5.073930e-01 2.626499e+00
3.874600e-02 1.727560e-01 2.857683e+00
-1.986200e-01 3.442100e-02 2.902423e+00
-6.443000e-03 -1.718170e-01 2.809062e+00
-3.574940e-01 -2.811400e-02 2.651700e+00
-2.616620e-01 -2.931240e-01 2.614801e+00
-2.721080e-01 -3.561250e-01 2.653587e+00
-1.284700e-02 -6.459020e-01 2.742563e+00
-8.709500e-02 -1.049420e+00 2.817060e+00
7.585800e-02 -1.090990e+00 2.754301e+00
-8.686400e-02 5.082430e-01 2.628575e+00
1.540700e-02 1.831670e-01 2.888492e+00
-2.226210e-01 3.896100e-02 2.893827e+00
-2.068700e-02 -1.752950e-01 2.826790e+00
-3.522860e-01 -3.620100e-02 2.641386e+00
-2.536210e-01 -3.006400e-01 2.614983e+00
-2.188080e-01 -3.656310e-01 2.627101e+00
1.427000e-03 -6.479760e-01 2.755949e+00
-8.485000e-02 -1.052859e+00 2.806104e+00
8.800900e-02 -1.093032e+00 2.779154e+00
-8.012300e-02 5.155610e-01 2.622496e+00
1.436000e-03 2.000900e-01 2.895264e+00
-2.176270e-01 2.837600e-02 2.892645e+00
-2.696000e-02 -1.705740e-01 2.826592e+00
-3.427270e-01 -6.046300e-02 2.632298e+00
-2.199870e-01 -3.141030e-01 2.603583e+00
-2.277580e-01 -3.852150e-01 2.625153e+00
4.859000e-03 -6.466950e-01 2.759843e+00
-8.444700e-02 -1.051166e+00 2.807979e+00
8.886300e-02 -1.092112e+00 2.785458e+00
-7.670500e-02 5.033920e-01 2.623571e+00
-1.117200e-02 1.945600e-01 2.898947e+00
-2.232930e-01 1.491200e-02 2.884382e+00
-3.108300e-02 -1.730880e-01 2.829175e+00
-3.328800e-01 -7.089400e-02 2.613880e+00
-2.434090e-01 -3.392930e-01 2.606369e+00
-1.750810e-01 -3.641640e-01 2.623555e+00
5.292000e-03 -6.459990e-01 2.764619e+00
-8.287600e-02 -1.050897e+00 2.811238e+00
9.108700e-02 -1.090942e+00 2.792435e+00
-7.271300e-02 4.924290e-01 2.637167e+00
-5.888300e-02 1.141460e-01 2.934895e+00
-2.651230e-01 -3.938500e-02 2.828243e+00
-7.294800e-02 -1.841170e-01 2.847141e+00
-3.173240e-01 -6.086000e-02 2.568668e+00
-1.838300e-01 -3.089680e-01 2.592286e+00
-2.021640e-01 -3.810400e-01 2.599513e+00
4.069000e-03 -6.390100e-01 2.776802e+00
-8.677500e-02 -1.045018e+00 2.804982e+00
8.613200e-02 -1.081520e+00 2.836466e+00
-5.989500e-02 4.573760e-01 2.652619e+00
-1.139280e-01 9.834500e-02 2.934512e+00
-3.185040e-01 -5.852000e-03 2.777119e+00
-9.641600e-02 -1.766640e-01 2.850396e+00
-3.273120e-01 -1.624400e-02 2.550358e+00
-2.049970e-01 -2.641830e-01 2.491993e+00
-1.738660e-01 -3.298940e-01 2.474802e+00
-3.451000e-03 -6.255760e-01 2.780318e+00
-8.338700e-02 -1.034057e+00 2.805665e+00
7.995500e-02 -1.061734e+00 2.874756e+00
-6.611100e-02 4.633630e-01 2.636948e+00
-1.387460e-01 9.945100e-02 2.944918e+00
-1.024310e-01 2.297600e-01 2.753219e+00
-3.516420e-01 1.873200e-02 2.784792e+00
-1.646590e-01 -1.434070e-01 2.587612e+00
-5.621600e-02 -2.002220e-01 2.845239e+00
-2.988880e-01 -1.795490e-01 2.794044e+00
-3.233150e-01 -7.370000e-03 2.507248e+00
-3.230000e-04 -1.193920e-01 2.934859e+00
-1.856520e-01 -2.483060e-01 2.468099e+00
-2.515200e-02 -3.799780e-01 2.828145e+00
-1.497190e-01 -3.129190e-01 2.457304e+00
-9.360300e-02 -3.996750e-01 2.805582e+00
-1.528800e-02 -6.333890e-01 2.788049e+00
-3.010520e-01 -6.187780e-01 2.585578e+00
-8.215300e-02 -1.044510e+00 2.807991e+00
-3.131010e-01 -1.027538e+00 2.667184e+00
6.580900e-02 -1.063734e+00 2.907781e+00
-3.641800e-01 -1.059778e+00 2.498152e+00
-6.478900e-02 4.516910e-01 2.624647e+00
-3.082180e-01 2.210190e-01 2.557389e+00
-1.964010e-01 9.502500e-02 2.906912e+00
-1.397970e-01 2.259980e-01 2.720659e+00
-3.896600e-01 1.340900e-02 2.723961e+00
-1.870620e-01 -1.805980e-01 2.578014e+00
-1.095620e-01 -2.174710e-01 2.850032e+00
-3.445400e-01 -2.113030e-01 2.768267e+00
-3.188420e-01 -9.066000e-03 2.451566e+00
-5.952000e-02 -1.249840e-01 2.910747e+00
-1.708300e-01 -2.421080e-01 2.436165e+00
-6.169200e-02 -3.859560e-01 2.802129e+00
-1.311910e-01 -3.052730e-01 2.431520e+00
-1.234350e-01 -4.117030e-01 2.768851e+00
-1.020200e-02 -6.476110e-01 2.800774e+00
-3.081250e-01 -6.493310e-01 2.571055e+00
-1.053280e-01 -1.053096e+00 2.821330e+00
-3.422040e-01 -1.063290e+00 2.608002e+00
4.432700e-02 -1.083421e+00 2.915692e+00
-3.609100e-01 -1.077632e+00 2.430057e+00
-9.077800e-02 4.546700e-01 2.607618e+00
-3.075520e-01 2.197360e-01 2.534943e+00
-2.394070e-01 8.834600e-02 2.893603e+00
-1.629720e-01 2.259530e-01 2.719620e+00
-4.031630e-01 5.262000e-03 2.684410e+00
-1.900700e-01 -1.962710e-01 2.552345e+00
-1.538930e-01 -2.086310e-01 2.835007e+00
-3.735100e-01 -2.214580e-01 2.718638e+00
-3.241210e-01 -7.819000e-03 2.430698e+00
4.816000e-03 1.003400e-02 2.915008e+00
-1.751290e-01 -2.373250e-01 2.432177e+00
2.757280e-01 -6.216700e-02 2.900527e+00
-1.348840e-01 -3.002770e-01 2.432000e+00
3.482140e-01 -4.690400e-02 2.890756e+00
-1.112600e-02 -6.463200e-01 2.800234e+00
-3.090270e-01 -6.612870e-01 2.562702e+00
-1.048380e-01 -1.052304e+00 2.817089e+00
-3.455430e-01 -1.075431e+00 2.594961e+00
4.346100e-02 -1.082529e+00 2.913599e+00
-3.382790e-01 -1.089996e+00 2.416200e+00
-1.054970e-01 4.544450e-01 2.603698e+00
-2.950610e-01 2.269470e-01 2.522443e+00
-2.634280e-01 1.034440e-01 2.888900e+00
-1.697570e-01 2.373300e-01 2.720531e+00
-4.054290e-01 1.565700e-02 2.666166e+00
-1.846840e-01 -1.955920e-01 2.516052e+00
-1.785460e-01 -1.958490e-01 2.801222e+00
-3.842530e-01 -2.184620e-01 2.662978e+00
-3.425810e-01 1.833000e-03 2.430779e+00
-1.262900e-02 8.344600e-02 2.862829e+00
-1.929520e-01 -2.231030e-01 2.431712e+00
2.584550e-01 5.599100e-02 2.906316e+00
-1.713930e-01 -2.660120e-01 2.488954e+00
3.249590e-01 9.002400e-02 2.905023e+00
-1.813800e-02 -6.346130e-01 2.788836e+00
-3.015710e-01 -6.643150e-01 2.540870e+00
-1.044260e-01 -1.041507e+00 2.818513e+00
-3.304920e-01 -1.078435e+00 2.580333e+00
3.955800e-02 -1.064403e+00 2.923226e+00
-2.916790e-01 -1.097744e+00 2.406146e+00
-1.291770e-01 4.656400e-01 2.583546e+00
-3.566010e-01 2.187320e-01 2.503853e+00
-2.860120e-01 1.311380e-01 2.875186e+00
-2.096310e-01 2.450660e-01 2.684834e+00
-4.536630e-01 2.585000e-02 2.679512e+00
-2.312920e-01 -1.920900e-01 2.497485e+00
-1.874290e-01 -1.991770e-01 2.779239e+00
-4.086000e-01 -2.270710e-01 2.668588e+00
-3.717020e-01 -1.813600e-02 2.432204e+00
-5.870500e-02 1.272460e-01 2.765963e+00
-2.288620e-01 -2.477870e-01 2.431971e+00
1.913740e-01 2.047390e-01 2.850524e+00
-1.864580e-01 -3.053190e-01 2.453755e+00
2.440070e-01 2.577050e-01 2.853165e+00
-3.390000e-02 -6.296710e-01 2.757882e+00
-3.008760e-01 -6.663790e-01 2.509002e+00
-1.045420e-01 -1.038699e+00 2.797818e+00
-3.178550e-01 -1.079002e+00 2.566823e+00
4.330400e-02 -1.054413e+00 2.898391e+00
-3.126970e-01 -1.104110e+00 2.389162e+00
-1.705000e-01 4.603750e-01 2.531447e+00
-3.942050e-01 2.120460e-01 2.493085e+00
-2.681540e-01 1.529270e-01 2.855245e+00
-2.181770e-01 2.440030e-01 2.644876e+00
-4.712490e-01 4.265400e-02 2.700090e+00
-2.769840e-01 -2.002460e-01 2.487019e+00
-1.868450e-01 -1.936680e-01 2.757558e+00
-4.228290e-01 -2.286600e-01 2.686669e+00
-4.003490e-01 -2.731500e-02 2.425223e+00
-5.607900e-02 1.789570e-01 2.720244e+00
-2.525100e-01 -2.550010e-01 2.426820e+00
1.785260e-01 3.075460e-01 2.786848e+00
-2.260670e-01 -3.233750e-01 2.441259e+00
2.104170e-01 3.750880e-01 2.784942e+00
-3.883600e-02 -6.284460e-01 2.729489e+00
-3.141230e-01 -6.627290e-01 2.492881e+00
-1.081230e-01 -1.034202e+00 2.796200e+00
-3.303450e-01 -1.073879e+00 2.560567e+00
5.404500e-02 -1.049494e+00 2.871618e+00
-3.618720e-01 -1.101372e+00 2.386009e+00
-2.084130e-01 4.668930e-01 2.499954e+00
-4.319840e-01 2.123870e-01 2.482415e+00
-2.221610e-01 1.660400e-01 2.805478e+00
-2.391580e-01 2.769740e-01 2.599438e+00
-4.243040e-01 1.924900e-02 2.682714e+00
-3.317040e-01 -2.058120e-01 2.478257e+00
-1.924300e-01 -1.849670e-01 2.726305e+00
-4.362160e-01 -2.292300e-01 2.702905e+00
-4.458100e-01 -3.105300e-02 2.428496e+00
1.965000e-03 2.273880e-01 2.704869e+00
-2.847110e-01 -2.507010e-01 2.425863e+00
1.648380e-01 4.502210e-01 2.694202e+00
-2.207830e-01 -2.732110e-01 2.457313e+00
1.652320e-01 5.244050e-01 2.685303e+00
-4.543200e-02 -6.155760e-01 2.703204e+00
-3.298110e-01 -6.654440e-01 2.487432e+00
-1.209800e-01 -1.016543e+00 2.789270e+00
-3.438700e-01 -1.074348e+00 2.567981e+00
4.820500e-02 -1.036262e+00 2.845908e+00
-3.905030e-01 -1.106305e+00 2.397615e+00
-2.319710e-01 4.886210e-01 2.483222e+00
-4.747660e-01 1.879940e-01 2.506941e+00
-1.844840e-01 1.346600e-01 2.758806e+00
-2.619630e-01 2.590610e-01 2.575587e+00
-4.029450e-01 -1.843000e-02 2.679312e+00
-3.853430e-01 -2.121300e-01 2.475101e+00
-1.992430e-01 -1.680640e-01 2.686724e+00
-4.366250e-01 -2.362130e-01 2.717441e+00
-4.828510e-01 -5.501900e-02 2.445274e+00
-1.164200e-01 2.140520e-01 2.527507e+00
-3.183600e-01 -2.724500e-01 2.422017e+00
9.906800e-02 3.859240e-01 2.501092e+00
-2.480350e-01 -2.830630e-01 2.444916e+00
1.037020e-01 4.592640e-01 2.487585e+00
-5.495100e-02 -5.986440e-01 2.690657e+00
-3.487620e-01 -6.727000e-01 2.515449e+00
-1.259340e-01 -9.959340e-01 2.795591e+00
-3.572260e-01 -1.084428e+00 2.581002e+00
4.502500e-02 -1.012725e+00 2.847661e+00
-4.347400e-01 -1.108329e+00 2.420875e+00
-2.724730e-01 4.567970e-01 2.424588e+00
-4.968910e-01 1.820230e-01 2.494501e+00
-1.907350e-01 2.540000e-01 2.721727e+00
-3.010970e-01 3.083540e-01 2.521943e+00
-3.751530e-01 4.619400e-02 2.704766e+00
-4.014150e-01 -1.874220e-01 2.508109e+00
-1.776350e-01 -1.402710e-01 2.678574e+00
-4.074830e-01 -1.949460e-01 2.756795e+00
-5.013600e-01 -6.511600e-02 2.474076e+00
-1.008320e-01 2.666780e-01 2.488316e+00
-3.447440e-01 -2.854090e-01 2.462219e+00
4.867600e-02 4.286610e-01 2.326928e+00
-2.770470e-01 -3.166070e-01 2.457078e+00
4.741300e-02 4.993140e-01 2.302653e+00
-6.646300e-02 -5.916760e-01 2.679322e+00
-3.557620e-01 -6.439750e-01 2.532608e+00
-1.106810e-01 -9.915920e-01 2.788869e+00
-3.270930e-01 -1.051370e+00 2.616848e+00
6.722000e-02 -1.006046e+00 2.807913e+00
-4.262510e-01 -1.088328e+00 2.471858e+00
-3.004410e-01 4.791640e-01 2.376326e+00
-4.920790e-01 1.019520e-01 2.519865e+00
-1.780780e-01 2.610250e-01 2.683091e+00
-3.258260e-01 2.664160e-01 2.500912e+00
-3.144420e-01 2.092200e-02 2.718258e+00
-4.193600e-01 -1.820290e-01 2.551011e+00
-1.610980e-01 -1.251290e-01 2.657886e+00
-3.647730e-01 -1.704140e-01 2.793547e+00
-4.871670e-01 -1.441280e-01 2.501210e+00
-1.315410e-01 2.826100e-01 2.439526e+00
-3.020110e-01 -3.383030e-01 2.478573e+00
-3.912200e-02 3.655690e-01 2.198073e+00
-3.258920e-01 -4.081910e-01 2.489883e+00
-2.502100e-02 4.094680e-01 2.139280e+00
-5.984300e-02 -5.837900e-01 2.670540e+00
-3.607140e-01 -6.270780e-01 2.540849e+00
-1.000260e-01 -9.791780e-01 2.796803e+00
-3.249770e-01 -1.033442e+00 2.627338e+00
7.716000e-02 -1.002529e+00 2.780071e+00
-4.423910e-01 -1.071506e+00 2.497010e+00
-2.850310e-01 4.388230e-01 2.353078e+00
-5.306210e-01 1.162750e-01 2.549039e+00
-1.915900e-01 2.900070e-01 2.622656e+00
-3.660110e-01 2.625900e-01 2.468146e+00
-3.257220e-01 7.208200e-02 2.732191e+00
-3.993630e-01 -1.608260e-01 2.589259e+00
-1.203650e-01 -1.273750e-01 2.638252e+00
-2.939750e-01 -1.537660e-01 2.814606e+00
-4.806780e-01 -1.269220e-01 2.542085e+00
-1.574800e-01 2.056610e-01 2.389640e+00
-3.271960e-01 -3.406040e-01 2.477378e+00
-1.593360e-01 1.016600e-01 2.137372e+00
-3.536820e-01 -4.066890e-01 2.500048e+00
-1.632280e-01 7.208500e-02 2.068868e+00
-7.134100e-02 -6.002680e-01 2.656357e+00
-3.707920e-01 -6.123610e-01 2.557931e+00
-9.846100e-02 -9.895150e-01 2.803464e+00
-3.205960e-01 -1.021870e+00 2.618530e+00
6.843600e-02 -1.022730e+00 2.746346e+00
-4.605380e-01 -1.054923e+00 2.511087e+00
-2.996210e-01 4.536460e-01 2.360142e+00
-5.018300e-01 9.839200e-02 2.564552e+00
-1.373000e-01 2.282030e-01 2.593034e+00
-3.377200e-01 2.378340e-01 2.471432e+00
-2.750020e-01 1.146100e-02 2.700469e+00
-3.947200e-01 -1.838040e-01 2.607910e+00
-1.114630e-01 -1.510390e-01 2.615071e+00
-2.554590e-01 -1.912330e-01 2.814039e+00
-4.760750e-01 -1.494450e-01 2.557552e+00
-1.764450e-01 1.649960e-01 2.353428e+00
-3.256880e-01 -3.641020e-01 2.485144e+00
-1.137470e-01 3.501400e-02 2.120908e+00
-3.456700e-01 -4.315100e-01 2.510432e+00
-1.053200e-01 -3.980000e-04 2.055658e+00
-6.656200e-02 -6.258150e-01 2.657690e+00
-3.815170e-01 -6.321440e-01 2.574689e+00
-1.066930e-01 -1.013257e+00 2.806577e+00
-3.181800e-01 -1.042215e+00 2.616153e+00
5.981900e-02 -1.051628e+00 2.751608e+00
-4.819890e-01 -1.074195e+00 2.550092e+00
-3.411580e-01 4.248810e-01 2.329340e+00
-3.330180e-01 1.185330e-01 2.678252e+00
-1.169080e-01 1.946860e-01 2.365136e+00
-3.317510e-01 2.023450e-01 2.459113e+00
-8.136000e-02 3.693600e-02 2.591702e+00
-2.980920e-01 -1.635140e-01 2.703104e+00
-1.330310e-01 -1.820910e-01 2.471223e+00
-4.922700e-02 -1.644440e-01 2.704897e+00
-4.719240e-01 -6.410500e-02 2.576661e+00
-1.269130e-01 3.069600e-02 2.173642e+00
-3.580700e-01 -2.984920e-01 2.492806e+00
-1.055620e-01 -1.163290e-01 1.941949e+00
-3.325230e-01 -3.613710e-01 2.524052e+00
-1.135340e-01 -1.490150e-01 1.875235e+00
-8.503500e-02 -6.647780e-01 2.658461e+00
-3.798050e-01 -6.395340e-01 2.600852e+00
-1.127260e-01 -1.051760e+00 2.811324e+00
-3.176460e-01 -1.051871e+00 2.602614e+00
-1.417950e-01 -1.115033e+00 2.645880e+00
-4.946880e-01 -1.078614e+00 2.589912e+00
-3.391970e-01 4.356230e-01 2.334549e+00
-3.092200e-01 1.250620e-01 2.711205e+00
-1.515810e-01 1.683430e-01 2.359324e+00
-3.371220e-01 2.134420e-01 2.495663e+00
-1.008120e-01 2.500000e-04 2.575305e+00
-3.078340e-01 -1.727180e-01 2.725222e+00
-1.982400e-01 -1.984600e-01 2.463142e+00
-6.495300e-02 -1.681900e-01 2.671124e+00
-4.785200e-01 -6.470000e-03 2.578971e+00
-1.001470e-01 4.945000e-02 2.141925e+00
-4.051100e-01 -2.541970e-01 2.485471e+00
-1.264120e-01 -3.714500e-02 1.881121e+00
-3.874760e-01 -3.231490e-01 2.462725e+00
-1.267180e-01 -9.881600e-02 1.838940e+00
-9.144300e-02 -6.687950e-01 2.641425e+00
-3.902480e-01 -6.699760e-01 2.600003e+00
-1.064060e-01 -1.044148e+00 2.822462e+00
-3.086750e-01 -1.078901e+00 2.603920e+00
-1.203060e-01 -1.121443e+00 2.661054e+00
-4.841780e-01 -1.114040e+00 2.590353e+00
-3.299310e-01 4.266360e-01 2.331501e+00
-3.142430e-01 1.418790e-01 2.712421e+00
-1.420350e-01 1.891320e-01 2.367957e+00
-3.319400e-01 2.351030e-01 2.497843e+00
-1.030050e-01 1.576900e-02 2.582207e+00
-3.062050e-01 -1.566390e-01 2.711265e+00
-1.874780e-01 -1.824870e-01 2.453205e+00
-6.147800e-02 -1.549740e-01 2.666055e+00
-4.913360e-01 2.442400e-02 2.576140e+00
-8.415800e-02 7.724000e-02 2.147962e+00
-4.319880e-01 -2.285210e-01 2.484866e+00
-9.025600e-02 7.767000e-03 1.880362e+00
-3.873930e-01 -2.846640e-01 2.463845e+00
-1.369860e-01 -1.274200e-02 1.825789e+00
-9.053500e-02 -6.535370e-01 2.627306e+00
-3.868810e-01 -6.523680e-01 2.594346e+00
-1.066160e-01 -1.022804e+00 2.820366e+00
-3.200290e-01 -1.063641e+00 2.610927e+00
-1.023210e-01 -1.106093e+00 2.661417e+00
-4.962450e-01 -1.092991e+00 2.593413e+00
-3.091780e-01 4.446260e-01 2.328914e+00
-2.925610e-01 1.344730e-01 2.712752e+00
-1.236820e-01 2.052280e-01 2.370673e+00
-3.147170e-01 2.373360e-01 2.503047e+00
-7.709600e-02 2.323300e-02 2.576072e+00
-3.102930e-01 -1.674170e-01 2.718392e+00
-1.893250e-01 -1.616000e-01 2.460143e+00
-6.587600e-02 -1.478070e-01 2.675801e+00
-4.786280e-01 3.553000e-02 2.572849e+00
-5.377800e-02 8.866200e-02 2.156208e+00
-4.271730e-01 -2.132170e-01 2.465082e+00
-9.395200e-02 1.802500e-02 1.891423e+00
-4.055770e-01 -2.837830e-01 2.453389e+00
-1.278470e-01 6.109200e-02 1.840640e+00
-8.862800e-02 -6.548090e-01 2.615283e+00
-3.858790e-01 -6.399620e-01 2.587635e+00
-1.040340e-01 -1.014258e+00 2.826110e+00
-3.218770e-01 -1.051587e+00 2.606542e+00
-1.004910e-01 -1.105167e+00 2.671373e+00
-4.990190e-01 -1.079492e+00 2.598660e+00
-3.047310e-01 4.531490e-01 2.345874e+00
-2.871960e-01 1.461460e-01 2.734035e+00
-9.143600e-02 2.220060e-01 2.407742e+00
-2.898990e-01 2.577440e-01 2.527671e+00
-6.745400e-02 3.046600e-02 2.608286e+00
-3.191080e-01 -1.633770e-01 2.704754e+00
-1.788190e-01 -1.451940e-01 2.457069e+00
-7.274400e-02 -1.364230e-01 2.682034e+00
-4.309970e-01 9.734300e-02 2.531173e+00
1.900000e-03 7.384700e-02 2.223149e+00
-5.284430e-01 -1.519170e-01 2.462015e+00
-5.767200e-02 5.298000e-02 1.952874e+00
-5.143730e-01 -2.122290e-01 2.503814e+00
-1.088210e-01 8.529700e-02 1.909033e+00
-7.897500e-02 -6.420290e-01 2.602508e+00
-3.822260e-01 -6.252060e-01 2.578419e+00
-1.045490e-01 -9.942370e-01 2.824284e+00
-3.280230e-01 -1.037825e+00 2.604823e+00
-7.055400e-02 -1.089912e+00 2.676261e+00
-5.056900e-01 -1.061745e+00 2.595742e+00
-2.821250e-01 4.774640e-01 2.397826e+00
-3.160180e-01 1.256360e-01 2.751696e+00
-6.028700e-02 2.046870e-01 2.470810e+00
-2.730820e-01 2.510260e-01 2.558094e+00
-8.797600e-02 -1.730000e-03 2.655489e+00
-3.284970e-01 -1.783130e-01 2.689664e+00
-1.443560e-01 -1.471600e-01 2.474069e+00
-8.145400e-02 -1.611770e-01 2.714454e+00
-4.149440e-01 1.125020e-01 2.518541e+00
3.365800e-02 5.421800e-02 2.287977e+00
-5.740680e-01 -1.087710e-01 2.471069e+00
-4.142600e-02 3.217000e-03 2.025335e+00
-5.683070e-01 -1.759440e-01 2.503275e+00
-7.938100e-02 4.432800e-02 1.975819e+00
-6.832900e-02 -6.496310e-01 2.603685e+00
-3.853780e-01 -6.221540e-01 2.574892e+00
-1.082170e-01 -9.996550e-01 2.826801e+00
-3.278260e-01 -1.034315e+00 2.601352e+00
-4.591700e-02 -1.095133e+00 2.688154e+00
-5.055140e-01 -1.059398e+00 2.597118e+00
-2.543670e-01 4.768660e-01 2.437642e+00
-3.145840e-01 8.893500e-02 2.770513e+00
-5.605400e-02 2.030230e-01 2.504637e+00
-2.721620e-01 2.335880e-01 2.590725e+00
-8.013500e-02 -2.087300e-02 2.668257e+00
-2.920680e-01 -1.762590e-01 2.690063e+00
-1.180810e-01 -1.804310e-01 2.464076e+00
-4.416100e-02 -1.950890e-01 2.701266e+00
-4.069590e-01 9.373600e-02 2.534370e+00
6.628300e-02 1.348200e-02 2.388923e+00
-5.604580e-01 -1.212790e-01 2.452254e+00
1.283000e-02 -5.222300e-02 2.125643e+00
-5.573620e-01 -1.925300e-01 2.474531e+00
-4.216200e-02 -6.028600e-02 2.075708e+00
-5.978400e-02 -6.648260e-01 2.620334e+00
-3.865010e-01 -6.370970e-01 2.581558e+00
-1.039020e-01 -1.035205e+00 2.806780e+00
-3.277750e-01 -1.049716e+00 2.595188e+00
-6.648600e-02 -1.117677e+00 2.651801e+00
-5.054790e-01 -1.075034e+00 2.594379e+00
-2.368240e-01 4.680830e-01 2.480305e+00
-2.886500e-01 7.934500e-02 2.810037e+00
-2.362300e-02 1.857510e-01 2.547392e+00
-2.373480e-01 2.269170e-01 2.634999e+00
-6.158900e-02 -4.147900e-02 2.703615e+00
-2.729090e-01 -1.863150e-01 2.711283e+00
-1.004340e-01 -1.966980e-01 2.484338e+00
-2.565500e-02 -2.128880e-01 2.721159e+00
-3.790250e-01 9.603100e-02 2.573661e+00
8.301800e-02 -4.403200e-02 2.516721e+00
-5.494640e-01 -9.621800e-02 2.471059e+00
2.974000e-02 -1.982630e-01 2.291212e+00
-5.571390e-01 -1.691160e-01 2.485534e+00
2.716600e-02 -2.724210e-01 2.282454e+00
-5.956800e-02 -6.835350e-01 2.662366e+00
-3.828100e-01 -6.452990e-01 2.594832e+00
-9.702300e-02 -1.062745e+00 2.831735e+00
-3.230740e-01 -1.057853e+00 2.583890e+00
-1.166080e-01 -1.133893e+00 2.668105e+00
-5.007130e-01 -1.083605e+00 2.585038e+00
-1.870380e-01 4.534190e-01 2.515619e+00
-2.771030e-01 8.896000e-02 2.835027e+00
4.606000e-03 2.029980e-01 2.593823e+00
-2.137710e-01 2.429580e-01 2.669735e+00
-4.494300e-02 -2.997100e-02 2.737877e+00
-2.602720e-01 -1.767390e-01 2.731520e+00
-7.139700e-02 -1.721940e-01 2.517826e+00
-1.428300e-02 -2.036930e-01 2.758000e+00
-3.382530e-01 1.160260e-01 2.590182e+00
8.019600e-02 -4.029000e-02 2.575616e+00
-5.095710e-01 -9.476000e-02 2.536554e+00
5.688100e-02 -2.807370e-01 2.436814e+00
-5.060670e-01 -1.689840e-01 2.528738e+00
4.043300e-02 -3.534020e-01 2.431175e+00
-4.189400e-02 -6.698880e-01 2.674314e+00
-3.621930e-01 -6.234100e-01 2.610191e+00
-9.852000e-02 -1.057998e+00 2.815925e+00
-3.299840e-01 -1.038471e+00 2.586189e+00
-1.084570e-01 -1.118149e+00 2.647096e+00
-5.088690e-01 -1.052614e+00 2.590706e+00
-1.767400e-01 4.528260e-01 2.527954e+00
-2.728650e-01 1.404460e-01 2.862134e+00
3.610500e-02 1.951490e-01 2.633905e+00
-1.791960e-01 2.695630e-01 2.690081e+00
-5.325000e-02 -1.563900e-02 2.792224e+00
-2.421710e-01 -1.475810e-01 2.753795e+00
-3.411400e-02 -1.699490e-01 2.559963e+00
-5.729000e-03 -2.064140e-01 2.804509e+00
-2.939210e-01 1.417020e-01 2.608829e+00
9.323100e-02 -5.400500e-02 2.635504e+00
-4.701480e-01 -7.195500e-02 2.595633e+00
5.963100e-02 -3.187520e-01 2.554669e+00
-4.485340e-01 -1.375370e-01 2.567093e+00
4.478400e-02 -3.877130e-01 2.530042e+00
-3.606900e-02 -6.492260e-01 2.698442e+00
-3.541800e-01 -6.072330e-01 2.631451e+00
-8.705600e-02 -1.044333e+00 2.821648e+00
-3.321890e-01 -1.021942e+00 2.593743e+00
-4.861100e-02 -1.101031e+00 2.655733e+00
-5.112390e-01 -1.030590e+00 2.584432e+00
-1.544110e-01 4.639950e-01 2.538789e+00
-2.658770e-01 2.350170e-01 2.847182e+00
7.487600e-02 1.875690e-01 2.667793e+00
-1.288450e-01 3.039400e-01 2.669644e+00
-7.094600e-02 3.634000e-02 2.850404e+00
-2.513420e-01 -1.349850e-01 2.786818e+00
-5.565000e-03 -1.539420e-01 2.643313e+00
-2.909600e-02 -1.790320e-01 2.889798e+00
-4.091210e-01 9.492600e-02 2.689981e+00
1.083560e-01 -6.254900e-02 2.710309e+00
-3.888030e-01 -1.697150e-01 2.607962e+00
3.628200e-02 -3.288380e-01 2.667635e+00
-3.579220e-01 -2.262870e-01 2.570164e+00
1.491700e-02 -3.988110e-01 2.682798e+00
-3.460800e-02 -6.367650e-01 2.716294e+00
-3.392770e-01 -5.851600e-01 2.653133e+00
-7.848500e-02 -1.039399e+00 2.815538e+00
-3.336270e-01 -1.002065e+00 2.646229e+00
2.184800e-02 -1.085237e+00 2.673931e+00
-5.054390e-01 -1.003533e+00 2.594278e+00
-1.418190e-01 4.743870e-01 2.504667e+00
-3.132600e-01 2.402410e-01 2.701966e+00
7.243500e-02 2.085770e-01 2.729904e+00
-1.074600e-01 2.754090e-01 2.594927e+00
-1.418930e-01 9.703700e-02 2.868118e+00
-2.876750e-01 -1.379820e-01 2.729977e+00
-4.248000e-03 -1.656390e-01 2.746217e+00
-1.606380e-01 -1.843080e-01 2.938912e+00
-3.910010e-01 -3.489000e-03 2.687097e+00
1.032970e-01 -4.658400e-02 2.718799e+00
-2.940880e-01 -2.512210e-01 2.601198e+00
7.876000e-03 -3.078680e-01 2.681665e+00
-2.861830e-01 -3.250920e-01 2.609150e+00
-9.929000e-03 -3.803410e-01 2.678011e+00
-2.525000e-02 -6.256580e-01 2.734967e+00
-3.349430e-01 -5.980440e-01 2.655218e+00
-8.296500e-02 -1.031592e+00 2.810961e+00
-3.209750e-01 -1.013556e+00 2.687529e+00
8.613600e-02 -1.065011e+00 2.760878e+00
-4.728610e-01 -1.026037e+00 2.592687e+00
-1.145280e-01 5.419570e-01 2.573025e+00
-3.159570e-01 2.390410e-01 2.682356e+00
7.110100e-02 2.299910e-01 2.707825e+00
-1.133100e-01 2.625080e-01 2.566463e+00
-1.361330e-01 1.370290e-01 2.868737e+00
-2.807100e-01 -1.370890e-01 2.737297e+00
3.030000e-03 -1.623350e-01 2.751908e+00
-1.511990e-01 -1.714690e-01 2.947018e+00
-3.685030e-01 -1.302000e-02 2.697260e+00
1.137330e-01 -2.416500e-02 2.730720e+00
-2.986520e-01 -2.706020e-01 2.608241e+00
2.772100e-02 -2.918410e-01 2.706190e+00
-3.000530e-01 -3.428540e-01 2.627223e+00
1.267200e-02 -3.631400e-01 2.689677e+00
-2.251500e-02 -6.264810e-01 2.742872e+00
-3.212410e-01 -6.011430e-01 2.674031e+00
-8.454800e-02 -1.034291e+00 2.803965e+00
-3.091860e-01 -1.012642e+00 2.740461e+00
8.078500e-02 -1.068566e+00 2.743051e+00
-4.552710e-01 -1.033422e+00 2.638247e+00
-1.124150e-01 5.447640e-01 2.628536e+00
-3.105330e-01 2.402210e-01 2.705566e+00
7.592100e-02 2.286570e-01 2.738180e+00
-1.055770e-01 2.681050e-01 2.594826e+00
-1.346980e-01 1.293560e-01 2.890693e+00
-2.743300e-01 -1.477490e-01 2.745296e+00
8.603000e-03 -1.635510e-01 2.777832e+00
-1.560520e-01 -1.536450e-01 2.964188e+00
-3.273910e-01 -1.802500e-02 2.669989e+00
1.069420e-01 -2.958700e-02 2.708215e+00
-2.921420e-01 -2.972060e-01 2.625072e+00
4.372100e-02 -3.081060e-01 2.708714e+00
-2.990300e-01 -3.698390e-01 2.641185e+00
2.133700e-02 -3.792800e-01 2.704747e+00
-2.055200e-02 -6.347420e-01 2.739702e+00
-2.996080e-01 -6.141740e-01 2.712265e+00
-8.676400e-02 -1.040910e+00 2.807027e+00
-2.854020e-01 -1.010885e+00 2.839965e+00
6.185200e-02 -1.080480e+00 2.714465e+00
-4.176050e-01 -1.052353e+00 2.725847e+00
-1.071400e-01 5.357590e-01 2.657241e+00
-3.172210e-01 2.370710e-01 2.712610e+00
6.622200e-02 2.181440e-01 2.768795e+00
-1.053370e-01 2.700940e-01 2.617414e+00
-1.546070e-01 1.109860e-01 2.900067e+00
-2.739100e-01 -1.556310e-01 2.743284e+00
8.205000e-03 -1.669070e-01 2.783825e+00
-1.616950e-01 -1.571040e-01 2.965419e+00
-3.274590e-01 -2.144000e-02 2.661593e+00
9.270600e-02 -4.123800e-02 2.726278e+00
-2.970690e-01 -3.067200e-01 2.640770e+00
4.346100e-02 -3.234710e-01 2.695254e+00
-3.013520e-01 -3.705950e-01 2.679296e+00
1.913300e-02 -3.938250e-01 2.688846e+00
-1.506200e-02 -6.391080e-01 2.741146e+00
-2.897720e-01 -6.275230e-01 2.735074e+00
-7.926400e-02 -1.044869e+00 2.812737e+00
-2.721030e-01 -1.027238e+00 2.852570e+00
6.918000e-02 -1.084715e+00 2.720019e+00
-4.048060e-01 -1.066689e+00 2.738317e+00
-1.088870e-01 5.279140e-01 2.674368e+00
-3.065540e-01 2.347190e-01 2.717390e+00
6.704500e-02 2.093680e-01 2.819005e+00
-8.473500e-02 2.756410e-01 2.652817e+00
-1.675440e-01 9.133500e-02 2.911293e+00
-2.687900e-01 -1.564450e-01 2.726550e+00
4.529000e-03 -1.658690e-01 2.807589e+00
-1.900990e-01 -1.608350e-01 2.962614e+00
-3.533570e-01 -2.349300e-02 2.680229e+00
7.861900e-02 -4.202400e-02 2.734631e+00
-2.919920e-01 -3.034950e-01 2.642553e+00
4.161500e-02 -3.244350e-01 2.682612e+00
-2.922150e-01 -3.688080e-01 2.678839e+00
1.546000e-02 -3.944240e-01 2.682633e+00
-1.178500e-02 -6.397980e-01 2.749634e+00
-2.804030e-01 -6.333230e-01 2.738690e+00
-7.787000e-02 -1.045242e+00 2.821308e+00
-2.644530e-01 -1.032262e+00 2.859030e+00
7.858600e-02 -1.084650e+00 2.742638e+00
-3.862370e-01 -1.074784e+00 2.734206e+00
-1.143720e-01 5.266570e-01 2.664831e+00
-3.066550e-01 2.661310e-01 2.720635e+00
3.869000e-02 2.303930e-01 2.893849e+00
-7.625400e-02 3.073280e-01 2.704332e+00
-2.100320e-01 1.109250e-01 2.930529e+00
-2.716710e-01 -1.513070e-01 2.683492e+00
-1.831400e-02 -1.601620e-01 2.814226e+00
-2.385540e-01 -1.788080e-01 2.928615e+00
-3.719680e-01 7.400000e-03 2.715984e+00
6.961600e-02 6.842000e-03 2.750850e+00
-3.155680e-01 -2.667250e-01 2.635779e+00
4.546200e-02 -2.777830e-01 2.693033e+00
-3.051410e-01 -3.386960e-01 2.652925e+00
3.866600e-02 -3.511790e-01 2.680809e+00
-1.686800e-02 -6.337160e-01 2.765440e+00
-2.784990e-01 -6.394350e-01 2.731196e+00
-8.090800e-02 -1.043092e+00 2.812335e+00
-2.522010e-01 -1.040032e+00 2.843978e+00
9.462500e-02 -1.073129e+00 2.789836e+00
-3.604110e-01 -1.085381e+00 2.708131e+00
-1.245850e-01 5.435370e-01 2.637283e+00
-3.173940e-01 2.647900e-01 2.740689e+00
3.414600e-02 2.450720e-01 2.903707e+00
-9.071200e-02 3.218490e-01 2.720503e+00
-2.051330e-01 1.079310e-01 2.941372e+00
-2.750020e-01 -1.366800e-01 2.688343e+00
-1.729900e-02 -1.489800e-01 2.809986e+00
-2.333180e-01 -1.768440e-01 2.930391e+00
-3.753420e-01 3.943000e-03 2.726913e+00
6.940100e-02 2.848100e-02 2.750224e+00
-3.221490e-01 -2.690140e-01 2.638307e+00
3.624900e-02 -2.543080e-01 2.684931e+00
-3.054660e-01 -3.397740e-01 2.655550e+00
2.629200e-02 -3.269650e-01 2.670632e+00
-1.423400e-02 -6.193490e-01 2.753444e+00
-2.823770e-01 -6.256660e-01 2.730705e+00
-7.561300e-02 -1.027104e+00 2.815548e+00
-2.578640e-01 -1.029162e+00 2.833070e+00
9.979100e-02 -1.057094e+00 2.791999e+00
-3.719240e-01 -1.069715e+00 2.700533e+00
-1.368900e-01 5.343290e-01 2.639534e+00
-3.241030e-01 2.343610e-01 2.788611e+00
6.186700e-02 2.342770e-01 2.748975e+00
-1.437530e-01 2.800330e-01 2.645657e+00
-1.149150e-01 1.134610e-01 2.926831e+00
-2.643300e-01 -1.207870e-01 2.777611e+00
1.866900e-02 -1.431330e-01 2.749828e+00
-1.058020e-01 -1.655250e-01 2.964173e+00
-3.627280e-01 -2.251600e-02 2.722148e+00
1.111930e-01 -2.854800e-02 2.726969e+00
-3.112720e-01 -2.996010e-01 2.643882e+00
2.502000e-03 -2.925390e-01 2.662443e+00
-2.858330e-01 -3.680270e-01 2.659800e+00
-1.712700e-02 -3.645470e-01 2.665926e+00
-1.994200e-02 -6.155870e-01 2.739897e+00
-2.841240e-01 -6.044330e-01 2.741251e+00
-7.660500e-02 -1.022178e+00 2.813128e+00
-2.658180e-01 -1.010752e+00 2.833224e+00
7.471600e-02 -1.059318e+00 2.724005e+00
-4.215900e-01 -1.037061e+00 2.747999e+00
-1.376690e-01 5.490230e-01 2.665206e+00
-3.273220e-01 2.064980e-01 2.789865e+00
5.809600e-02 2.263410e-01 2.749820e+00
-1.497890e-01 2.680040e-01 2.649342e+00
-1.122870e-01 8.818100e-02 2.921175e+00
-2.774210e-01 -1.587860e-01 2.791115e+00
6.158000e-03 -1.678080e-01 2.761773e+00
-1.150790e-01 -1.759390e-01 2.978968e+00
-3.647110e-01 -5.140400e-02 2.725348e+00
1.060800e-01 -3.702200e-02 2.727816e+00
-3.172020e-01 -3.310920e-01 2.652680e+00
2.435000e-03 -3.019710e-01 2.657749e+00
-3.051190e-01 -4.018450e-01 2.673430e+00
-1.989200e-02 -3.723430e-01 2.669230e+00
-1.634200e-02 -6.409430e-01 2.733460e+00
-2.900220e-01 -6.313220e-01 2.743821e+00
-8.441900e-02 -1.042931e+00 2.820983e+00
-2.636250e-01 -1.037514e+00 2.834377e+00
5.344400e-02 -1.089190e+00 2.715750e+00
-4.143330e-01 -1.067959e+00 2.741746e+00
-1.041240e-01 5.324550e-01 2.654189e+00
-3.306960e-01 2.016330e-01 2.797359e+00
5.501100e-02 2.282290e-01 2.764701e+00
-1.518680e-01 2.752710e-01 2.664522e+00
-1.162660e-01 7.591300e-02 2.922640e+00
-2.818830e-01 -1.622940e-01 2.790392e+00
2.101000e-03 -1.689550e-01 2.764548e+00
-1.217120e-01 -1.774570e-01 2.980270e+00
-3.661250e-01 -5.358000e-02 2.726786e+00
1.003480e-01 -3.218500e-02 2.725244e+00
-3.102520e-01 -3.322720e-01 2.662494e+00
3.751000e-03 -2.990230e-01 2.658455e+00
-2.852490e-01 -4.025400e-01 2.666958e+00
-1.508000e-02 -3.701720e-01 2.671332e+00
-2.019500e-02 -6.445020e-01 2.737826e+00
-2.895380e-01 -6.359440e-01 2.751538e+00
-8.932700e-02 -1.047699e+00 2.818707e+00
-2.607890e-01 -1.042302e+00 2.840621e+00
4.922300e-02 -1.092509e+00 2.713749e+00
-4.120840e-01 -1.073078e+00 2.749062e+00
-8.960600e-02 5.279290e-01 2.652210e+00
