-3.914290e-01 3.769060e-01 2.745482e+00
-1.737665e-01 3.766960e-01 2.674320e+00
4.389600e-02 3.764860e-01 2.603158e+00
-7.949600e-02 4.169845e-01 2.594084e+00
-2.028880e-01 4.574830e-01 2.585010e+00
-1.762325e-01 3.424350e-01 2.666880e+00
-1.495770e-01 2.273870e-01 2.748749e+00
-2.558990e-01 1.195715e-01 2.717722e+00
-3.622210e-01 1.175600e-02 2.686696e+00
-1.682940e-01 1.254350e-02 2.616614e+00
2.563300e-02 1.333100e-02 2.546533e+00
-4.621300e-02 1.104550e-02 2.651058e+00
-1.180590e-01 8.760000e-03 2.755582e+00
-2.729575e-01 5.934000e-02 2.706425e+00
-4.278560e-01 1.099200e-01 2.657268e+00
-1.661050e-01 1.088410e-01 2.667292e+00
9.564600e-02 1.077620e-01 2.677315e+00
-1.435835e-01 -4.288800e-02 2.635968e+00
-3.828130e-01 -1.935380e-01 2.594621e+00
-1.354445e-01 -1.980980e-01 2.617159e+00
1.119240e-01 -2.026580e-01 2.639697e+00
-1.127945e-01 -2.348460e-01 2.604904e+00
-3.375130e-01 -2.670340e-01 2.570112e+00
-1.460435e-01 -2.649180e-01 2.606844e+00
4.542600e-02 -2.628020e-01 2.643575e+00
-1.075210e-01 -4.371760e-01 2.657192e+00
-2.604680e-01 -6.115500e-01 2.670809e+00
-1.408905e-01 -6.056070e-01 2.673363e+00
-2.131300e-02 -5.996640e-01 2.675916e+00
-1.502685e-01 -8.509650e-01 2.711620e+00
-2.792240e-01 -1.102266e+00 2.747324e+00
-1.468455e-01 -1.096966e+00 2.746611e+00
-1.446700e-02 -1.091665e+00 2.745897e+00
-1.848680e-01 -1.111868e+00 2.641718e+00
-3.552690e-01 -1.132070e+00 2.537538e+00
-2.216825e-01 -1.127349e+00 2.536478e+00
-8.809600e-02 -1.122627e+00 2.535418e+00
-1.252065e-01 -2.206815e-01 2.534921e+00
-1.623170e-01 6.812640e-01 2.534424e+00
-2.798235e-01 5.262160e-01 2.633084e+00
-3.973300e-01 3.711680e-01 2.731744e+00
-1.758550e-01 3.678555e-01 2.673617e+00
4.562000e-02 3.645430e-01 2.615490e+00
-7.663000e-02 4.059150e-01 2.598425e+00
-1.988800e-01 4.472870e-01 2.581360e+00
-1.782015e-01 3.334895e-01 2.666634e+00
-1.575230e-01 2.196920e-01 2.751909e+00
-2.627390e-01 1.135540e-01 2.714323e+00
-3.679550e-01 7.416000e-03 2.676738e+00
-1.709365e-01 6.573500e-03 2.615888e+00
2.608200e-02 5.731000e-03 2.555037e+00
-5.063850e-02 3.710000e-03 2.656044e+00
-1.273590e-01 1.689000e-03 2.757051e+00
-2.802385e-01 5.121900e-02 2.705809e+00
-4.331180e-01 1.007490e-01 2.654568e+00
-1.737870e-01 9.669550e-02 2.669811e+00
8.554400e-02 9.264200e-02 2.685054e+00
-1.516215e-01 -5.475600e-02 2.637055e+00
-3.887870e-01 -2.021540e-01 2.589057e+00
-1.482875e-01 -2.110860e-01 2.629871e+00
9.221200e-02 -2.200180e-01 2.670685e+00
-1.229250e-01 -2.440285e-01 2.612984e+00
-3.380620e-01 -2.680390e-01 2.555284e+00
-1.568830e-01 -2.728830e-01 2.607702e+00
2.429600e-02 -2.777270e-01 2.660121e+00
-1.187930e-01 -4.473530e-01 2.663485e+00
-2.618820e-01 -6.169790e-01 2.666849e+00
-1.417620e-01 -6.113930e-01 2.672875e+00
-2.164200e-02 -6.058070e-01 2.678901e+00
-1.524815e-01 -8.558710e-01 2.716094e+00
-2.833210e-01 -1.105935e+00 2.753287e+00
-1.483805e-01 -1.102206e+00 2.748566e+00
-1.344000e-02 -1.098477e+00 2.743845e+00
-1.810655e-01 -1.119566e+00 2.642262e+00
-3.486910e-01 -1.140654e+00 2.540678e+00
-2.131615e-01 -1.134191e+00 2.535367e+00
-7.763200e-02 -1.127727e+00 2.530057e+00
-1.137230e-01 -2.286760e-01 2.530732e+00
-1.498140e-01 6.703750e-01 2.531407e+00
-2.745970e-01 5.216895e-01 2.625092e+00
-3.993800e-01 3.730040e-01 2.718777e+00
-1.756405e-01 3.661905e-01 2.670453e+00
4.809900e-02 3.593770e-01 2.622129e+00
-7.278750e-02 4.018190e-01 2.599040e+00
-1.936740e-01 4.442610e-01 2.575951e+00
-1.780935e-01 3.317370e-01 2.663956e+00
-1.625130e-01 2.192130e-01 2.751961e+00
-2.662285e-01 1.143040e-01 2.707089e+00
-3.699440e-01 9.395000e-03 2.662216e+00
-1.699590e-01 4.985500e-03 2.612153e+00
3.002600e-02 5.760000e-04 2.562091e+00
-5.206500e-02 8.550000e-04 2.658804e+00
-1.341560e-01 1.134000e-03 2.755517e+00
-2.837115e-01 4.934550e-02 2.709112e+00
-4.332670e-01 9.755700e-02 2.662708e+00
-1.744595e-01 9.246400e-02 2.677283e+00
8.434800e-02 8.737100e-02 2.691857e+00
-1.616620e-01 -5.980500e-02 2.644251e+00
-4.076720e-01 -2.069810e-01 2.596644e+00
-1.603175e-01 -2.160390e-01 2.638783e+00
8.703700e-02 -2.250970e-01 2.680923e+00
-1.254270e-01 -2.392475e-01 2.622733e+00
-3.378910e-01 -2.533980e-01 2.564544e+00
-1.555815e-01 -2.669565e-01 2.604389e+00
2.672800e-02 -2.805150e-01 2.644235e+00
-1.177440e-01 -4.485280e-01 2.657490e+00
-2.622160e-01 -6.165410e-01 2.670745e+00
-1.396400e-01 -6.119620e-01 2.677621e+00
-1.706400e-02 -6.073830e-01 2.684497e+00
-1.491740e-01 -8.573055e-01 2.715934e+00
-2.812840e-01 -1.107228e+00 2.747370e+00
-1.480605e-01 -1.103900e+00 2.746625e+00
-1.483700e-02 -1.100572e+00 2.745880e+00
-1.753175e-01 -1.119715e+00 2.638564e+00
-3.357980e-01 -1.138859e+00 2.531247e+00
-2.016150e-01 -1.133351e+00 2.529969e+00
-6.743200e-02 -1.127842e+00 2.528691e+00
-1.030245e-01 -2.248325e-01 2.543359e+00
-1.386170e-01 6.781770e-01 2.558026e+00
-2.671625e-01 5.253000e-01 2.640029e+00
-3.957080e-01 3.724230e-01 2.722032e+00
-1.712525e-01 3.653745e-01 2.677186e+00
5.320300e-02 3.583260e-01 2.632339e+00
-6.682150e-02 4.031490e-01 2.609250e+00
-1.868460e-01 4.479720e-01 2.586161e+00
-1.739505e-01 3.312925e-01 2.669040e+00
-1.610550e-01 2.146130e-01 2.751918e+00
-2.673865e-01 1.104645e-01 2.706291e+00
-3.737180e-01 6.316000e-03 2.660665e+00
-1.728605e-01 4.233000e-03 2.614063e+00
2.799700e-02 2.150000e-03 2.567461e+00
-5.574900e-02 1.494500e-03 2.662743e+00
-1.394950e-01 8.390000e-04 2.758025e+00
-2.881045e-01 5.068750e-02 2.707130e+00
-4.367140e-01 1.005360e-01 2.656236e+00
-1.739655e-01 9.315850e-02 2.677403e+00
8.878300e-02 8.578100e-02 2.698570e+00
-1.587745e-01 -5.840550e-02 2.643222e+00
-4.063320e-01 -2.025920e-01 2.587874e+00
-1.580760e-01 -2.138125e-01 2.628427e+00
9.018000e-02 -2.250330e-01 2.668981e+00
-1.417430e-01 -2.411020e-01 2.596771e+00
-3.736660e-01 -2.571710e-01 2.524561e+00
-1.725485e-01 -2.731010e-01 2.590394e+00
2.856900e-02 -2.890310e-01 2.656226e+00
-1.154060e-01 -4.534990e-01 2.665998e+00
-2.593810e-01 -6.179670e-01 2.675771e+00
-1.389840e-01 -6.130960e-01 2.679187e+00
-1.858700e-02 -6.082250e-01 2.682602e+00
-1.512380e-01 -8.578705e-01 2.720265e+00
-2.838890e-01 -1.107516e+00 2.757928e+00
-1.480660e-01 -1.104000e+00 2.754361e+00
-1.224300e-02 -1.100484e+00 2.750795e+00
-1.730525e-01 -1.120947e+00 2.645924e+00
-3.338620e-01 -1.141411e+00 2.541052e+00
-1.971165e-01 -1.136340e+00 2.537046e+00
-6.037100e-02 -1.131270e+00 2.533040e+00
-1.017135e-01 -2.333590e-01 2.533902e+00
-1.430560e-01 6.645520e-01 2.534765e+00
-2.693055e-01 5.205195e-01 2.624358e+00
-3.955550e-01 3.764870e-01 2.713951e+00
-1.700290e-01 3.632470e-01 2.676486e+00
5.549700e-02 3.500070e-01 2.639020e+00
-6.269950e-02 3.967500e-01 2.610866e+00
-1.808960e-01 4.434930e-01 2.582712e+00
-1.732450e-01 3.290100e-01 2.669224e+00
-1.655940e-01 2.145270e-01 2.755737e+00
-2.701570e-01 1.062640e-01 2.703800e+00
-3.747200e-01 -1.999000e-03 2.651863e+00
-1.725865e-01 -2.830000e-04 2.611134e+00
2.954700e-02 1.433000e-03 2.570404e+00
-5.691950e-02 3.735000e-04 2.663220e+00
-1.433860e-01 -6.860000e-04 2.756037e+00
-2.900340e-01 5.108800e-02 2.709707e+00
-4.366820e-01 1.028620e-01 2.663378e+00
-1.715635e-01 9.032350e-02 2.681058e+00
9.355500e-02 7.778500e-02 2.698738e+00
-1.589915e-01 -6.016450e-02 2.644752e+00
-4.115380e-01 -1.981140e-01 2.590766e+00
-1.580825e-01 -2.146570e-01 2.628814e+00
9.537300e-02 -2.312000e-01 2.666862e+00
-1.532725e-01 -2.465980e-01 2.597666e+00
-4.019180e-01 -2.619960e-01 2.528470e+00
-1.884305e-01 -2.733735e-01 2.589883e+00
2.505700e-02 -2.847510e-01 2.651296e+00
-1.196855e-01 -4.541400e-01 2.662985e+00
-2.644280e-01 -6.235290e-01 2.674674e+00
-1.405650e-01 -6.171620e-01 2.681132e+00
-1.670200e-02 -6.107950e-01 2.687589e+00
-1.471865e-01 -8.617035e-01 2.724809e+00
-2.776710e-01 -1.112612e+00 2.762029e+00
-1.480205e-01 -1.108129e+00 2.756834e+00
-1.837000e-02 -1.103647e+00 2.751639e+00
-1.701970e-01 -1.126952e+00 2.648095e+00
-3.220240e-01 -1.150256e+00 2.544550e+00
-1.904035e-01 -1.141155e+00 2.538275e+00
-5.878300e-02 -1.132054e+00 2.532000e+00
-8.919750e-02 -2.338770e-01 2.544560e+00
-1.196120e-01 6.643000e-01 2.557119e+00
-2.563060e-01 5.272500e-01 2.643197e+00
-3.930000e-01 3.902000e-01 2.729275e+00
-1.683775e-01 3.753855e-01 2.687248e+00
5.624500e-02 3.605710e-01 2.645221e+00
-6.146850e-02 4.111560e-01 2.622141e+00
-1.791820e-01 4.617410e-01 2.599061e+00
-1.723560e-01 3.417555e-01 2.677841e+00
-1.655300e-01 2.217700e-01 2.756620e+00
-2.707905e-01 1.129095e-01 2.703321e+00
-3.760510e-01 4.049000e-03 2.650021e+00
-1.727705e-01 3.703500e-03 2.615429e+00
3.051000e-02 3.358000e-03 2.580836e+00
-5.873100e-02 3.913500e-03 2.670993e+00
-1.479720e-01 4.469000e-03 2.761149e+00
-2.900735e-01 6.255400e-02 2.711037e+00
-4.321750e-01 1.206390e-01 2.660926e+00
-1.664160e-01 1.025490e-01 2.666987e+00
9.934300e-02 8.445900e-02 2.673048e+00
-1.596880e-01 -4.961800e-02 2.637893e+00
-4.187190e-01 -1.836950e-01 2.602738e+00
-1.628355e-01 -2.041610e-01 2.625530e+00
9.304800e-02 -2.246270e-01 2.648323e+00
-1.471120e-01 -2.367945e-01 2.599047e+00
-3.872720e-01 -2.489620e-01 2.549771e+00
-1.786730e-01 -2.679485e-01 2.592197e+00
2.992600e-02 -2.869350e-01 2.634622e+00
-1.163650e-01 -4.529940e-01 2.654651e+00
-2.626560e-01 -6.190530e-01 2.674681e+00
-1.416635e-01 -6.144430e-01 2.679718e+00
-2.067100e-02 -6.098330e-01 2.684755e+00
-1.505095e-01 -8.596075e-01 2.719320e+00
-2.803480e-01 -1.109382e+00 2.753885e+00
-1.481965e-01 -1.105760e+00 2.753315e+00
-1.604500e-02 -1.102138e+00 2.752744e+00
-1.669550e-01 -1.122799e+00 2.643642e+00
-3.178650e-01 -1.143460e+00 2.534539e+00
-1.841770e-01 -1.138176e+00 2.533472e+00
-5.048900e-02 -1.132892e+00 2.532405e+00
-1.052650e-01 -2.195015e-01 2.553069e+00
-1.600410e-01 6.938890e-01 2.573732e+00
-2.766460e-01 5.452300e-01 2.657053e+00
-3.932510e-01 3.965710e-01 2.740375e+00
-1.699215e-01 3.794235e-01 2.692721e+00
5.340800e-02 3.622760e-01 2.645067e+00
-6.382900e-02 4.157805e-01 2.626610e+00
-1.810660e-01 4.692850e-01 2.608154e+00
-1.747270e-01 3.462565e-01 2.682133e+00
-1.683880e-01 2.232280e-01 2.756113e+00
-2.716760e-01 1.173625e-01 2.708750e+00
-3.749640e-01 1.149700e-02 2.661386e+00
-1.737685e-01 1.012050e-02 2.616239e+00
2.742700e-02 8.744000e-03 2.571092e+00
-5.699900e-02 8.160000e-03 2.665772e+00
-1.414250e-01 7.576000e-03 2.760452e+00
-2.886140e-01 6.850850e-02 2.710961e+00
-4.358030e-01 1.294410e-01 2.661471e+00
-1.653480e-01 1.076480e-01 2.662129e+00
1.051070e-01 8.585500e-02 2.662788e+00
-1.564990e-01 -4.555550e-02 2.636495e+00
-4.181050e-01 -1.769660e-01 2.610203e+00
-1.647295e-01 -1.994510e-01 2.615159e+00
8.864600e-02 -2.219360e-01 2.620116e+00
-1.413750e-01 -2.273675e-01 2.588914e+00
-3.713960e-01 -2.327990e-01 2.557712e+00
-1.682595e-01 -2.618880e-01 2.598871e+00
3.487700e-02 -2.909770e-01 2.640029e+00
-1.134265e-01 -4.518020e-01 2.656924e+00
-2.617300e-01 -6.126270e-01 2.673818e+00
-1.403905e-01 -6.074645e-01 2.679257e+00
-1.905100e-02 -6.023020e-01 2.684695e+00
-1.496150e-01 -8.526930e-01 2.718374e+00
-2.801790e-01 -1.103084e+00 2.752053e+00
-1.490505e-01 -1.099042e+00 2.750991e+00
-1.792200e-02 -1.095000e+00 2.749929e+00
-1.734380e-01 -1.115457e+00 2.642335e+00
-3.289540e-01 -1.135913e+00 2.534741e+00
-1.963945e-01 -1.129972e+00 2.533098e+00
-6.383500e-02 -1.124031e+00 2.531456e+00
-1.080115e-01 -2.155195e-01 2.553495e+00
-1.521880e-01 6.929920e-01 2.575533e+00
-2.738555e-01 5.416655e-01 2.660664e+00
-3.955230e-01 3.903390e-01 2.745795e+00
-1.724710e-01 3.760040e-01 2.695962e+00
5.058100e-02 3.616690e-01 2.646128e+00
-6.721150e-02 4.146490e-01 2.629817e+00
-1.850040e-01 4.676290e-01 2.613507e+00
-1.771100e-01 3.430430e-01 2.684678e+00
-1.692160e-01 2.184570e-01 2.755849e+00
-2.721350e-01 1.137490e-01 2.713359e+00
-3.750540e-01 9.041000e-03 2.670869e+00
-1.747900e-01 9.154000e-03 2.621736e+00
2.547400e-02 9.267000e-03 2.572604e+00
-5.704900e-02 8.045500e-03 2.668941e+00
-1.395720e-01 6.824000e-03 2.765278e+00
-2.883145e-01 6.530650e-02 2.714577e+00
-4.370570e-01 1.237890e-01 2.663876e+00
-1.732885e-01 1.032080e-01 2.652321e+00
9.048000e-02 8.262700e-02 2.640765e+00
-1.608220e-01 -4.913400e-02 2.622813e+00
-4.121240e-01 -1.808950e-01 2.604862e+00
-1.558820e-01 -1.921555e-01 2.561540e+00
1.003600e-01 -2.034160e-01 2.518218e+00
-1.330270e-01 -2.240790e-01 2.539811e+00
-3.664140e-01 -2.447420e-01 2.561405e+00
-1.663345e-01 -2.540565e-01 2.542169e+00
3.374500e-02 -2.633710e-01 2.522933e+00
-1.126405e-01 -4.389950e-01 2.598815e+00
-2.590260e-01 -6.146190e-01 2.674697e+00
-1.394350e-01 -6.086425e-01 2.681902e+00
-1.984400e-02 -6.026660e-01 2.689106e+00
-1.494555e-01 -8.534250e-01 2.723534e+00
-2.790670e-01 -1.104184e+00 2.757961e+00
-1.449735e-01 -1.100278e+00 2.751744e+00
-1.088000e-02 -1.096372e+00 2.745527e+00
-1.711655e-01 -1.117590e+00 2.643649e+00
-3.314510e-01 -1.138809e+00 2.541770e+00
-1.968740e-01 -1.130494e+00 2.534823e+00
-6.229700e-02 -1.122178e+00 2.527877e+00
-1.029630e-01 -2.164835e-01 2.550548e+00
-1.436290e-01 6.892110e-01 2.573219e+00
-2.719635e-01 5.370395e-01 2.649161e+00
-4.002980e-01 3.848680e-01 2.725104e+00
-1.749625e-01 3.706560e-01 2.686856e+00
5.037300e-02 3.564440e-01 2.648608e+00
-6.693050e-02 4.073320e-01 2.624150e+00
-1.842340e-01 4.582200e-01 2.599693e+00
-1.787620e-01 3.371590e-01 2.676917e+00
-1.732900e-01 2.160980e-01 2.754141e+00
-2.713090e-01 1.158190e-01 2.708079e+00
-3.693280e-01 1.554000e-02 2.662017e+00
-1.676290e-01 1.445500e-02 2.619168e+00
3.407000e-02 1.337000e-02 2.576319e+00
-5.143600e-02 1.199500e-02 2.670017e+00
-1.369420e-01 1.062000e-02 2.763714e+00
-2.834095e-01 6.109250e-02 2.712258e+00
-4.298770e-01 1.115650e-01 2.660802e+00
-1.707560e-01 9.476900e-02 2.641340e+00
8.836500e-02 7.797300e-02 2.621878e+00
-1.618030e-01 -5.850050e-02 2.614337e+00
-4.119710e-01 -1.949740e-01 2.606797e+00
-1.490660e-01 -1.688090e-01 2.504927e+00
1.138390e-01 -1.426440e-01 2.403057e+00
-1.156425e-01 -1.918725e-01 2.485834e+00
-3.451240e-01 -2.411010e-01 2.568610e+00
-1.456605e-01 -2.247485e-01 2.480203e+00
5.380300e-02 -2.083960e-01 2.391796e+00
-1.023645e-01 -4.086785e-01 2.528654e+00
-2.585320e-01 -6.089610e-01 2.665512e+00
-1.387540e-01 -6.038775e-01 2.676511e+00
-1.897600e-02 -5.987940e-01 2.687510e+00
-1.467290e-01 -8.477185e-01 2.723737e+00
-2.744820e-01 -1.096643e+00 2.759964e+00
-1.435280e-01 -1.094483e+00 2.752879e+00
-1.257400e-02 -1.092323e+00 2.745794e+00
-1.665410e-01 -1.114708e+00 2.644566e+00
-3.205080e-01 -1.137093e+00 2.543339e+00
-1.889470e-01 -1.127932e+00 2.535052e+00
-5.738600e-02 -1.118771e+00 2.526765e+00
-9.422550e-02 -2.179275e-01 2.548974e+00
-1.310650e-01 6.829160e-01 2.571183e+00
-2.654405e-01 5.394095e-01 2.652718e+00
-3.998160e-01 3.959030e-01 2.734254e+00
5.060400e-02 3.657090e-01 2.656963e+00
-1.832200e-01 4.703610e-01 2.610422e+00
-1.741130e-01 2.247780e-01 2.759430e+00
-3.679770e-01 2.262600e-02 2.653047e+00
3.918200e-02 1.624300e-02 2.587775e+00
-1.411020e-01 1.384200e-02 2.766274e+00
-4.277300e-01 1.255100e-01 2.660731e+00
9.902800e-02 9.213600e-02 2.611022e+00
-4.095600e-01 -1.805250e-01 2.608577e+00
1.243290e-01 -2.710000e-03 2.315943e+00
-3.606650e-01 -2.374560e-01 2.559357e+00
7.104600e-02 -6.205200e-02 2.274786e+00
-2.564670e-01 -6.026260e-01 2.670565e+00
-1.697700e-02 -5.951000e-01 2.688966e+00
-2.787810e-01 -1.091476e+00 2.757376e+00
-9.882000e-03 -1.086979e+00 2.759767e+00
-3.139700e-01 -1.128797e+00 2.538173e+00
-4.322900e-02 -1.119170e+00 2.539465e+00
-1.491600e-01 6.925190e-01 2.566155e+00
-3.711290e-01 4.072210e-01 2.678441e+00
8.230000e-02 3.437410e-01 2.666743e+00
-1.368760e-01 4.478110e-01 2.572280e+00
-1.618520e-01 2.342680e-01 2.762995e+00
-3.649540e-01 1.242100e-02 2.621751e+00
4.728700e-02 2.555000e-03 2.615519e+00
-1.566530e-01 5.256000e-03 2.766419e+00
-4.151200e-01 1.306980e-01 2.662424e+00
8.016400e-02 8.067300e-02 2.569542e+00
-4.125790e-01 -1.724280e-01 2.598901e+00
1.402010e-01 1.845040e-01 2.283988e+00
-3.578580e-01 -2.378330e-01 2.570935e+00
1.151260e-01 1.953700e-01 2.198503e+00
-2.584170e-01 -6.123690e-01 2.674764e+00
-1.758800e-02 -6.100960e-01 2.690609e+00
-2.716120e-01 -1.102842e+00 2.753950e+00
-1.474800e-02 -1.103111e+00 2.753356e+00
-2.760300e-01 -1.138601e+00 2.531727e+00
-1.585100e-02 -1.131540e+00 2.530036e+00
-1.601570e-01 6.851480e-01 2.562581e+00
-3.582520e-01 3.896040e-01 2.634930e+00
9.334000e-02 3.628160e-01 2.706420e+00
-1.122410e-01 4.419270e-01 2.567604e+00
-1.558990e-01 2.405180e-01 2.767918e+00
-3.574330e-01 1.636200e-02 2.592640e+00
5.214900e-02 2.517000e-03 2.638788e+00
-1.691440e-01 1.085800e-02 2.762601e+00
-4.182470e-01 1.170900e-01 2.670812e+00
1.276550e-01 1.712340e-01 2.503271e+00
-4.086980e-01 -1.838790e-01 2.594290e+00
1.743180e-01 3.501670e-01 2.253602e+00
-3.675250e-01 -2.510550e-01 2.551318e+00
1.175610e-01 3.797700e-01 2.190700e+00
-2.610330e-01 -6.080080e-01 2.674503e+00
-1.742500e-02 -6.108320e-01 2.687549e+00
-2.710590e-01 -1.097777e+00 2.758377e+00
-1.633300e-02 -1.103853e+00 2.750295e+00
-2.478810e-01 -1.136036e+00 2.537740e+00
1.190800e-02 -1.131989e+00 2.528727e+00
-1.950350e-01 6.714440e-01 2.558246e+00
-3.473580e-01 4.000820e-01 2.630721e+00
1.030710e-01 3.574220e-01 2.701841e+00
-9.976100e-02 4.485570e-01 2.566395e+00
-1.496790e-01 2.394310e-01 2.757108e+00
-3.530560e-01 8.375000e-03 2.581362e+00
5.393600e-02 3.265000e-03 2.647771e+00
-1.733240e-01 8.763000e-03 2.760432e+00
-4.159930e-01 1.293140e-01 2.669260e+00
1.658790e-01 2.334080e-01 2.456510e+00
-4.080280e-01 -1.721570e-01 2.591666e+00
1.565480e-01 4.884000e-01 2.278013e+00
-3.719590e-01 -2.493630e-01 2.563511e+00
1.020120e-01 5.412150e-01 2.230151e+00
-2.632530e-01 -6.114710e-01 2.681253e+00
-2.329400e-02 -6.147100e-01 2.684391e+00
-2.742070e-01 -1.102318e+00 2.758444e+00
-6.857000e-03 -1.107423e+00 2.747416e+00
-2.392690e-01 -1.137628e+00 2.538868e+00
3.092600e-02 -1.134341e+00 2.527122e+00
-1.817510e-01 6.814300e-01 2.560591e+00
-3.405350e-01 3.966350e-01 2.625588e+00
1.110880e-01 3.499130e-01 2.674387e+00
-9.598600e-02 4.416770e-01 2.548394e+00
-1.384540e-01 2.351850e-01 2.743726e+00
-3.479040e-01 1.580800e-02 2.592186e+00
6.236700e-02 -5.946000e-03 2.628016e+00
-1.552690e-01 1.152400e-02 2.757241e+00
-4.106100e-01 1.253200e-01 2.670938e+00
1.751600e-01 3.583020e-01 2.397976e+00
-3.967040e-01 -1.797850e-01 2.600313e+00
1.274300e-01 6.575230e-01 2.317607e+00
-3.840230e-01 -2.555570e-01 2.553921e+00
5.777100e-02 7.070160e-01 2.345040e+00
-2.662920e-01 -6.094530e-01 2.677927e+00
-2.408700e-02 -6.174890e-01 2.688352e+00
-2.643730e-01 -1.100359e+00 2.755488e+00
-1.604900e-02 -1.111109e+00 2.745659e+00
-2.483350e-01 -1.135342e+00 2.533677e+00
3.428000e-03 -1.136660e+00 2.522839e+00
-1.777160e-01 6.832260e-01 2.543120e+00
-3.453760e-01 3.947570e-01 2.633329e+00
1.014680e-01 3.426990e-01 2.629486e+00
-1.112540e-01 4.332700e-01 2.526112e+00
-1.327470e-01 2.336030e-01 2.731704e+00
-3.445720e-01 1.734500e-02 2.609403e+00
6.641800e-02 -1.667100e-02 2.606416e+00
-1.372710e-01 9.202000e-03 2.755450e+00
-4.091140e-01 1.200510e-01 2.674338e+00
1.682550e-01 4.392760e-01 2.369833e+00
-3.967100e-01 -1.862910e-01 2.603359e+00
7.732500e-02 7.398900e-01 2.389837e+00
-3.984620e-01 -2.631220e-01 2.557011e+00
5.692000e-02 8.204260e-01 2.355899e+00
-2.642650e-01 -6.119100e-01 2.680956e+00
-1.898700e-02 -6.221870e-01 2.692075e+00
-2.774650e-01 -1.103335e+00 2.754004e+00
-1.881900e-02 -1.116490e+00 2.743777e+00
-2.817510e-01 -1.136316e+00 2.531349e+00
-2.160100e-02 -1.139909e+00 2.519890e+00
-1.659300e-01 6.858270e-01 2.548913e+00
-3.670720e-01 4.062000e-01 2.676405e+00
6.331600e-02 3.531430e-01 2.574430e+00
-1.630830e-01 4.416360e-01 2.518530e+00
-1.375120e-01 2.465090e-01 2.727978e+00
-3.453220e-01 2.595300e-02 2.657569e+00
5.382300e-02 -1.174000e-02 2.560916e+00
-1.104120e-01 1.364300e-02 2.752625e+00
-4.047750e-01 1.228410e-01 2.668448e+00
1.658170e-01 4.927070e-01 2.346851e+00
-3.989490e-01 -1.893290e-01 2.621041e+00
4.768200e-02 7.761690e-01 2.420510e+00
-3.503590e-01 -2.584800e-01 2.590847e+00
1.068600e-02 8.519590e-01 2.451194e+00
-2.633600e-01 -6.069420e-01 2.677996e+00
-2.048800e-02 -6.132300e-01 2.690364e+00
-2.754380e-01 -1.098453e+00 2.750659e+00
-1.799200e-02 -1.107220e+00 2.744920e+00
-3.285250e-01 -1.129171e+00 2.534050e+00
-7.345700e-02 -1.131448e+00 2.528085e+00
-1.640880e-01 6.775580e-01 2.506433e+00
-3.612030e-01 4.021940e-01 2.684464e+00
6.082300e-02 3.642300e-01 2.537044e+00
-1.770270e-01 4.415160e-01 2.504673e+00
-1.204000e-01 2.540790e-01 2.715048e+00
-3.460210e-01 2.851000e-02 2.695740e+00
3.153900e-02 -7.756000e-03 2.533838e+00
-9.842300e-02 1.836000e-02 2.750165e+00
-4.059830e-01 1.191320e-01 2.664391e+00
1.468720e-01 4.608020e-01 2.280527e+00
-3.815430e-01 -1.941020e-01 2.620352e+00
3.514000e-02 7.410570e-01 2.378638e+00
-3.935700e-01 -2.822110e-01 2.608245e+00
1.048500e-02 8.110070e-01 2.429169e+00
-2.646470e-01 -6.048340e-01 2.684594e+00
-2.023800e-02 -6.069730e-01 2.690938e+00
-2.780200e-01 -1.096372e+00 2.756842e+00
-1.297200e-02 -1.101003e+00 2.744707e+00
-3.661130e-01 -1.124152e+00 2.551539e+00
-1.041180e-01 -1.124599e+00 2.540216e+00
-1.562230e-01 6.936580e-01 2.526158e+00
-3.360380e-01 4.056170e-01 2.650608e+00
9.963300e-02 3.560080e-01 2.533078e+00
-1.387680e-01 4.378130e-01 2.483755e+00
-1.011410e-01 2.534990e-01 2.701032e+00
-3.475120e-01 3.122900e-02 2.669386e+00
4.910200e-02 -8.535000e-03 2.563577e+00
-1.101000e-01 2.343900e-02 2.758518e+00
-4.076220e-01 1.280670e-01 2.679205e+00
1.032740e-01 3.644820e-01 2.245171e+00
-4.011240e-01 -1.861800e-01 2.630210e+00
4.209700e-02 6.756810e-01 2.269788e+00
-3.452890e-01 -2.532260e-01 2.609194e+00
2.156400e-02 7.467640e-01 2.320583e+00
-2.646410e-01 -6.019450e-01 2.689165e+00
-1.670800e-02 -6.091730e-01 2.693741e+00
-2.777190e-01 -1.095236e+00 2.748341e+00
-1.296000e-02 -1.103752e+00 2.742593e+00
-3.355520e-01 -1.119638e+00 2.532144e+00
-7.336600e-02 -1.125523e+00 2.526819e+00
-1.570700e-01 7.057990e-01 2.503057e+00
-3.223880e-01 4.187920e-01 2.639831e+00
1.143590e-01 3.435130e-01 2.524292e+00
-1.253570e-01 4.293950e-01 2.469954e+00
-9.237800e-02 2.637930e-01 2.702516e+00
-3.451220e-01 3.179600e-02 2.676613e+00
4.708400e-02 -9.506000e-03 2.556000e+00
-1.043020e-01 2.693100e-02 2.756311e+00
-4.051720e-01 1.467130e-01 2.681879e+00
6.887800e-02 2.516810e-01 2.255690e+00
-3.961630e-01 -1.680840e-01 2.641680e+00
2.843000e-02 5.108670e-01 2.076857e+00
-3.655630e-01 -2.487210e-01 2.666492e+00
2.149700e-02 5.978570e-01 2.055903e+00
-2.618700e-01 -6.016480e-01 2.690893e+00
-1.042800e-02 -6.077280e-01 2.698195e+00
-2.759900e-01 -1.095790e+00 2.742206e+00
-1.398700e-02 -1.102928e+00 2.740298e+00
-3.419240e-01 -1.116158e+00 2.527918e+00
-8.233500e-02 -1.120613e+00 2.526530e+00
-1.619740e-01 7.087240e-01 2.488369e+00
-3.630430e-01 4.058330e-01 2.723744e+00
2.724100e-02 3.670190e-01 2.487236e+00
-2.232900e-01 4.353720e-01 2.506055e+00
-1.147640e-01 2.676520e-01 2.712669e+00
-3.373790e-01 3.608300e-02 2.723216e+00
1.317200e-02 -6.972000e-03 2.510285e+00
-8.443500e-02 2.911400e-02 2.741673e+00
-4.004300e-01 1.233770e-01 2.706377e+00
4.960700e-02 1.577570e-01 2.294388e+00
-3.779000e-01 -1.821600e-01 2.632142e+00
8.644000e-03 -1.057700e-01 2.126321e+00
-3.594460e-01 -2.490360e-01 2.689076e+00
-2.190700e-02 -1.794330e-01 2.167489e+00
-2.615770e-01 -5.988490e-01 2.679132e+00
-1.221600e-02 -5.982360e-01 2.702579e+00
-2.759640e-01 -1.091072e+00 2.746353e+00
-1.070800e-02 -1.092485e+00 2.754774e+00
-3.875310e-01 -1.114325e+00 2.552205e+00
-1.303460e-01 -1.112873e+00 2.565163e+00
-1.674360e-01 7.036910e-01 2.479730e+00
-3.641420e-01 3.974590e-01 2.741206e+00
9.331000e-03 3.660190e-01 2.477971e+00
-2.386310e-01 4.355750e-01 2.516293e+00
-1.187160e-01 2.578180e-01 2.707656e+00
-3.363600e-01 1.901200e-02 2.735306e+00
2.361000e-03 -4.360000e-04 2.500851e+00
-8.277600e-02 2.648600e-02 2.738331e+00
-4.012720e-01 1.159550e-01 2.717272e+00
4.840000e-02 9.455600e-02 2.400655e+00
-3.893930e-01 -1.927190e-01 2.657247e+00
2.743600e-02 -1.946540e-01 2.278421e+00
-3.265390e-01 -2.537630e-01 2.637821e+00
-2.126100e-02 -2.585780e-01 2.318380e+00
-2.634990e-01 -6.083340e-01 2.691556e+00
-1.214700e-02 -5.985990e-01 2.700768e+00
-2.713430e-01 -1.102356e+00 2.745307e+00
-1.333700e-02 -1.094113e+00 2.739146e+00
-4.001430e-01 -1.120306e+00 2.561542e+00
-1.416080e-01 -1.108093e+00 2.554668e+00
-1.768590e-01 7.039500e-01 2.470820e+00
-3.559810e-01 4.009510e-01 2.770563e+00
-1.658000e-03 3.834490e-01 2.480886e+00
-2.429580e-01 4.587940e-01 2.543249e+00
-1.204220e-01 2.556040e-01 2.705407e+00
-3.397660e-01 2.968000e-02 2.732945e+00
-5.700000e-03 1.005200e-02 2.491919e+00
-8.627700e-02 4.006400e-02 2.730616e+00
-4.055550e-01 1.256560e-01 2.715359e+00
5.090000e-02 1.037750e-01 2.463209e+00
-3.862490e-01 -1.855370e-01 2.671460e+00
5.864700e-02 -1.950620e-01 2.364328e+00
-3.384270e-01 -2.555850e-01 2.642122e+00
-6.039000e-03 -2.534130e-01 2.385897e+00
-2.673130e-01 -5.968470e-01 2.701914e+00
-2.083000e-02 -5.891270e-01 2.691858e+00
-2.738560e-01 -1.092490e+00 2.738025e+00
-1.330000e-02 -1.084841e+00 2.726769e+00
-4.067280e-01 -1.103950e+00 2.556655e+00
-1.459270e-01 -1.099625e+00 2.545461e+00
-1.690910e-01 6.927010e-01 2.449376e+00
-3.725460e-01 4.043910e-01 2.747771e+00
1.258800e-02 3.908690e-01 2.500278e+00
-2.346410e-01 4.646480e-01 2.535302e+00
-1.303380e-01 2.606120e-01 2.708759e+00
-3.464730e-01 3.062600e-02 2.717082e+00
1.397000e-03 1.429900e-02 2.496177e+00
-9.319800e-02 3.709800e-02 2.730488e+00
-4.126050e-01 1.252090e-01 2.700033e+00
6.200400e-02 1.091560e-01 2.505033e+00
-3.940010e-01 -1.897860e-01 2.685065e+00
7.398900e-02 -1.999190e-01 2.440836e+00
-4.060960e-01 -2.784530e-01 2.678269e+00
3.910000e-03 -2.559280e-01 2.443345e+00
-2.814750e-01 -5.949040e-01 2.690353e+00
-2.967000e-02 -5.889880e-01 2.681480e+00
-2.634710e-01 -1.089292e+00 2.737946e+00
-1.882700e-02 -1.083114e+00 2.733729e+00
-3.878540e-01 -1.111755e+00 2.551652e+00
-1.395940e-01 -1.105712e+00 2.545087e+00
-1.682960e-01 6.974050e-01 2.455529e+00
-3.703850e-01 4.063770e-01 2.755004e+00
1.638200e-02 3.918590e-01 2.510128e+00
-2.286430e-01 4.719720e-01 2.546681e+00
-1.326040e-01 2.567290e-01 2.711131e+00
-3.516820e-01 3.270100e-02 2.703954e+00
6.401000e-03 1.432600e-02 2.500194e+00
-9.931200e-02 3.538500e-02 2.729870e+00
-4.151520e-01 1.300910e-01 2.696326e+00
7.028400e-02 1.115080e-01 2.526833e+00
-3.970850e-01 -1.841940e-01 2.671128e+00
8.056100e-02 -1.938720e-01 2.446997e+00
-4.015310e-01 -2.737730e-01 2.674318e+00
9.257000e-03 -2.412330e-01 2.420033e+00
-2.782450e-01 -5.943360e-01 2.683314e+00
-3.159300e-02 -5.886260e-01 2.679643e+00
-2.748460e-01 -1.087400e+00 2.745645e+00
-1.609600e-02 -1.081585e+00 2.740960e+00
-3.882770e-01 -1.112559e+00 2.552819e+00
-1.277800e-01 -1.109167e+00 2.547447e+00
-1.645030e-01 7.008500e-01 2.463117e+00
-3.707990e-01 3.998210e-01 2.749578e+00
2.627200e-02 3.832270e-01 2.521932e+00
-2.175730e-01 4.697440e-01 2.551023e+00
-1.360120e-01 2.444360e-01 2.709709e+00
-3.567930e-01 2.777200e-02 2.694651e+00
8.728000e-03 1.580800e-02 2.504046e+00
-1.055810e-01 3.070800e-02 2.730057e+00
-4.181240e-01 1.282670e-01 2.672052e+00
8.354200e-02 1.043790e-01 2.552850e+00
-4.000340e-01 -1.869620e-01 2.654786e+00
5.764800e-02 -1.802580e-01 2.417553e+00
-3.582040e-01 -2.393340e-01 2.595105e+00
4.991300e-02 -2.606990e-01 2.378516e+00
-2.760690e-01 -5.982750e-01 2.670098e+00
-3.212300e-02 -5.900940e-01 2.673759e+00
-2.728920e-01 -1.088746e+00 2.750326e+00
-1.824100e-02 -1.082112e+00 2.742562e+00
-3.783860e-01 -1.121516e+00 2.554167e+00
-1.216270e-01 -1.112666e+00 2.544928e+00
-1.608680e-01 7.040500e-01 2.475329e+00
-3.885150e-01 4.039610e-01 2.719078e+00
4.102700e-02 3.879220e-01 2.560964e+00
-2.026090e-01 4.794220e-01 2.553137e+00
-1.532280e-01 2.444750e-01 2.711120e+00
-3.634270e-01 2.930600e-02 2.667360e+00
2.346700e-02 2.059100e-02 2.524826e+00
-1.188700e-01 2.550700e-02 2.734792e+00
-4.300390e-01 1.281010e-01 2.660998e+00
9.514500e-02 1.101760e-01 2.594491e+00
-4.140110e-01 -1.831130e-01 2.617262e+00
8.034100e-02 -1.311120e-01 2.393035e+00
-3.671760e-01 -2.577250e-01 2.634401e+00
7.621900e-02 -2.008860e-01 2.336742e+00
-2.735660e-01 -5.962540e-01 2.660179e+00
-3.012500e-02 -5.889550e-01 2.664441e+00
-2.780840e-01 -1.085240e+00 2.748953e+00
-1.534100e-02 -1.079431e+00 2.743327e+00
-3.570570e-01 -1.122191e+00 2.541398e+00
-9.190800e-02 -1.115297e+00 2.534683e+00
-1.610210e-01 7.024640e-01 2.489815e+00
-3.929740e-01 3.942270e-01 2.700229e+00
4.814600e-02 3.726480e-01 2.578936e+00
-1.927610e-01 4.672890e-01 2.550668e+00
-1.599280e-01 2.317140e-01 2.711986e+00
-3.676900e-01 2.402000e-02 2.641908e+00
3.251900e-02 1.357500e-02 2.542899e+00
-1.321380e-01 1.683600e-02 2.735894e+00
-4.247440e-01 1.170910e-01 2.650387e+00
9.152100e-02 9.463300e-02 2.612466e+00
-4.153170e-01 -1.898200e-01 2.590011e+00
9.406500e-02 -1.294990e-01 2.394094e+00
-3.607730e-01 -2.554490e-01 2.562222e+00
9.529300e-02 -1.927980e-01 2.330483e+00
-2.684650e-01 -6.019300e-01 2.654381e+00
-2.769800e-02 -5.959670e-01 2.665274e+00
-2.805400e-01 -1.086837e+00 2.762679e+00
-1.667100e-02 -1.085945e+00 2.747789e+00
-3.350780e-01 -1.133151e+00 2.549227e+00
-6.934700e-02 -1.123446e+00 2.532150e+00
-1.557050e-01 7.008730e-01 2.516231e+00
-3.928370e-01 3.844250e-01 2.683362e+00
5.454800e-02 3.644100e-01 2.587389e+00
-1.856340e-01 4.540490e-01 2.541900e+00
-1.587130e-01 2.261540e-01 2.714920e+00
-3.682410e-01 1.372200e-02 2.641635e+00
3.123800e-02 5.318000e-03 2.539534e+00
-1.319420e-01 7.486000e-03 2.733795e+00
-4.347200e-01 1.079150e-01 2.643458e+00
9.618700e-02 8.814500e-02 2.629202e+00
-4.001050e-01 -1.902770e-01 2.558547e+00
9.742300e-02 -1.493790e-01 2.426948e+00
-3.761740e-01 -2.765400e-01 2.564903e+00
9.859700e-02 -2.168570e-01 2.367789e+00
-2.649750e-01 -6.121050e-01 2.648129e+00
-2.431800e-02 -6.035510e-01 2.666968e+00
-2.757540e-01 -1.097889e+00 2.752564e+00
-1.530000e-02 -1.093853e+00 2.747787e+00
-3.314480e-01 -1.142553e+00 2.539059e+00
-6.930600e-02 -1.130365e+00 2.532307e+00
-1.419950e-01 6.839190e-01 2.521765e+00
-4.006460e-01 3.873190e-01 2.699794e+00
4.795900e-02 3.780750e-01 2.607968e+00
-1.923780e-01 4.693770e-01 2.566816e+00
-1.656660e-01 2.286670e-01 2.721548e+00
-3.738070e-01 1.902100e-02 2.623384e+00
3.399700e-02 1.482900e-02 2.562088e+00
-1.479840e-01 1.280000e-02 2.738861e+00
-4.328660e-01 1.205910e-01 2.616096e+00
8.881000e-02 1.029940e-01 2.650965e+00
-4.087490e-01 -1.811450e-01 2.545762e+00
1.168000e-01 -1.757790e-01 2.516519e+00
-3.410000e-01 -2.218640e-01 2.503260e+00
4.863900e-02 -2.187700e-01 2.477018e+00
-2.603580e-01 -6.055290e-01 2.643847e+00
-2.215200e-02 -5.964770e-01 2.667859e+00
-2.783010e-01 -1.090451e+00 2.751259e+00
-1.661600e-02 -1.086524e+00 2.750515e+00
-3.109580e-01 -1.137469e+00 2.533535e+00
-4.695400e-02 -1.123958e+00 2.530607e+00
-1.538510e-01 6.965930e-01 2.537149e+00
-4.031760e-01 3.754050e-01 2.694812e+00
4.676100e-02 3.585330e-01 2.610933e+00
-1.913400e-01 4.533700e-01 2.565048e+00
-1.711630e-01 2.131950e-01 2.721591e+00
-3.788740e-01 8.665000e-03 2.639267e+00
2.404000e-02 5.049000e-03 2.551365e+00
-1.459530e-01 3.016000e-03 2.739695e+00
-4.340270e-01 1.097790e-01 2.608523e+00
1.000400e-01 8.730600e-02 2.661448e+00
-3.979270e-01 -1.915970e-01 2.544034e+00
8.914100e-02 -2.049830e-01 2.557823e+00
-3.372950e-01 -2.299610e-01 2.490123e+00
3.679800e-02 -2.744050e-01 2.580075e+00
-2.618600e-01 -6.161590e-01 2.646254e+00
-2.145100e-02 -6.040280e-01 2.671423e+00
-2.819020e-01 -1.101034e+00 2.753507e+00
-2.244100e-02 -1.095387e+00 2.746084e+00
-3.276370e-01 -1.146838e+00 2.537888e+00
-6.649000e-02 -1.128466e+00 2.527803e+00
-1.493740e-01 6.773530e-01 2.526841e+00
-4.053160e-01 3.784160e-01 2.691582e+00
4.626400e-02 3.619480e-01 2.616961e+00
-1.911520e-01 4.554130e-01 2.565101e+00
-1.733990e-01 2.173220e-01 2.725084e+00
-3.794060e-01 6.928000e-03 2.642214e+00
2.313300e-02 4.326000e-03 2.552578e+00
-1.460540e-01 9.090000e-04 2.741612e+00
-4.375330e-01 1.127740e-01 2.610404e+00
9.760800e-02 9.198100e-02 2.668686e+00
-3.913080e-01 -1.863760e-01 2.549296e+00
9.554500e-02 -2.109900e-01 2.608966e+00
-3.721550e-01 -2.249330e-01 2.470550e+00
3.350200e-02 -2.720260e-01 2.630867e+00
-2.608910e-01 -6.173530e-01 2.651849e+00
-1.840600e-02 -6.046190e-01 2.671549e+00
-2.778170e-01 -1.101481e+00 2.762947e+00
-1.693700e-02 -1.096251e+00 2.744377e+00
-3.244470e-01 -1.149192e+00 2.547934e+00
-6.184600e-02 -1.128708e+00 2.526177e+00
-1.635710e-01 6.800970e-01 2.531656e+00
