-4.079420e-01 2.147300e-01 2.519832e+00
-2.323885e-01 2.238720e-01 2.481135e+00
-5.683500e-02 2.330140e-01 2.442439e+00
-1.559110e-01 2.481075e-01 2.415172e+00
-2.549870e-01 2.632010e-01 2.387905e+00
-2.299450e-01 1.818145e-01 2.482285e+00
-2.049030e-01 1.004280e-01 2.576665e+00
-3.126420e-01 -1.169850e-02 2.538169e+00
-4.203810e-01 -1.238250e-01 2.499673e+00
-2.102330e-01 -1.231310e-01 2.464973e+00
-8.500000e-05 -1.224370e-01 2.430273e+00
-9.547450e-02 -1.132065e-01 2.506464e+00
-1.908640e-01 -1.039760e-01 2.582656e+00
-3.288270e-01 -7.580950e-02 2.546556e+00
-4.667900e-01 -4.764300e-02 2.510456e+00
-2.152110e-01 -3.321750e-02 2.467833e+00
3.636800e-02 -1.879200e-02 2.425210e+00
-2.066265e-01 -1.478810e-01 2.383763e+00
-4.496210e-01 -2.769700e-01 2.342315e+00
-2.374685e-01 -2.687050e-01 2.314917e+00
-2.531600e-02 -2.604400e-01 2.287519e+00
-2.466215e-01 -2.998150e-01 2.326254e+00
-4.679270e-01 -3.391900e-01 2.364989e+00
-2.473675e-01 -3.309560e-01 2.340738e+00
-2.680800e-02 -3.227220e-01 2.316486e+00
-1.814465e-01 -4.740875e-01 2.399368e+00
-3.360850e-01 -6.254530e-01 2.482250e+00
-2.138960e-01 -6.242295e-01 2.498267e+00
-9.170700e-02 -6.230060e-01 2.514285e+00
-2.294480e-01 -8.106855e-01 2.563045e+00
-3.671890e-01 -9.983650e-01 2.611806e+00
-2.508645e-01 -9.977680e-01 2.624246e+00
-1.345400e-01 -9.971710e-01 2.636686e+00
-2.655210e-01 -1.023694e+00 2.546104e+00
-3.965020e-01 -1.050216e+00 2.455522e+00
-2.733720e-01 -1.048766e+00 2.466714e+00
-1.502420e-01 -1.047316e+00 2.477905e+00
-2.015910e-01 -2.658505e-01 2.422245e+00
-2.529400e-01 5.156150e-01 2.366585e+00
-3.283845e-01 3.676350e-01 2.437114e+00
-4.038290e-01 2.196550e-01 2.507643e+00
-2.248745e-01 2.263025e-01 2.489445e+00
-4.592000e-02 2.329500e-01 2.471248e+00
-1.409620e-01 2.508180e-01 2.433365e+00
-2.360040e-01 2.686860e-01 2.395482e+00
-2.232950e-01 1.841885e-01 2.489594e+00
-2.105860e-01 9.969100e-02 2.583706e+00
-3.155915e-01 -1.412000e-02 2.532240e+00
-4.205970e-01 -1.279310e-01 2.480774e+00
-2.080460e-01 -1.202630e-01 2.469371e+00
4.505000e-03 -1.125950e-01 2.457968e+00
-9.892200e-02 -1.068185e-01 2.523229e+00
-2.023490e-01 -1.010420e-01 2.588490e+00
-3.344180e-01 -7.133750e-02 2.539405e+00
-4.664870e-01 -4.163300e-02 2.490321e+00
-2.121675e-01 -3.102400e-02 2.469090e+00
4.215200e-02 -2.041500e-02 2.447859e+00
-1.959430e-01 -1.538575e-01 2.398607e+00
-4.340380e-01 -2.873000e-01 2.349354e+00
-2.318470e-01 -2.671705e-01 2.319927e+00
-2.965600e-02 -2.470410e-01 2.290501e+00
-2.230490e-01 -2.889575e-01 2.294866e+00
-4.164420e-01 -3.308740e-01 2.299232e+00
-2.265250e-01 -3.221185e-01 2.286598e+00
-3.660800e-02 -3.133630e-01 2.273963e+00
-1.831280e-01 -4.695510e-01 2.375299e+00
-3.296480e-01 -6.257390e-01 2.476634e+00
-2.089680e-01 -6.221785e-01 2.496456e+00
-8.828800e-02 -6.186180e-01 2.516278e+00
-2.271020e-01 -8.053580e-01 2.569396e+00
-3.659160e-01 -9.920980e-01 2.622514e+00
-2.502930e-01 -9.928365e-01 2.628709e+00
-1.346700e-01 -9.935750e-01 2.634905e+00
-2.568040e-01 -1.023122e+00 2.551034e+00
-3.789380e-01 -1.052668e+00 2.467163e+00
-2.553090e-01 -1.048510e+00 2.471370e+00
-1.316800e-01 -1.044352e+00 2.475577e+00
-1.860075e-01 -2.636050e-01 2.423728e+00
-2.403350e-01 5.171420e-01 2.371879e+00
-3.214990e-01 3.687905e-01 2.438366e+00
-4.026630e-01 2.204390e-01 2.504853e+00
-2.231480e-01 2.249840e-01 2.492455e+00
-4.363300e-02 2.295290e-01 2.480056e+00
-1.371845e-01 2.484260e-01 2.439087e+00
-2.307360e-01 2.673230e-01 2.398118e+00
-2.220640e-01 1.828550e-01 2.492714e+00
-2.133920e-01 9.838700e-02 2.587311e+00
-3.181850e-01 -1.765100e-02 2.535280e+00
-4.229780e-01 -1.336890e-01 2.483248e+00
-2.107755e-01 -1.197900e-01 2.471258e+00
1.427000e-03 -1.058910e-01 2.459267e+00
-1.018910e-01 -1.038650e-01 2.524924e+00
-2.052090e-01 -1.018390e-01 2.590581e+00
-3.369445e-01 -7.037950e-02 2.530931e+00
-4.686800e-01 -3.892000e-02 2.471280e+00
-2.126545e-01 -3.164400e-02 2.462260e+00
4.337100e-02 -2.436800e-02 2.453239e+00
-1.873120e-01 -1.566065e-01 2.397971e+00
-4.179950e-01 -2.888450e-01 2.342703e+00
-2.282470e-01 -2.655825e-01 2.315270e+00
-3.849900e-02 -2.423200e-01 2.287837e+00
-2.282530e-01 -2.999190e-01 2.314231e+00
-4.180070e-01 -3.575180e-01 2.340626e+00
-2.369045e-01 -3.243820e-01 2.291719e+00
-5.580200e-02 -2.912460e-01 2.242812e+00
-1.920390e-01 -4.595675e-01 2.359437e+00
-3.282760e-01 -6.278890e-01 2.476061e+00
-2.085440e-01 -6.215820e-01 2.497839e+00
-8.881200e-02 -6.152750e-01 2.519618e+00
-2.276215e-01 -8.037160e-01 2.573120e+00
-3.664310e-01 -9.921570e-01 2.626623e+00
-2.517035e-01 -9.912245e-01 2.631982e+00
-1.369760e-01 -9.902920e-01 2.637340e+00
-2.582135e-01 -1.022488e+00 2.554694e+00
-3.794510e-01 -1.054684e+00 2.472048e+00
-2.568780e-01 -1.047686e+00 2.474967e+00
-1.343050e-01 -1.040689e+00 2.477886e+00
-1.830485e-01 -2.627040e-01 2.424822e+00
-2.317920e-01 5.152810e-01 2.371758e+00
-3.179415e-01 3.676920e-01 2.439669e+00
-4.040910e-01 2.201030e-01 2.507579e+00
-4.484200e-02 2.283640e-01 2.485858e+00
-2.311410e-01 2.681380e-01 2.403031e+00
-2.159060e-01 9.606800e-02 2.589561e+00
-4.213670e-01 -1.345730e-01 2.488013e+00
2.650000e-03 -1.034370e-01 2.461418e+00
-2.032700e-01 -1.001400e-01 2.593873e+00
-4.711010e-01 -3.947900e-02 2.474019e+00
4.842200e-02 -2.381700e-02 2.459291e+00
-4.062220e-01 -2.903240e-01 2.352745e+00
-5.105900e-02 -2.269400e-01 2.284120e+00
-4.126980e-01 -3.507380e-01 2.320673e+00
-6.704400e-02 -2.768020e-01 2.239638e+00
-3.315050e-01 -6.269990e-01 2.478899e+00
-8.555800e-02 -6.142330e-01 2.516118e+00
-3.654410e-01 -9.928770e-01 2.626538e+00
-1.393080e-01 -9.883940e-01 2.634147e+00
-3.818160e-01 -1.053854e+00 2.471663e+00
-1.358500e-01 -1.039150e+00 2.474822e+00
-2.286470e-01 5.130320e-01 2.374683e+00
-4.060200e-01 2.206710e-01 2.508807e+00
-4.673200e-02 2.291840e-01 2.487836e+00
-2.328880e-01 2.680240e-01 2.404249e+00
-2.178740e-01 9.756600e-02 2.592271e+00
-4.203730e-01 -1.392090e-01 2.485945e+00
3.887000e-03 -1.091240e-01 2.462155e+00
-2.027760e-01 -1.068380e-01 2.593470e+00
-4.726240e-01 -4.023500e-02 2.480509e+00
3.726200e-02 -2.424400e-02 2.442801e+00
-4.073340e-01 -2.854870e-01 2.347184e+00
-6.879000e-02 -2.215090e-01 2.263841e+00
-3.887240e-01 -3.486100e-01 2.366922e+00
-1.009870e-01 -2.747260e-01 2.234658e+00
-3.316820e-01 -6.322830e-01 2.485028e+00
-8.871600e-02 -6.198340e-01 2.517174e+00
-3.640740e-01 -1.003617e+00 2.618734e+00
-1.348950e-01 -9.949370e-01 2.635414e+00
-3.794710e-01 -1.058846e+00 2.461618e+00
-1.337190e-01 -1.045349e+00 2.475947e+00
-2.258090e-01 5.135580e-01 2.376485e+00
-4.104740e-01 2.204260e-01 2.511208e+00
-5.181900e-02 2.328070e-01 2.482687e+00
-2.401010e-01 2.685420e-01 2.402547e+00
-2.192220e-01 1.004600e-01 2.592141e+00
-4.218690e-01 -1.394770e-01 2.483948e+00
2.321000e-03 -1.071020e-01 2.461988e+00
-2.048860e-01 -1.062900e-01 2.592461e+00
-4.763570e-01 -4.015300e-02 2.482206e+00
3.461400e-02 -1.986700e-02 2.440634e+00
-3.893270e-01 -2.834010e-01 2.358955e+00
-8.703500e-02 -2.065650e-01 2.260969e+00
-4.112780e-01 -3.250880e-01 2.308948e+00
-1.067880e-01 -2.598220e-01 2.222317e+00
-3.323620e-01 -6.319550e-01 2.487159e+00
-9.148000e-02 -6.185940e-01 2.515853e+00
-3.649750e-01 -1.004934e+00 2.616151e+00
-1.246180e-01 -9.969120e-01 2.628073e+00
-3.793630e-01 -1.058272e+00 2.458288e+00
-1.267700e-01 -1.044298e+00 2.467690e+00
-2.305700e-01 5.165280e-01 2.377399e+00
-4.142120e-01 2.186090e-01 2.515387e+00
-5.602600e-02 2.322680e-01 2.481979e+00
-2.455050e-01 2.681430e-01 2.404780e+00
-2.215180e-01 9.850800e-02 2.592615e+00
-4.231390e-01 -1.398770e-01 2.484959e+00
5.300000e-04 -1.054060e-01 2.456971e+00
-2.048110e-01 -1.055050e-01 2.590362e+00
-4.731990e-01 -4.211500e-02 2.476879e+00
3.015000e-02 -1.945300e-02 2.435613e+00
-3.905200e-01 -2.774040e-01 2.336965e+00
-9.624500e-02 -1.973080e-01 2.250776e+00
-3.834810e-01 -3.363530e-01 2.302383e+00
-1.289860e-01 -2.349410e-01 2.203530e+00
-3.361750e-01 -6.313450e-01 2.487613e+00
-9.239200e-02 -6.171940e-01 2.515292e+00
-3.692190e-01 -1.005950e+00 2.611689e+00
-1.336500e-01 -9.925320e-01 2.634604e+00
-3.862070e-01 -1.056913e+00 2.453301e+00
-1.375270e-01 -1.042798e+00 2.475133e+00
-2.341630e-01 5.140560e-01 2.375839e+00
-4.115480e-01 2.216240e-01 2.522612e+00
-5.468000e-02 2.299720e-01 2.475968e+00
-2.463310e-01 2.687320e-01 2.405848e+00
-2.179400e-01 9.859900e-02 2.592617e+00
-4.266780e-01 -1.359380e-01 2.493063e+00
-4.307000e-03 -1.043210e-01 2.447571e+00
-2.038600e-01 -1.040810e-01 2.589475e+00
-4.686680e-01 -3.732300e-02 2.473344e+00
1.882200e-02 -2.194800e-02 2.413697e+00
-3.823100e-01 -2.631120e-01 2.321310e+00
-1.152060e-01 -1.992810e-01 2.234414e+00
-3.797200e-01 -3.307700e-01 2.309644e+00
-1.495750e-01 -2.272580e-01 2.181912e+00
-3.371280e-01 -6.287600e-01 2.487096e+00
-9.342900e-02 -6.152730e-01 2.509235e+00
-3.657980e-01 -1.002821e+00 2.613875e+00
-1.290390e-01 -9.936180e-01 2.620603e+00
-3.885040e-01 -1.054446e+00 2.456420e+00
-1.388170e-01 -1.039917e+00 2.460186e+00
-2.373550e-01 5.142810e-01 2.374719e+00
-4.116530e-01 2.219360e-01 2.522024e+00
-5.461600e-02 2.291270e-01 2.476498e+00
-2.459530e-01 2.676110e-01 2.405376e+00
-2.185310e-01 9.918700e-02 2.593830e+00
-4.247060e-01 -1.337990e-01 2.491831e+00
-1.871000e-03 -1.038450e-01 2.449643e+00
-2.025220e-01 -1.028440e-01 2.589985e+00
-4.636620e-01 -3.711500e-02 2.468479e+00
1.335300e-02 -2.327900e-02 2.410535e+00
-3.613920e-01 -2.567750e-01 2.317575e+00
-1.220400e-01 -1.960660e-01 2.228066e+00
-3.612220e-01 -3.166570e-01 2.283893e+00
-1.557690e-01 -2.223330e-01 2.174281e+00
-3.405570e-01 -6.265580e-01 2.485836e+00
-9.410200e-02 -6.150520e-01 2.504056e+00
-3.613720e-01 -9.973090e-01 2.623406e+00
-1.195380e-01 -9.935140e-01 2.617790e+00
-3.856630e-01 -1.053675e+00 2.467826e+00
-1.289370e-01 -1.040993e+00 2.457697e+00
-2.351140e-01 5.145330e-01 2.377022e+00
-4.136320e-01 2.242200e-01 2.513041e+00
-5.468000e-02 2.330440e-01 2.487046e+00
-2.420250e-01 2.712090e-01 2.405838e+00
-2.241940e-01 1.017940e-01 2.594556e+00
-4.271550e-01 -1.302190e-01 2.475148e+00
-2.225000e-03 -1.015850e-01 2.466154e+00
-2.131780e-01 -1.007080e-01 2.590477e+00
-4.603850e-01 -3.429400e-02 2.451961e+00
1.013800e-02 -2.032200e-02 2.421088e+00
-3.500290e-01 -2.473250e-01 2.297057e+00
-1.196350e-01 -1.961950e-01 2.237284e+00
-3.392870e-01 -3.068340e-01 2.264442e+00
-1.549250e-01 -2.178990e-01 2.182476e+00
-3.424860e-01 -6.236150e-01 2.484875e+00
-9.286300e-02 -6.131500e-01 2.497216e+00
-3.639620e-01 -9.977140e-01 2.612955e+00
-1.306110e-01 -9.845010e-01 2.629465e+00
-3.761660e-01 -1.051116e+00 2.454931e+00
-1.216990e-01 -1.041335e+00 2.472420e+00
-2.357870e-01 5.193090e-01 2.383394e+00
-3.997080e-01 2.315850e-01 2.477729e+00
-4.429900e-02 2.302780e-01 2.535023e+00
-2.070530e-01 2.769530e-01 2.414681e+00
-2.368380e-01 1.006640e-01 2.595427e+00
-4.297360e-01 -1.319290e-01 2.443662e+00
-8.847000e-03 -1.054640e-01 2.503825e+00
-2.369920e-01 -1.076700e-01 2.592725e+00
-4.551030e-01 -2.346100e-02 2.407601e+00
-2.212000e-03 -2.103300e-02 2.444988e+00
-3.031180e-01 -2.341040e-01 2.287561e+00
-1.109340e-01 -2.029500e-01 2.252725e+00
-2.691460e-01 -2.840950e-01 2.254893e+00
-1.394360e-01 -2.322720e-01 2.197514e+00
-3.572540e-01 -6.248910e-01 2.482332e+00
-9.838600e-02 -6.170260e-01 2.493146e+00
-3.561670e-01 -9.944170e-01 2.624686e+00
-1.364150e-01 -9.865500e-01 2.630337e+00
-3.509760e-01 -1.054498e+00 2.468686e+00
-1.038900e-01 -1.046582e+00 2.477658e+00
-2.189110e-01 5.143980e-01 2.383312e+00
-3.949340e-01 2.359090e-01 2.456846e+00
-4.957800e-02 2.233650e-01 2.557703e+00
-1.947850e-01 2.766800e-01 2.419060e+00
-2.515380e-01 9.843400e-02 2.591227e+00
-4.233750e-01 -1.256030e-01 2.419777e+00
-1.462500e-02 -1.076300e-01 2.538386e+00
-2.529200e-01 -1.083260e-01 2.594719e+00
-4.532620e-01 -1.835600e-02 2.385787e+00
6.398000e-03 -3.074600e-02 2.484244e+00
-2.852880e-01 -2.285490e-01 2.288019e+00
-9.300500e-02 -1.910140e-01 2.268864e+00
-2.735880e-01 -2.878110e-01 2.255284e+00
-1.088140e-01 -2.368120e-01 2.220150e+00
-3.577330e-01 -6.202780e-01 2.489510e+00
-1.055160e-01 -6.166830e-01 2.490919e+00
-3.562970e-01 -9.944810e-01 2.619072e+00
-1.353280e-01 -9.864830e-01 2.629394e+00
-3.253340e-01 -1.048149e+00 2.463722e+00
-8.791000e-02 -1.046066e+00 2.480485e+00
-2.090460e-01 5.193070e-01 2.395522e+00
-3.938950e-01 2.384310e-01 2.433614e+00
-6.071200e-02 2.136730e-01 2.567689e+00
-1.893800e-01 2.693170e-01 2.414400e+00
-2.705150e-01 9.870000e-02 2.584519e+00
-4.247680e-01 -1.259870e-01 2.402735e+00
-2.891700e-02 -1.094320e-01 2.559244e+00
-2.714130e-01 -1.120060e-01 2.593117e+00
-4.509430e-01 -1.541500e-02 2.363478e+00
7.969000e-03 -4.390300e-02 2.528329e+00
-2.627270e-01 -2.134880e-01 2.281339e+00
-6.542600e-02 -1.660840e-01 2.281164e+00
-2.716610e-01 -2.805790e-01 2.293147e+00
-4.804100e-02 -2.146180e-01 2.235749e+00
-3.587150e-01 -6.209650e-01 2.490371e+00
-1.082500e-01 -6.171870e-01 2.491554e+00
-3.604340e-01 -9.914620e-01 2.630173e+00
-1.341200e-01 -9.888120e-01 2.625872e+00
-3.142200e-01 -1.048397e+00 2.479856e+00
-7.419200e-02 -1.045560e+00 2.480404e+00
-1.979100e-01 5.219570e-01 2.409986e+00
-3.782430e-01 2.441760e-01 2.397894e+00
-8.137000e-02 2.040640e-01 2.597538e+00
-1.725370e-01 2.624600e-01 2.420258e+00
-2.970920e-01 1.021120e-01 2.573256e+00
-4.209440e-01 -1.282470e-01 2.367763e+00
-6.398300e-02 -1.129040e-01 2.599732e+00
-3.083390e-01 -1.184130e-01 2.584976e+00
-4.293160e-01 -3.865000e-03 2.323267e+00
-2.254300e-02 -5.162600e-02 2.568132e+00
-1.930430e-01 -1.444690e-01 2.272776e+00
4.739000e-03 -5.791000e-02 2.289995e+00
-1.798850e-01 -2.095370e-01 2.290478e+00
6.498100e-02 -7.034800e-02 2.259392e+00
-3.619070e-01 -6.229180e-01 2.485329e+00
-1.086300e-01 -6.164830e-01 2.492468e+00
-3.676260e-01 -1.001431e+00 2.601570e+00
-1.330520e-01 -9.914560e-01 2.617428e+00
-2.846570e-01 -1.045206e+00 2.463106e+00
-4.666900e-02 -1.041766e+00 2.483341e+00
-1.836850e-01 5.227540e-01 2.427682e+00
-3.687200e-01 2.450990e-01 2.387633e+00
-9.844700e-02 1.955400e-01 2.620219e+00
-1.667860e-01 2.585350e-01 2.434449e+00
-3.117720e-01 9.871300e-02 2.568872e+00
-4.111310e-01 -1.311540e-01 2.345483e+00
-8.329100e-02 -1.140930e-01 2.616955e+00
-3.243120e-01 -1.201880e-01 2.574175e+00
-4.038160e-01 5.785000e-03 2.291274e+00
-4.521900e-02 -4.892000e-02 2.548149e+00
-1.392230e-01 -7.146000e-02 2.295874e+00
1.108030e-01 6.181800e-02 2.349675e+00
-8.696200e-02 -1.121660e-01 2.277646e+00
1.508430e-01 9.144100e-02 2.302350e+00
-3.612250e-01 -6.243280e-01 2.482148e+00
-1.067310e-01 -6.161060e-01 2.498820e+00
-3.712350e-01 -1.002047e+00 2.600655e+00
-1.405660e-01 -9.918210e-01 2.619276e+00
-2.716430e-01 -1.044666e+00 2.473228e+00
-3.902900e-02 -1.040600e+00 2.495650e+00
-1.845900e-01 5.174920e-01 2.426816e+00
-3.656550e-01 2.521150e-01 2.377842e+00
-1.245090e-01 1.983260e-01 2.639673e+00
-1.703460e-01 2.631370e-01 2.447715e+00
-3.314300e-01 1.040660e-01 2.563395e+00
-4.011770e-01 -1.280830e-01 2.334020e+00
-1.064200e-01 -1.113150e-01 2.641109e+00
-3.408990e-01 -1.211540e-01 2.571247e+00
-3.227020e-01 2.446000e-02 2.261829e+00
-5.335600e-02 -3.947900e-02 2.565398e+00
-5.291000e-02 2.738600e-02 2.311472e+00
6.639500e-02 1.810460e-01 2.454540e+00
1.099900e-02 1.590000e-02 2.333925e+00
1.006990e-01 2.376710e-01 2.472905e+00
-3.595530e-01 -6.219470e-01 2.473106e+00
-1.105330e-01 -6.115090e-01 2.508141e+00
-3.742370e-01 -9.949970e-01 2.605144e+00
-1.423510e-01 -9.906450e-01 2.617956e+00
-2.632170e-01 -1.040594e+00 2.488662e+00
-2.833900e-02 -1.033421e+00 2.503309e+00
-1.989000e-01 5.229970e-01 2.428206e+00
-3.731870e-01 2.534900e-01 2.372516e+00
-1.368820e-01 2.047550e-01 2.639696e+00
-1.799230e-01 2.693070e-01 2.447005e+00
-3.393950e-01 1.054560e-01 2.558160e+00
-3.924800e-01 -1.266230e-01 2.331246e+00
-1.057450e-01 -1.104910e-01 2.645872e+00
-3.383300e-01 -1.205550e-01 2.569970e+00
-2.800050e-01 3.719600e-02 2.269409e+00
-4.773100e-02 -1.493300e-02 2.540267e+00
-1.870500e-02 8.867200e-02 2.325748e+00
4.378100e-02 2.372930e-01 2.494343e+00
4.461900e-02 9.547500e-02 2.351521e+00
4.917300e-02 3.008970e-01 2.519757e+00
-3.488470e-01 -6.202910e-01 2.478647e+00
-1.108220e-01 -6.115330e-01 2.513820e+00
-3.742690e-01 -9.976980e-01 2.595839e+00
-1.413700e-01 -9.920100e-01 2.619272e+00
-2.565430e-01 -1.040089e+00 2.484861e+00
-2.442500e-02 -1.032573e+00 2.506795e+00
-2.120060e-01 5.244410e-01 2.424866e+00
-3.856820e-01 2.511990e-01 2.376215e+00
-1.404860e-01 2.148840e-01 2.637291e+00
-1.913990e-01 2.760210e-01 2.445406e+00
-3.405260e-01 1.062050e-01 2.561842e+00
-3.898100e-01 -1.249110e-01 2.334735e+00
-9.582500e-02 -1.007840e-01 2.642075e+00
-3.300610e-01 -1.139450e-01 2.571944e+00
-2.903810e-01 3.801900e-02 2.274365e+00
-1.214100e-02 4.217900e-02 2.500904e+00
-3.634300e-02 1.160850e-01 2.320539e+00
1.673200e-02 3.102170e-01 2.491769e+00
2.371200e-02 1.356190e-01 2.347598e+00
2.656000e-03 3.605140e-01 2.536406e+00
-3.513170e-01 -6.153470e-01 2.480530e+00
-1.090730e-01 -6.056190e-01 2.517200e+00
-3.752020e-01 -9.887480e-01 2.610212e+00
-1.406790e-01 -9.864750e-01 2.620958e+00
-2.625790e-01 -1.035681e+00 2.495818e+00
-2.639800e-02 -1.027312e+00 2.505873e+00
-2.321960e-01 5.230910e-01 2.404157e+00
-4.189030e-01 2.396540e-01 2.400207e+00
-1.242410e-01 2.329540e-01 2.606918e+00
-2.186730e-01 2.863760e-01 2.429780e+00
-3.221070e-01 1.021990e-01 2.571251e+00
-4.050330e-01 -1.282740e-01 2.367447e+00
-5.845200e-02 -8.639100e-02 2.611568e+00
-3.016440e-01 -1.023740e-01 2.587897e+00
-3.503400e-01 1.624900e-02 2.303350e+00
7.905000e-03 1.380770e-01 2.413198e+00
-9.522300e-02 9.742800e-02 2.295170e+00
-5.066600e-02 3.968050e-01 2.450225e+00
-2.724100e-02 9.168000e-02 2.303289e+00
-4.993100e-02 4.607460e-01 2.475353e+00
-3.470300e-01 -6.144170e-01 2.495367e+00
-1.053980e-01 -5.996000e-01 2.520155e+00
-3.744450e-01 -9.946320e-01 2.602607e+00
-1.409160e-01 -9.780180e-01 2.631308e+00
-2.824620e-01 -1.038655e+00 2.470042e+00
-4.995800e-02 -1.025364e+00 2.499180e+00
-2.727150e-01 5.158600e-01 2.377665e+00
-4.186130e-01 2.445580e-01 2.429784e+00
-1.045740e-01 2.545880e-01 2.605507e+00
-2.220160e-01 3.102240e-01 2.443453e+00
-2.911290e-01 1.062870e-01 2.578608e+00
-4.094300e-01 -1.158070e-01 2.402521e+00
-2.934000e-02 -8.052300e-02 2.591606e+00
-2.735850e-01 -9.181700e-02 2.604829e+00
-4.356760e-01 2.222000e-03 2.352866e+00
-3.445100e-02 1.610640e-01 2.379078e+00
-1.762710e-01 1.651400e-02 2.280046e+00
-8.879700e-02 4.252200e-01 2.370947e+00
-1.092310e-01 2.043900e-02 2.265533e+00
-1.033590e-01 4.923520e-01 2.372265e+00
-3.474760e-01 -6.045720e-01 2.502725e+00
-9.832100e-02 -5.934000e-01 2.519943e+00
-3.679940e-01 -9.867430e-01 2.604414e+00
-1.400720e-01 -9.713810e-01 2.630412e+00
-2.995620e-01 -1.029404e+00 2.457889e+00
-6.658400e-02 -1.020949e+00 2.488585e+00
-3.035130e-01 4.869460e-01 2.335175e+00
-4.333960e-01 2.218690e-01 2.457402e+00
-9.066000e-02 2.582160e-01 2.561375e+00
-2.417350e-01 2.944290e-01 2.423483e+00
-2.711520e-01 1.024720e-01 2.587559e+00
-4.145150e-01 -1.275900e-01 2.426654e+00
-1.619300e-02 -7.166500e-02 2.566936e+00
-2.566000e-01 -8.950800e-02 2.609878e+00
-4.917030e-01 -2.398700e-02 2.413291e+00
-8.243500e-02 1.222120e-01 2.344060e+00
-2.504370e-01 -7.227100e-02 2.298322e+00
-1.529720e-01 3.500770e-01 2.214213e+00
-1.991800e-01 -9.048100e-02 2.256352e+00
-1.296910e-01 4.122100e-01 2.232043e+00
-3.455120e-01 -6.102070e-01 2.505195e+00
-8.987500e-02 -5.905800e-01 2.522421e+00
-3.679360e-01 -9.927760e-01 2.604965e+00
-1.347830e-01 -9.677690e-01 2.634350e+00
-3.193180e-01 -1.035821e+00 2.450835e+00
-7.952500e-02 -1.018687e+00 2.484930e+00
-3.389200e-01 4.362030e-01 2.293761e+00
-4.746350e-01 1.657600e-01 2.563180e+00
-1.599450e-01 2.250090e-01 2.398681e+00
-3.658850e-01 1.994620e-01 2.389436e+00
-2.425150e-01 1.143760e-01 2.594799e+00
-4.034220e-01 -1.350200e-01 2.605649e+00
-1.504200e-02 -1.197520e-01 2.431307e+00
-1.608720e-01 -1.097500e-01 2.627756e+00
-4.691040e-01 -9.108800e-02 2.559719e+00
-1.244810e-01 4.647000e-03 2.271419e+00
-3.266790e-01 -1.935930e-01 2.351835e+00
-2.721150e-01 4.427500e-02 2.046383e+00
-3.352570e-01 -2.521310e-01 2.316906e+00
-3.100300e-01 5.514200e-02 1.990126e+00
-3.389780e-01 -6.250980e-01 2.498723e+00
-7.825100e-02 -6.246110e-01 2.530523e+00
-3.573060e-01 -1.000771e+00 2.622616e+00
-1.314520e-01 -1.000726e+00 2.642431e+00
-4.211330e-01 -1.046372e+00 2.474902e+00
-1.819680e-01 -1.039588e+00 2.487801e+00
-3.502500e-01 4.440260e-01 2.288152e+00
-4.626110e-01 1.500250e-01 2.582622e+00
-1.719490e-01 2.158050e-01 2.380661e+00
-3.763160e-01 1.821100e-01 2.396415e+00
-2.264440e-01 1.086260e-01 2.588176e+00
-3.857060e-01 -1.666700e-01 2.633525e+00
-2.664200e-02 -1.253060e-01 2.408072e+00
-1.451810e-01 -1.221740e-01 2.622308e+00
-4.480810e-01 -1.104490e-01 2.604980e+00
-1.725320e-01 -1.427100e-02 2.255670e+00
-4.021960e-01 -3.358070e-01 2.450161e+00
-2.999910e-01 -1.688240e-01 2.064024e+00
-3.924210e-01 -3.912790e-01 2.410821e+00
-3.193740e-01 -2.165090e-01 2.018518e+00
-3.423990e-01 -6.422930e-01 2.503343e+00
-7.401300e-02 -6.373580e-01 2.515138e+00
-3.588590e-01 -1.021731e+00 2.615468e+00
-1.046080e-01 -1.020168e+00 2.611760e+00
-4.452860e-01 -1.058848e+00 2.477174e+00
-1.864360e-01 -1.049684e+00 2.468912e+00
-3.793130e-01 4.193790e-01 2.287113e+00
-4.459050e-01 1.478390e-01 2.595901e+00
-1.724060e-01 2.067040e-01 2.369333e+00
-3.752630e-01 1.770090e-01 2.402748e+00
-2.109280e-01 1.019950e-01 2.581634e+00
-3.688790e-01 -1.808930e-01 2.651597e+00
-2.708400e-02 -1.222200e-01 2.404208e+00
-1.323720e-01 -1.231870e-01 2.625278e+00
-4.281960e-01 -1.089430e-01 2.662599e+00
-1.915650e-01 -3.809000e-02 2.267313e+00
-4.270400e-01 -3.657510e-01 2.547230e+00
-2.940910e-01 -2.424200e-01 2.103000e+00
-4.279380e-01 -4.284820e-01 2.519224e+00
-3.177950e-01 -2.951010e-01 2.065809e+00
-3.515600e-01 -6.400160e-01 2.499967e+00
-7.337300e-02 -6.396920e-01 2.503563e+00
-3.532090e-01 -1.019812e+00 2.612072e+00
-1.111950e-01 -1.016339e+00 2.619847e+00
-4.529000e-01 -1.057432e+00 2.483157e+00
-2.011070e-01 -1.049621e+00 2.482804e+00
-3.745050e-01 3.972490e-01 2.269546e+00
-4.346930e-01 1.494650e-01 2.600313e+00
-1.677270e-01 2.036290e-01 2.364951e+00
-3.699900e-01 1.785550e-01 2.405078e+00
-2.015270e-01 9.808900e-02 2.577644e+00
-3.545060e-01 -1.810000e-01 2.657961e+00
-3.099200e-02 -1.308470e-01 2.385398e+00
-1.208450e-01 -1.231730e-01 2.613051e+00
-4.252320e-01 -8.808500e-02 2.721324e+00
-1.902690e-01 -4.378000e-02 2.267774e+00
-3.963510e-01 -3.612580e-01 2.655567e+00
-3.125220e-01 -2.446840e-01 2.111335e+00
-3.892280e-01 -4.280110e-01 2.640949e+00
-3.437040e-01 -2.937090e-01 2.074665e+00
-3.498640e-01 -6.377730e-01 2.495669e+00
-6.863900e-02 -6.448220e-01 2.499404e+00
-3.496290e-01 -1.015741e+00 2.613803e+00
-1.207220e-01 -1.012341e+00 2.637364e+00
-4.542590e-01 -1.054725e+00 2.489283e+00
-2.116830e-01 -1.050185e+00 2.502210e+00
-3.701330e-01 3.878500e-01 2.263587e+00
-4.262710e-01 1.583540e-01 2.604455e+00
-1.614230e-01 2.073370e-01 2.365591e+00
-3.635640e-01 1.858750e-01 2.408343e+00
-1.943400e-01 1.028790e-01 2.578956e+00
-3.487060e-01 -1.801280e-01 2.661844e+00
-3.127700e-02 -1.271210e-01 2.382745e+00
-1.158050e-01 -1.228400e-01 2.612517e+00
-4.213240e-01 -8.317900e-02 2.718794e+00
-1.817560e-01 -3.958400e-02 2.265332e+00
-3.908780e-01 -3.644520e-01 2.725549e+00
-3.127180e-01 -2.207220e-01 2.091765e+00
-3.830140e-01 -4.326250e-01 2.728858e+00
-3.394080e-01 -2.754440e-01 2.059929e+00
-3.485820e-01 -6.339650e-01 2.489038e+00
-6.414300e-02 -6.415340e-01 2.503493e+00
-3.465780e-01 -1.007699e+00 2.619940e+00
-1.244240e-01 -1.009200e+00 2.637673e+00
-4.496630e-01 -1.051727e+00 2.495813e+00
-2.213930e-01 -1.041606e+00 2.505312e+00
-3.616130e-01 4.076120e-01 2.278316e+00
-4.287520e-01 1.552330e-01 2.598439e+00
-1.533210e-01 2.121050e-01 2.373709e+00
-3.570920e-01 1.883310e-01 2.406296e+00
-1.954910e-01 1.018130e-01 2.582460e+00
-3.596820e-01 -1.752780e-01 2.643069e+00
-2.217900e-02 -1.273900e-01 2.387597e+00
-1.231640e-01 -1.208590e-01 2.610572e+00
-4.196120e-01 -9.456200e-02 2.694361e+00
-1.680510e-01 -3.212300e-02 2.264998e+00
-4.245420e-01 -3.778770e-01 2.685899e+00
-3.036170e-01 -2.017560e-01 2.082762e+00
-4.257820e-01 -4.465450e-01 2.683983e+00
-3.356040e-01 -2.493680e-01 2.044942e+00
-3.454600e-01 -6.376590e-01 2.493671e+00
-6.836700e-02 -6.409710e-01 2.503767e+00
-3.500950e-01 -1.009616e+00 2.629475e+00
-1.230850e-01 -1.010232e+00 2.635933e+00
-4.470050e-01 -1.055298e+00 2.501045e+00
-2.115130e-01 -1.046275e+00 2.498623e+00
-3.502180e-01 4.180740e-01 2.285256e+00
-4.301890e-01 1.560680e-01 2.607744e+00
-1.493510e-01 2.268700e-01 2.393929e+00
-3.541510e-01 2.046740e-01 2.420648e+00
-1.977690e-01 9.927700e-02 2.591148e+00
-3.691330e-01 -1.679660e-01 2.640842e+00
-2.295900e-02 -1.248070e-01 2.396366e+00
-1.298590e-01 -1.219150e-01 2.616644e+00
-4.208850e-01 -1.111810e-01 2.673589e+00
-1.342050e-01 -2.220600e-02 2.277414e+00
-4.300320e-01 -4.024780e-01 2.664021e+00
-2.871720e-01 -1.843910e-01 2.089460e+00
-4.321460e-01 -4.711030e-01 2.661463e+00
-3.322450e-01 -2.142610e-01 2.047073e+00
-3.377270e-01 -6.382300e-01 2.492282e+00
-6.791400e-02 -6.369250e-01 2.514402e+00
-3.544720e-01 -1.008796e+00 2.630906e+00
-1.231370e-01 -1.013284e+00 2.624494e+00
-4.414610e-01 -1.055381e+00 2.495868e+00
-2.119490e-01 -1.040914e+00 2.485492e+00
-3.232870e-01 4.303800e-01 2.301353e+00
-4.183190e-01 1.710300e-01 2.587606e+00
-1.154440e-01 2.281760e-01 2.401592e+00
-3.229060e-01 2.226400e-01 2.410456e+00
-1.908490e-01 9.503600e-02 2.586274e+00
-3.834010e-01 -1.663080e-01 2.620487e+00
-1.709100e-02 -1.197290e-01 2.408086e+00
-1.427400e-01 -1.211950e-01 2.618249e+00
-4.256380e-01 -9.797100e-02 2.653659e+00
-1.138720e-01 -2.503400e-02 2.289074e+00
-4.524920e-01 -3.890130e-01 2.628159e+00
-2.732500e-01 -1.941250e-01 2.109953e+00
-4.435430e-01 -4.553870e-01 2.643482e+00
-3.295690e-01 -2.119710e-01 2.074882e+00
-3.346840e-01 -6.416180e-01 2.494303e+00
-7.251300e-02 -6.330180e-01 2.520164e+00
-3.540310e-01 -1.013425e+00 2.629214e+00
-1.116720e-01 -1.014629e+00 2.618428e+00
-4.328630e-01 -1.060097e+00 2.489286e+00
-1.961990e-01 -1.042421e+00 2.476812e+00
-3.187600e-01 4.586860e-01 2.323752e+00
-4.141680e-01 1.793360e-01 2.578449e+00
-1.007930e-01 2.286690e-01 2.408267e+00
-3.085100e-01 2.287340e-01 2.406561e+00
-1.890550e-01 9.721200e-02 2.588402e+00
-3.931530e-01 -1.651340e-01 2.609406e+00
-1.660200e-02 -1.167110e-01 2.416193e+00
-1.524230e-01 -1.215770e-01 2.619877e+00
-4.340070e-01 -9.132100e-02 2.635480e+00
-8.218000e-02 -3.117300e-02 2.313203e+00
-4.662530e-01 -3.766310e-01 2.574052e+00
-2.513150e-01 -2.028600e-01 2.145477e+00
-4.444320e-01 -4.322500e-01 2.540129e+00
-3.086580e-01 -2.292280e-01 2.118331e+00
-3.343100e-01 -6.431630e-01 2.495416e+00
-7.794000e-02 -6.306150e-01 2.524566e+00
-3.629970e-01 -1.018463e+00 2.618470e+00
-1.126690e-01 -1.012975e+00 2.621575e+00
-4.363480e-01 -1.060201e+00 2.474074e+00
-1.934130e-01 -1.042062e+00 2.478023e+00
-2.983030e-01 4.775030e-01 2.337810e+00
-4.125910e-01 1.927700e-01 2.568664e+00
-8.423900e-02 2.365660e-01 2.427714e+00
-2.908940e-01 2.463500e-01 2.409075e+00
-1.927350e-01 9.988600e-02 2.592233e+00
-4.062030e-01 -1.465090e-01 2.590641e+00
-1.899500e-02 -1.179350e-01 2.415368e+00
-1.645590e-01 -1.133260e-01 2.612213e+00
-4.480470e-01 -7.723300e-02 2.612168e+00
-5.700900e-02 -2.636400e-02 2.349114e+00
-4.869770e-01 -3.439660e-01 2.499919e+00
-1.956740e-01 -2.424400e-01 2.210027e+00
-4.599190e-01 -3.998290e-01 2.529375e+00
-2.190800e-01 -3.037020e-01 2.189545e+00
-3.345500e-01 -6.349540e-01 2.495923e+00
-8.184500e-02 -6.255520e-01 2.524841e+00
-3.637100e-01 -1.011423e+00 2.615240e+00
-1.116380e-01 -1.008427e+00 2.621458e+00
-4.282300e-01 -1.053478e+00 2.466778e+00
-1.754900e-01 -1.041560e+00 2.470469e+00
-2.800750e-01 5.004690e-01 2.366965e+00
-4.122640e-01 2.003660e-01 2.559293e+00
-7.354300e-02 2.354910e-01 2.442528e+00
-2.779320e-01 2.530070e-01 2.409851e+00
-1.978810e-01 9.924500e-02 2.595815e+00
-4.187810e-01 -1.447080e-01 2.571726e+00
-1.742800e-02 -1.111480e-01 2.432957e+00
-1.799800e-01 -1.136210e-01 2.616066e+00
-4.620930e-01 -6.942500e-02 2.583570e+00
-4.775000e-02 -2.729900e-02 2.364200e+00
-4.893550e-01 -3.337650e-01 2.463457e+00
-1.640980e-01 -2.573350e-01 2.227844e+00
-4.981900e-01 -3.961760e-01 2.436121e+00
-2.052190e-01 -3.121970e-01 2.223409e+00
-3.324490e-01 -6.351200e-01 2.497845e+00
-8.598700e-02 -6.210870e-01 2.524755e+00
-3.653670e-01 -1.007939e+00 2.627222e+00
-1.286370e-01 -1.000392e+00 2.630226e+00
-4.155720e-01 -1.056267e+00 2.475181e+00
-1.730680e-01 -1.038932e+00 2.473659e+00
-2.694090e-01 5.065630e-01 2.377674e+00
-4.138990e-01 2.048920e-01 2.553922e+00
-6.977000e-02 2.364880e-01 2.453041e+00
-2.722210e-01 2.563710e-01 2.411000e+00
-2.025690e-01 1.012890e-01 2.600029e+00
-4.284830e-01 -1.460210e-01 2.563557e+00
-2.093600e-02 -1.049630e-01 2.446566e+00
-1.922250e-01 -1.172550e-01 2.621114e+00
-4.729550e-01 -6.329100e-02 2.569943e+00
-4.654500e-02 -2.623900e-02 2.374928e+00
-4.815490e-01 -3.175400e-01 2.428118e+00
-1.622230e-01 -2.568080e-01 2.239698e+00
-4.733040e-01 -3.836400e-01 2.411288e+00
-1.805010e-01 -3.227580e-01 2.233625e+00
-3.363670e-01 -6.348930e-01 2.491117e+00
-9.084900e-02 -6.171810e-01 2.527289e+00
-3.667980e-01 -1.006042e+00 2.625794e+00
-1.193870e-01 -1.000015e+00 2.624444e+00
-4.094490e-01 -1.058104e+00 2.472683e+00
-1.576060e-01 -1.037385e+00 2.465965e+00
-2.629820e-01 5.091650e-01 2.376870e+00
-4.147600e-01 2.133250e-01 2.552412e+00
-6.583300e-02 2.288170e-01 2.465178e+00
-2.652320e-01 2.599020e-01 2.415952e+00
-2.109370e-01 9.811400e-02 2.604394e+00
-4.307610e-01 -1.424550e-01 2.563424e+00
-2.282300e-02 -1.064700e-01 2.446126e+00
-1.938780e-01 -1.191460e-01 2.620877e+00
-4.796700e-01 -5.331400e-02 2.561209e+00
-4.753900e-02 -3.186100e-02 2.380923e+00
-4.765820e-01 -3.078940e-01 2.420864e+00
-1.664740e-01 -2.565570e-01 2.239916e+00
-4.785760e-01 -3.683280e-01 2.388243e+00
-1.837650e-01 -3.214150e-01 2.225258e+00
-3.411560e-01 -6.333050e-01 2.492501e+00
-9.150500e-02 -6.171430e-01 2.524178e+00
-3.626250e-01 -1.009574e+00 2.614058e+00
-1.359030e-01 -9.952630e-01 2.633128e+00
-4.080920e-01 -1.056698e+00 2.460160e+00
-1.666850e-01 -1.037431e+00 2.474236e+00
-2.532580e-01 5.092410e-01 2.383423e+00
-4.148670e-01 2.149870e-01 2.546921e+00
-6.411900e-02 2.273880e-01 2.466785e+00
-2.622690e-01 2.588920e-01 2.412997e+00
-2.128340e-01 9.937900e-02 2.604688e+00
-4.331880e-01 -1.428060e-01 2.557234e+00
-2.251500e-02 -1.045920e-01 2.450674e+00
-1.979760e-01 -1.186880e-01 2.620888e+00
-4.812440e-01 -5.077900e-02 2.557206e+00
-4.524900e-02 -3.337900e-02 2.384395e+00
-4.765420e-01 -3.035320e-01 2.414596e+00
-1.662110e-01 -2.532290e-01 2.238527e+00
-4.453570e-01 -3.647480e-01 2.415272e+00
-2.088420e-01 -3.070060e-01 2.235203e+00
-3.422020e-01 -6.328200e-01 2.487670e+00
-9.259300e-02 -6.164470e-01 2.521131e+00
-3.645500e-01 -1.003769e+00 2.624466e+00
-1.379220e-01 -9.930170e-01 2.634956e+00
-4.054170e-01 -1.057710e+00 2.471519e+00
-1.635340e-01 -1.038006e+00 2.475919e+00
-2.456990e-01 5.128040e-01 2.383020e+00
-4.191760e-01 2.126180e-01 2.552491e+00
-6.871000e-02 2.292670e-01 2.471891e+00
-2.671580e-01 2.614170e-01 2.419605e+00
-2.164150e-01 9.630100e-02 2.606140e+00
-4.360810e-01 -1.439340e-01 2.549756e+00
-2.258500e-02 -1.030760e-01 2.455848e+00
-2.031090e-01 -1.181660e-01 2.620595e+00
-4.861770e-01 -5.326800e-02 2.554532e+00
-4.380900e-02 -3.024500e-02 2.386908e+00
-4.623620e-01 -3.048120e-01 2.411518e+00
-1.689130e-01 -2.454630e-01 2.237494e+00
-4.506680e-01 -3.604590e-01 2.450081e+00
-2.109790e-01 -2.991100e-01 2.228962e+00
-3.425430e-01 -6.333650e-01 2.486013e+00
-9.349900e-02 -6.158660e-01 2.521511e+00
-3.633280e-01 -1.002274e+00 2.628457e+00
-1.376320e-01 -9.926560e-01 2.635077e+00
-4.002350e-01 -1.059219e+00 2.475592e+00
-1.590220e-01 -1.038223e+00 2.475582e+00
-2.467060e-01 5.090680e-01 2.389116e+00
-4.188430e-01 2.123150e-01 2.558815e+00
-6.977700e-02 2.295730e-01 2.472471e+00
-2.690020e-01 2.632940e-01 2.424285e+00
-2.155460e-01 9.440600e-02 2.606639e+00
-4.337350e-01 -1.403370e-01 2.565673e+00
-2.869100e-02 -1.071680e-01 2.437975e+00
-1.953440e-01 -1.182030e-01 2.617037e+00
-4.839770e-01 -5.383600e-02 2.565303e+00
-4.559800e-02 -2.887400e-02 2.384482e+00
-4.666990e-01 -3.194900e-01 2.449766e+00
-1.778170e-01 -2.349120e-01 2.228644e+00
-4.648040e-01 -3.737970e-01 2.407724e+00
-2.181030e-01 -2.904990e-01 2.225899e+00
-3.450010e-01 -6.315660e-01 2.486312e+00
-9.397300e-02 -6.164870e-01 2.521323e+00
-3.631400e-01 -9.998810e-01 2.630640e+00
-1.356640e-01 -9.940400e-01 2.633265e+00
-4.092690e-01 -1.056561e+00 2.480200e+00
-1.697110e-01 -1.037121e+00 2.475286e+00
-2.506330e-01 5.067500e-01 2.388587e+00
