-3.876130e-01 2.958020e-01 2.668606e+00
-2.166545e-01 2.954580e-01 2.645599e+00
-4.569600e-02 2.951140e-01 2.622592e+00
-1.408205e-01 3.266250e-01 2.561955e+00
-2.359450e-01 3.581360e-01 2.501318e+00
-2.216370e-01 2.588415e-01 2.609119e+00
-2.073290e-01 1.595470e-01 2.716921e+00
-2.920145e-01 5.570950e-02 2.648222e+00
-3.767000e-01 -4.812800e-02 2.579523e+00
-2.059020e-01 -4.796600e-02 2.564019e+00
-3.510400e-02 -4.780400e-02 2.548516e+00
-1.153120e-01 -5.082150e-02 2.613425e+00
-1.955200e-01 -5.383900e-02 2.678335e+00
-3.173950e-01 -1.382250e-02 2.662297e+00
-4.392700e-01 2.619400e-02 2.646259e+00
-2.088545e-01 2.736500e-02 2.642620e+00
2.156100e-02 2.853600e-02 2.638980e+00
-1.905410e-01 -1.155005e-01 2.622682e+00
-4.026430e-01 -2.595370e-01 2.606384e+00
-1.943735e-01 -2.598510e-01 2.605600e+00
1.389600e-02 -2.601650e-01 2.604815e+00
-1.908125e-01 -2.917360e-01 2.612136e+00
-3.955210e-01 -3.233070e-01 2.619457e+00
-2.013355e-01 -3.223510e-01 2.607233e+00
-7.150000e-03 -3.213950e-01 2.595009e+00
-1.481355e-01 -4.333510e-01 2.640415e+00
-2.891210e-01 -5.453070e-01 2.685821e+00
-1.890985e-01 -5.448240e-01 2.676339e+00
-8.907600e-02 -5.443410e-01 2.666857e+00
-1.883860e-01 -7.449640e-01 2.713158e+00
-2.876960e-01 -9.455870e-01 2.759459e+00
-1.797535e-01 -9.446600e-01 2.751357e+00
-7.181100e-02 -9.437330e-01 2.743255e+00
-1.867205e-01 -9.589105e-01 2.674030e+00
-3.016300e-01 -9.740880e-01 2.604804e+00
-1.936995e-01 -9.739745e-01 2.596858e+00
-8.576900e-02 -9.738610e-01 2.588912e+00
-1.527120e-01 -2.132530e-01 2.555603e+00
-2.196550e-01 5.473550e-01 2.522294e+00
-3.014660e-01 4.232625e-01 2.594711e+00
-3.832770e-01 2.991700e-01 2.667127e+00
-2.122090e-01 2.987615e-01 2.644952e+00
-4.114100e-02 2.983530e-01 2.622777e+00
-1.359720e-01 3.296535e-01 2.561574e+00
-2.308030e-01 3.609540e-01 2.500370e+00
-2.170130e-01 2.620225e-01 2.608572e+00
-2.032230e-01 1.630910e-01 2.716774e+00
-2.901295e-01 5.767600e-02 2.649663e+00
-3.770360e-01 -4.773900e-02 2.582553e+00
-2.063175e-01 -4.577450e-02 2.566317e+00
-3.559900e-02 -4.381000e-02 2.550081e+00
-1.154860e-01 -4.854800e-02 2.615282e+00
-1.953730e-01 -5.328600e-02 2.680483e+00
-3.153615e-01 -1.183450e-02 2.660045e+00
-4.353500e-01 2.961700e-02 2.639606e+00
-2.069925e-01 2.974500e-02 2.637090e+00
2.136500e-02 2.987300e-02 2.634573e+00
-1.917480e-01 -1.144055e-01 2.622686e+00
-4.048610e-01 -2.586840e-01 2.610798e+00
-1.970660e-01 -2.586245e-01 2.602888e+00
1.072900e-02 -2.585650e-01 2.594979e+00
-1.898995e-01 -2.899850e-01 2.596787e+00
-3.905280e-01 -3.214050e-01 2.598595e+00
-1.982800e-01 -3.208765e-01 2.589893e+00
-6.032000e-03 -3.203480e-01 2.581191e+00
-1.465255e-01 -4.321090e-01 2.634168e+00
-2.870190e-01 -5.438700e-01 2.687146e+00
-1.878375e-01 -5.428215e-01 2.676709e+00
-8.865600e-02 -5.417730e-01 2.666271e+00
-1.884485e-01 -7.436950e-01 2.709293e+00
-2.882410e-01 -9.456170e-01 2.752315e+00
-1.814440e-01 -9.431005e-01 2.749303e+00
-7.464700e-02 -9.405840e-01 2.746290e+00
-1.884565e-01 -9.556695e-01 2.671688e+00
-3.022660e-01 -9.707550e-01 2.597086e+00
-1.953920e-01 -9.713725e-01 2.594640e+00
-8.851800e-02 -9.719900e-01 2.592194e+00
-1.527590e-01 -2.082045e-01 2.561009e+00
-2.170000e-01 5.555810e-01 2.529824e+00
-3.021855e-01 4.260600e-01 2.599137e+00
-3.873710e-01 2.965390e-01 2.668451e+00
-2.167470e-01 2.935010e-01 2.643261e+00
-4.612300e-02 2.904630e-01 2.618072e+00
-1.416880e-01 3.211410e-01 2.557701e+00
-2.372530e-01 3.518190e-01 2.497330e+00
-2.226200e-01 2.558125e-01 2.608027e+00
-2.079870e-01 1.598060e-01 2.718724e+00
-2.923105e-01 5.555550e-02 2.650758e+00
-3.766340e-01 -4.869500e-02 2.582791e+00
-2.061410e-01 -4.902500e-02 2.564235e+00
-3.564800e-02 -4.935500e-02 2.545679e+00
-1.146885e-01 -5.187300e-02 2.612026e+00
-1.937290e-01 -5.439100e-02 2.678372e+00
-3.161025e-01 -1.440750e-02 2.661715e+00
-4.384760e-01 2.557600e-02 2.645058e+00
-2.097810e-01 2.376650e-02 2.639546e+00
1.891400e-02 2.195700e-02 2.634034e+00
-1.921985e-01 -1.204245e-01 2.623890e+00
-4.033110e-01 -2.628060e-01 2.613747e+00
-1.963420e-01 -2.654555e-01 2.606745e+00
1.062700e-02 -2.681050e-01 2.599743e+00
-1.903345e-01 -2.976420e-01 2.606619e+00
-3.912960e-01 -3.271790e-01 2.613495e+00
-1.992645e-01 -3.289420e-01 2.610173e+00
-7.233000e-03 -3.307050e-01 2.606850e+00
-1.473215e-01 -4.389435e-01 2.645525e+00
-2.874100e-01 -5.471820e-01 2.684200e+00
-1.878865e-01 -5.458060e-01 2.677110e+00
-8.836300e-02 -5.444300e-01 2.670019e+00
-1.877135e-01 -7.460560e-01 2.713335e+00
-2.870640e-01 -9.476820e-01 2.756650e+00
-1.804210e-01 -9.465765e-01 2.747254e+00
-7.377800e-02 -9.454710e-01 2.737859e+00
-1.887890e-01 -9.605560e-01 2.670017e+00
-3.038000e-01 -9.756410e-01 2.602174e+00
-1.972490e-01 -9.739450e-01 2.592684e+00
-9.069800e-02 -9.722490e-01 2.583195e+00
-1.541405e-01 -2.089715e-01 2.558106e+00
-2.175830e-01 5.543060e-01 2.533017e+00
-3.024245e-01 4.208820e-01 2.600455e+00
-3.872660e-01 2.874580e-01 2.667893e+00
-2.166210e-01 2.883285e-01 2.642679e+00
-4.597600e-02 2.891990e-01 2.617466e+00
-1.422085e-01 3.180275e-01 2.557244e+00
-2.384410e-01 3.468560e-01 2.497023e+00
-2.216610e-01 2.506840e-01 2.607271e+00
-2.048810e-01 1.545120e-01 2.717518e+00
-2.912040e-01 4.946150e-02 2.651006e+00
-3.775270e-01 -5.558900e-02 2.584493e+00
-2.071515e-01 -5.416600e-02 2.564938e+00
-3.677600e-02 -5.274300e-02 2.545382e+00
-1.153960e-01 -5.602800e-02 2.612193e+00
-1.940160e-01 -5.931300e-02 2.679004e+00
-3.152680e-01 -2.174200e-02 2.662654e+00
-4.365200e-01 1.582900e-02 2.646305e+00
-2.071555e-01 1.858850e-02 2.640274e+00
2.220900e-02 2.134800e-02 2.634243e+00
-1.897335e-01 -1.259970e-01 2.627504e+00
-4.016760e-01 -2.733420e-01 2.620765e+00
-1.971765e-01 -2.706180e-01 2.607481e+00
7.323000e-03 -2.678940e-01 2.594197e+00
-1.897065e-01 -3.024960e-01 2.607236e+00
-3.867360e-01 -3.370980e-01 2.620274e+00
-1.976125e-01 -3.340015e-01 2.611353e+00
-8.489000e-03 -3.309050e-01 2.602432e+00
-1.481090e-01 -4.419360e-01 2.643949e+00
-2.877290e-01 -5.529670e-01 2.685467e+00
-1.877975e-01 -5.511545e-01 2.676930e+00
-8.786600e-02 -5.493420e-01 2.668393e+00
-1.879845e-01 -7.513010e-01 2.713720e+00
-2.881030e-01 -9.532600e-01 2.759048e+00
-1.813640e-01 -9.512435e-01 2.751021e+00
-7.462500e-02 -9.492270e-01 2.742993e+00
-1.899600e-01 -9.654220e-01 2.673844e+00
-3.052950e-01 -9.816170e-01 2.604695e+00
-1.984945e-01 -9.800865e-01 2.596751e+00
-9.169400e-02 -9.785560e-01 2.588808e+00
-1.549905e-01 -2.156695e-01 2.559246e+00
-2.182870e-01 5.472170e-01 2.529684e+00
-3.028185e-01 4.184115e-01 2.595746e+00
-3.873500e-01 2.896060e-01 2.661808e+00
-4.498400e-02 2.880490e-01 2.619284e+00
-2.343320e-01 3.419970e-01 2.492355e+00
-2.068270e-01 1.578340e-01 2.720539e+00
-3.781540e-01 -5.325500e-02 2.591908e+00
-3.948100e-02 -5.297900e-02 2.537599e+00
-1.906290e-01 -5.747800e-02 2.678157e+00
-4.375560e-01 1.758800e-02 2.650210e+00
1.985800e-02 1.974700e-02 2.640694e+00
-4.036590e-01 -2.689070e-01 2.602991e+00
9.057000e-03 -2.688020e-01 2.595078e+00
-3.969510e-01 -3.282210e-01 2.629918e+00
-6.637000e-03 -3.313540e-01 2.606446e+00
-2.882220e-01 -5.526600e-01 2.684266e+00
-8.638700e-02 -5.477690e-01 2.667677e+00
-2.870860e-01 -9.526860e-01 2.759277e+00
-7.517100e-02 -9.483980e-01 2.738527e+00
-3.114930e-01 -9.815000e-01 2.605985e+00
-9.925000e-02 -9.762230e-01 2.585000e+00
-2.116330e-01 5.547950e-01 2.538279e+00
-3.836100e-01 2.874910e-01 2.659323e+00
-4.050300e-02 2.868830e-01 2.623237e+00
-2.275350e-01 3.414870e-01 2.493194e+00
-2.039670e-01 1.555860e-01 2.720408e+00
-3.753830e-01 -5.350200e-02 2.587159e+00
-3.560600e-02 -5.728200e-02 2.540403e+00
-1.898610e-01 -5.819700e-02 2.677614e+00
-4.346810e-01 1.495700e-02 2.649613e+00
2.354700e-02 1.728500e-02 2.637102e+00
-4.024700e-01 -2.732190e-01 2.607885e+00
7.974000e-03 -2.696570e-01 2.580128e+00
-3.878530e-01 -3.360270e-01 2.619277e+00
-1.120900e-02 -3.282670e-01 2.602152e+00
-2.883620e-01 -5.527690e-01 2.687819e+00
-8.849100e-02 -5.507200e-01 2.671994e+00
-2.901540e-01 -9.539410e-01 2.756428e+00
-7.231500e-02 -9.517490e-01 2.739547e+00
-3.115190e-01 -9.802170e-01 2.602228e+00
-9.410700e-02 -9.785760e-01 2.585502e+00
-2.159910e-01 5.523640e-01 2.538748e+00
-3.819170e-01 2.943030e-01 2.667956e+00
-3.915000e-02 2.876930e-01 2.629332e+00
-2.255040e-01 3.556660e-01 2.504729e+00
-2.052960e-01 1.541330e-01 2.718544e+00
-3.721160e-01 -5.189800e-02 2.579723e+00
-3.047400e-02 -5.034000e-02 2.549267e+00
-1.910780e-01 -5.456300e-02 2.678924e+00
-4.342630e-01 2.280700e-02 2.642817e+00
2.546900e-02 1.796300e-02 2.641659e+00
-4.003910e-01 -2.664170e-01 2.609004e+00
2.260900e-02 -2.678230e-01 2.576396e+00
-3.849950e-01 -3.299610e-01 2.612669e+00
-1.086000e-02 -3.169130e-01 2.603932e+00
-2.881000e-01 -5.491900e-01 2.685356e+00
-8.549700e-02 -5.475360e-01 2.668653e+00
-2.894190e-01 -9.509470e-01 2.750465e+00
-7.115700e-02 -9.485090e-01 2.736945e+00
-3.029300e-01 -9.760670e-01 2.595188e+00
-8.478800e-02 -9.753910e-01 2.581974e+00
-2.142310e-01 5.579320e-01 2.552390e+00
-3.864030e-01 2.979330e-01 2.662603e+00
-4.205400e-02 2.956640e-01 2.641541e+00
-2.227240e-01 3.588580e-01 2.506491e+00
-2.106920e-01 1.611960e-01 2.724495e+00
-3.644600e-01 -6.183200e-02 2.577104e+00
-2.286000e-02 -3.662600e-02 2.559130e+00
-1.872600e-01 -5.420500e-02 2.682767e+00
-4.347770e-01 2.729800e-02 2.638510e+00
3.227200e-02 3.042700e-02 2.658553e+00
-3.985950e-01 -2.587800e-01 2.596463e+00
8.531700e-02 -2.005680e-01 2.489010e+00
-3.835850e-01 -3.207350e-01 2.611447e+00
9.523500e-02 -2.534930e-01 2.451744e+00
-2.885720e-01 -5.506550e-01 2.685295e+00
-8.695700e-02 -5.435400e-01 2.668074e+00
-2.851690e-01 -9.520010e-01 2.752813e+00
-7.414800e-02 -9.442060e-01 2.738443e+00
-2.909580e-01 -9.782230e-01 2.597239e+00
-7.972900e-02 -9.716720e-01 2.583076e+00
-2.042180e-01 5.568540e-01 2.542538e+00
-3.898080e-01 2.978170e-01 2.635264e+00
-4.730500e-02 3.021050e-01 2.676481e+00
-2.022340e-01 3.671220e-01 2.513252e+00
-2.249380e-01 1.618940e-01 2.723268e+00
-3.567510e-01 -5.907200e-02 2.551332e+00
-1.719100e-02 -3.822700e-02 2.595078e+00
-2.012000e-01 -5.575900e-02 2.687035e+00
-4.340440e-01 2.711600e-02 2.636613e+00
4.166600e-02 4.266800e-02 2.680236e+00
-3.988920e-01 -2.584660e-01 2.603575e+00
1.135920e-01 -1.020140e-01 2.439864e+00
-3.862460e-01 -3.221560e-01 2.612058e+00
1.304280e-01 -1.370350e-01 2.387154e+00
-2.884200e-01 -5.458390e-01 2.688164e+00
-8.652700e-02 -5.479450e-01 2.668374e+00
-2.871850e-01 -9.480160e-01 2.750629e+00
-7.601000e-02 -9.487340e-01 2.738424e+00
-2.651970e-01 -9.719440e-01 2.596135e+00
-5.430200e-02 -9.751040e-01 2.584288e+00
-2.065770e-01 5.589490e-01 2.545834e+00
-3.853140e-01 2.950970e-01 2.629806e+00
-4.417200e-02 2.957180e-01 2.681253e+00
-1.936430e-01 3.651220e-01 2.514774e+00
-2.242190e-01 1.561450e-01 2.720040e+00
-3.550750e-01 -5.914800e-02 2.546322e+00
-1.707500e-02 -4.034800e-02 2.601560e+00
-2.041610e-01 -5.733300e-02 2.687191e+00
-4.362540e-01 2.801300e-02 2.633042e+00
4.600300e-02 3.972800e-02 2.697881e+00
-3.961900e-01 -2.534900e-01 2.593202e+00
1.249150e-01 3.116700e-02 2.421952e+00
-3.837820e-01 -3.171160e-01 2.583924e+00
1.425990e-01 1.527200e-02 2.360937e+00
-2.894250e-01 -5.466280e-01 2.685626e+00
-8.932000e-02 -5.496500e-01 2.671207e+00
-2.882260e-01 -9.485390e-01 2.749774e+00
-7.378100e-02 -9.505960e-01 2.739396e+00
-2.614350e-01 -9.729830e-01 2.596121e+00
-4.728400e-02 -9.756920e-01 2.585797e+00
-2.028190e-01 5.492820e-01 2.538335e+00
-3.845370e-01 2.991570e-01 2.626309e+00
-4.514200e-02 3.059890e-01 2.687865e+00
-1.907520e-01 3.718460e-01 2.516593e+00
-2.238400e-01 1.635340e-01 2.722146e+00
-3.491740e-01 -4.998900e-02 2.536243e+00
-1.556100e-02 -4.044000e-02 2.615361e+00
-2.085770e-01 -5.392900e-02 2.687370e+00
-4.378210e-01 3.806700e-02 2.624642e+00
6.029400e-02 6.147100e-02 2.698065e+00
-3.933020e-01 -2.372030e-01 2.587026e+00
1.480060e-01 1.863980e-01 2.461694e+00
-3.848790e-01 -3.020390e-01 2.590719e+00
1.476950e-01 2.279870e-01 2.411114e+00
-2.884510e-01 -5.404040e-01 2.681151e+00
-8.491300e-02 -5.478490e-01 2.671283e+00
-2.934900e-01 -9.408700e-01 2.753614e+00
-7.664700e-02 -9.490250e-01 2.739394e+00
-2.570640e-01 -9.686660e-01 2.602535e+00
-3.963900e-02 -9.739730e-01 2.587960e+00
-1.937160e-01 5.486180e-01 2.528618e+00
-3.831950e-01 3.024020e-01 2.617338e+00
-4.687400e-02 2.939390e-01 2.693766e+00
-1.818300e-01 3.678940e-01 2.517156e+00
-2.328080e-01 1.589360e-01 2.718348e+00
-3.502690e-01 -5.389700e-02 2.534420e+00
-1.752900e-02 -3.836900e-02 2.616226e+00
-2.108810e-01 -5.478000e-02 2.686711e+00
-4.370880e-01 4.472900e-02 2.609603e+00
1.028610e-01 7.802200e-02 2.675909e+00
-4.016580e-01 -2.301470e-01 2.586818e+00
1.407460e-01 2.914190e-01 2.501675e+00
-3.910270e-01 -2.942520e-01 2.594930e+00
1.330930e-01 3.439990e-01 2.463400e+00
-2.892580e-01 -5.418730e-01 2.682117e+00
-8.425800e-02 -5.474040e-01 2.672133e+00
-2.906640e-01 -9.423880e-01 2.754466e+00
-8.054200e-02 -9.487650e-01 2.739545e+00
-2.524400e-01 -9.697470e-01 2.603751e+00
-4.160100e-02 -9.737570e-01 2.588602e+00
-1.915710e-01 5.473420e-01 2.532406e+00
-3.816160e-01 3.055910e-01 2.627411e+00
-4.341400e-02 2.980350e-01 2.695139e+00
-1.834240e-01 3.760100e-01 2.524286e+00
-2.274740e-01 1.605770e-01 2.720216e+00
-3.544520e-01 -5.198100e-02 2.540073e+00
-1.957800e-02 -3.634900e-02 2.612630e+00
-2.108970e-01 -5.283200e-02 2.688444e+00
-4.387720e-01 5.109600e-02 2.613209e+00
1.473930e-01 1.269110e-01 2.644690e+00
-4.005520e-01 -2.216940e-01 2.598964e+00
1.255210e-01 3.797040e-01 2.536544e+00
-3.913010e-01 -2.856170e-01 2.588170e+00
1.073570e-01 4.305300e-01 2.499463e+00
-2.909530e-01 -5.411300e-01 2.681473e+00
-8.551000e-02 -5.449030e-01 2.673360e+00
-2.919670e-01 -9.422210e-01 2.750568e+00
-8.240900e-02 -9.461380e-01 2.741550e+00
-2.578190e-01 -9.684720e-01 2.598682e+00
-4.758200e-02 -9.716760e-01 2.589697e+00
-1.918430e-01 5.427790e-01 2.527115e+00
-3.759580e-01 3.104100e-01 2.628996e+00
-3.492600e-02 2.933870e-01 2.678316e+00
-1.816340e-01 3.699620e-01 2.512525e+00
-2.217580e-01 1.635290e-01 2.718719e+00
-3.491860e-01 -4.675000e-02 2.543749e+00
-1.229700e-02 -4.694300e-02 2.608205e+00
-2.023340e-01 -4.981400e-02 2.688827e+00
-4.390920e-01 5.579300e-02 2.623904e+00
1.890190e-01 1.999570e-01 2.578509e+00
-4.019210e-01 -2.170910e-01 2.593803e+00
7.820600e-02 4.533540e-01 2.562255e+00
-3.922560e-01 -2.815930e-01 2.587945e+00
5.568700e-02 5.136290e-01 2.574418e+00
-2.888920e-01 -5.423870e-01 2.680730e+00
-8.656700e-02 -5.509210e-01 2.674332e+00
-2.891650e-01 -9.415020e-01 2.760458e+00
-7.920000e-02 -9.523560e-01 2.741000e+00
-2.609920e-01 -9.719510e-01 2.608131e+00
-4.966000e-02 -9.772360e-01 2.587922e+00
-1.928320e-01 5.483140e-01 2.524002e+00
-3.729310e-01 3.144640e-01 2.636680e+00
-2.921400e-02 2.887390e-01 2.651557e+00
-1.900670e-01 3.648490e-01 2.499218e+00
-2.143050e-01 1.657030e-01 2.714843e+00
-3.497900e-01 -4.234100e-02 2.562457e+00
-7.476000e-03 -5.159200e-02 2.582061e+00
-1.853090e-01 -5.100200e-02 2.686930e+00
-4.337880e-01 5.685700e-02 2.631166e+00
1.959640e-01 2.466940e-01 2.518806e+00
-4.065060e-01 -2.197890e-01 2.601595e+00
4.958500e-02 4.806690e-01 2.563309e+00
-3.975580e-01 -2.845750e-01 2.604898e+00
1.868800e-02 5.375030e-01 2.573480e+00
-2.877150e-01 -5.413960e-01 2.683213e+00
-8.635600e-02 -5.508050e-01 2.671292e+00
-2.848970e-01 -9.424860e-01 2.752265e+00
-7.930100e-02 -9.514460e-01 2.742606e+00
-2.780040e-01 -9.692000e-01 2.596819e+00
-7.126200e-02 -9.789400e-01 2.587351e+00
-1.967970e-01 5.561910e-01 2.524803e+00
-3.692600e-01 3.046590e-01 2.649748e+00
-2.692900e-02 2.868910e-01 2.615396e+00
-2.101380e-01 3.475960e-01 2.483284e+00
-1.963860e-01 1.656280e-01 2.714453e+00
-3.496450e-01 -5.045100e-02 2.572019e+00
-6.979000e-03 -5.866900e-02 2.559311e+00
-1.740650e-01 -5.510000e-02 2.680521e+00
-4.365480e-01 4.836000e-02 2.640087e+00
1.812480e-01 2.820100e-01 2.451236e+00
-4.041520e-01 -2.290520e-01 2.620486e+00
2.333600e-02 4.983980e-01 2.532665e+00
-3.958190e-01 -2.939980e-01 2.621359e+00
-6.880000e-04 5.465430e-01 2.569990e+00
-2.890790e-01 -5.487200e-01 2.686220e+00
-8.537600e-02 -5.543310e-01 2.676768e+00
-2.846200e-01 -9.491670e-01 2.758826e+00
-7.486300e-02 -9.560680e-01 2.741161e+00
-2.925060e-01 -9.773820e-01 2.603693e+00
-8.187100e-02 -9.812080e-01 2.585458e+00
-1.988780e-01 5.609510e-01 2.526935e+00
-3.705910e-01 3.023370e-01 2.665673e+00
-2.959200e-02 2.860160e-01 2.615889e+00
-2.174780e-01 3.630550e-01 2.499109e+00
-1.970680e-01 1.554190e-01 2.706983e+00
-3.505430e-01 -4.813900e-02 2.594789e+00
-1.215000e-02 -5.407500e-02 2.539075e+00
-1.626000e-01 -4.537600e-02 2.680184e+00
-4.316560e-01 4.492400e-02 2.658399e+00
6.899700e-02 2.918220e-01 2.370348e+00
-3.980590e-01 -2.307690e-01 2.627434e+00
-1.411800e-02 5.430120e-01 2.460290e+00
-3.894040e-01 -2.952670e-01 2.620138e+00
-3.873000e-02 5.690340e-01 2.515111e+00
-2.877170e-01 -5.474930e-01 2.692251e+00
-8.345400e-02 -5.493790e-01 2.675489e+00
-2.866610e-01 -9.494540e-01 2.756089e+00
-7.333800e-02 -9.514130e-01 2.738058e+00
-3.135250e-01 -9.739250e-01 2.602453e+00
-9.934600e-02 -9.759980e-01 2.584293e+00
-2.069160e-01 5.451940e-01 2.518108e+00
-3.670130e-01 3.041270e-01 2.676365e+00
-2.932300e-02 2.756960e-01 2.611700e+00
-2.189680e-01 3.612480e-01 2.504047e+00
-1.975910e-01 1.502800e-01 2.708439e+00
-3.536160e-01 -4.985000e-02 2.595017e+00
-1.577000e-02 -4.678100e-02 2.535861e+00
-1.649420e-01 -4.277900e-02 2.678530e+00
-4.299730e-01 4.611700e-02 2.677821e+00
1.109100e-02 2.856860e-01 2.349398e+00
-3.963940e-01 -2.301710e-01 2.643481e+00
-4.177800e-02 5.609740e-01 2.357331e+00
-3.901730e-01 -2.940260e-01 2.630366e+00
-3.841600e-02 5.965920e-01 2.412179e+00
-2.836890e-01 -5.449920e-01 2.698457e+00
-8.296900e-02 -5.455090e-01 2.669669e+00
-2.829260e-01 -9.479970e-01 2.755338e+00
-7.238000e-02 -9.463360e-01 2.739489e+00
-3.100140e-01 -9.697840e-01 2.601338e+00
-9.874600e-02 -9.737240e-01 2.586260e+00
-2.053710e-01 5.333630e-01 2.510880e+00
-3.426480e-01 3.308350e-01 2.698488e+00
-1.851500e-02 2.735220e-01 2.595153e+00
-2.109780e-01 3.765650e-01 2.510218e+00
-1.849530e-01 1.623540e-01 2.710661e+00
-3.564120e-01 -3.905200e-02 2.615711e+00
-2.653800e-02 -4.295700e-02 2.521812e+00
-1.599950e-01 -3.331500e-02 2.679035e+00
-4.364660e-01 8.290900e-02 2.702009e+00
-3.189400e-02 2.887840e-01 2.330825e+00
-4.033170e-01 -1.902670e-01 2.650682e+00
-7.788400e-02 5.211730e-01 2.181698e+00
-3.924650e-01 -2.508960e-01 2.628444e+00
-6.823400e-02 5.856440e-01 2.187909e+00
-2.816690e-01 -5.401590e-01 2.695982e+00
-8.124300e-02 -5.397510e-01 2.662394e+00
-2.852390e-01 -9.436140e-01 2.749460e+00
-6.719100e-02 -9.394960e-01 2.737598e+00
-3.284790e-01 -9.631900e-01 2.598890e+00
-1.097840e-01 -9.690470e-01 2.588477e+00
-2.034830e-01 5.416950e-01 2.511231e+00
-3.426870e-01 2.829940e-01 2.704767e+00
-6.726000e-02 2.771470e-01 2.508306e+00
-2.939730e-01 2.901890e-01 2.475750e+00
-1.378950e-01 1.761500e-01 2.697956e+00
-3.349220e-01 -4.585000e-02 2.660501e+00
-4.933500e-02 -7.273200e-02 2.472441e+00
-1.287440e-01 -5.634400e-02 2.662305e+00
-4.353210e-01 3.409400e-02 2.720095e+00
-7.442600e-02 2.996090e-01 2.243330e+00
-3.901580e-01 -2.339620e-01 2.649334e+00
-1.056920e-01 3.006470e-01 1.964185e+00
-3.835870e-01 -2.982460e-01 2.638720e+00
-1.166550e-01 3.014700e-01 1.899630e+00
-2.820350e-01 -5.559440e-01 2.700617e+00
-7.629300e-02 -5.529700e-01 2.667711e+00
-2.889820e-01 -9.591980e-01 2.755272e+00
-6.853600e-02 -9.526520e-01 2.744154e+00
-3.772980e-01 -9.752790e-01 2.625402e+00
-1.555960e-01 -9.790200e-01 2.615121e+00
-2.033090e-01 5.638370e-01 2.527205e+00
-3.551330e-01 2.705630e-01 2.679217e+00
-5.254100e-02 2.717920e-01 2.519314e+00
-2.764870e-01 2.833380e-01 2.458932e+00
-1.499250e-01 1.658930e-01 2.697531e+00
-3.409060e-01 -6.437500e-02 2.644908e+00
-3.532700e-02 -7.801400e-02 2.489717e+00
-1.359230e-01 -6.451000e-02 2.669496e+00
-4.291040e-01 1.993400e-02 2.724439e+00
-4.088300e-02 2.550250e-01 2.254901e+00
-3.885190e-01 -2.465010e-01 2.648417e+00
-1.346310e-01 2.660960e-01 1.991267e+00
-3.726200e-01 -3.086250e-01 2.635145e+00
-1.701740e-01 2.719310e-01 1.936578e+00
-2.803840e-01 -5.667570e-01 2.711071e+00
-7.921200e-02 -5.673920e-01 2.664383e+00
-2.873160e-01 -9.715440e-01 2.752892e+00
-7.218800e-02 -9.669460e-01 2.741557e+00
-3.599230e-01 -9.847200e-01 2.613325e+00
-1.429660e-01 -9.949080e-01 2.603234e+00
-2.092860e-01 5.618300e-01 2.545516e+00
-2.989570e-01 2.319440e-01 2.746843e+00
-4.562600e-02 2.500710e-01 2.513526e+00
-2.745550e-01 2.982790e-01 2.523509e+00
-1.150550e-01 1.079870e-01 2.681906e+00
-3.264890e-01 -9.104400e-02 2.691509e+00
-7.559800e-02 -9.956400e-02 2.457779e+00
-1.227060e-01 -8.881600e-02 2.658497e+00
-4.391760e-01 1.083300e-02 2.712117e+00
-5.236000e-02 2.654000e-01 2.249940e+00
-3.859090e-01 -2.530840e-01 2.639416e+00
-1.325840e-01 2.679800e-01 1.982860e+00
-3.787280e-01 -3.170760e-01 2.627515e+00
-1.723930e-01 2.804810e-01 1.932389e+00
-2.926140e-01 -5.929610e-01 2.718765e+00
-7.822300e-02 -5.826280e-01 2.670111e+00
-2.843730e-01 -9.985380e-01 2.751755e+00
-7.204100e-02 -9.813870e-01 2.751364e+00
-3.965290e-01 -1.009808e+00 2.641217e+00
-1.793800e-01 -1.006097e+00 2.638261e+00
-2.070400e-01 5.236100e-01 2.582131e+00
-2.719660e-01 2.270030e-01 2.756109e+00
-5.031600e-02 2.479550e-01 2.493032e+00
-2.740860e-01 3.024510e-01 2.534351e+00
-1.023780e-01 1.006590e-01 2.662949e+00
-3.107410e-01 -9.803900e-02 2.710318e+00
-8.836000e-02 -1.034730e-01 2.449231e+00
-1.120930e-01 -9.537500e-02 2.654155e+00
-4.472680e-01 3.420000e-02 2.717138e+00
-5.615900e-02 2.805360e-01 2.231639e+00
-3.941940e-01 -2.293160e-01 2.645420e+00
-1.414880e-01 3.296730e-01 1.971436e+00
-3.884910e-01 -2.945170e-01 2.643285e+00
-1.620450e-01 3.413490e-01 1.910368e+00
-2.989270e-01 -5.990060e-01 2.716396e+00
-8.155700e-02 -5.859000e-01 2.672527e+00
-2.848860e-01 -1.004092e+00 2.753243e+00
-7.272800e-02 -9.858020e-01 2.747694e+00
-4.112440e-01 -1.017001e+00 2.659480e+00
-1.975400e-01 -1.006315e+00 2.653218e+00
-2.076930e-01 5.187480e-01 2.588220e+00
-3.521470e-01 3.028770e-01 2.692770e+00
-4.561600e-02 2.697520e-01 2.550828e+00
-2.574410e-01 3.249290e-01 2.479655e+00
-1.684430e-01 1.636800e-01 2.709478e+00
-3.523080e-01 -6.897700e-02 2.638464e+00
-4.255700e-02 -7.854400e-02 2.491456e+00
-1.480710e-01 -6.843200e-02 2.668619e+00
-4.347060e-01 5.548900e-02 2.707314e+00
-4.752400e-02 2.949490e-01 2.290847e+00
-4.039080e-01 -2.106520e-01 2.641814e+00
-1.172920e-01 3.701660e-01 2.034831e+00
-3.998330e-01 -2.755590e-01 2.634157e+00
-1.390660e-01 3.940600e-01 1.977881e+00
-2.924740e-01 -5.697980e-01 2.707180e+00
-8.113600e-02 -5.699540e-01 2.657308e+00
-2.830830e-01 -9.713730e-01 2.772747e+00
-7.682100e-02 -9.626170e-01 2.764295e+00
-3.528890e-01 -9.957790e-01 2.633262e+00
-1.419460e-01 -1.001090e+00 2.625720e+00
-2.056600e-01 5.723550e-01 2.563755e+00
-3.413160e-01 3.093110e-01 2.692385e+00
-2.291200e-02 2.793540e-01 2.569359e+00
-2.306850e-01 3.463120e-01 2.489246e+00
-1.623630e-01 1.642150e-01 2.710410e+00
-3.586740e-01 -4.474100e-02 2.622845e+00
-3.658100e-02 -6.388200e-02 2.506489e+00
-1.583310e-01 -4.876800e-02 2.672534e+00
-4.410040e-01 6.461400e-02 2.692168e+00
-2.445400e-02 3.009790e-01 2.306025e+00
-4.054950e-01 -2.069340e-01 2.638886e+00
-1.109290e-01 4.236290e-01 2.070828e+00
-3.987110e-01 -2.706620e-01 2.625434e+00
-1.381950e-01 4.608300e-01 2.024343e+00
-2.904130e-01 -5.499310e-01 2.698555e+00
-8.813700e-02 -5.555420e-01 2.654254e+00
-2.903160e-01 -9.527580e-01 2.756690e+00
-7.496000e-02 -9.530030e-01 2.740860e+00
-3.454440e-01 -9.739020e-01 2.610272e+00
-1.289030e-01 -9.862970e-01 2.596270e+00
-1.985390e-01 5.709760e-01 2.552341e+00
-3.460160e-01 3.294630e-01 2.693819e+00
-2.477800e-02 2.807600e-01 2.583804e+00
-2.250980e-01 3.599810e-01 2.495523e+00
-1.768370e-01 1.740340e-01 2.718761e+00
-3.547410e-01 -3.571300e-02 2.618443e+00
-3.123100e-02 -6.250100e-02 2.507658e+00
-1.553170e-01 -4.241700e-02 2.671432e+00
-4.309770e-01 7.923700e-02 2.673958e+00
-9.385000e-03 2.898610e-01 2.319406e+00
-4.116400e-01 -1.976310e-01 2.638362e+00
-1.037050e-01 4.334860e-01 2.098560e+00
-4.057110e-01 -2.622090e-01 2.629261e+00
-1.360860e-01 4.735700e-01 2.058150e+00
-2.893030e-01 -5.444870e-01 2.690000e+00
-8.786800e-02 -5.518100e-01 2.655516e+00
-2.917870e-01 -9.461970e-01 2.755359e+00
-7.211900e-02 -9.498440e-01 2.739004e+00
-3.448830e-01 -9.697540e-01 2.608558e+00
-1.247530e-01 -9.823910e-01 2.593764e+00
-1.945650e-01 5.771920e-01 2.549329e+00
-3.243590e-01 3.333100e-01 2.707509e+00
-4.142000e-03 2.766990e-01 2.592265e+00
-2.017030e-01 3.737160e-01 2.512070e+00
-1.636490e-01 1.676560e-01 2.719029e+00
-3.578690e-01 -2.582000e-02 2.624403e+00
-3.452400e-02 -5.681000e-02 2.514235e+00
-1.589450e-01 -3.909000e-02 2.678027e+00
-4.370820e-01 9.300000e-02 2.675589e+00
8.345000e-03 2.799120e-01 2.325230e+00
-4.100930e-01 -1.849220e-01 2.634128e+00
-9.691000e-02 4.266910e-01 2.108284e+00
-4.052460e-01 -2.495920e-01 2.625042e+00
-1.332630e-01 4.721910e-01 2.078342e+00
-2.882420e-01 -5.389150e-01 2.682257e+00
-8.664800e-02 -5.451390e-01 2.655973e+00
-2.933880e-01 -9.403150e-01 2.749345e+00
-7.513400e-02 -9.426290e-01 2.742683e+00
-3.460900e-01 -9.641900e-01 2.602453e+00
-1.274750e-01 -9.758190e-01 2.597482e+00
-1.983830e-01 5.662370e-01 2.550662e+00
-3.240510e-01 3.385710e-01 2.702227e+00
1.392000e-03 2.761320e-01 2.606242e+00
-1.880370e-01 3.804140e-01 2.516154e+00
-1.686990e-01 1.683830e-01 2.719648e+00
-3.588870e-01 -2.597500e-02 2.611396e+00
-2.867100e-02 -4.987700e-02 2.521756e+00
-1.635600e-01 -3.627100e-02 2.677456e+00
-4.255540e-01 9.512500e-02 2.652941e+00
2.120000e-02 2.557800e-01 2.339425e+00
-4.182450e-01 -1.875410e-01 2.635075e+00
-8.948400e-02 3.997680e-01 2.121965e+00
-4.078960e-01 -2.504390e-01 2.620076e+00
-1.229660e-01 4.418100e-01 2.084552e+00
-2.870990e-01 -5.360940e-01 2.679389e+00
-8.444500e-02 -5.409140e-01 2.655817e+00
-2.902160e-01 -9.373020e-01 2.747739e+00
-7.309400e-02 -9.386060e-01 2.741613e+00
-3.331610e-01 -9.624910e-01 2.597919e+00
-1.154230e-01 -9.718340e-01 2.593192e+00
-1.965750e-01 5.638550e-01 2.549032e+00
-3.546800e-01 3.189310e-01 2.681673e+00
-1.606700e-02 2.720050e-01 2.635156e+00
-1.936840e-01 3.725320e-01 2.520177e+00
-1.968450e-01 1.540120e-01 2.717610e+00
-3.543480e-01 -4.028900e-02 2.585521e+00
-1.365700e-02 -4.987200e-02 2.546959e+00
-1.711220e-01 -4.668000e-02 2.680440e+00
-4.350740e-01 6.017900e-02 2.664433e+00
5.549900e-02 1.886810e-01 2.386866e+00
-4.079860e-01 -2.224660e-01 2.624911e+00
-6.254000e-02 2.832040e-01 2.143317e+00
-3.974930e-01 -2.869940e-01 2.621135e+00
-1.101520e-01 3.179400e-01 2.114771e+00
-2.882190e-01 -5.408840e-01 2.686385e+00
-8.692400e-02 -5.476160e-01 2.660350e+00
-2.897420e-01 -9.423860e-01 2.753044e+00
-7.370600e-02 -9.463360e-01 2.740952e+00
-3.086510e-01 -9.679870e-01 2.598410e+00
-9.205100e-02 -9.779900e-01 2.587375e+00
-2.066310e-01 5.469740e-01 2.542329e+00
-3.690510e-01 3.014850e-01 2.680675e+00
-2.729600e-02 2.686210e-01 2.646782e+00
-2.043600e-01 3.629270e-01 2.525834e+00
-2.061370e-01 1.427380e-01 2.721421e+00
-3.537380e-01 -5.443100e-02 2.578003e+00
-1.172800e-02 -5.079000e-02 2.552224e+00
-1.740680e-01 -5.526100e-02 2.679691e+00
-4.397830e-01 3.753400e-02 2.669575e+00
8.425300e-02 1.519580e-01 2.426003e+00
-3.980130e-01 -2.435160e-01 2.618006e+00
-4.217300e-02 1.686380e-01 2.166906e+00
-3.915900e-01 -3.082490e-01 2.625528e+00
-8.161600e-02 1.995430e-01 2.124746e+00
-2.892410e-01 -5.481020e-01 2.690722e+00
-8.336600e-02 -5.519790e-01 2.663697e+00
-2.875520e-01 -9.501160e-01 2.754215e+00
-7.612000e-02 -9.510920e-01 2.743102e+00
-2.995480e-01 -9.747230e-01 2.598731e+00
-8.718500e-02 -9.820160e-01 2.588681e+00
-2.165900e-01 5.421750e-01 2.556713e+00
-3.835300e-01 2.871530e-01 2.687664e+00
-4.939100e-02 3.079600e-01 2.604339e+00
-2.557010e-01 3.504480e-01 2.501849e+00
-1.892760e-01 1.668980e-01 2.722388e+00
-3.622210e-01 -5.521300e-02 2.608546e+00
-2.978900e-02 -4.181800e-02 2.525126e+00
-1.679550e-01 -5.063300e-02 2.678276e+00
-4.357500e-01 2.152000e-02 2.659184e+00
7.816100e-02 8.435900e-02 2.515839e+00
-3.982660e-01 -2.602210e-01 2.616387e+00
9.273000e-03 -2.273400e-02 2.258156e+00
-3.910630e-01 -3.249560e-01 2.623147e+00
-2.503100e-02 -6.816500e-02 2.225792e+00
-2.908020e-01 -5.497460e-01 2.690553e+00
-8.867500e-02 -5.422450e-01 2.665452e+00
-2.906610e-01 -9.516630e-01 2.754680e+00
-7.272700e-02 -9.420300e-01 2.740064e+00
-3.278870e-01 -9.758490e-01 2.603175e+00
-1.089030e-01 -9.716170e-01 2.589264e+00
-2.198230e-01 5.593890e-01 2.535979e+00
-3.831800e-01 2.874780e-01 2.682504e+00
-4.673500e-02 3.090080e-01 2.609250e+00
-2.499210e-01 3.537580e-01 2.501609e+00
-1.902180e-01 1.661970e-01 2.720691e+00
-3.645510e-01 -5.409600e-02 2.600895e+00
-2.960100e-02 -3.994800e-02 2.528387e+00
-1.727030e-01 -4.846200e-02 2.676953e+00
-4.373610e-01 2.195600e-02 2.658369e+00
5.441700e-02 6.089400e-02 2.562051e+00
-3.944100e-01 -2.585850e-01 2.613888e+00
2.510500e-02 -1.379220e-01 2.356771e+00
-3.936300e-01 -3.226700e-01 2.627335e+00
5.213000e-03 -1.947950e-01 2.331120e+00
-2.895990e-01 -5.474990e-01 2.691095e+00
-9.004400e-02 -5.415530e-01 2.662673e+00
-2.912650e-01 -9.491820e-01 2.756651e+00
-7.556000e-02 -9.404210e-01 2.742323e+00
-3.229340e-01 -9.739660e-01 2.603984e+00
-1.065740e-01 -9.718170e-01 2.590742e+00
-2.236830e-01 5.626180e-01 2.541235e+00
-3.829870e-01 2.868070e-01 2.676912e+00
-4.459700e-02 2.956880e-01 2.610293e+00
-2.438530e-01 3.470700e-01 2.498352e+00
-1.953480e-01 1.588730e-01 2.719644e+00
-3.721740e-01 -5.676800e-02 2.586201e+00
-3.267200e-02 -4.497600e-02 2.538780e+00
-1.865100e-01 -5.127400e-02 2.676319e+00
-4.360130e-01 1.945100e-02 2.653682e+00
3.135400e-02 3.376900e-02 2.588822e+00
-4.025160e-01 -2.658660e-01 2.623635e+00
3.673400e-02 -2.356530e-01 2.484834e+00
-3.940210e-01 -3.307610e-01 2.625823e+00
1.776600e-02 -2.947250e-01 2.505786e+00
-2.893690e-01 -5.497950e-01 2.691251e+00
-8.912500e-02 -5.460770e-01 2.663557e+00
-2.891830e-01 -9.523510e-01 2.751232e+00
-7.682500e-02 -9.454110e-01 2.741214e+00
-3.093290e-01 -9.754370e-01 2.596359e+00
-9.666800e-02 -9.758970e-01 2.587586e+00
-2.164340e-01 5.558550e-01 2.539511e+00
-3.760890e-01 2.918180e-01 2.668284e+00
-3.553600e-02 2.987040e-01 2.613500e+00
-2.302880e-01 3.553460e-01 2.496295e+00
-1.913560e-01 1.606680e-01 2.713840e+00
-3.777550e-01 -4.764800e-02 2.584891e+00
-3.724900e-02 -4.779600e-02 2.543607e+00
-1.936770e-01 -5.129300e-02 2.678294e+00
-4.375140e-01 2.389300e-02 2.652199e+00
1.998600e-02 2.908500e-02 2.619720e+00
-4.063880e-01 -2.639370e-01 2.625477e+00
3.264000e-03 -2.601230e-01 2.595053e+00
-3.930330e-01 -3.278120e-01 2.620017e+00
-8.392000e-03 -3.232010e-01 2.608225e+00
-2.887940e-01 -5.455210e-01 2.687845e+00
-8.756500e-02 -5.447240e-01 2.662989e+00
-2.895940e-01 -9.473330e-01 2.752617e+00
-7.445900e-02 -9.439310e-01 2.741158e+00
-3.081150e-01 -9.722490e-01 2.597825e+00
-9.259700e-02 -9.746410e-01 2.587365e+00
-2.121450e-01 5.551240e-01 2.530588e+00
-3.802750e-01 2.919460e-01 2.663244e+00
-3.889500e-02 2.874070e-01 2.613602e+00
-2.302130e-01 3.453430e-01 2.491477e+00
-2.000370e-01 1.573580e-01 2.716181e+00
-3.753840e-01 -5.265700e-02 2.582623e+00
-3.414000e-02 -5.414400e-02 2.547995e+00
-1.931840e-01 -5.757500e-02 2.679584e+00
-4.382240e-01 2.257600e-02 2.652384e+00
2.445700e-02 2.003600e-02 2.636731e+00
-4.040660e-01 -2.643080e-01 2.616259e+00
7.639000e-03 -2.694490e-01 2.610465e+00
-3.911160e-01 -3.280220e-01 2.624072e+00
-1.736000e-03 -3.314090e-01 2.629474e+00
-2.881620e-01 -5.505590e-01 2.688412e+00
-8.503000e-02 -5.496990e-01 2.668688e+00
-2.903940e-01 -9.531100e-01 2.748383e+00
-7.295000e-02 -9.501000e-01 2.740677e+00
-3.060340e-01 -9.761740e-01 2.592987e+00
-8.843800e-02 -9.783550e-01 2.586125e+00
-2.137900e-01 5.471120e-01 2.521772e+00
-3.794990e-01 2.973650e-01 2.664533e+00
-3.737300e-02 2.989360e-01 2.620121e+00
-2.278000e-01 3.535620e-01 2.495113e+00
-1.977260e-01 1.659600e-01 2.720150e+00
-3.750740e-01 -4.898700e-02 2.580418e+00
-3.316300e-02 -4.773000e-02 2.553131e+00
-1.949670e-01 -5.178000e-02 2.681294e+00
-4.323820e-01 2.770800e-02 2.644371e+00
2.242900e-02 3.049100e-02 2.636827e+00
-4.057140e-01 -2.606850e-01 2.616767e+00
1.209400e-02 -2.587340e-01 2.607072e+00
-3.909140e-01 -3.244540e-01 2.615134e+00
-4.950000e-04 -3.224240e-01 2.615638e+00
-2.889670e-01 -5.471740e-01 2.684412e+00
-8.952600e-02 -5.452340e-01 2.670551e+00
-2.878370e-01 -9.491080e-01 2.748420e+00
-7.325400e-02 -9.455790e-01 2.742022e+00
-3.000760e-01 -9.738960e-01 2.592985e+00
-8.554100e-02 -9.737250e-01 2.587163e+00
-2.078220e-01 5.593640e-01 2.531740e+00
