-3.714530e-01 3.467180e-01 2.788580e+00
2.584400e-02 3.691020e-01 2.642190e+00
-1.411250e-01 2.283130e-01 2.781545e+00
-1.484400e-02 7.716700e-02 2.595436e+00
-4.060830e-01 6.640500e-02 2.716121e+00
-4.053470e-01 -2.460260e-01 2.658110e+00
-3.847110e-01 -3.225090e-01 2.680956e+00
-2.893990e-01 -5.208080e-01 2.698426e+00
-2.982790e-01 -9.651590e-01 2.809050e+00
-3.725910e-01 -1.013302e+00 2.609705e+00
-1.800510e-01 6.627490e-01 2.597546e+00
2.590500e-02 3.688910e-01 2.638540e+00
-1.409930e-01 2.285530e-01 2.778435e+00
-2.117400e-02 7.231400e-02 2.592259e+00
-4.051580e-01 6.953700e-02 2.719395e+00
-4.152930e-01 -2.413230e-01 2.653287e+00
-3.908060e-01 -3.126740e-01 2.686557e+00
-2.940820e-01 -5.128410e-01 2.700792e+00
-2.635580e-01 -9.637310e-01 2.775158e+00
-3.461490e-01 -1.002016e+00 2.576937e+00
-1.806740e-01 6.667300e-01 2.603297e+00
2.979000e-02 3.680480e-01 2.642233e+00
-2.090410e-01 4.428090e-01 2.617365e+00
-1.391930e-01 2.280130e-01 2.779910e+00
-3.478610e-01 6.326600e-02 2.707570e+00
-2.453900e-02 9.901200e-02 2.592637e+00
-1.403870e-01 5.095800e-02 2.769594e+00
-4.110460e-01 6.954100e-02 2.721528e+00
5.237000e-02 7.702000e-02 2.642524e+00
-4.060050e-01 -2.415610e-01 2.655301e+00
5.767900e-02 -2.408190e-01 2.630439e+00
-3.882060e-01 -3.116050e-01 2.694981e+00
1.904700e-02 -3.136490e-01 2.631260e+00
-2.796520e-01 -5.100640e-01 2.700295e+00
-2.609800e-02 -4.762800e-01 2.709594e+00
-2.892660e-01 -9.577380e-01 2.796522e+00
-1.688210e-01 -9.013170e-01 2.803073e+00
-3.612000e-01 -9.995350e-01 2.594886e+00
-1.619530e-01 -9.503440e-01 2.590641e+00
-1.798070e-01 6.631300e-01 2.608478e+00
-3.698790e-01 3.483180e-01 2.789234e+00
2.645300e-02 3.692100e-01 2.640034e+00
-2.132710e-01 4.412680e-01 2.615791e+00
-1.403560e-01 2.285340e-01 2.779695e+00
-3.384760e-01 5.903000e-02 2.706799e+00
-1.352400e-02 8.723200e-02 2.594388e+00
-1.318320e-01 4.328300e-02 2.770784e+00
-4.064910e-01 6.707400e-02 2.720264e+00
6.464800e-02 7.985500e-02 2.636750e+00
-4.060800e-01 -2.437160e-01 2.652505e+00
6.082000e-02 -2.381580e-01 2.630877e+00
-3.850080e-01 -3.144540e-01 2.689241e+00
2.682100e-02 -3.125010e-01 2.641587e+00
-2.889790e-01 -5.152030e-01 2.703289e+00
-4.466100e-02 -4.976560e-01 2.682884e+00
-2.834080e-01 -9.630900e-01 2.798839e+00
-1.380730e-01 -9.451090e-01 2.711582e+00
-3.574040e-01 -1.006781e+00 2.598354e+00
-1.814880e-01 -9.497520e-01 2.497872e+00
-1.799950e-01 6.625340e-01 2.606860e+00
-3.711720e-01 3.409670e-01 2.789574e+00
2.482900e-02 3.683810e-01 2.640554e+00
-2.153050e-01 4.398600e-01 2.618772e+00
-1.410380e-01 2.227340e-01 2.776182e+00
-3.365480e-01 8.437300e-02 2.716209e+00
-1.741200e-02 6.805500e-02 2.586166e+00
-1.313030e-01 3.727100e-02 2.768169e+00
-4.091200e-01 5.944800e-02 2.722064e+00
7.508400e-02 8.081700e-02 2.634959e+00
-4.010350e-01 -2.510260e-01 2.652879e+00
4.546400e-02 -2.359440e-01 2.629352e+00
-3.824160e-01 -3.165110e-01 2.699381e+00
1.801700e-02 -3.136740e-01 2.627885e+00
-2.833430e-01 -5.029590e-01 2.706407e+00
-4.967000e-02 -4.964700e-01 2.686591e+00
-3.128680e-01 -9.593960e-01 2.730025e+00
-1.136740e-01 -9.492450e-01 2.712328e+00
-3.948360e-01 -9.645500e-01 2.527953e+00
-1.824110e-01 -9.512960e-01 2.505327e+00
-1.797240e-01 6.627000e-01 2.602167e+00
-3.704160e-01 3.442850e-01 2.785824e+00
2.782800e-02 3.708220e-01 2.642740e+00
-2.122000e-01 4.409200e-01 2.615892e+00
-1.396370e-01 2.268030e-01 2.778142e+00
-3.366500e-01 6.393500e-02 2.710610e+00
-1.399400e-02 8.034300e-02 2.589578e+00
-1.290730e-01 4.097900e-02 2.769164e+00
-4.050630e-01 6.346200e-02 2.715048e+00
6.977600e-02 8.235500e-02 2.632799e+00
-4.092610e-01 -2.490130e-01 2.656948e+00
5.681300e-02 -2.352350e-01 2.631214e+00
-3.836430e-01 -3.259420e-01 2.671883e+00
2.578700e-02 -3.109660e-01 2.641186e+00
-2.851170e-01 -5.146600e-01 2.704764e+00
-4.932100e-02 -5.004380e-01 2.683458e+00
-3.259440e-01 -9.646500e-01 2.779638e+00
-7.897300e-02 -9.534520e-01 2.743980e+00
-4.016830e-01 -9.915200e-01 2.576857e+00
-1.462200e-01 -9.765990e-01 2.537776e+00
-1.788150e-01 6.628960e-01 2.607168e+00
-3.719240e-01 3.379560e-01 2.781664e+00
2.573100e-02 3.698580e-01 2.638037e+00
-2.157900e-01 4.338520e-01 2.609402e+00
-1.385580e-01 2.255350e-01 2.776961e+00
-3.338060e-01 5.993100e-02 2.712214e+00
-9.197000e-03 6.869100e-02 2.595694e+00
-1.273500e-01 3.800300e-02 2.774975e+00
-4.023510e-01 5.593000e-02 2.714176e+00
7.381400e-02 8.228400e-02 2.635014e+00
-4.050230e-01 -2.556960e-01 2.652086e+00
5.301400e-02 -2.347920e-01 2.633269e+00
-3.755700e-01 -3.250700e-01 2.685510e+00
1.971400e-02 -3.098180e-01 2.625551e+00
-2.901950e-01 -5.225950e-01 2.703568e+00
-5.266100e-02 -5.134450e-01 2.686084e+00
-3.092000e-01 -9.719930e-01 2.789852e+00
-9.480700e-02 -9.656440e-01 2.745274e+00
-3.848350e-01 -1.007480e+00 2.588361e+00
-1.588510e-01 -9.868260e-01 2.537842e+00
-1.795880e-01 6.642900e-01 2.600050e+00
-3.707190e-01 3.452960e-01 2.785368e+00
2.690500e-02 3.696730e-01 2.640189e+00
-2.138070e-01 4.365390e-01 2.611295e+00
-1.389220e-01 2.296400e-01 2.781655e+00
-3.370080e-01 5.834300e-02 2.710796e+00
-1.332100e-02 7.066600e-02 2.592054e+00
-1.297860e-01 4.235500e-02 2.772825e+00
-4.058490e-01 6.420700e-02 2.716269e+00
7.059500e-02 8.142100e-02 2.635506e+00
-4.030890e-01 -2.469290e-01 2.651774e+00
5.359900e-02 -2.358830e-01 2.633854e+00
-3.854540e-01 -3.106590e-01 2.701019e+00
2.026500e-02 -3.112760e-01 2.635294e+00
-2.891860e-01 -5.246230e-01 2.699585e+00
-5.162100e-02 -5.126570e-01 2.688282e+00
-3.210750e-01 -9.709780e-01 2.797130e+00
-8.371900e-02 -9.662060e-01 2.743302e+00
-3.974480e-01 -1.009377e+00 2.596453e+00
-1.505130e-01 -9.865480e-01 2.536655e+00
-1.821240e-01 6.668280e-01 2.606947e+00
-3.713600e-01 3.423180e-01 2.784545e+00
2.680500e-02 3.695480e-01 2.641369e+00
-2.133500e-01 4.392340e-01 2.614580e+00
-1.403800e-01 2.252340e-01 2.776803e+00
-3.318180e-01 8.696700e-02 2.714412e+00
-1.222100e-02 5.871000e-02 2.587586e+00
-1.281030e-01 3.703000e-02 2.769645e+00
-4.045980e-01 6.157700e-02 2.714819e+00
8.124800e-02 8.356400e-02 2.635828e+00
-4.062920e-01 -2.488540e-01 2.649087e+00
4.553600e-02 -2.316700e-01 2.629293e+00
-3.822770e-01 -3.212990e-01 2.680269e+00
2.028900e-02 -3.100310e-01 2.624872e+00
-2.746600e-01 -5.058910e-01 2.701854e+00
-4.870800e-02 -5.040450e-01 2.686976e+00
-3.161510e-01 -9.605540e-01 2.738236e+00
-8.355900e-02 -9.572580e-01 2.743081e+00
-3.967340e-01 -9.694050e-01 2.535735e+00
-1.586900e-01 -9.767160e-01 2.539230e+00
-1.797790e-01 6.653100e-01 2.602958e+00
-3.705780e-01 3.461350e-01 2.784652e+00
2.756800e-02 3.686340e-01 2.640605e+00
-2.123260e-01 4.386980e-01 2.612501e+00
-1.400810e-01 2.279720e-01 2.779271e+00
-3.426480e-01 6.791800e-02 2.709568e+00
-1.753900e-02 6.831300e-02 2.594118e+00
-1.370510e-01 4.042200e-02 2.772955e+00
-4.109480e-01 6.406000e-02 2.722847e+00
6.731500e-02 7.981000e-02 2.636490e+00
-4.063910e-01 -2.447100e-01 2.647951e+00
5.176600e-02 -2.375150e-01 2.630820e+00
-3.851790e-01 -3.159050e-01 2.683708e+00
1.700500e-02 -3.122730e-01 2.630333e+00
-2.845610e-01 -5.187570e-01 2.697891e+00
-4.949800e-02 -5.080640e-01 2.687883e+00
-3.133190e-01 -9.692250e-01 2.775450e+00
-9.508600e-02 -9.604390e-01 2.743041e+00
-3.865870e-01 -9.995340e-01 2.572247e+00
-1.565790e-01 -9.796510e-01 2.534647e+00
-1.798180e-01 6.645530e-01 2.597691e+00
-3.709370e-01 3.438830e-01 2.785201e+00
2.780300e-02 3.694220e-01 2.643320e+00
-2.122460e-01 4.387490e-01 2.614715e+00
-1.399200e-01 2.267410e-01 2.779817e+00
-3.406470e-01 6.607200e-02 2.708889e+00
-1.461800e-02 6.951100e-02 2.596111e+00
-1.352330e-01 4.215500e-02 2.774290e+00
-4.108350e-01 6.219600e-02 2.721380e+00
6.858400e-02 8.075400e-02 2.638904e+00
-4.065960e-01 -2.472130e-01 2.649189e+00
5.501600e-02 -2.365800e-01 2.630002e+00
-3.853110e-01 -3.248020e-01 2.667198e+00
1.834600e-02 -3.102720e-01 2.625293e+00
-2.868500e-01 -5.195400e-01 2.700227e+00
-4.596600e-02 -5.095980e-01 2.683968e+00
-2.960720e-01 -9.697560e-01 2.783803e+00
-1.503090e-01 -9.514410e-01 2.744398e+00
-3.689720e-01 -1.005834e+00 2.581411e+00
-1.882060e-01 -9.717380e-01 2.530551e+00
-1.792670e-01 6.647660e-01 2.602523e+00
-3.696320e-01 3.475800e-01 2.789646e+00
2.798200e-02 3.684960e-01 2.643902e+00
-2.111190e-01 4.423570e-01 2.618945e+00
-1.407430e-01 2.265990e-01 2.779981e+00
-3.403840e-01 5.915900e-02 2.711955e+00
-1.724100e-02 7.276600e-02 2.591879e+00
-1.328800e-01 4.260600e-02 2.772881e+00
-4.049730e-01 6.677700e-02 2.717564e+00
6.795400e-02 7.924100e-02 2.638561e+00
-4.099120e-01 -2.434710e-01 2.646704e+00
5.159300e-02 -2.385380e-01 2.631612e+00
-3.809230e-01 -3.150830e-01 2.675492e+00
2.092400e-02 -3.150110e-01 2.628648e+00
-2.884000e-01 -5.235780e-01 2.699463e+00
-4.845000e-02 -5.101580e-01 2.684623e+00
-2.817470e-01 -9.721820e-01 2.791519e+00
-1.907720e-01 -9.417030e-01 2.741874e+00
-3.609010e-01 -1.014165e+00 2.592646e+00
-2.125680e-01 -9.631660e-01 2.525905e+00
-1.833130e-01 6.611980e-01 2.600181e+00
-3.720470e-01 3.417570e-01 2.782488e+00
2.791700e-02 3.693140e-01 2.644482e+00
-2.121290e-01 4.377540e-01 2.613791e+00
-1.405150e-01 2.255640e-01 2.778969e+00
-3.392460e-01 6.295900e-02 2.699868e+00
-8.642000e-03 6.869100e-02 2.601413e+00
-1.366360e-01 4.263900e-02 2.774569e+00
-4.075480e-01 6.059100e-02 2.711871e+00
6.894500e-02 8.017700e-02 2.640289e+00
-4.003360e-01 -2.503940e-01 2.644463e+00
5.255900e-02 -2.375830e-01 2.632083e+00
-3.745790e-01 -3.255790e-01 2.666398e+00
2.189900e-02 -3.140780e-01 2.634501e+00
-2.871400e-01 -5.217310e-01 2.698959e+00
-4.928000e-02 -5.133140e-01 2.685963e+00
-2.843430e-01 -9.684530e-01 2.799929e+00
-2.281510e-01 -9.315600e-01 2.739255e+00
-3.502290e-01 -1.014688e+00 2.597198e+00
-2.094740e-01 -9.668700e-01 2.524819e+00
-1.815350e-01 6.620560e-01 2.595916e+00
-3.732700e-01 3.414130e-01 2.781293e+00
2.779400e-02 3.705140e-01 2.646843e+00
-2.122210e-01 4.380880e-01 2.614065e+00
-1.412910e-01 2.260730e-01 2.779762e+00
-3.404290e-01 5.741100e-02 2.704617e+00
-1.618800e-02 7.468100e-02 2.588020e+00
-1.333880e-01 4.818400e-02 2.768591e+00
-4.047090e-01 6.143000e-02 2.704713e+00
7.149400e-02 8.184100e-02 2.645481e+00
-4.053810e-01 -2.511640e-01 2.645365e+00
6.085400e-02 -2.360120e-01 2.635790e+00
-3.681380e-01 -3.234350e-01 2.659049e+00
2.659600e-02 -3.108630e-01 2.640396e+00
-2.880540e-01 -5.250240e-01 2.694437e+00
-4.026000e-02 -5.094180e-01 2.684962e+00
-2.669500e-01 -9.678050e-01 2.809603e+00
-2.307750e-01 -9.223420e-01 2.739384e+00
-3.464190e-01 -1.022478e+00 2.613966e+00
-2.005660e-01 -9.642110e-01 2.527457e+00
-1.791950e-01 6.596590e-01 2.593936e+00
-3.768070e-01 3.501550e-01 2.780591e+00
2.785800e-02 3.656890e-01 2.654969e+00
-2.086640e-01 4.428230e-01 2.618146e+00
-1.493920e-01 2.260600e-01 2.782273e+00
-3.415720e-01 6.119500e-02 2.702711e+00
-1.322300e-02 8.203000e-02 2.598894e+00
-1.370430e-01 4.709200e-02 2.773513e+00
-4.078450e-01 7.122600e-02 2.700343e+00
6.719600e-02 7.645900e-02 2.653162e+00
-4.074240e-01 -2.422100e-01 2.646024e+00
6.775800e-02 -2.413070e-01 2.638414e+00
-3.700080e-01 -3.156440e-01 2.648222e+00
2.873800e-02 -3.136190e-01 2.631645e+00
-2.847680e-01 -5.187530e-01 2.695323e+00
-3.687400e-02 -5.021480e-01 2.682629e+00
-3.044190e-01 -9.720690e-01 2.757629e+00
-2.183760e-01 -9.219000e-01 2.707723e+00
-3.702760e-01 -9.975790e-01 2.551254e+00
-1.857380e-01 -9.488050e-01 2.493738e+00
-1.767130e-01 6.624030e-01 2.606319e+00
-3.759510e-01 3.527100e-01 2.781379e+00
2.964600e-02 3.702220e-01 2.659066e+00
-2.064880e-01 4.484830e-01 2.622138e+00
-1.487330e-01 2.282460e-01 2.782128e+00
-3.435940e-01 6.243500e-02 2.696178e+00
-1.289000e-02 7.943300e-02 2.599376e+00
-1.407860e-01 4.858100e-02 2.771814e+00
-4.106770e-01 7.537400e-02 2.696816e+00
6.750000e-02 8.067800e-02 2.657316e+00
-4.075600e-01 -2.375270e-01 2.638893e+00
6.567700e-02 -2.372070e-01 2.642543e+00
-3.747430e-01 -3.131580e-01 2.639485e+00
2.732100e-02 -3.068470e-01 2.620714e+00
-2.825550e-01 -5.195460e-01 2.692725e+00
-3.637900e-02 -5.024850e-01 2.691159e+00
-2.862120e-01 -9.679010e-01 2.786147e+00
-2.171260e-01 -9.230280e-01 2.706589e+00
-3.493640e-01 -1.009996e+00 2.581652e+00
-1.767130e-01 -9.482070e-01 2.493724e+00
-1.763190e-01 6.658760e-01 2.614380e+00
-3.815170e-01 3.582700e-01 2.770304e+00
2.831400e-02 3.693210e-01 2.662171e+00
-2.056420e-01 4.485110e-01 2.614828e+00
-1.556000e-01 2.320300e-01 2.782366e+00
-3.529230e-01 6.330700e-02 2.684211e+00
-1.755000e-02 8.521400e-02 2.606297e+00
-1.545730e-01 5.358700e-02 2.771428e+00
-4.207120e-01 8.178800e-02 2.682875e+00
6.119300e-02 7.881800e-02 2.674400e+00
-4.104040e-01 -2.335830e-01 2.636792e+00
7.385700e-02 -2.377700e-01 2.638335e+00
-3.714840e-01 -3.062440e-01 2.635032e+00
3.273600e-02 -3.027390e-01 2.608579e+00
-2.794260e-01 -5.179420e-01 2.687643e+00
-2.970300e-02 -4.977540e-01 2.687909e+00
-2.992260e-01 -9.625600e-01 2.795747e+00
-2.726550e-01 -8.855850e-01 2.705945e+00
-3.485620e-01 -1.010681e+00 2.588796e+00
-1.343470e-01 -9.787650e-01 2.565350e+00
-1.784970e-01 6.656740e-01 2.602932e+00
-3.825360e-01 3.664800e-01 2.742403e+00
3.693400e-02 3.706940e-01 2.680733e+00
-1.891740e-01 4.514200e-01 2.605858e+00
-1.610950e-01 2.380480e-01 2.782269e+00
-3.443780e-01 6.985500e-02 2.660292e+00
-1.648000e-03 8.612600e-02 2.624290e+00
-1.584960e-01 5.791500e-02 2.771419e+00
-4.114710e-01 8.843600e-02 2.658146e+00
1.103670e-01 8.945100e-02 2.708211e+00
-4.121120e-01 -2.276910e-01 2.622046e+00
1.397120e-01 -1.791610e-01 2.540204e+00
-3.760910e-01 -2.979720e-01 2.598373e+00
1.214570e-01 -2.434150e-01 2.491875e+00
-2.825690e-01 -5.119630e-01 2.678974e+00
-1.568800e-02 -4.957270e-01 2.692996e+00
-2.948230e-01 -9.525100e-01 2.803602e+00
-2.835850e-01 -8.669830e-01 2.705825e+00
-3.219660e-01 -1.010725e+00 2.595149e+00
-1.236760e-01 -9.854580e-01 2.616544e+00
-1.845820e-01 6.675820e-01 2.593265e+00
-3.837080e-01 3.622680e-01 2.729627e+00
3.852000e-02 3.680390e-01 2.691333e+00
-1.832870e-01 4.495790e-01 2.605304e+00
-1.645160e-01 2.335600e-01 2.779718e+00
-3.461340e-01 7.532100e-02 2.652432e+00
-2.081000e-03 8.554600e-02 2.629029e+00
-1.646480e-01 5.779100e-02 2.769903e+00
-4.081690e-01 8.374200e-02 2.651022e+00
1.362190e-01 9.533300e-02 2.712312e+00
-4.133930e-01 -2.291120e-01 2.603306e+00
1.900280e-01 -4.388300e-02 2.433197e+00
-3.837910e-01 -2.995270e-01 2.572275e+00
2.046000e-01 -9.628000e-02 2.371232e+00
-2.803110e-01 -5.084200e-01 2.673330e+00
9.550000e-03 -4.824490e-01 2.717874e+00
-2.893880e-01 -9.524410e-01 2.785252e+00
-3.368330e-01 -7.664570e-01 2.622365e+00
-3.078430e-01 -1.005209e+00 2.574413e+00
-2.141400e-01 -9.363990e-01 2.682738e+00
-1.803210e-01 6.622960e-01 2.591630e+00
-3.803460e-01 3.633880e-01 2.666487e+00
3.978500e-02 3.714440e-01 2.723067e+00
-1.564160e-01 4.400600e-01 2.581488e+00
-1.790810e-01 2.440300e-01 2.777690e+00
-3.194330e-01 9.035400e-02 2.626254e+00
2.215100e-02 6.677300e-02 2.668554e+00
-1.661110e-01 5.559700e-02 2.775681e+00
-4.067780e-01 7.814000e-02 2.652503e+00
2.015060e-01 1.348110e-01 2.712470e+00
-4.169390e-01 -2.273880e-01 2.587342e+00
2.334350e-01 1.555260e-01 2.402232e+00
-3.810310e-01 -2.987400e-01 2.566926e+00
2.428530e-01 1.594970e-01 2.320421e+00
-2.419470e-01 -5.040310e-01 2.670445e+00
4.018100e-02 -4.743530e-01 2.778392e+00
-2.789360e-01 -9.471880e-01 2.780023e+00
-2.862460e-01 -7.127770e-01 2.563070e+00
-2.534610e-01 -1.001190e+00 2.570230e+00
-2.056090e-01 -8.978270e-01 2.645730e+00
-1.885150e-01 6.721790e-01 2.578503e+00
-3.784490e-01 3.652840e-01 2.638985e+00
3.852800e-02 3.851610e-01 2.713217e+00
-1.517920e-01 4.374890e-01 2.557372e+00
-1.810800e-01 2.597520e-01 2.769477e+00
-2.957420e-01 8.622300e-02 2.624557e+00
4.232300e-02 4.983300e-02 2.682974e+00
-1.501000e-01 5.778100e-02 2.782744e+00
-4.125240e-01 8.179400e-02 2.650619e+00
2.635570e-01 2.097700e-01 2.696977e+00
-4.383490e-01 -2.193190e-01 2.575446e+00
2.652060e-01 4.278970e-01 2.474705e+00
-4.006420e-01 -2.922890e-01 2.568314e+00
2.247200e-01 4.494400e-01 2.406191e+00
-2.690260e-01 -5.094870e-01 2.683067e+00
-2.806000e-02 -5.280990e-01 2.686796e+00
-3.674750e-01 -9.537320e-01 2.735212e+00
-3.417280e-01 -7.370450e-01 2.426570e+00
-3.328200e-01 -9.863970e-01 2.522349e+00
-2.583400e-01 -9.309100e-01 2.481718e+00
-1.930960e-01 6.715540e-01 2.558072e+00
-3.779640e-01 3.609180e-01 2.631637e+00
4.032600e-02 3.984110e-01 2.689984e+00
-1.562270e-01 4.322090e-01 2.536776e+00
-1.735480e-01 2.721880e-01 2.763779e+00
-2.848580e-01 8.430000e-02 2.621264e+00
5.626300e-02 7.017000e-02 2.670878e+00
-1.332180e-01 7.733000e-02 2.776185e+00
-4.093550e-01 7.678500e-02 2.655239e+00
2.974790e-01 2.809810e-01 2.641438e+00
-4.554720e-01 -2.258520e-01 2.592027e+00
2.501400e-01 5.528380e-01 2.494589e+00
-4.073480e-01 -2.871920e-01 2.565215e+00
2.140190e-01 5.944770e-01 2.433280e+00
-2.903490e-01 -5.003510e-01 2.668250e+00
-3.981600e-02 -5.176910e-01 2.683796e+00
-3.737250e-01 -9.453490e-01 2.737457e+00
-3.808540e-01 -7.305420e-01 2.464362e+00
-3.481710e-01 -9.833050e-01 2.524185e+00
-2.902290e-01 -9.234730e-01 2.510657e+00
-2.004470e-01 6.683040e-01 2.538259e+00
-3.882840e-01 3.470400e-01 2.639574e+00
3.224100e-02 4.008180e-01 2.633059e+00
-1.855460e-01 4.172720e-01 2.508376e+00
-1.635990e-01 2.744640e-01 2.746202e+00
-2.874900e-01 8.337300e-02 2.630232e+00
5.731000e-02 7.167000e-02 2.631383e+00
-1.154120e-01 8.095000e-02 2.762245e+00
-4.196970e-01 6.323000e-02 2.667238e+00
3.038150e-01 3.283230e-01 2.575675e+00
-4.574590e-01 -2.421070e-01 2.611681e+00
2.307880e-01 6.198560e-01 2.489545e+00
-4.092460e-01 -3.021900e-01 2.582305e+00
1.901490e-01 6.841150e-01 2.457659e+00
-2.866820e-01 -5.006150e-01 2.676890e+00
-3.543300e-02 -5.151330e-01 2.683153e+00
-3.093330e-01 -9.496210e-01 2.764320e+00
-4.034300e-01 -7.372580e-01 2.525030e+00
-3.210290e-01 -9.906830e-01 2.550414e+00
-3.063640e-01 -9.280120e-01 2.567095e+00
-2.283710e-01 6.594480e-01 2.524484e+00
-3.949710e-01 3.517190e-01 2.650737e+00
2.085700e-02 4.031810e-01 2.585812e+00
-2.120360e-01 4.206250e-01 2.492513e+00
-1.580450e-01 2.780870e-01 2.725332e+00
-3.089630e-01 8.235900e-02 2.652451e+00
3.209300e-02 9.688400e-02 2.602500e+00
-1.197730e-01 9.806600e-02 2.757353e+00
-4.303040e-01 6.840900e-02 2.683039e+00
2.843240e-01 3.484690e-01 2.485073e+00
-4.494370e-01 -2.427280e-01 2.653448e+00
2.014150e-01 6.475580e-01 2.443607e+00
-4.244450e-01 -3.040030e-01 2.604273e+00
1.707510e-01 7.234670e-01 2.453350e+00
-2.846990e-01 -4.964600e-01 2.683789e+00
-2.807400e-02 -4.959480e-01 2.677717e+00
-2.831420e-01 -9.447160e-01 2.777748e+00
-2.875810e-01 -8.651000e-01 2.599319e+00
-3.282030e-01 -9.886500e-01 2.568899e+00
-1.390340e-01 -9.395110e-01 2.457985e+00
-2.617170e-01 6.487930e-01 2.495812e+00
-3.941920e-01 3.450000e-01 2.685126e+00
-1.352500e-02 3.860330e-01 2.502959e+00
-2.634280e-01 3.950470e-01 2.476215e+00
-1.442850e-01 2.780790e-01 2.698837e+00
-2.980480e-01 8.458300e-02 2.673373e+00
1.706800e-02 7.602800e-02 2.533181e+00
-8.722200e-02 1.005040e-01 2.721777e+00
-4.216670e-01 6.267600e-02 2.737100e+00
1.858380e-01 3.379510e-01 2.300214e+00
-4.222700e-01 -2.512960e-01 2.723337e+00
1.494970e-01 6.499890e-01 2.309116e+00
-4.241840e-01 -3.194430e-01 2.676972e+00
1.474410e-01 7.249500e-01 2.343380e+00
-2.794480e-01 -4.995660e-01 2.699119e+00
-3.447200e-02 -5.026860e-01 2.684682e+00
-2.881060e-01 -9.537160e-01 2.757743e+00
-1.420860e-01 -9.459140e-01 2.643062e+00
-3.843830e-01 -9.769670e-01 2.563402e+00
-2.102080e-01 -9.102080e-01 2.438947e+00
-2.852030e-01 6.511140e-01 2.472880e+00
-3.754410e-01 3.427930e-01 2.704439e+00
-2.206100e-02 3.819080e-01 2.473422e+00
-2.727210e-01 4.003500e-01 2.482214e+00
-1.288390e-01 2.672990e-01 2.679780e+00
-3.109400e-01 6.214400e-02 2.690318e+00
-1.935800e-02 6.809800e-02 2.506009e+00
-9.700400e-02 9.377300e-02 2.706897e+00
-4.197190e-01 6.704800e-02 2.768209e+00
4.967300e-02 2.623860e-01 2.223160e+00
-3.932880e-01 -2.440140e-01 2.766687e+00
8.964300e-02 5.591190e-01 2.134772e+00
-4.147390e-01 -3.224520e-01 2.753094e+00
9.697900e-02 6.399790e-01 2.149100e+00
-2.801710e-01 -5.171720e-01 2.705840e+00
-3.046400e-02 -5.080530e-01 2.687949e+00
-2.868800e-01 -9.711940e-01 2.765698e+00
-1.321590e-01 -9.534990e-01 2.656318e+00
-4.096070e-01 -9.929800e-01 2.586695e+00
-2.318580e-01 -9.172040e-01 2.465736e+00
-3.067410e-01 6.436700e-01 2.469762e+00
-3.491570e-01 3.276110e-01 2.783480e+00
-1.080810e-01 3.673570e-01 2.436956e+00
-3.390330e-01 3.730580e-01 2.536336e+00
-1.232810e-01 2.636610e-01 2.673887e+00
-2.825630e-01 5.895700e-02 2.738056e+00
-7.669900e-02 4.888000e-02 2.461392e+00
-7.700500e-02 8.720100e-02 2.674875e+00
-4.065250e-01 5.183000e-02 2.833630e+00
-5.095400e-02 1.873150e-01 2.222056e+00
-3.652010e-01 -2.572060e-01 2.830474e+00
-1.593020e-01 1.013300e-01 1.942612e+00
-3.885400e-01 -3.278690e-01 2.865963e+00
-1.874660e-01 7.763800e-02 1.868836e+00
-2.827780e-01 -5.217710e-01 2.723143e+00
-2.678700e-02 -5.112390e-01 2.691850e+00
-2.918580e-01 -9.780620e-01 2.761611e+00
-1.483560e-01 -9.522570e-01 2.669763e+00
-4.721000e-01 -9.848170e-01 2.638950e+00
-3.206090e-01 -8.986340e-01 2.547157e+00
-3.007150e-01 6.178090e-01 2.431608e+00
-3.327460e-01 3.297210e-01 2.780033e+00
-1.116100e-01 3.264020e-01 2.418282e+00
-3.347210e-01 3.575200e-01 2.530091e+00
-1.198240e-01 2.404050e-01 2.662531e+00
-2.552800e-01 3.374100e-02 2.777791e+00
-7.742000e-02 4.915100e-02 2.482573e+00
-5.862900e-02 7.653200e-02 2.696912e+00
-4.079340e-01 6.334100e-02 2.852489e+00
-1.473920e-01 1.029100e-01 2.235211e+00
-3.946140e-01 -2.476040e-01 2.871389e+00
-2.806330e-01 -1.216150e-01 2.054987e+00
-4.209120e-01 -3.142100e-01 2.912248e+00
-3.336390e-01 -1.600890e-01 2.004913e+00
-2.871650e-01 -5.316110e-01 2.743218e+00
-2.825500e-02 -5.272770e-01 2.684607e+00
-2.887020e-01 -9.893340e-01 2.759049e+00
-1.281830e-01 -9.715930e-01 2.636012e+00
-4.855450e-01 -9.919230e-01 2.665111e+00
-3.284370e-01 -9.190450e-01 2.567343e+00
-3.231020e-01 5.949660e-01 2.416103e+00
-3.299870e-01 2.689640e-01 2.772220e+00
-1.154220e-01 3.223690e-01 2.410438e+00
-3.392340e-01 3.126660e-01 2.524727e+00
-1.077460e-01 2.201110e-01 2.648355e+00
-2.382390e-01 -6.962000e-03 2.799922e+00
-5.258600e-02 4.842700e-02 2.514457e+00
-4.398000e-02 6.039300e-02 2.730852e+00
-3.641260e-01 -9.931000e-03 2.826192e+00
-2.058160e-01 6.062100e-02 2.308298e+00
-3.084410e-01 -3.167220e-01 2.826153e+00
-3.155650e-01 -2.158830e-01 2.185976e+00
-3.238960e-01 -3.895400e-01 2.861594e+00
-3.624960e-01 -2.794090e-01 2.162328e+00
-2.854530e-01 -5.484890e-01 2.754387e+00
-4.089200e-02 -5.487830e-01 2.663433e+00
-2.733160e-01 -1.006258e+00 2.746385e+00
-1.618610e-01 -9.896420e-01 2.635611e+00
-4.759450e-01 -1.010221e+00 2.665736e+00
-3.548090e-01 -9.314320e-01 2.552177e+00
-3.410020e-01 5.686250e-01 2.426674e+00
-3.024460e-01 3.218660e-01 2.823241e+00
-1.651600e-01 3.088960e-01 2.422292e+00
-3.616150e-01 3.065700e-01 2.579288e+00
-1.017010e-01 2.650880e-01 2.669626e+00
-1.824310e-01 2.084600e-02 2.840381e+00
-7.610200e-02 1.970000e-02 2.512177e+00
-7.336000e-03 4.974300e-02 2.715678e+00
-2.901760e-01 6.062300e-02 2.939270e+00
-2.386040e-01 3.183700e-02 2.349924e+00
-2.006950e-01 -2.326370e-01 2.995956e+00
-3.435060e-01 -2.651880e-01 2.282376e+00
-1.998570e-01 -2.973520e-01 3.047030e+00
-3.941970e-01 -3.284470e-01 2.267338e+00
-2.769380e-01 -5.414810e-01 2.755129e+00
-5.083900e-02 -5.676880e-01 2.649742e+00
-2.659170e-01 -9.992230e-01 2.744400e+00
-1.297860e-01 -1.018364e+00 2.629191e+00
-4.783010e-01 -1.003175e+00 2.694844e+00
-3.345200e-01 -9.795600e-01 2.564721e+00
-3.719970e-01 5.194660e-01 2.391073e+00
-2.925800e-01 3.306360e-01 2.827540e+00
-1.677650e-01 3.045940e-01 2.423166e+00
-3.592900e-01 3.079360e-01 2.586123e+00
-9.683200e-02 2.683100e-01 2.669686e+00
-1.730380e-01 2.491800e-02 2.841179e+00
-8.415000e-02 1.746400e-02 2.507910e+00
-4.154000e-03 4.841100e-02 2.707126e+00
-2.775460e-01 7.288000e-02 2.950814e+00
-2.423990e-01 2.868800e-02 2.352250e+00
-1.899040e-01 -2.190440e-01 3.016547e+00
-3.543470e-01 -2.646680e-01 2.285867e+00
-1.876070e-01 -2.827420e-01 3.068842e+00
-4.083710e-01 -3.259300e-01 2.274648e+00
-2.746380e-01 -5.399790e-01 2.748074e+00
-5.219600e-02 -5.684420e-01 2.644611e+00
-2.635060e-01 -9.977510e-01 2.738836e+00
-1.530770e-01 -1.015117e+00 2.636350e+00
-4.770800e-01 -1.002054e+00 2.694725e+00
-3.583330e-01 -9.677140e-01 2.579769e+00
-3.738130e-01 5.271390e-01 2.398707e+00
-2.898970e-01 3.247090e-01 2.843262e+00
-1.678950e-01 3.070340e-01 2.437578e+00
-3.584470e-01 3.118310e-01 2.601636e+00
-9.712300e-02 2.606870e-01 2.682453e+00
-1.764500e-01 1.585400e-02 2.846709e+00
-8.938700e-02 2.111900e-02 2.512916e+00
-7.248000e-03 3.846900e-02 2.712906e+00
-2.832160e-01 6.267000e-02 2.957944e+00
-2.319190e-01 3.704000e-02 2.342046e+00
-2.079550e-01 -2.341690e-01 3.016628e+00
-3.560680e-01 -2.483130e-01 2.268264e+00
-2.075620e-01 -3.000640e-01 3.066177e+00
-4.175550e-01 -2.990810e-01 2.247303e+00
-2.838940e-01 -5.468620e-01 2.744268e+00
-5.509100e-02 -5.692180e-01 2.646802e+00
-2.656060e-01 -1.004303e+00 2.757601e+00
-1.691990e-01 -1.012752e+00 2.651406e+00
-4.788980e-01 -1.014130e+00 2.713009e+00
-3.749940e-01 -9.603230e-01 2.601624e+00
-3.704800e-01 5.235670e-01 2.413737e+00
-3.159010e-01 3.081230e-01 2.827955e+00
-1.396910e-01 3.309820e-01 2.442983e+00
-3.503010e-01 3.356340e-01 2.580351e+00
-1.092250e-01 2.444840e-01 2.685284e+00
-2.129870e-01 1.663300e-02 2.813185e+00
-5.679900e-02 3.731800e-02 2.506261e+00
-1.944200e-02 4.584800e-02 2.719745e+00
-3.507020e-01 3.389500e-02 2.901773e+00
-1.698650e-01 5.526900e-02 2.332384e+00
-3.175150e-01 -2.750330e-01 2.927919e+00
-3.333530e-01 -2.128670e-01 2.247148e+00
-3.303400e-01 -3.472040e-01 2.965657e+00
-4.082030e-01 -2.474170e-01 2.248282e+00
-2.920660e-01 -5.437470e-01 2.736874e+00
-5.660400e-02 -5.572720e-01 2.646307e+00
-2.684180e-01 -1.000891e+00 2.751823e+00
-1.749890e-01 -9.995760e-01 2.657119e+00
-4.735950e-01 -1.013889e+00 2.678939e+00
-3.711290e-01 -9.490570e-01 2.576154e+00
-3.485610e-01 5.712530e-01 2.441806e+00
-3.499890e-01 2.855650e-01 2.827117e+00
-1.206120e-01 3.558320e-01 2.477511e+00
-3.485790e-01 3.475610e-01 2.583391e+00
-1.256480e-01 2.362570e-01 2.707286e+00
-2.598750e-01 2.085900e-02 2.766815e+00
-6.133800e-02 3.085500e-02 2.484844e+00
-5.602900e-02 5.382700e-02 2.700455e+00
-3.971580e-01 4.852000e-03 2.856034e+00
-9.905200e-02 8.230700e-02 2.353266e+00
-3.735290e-01 -3.058510e-01 2.844783e+00
-2.742860e-01 -1.798610e-01 2.262158e+00
-3.920030e-01 -3.824050e-01 2.869189e+00
-3.498030e-01 -2.055290e-01 2.241283e+00
-2.991960e-01 -5.471720e-01 2.728640e+00
-6.159800e-02 -5.563250e-01 2.647012e+00
-2.647480e-01 -1.003363e+00 2.750237e+00
-1.412660e-01 -1.007329e+00 2.650521e+00
-4.580660e-01 -1.022656e+00 2.651069e+00
-3.240970e-01 -9.759250e-01 2.535782e+00
-3.244870e-01 5.886560e-01 2.468719e+00
-3.641080e-01 2.762690e-01 2.826984e+00
-1.095680e-01 3.762500e-01 2.502963e+00
-3.440640e-01 3.673010e-01 2.593405e+00
-1.349440e-01 2.300400e-01 2.715328e+00
-3.045320e-01 -1.662700e-02 2.749050e+00
-9.150400e-02 3.835100e-02 2.483304e+00
-1.050330e-01 5.244300e-02 2.699318e+00
-4.257250e-01 -2.966000e-03 2.817395e+00
-3.566400e-02 1.028360e-01 2.394393e+00
-4.185280e-01 -3.110680e-01 2.770033e+00
-2.013220e-01 -1.649100e-01 2.293706e+00
-4.418010e-01 -3.891210e-01 2.782817e+00
-2.744820e-01 -1.977420e-01 2.274548e+00
-3.136520e-01 -5.654840e-01 2.728766e+00
-6.883100e-02 -5.528590e-01 2.658121e+00
-2.550900e-01 -1.018553e+00 2.761373e+00
-1.337080e-01 -1.006241e+00 2.657853e+00
-4.466740e-01 -1.050461e+00 2.662096e+00
-3.257790e-01 -9.786970e-01 2.558211e+00
-3.033950e-01 6.089580e-01 2.497836e+00
-3.859470e-01 3.115270e-01 2.844764e+00
-9.828300e-02 4.061320e-01 2.547989e+00
-3.378370e-01 4.203800e-01 2.623214e+00
-1.572170e-01 2.455330e-01 2.742552e+00
-3.563400e-01 9.701000e-03 2.730927e+00
-1.126760e-01 9.122800e-02 2.500696e+00
-1.498870e-01 7.391500e-02 2.713674e+00
-4.818020e-01 4.525700e-02 2.802658e+00
1.519000e-02 1.319720e-01 2.474308e+00
-5.150350e-01 -2.551650e-01 2.726081e+00
-7.289100e-02 -1.734180e-01 2.374376e+00
-5.486040e-01 -3.304310e-01 2.728409e+00
-1.379540e-01 -2.167660e-01 2.348201e+00
-3.214440e-01 -5.433530e-01 2.707151e+00
-6.605700e-02 -5.046310e-01 2.654958e+00
-2.390690e-01 -9.873490e-01 2.783608e+00
-1.295240e-01 -9.580030e-01 2.668727e+00
-4.047770e-01 -1.040724e+00 2.652191e+00
-3.104000e-01 -9.363260e-01 2.548757e+00
-2.734370e-01 6.252880e-01 2.509104e+00
-3.754390e-01 3.404420e-01 2.846399e+00
-6.949100e-02 4.034830e-01 2.559699e+00
-3.070500e-01 4.476550e-01 2.629429e+00
-1.547220e-01 2.471600e-01 2.747898e+00
-3.532490e-01 5.097500e-02 2.738698e+00
-1.064800e-01 9.105800e-02 2.500951e+00
-1.390520e-01 7.532800e-02 2.714810e+00
-4.552650e-01 8.871100e-02 2.723913e+00
3.796800e-02 1.170480e-01 2.534130e+00
-4.487190e-01 -2.274300e-01 2.698280e+00
-3.828000e-03 -1.998700e-01 2.435405e+00
-4.510600e-01 -3.097830e-01 2.701430e+00
-7.341000e-02 -2.283900e-01 2.401608e+00
-3.081890e-01 -5.257590e-01 2.694387e+00
-5.807400e-02 -4.907600e-01 2.657646e+00
-2.660650e-01 -9.682510e-01 2.804798e+00
-1.303500e-01 -9.428820e-01 2.668883e+00
-4.186700e-01 -1.019504e+00 2.657613e+00
-2.661170e-01 -9.253990e-01 2.499058e+00
-2.607990e-01 6.283880e-01 2.511843e+00
-4.056580e-01 3.347590e-01 2.797034e+00
-5.216900e-02 3.796370e-01 2.567235e+00
-2.991680e-01 4.227000e-01 2.586857e+00
-1.691370e-01 2.395300e-01 2.751106e+00
-3.695040e-01 5.181000e-02 2.715584e+00
-8.265100e-02 7.770700e-02 2.525663e+00
-1.530790e-01 5.491700e-02 2.729537e+00
-4.625250e-01 5.516200e-02 2.721488e+00
5.888100e-02 9.341500e-02 2.592179e+00
-4.526140e-01 -2.576250e-01 2.647137e+00
2.353400e-02 -2.254510e-01 2.493409e+00
-4.570160e-01 -3.398640e-01 2.643292e+00
-2.448900e-02 -2.876780e-01 2.468531e+00
-3.033800e-01 -5.299930e-01 2.691798e+00
-5.715400e-02 -5.003600e-01 2.660081e+00
-2.400820e-01 -9.692520e-01 2.804974e+00
-1.095950e-01 -9.550090e-01 2.677642e+00
-3.621120e-01 -1.030651e+00 2.634923e+00
-2.122510e-01 -9.506010e-01 2.485234e+00
-2.503390e-01 6.469280e-01 2.518081e+00
-4.152350e-01 3.473130e-01 2.734787e+00
-9.762000e-03 3.662880e-01 2.612281e+00
-2.491660e-01 4.253090e-01 2.562782e+00
-1.819890e-01 2.365370e-01 2.755886e+00
-3.746420e-01 6.068600e-02 2.676046e+00
-4.948700e-02 6.695300e-02 2.560896e+00
-1.682420e-01 4.713200e-02 2.741307e+00
-4.513260e-01 6.136000e-02 2.666469e+00
5.890600e-02 7.117300e-02 2.651981e+00
-4.554970e-01 -2.513300e-01 2.586411e+00
2.488900e-02 -2.507710e-01 2.573865e+00
-4.803000e-01 -3.296480e-01 2.593373e+00
-2.596500e-02 -3.156640e-01 2.573416e+00
-2.947330e-01 -5.255940e-01 2.684761e+00
-6.236600e-02 -5.096900e-01 2.669048e+00
-3.357750e-01 -9.667260e-01 2.800873e+00
-1.456270e-01 -9.600530e-01 2.671245e+00
-4.052680e-01 -1.013285e+00 2.599425e+00
-1.915270e-01 -9.526070e-01 2.458134e+00
-2.343240e-01 6.634430e-01 2.547048e+00
-4.162820e-01 3.516730e-01 2.726377e+00
-1.094000e-03 3.637640e-01 2.641237e+00
-2.333890e-01 4.328090e-01 2.574011e+00
-1.889910e-01 2.325790e-01 2.762090e+00
-3.833100e-01 6.213200e-02 2.643340e+00
-4.480300e-02 7.061300e-02 2.577266e+00
-1.886720e-01 5.229300e-02 2.738541e+00
-4.461390e-01 6.635200e-02 2.653031e+00
5.002300e-02 6.632700e-02 2.675226e+00
-4.570790e-01 -2.453420e-01 2.570215e+00
3.788100e-02 -2.583210e-01 2.611975e+00
-4.270590e-01 -3.018780e-01 2.518255e+00
-1.417600e-02 -3.072950e-01 2.570877e+00
-2.919210e-01 -5.227490e-01 2.676965e+00
-5.836000e-02 -5.073350e-01 2.671452e+00
-3.185040e-01 -9.635700e-01 2.798352e+00
-1.509990e-01 -9.558680e-01 2.670744e+00
-3.579550e-01 -1.018309e+00 2.590925e+00
-1.557850e-01 -9.545350e-01 2.452675e+00
-2.285910e-01 6.542010e-01 2.548372e+00
-4.174230e-01 3.569780e-01 2.726813e+00
-6.700000e-05 3.640940e-01 2.652389e+00
-2.291820e-01 4.408640e-01 2.582673e+00
-1.935100e-01 2.317020e-01 2.762716e+00
-3.816720e-01 6.215400e-02 2.639739e+00
-4.248200e-02 7.709400e-02 2.578483e+00
-1.882570e-01 5.608700e-02 2.737707e+00
-4.480200e-01 7.395800e-02 2.645834e+00
3.764100e-02 6.725500e-02 2.694101e+00
-4.481000e-01 -2.360850e-01 2.556935e+00
4.527700e-02 -2.568000e-01 2.636378e+00
-4.198050e-01 -3.118040e-01 2.540701e+00
-1.909000e-03 -3.080360e-01 2.592268e+00
-2.903170e-01 -5.207050e-01 2.674706e+00
-5.762800e-02 -5.035320e-01 2.671473e+00
-3.112100e-01 -9.618070e-01 2.796182e+00
-1.909600e-01 -9.416930e-01 2.670009e+00
-3.478830e-01 -1.017280e+00 2.588441e+00
-1.640540e-01 -9.491570e-01 2.453678e+00
-2.173580e-01 6.550330e-01 2.556058e+00
