-3.063360e-01 3.762410e-01 2.697789e+00
-1.279000e-01 3.620810e-01 2.698878e+00
5.053600e-02 3.479210e-01 2.699966e+00
-3.668650e-02 3.764700e-01 2.651594e+00
-1.239090e-01 4.050190e-01 2.603223e+00
-1.322565e-01 3.073885e-01 2.701566e+00
-1.406040e-01 2.097580e-01 2.799910e+00
-2.061145e-01 9.571300e-02 2.731106e+00
-2.716250e-01 -1.833200e-02 2.662302e+00
-1.310005e-01 -1.870850e-02 2.662266e+00
9.624000e-03 -1.908500e-02 2.662229e+00
-6.065100e-02 -1.095800e-02 2.724292e+00
-1.309260e-01 -2.831000e-03 2.786356e+00
-2.486555e-01 5.683050e-02 2.726993e+00
-3.663850e-01 1.164920e-01 2.667631e+00
-1.345120e-01 1.009860e-01 2.668657e+00
9.736100e-02 8.548000e-02 2.669683e+00
-1.266040e-01 -4.176000e-02 2.645235e+00
-3.505690e-01 -1.690000e-01 2.620787e+00
-1.240665e-01 -1.843570e-01 2.619794e+00
1.024360e-01 -1.997140e-01 2.618801e+00
-1.160910e-01 -2.170255e-01 2.625671e+00
-3.346180e-01 -2.343370e-01 2.632541e+00
-1.384345e-01 -2.423810e-01 2.620850e+00
5.774900e-02 -2.504250e-01 2.609158e+00
-1.122710e-01 -4.172535e-01 2.665396e+00
-2.822910e-01 -5.840820e-01 2.721633e+00
-1.584155e-01 -5.889345e-01 2.717274e+00
-3.454000e-02 -5.937870e-01 2.712914e+00
-1.725745e-01 -7.952655e-01 2.770277e+00
-3.106090e-01 -9.967440e-01 2.827639e+00
-1.802605e-01 -1.008098e+00 2.785299e+00
-4.991200e-02 -1.019452e+00 2.742958e+00
-1.862060e-01 -1.028609e+00 2.703864e+00
-3.225000e-01 -1.037766e+00 2.664771e+00
-1.847475e-01 -1.034588e+00 2.619903e+00
-4.699500e-02 -1.031410e+00 2.575034e+00
-7.570500e-02 -1.782475e-01 2.590675e+00
-1.044150e-01 6.749150e-01 2.606316e+00
-2.072940e-01 5.246800e-01 2.651441e+00
-3.101730e-01 3.744450e-01 2.696566e+00
-1.316395e-01 3.624865e-01 2.701452e+00
4.689400e-02 3.505280e-01 2.706339e+00
-3.958900e-02 3.786690e-01 2.656425e+00
-1.260720e-01 4.068100e-01 2.606511e+00
-1.353585e-01 3.077120e-01 2.703290e+00
-1.446450e-01 2.086140e-01 2.800069e+00
-2.093865e-01 9.483100e-02 2.731203e+00
-2.741280e-01 -1.895200e-02 2.662337e+00
-1.335570e-01 -1.703050e-02 2.665718e+00
7.014000e-03 -1.510900e-02 2.669100e+00
-6.486350e-02 -8.960500e-03 2.729534e+00
-1.367410e-01 -2.812000e-03 2.789969e+00
-2.520340e-01 5.569350e-02 2.727451e+00
-3.673270e-01 1.141990e-01 2.664934e+00
-1.367690e-01 1.012605e-01 2.669482e+00
9.378900e-02 8.832200e-02 2.674031e+00
-1.300710e-01 -4.262900e-02 2.653945e+00
-3.539310e-01 -1.735800e-01 2.633859e+00
-1.312395e-01 -1.839620e-01 2.622100e+00
9.145200e-02 -1.943440e-01 2.610341e+00
-1.239220e-01 -2.160225e-01 2.631264e+00
-3.392960e-01 -2.377010e-01 2.652186e+00
-1.402715e-01 -2.453030e-01 2.624880e+00
5.875300e-02 -2.529050e-01 2.597575e+00
-1.107940e-01 -4.186375e-01 2.658388e+00
-2.803410e-01 -5.843700e-01 2.719201e+00
-1.573205e-01 -5.879955e-01 2.715531e+00
-3.430000e-02 -5.916210e-01 2.711861e+00
-1.731700e-01 -7.934135e-01 2.771517e+00
-3.120400e-01 -9.952060e-01 2.831174e+00
-1.816625e-01 -1.006312e+00 2.785100e+00
-5.128500e-02 -1.017418e+00 2.739026e+00
-1.855770e-01 -1.028144e+00 2.703887e+00
-3.198690e-01 -1.038871e+00 2.668748e+00
-1.818155e-01 -1.033648e+00 2.619964e+00
-4.376200e-02 -1.028426e+00 2.571180e+00
-7.189800e-02 -1.762470e-01 2.592351e+00
-1.000340e-01 6.759320e-01 2.613522e+00
-2.047135e-01 5.254550e-01 2.649883e+00
-3.093930e-01 3.749780e-01 2.686243e+00
-1.314695e-01 3.599030e-01 2.698771e+00
4.645400e-02 3.448280e-01 2.711299e+00
-3.731600e-02 3.742500e-01 2.657638e+00
-1.210860e-01 4.036720e-01 2.603977e+00
-1.362365e-01 3.052120e-01 2.700667e+00
-1.513870e-01 2.067520e-01 2.797357e+00
-2.152100e-01 9.323850e-02 2.723396e+00
-2.790330e-01 -2.027500e-02 2.649435e+00
-1.387280e-01 -1.812650e-02 2.658663e+00
1.577000e-03 -1.597800e-02 2.667892e+00
-7.277600e-02 -7.900000e-03 2.725013e+00
-1.471290e-01 1.780000e-04 2.782134e+00
-2.594995e-01 5.751000e-02 2.723791e+00
-3.718700e-01 1.148420e-01 2.665448e+00
-1.403435e-01 9.810750e-02 2.676150e+00
9.118300e-02 8.137300e-02 2.686852e+00
-1.370360e-01 -4.605850e-02 2.662035e+00
-3.652550e-01 -1.734900e-01 2.637218e+00
-1.341565e-01 -1.860435e-01 2.624753e+00
9.694200e-02 -1.985970e-01 2.612288e+00
-1.244545e-01 -2.186230e-01 2.627891e+00
-3.458510e-01 -2.386490e-01 2.643494e+00
-1.460950e-01 -2.448540e-01 2.630889e+00
5.366100e-02 -2.510590e-01 2.618284e+00
-1.125620e-01 -4.191105e-01 2.661428e+00
-2.787850e-01 -5.871620e-01 2.704571e+00
-1.532640e-01 -5.887680e-01 2.709035e+00
-2.774300e-02 -5.903740e-01 2.713498e+00
-1.695885e-01 -7.926505e-01 2.770255e+00
-3.114340e-01 -9.949270e-01 2.827011e+00
-1.812810e-01 -1.005482e+00 2.782446e+00
-5.112800e-02 -1.016036e+00 2.737881e+00
-1.823805e-01 -1.029610e+00 2.701798e+00
-3.136330e-01 -1.043183e+00 2.665714e+00
-1.738385e-01 -1.034867e+00 2.618209e+00
-3.404400e-02 -1.026551e+00 2.570705e+00
-6.687200e-02 -1.757775e-01 2.593500e+00
-9.970000e-02 6.749960e-01 2.616296e+00
-2.052350e-01 5.246330e-01 2.649843e+00
-3.107700e-01 3.742700e-01 2.683390e+00
-1.332335e-01 3.600205e-01 2.701242e+00
4.430300e-02 3.457710e-01 2.719093e+00
-3.791600e-02 3.761580e-01 2.663602e+00
-1.201350e-01 4.065450e-01 2.608111e+00
-1.376475e-01 3.052675e-01 2.701433e+00
-1.551600e-01 2.039900e-01 2.794755e+00
-2.120355e-01 9.073350e-02 2.720116e+00
-2.689110e-01 -2.252300e-02 2.645477e+00
-1.290025e-01 -1.935450e-02 2.659295e+00
1.090600e-02 -1.618600e-02 2.673113e+00
-6.534400e-02 -7.332500e-03 2.727556e+00
-1.415940e-01 1.521000e-03 2.781999e+00
-2.542775e-01 5.737950e-02 2.719299e+00
-3.669610e-01 1.132380e-01 2.656600e+00
-1.319290e-01 9.863000e-02 2.684564e+00
1.031030e-01 8.402200e-02 2.712528e+00
-1.326250e-01 -4.602450e-02 2.676179e+00
-3.683530e-01 -1.760710e-01 2.639830e+00
-1.047685e-01 -1.819825e-01 2.634523e+00
1.588160e-01 -1.878940e-01 2.629217e+00
-9.393000e-02 -2.139980e-01 2.629733e+00
-3.466760e-01 -2.401020e-01 2.630250e+00
-1.174055e-01 -2.291450e-01 2.610116e+00
1.118650e-01 -2.181880e-01 2.589981e+00
-8.125400e-02 -4.029700e-01 2.640100e+00
-2.743730e-01 -5.877520e-01 2.690220e+00
-1.479425e-01 -5.896585e-01 2.699431e+00
-2.151200e-02 -5.915650e-01 2.708641e+00
-1.696775e-01 -7.902970e-01 2.769102e+00
-3.178430e-01 -9.890290e-01 2.829564e+00
-1.847210e-01 -1.002879e+00 2.781943e+00
-5.159900e-02 -1.016729e+00 2.734322e+00
-1.854675e-01 -1.030423e+00 2.702392e+00
-3.193360e-01 -1.044116e+00 2.670462e+00
-1.736555e-01 -1.036281e+00 2.619243e+00
-2.797500e-02 -1.028445e+00 2.568024e+00
-6.212050e-02 -1.788535e-01 2.588615e+00
-9.626600e-02 6.707380e-01 2.609206e+00
-2.017965e-01 5.222565e-01 2.642610e+00
-3.073270e-01 3.737750e-01 2.676014e+00
-1.308405e-01 3.626355e-01 2.703753e+00
4.564600e-02 3.514960e-01 2.731493e+00
-3.389400e-02 3.818160e-01 2.672192e+00
-1.134340e-01 4.121360e-01 2.612890e+00
-1.340470e-01 3.078220e-01 2.702146e+00
-1.546600e-01 2.035080e-01 2.791401e+00
-2.001380e-01 9.456100e-02 2.711717e+00
-2.456160e-01 -1.438600e-02 2.632034e+00
-1.077315e-01 -1.640700e-02 2.659588e+00
3.015300e-02 -1.842800e-02 2.687142e+00
-5.074800e-02 -7.412500e-03 2.733941e+00
-1.316490e-01 3.603000e-03 2.780741e+00
-2.427160e-01 5.717000e-02 2.715433e+00
-3.537830e-01 1.107370e-01 2.650125e+00
-1.217575e-01 1.009065e-01 2.693202e+00
1.102680e-01 9.107600e-02 2.736279e+00
-1.250860e-01 -4.372300e-02 2.684931e+00
-3.604400e-01 -1.785220e-01 2.633582e+00
-5.506100e-02 -1.628425e-01 2.641294e+00
2.503180e-01 -1.471630e-01 2.649006e+00
-4.118000e-02 -1.905380e-01 2.655635e+00
-3.326780e-01 -2.339130e-01 2.662265e+00
-5.187800e-02 -2.169120e-01 2.636785e+00
2.289220e-01 -1.999110e-01 2.611304e+00
-1.812150e-02 -3.908930e-01 2.639010e+00
-2.651650e-01 -5.818750e-01 2.666715e+00
-1.386930e-01 -5.865285e-01 2.690675e+00
-1.222100e-02 -5.911820e-01 2.714634e+00
-1.674350e-01 -7.885460e-01 2.753484e+00
-3.226490e-01 -9.859100e-01 2.792333e+00
-1.857225e-01 -1.000913e+00 2.765658e+00
-4.879600e-02 -1.015915e+00 2.738982e+00
-1.790490e-01 -1.026693e+00 2.685793e+00
-3.093020e-01 -1.037471e+00 2.632604e+00
-1.589030e-01 -1.033100e+00 2.604303e+00
-8.504000e-03 -1.028728e+00 2.576002e+00
-5.123950e-02 -1.774235e-01 2.597043e+00
-9.397500e-02 6.738810e-01 2.618083e+00
-1.985775e-01 5.257505e-01 2.640257e+00
-3.031800e-01 3.776200e-01 2.662431e+00
4.244500e-02 3.501880e-01 2.751620e+00
-1.037850e-01 4.164200e-01 2.620164e+00
-1.636250e-01 2.020060e-01 2.786108e+00
-2.330040e-01 -9.110000e-03 2.630189e+00
4.046300e-02 -1.326300e-02 2.695766e+00
-1.249120e-01 6.158000e-03 2.783516e+00
-3.477770e-01 1.140420e-01 2.639881e+00
1.387170e-01 1.004150e-01 2.769398e+00
-3.475190e-01 -1.745550e-01 2.614475e+00
3.554800e-01 -7.356900e-02 2.687681e+00
-3.114780e-01 -2.318650e-01 2.623322e+00
3.937900e-01 -1.273590e-01 2.670347e+00
-2.644890e-01 -5.720860e-01 2.626702e+00
-9.883000e-03 -5.872990e-01 2.718479e+00
-3.152020e-01 -9.669920e-01 2.780995e+00
-4.322000e-02 -1.012458e+00 2.739874e+00
-3.132900e-01 -1.028476e+00 2.624259e+00
1.283000e-03 -1.024098e+00 2.577904e+00
-7.490900e-02 6.646040e-01 2.605076e+00
-2.931300e-01 3.764860e-01 2.646178e+00
4.202100e-02 3.516330e-01 2.769548e+00
-9.109600e-02 4.188670e-01 2.625291e+00
-1.641690e-01 1.999930e-01 2.779711e+00
-2.125460e-01 -5.647000e-03 2.607740e+00
5.081500e-02 -1.411500e-02 2.706080e+00
-1.236090e-01 8.802000e-03 2.772990e+00
-3.283300e-01 1.130930e-01 2.610580e+00
1.887970e-01 1.333420e-01 2.821393e+00
-3.082310e-01 -1.745630e-01 2.584498e+00
4.686310e-01 1.295080e-01 2.747173e+00
-2.783160e-01 -2.349990e-01 2.573811e+00
5.116070e-01 1.581370e-01 2.702507e+00
-2.479810e-01 -5.616920e-01 2.562027e+00
-1.027600e-02 -5.868560e-01 2.725440e+00
-3.220700e-01 -9.463950e-01 2.731861e+00
-4.376300e-02 -1.011958e+00 2.747708e+00
-3.155670e-01 -1.015391e+00 2.578409e+00
1.891300e-02 -1.025053e+00 2.591982e+00
-5.738300e-02 6.588310e-01 2.602328e+00
-2.833060e-01 3.800240e-01 2.630328e+00
4.024300e-02 3.540740e-01 2.781347e+00
-7.993900e-02 4.209340e-01 2.625988e+00
-1.671450e-01 2.038470e-01 2.775519e+00
-2.075450e-01 -2.754000e-03 2.591741e+00
4.873600e-02 -1.668400e-02 2.706752e+00
-1.298760e-01 1.921000e-03 2.763123e+00
-3.164910e-01 1.182870e-01 2.584046e+00
2.326100e-01 1.745010e-01 2.831328e+00
-3.078820e-01 -1.699440e-01 2.561131e+00
4.954390e-01 2.887760e-01 2.792103e+00
-2.755740e-01 -2.297150e-01 2.567851e+00
5.234180e-01 3.135000e-01 2.734941e+00
-2.461280e-01 -5.608380e-01 2.538855e+00
-1.018700e-02 -5.877320e-01 2.724656e+00
-3.122710e-01 -9.652490e-01 2.658879e+00
-4.785600e-02 -1.011789e+00 2.757611e+00
-2.880970e-01 -1.016281e+00 2.500255e+00
2.501400e-02 -1.029973e+00 2.606914e+00
-5.208100e-02 6.535520e-01 2.584407e+00
-2.785320e-01 3.791100e-01 2.609959e+00
3.197300e-02 3.631550e-01 2.787430e+00
-7.765900e-02 4.291160e-01 2.624089e+00
-1.669400e-01 2.041050e-01 2.760067e+00
-1.915980e-01 1.137200e-02 2.582420e+00
5.166600e-02 -2.719800e-02 2.718202e+00
-1.307810e-01 -6.636000e-03 2.759629e+00
-3.063700e-01 1.180910e-01 2.568659e+00
2.646750e-01 2.463870e-01 2.840595e+00
-2.991350e-01 -1.644350e-01 2.518909e+00
4.374530e-01 4.722390e-01 2.802026e+00
-2.744640e-01 -2.225730e-01 2.544851e+00
4.599650e-01 5.353030e-01 2.788694e+00
-2.463020e-01 -5.542490e-01 2.525578e+00
-1.167800e-02 -5.876100e-01 2.735040e+00
-3.280580e-01 -9.722400e-01 2.556046e+00
-3.743900e-02 -1.013592e+00 2.749366e+00
-2.647490e-01 -9.958640e-01 2.401825e+00
4.617500e-02 -1.023552e+00 2.603559e+00
-5.320600e-02 6.558500e-01 2.576880e+00
-2.645270e-01 3.867160e-01 2.601380e+00
3.267700e-02 3.686000e-01 2.800139e+00
-6.362700e-02 4.315360e-01 2.627469e+00
-1.687120e-01 2.143090e-01 2.764803e+00
-1.818290e-01 2.390800e-02 2.568987e+00
5.023500e-02 -1.869000e-02 2.722066e+00
-1.343840e-01 4.853000e-03 2.750127e+00
-3.059710e-01 1.276300e-01 2.559547e+00
2.864240e-01 2.986940e-01 2.836454e+00
-2.900110e-01 -1.503140e-01 2.490121e+00
3.889890e-01 5.638300e-01 2.797587e+00
-2.640400e-01 -2.116050e-01 2.505301e+00
3.786880e-01 6.310090e-01 2.791079e+00
-2.513770e-01 -5.420890e-01 2.525952e+00
-9.434000e-03 -5.778610e-01 2.728793e+00
-3.472650e-01 -9.572610e-01 2.498266e+00
-2.990600e-02 -1.004205e+00 2.740662e+00
-2.603740e-01 -9.677370e-01 2.354424e+00
6.441400e-02 -1.012610e+00 2.601439e+00
-5.455800e-02 6.573400e-01 2.568252e+00
-2.687560e-01 3.842590e-01 2.588102e+00
2.615600e-02 3.763660e-01 2.790904e+00
-6.928800e-02 4.341250e-01 2.615961e+00
-1.711870e-01 2.169050e-01 2.755688e+00
-1.816200e-01 2.399700e-02 2.561084e+00
4.938300e-02 -9.848000e-03 2.717907e+00
-1.361480e-01 9.322000e-03 2.743136e+00
-3.083140e-01 1.258500e-01 2.543445e+00
2.888920e-01 3.474690e-01 2.812560e+00
-2.860310e-01 -1.522430e-01 2.478692e+00
3.239690e-01 6.275680e-01 2.764192e+00
-2.497700e-01 -2.091780e-01 2.488948e+00
3.136440e-01 6.950390e-01 2.765809e+00
-2.601080e-01 -5.367200e-01 2.524545e+00
-5.433000e-03 -5.733650e-01 2.717683e+00
-3.582820e-01 -9.474580e-01 2.461418e+00
-3.195200e-02 -9.988810e-01 2.741384e+00
-2.643490e-01 -9.484340e-01 2.321684e+00
6.500000e-02 -1.012553e+00 2.604403e+00
-7.039300e-02 6.632100e-01 2.555803e+00
-2.877440e-01 3.774410e-01 2.575320e+00
1.850600e-02 3.842670e-01 2.760599e+00
-8.958700e-02 4.368030e-01 2.591465e+00
-1.727510e-01 2.155080e-01 2.737082e+00
-1.899730e-01 1.784300e-02 2.538759e+00
4.975400e-02 3.660000e-03 2.685154e+00
-1.350300e-01 1.594200e-02 2.718769e+00
-3.186140e-01 1.192860e-01 2.522967e+00
2.806900e-01 3.621270e-01 2.727326e+00
-2.797150e-01 -1.590920e-01 2.467998e+00
2.418530e-01 6.445360e-01 2.699646e+00
-2.590980e-01 -2.237300e-01 2.460348e+00
2.246670e-01 7.098630e-01 2.709577e+00
-2.673460e-01 -5.354100e-01 2.511348e+00
-1.358500e-02 -5.669150e-01 2.700532e+00
-3.480540e-01 -9.513720e-01 2.458516e+00
-2.810200e-02 -9.919690e-01 2.738575e+00
-2.622390e-01 -9.496240e-01 2.313661e+00
5.988500e-02 -1.007745e+00 2.595888e+00
-8.981600e-02 6.610210e-01 2.537293e+00
-3.029880e-01 3.712940e-01 2.569537e+00
1.040900e-02 3.904980e-01 2.741518e+00
-1.077300e-01 4.408870e-01 2.578562e+00
-1.725050e-01 2.122310e-01 2.722132e+00
-1.999000e-01 1.850500e-02 2.528001e+00
4.803700e-02 9.927000e-03 2.660497e+00
-1.346240e-01 2.102600e-02 2.704519e+00
-3.309030e-01 1.144810e-01 2.518981e+00
2.510610e-01 3.636180e-01 2.638309e+00
-2.899690e-01 -1.606180e-01 2.460245e+00
1.999460e-01 6.429210e-01 2.624807e+00
-2.794740e-01 -2.279930e-01 2.456763e+00
1.682650e-01 7.031470e-01 2.619263e+00
-2.745020e-01 -5.327020e-01 2.501376e+00
-1.768900e-02 -5.633860e-01 2.675893e+00
-3.359830e-01 -9.531230e-01 2.459001e+00
-2.803200e-02 -9.861250e-01 2.735172e+00
-2.619490e-01 -9.487130e-01 2.307840e+00
5.145400e-02 -1.008643e+00 2.588457e+00
-1.233310e-01 6.520470e-01 2.505904e+00
-3.246010e-01 3.608700e-01 2.568019e+00
5.341000e-03 3.890020e-01 2.704074e+00
-1.309610e-01 4.341190e-01 2.554286e+00
-1.749990e-01 2.071390e-01 2.708013e+00
-2.234160e-01 5.229000e-03 2.526900e+00
3.634600e-02 1.480400e-02 2.634294e+00
-1.414780e-01 1.699700e-02 2.695937e+00
-3.380350e-01 1.026480e-01 2.518124e+00
2.024960e-01 3.597250e-01 2.531966e+00
-3.115110e-01 -1.732110e-01 2.454296e+00
1.575470e-01 6.388500e-01 2.501237e+00
-2.872430e-01 -2.359450e-01 2.442586e+00
1.259180e-01 6.974770e-01 2.516207e+00
-2.830960e-01 -5.400910e-01 2.492433e+00
-2.310300e-02 -5.645840e-01 2.655733e+00
-3.339390e-01 -9.631640e-01 2.464990e+00
-3.489500e-02 -9.851390e-01 2.728692e+00
-2.820200e-01 -9.590180e-01 2.304874e+00
3.058500e-02 -1.013435e+00 2.576173e+00
-1.473450e-01 6.473180e-01 2.482009e+00
-3.601550e-01 3.437770e-01 2.571970e+00
-5.255000e-03 3.855620e-01 2.593514e+00
-1.818830e-01 4.071550e-01 2.486805e+00
-1.710950e-01 2.132240e-01 2.685214e+00
-2.661250e-01 -1.922200e-02 2.545385e+00
1.421800e-02 -4.017000e-03 2.562063e+00
-1.343440e-01 7.838000e-03 2.677019e+00
-3.710750e-01 8.383300e-02 2.531650e+00
7.259400e-02 3.033250e-01 2.355833e+00
-3.498650e-01 -1.890950e-01 2.454850e+00
7.890500e-02 5.653000e-01 2.245528e+00
-3.180780e-01 -2.465920e-01 2.436269e+00
7.680300e-02 6.319170e-01 2.260335e+00
-3.000900e-01 -5.591400e-01 2.471324e+00
-4.190300e-02 -5.816470e-01 2.636764e+00
-3.380010e-01 -9.844370e-01 2.467641e+00
-3.886400e-02 -9.983760e-01 2.729805e+00
-3.539670e-01 -9.815630e-01 2.300050e+00
-2.643300e-02 -1.034878e+00 2.565905e+00
-2.076340e-01 6.468200e-01 2.434333e+00
-3.671470e-01 3.453770e-01 2.583992e+00
-2.087300e-02 3.619610e-01 2.494639e+00
-2.206440e-01 3.731460e-01 2.439713e+00
-1.549150e-01 2.288930e-01 2.667665e+00
-2.711890e-01 -1.159200e-02 2.578584e+00
2.747000e-03 -2.814900e-02 2.517048e+00
-1.060250e-01 -7.690000e-04 2.668194e+00
-3.862950e-01 8.885900e-02 2.536008e+00
-4.554000e-03 2.431610e-01 2.262064e+00
-3.738450e-01 -1.859050e-01 2.471184e+00
-2.240500e-02 3.829440e-01 2.017126e+00
-3.416020e-01 -2.434120e-01 2.453435e+00
-3.004100e-02 4.308600e-01 1.969091e+00
-3.024370e-01 -5.608000e-01 2.465839e+00
-5.178200e-02 -5.924580e-01 2.637095e+00
-3.430140e-01 -9.858660e-01 2.464630e+00
-3.978200e-02 -1.009746e+00 2.726849e+00
-3.914700e-01 -9.807820e-01 2.303458e+00
-7.706200e-02 -1.045297e+00 2.566547e+00
-2.375830e-01 6.499030e-01 2.412467e+00
-3.957670e-01 3.260700e-01 2.612581e+00
-8.031800e-02 3.540530e-01 2.445630e+00
-2.875690e-01 3.491600e-01 2.437052e+00
-1.621640e-01 2.294710e-01 2.653939e+00
-2.828210e-01 -1.357100e-02 2.586219e+00
-2.641800e-02 -4.490000e-02 2.474965e+00
-1.034680e-01 -1.057100e-02 2.643223e+00
-4.032180e-01 6.989900e-02 2.559008e+00
-7.060800e-02 1.940430e-01 2.238623e+00
-3.740270e-01 -1.998310e-01 2.479401e+00
-1.373710e-01 1.036950e-01 1.979155e+00
-3.520520e-01 -2.617290e-01 2.460762e+00
-1.218430e-01 4.068200e-02 2.000364e+00
-3.053270e-01 -5.715820e-01 2.463934e+00
-5.307800e-02 -5.968530e-01 2.635626e+00
-3.409210e-01 -9.970890e-01 2.466456e+00
-4.767900e-02 -1.015287e+00 2.720552e+00
-4.076860e-01 -9.924200e-01 2.311954e+00
-1.165750e-01 -1.046699e+00 2.570163e+00
-2.678860e-01 6.201310e-01 2.374511e+00
-4.020190e-01 2.993770e-01 2.611181e+00
-1.179410e-01 3.431930e-01 2.397772e+00
-3.235650e-01 3.285700e-01 2.421331e+00
-1.606560e-01 2.136760e-01 2.614596e+00
-2.842400e-01 -3.472600e-02 2.583468e+00
-4.498100e-02 -6.727600e-02 2.439256e+00
-9.885500e-02 -2.899600e-02 2.615490e+00
-4.150830e-01 4.366300e-02 2.570379e+00
-1.663890e-01 1.271540e-01 2.262847e+00
-3.825780e-01 -2.267420e-01 2.505389e+00
-2.056090e-01 -8.977500e-02 2.090211e+00
-3.403040e-01 -2.758640e-01 2.483904e+00
-2.249280e-01 -1.286980e-01 2.037549e+00
-3.126140e-01 -5.949470e-01 2.470683e+00
-5.856900e-02 -6.148740e-01 2.625410e+00
-3.457550e-01 -1.020654e+00 2.468645e+00
-5.146300e-02 -1.030541e+00 2.722872e+00
-4.310270e-01 -1.013322e+00 2.323645e+00
-1.396300e-01 -1.064714e+00 2.583556e+00
-3.029340e-01 5.917540e-01 2.333507e+00
-4.049490e-01 2.779120e-01 2.601368e+00
-1.364130e-01 3.354050e-01 2.371702e+00
-3.394340e-01 3.118360e-01 2.407443e+00
-1.604220e-01 2.025790e-01 2.589401e+00
-2.870280e-01 -4.656700e-02 2.567870e+00
-5.332800e-02 -8.243500e-02 2.415556e+00
-1.005890e-01 -3.818600e-02 2.592289e+00
-4.200980e-01 1.973900e-02 2.579946e+00
-1.518720e-01 9.689700e-02 2.270625e+00
-3.872980e-01 -2.539010e-01 2.529149e+00
-2.194130e-01 -1.095100e-01 2.093511e+00
-3.526760e-01 -2.933040e-01 2.485441e+00
-2.380740e-01 -1.516000e-01 2.043095e+00
-3.188550e-01 -6.105680e-01 2.481172e+00
-6.977500e-02 -6.251200e-01 2.621973e+00
-3.418660e-01 -1.036866e+00 2.472823e+00
-5.416100e-02 -1.038745e+00 2.726851e+00
-4.347820e-01 -1.029105e+00 2.332621e+00
-1.479430e-01 -1.076431e+00 2.592185e+00
-3.118940e-01 5.723660e-01 2.304433e+00
-3.995860e-01 2.672560e-01 2.598292e+00
-1.380750e-01 3.389170e-01 2.364537e+00
-3.393550e-01 3.074280e-01 2.403846e+00
-1.528670e-01 2.009160e-01 2.579826e+00
-2.943180e-01 -5.423300e-02 2.561312e+00
-6.059800e-02 -9.088000e-02 2.409215e+00
-1.078940e-01 -4.486900e-02 2.585488e+00
-4.277530e-01 1.085600e-02 2.593299e+00
-1.458330e-01 1.022690e-01 2.262083e+00
-3.922820e-01 -2.601470e-01 2.539243e+00
-2.121530e-01 -9.910400e-02 2.081324e+00
-3.585100e-01 -2.898310e-01 2.487863e+00
-2.294410e-01 -1.379970e-01 2.027939e+00
-3.213390e-01 -6.206090e-01 2.484495e+00
-7.905200e-02 -6.304860e-01 2.625898e+00
-3.410910e-01 -1.047072e+00 2.476217e+00
-6.062100e-02 -1.045584e+00 2.724301e+00
-4.341210e-01 -1.040042e+00 2.336053e+00
-1.548100e-01 -1.081724e+00 2.589496e+00
-3.082510e-01 5.682130e-01 2.297834e+00
-4.023200e-01 2.741000e-01 2.586618e+00
-1.274350e-01 3.415040e-01 2.367395e+00
-3.308180e-01 3.115520e-01 2.395476e+00
-1.553450e-01 2.062540e-01 2.583127e+00
-2.995290e-01 -4.686100e-02 2.560263e+00
-5.805400e-02 -8.425700e-02 2.421005e+00
-1.146770e-01 -4.092800e-02 2.595196e+00
-4.312330e-01 1.499300e-02 2.593709e+00
-1.384320e-01 1.167910e-01 2.235464e+00
-4.009220e-01 -2.615640e-01 2.549806e+00
-1.883030e-01 -7.614100e-02 2.036417e+00
-3.913180e-01 -3.287410e-01 2.542286e+00
-2.067110e-01 -1.156830e-01 1.983889e+00
-3.227470e-01 -6.149860e-01 2.480520e+00
-7.492000e-02 -6.245450e-01 2.627243e+00
-3.384260e-01 -1.041598e+00 2.471266e+00
-6.466100e-02 -1.040074e+00 2.725014e+00
-4.238080e-01 -1.035314e+00 2.326281e+00
-1.514790e-01 -1.075145e+00 2.585076e+00
-2.967320e-01 5.753400e-01 2.295490e+00
-3.919780e-01 2.903270e-01 2.586681e+00
-1.004600e-01 3.512140e-01 2.388001e+00
-3.070050e-01 3.395000e-01 2.403892e+00
-1.529280e-01 1.983110e-01 2.586696e+00
-2.976960e-01 -3.955600e-02 2.563906e+00
-5.397300e-02 -7.443900e-02 2.427951e+00
-1.134740e-01 -3.591700e-02 2.602312e+00
-4.273950e-01 3.205600e-02 2.585366e+00
-1.243510e-01 1.380500e-01 2.239844e+00
-4.111200e-01 -2.473270e-01 2.554748e+00
-1.574380e-01 -5.017800e-02 2.033126e+00
-4.015200e-01 -3.140050e-01 2.565861e+00
-1.782020e-01 -8.987700e-02 1.981604e+00
-3.191880e-01 -6.082850e-01 2.479088e+00
-7.243800e-02 -6.169450e-01 2.627137e+00
-3.378610e-01 -1.034740e+00 2.468266e+00
-6.134900e-02 -1.032963e+00 2.722718e+00
-4.209010e-01 -1.027391e+00 2.321976e+00
-1.458510e-01 -1.067709e+00 2.581288e+00
-2.724130e-01 5.878550e-01 2.307539e+00
-3.873400e-01 3.069570e-01 2.588548e+00
-8.056000e-02 3.531100e-01 2.409886e+00
-2.880270e-01 3.510470e-01 2.411790e+00
-1.533740e-01 2.039960e-01 2.605015e+00
-2.978200e-01 -3.854300e-02 2.564379e+00
-4.738900e-02 -6.787500e-02 2.439776e+00
-1.157220e-01 -3.313100e-02 2.611676e+00
-4.192360e-01 4.855300e-02 2.575128e+00
-8.566800e-02 1.427890e-01 2.255906e+00
-4.181170e-01 -2.319870e-01 2.551353e+00
-1.202980e-01 -3.506600e-02 2.040414e+00
-4.033580e-01 -2.975450e-01 2.563433e+00
-1.425920e-01 -7.229400e-02 1.987700e+00
-3.176940e-01 -6.055010e-01 2.477844e+00
-6.533300e-02 -6.138250e-01 2.627974e+00
-3.442840e-01 -1.031499e+00 2.465663e+00
-6.731300e-02 -1.030744e+00 2.720187e+00
-4.210650e-01 -1.022429e+00 2.316088e+00
-1.434460e-01 -1.062832e+00 2.573476e+00
-2.530480e-01 6.023000e-01 2.324393e+00
-3.657130e-01 3.169250e-01 2.588089e+00
-3.875800e-02 3.526310e-01 2.446704e+00
-2.449370e-01 3.624800e-01 2.425644e+00
-1.408540e-01 2.000270e-01 2.625311e+00
-2.920290e-01 -3.684300e-02 2.576872e+00
-3.064500e-02 -5.919600e-02 2.475482e+00
-1.153750e-01 -3.503600e-02 2.641804e+00
-3.994170e-01 5.715600e-02 2.566984e+00
-1.203300e-02 1.328300e-01 2.305160e+00
-4.048390e-01 -2.235460e-01 2.525542e+00
-5.476600e-02 -4.659400e-02 2.089471e+00
-3.903750e-01 -2.900500e-01 2.530994e+00
-8.154400e-02 -8.493000e-02 2.039723e+00
-3.125860e-01 -6.018110e-01 2.481543e+00
-5.198700e-02 -6.131650e-01 2.629920e+00
-3.475230e-01 -1.027068e+00 2.465279e+00
-6.374700e-02 -1.031712e+00 2.713640e+00
-4.117050e-01 -1.015858e+00 2.310021e+00
-1.238280e-01 -1.060938e+00 2.559088e+00
-1.987100e-01 6.196750e-01 2.363028e+00
-3.466100e-01 3.284470e-01 2.601836e+00
-6.954000e-03 3.511300e-01 2.491008e+00
-2.095410e-01 3.753680e-01 2.453307e+00
-1.331820e-01 1.954350e-01 2.650499e+00
-3.024310e-01 -4.004700e-02 2.577147e+00
-3.411600e-02 -4.866200e-02 2.493275e+00
-1.307740e-01 -3.055200e-02 2.653760e+00
-3.883780e-01 6.963600e-02 2.571931e+00
2.478500e-02 1.242130e-01 2.360151e+00
-3.974540e-01 -2.077380e-01 2.507308e+00
-5.005000e-03 -7.489600e-02 2.158501e+00
-3.630730e-01 -2.661930e-01 2.499399e+00
-3.880600e-02 -1.173490e-01 2.117065e+00
-3.041310e-01 -6.048820e-01 2.492042e+00
-4.004200e-02 -6.062840e-01 2.636114e+00
-3.470240e-01 -1.028691e+00 2.462446e+00
-6.093800e-02 -1.025409e+00 2.715026e+00
-4.002200e-01 -1.012210e+00 2.303548e+00
-1.058790e-01 -1.053266e+00 2.555169e+00
-1.818670e-01 6.257190e-01 2.397337e+00
-3.276480e-01 3.316380e-01 2.616169e+00
1.711000e-02 3.466090e-01 2.520872e+00
-1.830440e-01 3.738880e-01 2.473497e+00
-1.191810e-01 1.955840e-01 2.676526e+00
-2.921270e-01 -3.807300e-02 2.593212e+00
-2.041200e-02 -4.870300e-02 2.521383e+00
-1.240580e-01 -3.477900e-02 2.677875e+00
-3.663720e-01 7.307300e-02 2.574663e+00
5.662600e-02 1.040420e-01 2.422496e+00
-3.690080e-01 -2.053480e-01 2.509845e+00
4.198800e-02 -1.169450e-01 2.241727e+00
-3.461100e-01 -2.677870e-01 2.494396e+00
1.545100e-02 -1.705990e-01 2.208884e+00
-2.956470e-01 -6.055830e-01 2.512947e+00
-3.548400e-02 -6.079880e-01 2.651211e+00
-3.464150e-01 -1.025448e+00 2.454081e+00
-5.159600e-02 -1.029892e+00 2.714981e+00
-3.896410e-01 -9.977390e-01 2.293725e+00
-9.145500e-02 -1.052851e+00 2.553011e+00
-1.572040e-01 6.295800e-01 2.424934e+00
-3.023880e-01 3.453070e-01 2.638983e+00
4.607600e-02 3.426300e-01 2.556951e+00
-1.503980e-01 3.808340e-01 2.502282e+00
-1.038580e-01 1.979510e-01 2.705946e+00
-2.551050e-01 -2.127000e-02 2.621280e+00
1.733400e-02 -5.704400e-02 2.561293e+00
-9.137800e-02 -3.413700e-02 2.713223e+00
-3.353160e-01 8.728600e-02 2.584691e+00
9.899400e-02 8.686800e-02 2.508041e+00
-3.369360e-01 -1.928080e-01 2.522337e+00
1.026390e-01 -1.804080e-01 2.403669e+00
-3.079050e-01 -2.520330e-01 2.504697e+00
6.846300e-02 -2.312010e-01 2.373443e+00
-2.838810e-01 -5.899870e-01 2.526828e+00
-3.315600e-02 -6.143540e-01 2.669270e+00
-3.315810e-01 -1.012343e+00 2.485979e+00
-5.072800e-02 -1.037586e+00 2.723077e+00
-3.682790e-01 -9.924230e-01 2.322864e+00
-8.823800e-02 -1.056754e+00 2.560056e+00
-1.160870e-01 6.349900e-01 2.455092e+00
-2.851630e-01 3.532640e-01 2.654377e+00
6.478600e-02 3.359730e-01 2.580891e+00
-1.287470e-01 3.805250e-01 2.520806e+00
-9.401800e-02 1.998040e-01 2.728712e+00
-2.465760e-01 -2.193500e-02 2.632017e+00
2.826600e-02 -5.423600e-02 2.581814e+00
-8.580900e-02 -3.005500e-02 2.729558e+00
-3.246870e-01 9.507900e-02 2.602837e+00
1.073910e-01 7.358700e-02 2.566180e+00
-3.144890e-01 -1.851090e-01 2.539200e+00
1.093470e-01 -2.085840e-01 2.511090e+00
-3.070160e-01 -2.499270e-01 2.519091e+00
8.136600e-02 -2.661800e-01 2.487398e+00
-2.814930e-01 -5.823770e-01 2.522654e+00
-3.578600e-02 -6.163230e-01 2.675901e+00
-3.045010e-01 -1.008272e+00 2.542987e+00
-5.220400e-02 -1.039641e+00 2.729389e+00
-3.471140e-01 -1.013742e+00 2.380186e+00
-8.355100e-02 -1.059182e+00 2.565116e+00
-9.703500e-02 6.423330e-01 2.486554e+00
-2.762780e-01 3.607020e-01 2.666106e+00
7.475500e-02 3.395530e-01 2.599083e+00
-1.169930e-01 3.873360e-01 2.535840e+00
-8.861900e-02 2.039040e-01 2.742331e+00
-2.594250e-01 -2.668900e-02 2.649882e+00
1.392300e-02 -4.609900e-02 2.586594e+00
-9.402100e-02 -2.781100e-02 2.739694e+00
-3.297760e-01 1.036990e-01 2.620008e+00
1.140750e-01 7.654600e-02 2.616939e+00
-3.200870e-01 -1.755410e-01 2.550897e+00
7.655600e-02 -2.087260e-01 2.609329e+00
-3.123090e-01 -2.423550e-01 2.539190e+00
7.376800e-02 -2.762020e-01 2.619368e+00
-2.711770e-01 -5.880360e-01 2.537921e+00
-3.413600e-02 -6.116770e-01 2.686063e+00
-2.859790e-01 -1.003497e+00 2.635400e+00
-4.757500e-02 -1.033367e+00 2.751839e+00
-3.347490e-01 -1.038661e+00 2.478126e+00
-8.474200e-02 -1.057520e+00 2.589404e+00
-9.395300e-02 6.491770e-01 2.502960e+00
-2.723260e-01 3.686170e-01 2.668725e+00
8.321300e-02 3.395390e-01 2.638555e+00
-9.938200e-02 3.951320e-01 2.557200e+00
-9.796000e-02 2.037860e-01 2.758386e+00
-2.590270e-01 -2.119100e-02 2.636870e+00
2.054800e-02 -3.593900e-02 2.609999e+00
-1.066580e-01 -1.561800e-02 2.747227e+00
-3.386660e-01 1.115300e-01 2.640642e+00
1.143120e-01 7.528900e-02 2.660656e+00
-3.275400e-01 -1.700580e-01 2.579675e+00
9.805400e-02 -2.125060e-01 2.654191e+00
-3.208150e-01 -2.379200e-01 2.583003e+00
8.590300e-02 -2.792260e-01 2.646294e+00
-2.627230e-01 -5.930130e-01 2.598497e+00
-1.611500e-02 -6.014660e-01 2.700521e+00
-2.926250e-01 -9.875080e-01 2.759148e+00
-4.375000e-02 -1.026804e+00 2.726074e+00
-3.250810e-01 -1.047705e+00 2.605287e+00
-5.657300e-02 -1.036042e+00 2.558442e+00
-8.172200e-02 6.537330e-01 2.528014e+00
-2.770670e-01 3.672810e-01 2.666354e+00
8.005200e-02 3.423410e-01 2.663523e+00
-9.614800e-02 3.993700e-01 2.569973e+00
-1.084870e-01 2.007170e-01 2.763560e+00
-2.548940e-01 -1.766400e-02 2.638727e+00
2.554100e-02 -3.134100e-02 2.622266e+00
-1.066410e-01 -8.805000e-03 2.754349e+00
-3.395060e-01 1.083250e-01 2.644691e+00
1.156440e-01 7.787900e-02 2.678342e+00
-3.407300e-01 -1.784310e-01 2.611999e+00
1.076530e-01 -2.103480e-01 2.665679e+00
-3.251860e-01 -2.442650e-01 2.602730e+00
9.235600e-02 -2.740860e-01 2.646571e+00
-2.668900e-01 -5.896610e-01 2.642514e+00
-1.140600e-02 -5.977140e-01 2.706370e+00
-2.978130e-01 -9.865340e-01 2.796995e+00
-4.147700e-02 -1.022989e+00 2.730164e+00
-3.269820e-01 -1.044708e+00 2.641705e+00
-4.717400e-02 -1.031988e+00 2.562126e+00
-7.839500e-02 6.599530e-01 2.553931e+00
-2.858710e-01 3.735110e-01 2.668308e+00
7.026800e-02 3.422580e-01 2.687085e+00
-9.877000e-02 4.046200e-01 2.584188e+00
-1.264620e-01 2.017120e-01 2.771680e+00
-2.490210e-01 -1.476000e-02 2.633564e+00
3.187600e-02 -2.475000e-02 2.643487e+00
-1.124490e-01 -5.380000e-03 2.762739e+00
-3.434050e-01 1.136160e-01 2.641176e+00
1.127270e-01 7.822700e-02 2.695834e+00
-3.502420e-01 -1.745870e-01 2.621559e+00
1.263010e-01 -2.088850e-01 2.666256e+00
-3.324200e-01 -2.379180e-01 2.639812e+00
1.038580e-01 -2.698160e-01 2.645153e+00
-2.680050e-01 -5.831580e-01 2.690278e+00
-1.081100e-02 -5.939770e-01 2.711499e+00
-3.010880e-01 -9.836710e-01 2.834584e+00
-4.927100e-02 -1.018761e+00 2.731715e+00
-3.132480e-01 -1.039706e+00 2.676273e+00
-3.752900e-02 -1.027806e+00 2.563993e+00
-8.316600e-02 6.646710e-01 2.574558e+00
-2.946490e-01 3.722600e-01 2.672702e+00
6.131100e-02 3.383890e-01 2.690300e+00
-1.076540e-01 4.012730e-01 2.587602e+00
-1.361560e-01 2.000230e-01 2.776752e+00
-2.585450e-01 -2.264800e-02 2.638139e+00
2.237800e-02 -1.961900e-02 2.651350e+00
-1.240810e-01 -5.792000e-03 2.768758e+00
-3.538640e-01 1.132260e-01 2.639961e+00
1.073980e-01 7.484800e-02 2.700258e+00
-3.451720e-01 -1.749340e-01 2.618073e+00
1.280140e-01 -2.097230e-01 2.653511e+00
-3.300210e-01 -2.372750e-01 2.641432e+00
1.038410e-01 -2.734190e-01 2.657990e+00
-2.679800e-01 -5.867080e-01 2.707951e+00
-1.547200e-02 -5.938330e-01 2.711325e+00
-3.086330e-01 -9.901720e-01 2.841716e+00
-4.526200e-02 -1.018780e+00 2.740675e+00
-3.137370e-01 -1.042671e+00 2.681816e+00
-3.202900e-02 -1.031269e+00 2.573286e+00
-9.342700e-02 6.604670e-01 2.571747e+00
-3.007460e-01 3.727080e-01 2.673795e+00
5.542100e-02 3.442760e-01 2.696159e+00
-1.131470e-01 4.035170e-01 2.590682e+00
-1.410720e-01 2.039930e-01 2.781736e+00
-2.649800e-01 -2.481100e-02 2.644375e+00
1.564200e-02 -1.599800e-02 2.660957e+00
-1.324560e-01 -5.735000e-03 2.776661e+00
-3.590850e-01 1.133530e-01 2.640980e+00
1.042720e-01 8.092200e-02 2.698198e+00
-3.408600e-01 -1.739240e-01 2.612504e+00
1.209900e-01 -2.050820e-01 2.658285e+00
-3.289210e-01 -2.398610e-01 2.625596e+00
9.392300e-02 -2.625050e-01 2.633153e+00
-2.744400e-01 -5.856310e-01 2.722175e+00
-2.054100e-02 -5.926120e-01 2.714289e+00
-3.134310e-01 -9.925530e-01 2.845557e+00
-4.839200e-02 -1.017833e+00 2.741493e+00
-3.143460e-01 -1.041328e+00 2.684404e+00
-3.323300e-02 -1.029528e+00 2.574211e+00
-9.502100e-02 6.659900e-01 2.580926e+00
-3.151240e-01 3.683930e-01 2.683784e+00
4.222000e-02 3.514910e-01 2.697324e+00
-1.307730e-01 4.037670e-01 2.595388e+00
-1.474810e-01 2.064710e-01 2.790032e+00
-2.685230e-01 -1.943100e-02 2.654993e+00
1.231300e-02 -1.714800e-02 2.670067e+00
-1.348830e-01 -3.543000e-03 2.786575e+00
-3.632210e-01 1.072700e-01 2.647365e+00
8.928400e-02 8.768700e-02 2.693192e+00
-3.405530e-01 -1.771250e-01 2.598692e+00
9.650600e-02 -1.977790e-01 2.646067e+00
-3.228680e-01 -2.360530e-01 2.628296e+00
7.909600e-02 -2.613540e-01 2.628267e+00
-2.828000e-01 -5.832500e-01 2.720361e+00
-2.402300e-02 -5.919970e-01 2.717697e+00
-3.074410e-01 -9.915250e-01 2.842973e+00
-4.901700e-02 -1.017343e+00 2.745713e+00
-3.136340e-01 -1.039578e+00 2.681720e+00
-3.485100e-02 -1.029199e+00 2.578355e+00
-1.169700e-01 6.693620e-01 2.589718e+00
