-3.246690e-01 3.259750e-01 2.772336e+00
-1.808075e-01 3.301140e-01 2.759412e+00
-3.694600e-02 3.342530e-01 2.746488e+00
-1.143875e-01 3.490475e-01 2.697007e+00
-1.918290e-01 3.638420e-01 2.647525e+00
-1.801625e-01 2.784135e-01 2.750037e+00
-1.684960e-01 1.929850e-01 2.852550e+00
-2.581030e-01 7.936900e-02 2.798157e+00
-3.477100e-01 -3.424700e-02 2.743763e+00
-1.805250e-01 -3.554500e-02 2.728819e+00
-1.334000e-02 -3.684300e-02 2.713875e+00
-9.203450e-02 -3.135500e-02 2.775723e+00
-1.707290e-01 -2.586700e-02 2.837571e+00
-2.847795e-01 1.492500e-02 2.806928e+00
-3.988300e-01 5.571700e-02 2.776284e+00
-1.841475e-01 6.005700e-02 2.778555e+00
3.053500e-02 6.439700e-02 2.780825e+00
-1.897485e-01 -8.390300e-02 2.760110e+00
-4.100320e-01 -2.322030e-01 2.739395e+00
-1.869715e-01 -2.288615e-01 2.751425e+00
3.608900e-02 -2.255200e-01 2.763455e+00
-1.830635e-01 -2.545805e-01 2.757573e+00
-4.022160e-01 -2.836410e-01 2.751690e+00
-1.885515e-01 -2.766065e-01 2.743456e+00
2.511300e-02 -2.695720e-01 2.735222e+00
-1.326440e-01 -3.965355e-01 2.773477e+00
-2.904010e-01 -5.234990e-01 2.811731e+00
-1.798215e-01 -5.255665e-01 2.793437e+00
-6.924200e-02 -5.276340e-01 2.775143e+00
-1.997290e-01 -7.185220e-01 2.807660e+00
-3.302160e-01 -9.094100e-01 2.840177e+00
-1.968685e-01 -9.101650e-01 2.840752e+00
-6.352100e-02 -9.109200e-01 2.841326e+00
-2.013090e-01 -9.137340e-01 2.786111e+00
-3.390970e-01 -9.165480e-01 2.730895e+00
-2.052640e-01 -9.231150e-01 2.732125e+00
-7.143100e-02 -9.296820e-01 2.733354e+00
-1.200600e-01 -1.718915e-01 2.699654e+00
-1.686890e-01 5.858990e-01 2.665954e+00
-2.466095e-01 4.561485e-01 2.716827e+00
-3.245300e-01 3.263980e-01 2.767700e+00
-1.803090e-01 3.328265e-01 2.761435e+00
-3.608800e-02 3.392550e-01 2.755169e+00
-1.114020e-01 3.533530e-01 2.702315e+00
-1.867160e-01 3.674510e-01 2.649461e+00
-1.784345e-01 2.812335e-01 2.751642e+00
-1.701530e-01 1.950160e-01 2.853823e+00
-2.559425e-01 8.315500e-02 2.792955e+00
-3.417320e-01 -2.870600e-02 2.732086e+00
-1.739395e-01 -3.078250e-02 2.727933e+00
-6.147000e-03 -3.285900e-02 2.723779e+00
-8.863200e-02 -2.694100e-02 2.780430e+00
-1.711170e-01 -2.102300e-02 2.837081e+00
-2.841540e-01 1.799400e-02 2.808690e+00
-3.971910e-01 5.701100e-02 2.780299e+00
-1.827255e-01 6.281500e-02 2.774124e+00
3.174000e-02 6.861900e-02 2.767949e+00
-1.864990e-01 -8.027400e-02 2.752664e+00
-4.047380e-01 -2.291670e-01 2.737379e+00
-1.839650e-01 -2.234890e-01 2.731873e+00
3.680800e-02 -2.178110e-01 2.726366e+00
-1.826865e-01 -2.485865e-01 2.740984e+00
-4.021810e-01 -2.793620e-01 2.755601e+00
-1.870475e-01 -2.744880e-01 2.736022e+00
2.808600e-02 -2.696140e-01 2.716444e+00
-1.312975e-01 -3.936160e-01 2.762039e+00
-2.906810e-01 -5.176180e-01 2.807634e+00
-1.810455e-01 -5.210750e-01 2.789559e+00
-7.141000e-02 -5.245320e-01 2.771484e+00
-2.010790e-01 -7.138880e-01 2.805438e+00
-3.307480e-01 -9.032440e-01 2.839392e+00
-1.974355e-01 -9.054505e-01 2.838917e+00
-6.412300e-02 -9.076570e-01 2.838442e+00
-1.984405e-01 -9.098550e-01 2.784166e+00
-3.327580e-01 -9.120530e-01 2.729890e+00
-1.990180e-01 -9.193230e-01 2.730053e+00
-6.527800e-02 -9.265930e-01 2.730217e+00
-1.188465e-01 -1.675655e-01 2.702823e+00
-1.724150e-01 5.914620e-01 2.675429e+00
-2.481860e-01 4.587195e-01 2.724894e+00
-3.239570e-01 3.259770e-01 2.774359e+00
-1.800010e-01 3.281705e-01 2.762026e+00
-3.604500e-02 3.303640e-01 2.749692e+00
-1.130735e-01 3.464230e-01 2.699960e+00
-1.901020e-01 3.624820e-01 2.650229e+00
-1.800340e-01 2.765025e-01 2.752449e+00
-1.699660e-01 1.905230e-01 2.854670e+00
-2.585590e-01 7.793000e-02 2.796958e+00
-3.471520e-01 -3.466300e-02 2.739246e+00
-1.796540e-01 -3.418950e-02 2.728288e+00
-1.215600e-02 -3.371600e-02 2.717330e+00
-9.235500e-02 -2.902800e-02 2.777282e+00
-1.725540e-01 -2.434000e-02 2.837234e+00
-2.854865e-01 1.616150e-02 2.810394e+00
-3.984190e-01 5.666300e-02 2.783554e+00
-1.829580e-01 5.804600e-02 2.770299e+00
3.250300e-02 5.942900e-02 2.757044e+00
-1.885740e-01 -8.521100e-02 2.749427e+00
-4.096510e-01 -2.298510e-01 2.741810e+00
-1.843925e-01 -2.265200e-01 2.717741e+00
4.086600e-02 -2.231890e-01 2.693673e+00
-1.814850e-01 -2.521340e-01 2.724811e+00
-4.038360e-01 -2.810790e-01 2.755950e+00
-1.778255e-01 -2.652670e-01 2.701818e+00
4.818500e-02 -2.494550e-01 2.647687e+00
-1.216815e-01 -3.860965e-01 2.728217e+00
-2.915480e-01 -5.227380e-01 2.808747e+00
-1.820025e-01 -5.245435e-01 2.790529e+00
-7.245700e-02 -5.263490e-01 2.772311e+00
-2.019985e-01 -7.173415e-01 2.806634e+00
-3.315400e-01 -9.083340e-01 2.840956e+00
-1.978550e-01 -9.087520e-01 2.840914e+00
-6.417000e-02 -9.091700e-01 2.840871e+00
-2.009780e-01 -9.129955e-01 2.786229e+00
-3.377860e-01 -9.168210e-01 2.731587e+00
-2.036580e-01 -9.227250e-01 2.732226e+00
-6.953000e-02 -9.286290e-01 2.732866e+00
-1.234835e-01 -1.708100e-01 2.704312e+00
-1.774370e-01 5.870090e-01 2.675758e+00
-2.529025e-01 4.557435e-01 2.725228e+00
-3.283680e-01 3.244780e-01 2.774698e+00
-1.844895e-01 3.313415e-01 2.763205e+00
-4.061100e-02 3.382050e-01 2.751712e+00
-1.177960e-01 3.504265e-01 2.701138e+00
-1.949810e-01 3.626480e-01 2.650565e+00
-1.826835e-01 2.794925e-01 2.754857e+00
-1.703860e-01 1.963370e-01 2.859149e+00
-2.532475e-01 8.381300e-02 2.801179e+00
-3.361090e-01 -2.871100e-02 2.743209e+00
-1.688530e-01 -3.540450e-02 2.730698e+00
-1.597000e-03 -4.209800e-02 2.718188e+00
-8.096450e-02 -3.404250e-02 2.778885e+00
-1.603320e-01 -2.598700e-02 2.839581e+00
-2.807845e-01 1.426050e-02 2.811806e+00
-4.012370e-01 5.450800e-02 2.784031e+00
-1.799275e-01 6.265700e-02 2.764123e+00
4.138200e-02 7.080600e-02 2.744214e+00
-1.819975e-01 -8.063950e-02 2.742112e+00
-4.053770e-01 -2.320850e-01 2.740009e+00
-1.656130e-01 -2.044270e-01 2.668417e+00
7.415100e-02 -1.767690e-01 2.596825e+00
-1.667785e-01 -2.299950e-01 2.676127e+00
-4.077080e-01 -2.832210e-01 2.755430e+00
-1.656525e-01 -2.539390e-01 2.664298e+00
7.640300e-02 -2.246570e-01 2.573166e+00
-1.076830e-01 -3.725110e-01 2.691506e+00
-2.917690e-01 -5.203650e-01 2.809846e+00
-1.814830e-01 -5.256430e-01 2.792472e+00
-7.119700e-02 -5.309210e-01 2.775099e+00
-2.010825e-01 -7.186825e-01 2.805959e+00
-3.309680e-01 -9.064440e-01 2.836818e+00
-1.975015e-01 -9.103775e-01 2.838675e+00
-6.403500e-02 -9.143110e-01 2.840533e+00
-2.014480e-01 -9.137975e-01 2.783987e+00
-3.388610e-01 -9.132840e-01 2.727440e+00
-2.050750e-01 -9.230860e-01 2.729962e+00
-7.128900e-02 -9.328880e-01 2.732484e+00
-1.269555e-01 -1.705950e-01 2.706550e+00
-1.826220e-01 5.916980e-01 2.680616e+00
-2.588465e-01 4.508490e-01 2.725048e+00
-3.350710e-01 3.100000e-01 2.769480e+00
-1.920220e-01 3.301740e-01 2.766286e+00
-4.897300e-02 3.503480e-01 2.763092e+00
-1.240070e-01 3.562205e-01 2.708320e+00
-1.990410e-01 3.620930e-01 2.653548e+00
-1.849780e-01 2.788405e-01 2.757540e+00
-1.709150e-01 1.955880e-01 2.861531e+00
-2.552220e-01 8.148000e-02 2.796466e+00
-3.395290e-01 -3.262800e-02 2.731400e+00
-1.717035e-01 -3.469400e-02 2.728924e+00
-3.878000e-03 -3.676000e-02 2.726447e+00
-8.692250e-02 -3.060600e-02 2.782249e+00
-1.699670e-01 -2.445200e-02 2.838051e+00
-2.874260e-01 7.628000e-03 2.811757e+00
-4.048850e-01 3.970800e-02 2.785464e+00
-1.683935e-01 7.331100e-02 2.738148e+00
6.809800e-02 1.069140e-01 2.690832e+00
-1.706150e-01 -6.920750e-02 2.712055e+00
-4.093280e-01 -2.453290e-01 2.733278e+00
-1.494445e-01 -1.402155e-01 2.587528e+00
1.104390e-01 -3.510200e-02 2.441777e+00
-1.434790e-01 -1.661375e-01 2.590173e+00
-3.973970e-01 -2.971730e-01 2.738569e+00
-1.499700e-01 -1.833940e-01 2.570819e+00
9.745700e-02 -6.961500e-02 2.403068e+00
-9.797600e-02 -2.953810e-01 2.604893e+00
-2.934090e-01 -5.211470e-01 2.806718e+00
-1.824240e-01 -5.248285e-01 2.790367e+00
-7.143900e-02 -5.285100e-01 2.774017e+00
-1.985355e-01 -7.179570e-01 2.806860e+00
-3.256320e-01 -9.074040e-01 2.839704e+00
-1.949000e-01 -9.094005e-01 2.841013e+00
-6.416800e-02 -9.113970e-01 2.842323e+00
-1.955100e-01 -9.140245e-01 2.786275e+00
-3.268520e-01 -9.166520e-01 2.730226e+00
-1.955990e-01 -9.236745e-01 2.732191e+00
-6.434600e-02 -9.306970e-01 2.734157e+00
-1.265195e-01 -1.709780e-01 2.707037e+00
-1.886930e-01 5.887410e-01 2.679916e+00
-2.638450e-01 4.528760e-01 2.722681e+00
-3.389970e-01 3.170110e-01 2.765445e+00
-1.961720e-01 3.370695e-01 2.774327e+00
-5.334700e-02 3.571280e-01 2.783209e+00
-1.238880e-01 3.655610e-01 2.723064e+00
-1.944290e-01 3.739940e-01 2.662920e+00
-1.883730e-01 2.861650e-01 2.763877e+00
-1.823170e-01 1.983360e-01 2.864835e+00
-2.591625e-01 8.552150e-02 2.793720e+00
-3.360080e-01 -2.729300e-02 2.722605e+00
-1.684855e-01 -2.831600e-02 2.733140e+00
-9.630000e-04 -2.933900e-02 2.743675e+00
-8.813950e-02 -2.571300e-02 2.793023e+00
-1.753160e-01 -2.208700e-02 2.842370e+00
-2.888785e-01 1.213800e-02 2.808604e+00
-4.024410e-01 4.636300e-02 2.774837e+00
-1.644620e-01 9.160100e-02 2.722582e+00
7.351700e-02 1.368390e-01 2.670328e+00
-1.642635e-01 -5.070050e-02 2.699636e+00
-4.020440e-01 -2.382400e-01 2.728945e+00
-1.428535e-01 -4.870750e-02 2.557110e+00
1.163370e-01 1.408250e-01 2.385274e+00
-1.444820e-01 -7.073250e-02 2.572169e+00
-4.053010e-01 -2.822900e-01 2.759063e+00
-1.445980e-01 -5.449700e-02 2.550934e+00
1.161050e-01 1.732960e-01 2.342804e+00
-8.862650e-02 -1.709070e-01 2.572802e+00
-2.933580e-01 -5.151100e-01 2.802801e+00
-1.823440e-01 -5.190075e-01 2.787602e+00
-7.133000e-02 -5.229050e-01 2.772402e+00
-1.964590e-01 -7.120975e-01 2.806235e+00
-3.215880e-01 -9.012900e-01 2.840068e+00
-1.932425e-01 -9.036795e-01 2.839646e+00
-6.489700e-02 -9.060690e-01 2.839223e+00
-1.896795e-01 -9.092035e-01 2.785103e+00
-3.144620e-01 -9.123380e-01 2.730983e+00
-1.855315e-01 -9.185470e-01 2.731125e+00
-5.660100e-02 -9.247560e-01 2.731267e+00
-1.236955e-01 -1.666000e-01 2.704715e+00
-1.907900e-01 5.915560e-01 2.678163e+00
-2.657295e-01 4.532515e-01 2.720730e+00
-3.406690e-01 3.149470e-01 2.763297e+00
-5.475800e-02 3.533750e-01 2.780600e+00
-1.959240e-01 3.710160e-01 2.660519e+00
-1.845430e-01 1.953950e-01 2.862509e+00
-3.417190e-01 -3.041100e-02 2.720467e+00
-6.636000e-03 -2.957200e-02 2.740995e+00
-1.808850e-01 -2.331000e-02 2.839942e+00
-4.030670e-01 4.615600e-02 2.769819e+00
9.727500e-02 1.779570e-01 2.631272e+00
-3.996080e-01 -2.362830e-01 2.724496e+00
1.197480e-01 3.749750e-01 2.425076e+00
-4.141380e-01 -2.799770e-01 2.751660e+00
1.119760e-01 4.251730e-01 2.408405e+00
-2.938280e-01 -5.171850e-01 2.805332e+00
-7.037700e-02 -5.233170e-01 2.772897e+00
-3.273350e-01 -9.032090e-01 2.839737e+00
-6.386600e-02 -9.069330e-01 2.837063e+00
-3.198540e-01 -9.135840e-01 2.730609e+00
-5.543000e-02 -9.248670e-01 2.728990e+00
-1.886600e-01 5.906460e-01 2.681329e+00
-3.351090e-01 3.158700e-01 2.764781e+00
-4.713000e-02 3.393530e-01 2.770917e+00
-1.919250e-01 3.664370e-01 2.657080e+00
-1.814920e-01 1.866600e-01 2.855431e+00
-3.387540e-01 -3.110000e-02 2.723076e+00
-3.167000e-03 -3.725200e-02 2.729884e+00
-1.730510e-01 -2.714800e-02 2.835855e+00
-4.024800e-01 4.923800e-02 2.772279e+00
1.392100e-01 2.493490e-01 2.589631e+00
-4.083320e-01 -2.315260e-01 2.722864e+00
9.130100e-02 5.091530e-01 2.482340e+00
-3.989120e-01 -2.841420e-01 2.721874e+00
7.990700e-02 5.464720e-01 2.518887e+00
-2.956450e-01 -5.190520e-01 2.806287e+00
-7.417200e-02 -5.288580e-01 2.772748e+00
-3.303400e-01 -9.048700e-01 2.841806e+00
-6.446700e-02 -9.118420e-01 2.840197e+00
-3.276870e-01 -9.151770e-01 2.732447e+00
-6.123400e-02 -9.308120e-01 2.732020e+00
-1.905480e-01 5.867740e-01 2.683263e+00
-3.361780e-01 3.056310e-01 2.765729e+00
-4.873600e-02 3.174430e-01 2.753520e+00
-1.980850e-01 3.452940e-01 2.647344e+00
-1.823250e-01 1.744700e-01 2.853117e+00
-3.408270e-01 -4.075000e-02 2.731423e+00
-5.578000e-03 -5.253200e-02 2.718301e+00
-1.685990e-01 -3.717800e-02 2.833976e+00
-4.077280e-01 4.333700e-02 2.779644e+00
1.431170e-01 3.351190e-01 2.561189e+00
-4.098490e-01 -2.341140e-01 2.728385e+00
4.963000e-02 6.003590e-01 2.583960e+00
-4.108610e-01 -2.874460e-01 2.724812e+00
3.121100e-02 6.464010e-01 2.603937e+00
-2.982480e-01 -5.304930e-01 2.808807e+00
-7.255000e-02 -5.413030e-01 2.774896e+00
-3.334680e-01 -9.167910e-01 2.838037e+00
-6.451800e-02 -9.250310e-01 2.838216e+00
-3.374750e-01 -9.247130e-01 2.728521e+00
-6.795400e-02 -9.429810e-01 2.729872e+00
-1.928410e-01 5.759800e-01 2.690592e+00
-3.315430e-01 3.030250e-01 2.786452e+00
-5.027800e-02 3.164350e-01 2.725442e+00
-2.158010e-01 3.457020e-01 2.647022e+00
-1.648450e-01 1.708600e-01 2.843505e+00
-3.371900e-01 -4.307100e-02 2.759228e+00
-9.400000e-03 -5.973600e-02 2.688668e+00
-1.497890e-01 -3.967900e-02 2.830375e+00
-4.075110e-01 4.780900e-02 2.796427e+00
1.335670e-01 3.322630e-01 2.533203e+00
-4.066690e-01 -2.239440e-01 2.747187e+00
2.782200e-02 5.682560e-01 2.630159e+00
-4.047600e-01 -2.769310e-01 2.740347e+00
1.810900e-02 6.188970e-01 2.644274e+00
-2.956090e-01 -5.346450e-01 2.817532e+00
-7.241600e-02 -5.454350e-01 2.775696e+00
-3.336070e-01 -9.212050e-01 2.838719e+00
-6.279700e-02 -9.284430e-01 2.843024e+00
-3.564090e-01 -9.248510e-01 2.731297e+00
-8.557200e-02 -9.476080e-01 2.737257e+00
-1.933970e-01 5.701750e-01 2.674001e+00
-3.290950e-01 3.103450e-01 2.804395e+00
-5.587500e-02 3.147600e-01 2.710423e+00
-2.293760e-01 3.479630e-01 2.651754e+00
-1.606050e-01 1.739990e-01 2.843532e+00
-3.339750e-01 -3.740700e-02 2.782221e+00
-1.705500e-02 -6.024500e-02 2.673856e+00
-1.395220e-01 -3.796200e-02 2.831010e+00
-3.990490e-01 5.680000e-02 2.802264e+00
9.745200e-02 3.086860e-01 2.496795e+00
-4.058740e-01 -2.140130e-01 2.771753e+00
1.494800e-02 5.604830e-01 2.560894e+00
-4.124760e-01 -2.660710e-01 2.781974e+00
2.505400e-02 5.966700e-01 2.598926e+00
-2.900770e-01 -5.333380e-01 2.816115e+00
-7.078500e-02 -5.423960e-01 2.780470e+00
-3.357220e-01 -9.190010e-01 2.838524e+00
-6.355800e-02 -9.263570e-01 2.842462e+00
-3.710050e-01 -9.208700e-01 2.734485e+00
-9.930100e-02 -9.435730e-01 2.739999e+00
-1.896180e-01 5.733000e-01 2.676406e+00
-3.339620e-01 3.189760e-01 2.780125e+00
-5.885000e-02 3.172730e-01 2.691631e+00
-2.314180e-01 3.426460e-01 2.626559e+00
-1.650780e-01 1.889970e-01 2.835754e+00
-3.338600e-01 -3.392900e-02 2.782012e+00
-1.627300e-02 -5.726200e-02 2.675722e+00
-1.396450e-01 -3.193100e-02 2.831703e+00
-4.012630e-01 6.817400e-02 2.803508e+00
6.587900e-02 2.476710e-01 2.473512e+00
-4.011410e-01 -2.009180e-01 2.778780e+00
2.528200e-02 5.057180e-01 2.404332e+00
-3.988340e-01 -2.521640e-01 2.763725e+00
3.723300e-02 5.577200e-01 2.401002e+00
-2.917950e-01 -5.293110e-01 2.818280e+00
-6.903300e-02 -5.381920e-01 2.787936e+00
-3.325000e-01 -9.158080e-01 2.835121e+00
-6.655700e-02 -9.230960e-01 2.844188e+00
-3.671850e-01 -9.166980e-01 2.730868e+00
-1.017710e-01 -9.383680e-01 2.741236e+00
-1.927230e-01 5.813580e-01 2.664802e+00
-3.384790e-01 3.203230e-01 2.796011e+00
-6.602700e-02 3.471760e-01 2.703437e+00
-2.413850e-01 3.611750e-01 2.642512e+00
-1.580870e-01 2.024710e-01 2.841626e+00
-3.309440e-01 -2.212900e-02 2.785048e+00
-1.219600e-02 -4.291200e-02 2.681746e+00
-1.372340e-01 -1.895400e-02 2.836614e+00
-3.946730e-01 6.180800e-02 2.811991e+00
8.790000e-03 2.334300e-01 2.476044e+00
-3.973720e-01 -2.119180e-01 2.789113e+00
3.260800e-02 1.967810e-01 2.204851e+00
-3.914570e-01 -2.631430e-01 2.775004e+00
3.523300e-02 1.932010e-01 2.151574e+00
-2.862410e-01 -5.175790e-01 2.817367e+00
-6.032500e-02 -5.235300e-01 2.796590e+00
-3.291680e-01 -9.036620e-01 2.837806e+00
-6.687100e-02 -9.100880e-01 2.839620e+00
-3.628510e-01 -9.054530e-01 2.733237e+00
-1.008140e-01 -9.210810e-01 2.735699e+00
-2.003960e-01 5.916870e-01 2.659733e+00
-3.345060e-01 3.244500e-01 2.791859e+00
-6.630200e-02 3.316020e-01 2.684452e+00
-2.437940e-01 3.495880e-01 2.631243e+00
-1.573680e-01 2.016630e-01 2.837205e+00
-3.420660e-01 -3.364300e-02 2.798327e+00
-3.090400e-02 -3.698200e-02 2.672351e+00
-1.456550e-01 -1.900600e-02 2.835756e+00
-3.929230e-01 6.592600e-02 2.813540e+00
-7.318000e-03 1.660920e-01 2.484841e+00
-3.924280e-01 -2.085480e-01 2.788453e+00
1.606900e-02 -1.103000e-02 2.274969e+00
-3.899080e-01 -2.604720e-01 2.775976e+00
2.366500e-02 -4.282600e-02 2.232668e+00
-2.815470e-01 -5.250070e-01 2.823548e+00
-6.222000e-02 -5.225630e-01 2.786807e+00
-3.323300e-01 -9.103590e-01 2.839219e+00
-6.559200e-02 -9.079530e-01 2.839571e+00
-3.725920e-01 -9.092100e-01 2.736993e+00
-1.053310e-01 -9.215060e-01 2.738034e+00
-1.996830e-01 5.939450e-01 2.670246e+00
-3.317090e-01 3.183610e-01 2.769470e+00
-5.650200e-02 3.305890e-01 2.682107e+00
-2.299330e-01 3.413110e-01 2.615286e+00
-1.549970e-01 2.026850e-01 2.831940e+00
-3.476480e-01 -3.762900e-02 2.775471e+00
-2.409800e-02 -4.282600e-02 2.686073e+00
-1.568000e-01 -2.243800e-02 2.834959e+00
-3.908430e-01 6.203300e-02 2.820857e+00
-3.299000e-03 1.334990e-01 2.508423e+00
-3.982860e-01 -2.141020e-01 2.791414e+00
6.833000e-03 -3.816200e-02 2.290242e+00
-3.896080e-01 -2.628130e-01 2.771165e+00
3.434000e-03 -7.296800e-02 2.249806e+00
-2.830030e-01 -5.282820e-01 2.823534e+00
-6.511600e-02 -5.299600e-01 2.777571e+00
-3.314700e-01 -9.140310e-01 2.836550e+00
-6.709600e-02 -9.143660e-01 2.837148e+00
-3.594640e-01 -9.140990e-01 2.730301e+00
-9.430900e-02 -9.305320e-01 2.731931e+00
-1.938420e-01 5.966060e-01 2.679960e+00
-3.265940e-01 3.264200e-01 2.787811e+00
-5.006000e-02 3.602240e-01 2.710955e+00
-2.221750e-01 3.751140e-01 2.641580e+00
-1.473340e-01 2.085250e-01 2.837587e+00
-3.285910e-01 -1.449500e-02 2.767462e+00
-4.757000e-03 -3.061600e-02 2.680432e+00
-1.378250e-01 -9.839000e-03 2.828937e+00
-3.928010e-01 6.527300e-02 2.801160e+00
1.088100e-02 2.037930e-01 2.499828e+00
-3.970800e-01 -2.140310e-01 2.789769e+00
-2.416000e-03 1.115450e-01 2.236252e+00
-3.884570e-01 -2.640260e-01 2.772912e+00
-6.751000e-03 9.493400e-02 2.185622e+00
-2.876270e-01 -5.067460e-01 2.814625e+00
-6.825400e-02 -5.160560e-01 2.776872e+00
-3.274580e-01 -8.928840e-01 2.839757e+00
-6.468000e-02 -9.013800e-01 2.830105e+00
-3.557790e-01 -8.968680e-01 2.733670e+00
-9.331700e-02 -9.161570e-01 2.725062e+00
-1.916160e-01 6.039410e-01 2.667268e+00
-3.314010e-01 3.282580e-01 2.801399e+00
-6.115300e-02 3.341760e-01 2.699164e+00
-2.367560e-01 3.643290e-01 2.645196e+00
-1.601780e-01 1.945820e-01 2.837793e+00
-3.301780e-01 -2.023100e-02 2.777440e+00
-1.498500e-02 -3.760500e-02 2.663182e+00
-1.349000e-01 -1.935600e-02 2.822807e+00
-3.916030e-01 6.435700e-02 2.794067e+00
5.249500e-02 2.396020e-01 2.472313e+00
-4.034510e-01 -2.154310e-01 2.775600e+00
-5.408000e-03 2.676640e-01 2.199142e+00
-3.941720e-01 -2.659190e-01 2.760669e+00
-1.364900e-02 3.033910e-01 2.160234e+00
-2.869300e-01 -5.138540e-01 2.814314e+00
-6.479700e-02 -5.203870e-01 2.776174e+00
-3.313630e-01 -8.997150e-01 2.835704e+00
-6.626900e-02 -9.052960e-01 2.832423e+00
-3.683220e-01 -9.011950e-01 2.732242e+00
-1.035620e-01 -9.201010e-01 2.730136e+00
-1.889970e-01 5.880580e-01 2.660695e+00
-3.255240e-01 3.182230e-01 2.793565e+00
-5.348400e-02 3.261670e-01 2.696342e+00
-2.286270e-01 3.495400e-01 2.637717e+00
-1.519560e-01 1.905640e-01 2.839262e+00
-3.326520e-01 -2.478300e-02 2.774478e+00
-1.618000e-02 -4.482800e-02 2.664266e+00
-1.379630e-01 -2.529200e-02 2.822315e+00
-3.955760e-01 5.725600e-02 2.792086e+00
5.759800e-02 2.857480e-01 2.453360e+00
-3.986720e-01 -2.203100e-01 2.754946e+00
1.801000e-03 4.963480e-01 2.277388e+00
-4.012930e-01 -2.726840e-01 2.765346e+00
-9.201000e-03 5.482320e-01 2.284109e+00
-2.896640e-01 -5.195060e-01 2.810318e+00
-7.143700e-02 -5.276910e-01 2.773416e+00
-3.325730e-01 -9.054900e-01 2.832595e+00
-6.727000e-02 -9.112870e-01 2.837898e+00
-3.684020e-01 -9.075010e-01 2.728745e+00
-1.034340e-01 -9.288680e-01 2.735645e+00
-1.930080e-01 5.819280e-01 2.660287e+00
-3.279760e-01 3.165990e-01 2.786779e+00
-6.140900e-02 3.165790e-01 2.687433e+00
-2.327370e-01 3.400440e-01 2.628545e+00
-1.556110e-01 1.884360e-01 2.835520e+00
-3.336490e-01 -3.371400e-02 2.766039e+00
-1.500300e-02 -5.069600e-02 2.661734e+00
-1.398620e-01 -3.092300e-02 2.817335e+00
-3.930640e-01 5.731900e-02 2.793988e+00
8.852200e-02 3.605200e-01 2.470399e+00
-3.946260e-01 -2.156740e-01 2.746099e+00
1.436400e-02 6.263890e-01 2.495613e+00
-4.014870e-01 -2.666680e-01 2.760613e+00
-4.013000e-03 6.745650e-01 2.509736e+00
-2.921000e-01 -5.259000e-01 2.812226e+00
-7.443500e-02 -5.345460e-01 2.771126e+00
-3.329430e-01 -9.120730e-01 2.835096e+00
-6.468600e-02 -9.174940e-01 2.838776e+00
-3.667540e-01 -9.146870e-01 2.730586e+00
-9.894600e-02 -9.365000e-01 2.736124e+00
-1.879570e-01 5.783890e-01 2.655534e+00
-3.210410e-01 3.171190e-01 2.782594e+00
-5.421800e-02 3.187430e-01 2.678683e+00
-2.279880e-01 3.449590e-01 2.623773e+00
-1.487460e-01 1.865580e-01 2.824774e+00
-3.257100e-01 -2.944200e-02 2.771417e+00
-1.291300e-02 -5.676200e-02 2.652613e+00
-1.297340e-01 -3.176400e-02 2.813611e+00
-3.848150e-01 6.410200e-02 2.794376e+00
8.841700e-02 3.473960e-01 2.461755e+00
-3.964340e-01 -2.041490e-01 2.759834e+00
3.236600e-02 5.959040e-01 2.553344e+00
-4.074630e-01 -2.550250e-01 2.772004e+00
2.804200e-02 6.379680e-01 2.586056e+00
-2.914580e-01 -5.238490e-01 2.814949e+00
-7.464300e-02 -5.367550e-01 2.772203e+00
-3.290700e-01 -9.104160e-01 2.836691e+00
-6.431600e-02 -9.195510e-01 2.840628e+00
-3.682260e-01 -9.123790e-01 2.734048e+00
-1.040740e-01 -9.386130e-01 2.739988e+00
-1.963780e-01 5.744180e-01 2.637606e+00
-3.178960e-01 3.260960e-01 2.775099e+00
-4.640800e-02 3.281840e-01 2.676048e+00
-2.217540e-01 3.502330e-01 2.617517e+00
-1.448620e-01 1.993240e-01 2.825088e+00
-3.288940e-01 -2.318500e-02 2.768771e+00
-1.342100e-02 -5.481500e-02 2.658410e+00
-1.341690e-01 -2.813000e-02 2.816208e+00
-3.839570e-01 7.858600e-02 2.800304e+00
7.409800e-02 3.024810e-01 2.450043e+00
-4.033100e-01 -1.867160e-01 2.779856e+00
2.160000e-02 5.640530e-01 2.448639e+00
-3.963470e-01 -2.375680e-01 2.764900e+00
4.272600e-02 6.048500e-01 2.475977e+00
-2.867250e-01 -5.194450e-01 2.817786e+00
-7.419900e-02 -5.331210e-01 2.776147e+00
-3.303870e-01 -9.058260e-01 2.828922e+00
-6.520100e-02 -9.168050e-01 2.839602e+00
-3.663440e-01 -9.047550e-01 2.725103e+00
-1.025980e-01 -9.345150e-01 2.737816e+00
-1.991770e-01 5.875500e-01 2.642889e+00
-3.229950e-01 3.206060e-01 2.784235e+00
-5.810000e-02 3.161390e-01 2.668771e+00
-2.365910e-01 3.369940e-01 2.620149e+00
-1.478930e-01 1.947760e-01 2.829143e+00
-3.209930e-01 -2.688900e-02 2.783526e+00
-1.239900e-02 -5.684500e-02 2.654780e+00
-1.237070e-01 -2.868900e-02 2.819128e+00
-3.846000e-01 6.747400e-02 2.803089e+00
2.116700e-02 2.132050e-01 2.442170e+00
-3.929770e-01 -2.025550e-01 2.785659e+00
3.733700e-02 2.619730e-01 2.176370e+00
-3.897250e-01 -2.556840e-01 2.780683e+00
3.402400e-02 2.382500e-01 2.128575e+00
-2.871110e-01 -5.237590e-01 2.810882e+00
-6.271600e-02 -5.339900e-01 2.783911e+00
-3.285970e-01 -9.098210e-01 2.834461e+00
-6.386600e-02 -9.189850e-01 2.839575e+00
-3.710280e-01 -9.114510e-01 2.733122e+00
-1.069650e-01 -9.333220e-01 2.739528e+00
-2.027760e-01 5.792020e-01 2.646163e+00
-3.231090e-01 3.191310e-01 2.787071e+00
-5.248300e-02 3.517390e-01 2.691054e+00
-2.288630e-01 3.622480e-01 2.632421e+00
-1.397660e-01 2.049230e-01 2.830114e+00
-3.275250e-01 -2.209100e-02 2.774912e+00
-9.804000e-03 -3.819400e-02 2.667689e+00
-1.332640e-01 -1.624900e-02 2.824113e+00
-3.917470e-01 6.587500e-02 2.812149e+00
7.303000e-03 1.784260e-01 2.501667e+00
-3.927070e-01 -2.061660e-01 2.787096e+00
1.813800e-02 9.240000e-03 2.287439e+00
-3.856290e-01 -2.527900e-01 2.761912e+00
3.142700e-02 -1.382400e-02 2.241076e+00
-2.829210e-01 -5.154290e-01 2.811217e+00
-6.393000e-02 -5.216590e-01 2.779500e+00
-3.287150e-01 -9.010840e-01 2.833454e+00
-6.560900e-02 -9.065920e-01 2.835580e+00
-3.634390e-01 -9.029700e-01 2.729228e+00
-1.006070e-01 -9.214580e-01 2.732495e+00
-2.093900e-01 5.918280e-01 2.647729e+00
-3.220400e-01 3.156020e-01 2.776225e+00
-5.165000e-02 3.571050e-01 2.683017e+00
-2.276180e-01 3.611490e-01 2.622380e+00
-1.353300e-01 2.080830e-01 2.821943e+00
-3.280950e-01 -2.303900e-02 2.769614e+00
-8.759000e-03 -3.478200e-02 2.666706e+00
-1.346180e-01 -1.426800e-02 2.821403e+00
-3.927990e-01 6.099400e-02 2.809923e+00
2.018000e-03 1.308910e-01 2.552961e+00
-3.890380e-01 -2.138460e-01 2.783781e+00
2.960200e-02 -8.257200e-02 2.380024e+00
-3.875990e-01 -2.662620e-01 2.773360e+00
2.780500e-02 -1.213610e-01 2.343278e+00
-2.820510e-01 -5.134870e-01 2.818584e+00
-6.774100e-02 -5.208350e-01 2.771347e+00
-3.304960e-01 -8.989480e-01 2.838427e+00
-6.641300e-02 -9.052040e-01 2.831181e+00
-3.632660e-01 -9.002280e-01 2.733561e+00
-9.978700e-02 -9.214180e-01 2.727761e+00
-2.085570e-01 5.989860e-01 2.653592e+00
-3.228750e-01 3.276720e-01 2.791818e+00
-5.260200e-02 3.660480e-01 2.696948e+00
-2.292150e-01 3.808130e-01 2.639957e+00
-1.396160e-01 2.104650e-01 2.826305e+00
-3.280970e-01 -1.498900e-02 2.770154e+00
-1.093800e-02 -2.678400e-02 2.660727e+00
-1.335800e-01 -8.991000e-03 2.818317e+00
-3.916760e-01 6.666300e-02 2.804622e+00
1.121400e-02 1.413630e-01 2.561053e+00
-3.955470e-01 -2.132070e-01 2.794613e+00
1.165400e-02 -4.005400e-02 2.347676e+00
-3.885170e-01 -2.599650e-01 2.769665e+00
6.980000e-03 -7.433700e-02 2.306921e+00
-2.833630e-01 -5.059630e-01 2.814279e+00
-6.628700e-02 -5.127260e-01 2.766613e+00
-3.276990e-01 -8.914990e-01 2.841067e+00
-6.844100e-02 -8.971280e-01 2.826210e+00
-3.629390e-01 -8.946740e-01 2.737045e+00
-1.037550e-01 -9.128750e-01 2.723364e+00
-1.988900e-01 6.040800e-01 2.654018e+00
-3.292340e-01 3.305680e-01 2.781781e+00
-5.034100e-02 3.656700e-01 2.714644e+00
-2.201680e-01 3.834430e-01 2.640476e+00
-1.519710e-01 2.104340e-01 2.833320e+00
-3.317410e-01 -1.121900e-02 2.755996e+00
-5.369000e-03 -2.486000e-02 2.678546e+00
-1.430100e-01 -1.064100e-02 2.823617e+00
-3.943810e-01 6.738900e-02 2.798295e+00
1.789800e-02 1.657580e-01 2.543884e+00
-4.043490e-01 -2.131400e-01 2.776858e+00
1.339700e-02 3.263800e-02 2.295863e+00
-3.925130e-01 -2.639700e-01 2.765266e+00
8.372000e-03 7.394000e-03 2.249006e+00
-2.880200e-01 -5.031510e-01 2.806211e+00
-7.010300e-02 -5.116590e-01 2.767822e+00
-3.283010e-01 -8.888460e-01 2.836833e+00
-6.410700e-02 -8.958410e-01 2.828558e+00
-3.533530e-01 -8.947110e-01 2.730012e+00
-8.937100e-02 -9.129230e-01 2.723000e+00
-1.957520e-01 5.997140e-01 2.645182e+00
-3.333700e-01 3.263780e-01 2.782076e+00
-5.266500e-02 3.678750e-01 2.727269e+00
-2.197520e-01 3.860330e-01 2.647204e+00
-1.563960e-01 2.068930e-01 2.836061e+00
-3.323880e-01 -9.738000e-03 2.748484e+00
-3.463000e-03 -2.624400e-02 2.683376e+00
-1.463400e-01 -1.083600e-02 2.823166e+00
-3.927440e-01 6.102400e-02 2.793157e+00
3.275300e-02 1.912410e-01 2.538683e+00
-4.085550e-01 -2.193610e-01 2.766875e+00
1.759200e-02 1.154970e-01 2.267409e+00
-4.082460e-01 -2.728210e-01 2.767150e+00
8.369000e-03 1.096320e-01 2.215077e+00
-2.884540e-01 -5.027440e-01 2.801139e+00
-7.117800e-02 -5.121830e-01 2.769648e+00
-3.334250e-01 -8.874140e-01 2.837575e+00
-6.632800e-02 -8.963820e-01 2.830383e+00
-3.546150e-01 -8.951220e-01 2.730038e+00
-8.773600e-02 -9.134730e-01 2.723977e+00
-1.905080e-01 5.976510e-01 2.650537e+00
-3.318300e-01 3.185700e-01 2.776609e+00
-5.045700e-02 3.709360e-01 2.736507e+00
-2.139440e-01 3.845150e-01 2.648498e+00
-1.535100e-01 2.045390e-01 2.837517e+00
-3.310850e-01 -1.203300e-02 2.740626e+00
7.810000e-04 -2.478000e-02 2.691578e+00
-1.489130e-01 -1.203000e-02 2.824325e+00
-3.966810e-01 5.204800e-02 2.786189e+00
5.483300e-02 1.752070e-01 2.575462e+00
-4.002320e-01 -2.260420e-01 2.726396e+00
3.974500e-02 1.552300e-01 2.292098e+00
-3.961720e-01 -2.792250e-01 2.722763e+00
6.316800e-02 1.084040e-01 2.302903e+00
-2.868420e-01 -5.031170e-01 2.802302e+00
-7.154800e-02 -5.124210e-01 2.770790e+00
-3.343700e-01 -8.873750e-01 2.839818e+00
-6.669600e-02 -8.967970e-01 2.830392e+00
-3.500180e-01 -8.960240e-01 2.731408e+00
-8.280000e-02 -9.136500e-01 2.723018e+00
-1.916280e-01 6.025520e-01 2.669012e+00
-3.368380e-01 3.137120e-01 2.784472e+00
-5.631000e-02 3.681130e-01 2.741280e+00
-2.211180e-01 3.825530e-01 2.655911e+00
-1.571550e-01 1.994060e-01 2.840675e+00
-3.308820e-01 -1.285800e-02 2.743760e+00
1.960000e-04 -2.544900e-02 2.689610e+00
-1.474670e-01 -1.364000e-02 2.824698e+00
-3.968860e-01 4.490700e-02 2.780321e+00
3.869000e-02 1.790310e-01 2.564921e+00
-4.009940e-01 -2.349480e-01 2.723972e+00
4.368300e-02 1.664420e-01 2.279742e+00
-3.963900e-01 -2.882060e-01 2.723259e+00
3.031300e-02 1.161230e-01 2.291884e+00
-2.880610e-01 -5.036390e-01 2.804277e+00
-7.225300e-02 -5.135170e-01 2.767539e+00
-3.332470e-01 -8.886290e-01 2.836864e+00
-6.595400e-02 -8.976620e-01 2.828481e+00
-3.504380e-01 -8.957770e-01 2.728578e+00
-8.366200e-02 -9.149360e-01 2.721427e+00
-1.969300e-01 5.951740e-01 2.667558e+00
-3.367040e-01 3.141070e-01 2.782875e+00
-5.539500e-02 3.648210e-01 2.740283e+00
-2.197250e-01 3.806450e-01 2.654240e+00
-1.586050e-01 1.980430e-01 2.840501e+00
-3.320340e-01 -1.886000e-02 2.741480e+00
-5.790000e-04 -2.715800e-02 2.688829e+00
-1.489920e-01 -1.725500e-02 2.823246e+00
-3.974770e-01 4.475500e-02 2.787417e+00
4.705000e-02 1.430070e-01 2.611564e+00
-4.022530e-01 -2.359440e-01 2.731655e+00
4.847100e-02 7.293500e-02 2.334054e+00
-3.929320e-01 -2.880910e-01 2.724450e+00
4.362900e-02 8.109400e-02 2.281441e+00
-2.877490e-01 -5.084430e-01 2.802380e+00
-7.298700e-02 -5.161720e-01 2.769086e+00
-3.284430e-01 -8.935750e-01 2.838961e+00
-6.117400e-02 -9.004810e-01 2.828147e+00
-3.451830e-01 -9.020890e-01 2.730703e+00
-7.844500e-02 -9.174820e-01 2.720978e+00
-1.987010e-01 5.949030e-01 2.668717e+00
-3.363500e-01 3.079260e-01 2.778781e+00
-5.517500e-02 3.581240e-01 2.734719e+00
-2.195060e-01 3.706920e-01 2.648144e+00
-1.579270e-01 1.943070e-01 2.840155e+00
-3.354090e-01 -2.587600e-02 2.742518e+00
-3.823000e-03 -3.113000e-02 2.690306e+00
-1.525010e-01 -2.290100e-02 2.824543e+00
-3.961960e-01 3.764600e-02 2.785098e+00
4.174100e-02 1.059270e-01 2.674078e+00
-4.039060e-01 -2.454490e-01 2.738614e+00
6.231400e-02 -8.238700e-02 2.458492e+00
-3.913850e-01 -2.973840e-01 2.740635e+00
6.543900e-02 -1.146160e-01 2.415952e+00
-2.901550e-01 -5.146070e-01 2.803363e+00
-7.371600e-02 -5.214600e-01 2.766315e+00
-3.301120e-01 -9.001110e-01 2.836691e+00
-6.605400e-02 -9.050770e-01 2.830351e+00
-3.464970e-01 -9.077820e-01 2.728316e+00
-8.269000e-02 -9.232820e-01 2.723279e+00
-2.010120e-01 5.912550e-01 2.670821e+00
-3.350430e-01 3.149250e-01 2.795311e+00
-5.551900e-02 3.496630e-01 2.730654e+00
-2.249150e-01 3.744580e-01 2.657522e+00
-1.597430e-01 1.892010e-01 2.839743e+00
-3.418930e-01 -3.114800e-02 2.754230e+00
-1.519100e-02 -2.920400e-02 2.676996e+00
-1.533760e-01 -2.520400e-02 2.822190e+00
-3.962310e-01 4.413100e-02 2.793791e+00
2.324000e-02 8.507700e-02 2.701215e+00
-4.076150e-01 -2.390050e-01 2.743793e+00
5.630700e-02 -1.724890e-01 2.577272e+00
-3.927220e-01 -2.894790e-01 2.734375e+00
5.704600e-02 -2.137230e-01 2.543252e+00
-2.897630e-01 -5.184040e-01 2.807621e+00
-7.468600e-02 -5.202020e-01 2.766399e+00
-3.316740e-01 -9.039100e-01 2.838434e+00
-6.316400e-02 -9.032090e-01 2.833432e+00
-3.557140e-01 -9.098530e-01 2.731386e+00
-8.756600e-02 -9.223900e-01 2.728032e+00
-1.973590e-01 5.885500e-01 2.672596e+00
-3.332080e-01 3.175910e-01 2.793563e+00
-5.336000e-02 3.423250e-01 2.725781e+00
-2.225900e-01 3.694720e-01 2.653100e+00
-1.611230e-01 1.885060e-01 2.840836e+00
-3.484770e-01 -3.417700e-02 2.756757e+00
-2.230900e-02 -3.265800e-02 2.677290e+00
-1.595170e-01 -2.695800e-02 2.823351e+00
-4.032180e-01 4.834300e-02 2.791045e+00
2.086400e-02 7.460100e-02 2.711051e+00
-4.049030e-01 -2.371880e-01 2.750851e+00
2.592200e-02 -2.119850e-01 2.679595e+00
-3.971370e-01 -2.879290e-01 2.735912e+00
2.897600e-02 -2.617770e-01 2.660372e+00
-2.921000e-01 -5.223290e-01 2.808098e+00
-7.494100e-02 -5.230330e-01 2.767222e+00
-3.352680e-01 -9.079700e-01 2.835271e+00
-6.289000e-02 -9.054970e-01 2.837201e+00
-3.599880e-01 -9.127390e-01 2.728319e+00
-8.767700e-02 -9.255180e-01 2.732047e+00
-1.930780e-01 5.860730e-01 2.668005e+00
-3.302190e-01 3.238500e-01 2.787760e+00
-4.874600e-02 3.473170e-01 2.726575e+00
-2.160960e-01 3.751990e-01 2.649928e+00
-1.598720e-01 1.940110e-01 2.839088e+00
-3.527120e-01 -2.315800e-02 2.753506e+00
-2.497900e-02 -3.418600e-02 2.681584e+00
-1.652160e-01 -2.385100e-02 2.824480e+00
-4.000430e-01 5.488100e-02 2.789914e+00
2.337600e-02 7.895900e-02 2.723960e+00
-4.126710e-01 -2.295650e-01 2.746485e+00
2.617800e-02 -2.088330e-01 2.735062e+00
-4.024460e-01 -2.764350e-01 2.722890e+00
1.582400e-02 -2.595470e-01 2.748438e+00
-2.919270e-01 -5.158460e-01 2.806144e+00
-7.130000e-02 -5.197510e-01 2.769231e+00
-3.346150e-01 -9.013040e-01 2.836494e+00
-6.320000e-02 -9.040010e-01 2.829293e+00
-3.574760e-01 -9.072210e-01 2.729187e+00
-8.601000e-02 -9.210690e-01 2.723176e+00
-1.886780e-01 5.906230e-01 2.662593e+00
