-3.852960e-01 3.866010e-01 2.692084e+00
-1.590940e-01 3.608165e-01 2.667410e+00
6.710800e-02 3.350320e-01 2.642736e+00
-4.712600e-02 3.852695e-01 2.605659e+00
-1.613600e-01 4.355070e-01 2.568582e+00
-1.636055e-01 3.263765e-01 2.662042e+00
-1.658510e-01 2.172460e-01 2.755502e+00
-2.691135e-01 1.147260e-01 2.701574e+00
-3.723760e-01 1.220600e-02 2.647645e+00
-1.673125e-01 5.197000e-03 2.627161e+00
3.775100e-02 -1.812000e-03 2.606677e+00
-5.749750e-02 -1.115000e-04 2.690446e+00
-1.527460e-01 1.589000e-03 2.774215e+00
-2.910200e-01 5.908600e-02 2.718185e+00
-4.292940e-01 1.165830e-01 2.662154e+00
-1.636010e-01 9.773800e-02 2.699643e+00
1.020920e-01 7.889300e-02 2.737132e+00
-1.548185e-01 -5.086450e-02 2.669100e+00
-4.117290e-01 -1.806220e-01 2.601069e+00
-1.738830e-01 -1.777930e-01 2.587747e+00
6.396300e-02 -1.749640e-01 2.574425e+00
-1.587535e-01 -2.002730e-01 2.551979e+00
-3.814700e-01 -2.255820e-01 2.529533e+00
-1.681645e-01 -2.428850e-01 2.562431e+00
4.514100e-02 -2.601880e-01 2.595329e+00
-1.035205e-01 -4.380445e-01 2.631079e+00
-2.521820e-01 -6.159010e-01 2.666829e+00
-1.335070e-01 -6.137540e-01 2.678319e+00
-1.483200e-02 -6.116070e-01 2.689808e+00
-1.452110e-01 -8.580405e-01 2.722354e+00
-2.755900e-01 -1.104474e+00 2.754901e+00
-1.463850e-01 -1.104601e+00 2.753317e+00
-1.718000e-02 -1.104728e+00 2.751734e+00
-1.559485e-01 -1.124054e+00 2.642862e+00
-2.947170e-01 -1.143380e+00 2.533990e+00
-1.651750e-01 -1.137989e+00 2.531548e+00
-3.563300e-02 -1.132598e+00 2.529105e+00
-6.522400e-02 -2.429085e-01 2.510880e+00
-9.481500e-02 6.467810e-01 2.492655e+00
-2.420885e-01 5.103845e-01 2.588072e+00
-3.893620e-01 3.739880e-01 2.683490e+00
-1.620915e-01 3.522240e-01 2.665726e+00
6.517900e-02 3.304600e-01 2.647963e+00
-4.916050e-02 3.759310e-01 2.605456e+00
-1.635000e-01 4.214020e-01 2.562949e+00
-1.657025e-01 3.174485e-01 2.662136e+00
-1.679050e-01 2.134950e-01 2.761322e+00
-2.707050e-01 1.109005e-01 2.705107e+00
-3.735050e-01 8.306000e-03 2.648892e+00
-1.680385e-01 -1.880500e-03 2.634770e+00
3.742800e-02 -1.206700e-02 2.620648e+00
-6.027350e-02 -7.698000e-03 2.701442e+00
-1.579750e-01 -3.329000e-03 2.782237e+00
-2.964335e-01 5.017600e-02 2.721996e+00
-4.348920e-01 1.036810e-01 2.661754e+00
-1.694185e-01 8.832600e-02 2.700568e+00
9.605500e-02 7.297100e-02 2.739382e+00
-1.549125e-01 -5.863050e-02 2.665261e+00
-4.058800e-01 -1.902320e-01 2.591141e+00
-1.727200e-01 -1.867180e-01 2.585703e+00
6.044000e-02 -1.832040e-01 2.580264e+00
-1.508075e-01 -2.248845e-01 2.576939e+00
-3.620550e-01 -2.665650e-01 2.573615e+00
-1.577785e-01 -2.619235e-01 2.552586e+00
4.649800e-02 -2.572820e-01 2.531557e+00
-1.034505e-01 -4.393690e-01 2.603916e+00
-2.533990e-01 -6.214560e-01 2.676275e+00
-1.331230e-01 -6.205905e-01 2.686508e+00
-1.284700e-02 -6.197250e-01 2.696742e+00
-1.437090e-01 -8.658995e-01 2.724764e+00
-2.745710e-01 -1.112074e+00 2.752786e+00
-1.456865e-01 -1.113220e+00 2.748863e+00
-1.680200e-02 -1.114366e+00 2.744940e+00
-1.500515e-01 -1.130367e+00 2.637700e+00
-2.833010e-01 -1.146369e+00 2.530460e+00
-1.558075e-01 -1.141224e+00 2.525810e+00
-2.831400e-02 -1.136080e+00 2.521161e+00
-6.740500e-02 -2.536095e-01 2.499470e+00
-1.064960e-01 6.288610e-01 2.477778e+00
-2.525840e-01 4.978305e-01 2.582364e+00
-3.986720e-01 3.668000e-01 2.686951e+00
-1.716365e-01 3.448035e-01 2.666654e+00
5.539900e-02 3.228070e-01 2.646358e+00
-5.938800e-02 3.682190e-01 2.605011e+00
-1.741750e-01 4.136310e-01 2.563663e+00
-1.753130e-01 3.100190e-01 2.663225e+00
-1.764510e-01 2.064070e-01 2.762786e+00
-2.739365e-01 1.021840e-01 2.704439e+00
-3.714220e-01 -2.039000e-03 2.646091e+00
-1.660520e-01 -9.043500e-03 2.628951e+00
3.931800e-02 -1.604800e-02 2.611811e+00
-5.718900e-02 -1.160850e-02 2.694025e+00
-1.536960e-01 -7.169000e-03 2.776239e+00
-2.916390e-01 4.416000e-02 2.721898e+00
-4.295820e-01 9.548900e-02 2.667558e+00
-1.594075e-01 8.564450e-02 2.709072e+00
1.107670e-01 7.580000e-02 2.750585e+00
-1.491950e-01 -6.030000e-02 2.671061e+00
-4.091570e-01 -1.964000e-01 2.591537e+00
-1.699850e-01 -1.795740e-01 2.580560e+00
6.918700e-02 -1.627480e-01 2.569584e+00
-1.371655e-01 -2.084895e-01 2.570541e+00
-3.435180e-01 -2.542310e-01 2.571498e+00
-1.462110e-01 -2.514635e-01 2.579762e+00
5.109600e-02 -2.486960e-01 2.588025e+00
-1.026415e-01 -4.391280e-01 2.632731e+00
-2.563790e-01 -6.295600e-01 2.677437e+00
-1.354495e-01 -6.274520e-01 2.689344e+00
-1.452000e-02 -6.253440e-01 2.701252e+00
-1.444555e-01 -8.730975e-01 2.725805e+00
-2.743910e-01 -1.120851e+00 2.750358e+00
-1.451705e-01 -1.120569e+00 2.748384e+00
-1.595000e-02 -1.120286e+00 2.746409e+00
-1.541210e-01 -1.136721e+00 2.637346e+00
-2.922920e-01 -1.153156e+00 2.528283e+00
-1.622540e-01 -1.146898e+00 2.525540e+00
-3.221600e-02 -1.140641e+00 2.522797e+00
-7.113650e-02 -2.656015e-01 2.495019e+00
-1.100570e-01 6.094380e-01 2.467241e+00
-2.541865e-01 4.864135e-01 2.574761e+00
-3.983160e-01 3.633890e-01 2.682280e+00
-1.715290e-01 3.367845e-01 2.664933e+00
5.525800e-02 3.101800e-01 2.647586e+00
-5.845000e-02 3.554145e-01 2.603175e+00
-1.721580e-01 4.006490e-01 2.558764e+00
-1.757545e-01 3.019400e-01 2.663132e+00
-1.793510e-01 2.032310e-01 2.767501e+00
-2.768730e-01 9.671650e-02 2.706842e+00
-3.743950e-01 -9.798000e-03 2.646183e+00
-1.687940e-01 -1.250600e-02 2.630666e+00
3.680700e-02 -1.521400e-02 2.615149e+00
-6.042250e-02 -1.316550e-02 2.696603e+00
-1.576520e-01 -1.111700e-02 2.778057e+00
-2.926510e-01 4.058750e-02 2.724370e+00
-4.276500e-01 9.229200e-02 2.670683e+00
-1.594205e-01 7.812950e-02 2.711575e+00
1.088090e-01 6.396700e-02 2.752467e+00
-1.534135e-01 -6.816450e-02 2.675898e+00
-4.156360e-01 -2.002960e-01 2.599330e+00
-1.731070e-01 -1.644795e-01 2.561678e+00
6.942200e-02 -1.286630e-01 2.524026e+00
-1.385255e-01 -1.911095e-01 2.551259e+00
-3.464730e-01 -2.535560e-01 2.578493e+00
-1.526310e-01 -2.336410e-01 2.553654e+00
4.121100e-02 -2.137260e-01 2.528816e+00
-1.078985e-01 -4.243645e-01 2.601606e+00
-2.570080e-01 -6.350030e-01 2.674397e+00
-1.361175e-01 -6.316620e-01 2.685029e+00
-1.522700e-02 -6.283210e-01 2.695662e+00
-1.460305e-01 -8.766200e-01 2.725645e+00
-2.768340e-01 -1.124919e+00 2.755628e+00
-1.443530e-01 -1.123924e+00 2.749931e+00
-1.187200e-02 -1.122930e+00 2.744234e+00
-1.526130e-01 -1.141961e+00 2.639131e+00
-2.933540e-01 -1.160993e+00 2.534027e+00
-1.595310e-01 -1.152988e+00 2.527323e+00
-2.570800e-02 -1.144984e+00 2.520619e+00
-6.589700e-02 -2.786355e-01 2.484587e+00
-1.060860e-01 5.877130e-01 2.448556e+00
-2.519875e-01 4.668135e-01 2.558878e+00
-3.978890e-01 3.459140e-01 2.669199e+00
5.782900e-02 3.023800e-01 2.655439e+00
-1.676420e-01 3.835070e-01 2.553592e+00
-1.791310e-01 1.948220e-01 2.770071e+00
-3.709330e-01 -2.402300e-02 2.636803e+00
4.120900e-02 -1.908600e-02 2.622889e+00
-1.599280e-01 -1.724600e-02 2.777519e+00
-4.268690e-01 7.653700e-02 2.675903e+00
9.851200e-02 5.853500e-02 2.766496e+00
-4.069190e-01 -2.137710e-01 2.605909e+00
8.559000e-02 -1.786900e-02 2.477410e+00
-3.858420e-01 -2.763500e-01 2.545132e+00
6.672300e-02 -9.799200e-02 2.441649e+00
-2.600670e-01 -6.449430e-01 2.682762e+00
-1.385400e-02 -6.360880e-01 2.700059e+00
-2.655480e-01 -1.139620e+00 2.730441e+00
-1.136500e-02 -1.131373e+00 2.741225e+00
-2.731530e-01 -1.161122e+00 2.506475e+00
-1.576700e-02 -1.150039e+00 2.516919e+00
-1.505720e-01 5.519690e-01 2.406100e+00
-3.873680e-01 3.441810e-01 2.640054e+00
6.635100e-02 3.175030e-01 2.696552e+00
-1.436800e-01 3.934960e-01 2.562747e+00
-1.809980e-01 1.980880e-01 2.770160e+00
-3.603630e-01 -2.969300e-02 2.608862e+00
5.028500e-02 -2.825600e-02 2.646869e+00
-1.686710e-01 -2.303000e-02 2.774933e+00
-4.199130e-01 8.187400e-02 2.695156e+00
8.882700e-02 5.002600e-02 2.725731e+00
-4.056510e-01 -1.946220e-01 2.584462e+00
1.055130e-01 4.638100e-02 2.428048e+00
-3.650650e-01 -2.713490e-01 2.607272e+00
8.729400e-02 -2.034900e-02 2.370868e+00
-2.631070e-01 -6.494980e-01 2.688348e+00
-1.985000e-02 -6.468210e-01 2.700694e+00
-2.750350e-01 -1.144771e+00 2.727984e+00
-1.678600e-02 -1.141510e+00 2.748465e+00
-2.541840e-01 -1.163152e+00 2.504582e+00
6.445000e-03 -1.162892e+00 2.525565e+00
-1.538430e-01 5.429480e-01 2.396160e+00
-3.903500e-01 3.403530e-01 2.638261e+00
6.293500e-02 3.217420e-01 2.701111e+00
-1.465500e-01 3.947380e-01 2.564806e+00
-1.831580e-01 1.972280e-01 2.770345e+00
-3.580550e-01 -2.262200e-02 2.609521e+00
5.270300e-02 -2.915500e-02 2.645770e+00
-1.655880e-01 -2.107900e-02 2.774819e+00
-4.179160e-01 7.810000e-02 2.692312e+00
8.930100e-02 5.527500e-02 2.728641e+00
-4.035400e-01 -2.016920e-01 2.592930e+00
1.164690e-01 1.195740e-01 2.439687e+00
-3.636610e-01 -2.794870e-01 2.613226e+00
1.140160e-01 8.089500e-02 2.358741e+00
-2.622430e-01 -6.450410e-01 2.686687e+00
-1.853000e-02 -6.451900e-01 2.699138e+00
-2.629430e-01 -1.136489e+00 2.760761e+00
-1.408900e-02 -1.141771e+00 2.719058e+00
-2.448860e-01 -1.169960e+00 2.538872e+00
6.884000e-03 -1.150568e+00 2.495085e+00
-1.453790e-01 5.272750e-01 2.387581e+00
-3.819600e-01 3.327850e-01 2.629778e+00
7.069400e-02 3.191090e-01 2.698201e+00
-1.375780e-01 3.843360e-01 2.556214e+00
-1.757050e-01 1.972970e-01 2.771062e+00
-3.554370e-01 -2.868200e-02 2.606562e+00
5.445900e-02 -3.468600e-02 2.651596e+00
-1.665930e-01 -2.918800e-02 2.775995e+00
-4.259970e-01 7.481300e-02 2.693477e+00
1.231320e-01 5.735900e-02 2.662380e+00
-4.009290e-01 -2.083780e-01 2.606024e+00
1.560820e-01 2.768930e-01 2.464408e+00
-3.829400e-01 -2.531400e-01 2.530346e+00
1.513870e-01 2.940040e-01 2.376433e+00
-2.659880e-01 -6.499930e-01 2.690341e+00
-1.763600e-02 -6.510270e-01 2.701599e+00
-2.754700e-01 -1.144707e+00 2.736995e+00
-1.030200e-02 -1.147940e+00 2.707290e+00
-2.515550e-01 -1.166178e+00 2.514176e+00
1.492400e-02 -1.150129e+00 2.483593e+00
-1.490570e-01 5.268700e-01 2.388309e+00
-3.748030e-01 3.401280e-01 2.630184e+00
7.759500e-02 3.007470e-01 2.689761e+00
-1.294070e-01 3.758700e-01 2.550841e+00
-1.739730e-01 1.949870e-01 2.769684e+00
-3.547160e-01 -3.057100e-02 2.602942e+00
5.442200e-02 -3.485800e-02 2.654585e+00
-1.686390e-01 -3.097900e-02 2.775410e+00
-4.221310e-01 8.321000e-02 2.695410e+00
2.190420e-01 1.225420e-01 2.545757e+00
-4.052490e-01 -1.914630e-01 2.582762e+00
1.336840e-01 3.966740e-01 2.468390e+00
-3.700520e-01 -2.729830e-01 2.595802e+00
1.371230e-01 4.319410e-01 2.385935e+00
-2.655770e-01 -6.511610e-01 2.689724e+00
-1.996600e-02 -6.523760e-01 2.699473e+00
-2.760760e-01 -1.146819e+00 2.724676e+00
-7.718000e-03 -1.147406e+00 2.741943e+00
-2.481980e-01 -1.163120e+00 2.501879e+00
2.143800e-02 -1.165772e+00 2.519471e+00
-1.527160e-01 5.005980e-01 2.364652e+00
-3.817130e-01 3.598730e-01 2.643082e+00
7.305700e-02 3.144820e-01 2.672880e+00
-1.416150e-01 3.921260e-01 2.547663e+00
-1.740980e-01 2.123020e-01 2.769486e+00
-3.585340e-01 -2.353800e-02 2.613334e+00
5.310900e-02 -2.956100e-02 2.637687e+00
-1.613880e-01 -2.299900e-02 2.773030e+00
-4.177280e-01 9.899900e-02 2.696338e+00
2.584560e-01 1.922660e-01 2.521621e+00
-4.146980e-01 -1.775400e-01 2.588842e+00
1.231040e-01 4.495270e-01 2.462163e+00
-3.772410e-01 -2.589860e-01 2.584604e+00
1.342600e-01 5.070910e-01 2.394219e+00
-2.616200e-01 -6.454970e-01 2.689341e+00
-1.835000e-02 -6.452220e-01 2.699421e+00
-2.662180e-01 -1.141531e+00 2.719953e+00
-1.810300e-02 -1.140005e+00 2.746301e+00
-2.533880e-01 -1.155494e+00 2.495628e+00
-2.749000e-03 -1.161183e+00 2.522701e+00
-1.440310e-01 5.235980e-01 2.367740e+00
-3.924930e-01 2.960020e-01 2.656074e+00
6.451300e-02 3.248040e-01 2.647115e+00
-1.697390e-01 3.674700e-01 2.541771e+00
-1.538130e-01 1.831840e-01 2.761729e+00
-3.513560e-01 -4.615600e-02 2.631913e+00
6.098100e-02 -4.861100e-02 2.624750e+00
-1.425890e-01 -4.184200e-02 2.776022e+00
-4.193890e-01 2.954100e-02 2.683183e+00
2.845280e-01 2.499360e-01 2.511290e+00
-3.752540e-01 -2.383840e-01 2.562197e+00
1.136510e-01 4.911100e-01 2.479577e+00
-3.757900e-01 -3.190160e-01 2.522794e+00
1.087470e-01 5.755150e-01 2.449476e+00
-2.627020e-01 -6.668620e-01 2.694815e+00
-1.387200e-02 -6.646170e-01 2.706852e+00
-2.755370e-01 -1.162969e+00 2.721668e+00
-1.462600e-02 -1.161514e+00 2.716922e+00
-2.794670e-01 -1.175034e+00 2.496901e+00
-1.768800e-02 -1.166070e+00 2.491864e+00
-1.411360e-01 5.220940e-01 2.378639e+00
-3.939130e-01 3.002590e-01 2.667039e+00
6.078100e-02 3.467620e-01 2.637813e+00
-1.795740e-01 3.828200e-01 2.544425e+00
-1.465120e-01 1.942820e-01 2.758802e+00
-3.473640e-01 -4.278000e-02 2.638103e+00
6.421700e-02 -4.421700e-02 2.612065e+00
-1.322260e-01 -3.636100e-02 2.772433e+00
-4.201910e-01 3.032400e-02 2.683670e+00
2.817130e-01 2.761140e-01 2.496285e+00
-3.676200e-01 -2.436180e-01 2.573061e+00
1.096140e-01 5.218410e-01 2.489758e+00
-3.866660e-01 -3.175530e-01 2.525888e+00
9.666000e-02 6.106430e-01 2.488845e+00
-2.606050e-01 -6.636950e-01 2.688336e+00
-1.295700e-02 -6.603260e-01 2.704311e+00
-2.790450e-01 -1.159371e+00 2.719549e+00
-2.376700e-02 -1.157192e+00 2.708306e+00
-2.932890e-01 -1.172963e+00 2.495286e+00
-3.629200e-02 -1.158727e+00 2.483535e+00
-1.614580e-01 5.401690e-01 2.382035e+00
-3.915430e-01 3.062030e-01 2.677855e+00
6.127100e-02 3.502460e-01 2.625098e+00
-1.833700e-01 3.866340e-01 2.543741e+00
-1.402540e-01 1.998510e-01 2.757868e+00
-3.514190e-01 -3.277600e-02 2.643451e+00
5.841700e-02 -3.611400e-02 2.597597e+00
-1.300260e-01 -2.690200e-02 2.767227e+00
-4.112750e-01 3.650400e-02 2.686940e+00
2.826560e-01 2.792220e-01 2.486701e+00
-3.859120e-01 -2.432830e-01 2.585157e+00
1.121440e-01 5.244580e-01 2.494956e+00
-3.698750e-01 -3.171000e-01 2.536699e+00
7.663500e-02 6.068780e-01 2.495656e+00
-2.558540e-01 -6.552860e-01 2.683462e+00
-1.009700e-02 -6.498210e-01 2.702272e+00
-2.821580e-01 -1.150083e+00 2.722100e+00
-3.054600e-02 -1.146400e+00 2.701902e+00
-3.072060e-01 -1.166176e+00 2.498952e+00
-5.246300e-02 -1.145331e+00 2.477849e+00
-1.339830e-01 5.546310e-01 2.389190e+00
-3.843540e-01 3.104500e-01 2.687537e+00
6.527300e-02 3.584500e-01 2.614767e+00
-1.830990e-01 3.966460e-01 2.546617e+00
-1.292080e-01 2.024150e-01 2.751476e+00
-3.486660e-01 -2.232000e-02 2.651066e+00
5.843600e-02 -3.008200e-02 2.585595e+00
-1.215480e-01 -1.988400e-02 2.764120e+00
-4.095900e-01 4.071900e-02 2.684931e+00
2.841220e-01 3.022350e-01 2.465290e+00
-3.824490e-01 -2.370640e-01 2.577168e+00
1.095430e-01 5.444650e-01 2.484268e+00
-3.758290e-01 -3.223480e-01 2.550014e+00
6.178800e-02 6.197440e-01 2.473929e+00
-2.554110e-01 -6.465860e-01 2.679690e+00
-5.768000e-03 -6.410610e-01 2.701024e+00
-2.840090e-01 -1.141186e+00 2.719215e+00
-2.538800e-02 -1.137492e+00 2.714452e+00
-3.200330e-01 -1.156818e+00 2.497541e+00
-5.844900e-02 -1.142207e+00 2.491817e+00
-1.348290e-01 5.710000e-01 2.397520e+00
-3.772600e-01 3.111880e-01 2.690310e+00
7.016600e-02 3.635810e-01 2.607671e+00
-1.800070e-01 3.992700e-01 2.544967e+00
-1.197160e-01 2.057270e-01 2.748690e+00
-3.451060e-01 -1.880400e-02 2.653556e+00
6.040800e-02 -2.970900e-02 2.579268e+00
-1.156130e-01 -1.997400e-02 2.761728e+00
-4.062860e-01 4.284200e-02 2.693093e+00
2.812390e-01 3.204290e-01 2.445050e+00
-3.851780e-01 -2.358440e-01 2.589435e+00
1.102760e-01 5.635990e-01 2.467332e+00
-3.637690e-01 -3.081990e-01 2.540847e+00
7.953600e-02 6.454450e-01 2.487598e+00
-2.538130e-01 -6.442200e-01 2.676665e+00
-8.318000e-03 -6.401370e-01 2.696984e+00
-2.821980e-01 -1.132584e+00 2.764437e+00
-2.174000e-02 -1.136748e+00 2.711345e+00
-3.239430e-01 -1.169363e+00 2.546295e+00
-6.114600e-02 -1.142090e+00 2.489760e+00
-1.454680e-01 5.642960e-01 2.386684e+00
-3.736520e-01 3.236920e-01 2.692819e+00
7.235400e-02 3.716920e-01 2.600412e+00
-1.787590e-01 4.103650e-01 2.543500e+00
-1.160220e-01 2.151950e-01 2.744919e+00
-3.452240e-01 -1.951200e-02 2.660928e+00
5.855300e-02 -2.631100e-02 2.577281e+00
-1.133090e-01 -2.002400e-02 2.763811e+00
-4.028100e-01 5.451600e-02 2.697132e+00
2.764940e-01 3.672270e-01 2.422560e+00
-3.867840e-01 -2.237260e-01 2.588741e+00
1.008160e-01 6.072950e-01 2.453023e+00
-3.792060e-01 -3.024210e-01 2.546266e+00
8.420900e-02 6.933470e-01 2.472356e+00
-2.512020e-01 -6.438700e-01 2.680341e+00
-7.078000e-03 -6.376280e-01 2.698271e+00
-2.879660e-01 -1.133205e+00 2.759139e+00
-3.056400e-02 -1.134019e+00 2.705560e+00
-3.340380e-01 -1.164860e+00 2.541064e+00
-7.334700e-02 -1.135240e+00 2.484541e+00
-1.712100e-01 5.943930e-01 2.405098e+00
-3.660150e-01 3.448490e-01 2.727475e+00
6.624600e-02 3.910840e-01 2.589555e+00
-1.863290e-01 4.416720e-01 2.565827e+00
-1.082030e-01 2.253600e-01 2.738170e+00
-3.412080e-01 6.523000e-03 2.677922e+00
4.979700e-02 -5.273000e-03 2.547328e+00
-9.882100e-02 2.944000e-03 2.752790e+00
-4.002360e-01 7.716500e-02 2.704914e+00
2.566590e-01 4.462090e-01 2.405058e+00
-3.880250e-01 -2.023550e-01 2.599293e+00
1.125010e-01 7.076760e-01 2.388035e+00
-3.813330e-01 -2.916110e-01 2.605846e+00
1.411660e-01 7.920480e-01 2.398716e+00
-2.513250e-01 -6.200940e-01 2.671263e+00
-9.083000e-03 -6.129880e-01 2.691445e+00
-2.751690e-01 -1.111730e+00 2.740069e+00
-1.637100e-02 -1.108099e+00 2.734120e+00
-3.471130e-01 -1.137871e+00 2.528357e+00
-8.682300e-02 -1.125431e+00 2.521007e+00
-1.751880e-01 6.455540e-01 2.455753e+00
-3.629640e-01 3.448750e-01 2.730628e+00
5.712800e-02 3.925170e-01 2.575156e+00
-1.918200e-01 4.387740e-01 2.558336e+00
-1.028820e-01 2.299840e-01 2.734669e+00
-3.401980e-01 1.079300e-02 2.690210e+00
4.511900e-02 -2.300000e-03 2.543790e+00
-9.502800e-02 4.386000e-03 2.755175e+00
-4.028970e-01 7.611000e-02 2.702342e+00
2.181740e-01 5.193600e-01 2.394590e+00
-3.895500e-01 -2.101470e-01 2.608039e+00
1.582030e-01 8.007160e-01 2.303724e+00
-3.591940e-01 -2.478370e-01 2.532459e+00
1.980530e-01 8.799510e-01 2.317441e+00
-2.476960e-01 -6.169710e-01 2.667021e+00
-7.387000e-03 -6.092530e-01 2.689903e+00
-2.754260e-01 -1.107569e+00 2.741543e+00
-1.826000e-02 -1.103464e+00 2.741334e+00
-3.548280e-01 -1.134812e+00 2.532655e+00
-9.659100e-02 -1.123605e+00 2.531239e+00
-1.615720e-01 6.531960e-01 2.444601e+00
-3.390920e-01 4.056200e-01 2.755043e+00
5.438700e-02 3.603360e-01 2.561379e+00
-1.725560e-01 4.538450e-01 2.560796e+00
-1.075040e-01 2.410780e-01 2.742718e+00
-3.346550e-01 1.760900e-02 2.711105e+00
3.335200e-02 5.540000e-04 2.525743e+00
-8.425900e-02 6.544000e-03 2.750468e+00
-3.933760e-01 1.411510e-01 2.701046e+00
1.627270e-01 5.619590e-01 2.408354e+00
-3.826670e-01 -1.551550e-01 2.633677e+00
2.169560e-01 7.884380e-01 2.212863e+00
-3.664280e-01 -2.219580e-01 2.575989e+00
2.618050e-01 8.568770e-01 2.175996e+00
-2.499610e-01 -6.115550e-01 2.662620e+00
-8.899000e-03 -6.035080e-01 2.686407e+00
-2.850650e-01 -1.100236e+00 2.746091e+00
-1.955700e-02 -1.096974e+00 2.744603e+00
-3.836630e-01 -1.127410e+00 2.545538e+00
-1.191840e-01 -1.118495e+00 2.543872e+00
-1.586410e-01 6.302960e-01 2.416450e+00
-3.374260e-01 4.056930e-01 2.764130e+00
2.161800e-02 2.762110e-01 2.558318e+00
-1.779150e-01 4.081650e-01 2.558358e+00
-1.411720e-01 2.002030e-01 2.753292e+00
-3.330990e-01 -3.150000e-04 2.712375e+00
2.836100e-02 -3.069900e-02 2.516154e+00
-8.205700e-02 -1.852400e-02 2.744253e+00
-4.062450e-01 1.424390e-01 2.706370e+00
1.045740e-01 5.123430e-01 2.436932e+00
-3.807340e-01 -1.571380e-01 2.643393e+00
2.041170e-01 6.534350e-01 2.182870e+00
-3.731010e-01 -2.214850e-01 2.581300e+00
2.387070e-01 6.645580e-01 2.100807e+00
-2.466810e-01 -6.336260e-01 2.656690e+00
1.417000e-03 -6.252050e-01 2.692804e+00
-2.885130e-01 -1.116336e+00 2.767370e+00
-2.019000e-02 -1.119487e+00 2.739998e+00
-3.786510e-01 -1.154987e+00 2.564732e+00
-1.262900e-01 -1.133758e+00 2.541956e+00
-1.656060e-01 5.283650e-01 2.374317e+00
-3.679980e-01 3.547560e-01 2.734598e+00
1.819600e-02 2.349820e-01 2.566203e+00
-1.885480e-01 3.610180e-01 2.546051e+00
-1.647610e-01 1.562180e-01 2.746270e+00
-3.326270e-01 -3.819800e-02 2.701892e+00
4.631800e-02 -7.099700e-02 2.542505e+00
-8.584200e-02 -5.456700e-02 2.758453e+00
-4.055300e-01 7.807400e-02 2.716151e+00
1.309240e-01 4.373690e-01 2.409251e+00
-3.711950e-01 -2.149540e-01 2.624230e+00
2.289430e-01 5.295330e-01 2.131058e+00
-3.946150e-01 -2.906280e-01 2.582049e+00
2.284010e-01 5.665430e-01 2.049300e+00
-2.472690e-01 -6.717390e-01 2.673563e+00
7.345000e-03 -6.661740e-01 2.708116e+00
-2.878700e-01 -1.163296e+00 2.734653e+00
-2.441200e-02 -1.161019e+00 2.741716e+00
-3.682030e-01 -1.182685e+00 2.525244e+00
-1.096770e-01 -1.169682e+00 2.533543e+00
2.557700e-02 4.742660e-01 2.445069e+00
-3.670260e-01 3.534440e-01 2.778609e+00
4.545500e-02 3.251650e-01 2.582358e+00
-1.975180e-01 4.174450e-01 2.591626e+00
-1.335560e-01 1.923660e-01 2.758495e+00
-3.301450e-01 -2.671600e-02 2.709344e+00
3.855900e-02 -3.252300e-02 2.524676e+00
-7.958500e-02 -2.856800e-02 2.749166e+00
-4.069570e-01 8.590900e-02 2.709844e+00
2.043550e-01 3.309420e-01 2.352978e+00
-3.663170e-01 -2.089660e-01 2.629857e+00
1.920430e-01 4.524710e-01 2.069993e+00
-3.825550e-01 -2.798030e-01 2.577199e+00
1.909730e-01 4.702380e-01 1.982029e+00
-2.443060e-01 -6.519590e-01 2.676375e+00
5.850000e-04 -6.365160e-01 2.702013e+00
-3.156450e-01 -1.142767e+00 2.708433e+00
-2.781000e-02 -1.132107e+00 2.726351e+00
-4.146010e-01 -1.141591e+00 2.506226e+00
-1.246260e-01 -1.136538e+00 2.523156e+00
-4.766500e-02 6.259150e-01 2.587199e+00
-3.218630e-01 3.906290e-01 2.695659e+00
1.242170e-01 3.610120e-01 2.596161e+00
-1.185880e-01 4.359470e-01 2.539397e+00
-8.383700e-02 2.455660e-01 2.751869e+00
-3.388220e-01 1.996000e-02 2.667960e+00
5.992400e-02 -4.693000e-03 2.565621e+00
-1.027720e-01 6.453000e-03 2.759980e+00
-3.915520e-01 1.186300e-01 2.724584e+00
1.500540e-01 1.161720e-01 2.458093e+00
-3.926690e-01 -1.778000e-01 2.628156e+00
1.810170e-01 2.956690e-01 2.205126e+00
-3.517320e-01 -2.575350e-01 2.623583e+00
1.409610e-01 3.037980e-01 2.125227e+00
-2.518590e-01 -6.108050e-01 2.662188e+00
-7.456000e-03 -6.107230e-01 2.687485e+00
-2.800170e-01 -1.100914e+00 2.739710e+00
-1.880500e-02 -1.104630e+00 2.741666e+00
-3.366210e-01 -1.131779e+00 2.524014e+00
-7.423700e-02 -1.127164e+00 2.524639e+00
-1.850330e-01 6.999360e-01 2.636609e+00
-3.330060e-01 3.977550e-01 2.702453e+00
1.174420e-01 3.709490e-01 2.624081e+00
-1.206370e-01 4.577460e-01 2.564278e+00
-1.007340e-01 2.415720e-01 2.752612e+00
-3.392660e-01 2.570800e-02 2.649388e+00
6.635500e-02 2.109000e-03 2.578726e+00
-1.111380e-01 1.300900e-02 2.759687e+00
-3.897070e-01 1.202670e-01 2.719460e+00
1.187010e-01 9.695600e-02 2.550392e+00
-3.899750e-01 -1.828370e-01 2.640046e+00
1.683910e-01 2.157400e-01 2.264734e+00
-3.679860e-01 -2.347850e-01 2.570244e+00
1.306120e-01 2.243260e-01 2.183781e+00
-2.534470e-01 -6.037710e-01 2.667878e+00
-1.093400e-02 -6.062260e-01 2.684049e+00
-2.692470e-01 -1.095630e+00 2.737408e+00
-1.894500e-02 -1.098777e+00 2.749917e+00
-3.098440e-01 -1.125345e+00 2.517977e+00
-5.696700e-02 -1.127580e+00 2.529904e+00
-1.767650e-01 7.018790e-01 2.615346e+00
-3.485600e-01 3.892990e-01 2.715064e+00
9.378800e-02 3.566030e-01 2.600945e+00
-1.477020e-01 4.443410e-01 2.558799e+00
-1.141720e-01 2.320440e-01 2.749595e+00
-3.451930e-01 2.130500e-02 2.670726e+00
5.322400e-02 5.589000e-03 2.565389e+00
-1.082250e-01 1.281400e-02 2.760969e+00
-3.905770e-01 1.098550e-01 2.720668e+00
1.185110e-01 7.606200e-02 2.624851e+00
-4.002600e-01 -1.896760e-01 2.633414e+00
1.279210e-01 1.552540e-01 2.323079e+00
-3.591370e-01 -2.691080e-01 2.640751e+00
1.261300e-01 1.689690e-01 2.234406e+00
-2.584930e-01 -6.064570e-01 2.668751e+00
-1.103700e-02 -6.036690e-01 2.685570e+00
-2.770050e-01 -1.098209e+00 2.738365e+00
-2.202700e-02 -1.096754e+00 2.746853e+00
-3.359070e-01 -1.126489e+00 2.522931e+00
-7.774100e-02 -1.122433e+00 2.530248e+00
-1.730640e-01 6.784740e-01 2.552355e+00
-3.580970e-01 3.818370e-01 2.702977e+00
8.998900e-02 3.519400e-01 2.613039e+00
-1.497760e-01 4.363180e-01 2.556602e+00
-1.243350e-01 2.277470e-01 2.752683e+00
-3.496970e-01 8.903000e-03 2.667948e+00
5.018700e-02 -7.104000e-03 2.568372e+00
-1.139010e-01 4.859000e-03 2.761508e+00
-3.930830e-01 1.060990e-01 2.710295e+00
1.204260e-01 8.273800e-02 2.675592e+00
-4.055820e-01 -1.942160e-01 2.647548e+00
1.633510e-01 1.177420e-01 2.373574e+00
-3.708460e-01 -2.410060e-01 2.579295e+00
1.366270e-01 6.063700e-02 2.309706e+00
-2.608590e-01 -6.182870e-01 2.680095e+00
-1.389900e-02 -6.161820e-01 2.689862e+00
-2.764730e-01 -1.110322e+00 2.748409e+00
-1.869300e-02 -1.109640e+00 2.748895e+00
-3.323310e-01 -1.138573e+00 2.532161e+00
-7.202200e-02 -1.135109e+00 2.531666e+00
-8.150400e-02 6.431330e-01 2.473538e+00
-3.539980e-01 3.917340e-01 2.706778e+00
9.250500e-02 3.431060e-01 2.617142e+00
-1.418310e-01 4.440030e-01 2.565197e+00
-1.294050e-01 2.221410e-01 2.747460e+00
-3.493850e-01 1.533800e-02 2.659860e+00
5.411100e-02 -7.451000e-03 2.577700e+00
-1.179490e-01 7.716000e-03 2.763536e+00
-3.962810e-01 1.193100e-01 2.704540e+00
1.244840e-01 8.634200e-02 2.712315e+00
-4.063790e-01 -1.795320e-01 2.647201e+00
1.689170e-01 4.517100e-02 2.413941e+00
-3.720100e-01 -2.302730e-01 2.581639e+00
1.286940e-01 -1.657100e-02 2.362713e+00
-2.640310e-01 -6.136250e-01 2.678661e+00
-1.728500e-02 -6.156880e-01 2.688563e+00
-2.651610e-01 -1.106383e+00 2.743447e+00
-1.872400e-02 -1.109020e+00 2.748811e+00
-3.126170e-01 -1.134963e+00 2.525245e+00
-6.346500e-02 -1.135638e+00 2.529788e+00
-8.277500e-02 6.628980e-01 2.500381e+00
-3.582200e-01 4.088570e-01 2.715438e+00
8.945300e-02 3.588610e-01 2.632652e+00
-1.424080e-01 4.656020e-01 2.581284e+00
-1.367300e-01 2.342530e-01 2.751702e+00
-3.519340e-01 2.556000e-02 2.662187e+00
5.102900e-02 5.103000e-03 2.576859e+00
-1.197720e-01 1.657800e-02 2.764116e+00
-3.984990e-01 1.385520e-01 2.686872e+00
1.304660e-01 1.025430e-01 2.722773e+00
-4.043130e-01 -1.616610e-01 2.643070e+00
1.125560e-01 -7.871200e-02 2.480067e+00
-3.815940e-01 -2.414590e-01 2.608859e+00
1.067770e-01 -1.306490e-01 2.407104e+00
-2.617360e-01 -6.034090e-01 2.673782e+00
-2.037300e-02 -6.041510e-01 2.685992e+00
-2.656160e-01 -1.095744e+00 2.741611e+00
-1.248500e-02 -1.097878e+00 2.742385e+00
-3.142520e-01 -1.125367e+00 2.523807e+00
-5.967500e-02 -1.123602e+00 2.523769e+00
-7.540200e-02 6.995760e-01 2.574249e+00
-3.626690e-01 4.068460e-01 2.726092e+00
8.157800e-02 3.566060e-01 2.626673e+00
-1.519460e-01 4.635830e-01 2.584077e+00
-1.401260e-01 2.320320e-01 2.753904e+00
-3.609740e-01 2.190800e-02 2.663752e+00
4.278500e-02 1.196000e-02 2.580330e+00
-1.291950e-01 1.651900e-02 2.766802e+00
-4.110090e-01 1.414710e-01 2.673363e+00
1.304610e-01 1.201150e-01 2.757910e+00
-4.097990e-01 -1.600440e-01 2.638519e+00
8.758000e-02 -1.109670e-01 2.565845e+00
-3.698050e-01 -2.135500e-01 2.578587e+00
5.092000e-02 -1.915740e-01 2.580438e+00
-2.623290e-01 -6.043110e-01 2.674022e+00
-1.719500e-02 -5.997830e-01 2.685566e+00
-2.748610e-01 -1.095373e+00 2.749588e+00
-1.211200e-02 -1.092277e+00 2.752148e+00
-3.214100e-01 -1.127712e+00 2.531715e+00
-5.587500e-02 -1.122306e+00 2.533369e+00
-7.308500e-02 6.982640e-01 2.564025e+00
-3.646580e-01 4.120140e-01 2.731421e+00
8.081900e-02 3.646590e-01 2.636176e+00
-1.515180e-01 4.750290e-01 2.595803e+00
-1.433940e-01 2.347460e-01 2.753269e+00
-3.666530e-01 3.296200e-02 2.663891e+00
3.754400e-02 1.737000e-02 2.583510e+00
-1.357640e-01 2.409100e-02 2.768682e+00
-4.179110e-01 1.474950e-01 2.669333e+00
1.239390e-01 1.204470e-01 2.759310e+00
-4.138100e-01 -1.561410e-01 2.633552e+00
7.209000e-02 -1.380740e-01 2.604485e+00
-3.774560e-01 -2.074040e-01 2.569483e+00
5.175400e-02 -2.225950e-01 2.626780e+00
-2.578780e-01 -5.958220e-01 2.665435e+00
-1.594800e-02 -5.922170e-01 2.682048e+00
-2.754200e-01 -1.085345e+00 2.749506e+00
-1.674200e-02 -1.084395e+00 2.751106e+00
-3.183950e-01 -1.121253e+00 2.531457e+00
-5.736500e-02 -1.115098e+00 2.531816e+00
-7.518000e-02 7.063360e-01 2.575975e+00
-3.716770e-01 4.109820e-01 2.737300e+00
7.444700e-02 3.687890e-01 2.642654e+00
-1.585030e-01 4.784400e-01 2.603889e+00
-1.492720e-01 2.347860e-01 2.756023e+00
-3.673620e-01 3.307800e-02 2.664538e+00
3.819800e-02 1.976200e-02 2.590898e+00
-1.383240e-01 2.206200e-02 2.773119e+00
-4.245850e-01 1.509610e-01 2.658532e+00
1.239510e-01 1.221270e-01 2.758073e+00
-4.107810e-01 -1.522470e-01 2.622339e+00
7.464100e-02 -1.418810e-01 2.612112e+00
-3.669270e-01 -2.063520e-01 2.565736e+00
4.473000e-02 -2.231860e-01 2.635546e+00
-2.536470e-01 -5.950090e-01 2.669333e+00
-1.416400e-02 -5.901360e-01 2.686287e+00
-2.742310e-01 -1.084852e+00 2.750812e+00
-1.985400e-02 -1.083339e+00 2.747334e+00
-3.131790e-01 -1.119641e+00 2.531828e+00
-5.642600e-02 -1.110210e+00 2.526830e+00
-7.692300e-02 7.038240e-01 2.572413e+00
-3.738020e-01 4.076780e-01 2.725444e+00
7.631000e-02 3.654790e-01 2.652075e+00
-1.547070e-01 4.744710e-01 2.601638e+00
-1.523010e-01 2.319770e-01 2.755871e+00
-3.665080e-01 2.920000e-02 2.655872e+00
4.179500e-02 1.767000e-02 2.598999e+00
-1.420020e-01 2.210200e-02 2.773839e+00
-4.217610e-01 1.441310e-01 2.654998e+00
1.121860e-01 1.047610e-01 2.738438e+00
-4.086410e-01 -1.582910e-01 2.611029e+00
7.207700e-02 -1.659330e-01 2.601761e+00
-3.641990e-01 -2.197680e-01 2.563072e+00
3.973100e-02 -2.455880e-01 2.627514e+00
-2.542390e-01 -5.981080e-01 2.670632e+00
-1.464200e-02 -5.935500e-01 2.690011e+00
-2.735000e-01 -1.088534e+00 2.748860e+00
-1.569700e-02 -1.087725e+00 2.742908e+00
-3.042960e-01 -1.122482e+00 2.528451e+00
-4.424300e-02 -1.111432e+00 2.520862e+00
-8.948300e-02 6.964320e-01 2.576791e+00
-3.771890e-01 4.070150e-01 2.716376e+00
7.398300e-02 3.655030e-01 2.649414e+00
-1.572700e-01 4.706740e-01 2.592381e+00
-1.547460e-01 2.343400e-01 2.755895e+00
-3.655790e-01 2.807000e-02 2.653350e+00
4.325800e-02 1.888500e-02 2.599990e+00
-1.421010e-01 2.042700e-02 2.773222e+00
-4.218650e-01 1.394620e-01 2.657695e+00
1.210410e-01 1.045580e-01 2.731371e+00
-4.072410e-01 -1.590410e-01 2.589749e+00
7.755600e-02 -1.704220e-01 2.603194e+00
-3.559230e-01 -2.314830e-01 2.576600e+00
5.347600e-02 -2.508210e-01 2.634984e+00
-2.543530e-01 -5.985940e-01 2.666841e+00
-1.311600e-02 -5.931460e-01 2.688396e+00
-2.652020e-01 -1.090129e+00 2.739537e+00
-1.289700e-02 -1.086693e+00 2.746884e+00
-2.946430e-01 -1.122146e+00 2.518653e+00
-3.914700e-02 -1.113016e+00 2.524850e+00
-7.175900e-02 6.923230e-01 2.586471e+00
-3.779690e-01 3.904230e-01 2.723895e+00
7.211300e-02 3.576030e-01 2.645707e+00
-1.618370e-01 4.609840e-01 2.597008e+00
-1.522680e-01 2.199650e-01 2.753262e+00
-3.663200e-01 2.031300e-02 2.658514e+00
4.164000e-02 1.152700e-02 2.598763e+00
-1.409960e-01 1.250900e-02 2.774867e+00
-4.260270e-01 1.269490e-01 2.650749e+00
1.234090e-01 9.755100e-02 2.728291e+00
-4.031480e-01 -1.734010e-01 2.593579e+00
7.586200e-02 -1.784390e-01 2.603508e+00
-3.495240e-01 -2.368120e-01 2.559550e+00
4.927300e-02 -2.574470e-01 2.636753e+00
-2.548060e-01 -6.062180e-01 2.670356e+00
-1.175600e-02 -6.001150e-01 2.689833e+00
-2.657280e-01 -1.096532e+00 2.750865e+00
-1.025500e-02 -1.092354e+00 2.758441e+00
-2.984860e-01 -1.131910e+00 2.530964e+00
-3.927200e-02 -1.123259e+00 2.537344e+00
-7.977000e-02 6.805610e-01 2.575188e+00
-3.850730e-01 3.825730e-01 2.718349e+00
6.520500e-02 3.548140e-01 2.639334e+00
-1.708970e-01 4.514570e-01 2.587294e+00
-1.560190e-01 2.179100e-01 2.754122e+00
-3.680260e-01 1.930300e-02 2.665686e+00
3.827900e-02 1.916000e-03 2.597184e+00
-1.404310e-01 7.545000e-03 2.777185e+00
-4.335440e-01 1.156780e-01 2.660128e+00
1.236460e-01 9.650100e-02 2.721982e+00
-3.900360e-01 -1.785980e-01 2.586772e+00
7.074300e-02 -1.825520e-01 2.607079e+00
-3.435530e-01 -2.547760e-01 2.577255e+00
5.505200e-02 -2.647040e-01 2.639625e+00
-2.519080e-01 -6.101510e-01 2.669650e+00
-1.286600e-02 -6.062950e-01 2.692087e+00
-2.802860e-01 -1.096745e+00 2.766756e+00
-1.845800e-02 -1.100588e+00 2.743591e+00
-3.122720e-01 -1.138561e+00 2.547873e+00
-5.288600e-02 -1.123259e+00 2.522273e+00
-7.786500e-02 6.584610e-01 2.550065e+00
-3.854570e-01 3.742190e-01 2.715733e+00
6.398800e-02 3.506090e-01 2.630849e+00
-1.746700e-01 4.402040e-01 2.577869e+00
-1.528140e-01 2.157490e-01 2.756024e+00
-3.684740e-01 8.312000e-03 2.677100e+00
3.404100e-02 2.210000e-03 2.587529e+00
-1.351590e-01 2.218000e-03 2.776582e+00
-4.264390e-01 1.065450e-01 2.657373e+00
1.228770e-01 9.546400e-02 2.721225e+00
-3.978260e-01 -1.945150e-01 2.611254e+00
7.286400e-02 -1.764600e-01 2.590311e+00
-3.494390e-01 -2.386060e-01 2.549862e+00
3.401600e-02 -2.517490e-01 2.619921e+00
-2.543840e-01 -6.178640e-01 2.671145e+00
-1.044100e-02 -6.086240e-01 2.692546e+00
-2.758740e-01 -1.107621e+00 2.752904e+00
-1.629500e-02 -1.103101e+00 2.742214e+00
-3.233040e-01 -1.141832e+00 2.535507e+00
-6.147900e-02 -1.124614e+00 2.522722e+00
-8.791500e-02 6.409520e-01 2.507264e+00
