-4.505800e-01 2.150240e-01 2.526423e+00
-3.610683e-01 2.194022e-01 2.518147e+00
-2.715565e-01 2.237805e-01 2.509872e+00
-9.253300e-02 2.325370e-01 2.493321e+00
-1.874275e-01 2.494520e-01 2.454639e+00
-2.823220e-01 2.663670e-01 2.415957e+00
-2.694960e-01 1.816875e-01 2.509889e+00
-2.566700e-01 9.700800e-02 2.603822e+00
-3.613930e-01 -1.076300e-02 2.561029e+00
-4.661160e-01 -1.185340e-01 2.518236e+00
-2.539865e-01 -1.198725e-01 2.499105e+00
-4.185700e-02 -1.212110e-01 2.479974e+00
-1.424850e-01 -1.177855e-01 2.549629e+00
-2.431130e-01 -1.143600e-01 2.619283e+00
-3.763505e-01 -8.477050e-02 2.581999e+00
-5.095880e-01 -5.518100e-02 2.544714e+00
-2.567055e-01 -4.223500e-02 2.508958e+00
-3.823000e-03 -2.928900e-02 2.473201e+00
-2.534065e-01 -1.804800e-01 2.459862e+00
-5.029900e-01 -3.316710e-01 2.446524e+00
-2.633675e-01 -3.166230e-01 2.406022e+00
-2.374500e-02 -3.015750e-01 2.365520e+00
-2.518180e-01 -3.488350e-01 2.409039e+00
-4.798910e-01 -3.960950e-01 2.452557e+00
-2.466885e-01 -3.819760e-01 2.401591e+00
-1.348600e-02 -3.678570e-01 2.350625e+00
-1.862165e-01 -4.958450e-01 2.421183e+00
-3.589470e-01 -6.238330e-01 2.491742e+00
-2.357565e-01 -6.228815e-01 2.497696e+00
-1.125660e-01 -6.219300e-01 2.503650e+00
-2.360805e-01 -8.116300e-01 2.557511e+00
-3.595950e-01 -1.001330e+00 2.611373e+00
-2.427275e-01 -9.999350e-01 2.618348e+00
-1.258600e-01 -9.985400e-01 2.625323e+00
-2.510135e-01 -1.025061e+00 2.539019e+00
-3.761670e-01 -1.051582e+00 2.452714e+00
-2.501730e-01 -1.050795e+00 2.459456e+00
-1.241790e-01 -1.050008e+00 2.466198e+00
-2.014320e-01 -2.697260e-01 2.422131e+00
-2.786850e-01 5.105560e-01 2.378065e+00
-3.645125e-01 3.633550e-01 2.454794e+00
-4.503400e-01 2.161540e-01 2.531522e+00
-2.716315e-01 2.238655e-01 2.511426e+00
-9.292300e-02 2.315770e-01 2.491330e+00
-1.884620e-01 2.493920e-01 2.454693e+00
-2.840010e-01 2.672070e-01 2.418056e+00
-2.698510e-01 1.817605e-01 2.511100e+00
-2.557010e-01 9.631400e-02 2.604144e+00
-3.611645e-01 -1.025650e-02 2.560884e+00
-4.666280e-01 -1.168270e-01 2.517625e+00
-2.545555e-01 -1.198405e-01 2.498055e+00
-4.248300e-02 -1.228540e-01 2.478485e+00
-1.429315e-01 -1.180410e-01 2.548318e+00
-2.433800e-01 -1.132280e-01 2.618150e+00
-3.767790e-01 -8.355950e-02 2.578803e+00
-5.101780e-01 -5.389100e-02 2.539456e+00
-2.570215e-01 -4.207000e-02 2.510819e+00
-3.865000e-03 -3.024900e-02 2.482182e+00
-2.548935e-01 -1.815995e-01 2.466241e+00
-5.059220e-01 -3.329500e-01 2.450301e+00
-2.664740e-01 -3.140995e-01 2.404844e+00
-2.702600e-02 -2.952490e-01 2.359386e+00
-2.669620e-01 -3.468960e-01 2.394634e+00
-5.068980e-01 -3.985430e-01 2.429882e+00
-2.625755e-01 -3.807160e-01 2.390503e+00
-1.825300e-02 -3.628890e-01 2.351123e+00
-1.877455e-01 -4.930860e-01 2.422837e+00
-3.572380e-01 -6.232830e-01 2.494551e+00
-2.353150e-01 -6.228835e-01 2.499240e+00
-1.133920e-01 -6.224840e-01 2.503929e+00
-2.371380e-01 -8.118875e-01 2.558215e+00
-3.608840e-01 -1.001291e+00 2.612501e+00
-2.439635e-01 -1.000072e+00 2.619404e+00
-1.270430e-01 -9.988520e-01 2.626308e+00
-2.517975e-01 -1.024802e+00 2.539905e+00
-3.765520e-01 -1.050752e+00 2.453502e+00
-2.510085e-01 -1.050685e+00 2.460390e+00
-1.254650e-01 -1.050618e+00 2.467279e+00
-2.015825e-01 -2.694505e-01 2.425762e+00
-2.777000e-01 5.117170e-01 2.384245e+00
-3.636555e-01 3.660015e-01 2.456713e+00
-4.496110e-01 2.202860e-01 2.529181e+00
-2.704930e-01 2.252385e-01 2.512087e+00
-9.137500e-02 2.301910e-01 2.494992e+00
-1.859940e-01 2.498315e-01 2.456928e+00
-2.806130e-01 2.694720e-01 2.418864e+00
-2.693875e-01 1.831140e-01 2.511464e+00
-2.581620e-01 9.675600e-02 2.604063e+00
-3.630880e-01 -9.313500e-03 2.561675e+00
-4.680140e-01 -1.153830e-01 2.519286e+00
-2.561370e-01 -1.183205e-01 2.497688e+00
-4.426000e-02 -1.212580e-01 2.476090e+00
-1.440355e-01 -1.162790e-01 2.546869e+00
-2.438110e-01 -1.113000e-01 2.617647e+00
-3.780995e-01 -7.991700e-02 2.576985e+00
-5.123880e-01 -4.853400e-02 2.536322e+00
-2.581750e-01 -3.991650e-02 2.507947e+00
-3.962000e-03 -3.129900e-02 2.479572e+00
-2.556585e-01 -1.807920e-01 2.468953e+00
-5.073550e-01 -3.302850e-01 2.458334e+00
-2.675260e-01 -3.134860e-01 2.408752e+00
-2.769700e-02 -2.966870e-01 2.359170e+00
-2.612760e-01 -3.472500e-01 2.409760e+00
-4.948550e-01 -3.978130e-01 2.460350e+00
-2.529110e-01 -3.795485e-01 2.401577e+00
-1.096700e-02 -3.612840e-01 2.342803e+00
-1.845420e-01 -4.914495e-01 2.416954e+00
-3.581170e-01 -6.216150e-01 2.491105e+00
-2.360390e-01 -6.211510e-01 2.498650e+00
-1.139610e-01 -6.206870e-01 2.506195e+00
-2.374055e-01 -8.092660e-01 2.560415e+00
-3.608500e-01 -9.978450e-01 2.614635e+00
-2.493940e-01 -9.952240e-01 2.627346e+00
-1.379380e-01 -9.926030e-01 2.640057e+00
-2.577665e-01 -1.021125e+00 2.548275e+00
-3.775950e-01 -1.049647e+00 2.456493e+00
-2.559265e-01 -1.049543e+00 2.469648e+00
-1.342580e-01 -1.049440e+00 2.482803e+00
-2.060435e-01 -2.701055e-01 2.431182e+00
-2.778290e-01 5.092290e-01 2.379561e+00
-3.637340e-01 3.653140e-01 2.453126e+00
-4.496390e-01 2.213990e-01 2.526690e+00
-2.702725e-01 2.249735e-01 2.512031e+00
-9.090600e-02 2.285480e-01 2.497372e+00
-1.848490e-01 2.487085e-01 2.457931e+00
-2.787920e-01 2.688690e-01 2.418490e+00
-2.694675e-01 1.828395e-01 2.511605e+00
-2.601430e-01 9.681000e-02 2.604720e+00
-3.644960e-01 -9.577000e-03 2.563352e+00
-4.688490e-01 -1.159640e-01 2.521984e+00
-2.572145e-01 -1.180995e-01 2.498047e+00
-4.558000e-02 -1.202350e-01 2.474109e+00
-1.445870e-01 -1.160815e-01 2.546010e+00
-2.435940e-01 -1.119280e-01 2.617912e+00
-3.788400e-01 -7.936550e-02 2.574968e+00
-5.140860e-01 -4.680300e-02 2.532024e+00
-2.596905e-01 -3.985050e-02 2.504322e+00
-5.295000e-03 -3.289800e-02 2.476620e+00
-2.560780e-01 -1.801705e-01 2.463945e+00
-5.068610e-01 -3.274430e-01 2.451271e+00
-2.666050e-01 -3.138895e-01 2.406141e+00
-2.634900e-02 -3.003360e-01 2.361011e+00
-2.612525e-01 -3.473295e-01 2.400378e+00
-4.961560e-01 -3.943230e-01 2.439745e+00
-2.530425e-01 -3.803100e-01 2.395377e+00
-9.929000e-03 -3.662970e-01 2.351009e+00
-1.835970e-01 -4.940010e-01 2.420411e+00
-3.572650e-01 -6.217050e-01 2.489813e+00
-2.352635e-01 -6.208375e-01 2.496886e+00
-1.132620e-01 -6.199700e-01 2.503959e+00
-2.370785e-01 -8.062680e-01 2.566285e+00
-3.608950e-01 -9.925660e-01 2.628611e+00
-2.495880e-01 -9.922830e-01 2.632963e+00
-1.382810e-01 -9.920000e-01 2.637316e+00
-2.581600e-01 -1.021367e+00 2.555029e+00
-3.780390e-01 -1.050734e+00 2.472742e+00
-2.567330e-01 -1.049666e+00 2.476350e+00
-1.354270e-01 -1.048597e+00 2.479959e+00
-2.062245e-01 -2.675250e-01 2.433599e+00
-2.770220e-01 5.135470e-01 2.387239e+00
-3.625590e-01 3.678440e-01 2.457258e+00
-4.480960e-01 2.221410e-01 2.527277e+00
-2.685805e-01 2.258880e-01 2.514621e+00
-8.906500e-02 2.296350e-01 2.501965e+00
-1.825745e-01 2.502565e-01 2.461739e+00
-2.760840e-01 2.708780e-01 2.421513e+00
-2.677655e-01 1.837620e-01 2.513709e+00
-2.594470e-01 9.664600e-02 2.605905e+00
-3.655545e-01 -1.157950e-02 2.562889e+00
-4.716620e-01 -1.198050e-01 2.519872e+00
-2.598360e-01 -1.189875e-01 2.497604e+00
-4.801000e-02 -1.181700e-01 2.475335e+00
-1.476290e-01 -1.154585e-01 2.546456e+00
-2.472480e-01 -1.127470e-01 2.617578e+00
-3.811325e-01 -7.917000e-02 2.575904e+00
-5.150170e-01 -4.559300e-02 2.534230e+00
-2.609190e-01 -3.916350e-02 2.505785e+00
-6.821000e-03 -3.273400e-02 2.477340e+00
-2.547830e-01 -1.778450e-01 2.460078e+00
-5.027450e-01 -3.229560e-01 2.442815e+00
-2.636380e-01 -3.135495e-01 2.406548e+00
-2.453100e-02 -3.041430e-01 2.370281e+00
-2.580650e-01 -3.474150e-01 2.408033e+00
-4.915990e-01 -3.906870e-01 2.445784e+00
-2.532005e-01 -3.791885e-01 2.395913e+00
-1.480200e-02 -3.676900e-01 2.346043e+00
-1.853810e-01 -4.959375e-01 2.420565e+00
-3.559600e-01 -6.241850e-01 2.495086e+00
-2.357240e-01 -6.219560e-01 2.500496e+00
-1.154880e-01 -6.197270e-01 2.505906e+00
-2.378315e-01 -8.110890e-01 2.559047e+00
-3.601750e-01 -1.002451e+00 2.612187e+00
-2.482340e-01 -9.972360e-01 2.625718e+00
-1.362930e-01 -9.920210e-01 2.639249e+00
-2.563915e-01 -1.021765e+00 2.546189e+00
-3.764900e-01 -1.051510e+00 2.453129e+00
-2.550925e-01 -1.050024e+00 2.467494e+00
-1.336950e-01 -1.048538e+00 2.481859e+00
-2.040930e-01 -2.681960e-01 2.433080e+00
-2.744910e-01 5.121460e-01 2.384301e+00
-3.607775e-01 3.668020e-01 2.456048e+00
-4.470640e-01 2.214580e-01 2.527796e+00
-2.675505e-01 2.264640e-01 2.515555e+00
-8.803700e-02 2.314700e-01 2.503314e+00
-1.815940e-01 2.517595e-01 2.463030e+00
-2.751510e-01 2.720490e-01 2.422745e+00
-2.664585e-01 1.843520e-01 2.514353e+00
-2.577660e-01 9.665500e-02 2.605962e+00
-3.635545e-01 -1.100650e-02 2.563267e+00
-4.693430e-01 -1.186680e-01 2.520571e+00
-2.573950e-01 -1.191745e-01 2.499490e+00
-4.544700e-02 -1.196810e-01 2.478408e+00
-1.454425e-01 -1.167200e-01 2.548989e+00
-2.454380e-01 -1.137590e-01 2.619569e+00
-3.793270e-01 -8.011950e-02 2.576300e+00
-5.132160e-01 -4.648000e-02 2.533031e+00
-2.593480e-01 -3.875250e-02 2.507273e+00
-5.480000e-03 -3.102500e-02 2.481514e+00
-2.539595e-01 -1.774005e-01 2.461411e+00
-5.024390e-01 -3.237760e-01 2.441308e+00
-2.626480e-01 -3.128710e-01 2.407303e+00
-2.285700e-02 -3.019660e-01 2.373297e+00
-2.606680e-01 -3.461660e-01 2.399078e+00
-4.984790e-01 -3.903660e-01 2.424859e+00
-2.665980e-01 -3.783495e-01 2.409527e+00
-3.471700e-02 -3.663330e-01 2.394195e+00
-1.959365e-01 -4.950530e-01 2.445090e+00
-3.571560e-01 -6.237730e-01 2.495985e+00
-2.360735e-01 -6.222305e-01 2.501368e+00
-1.149910e-01 -6.206880e-01 2.506751e+00
-2.380755e-01 -8.116895e-01 2.558859e+00
-3.611600e-01 -1.002691e+00 2.610967e+00
-2.492140e-01 -9.977530e-01 2.625645e+00
-1.372680e-01 -9.928150e-01 2.640323e+00
-2.573720e-01 -1.021841e+00 2.545980e+00
-3.774760e-01 -1.050866e+00 2.451638e+00
-2.556580e-01 -1.050177e+00 2.467321e+00
-1.338400e-01 -1.049488e+00 2.483005e+00
-2.056935e-01 -2.689365e-01 2.434202e+00
-2.775470e-01 5.116150e-01 2.385399e+00
-3.634260e-01 3.650255e-01 2.460504e+00
-4.493050e-01 2.184360e-01 2.535610e+00
-2.702715e-01 2.242990e-01 2.517930e+00
-9.123800e-02 2.301620e-01 2.500250e+00
-1.860650e-01 2.502690e-01 2.462955e+00
-2.808920e-01 2.703760e-01 2.425661e+00
-2.690390e-01 1.821990e-01 2.516451e+00
-2.571860e-01 9.402200e-02 2.607241e+00
-3.640195e-01 -1.278700e-02 2.563291e+00
-4.708530e-01 -1.195960e-01 2.519341e+00
-2.587530e-01 -1.194465e-01 2.499840e+00
-4.665300e-02 -1.192970e-01 2.480340e+00
-1.471795e-01 -1.169265e-01 2.550185e+00
-2.477060e-01 -1.145560e-01 2.620030e+00
-3.806990e-01 -8.248250e-02 2.578263e+00
-5.136920e-01 -5.040900e-02 2.536495e+00
-2.598385e-01 -4.140500e-02 2.511014e+00
-5.985000e-03 -3.240100e-02 2.485534e+00
-2.556380e-01 -1.796665e-01 2.463204e+00
-5.052910e-01 -3.269320e-01 2.440875e+00
-2.618130e-01 -3.159705e-01 2.410262e+00
-1.833500e-02 -3.050090e-01 2.379650e+00
-2.506275e-01 -3.481955e-01 2.406194e+00
-4.829200e-01 -3.913820e-01 2.432739e+00
-2.612940e-01 -3.771040e-01 2.421380e+00
-3.966800e-02 -3.628260e-01 2.410022e+00
-1.990110e-01 -4.935470e-01 2.451848e+00
-3.583540e-01 -6.242680e-01 2.493674e+00
-2.374560e-01 -6.225105e-01 2.500676e+00
-1.165580e-01 -6.207530e-01 2.507679e+00
-2.385550e-01 -8.114310e-01 2.559938e+00
-3.605520e-01 -1.002109e+00 2.612196e+00
-2.491025e-01 -9.971675e-01 2.627721e+00
-1.376530e-01 -9.922260e-01 2.643245e+00
-2.568210e-01 -1.022049e+00 2.548257e+00
-3.759890e-01 -1.051872e+00 2.453269e+00
-2.546450e-01 -1.050817e+00 2.469766e+00
-1.333010e-01 -1.049762e+00 2.486263e+00
-2.053640e-01 -2.700910e-01 2.436126e+00
-2.774270e-01 5.095800e-01 2.385988e+00
-3.638885e-01 3.642930e-01 2.459582e+00
-4.503500e-01 2.190060e-01 2.533175e+00
-2.710235e-01 2.251665e-01 2.518892e+00
-9.169700e-02 2.313270e-01 2.504609e+00
-1.858325e-01 2.514375e-01 2.465603e+00
-2.799680e-01 2.715480e-01 2.426598e+00
-2.697050e-01 1.830740e-01 2.517292e+00
-2.594420e-01 9.460000e-02 2.607986e+00
-3.643545e-01 -1.287200e-02 2.564153e+00
-4.692670e-01 -1.203440e-01 2.520320e+00
-2.571960e-01 -1.200165e-01 2.500506e+00
-4.512500e-02 -1.196890e-01 2.480692e+00
-1.455485e-01 -1.177805e-01 2.550699e+00
-2.459720e-01 -1.158720e-01 2.620707e+00
-3.796820e-01 -8.293150e-02 2.579260e+00
-5.133920e-01 -4.999100e-02 2.537812e+00
-2.596085e-01 -4.026450e-02 2.511115e+00
-5.825000e-03 -3.053800e-02 2.484418e+00
-2.539470e-01 -1.784925e-01 2.463560e+00
-5.020690e-01 -3.264470e-01 2.442703e+00
-2.605390e-01 -3.150665e-01 2.411555e+00
-1.900900e-02 -3.036860e-01 2.380408e+00
-2.543315e-01 -3.485450e-01 2.406999e+00
-4.896540e-01 -3.934040e-01 2.433590e+00
-2.606670e-01 -3.790250e-01 2.421523e+00
-3.168000e-02 -3.646460e-01 2.409456e+00
-1.945090e-01 -4.947990e-01 2.452263e+00
-3.573380e-01 -6.249520e-01 2.495070e+00
-2.340130e-01 -6.228445e-01 2.499980e+00
-1.106880e-01 -6.207370e-01 2.504890e+00
-2.363820e-01 -8.118425e-01 2.558955e+00
-3.620760e-01 -1.002948e+00 2.613021e+00
-2.506630e-01 -9.973465e-01 2.626693e+00
-1.392500e-01 -9.917450e-01 2.640365e+00
-2.584145e-01 -1.022061e+00 2.547181e+00
-3.775790e-01 -1.052376e+00 2.453996e+00
-2.546755e-01 -1.050969e+00 2.468800e+00
-1.317720e-01 -1.049562e+00 2.483604e+00
-2.045280e-01 -2.695150e-01 2.435632e+00
-2.772840e-01 5.105320e-01 2.387659e+00
-3.643395e-01 3.663405e-01 2.462337e+00
-4.513950e-01 2.221490e-01 2.537014e+00
-2.720060e-01 2.277120e-01 2.523282e+00
-9.261700e-02 2.332750e-01 2.509550e+00
-1.865540e-01 2.549585e-01 2.470909e+00
-2.804910e-01 2.766420e-01 2.432269e+00
-2.709130e-01 1.856720e-01 2.520537e+00
-2.613350e-01 9.470200e-02 2.608805e+00
-3.662305e-01 -1.271200e-02 2.562930e+00
-4.711260e-01 -1.201260e-01 2.517054e+00
-2.588130e-01 -1.184000e-01 2.500112e+00
-4.650000e-02 -1.166740e-01 2.483170e+00
-1.478730e-01 -1.153170e-01 2.551808e+00
-2.492460e-01 -1.139600e-01 2.620446e+00
-3.822535e-01 -8.016450e-02 2.576258e+00
-5.152610e-01 -4.636900e-02 2.532070e+00
-2.605305e-01 -3.689000e-02 2.507478e+00
-5.800000e-03 -2.741100e-02 2.482886e+00
-2.537845e-01 -1.771550e-01 2.466998e+00
-5.017690e-01 -3.268990e-01 2.451110e+00
-2.639465e-01 -3.143800e-01 2.417760e+00
-2.612400e-02 -3.018610e-01 2.384410e+00
-2.683000e-01 -3.459270e-01 2.404878e+00
-5.104760e-01 -3.899930e-01 2.425347e+00
-2.599065e-01 -3.758925e-01 2.390328e+00
-9.337000e-03 -3.617920e-01 2.355309e+00
-1.841050e-01 -4.928225e-01 2.423907e+00
-3.588730e-01 -6.238530e-01 2.492504e+00
-2.346815e-01 -6.211920e-01 2.495790e+00
-1.104900e-01 -6.185310e-01 2.499076e+00
-2.359515e-01 -8.095295e-01 2.556876e+00
-3.614130e-01 -1.000528e+00 2.614676e+00
-2.508630e-01 -9.945960e-01 2.625666e+00
-1.403130e-01 -9.886640e-01 2.636657e+00
-2.578710e-01 -1.020263e+00 2.546387e+00
-3.754290e-01 -1.051861e+00 2.456116e+00
-2.522190e-01 -1.049732e+00 2.468331e+00
-1.290090e-01 -1.047602e+00 2.480545e+00
-2.032110e-01 -2.693610e-01 2.434820e+00
-2.774130e-01 5.088800e-01 2.389095e+00
-3.637375e-01 3.654955e-01 2.463750e+00
-4.500620e-01 2.221110e-01 2.538404e+00
-2.706135e-01 2.256300e-01 2.524768e+00
-9.116500e-02 2.291490e-01 2.511133e+00
-1.848325e-01 2.516625e-01 2.472315e+00
-2.785000e-01 2.741760e-01 2.433497e+00
-2.699800e-01 1.835670e-01 2.522243e+00
-2.614600e-01 9.295800e-02 2.610989e+00
-3.654905e-01 -1.263350e-02 2.565431e+00
-4.695210e-01 -1.182250e-01 2.519873e+00
-2.571215e-01 -1.187635e-01 2.503971e+00
-4.472200e-02 -1.193020e-01 2.488068e+00
-1.464100e-01 -1.171485e-01 2.556218e+00
-2.480980e-01 -1.149950e-01 2.624369e+00
-3.807810e-01 -8.070750e-02 2.585828e+00
-5.134640e-01 -4.642000e-02 2.547288e+00
-2.574160e-01 -3.874950e-02 2.518890e+00
-1.368000e-03 -3.107900e-02 2.490493e+00
-2.528880e-01 -1.765655e-01 2.470460e+00
-5.044080e-01 -3.220520e-01 2.450428e+00
-2.689660e-01 -3.089695e-01 2.410712e+00
-3.352400e-02 -2.958870e-01 2.370996e+00
-2.739825e-01 -3.410980e-01 2.399634e+00
-5.144410e-01 -3.863090e-01 2.428273e+00
-2.670540e-01 -3.746515e-01 2.402137e+00
-1.966700e-02 -3.629940e-01 2.376000e+00
-1.893380e-01 -4.930095e-01 2.433174e+00
-3.590090e-01 -6.230250e-01 2.490348e+00
-2.321985e-01 -6.210525e-01 2.489860e+00
-1.053880e-01 -6.190800e-01 2.489373e+00
-2.335100e-01 -8.100125e-01 2.548990e+00
-3.616320e-01 -1.000945e+00 2.608606e+00
-2.485065e-01 -9.946505e-01 2.618903e+00
-1.353810e-01 -9.883560e-01 2.629200e+00
-2.552110e-01 -1.019501e+00 2.539338e+00
-3.750410e-01 -1.050647e+00 2.449476e+00
-2.472785e-01 -1.049543e+00 2.461699e+00
-1.195160e-01 -1.048440e+00 2.473923e+00
-1.974185e-01 -2.707900e-01 2.431632e+00
-2.753210e-01 5.068600e-01 2.389341e+00
-3.619700e-01 3.631050e-01 2.464555e+00
-4.486190e-01 2.193500e-01 2.539770e+00
-2.689890e-01 2.240575e-01 2.529235e+00
-8.935900e-02 2.287650e-01 2.518700e+00
-1.824825e-01 2.518360e-01 2.478912e+00
-2.756060e-01 2.749070e-01 2.439124e+00
-2.680995e-01 1.820770e-01 2.525638e+00
-2.605930e-01 8.924700e-02 2.612152e+00
-3.641385e-01 -1.384300e-02 2.569915e+00
-4.676840e-01 -1.169330e-01 2.527677e+00
-2.557150e-01 -1.184555e-01 2.506850e+00
-4.374600e-02 -1.199780e-01 2.486022e+00
-1.438205e-01 -1.186460e-01 2.556541e+00
-2.438950e-01 -1.173140e-01 2.627059e+00
-3.780685e-01 -8.261700e-02 2.584783e+00
-5.122420e-01 -4.792000e-02 2.542506e+00
-2.572995e-01 -3.939300e-02 2.519300e+00
-2.357000e-03 -3.086600e-02 2.496094e+00
-2.547355e-01 -1.779710e-01 2.475172e+00
-5.071140e-01 -3.250760e-01 2.454250e+00
-2.720545e-01 -3.010605e-01 2.399630e+00
-3.699500e-02 -2.770450e-01 2.345009e+00
-2.723015e-01 -3.338415e-01 2.389360e+00
-5.076080e-01 -3.906380e-01 2.433712e+00
-2.773450e-01 -3.668830e-01 2.381429e+00
-4.708200e-02 -3.431280e-01 2.329145e+00
-2.032325e-01 -4.825585e-01 2.408859e+00
-3.593830e-01 -6.219890e-01 2.488573e+00
-2.296935e-01 -6.200980e-01 2.485731e+00
-1.000040e-01 -6.182070e-01 2.482889e+00
-2.305130e-01 -8.070335e-01 2.550987e+00
-3.610220e-01 -9.958600e-01 2.619085e+00
-2.487920e-01 -9.904065e-01 2.623404e+00
-1.365620e-01 -9.849530e-01 2.627722e+00
-2.571360e-01 -1.017798e+00 2.544834e+00
-3.777100e-01 -1.050642e+00 2.461945e+00
-2.481385e-01 -1.049110e+00 2.467816e+00
-1.185670e-01 -1.047577e+00 2.473686e+00
-1.929345e-01 -2.705410e-01 2.436054e+00
-2.673020e-01 5.064950e-01 2.398422e+00
-3.548655e-01 3.656585e-01 2.466548e+00
-4.424290e-01 2.248220e-01 2.534674e+00
-2.625865e-01 2.272970e-01 2.527563e+00
-8.274400e-02 2.297720e-01 2.520452e+00
-1.748075e-01 2.529785e-01 2.478343e+00
-2.668710e-01 2.761850e-01 2.436234e+00
-2.621130e-01 1.852390e-01 2.524917e+00
-2.573550e-01 9.429300e-02 2.613599e+00
-3.591495e-01 -1.137700e-02 2.566489e+00
-4.609440e-01 -1.170470e-01 2.519378e+00
-2.482945e-01 -1.182010e-01 2.507309e+00
-3.564500e-02 -1.193550e-01 2.495241e+00
-1.385530e-01 -1.197210e-01 2.561568e+00
-2.414610e-01 -1.200870e-01 2.627896e+00
-3.741265e-01 -8.086000e-02 2.580540e+00
-5.067920e-01 -4.163300e-02 2.533184e+00
-2.515165e-01 -3.534550e-02 2.513907e+00
3.759000e-03 -2.905800e-02 2.494629e+00
-2.523615e-01 -1.757520e-01 2.477219e+00
-5.084820e-01 -3.224460e-01 2.459809e+00
-2.775930e-01 -2.640200e-01 2.364822e+00
-4.670400e-02 -2.055940e-01 2.269836e+00
-2.712000e-01 -2.969770e-01 2.372108e+00
-4.956960e-01 -3.883600e-01 2.474379e+00
-2.675285e-01 -3.261190e-01 2.354293e+00
-3.936100e-02 -2.638780e-01 2.234207e+00
-1.977170e-01 -4.430800e-01 2.365213e+00
-3.560730e-01 -6.222820e-01 2.496219e+00
-2.290525e-01 -6.208475e-01 2.492040e+00
-1.020320e-01 -6.194130e-01 2.487861e+00
-2.329395e-01 -8.101045e-01 2.550097e+00
-3.638470e-01 -1.000796e+00 2.612333e+00
-2.515045e-01 -9.938445e-01 2.621503e+00
-1.391620e-01 -9.868930e-01 2.630672e+00
-2.573215e-01 -1.018201e+00 2.541715e+00
-3.754810e-01 -1.049509e+00 2.452757e+00
-2.480195e-01 -1.049119e+00 2.464574e+00
-1.205580e-01 -1.048730e+00 2.476391e+00
-1.900610e-01 -2.693870e-01 2.435672e+00
-2.595640e-01 5.099560e-01 2.394953e+00
-3.441310e-01 3.703025e-01 2.453650e+00
-4.286980e-01 2.306490e-01 2.512347e+00
-2.490465e-01 2.307640e-01 2.523542e+00
-6.939500e-02 2.308790e-01 2.534737e+00
-1.563265e-01 2.531955e-01 2.482467e+00
-2.432580e-01 2.755120e-01 2.430196e+00
-2.489735e-01 1.886265e-01 2.522806e+00
-2.546890e-01 1.017410e-01 2.615417e+00
-3.529140e-01 -8.127500e-03 2.554935e+00
-4.511390e-01 -1.179960e-01 2.494453e+00
-2.384590e-01 -1.148645e-01 2.505596e+00
-2.577900e-02 -1.117330e-01 2.516738e+00
-1.352635e-01 -1.143105e-01 2.571473e+00
-2.447480e-01 -1.168880e-01 2.626209e+00
-3.715800e-01 -7.523350e-02 2.577894e+00
-4.984120e-01 -3.357900e-02 2.529579e+00
-2.375855e-01 -2.679800e-02 2.502819e+00
2.324100e-02 -2.001700e-02 2.476058e+00
-2.455030e-01 -1.670305e-01 2.466964e+00
-5.142470e-01 -3.140440e-01 2.457870e+00
-2.631450e-01 -1.523670e-01 2.323831e+00
-1.204300e-02 9.310000e-03 2.189792e+00
-2.655700e-01 -1.855770e-01 2.315386e+00
-5.190970e-01 -3.804640e-01 2.440980e+00
-2.696695e-01 -1.800070e-01 2.281737e+00
-2.024200e-02 2.045000e-02 2.122493e+00
-1.880520e-01 -2.997685e-01 2.314910e+00
-3.558620e-01 -6.199870e-01 2.507328e+00
-2.307300e-01 -6.182150e-01 2.506981e+00
-1.055980e-01 -6.164430e-01 2.506634e+00
-2.326370e-01 -8.085755e-01 2.561416e+00
-3.596760e-01 -1.000708e+00 2.616199e+00
-2.501470e-01 -9.949675e-01 2.625878e+00
-1.406180e-01 -9.892270e-01 2.635558e+00
-2.490480e-01 -1.017968e+00 2.545486e+00
-3.574780e-01 -1.046708e+00 2.455414e+00
-2.368485e-01 -1.046029e+00 2.467660e+00
-1.162190e-01 -1.045350e+00 2.479906e+00
-1.643695e-01 -2.630765e-01 2.443240e+00
-2.125200e-01 5.191970e-01 2.406575e+00
-3.044140e-01 3.829910e-01 2.457722e+00
-3.963080e-01 2.467850e-01 2.508869e+00
-2.178070e-01 2.415040e-01 2.531440e+00
-3.930600e-02 2.362230e-01 2.554011e+00
-1.221010e-01 2.630580e-01 2.497335e+00
-2.048960e-01 2.898930e-01 2.440659e+00
-2.187300e-01 1.994470e-01 2.528900e+00
-2.325640e-01 1.090010e-01 2.617141e+00
-3.383215e-01 -1.129000e-03 2.548116e+00
-4.440790e-01 -1.112590e-01 2.479092e+00
-2.329725e-01 -1.081425e-01 2.507216e+00
-2.186600e-02 -1.050260e-01 2.535339e+00
-1.353865e-01 -1.071305e-01 2.581144e+00
-2.489070e-01 -1.092350e-01 2.626950e+00
-3.667460e-01 -5.891300e-02 2.574934e+00
-4.845850e-01 -8.591000e-03 2.522918e+00
-2.316710e-01 3.223000e-03 2.466670e+00
2.124300e-02 1.503700e-02 2.410421e+00
-2.513380e-01 -1.348020e-01 2.433797e+00
-5.239190e-01 -2.846410e-01 2.457173e+00
-2.451670e-01 -2.472800e-02 2.342342e+00
3.358500e-02 2.351850e-01 2.227512e+00
-2.539650e-01 -5.765850e-02 2.338065e+00
-5.415150e-01 -3.505020e-01 2.448619e+00
-2.688120e-01 -4.112950e-02 2.311865e+00
3.891000e-03 2.682430e-01 2.175111e+00
-1.759735e-01 -1.721635e-01 2.341597e+00
-3.558380e-01 -6.125700e-01 2.508082e+00
-2.329685e-01 -6.116175e-01 2.511323e+00
-1.100990e-01 -6.106650e-01 2.514564e+00
-2.339935e-01 -8.023285e-01 2.564542e+00
-3.578880e-01 -9.939920e-01 2.614520e+00
-2.464915e-01 -9.901895e-01 2.625829e+00
-1.350950e-01 -9.863870e-01 2.637138e+00
-2.396390e-01 -1.012625e+00 2.545561e+00
-3.441830e-01 -1.038864e+00 2.453985e+00
-2.243495e-01 -1.039042e+00 2.467706e+00
-1.045160e-01 -1.039220e+00 2.481426e+00
-1.427735e-01 -2.596055e-01 2.445373e+00
-1.810310e-01 5.200090e-01 2.409320e+00
-2.804470e-01 3.864890e-01 2.459104e+00
-3.798630e-01 2.529690e-01 2.508888e+00
-2.025945e-01 2.421480e-01 2.538193e+00
-2.532600e-02 2.313270e-01 2.567497e+00
-1.050565e-01 2.612045e-01 2.508018e+00
-1.847870e-01 2.910820e-01 2.448539e+00
-2.046510e-01 2.001665e-01 2.535131e+00
-2.245150e-01 1.092510e-01 2.621723e+00
-3.303610e-01 5.670000e-03 2.553363e+00
-4.362070e-01 -9.791100e-02 2.485003e+00
-2.248135e-01 -1.024970e-01 2.510663e+00
-1.342000e-02 -1.070830e-01 2.536322e+00
-1.264050e-01 -1.052755e-01 2.583446e+00
-2.393900e-01 -1.034680e-01 2.630571e+00
-3.567795e-01 -5.165050e-02 2.574739e+00
-4.741690e-01 1.670000e-04 2.518906e+00
-2.149560e-01 5.282100e-02 2.428940e+00
4.425700e-02 1.054750e-01 2.338974e+00
-2.408690e-01 -8.139550e-02 2.387137e+00
-5.259950e-01 -2.682660e-01 2.435300e+00
-2.341825e-01 4.857150e-02 2.328002e+00
5.763000e-02 3.654090e-01 2.220704e+00
-2.359490e-01 1.501050e-02 2.320887e+00
-5.295280e-01 -3.353880e-01 2.421070e+00
-2.319515e-01 4.866000e-02 2.326529e+00
6.562500e-02 4.327080e-01 2.231988e+00
-1.463165e-01 -8.533050e-02 2.364765e+00
-3.582580e-01 -6.033690e-01 2.497541e+00
-2.329410e-01 -6.058695e-01 2.508883e+00
-1.076240e-01 -6.083700e-01 2.520226e+00
-2.335440e-01 -7.958065e-01 2.564809e+00
-3.594640e-01 -9.832430e-01 2.609392e+00
-2.498470e-01 -9.842370e-01 2.623393e+00
-1.402300e-01 -9.852310e-01 2.637395e+00
-2.458465e-01 -1.007842e+00 2.543268e+00
-3.514630e-01 -1.030452e+00 2.449142e+00
-2.311515e-01 -1.033440e+00 2.465025e+00
-1.108400e-01 -1.036427e+00 2.480909e+00
-1.277115e-01 -2.639985e-01 2.442342e+00
-1.445830e-01 5.084300e-01 2.403775e+00
-2.567245e-01 3.791700e-01 2.454581e+00
-3.688660e-01 2.499100e-01 2.505387e+00
-1.926110e-01 2.305860e-01 2.533021e+00
-1.635600e-02 2.112620e-01 2.560655e+00
-9.460600e-02 2.426800e-01 2.500832e+00
-1.728560e-01 2.740980e-01 2.441009e+00
-1.965055e-01 1.886300e-01 2.532083e+00
-2.201550e-01 1.031620e-01 2.623156e+00
-3.280400e-01 -3.800000e-05 2.551600e+00
-4.359250e-01 -1.032380e-01 2.480043e+00
-2.254505e-01 -1.098325e-01 2.512040e+00
-1.497600e-02 -1.164270e-01 2.544036e+00
-1.292835e-01 -1.129050e-01 2.587750e+00
-2.435910e-01 -1.093830e-01 2.631464e+00
-3.581915e-01 -5.436550e-02 2.574044e+00
-4.727920e-01 6.520000e-04 2.516623e+00
-2.004145e-01 1.047970e-01 2.410918e+00
7.196300e-02 2.089420e-01 2.305212e+00
-2.260860e-01 -2.726400e-02 2.362164e+00
-5.241350e-01 -2.634700e-01 2.419115e+00
-2.020915e-01 9.142750e-02 2.285923e+00
1.199520e-01 4.463250e-01 2.152731e+00
-2.017100e-01 5.891600e-02 2.274834e+00
-5.233720e-01 -3.284930e-01 2.396938e+00
-1.978080e-01 9.204250e-02 2.266617e+00
1.277560e-01 5.125780e-01 2.136295e+00
-1.144755e-01 -4.875450e-02 2.311605e+00
-3.567070e-01 -6.100870e-01 2.486916e+00
-2.291935e-01 -6.128695e-01 2.498262e+00
-1.016800e-01 -6.156520e-01 2.509608e+00
-2.342400e-01 -8.028245e-01 2.553901e+00
-3.668000e-01 -9.899970e-01 2.598194e+00
-2.476425e-01 -9.924940e-01 2.609125e+00
-1.284850e-01 -9.949910e-01 2.620056e+00
-2.409690e-01 -1.016089e+00 2.529176e+00
-3.534530e-01 -1.037187e+00 2.438296e+00
-2.232860e-01 -1.040088e+00 2.451045e+00
-9.311900e-02 -1.042988e+00 2.463793e+00
-8.967900e-02 -2.775700e-01 2.431940e+00
-8.623900e-02 4.878480e-01 2.400087e+00
-2.195825e-01 3.704925e-01 2.456955e+00
-3.529260e-01 2.531370e-01 2.513823e+00
-1.773105e-01 2.262160e-01 2.535006e+00
-1.695000e-03 1.992950e-01 2.556190e+00
-7.992700e-02 2.359585e-01 2.500238e+00
-1.581590e-01 2.726220e-01 2.444286e+00
-1.823290e-01 1.844285e-01 2.532582e+00
-2.064990e-01 9.623500e-02 2.620877e+00
-3.173600e-01 -3.890500e-03 2.554184e+00
-4.282210e-01 -1.040160e-01 2.487492e+00
-2.169570e-01 -1.141695e-01 2.512616e+00
-5.693000e-03 -1.243230e-01 2.537740e+00
-1.184110e-01 -1.182820e-01 2.585151e+00
-2.311290e-01 -1.122410e-01 2.632561e+00
-3.465950e-01 -5.322300e-02 2.577006e+00
-4.620610e-01 5.795000e-03 2.521451e+00
-1.906880e-01 1.093265e-01 2.410197e+00
8.068500e-02 2.128580e-01 2.298943e+00
-2.201045e-01 -2.150450e-02 2.360005e+00
-5.208940e-01 -2.558670e-01 2.421067e+00
-1.975070e-01 9.611450e-02 2.281542e+00
1.258800e-01 4.480960e-01 2.142017e+00
-2.074225e-01 6.494150e-02 2.271053e+00
-5.407250e-01 -3.182130e-01 2.400089e+00
-2.070765e-01 9.901400e-02 2.266688e+00
1.265720e-01 5.162410e-01 2.133287e+00
-1.150685e-01 -4.783350e-02 2.307883e+00
-3.567090e-01 -6.119080e-01 2.482480e+00
-2.250645e-01 -6.164480e-01 2.491992e+00
-9.342000e-02 -6.209880e-01 2.501505e+00
-2.284160e-01 -8.060685e-01 2.548885e+00
-3.634120e-01 -9.911490e-01 2.596266e+00
-2.421885e-01 -9.949155e-01 2.606774e+00
-1.209650e-01 -9.986820e-01 2.617282e+00
-2.395035e-01 -1.018979e+00 2.526731e+00
-3.580420e-01 -1.039276e+00 2.436179e+00
-2.234555e-01 -1.044100e+00 2.448599e+00
-8.886900e-02 -1.048923e+00 2.461019e+00
-8.155500e-02 -2.847860e-01 2.428294e+00
-7.424100e-02 4.793510e-01 2.395569e+00
-2.097170e-01 3.661805e-01 2.453341e+00
-3.451930e-01 2.530100e-01 2.511113e+00
-1.701350e-01 2.226240e-01 2.531481e+00
4.923000e-03 1.922380e-01 2.551849e+00
-7.287700e-02 2.292090e-01 2.495635e+00
-1.506770e-01 2.661800e-01 2.439421e+00
-1.760430e-01 1.809000e-01 2.530208e+00
-2.014090e-01 9.562000e-02 2.620995e+00
-3.089770e-01 -1.692000e-03 2.553804e+00
-4.165450e-01 -9.900400e-02 2.486613e+00
-2.056600e-01 -1.172290e-01 2.510323e+00
5.225000e-03 -1.354540e-01 2.534032e+00
-1.067465e-01 -1.238440e-01 2.582169e+00
-2.187180e-01 -1.122340e-01 2.630306e+00
-3.360240e-01 -5.355100e-02 2.575482e+00
-4.533300e-01 5.132000e-03 2.520658e+00
-1.837515e-01 1.047155e-01 2.407279e+00
8.582700e-02 2.042990e-01 2.293900e+00
-2.115615e-01 -2.740800e-02 2.359382e+00
-5.089500e-01 -2.591150e-01 2.424865e+00
-1.940220e-01 9.550050e-02 2.287898e+00
1.209060e-01 4.501160e-01 2.150932e+00
-2.069285e-01 6.441350e-02 2.281034e+00
-5.347630e-01 -3.212890e-01 2.411136e+00
-2.098690e-01 9.747950e-02 2.272196e+00
1.150250e-01 5.162480e-01 2.133257e+00
-1.211670e-01 -4.697150e-02 2.306798e+00
-3.573590e-01 -6.101910e-01 2.480338e+00
-2.238840e-01 -6.187450e-01 2.488799e+00
-9.040900e-02 -6.272990e-01 2.497259e+00
-2.265230e-01 -8.072540e-01 2.549308e+00
-3.626370e-01 -9.872090e-01 2.601356e+00
-2.501105e-01 -9.922185e-01 2.615908e+00
-1.375840e-01 -9.972280e-01 2.630461e+00
-2.496345e-01 -1.017783e+00 2.536288e+00
-3.616850e-01 -1.038337e+00 2.442116e+00
-2.323270e-01 -1.047445e+00 2.460041e+00
-1.029690e-01 -1.056552e+00 2.477966e+00
-9.051200e-02 -2.900645e-01 2.429003e+00
-7.805500e-02 4.764230e-01 2.380041e+00
-2.067740e-01 3.640190e-01 2.444901e+00
-3.354930e-01 2.516150e-01 2.509761e+00
-1.614860e-01 2.176340e-01 2.525034e+00
1.252100e-02 1.836530e-01 2.540307e+00
-6.544550e-02 2.203910e-01 2.485588e+00
-1.434120e-01 2.571290e-01 2.430869e+00
-1.675915e-01 1.758885e-01 2.525599e+00
-1.917710e-01 9.464800e-02 2.620329e+00
-3.017835e-01 -2.078000e-03 2.554813e+00
-4.117960e-01 -9.880400e-02 2.489297e+00
-2.010040e-01 -1.233285e-01 2.507520e+00
9.788000e-03 -1.478530e-01 2.525743e+00
-1.004360e-01 -1.324165e-01 2.576752e+00
-2.106600e-01 -1.169800e-01 2.627761e+00
-3.289525e-01 -5.558100e-02 2.579143e+00
-4.472450e-01 5.818000e-03 2.530526e+00
-1.754590e-01 1.049280e-01 2.407064e+00
9.632700e-02 2.040380e-01 2.283603e+00
-2.047895e-01 -2.654950e-02 2.357996e+00
-5.059060e-01 -2.571370e-01 2.432389e+00
-1.916795e-01 9.629950e-02 2.285259e+00
1.225470e-01 4.497360e-01 2.138130e+00
-2.011420e-01 6.547550e-02 2.273408e+00
-5.248310e-01 -3.187850e-01 2.408686e+00
-2.005570e-01 9.926800e-02 2.267256e+00
1.237170e-01 5.173210e-01 2.125826e+00
-1.169180e-01 -4.796000e-02 2.305074e+00
-3.575530e-01 -6.132410e-01 2.484323e+00
-2.236190e-01 -6.246340e-01 2.491587e+00
-8.968500e-02 -6.360270e-01 2.498851e+00
-2.235965e-01 -8.129045e-01 2.552890e+00
-3.575080e-01 -9.897820e-01 2.606930e+00
-2.384620e-01 -1.000846e+00 2.613398e+00
-1.194160e-01 -1.011910e+00 2.619865e+00
-2.403390e-01 -1.026731e+00 2.533902e+00
-3.612620e-01 -1.041552e+00 2.447938e+00
-2.266195e-01 -1.052992e+00 2.455701e+00
-9.197700e-02 -1.064433e+00 2.463465e+00
-8.368700e-02 -2.919605e-01 2.425372e+00
-7.539700e-02 4.805120e-01 2.387280e+00
-2.024030e-01 3.667315e-01 2.449887e+00
-3.294090e-01 2.529510e-01 2.512495e+00
-1.553790e-01 2.171660e-01 2.524394e+00
1.865100e-02 1.813810e-01 2.536294e+00
-5.998400e-02 2.196100e-01 2.483392e+00
-1.386190e-01 2.578390e-01 2.430490e+00
-1.619770e-01 1.754975e-01 2.524472e+00
-1.853350e-01 9.315600e-02 2.618455e+00
-2.967300e-01 -2.596000e-03 2.555873e+00
-4.081250e-01 -9.834800e-02 2.493292e+00
-1.970535e-01 -1.236935e-01 2.506452e+00
1.401800e-02 -1.490390e-01 2.519612e+00
-9.489300e-02 -1.332075e-01 2.573252e+00
-2.038040e-01 -1.173760e-01 2.626893e+00
-3.235445e-01 -5.455000e-02 2.581581e+00
-4.432850e-01 8.276000e-03 2.536268e+00
-1.714255e-01 1.053075e-01 2.407565e+00
1.004340e-01 2.023390e-01 2.278862e+00
-2.001375e-01 -2.816650e-02 2.363606e+00
-5.007090e-01 -2.586720e-01 2.448351e+00
-1.867460e-01 9.454450e-02 2.290567e+00
1.272170e-01 4.477610e-01 2.132784e+00
-1.763335e-01 6.728150e-02 2.272445e+00
-4.798840e-01 -3.131980e-01 2.412107e+00
-1.785000e-01 1.014350e-01 2.269456e+00
1.228840e-01 5.160680e-01 2.126806e+00
-1.164235e-01 -4.843700e-02 2.305821e+00
-3.557310e-01 -6.129420e-01 2.484835e+00
-2.225690e-01 -6.249730e-01 2.490607e+00
-8.940700e-02 -6.370040e-01 2.496380e+00
-2.237085e-01 -8.143565e-01 2.548369e+00
-3.580100e-01 -9.917090e-01 2.600358e+00
-2.477255e-01 -9.983055e-01 2.617579e+00
-1.374410e-01 -1.004902e+00 2.634799e+00
-2.508835e-01 -1.022667e+00 2.537643e+00
-3.643260e-01 -1.040432e+00 2.440486e+00
-2.372280e-01 -1.053276e+00 2.461028e+00
-1.101300e-01 -1.066119e+00 2.481570e+00
-9.806750e-02 -2.912230e-01 2.432824e+00
-8.600500e-02 4.836730e-01 2.384077e+00
