-3.428380e-01 2.882490e-01 2.672876e+00
-9.554000e-03 2.841440e-01 2.694340e+00
-1.814020e-01 1.418890e-01 2.736839e+00
-8.738000e-03 -4.177000e-02 2.612598e+00
-3.778180e-01 2.507400e-02 2.678476e+00
-3.779540e-01 -2.432170e-01 2.601957e+00
-3.831070e-01 -3.030770e-01 2.621313e+00
-2.797060e-01 -5.667870e-01 2.675695e+00
-3.135030e-01 -9.727070e-01 2.786017e+00
-3.105330e-01 -1.012696e+00 2.639791e+00
-1.797530e-01 5.358170e-01 2.598212e+00
-9.778000e-03 2.876910e-01 2.700552e+00
-1.828130e-01 1.458350e-01 2.739411e+00
-6.855000e-03 -4.268400e-02 2.622962e+00
-3.792610e-01 2.960100e-02 2.680569e+00
-3.809770e-01 -2.384850e-01 2.605133e+00
-3.801380e-01 -3.008970e-01 2.595722e+00
-2.771550e-01 -5.630690e-01 2.674117e+00
-3.179660e-01 -9.684360e-01 2.784101e+00
-3.052550e-01 -1.009190e+00 2.638610e+00
-1.801110e-01 5.345090e-01 2.593701e+00
-7.501000e-03 2.874940e-01 2.703977e+00
-1.803730e-01 1.445580e-01 2.739453e+00
-6.854000e-03 -3.870400e-02 2.625432e+00
-3.817930e-01 2.978500e-02 2.679996e+00
-3.762800e-01 -2.369760e-01 2.601715e+00
-3.758270e-01 -2.992420e-01 2.612069e+00
-2.800160e-01 -5.626500e-01 2.673736e+00
-3.167090e-01 -9.679810e-01 2.785291e+00
-3.022650e-01 -1.009246e+00 2.640106e+00
-1.797860e-01 5.312270e-01 2.582921e+00
-1.228800e-02 2.823690e-01 2.704920e+00
-1.871120e-01 1.413230e-01 2.738340e+00
-8.180000e-03 -3.601100e-02 2.625329e+00
-3.808400e-01 2.892900e-02 2.688926e+00
-3.729450e-01 -2.329970e-01 2.597658e+00
-3.657830e-01 -2.951180e-01 2.606275e+00
-2.816000e-01 -5.657370e-01 2.672725e+00
-3.186650e-01 -9.701400e-01 2.787479e+00
-3.015020e-01 -1.012719e+00 2.642971e+00
-1.800940e-01 5.285610e-01 2.580882e+00
-1.287200e-02 2.834680e-01 2.711960e+00
-1.863770e-01 1.395930e-01 2.739712e+00
-8.777000e-03 -3.634200e-02 2.626989e+00
-3.831790e-01 2.368500e-02 2.674510e+00
-3.752020e-01 -2.458840e-01 2.601013e+00
-3.648830e-01 -3.081580e-01 2.601007e+00
-2.805130e-01 -5.652170e-01 2.671824e+00
-3.173920e-01 -9.698540e-01 2.785811e+00
-2.973090e-01 -1.012298e+00 2.641639e+00
-1.775180e-01 5.211710e-01 2.572782e+00
-1.745500e-02 2.803650e-01 2.705818e+00
-1.933720e-01 1.407750e-01 2.739614e+00
-6.002000e-03 -3.289400e-02 2.627946e+00
-3.816490e-01 2.356800e-02 2.669807e+00
-3.669340e-01 -2.467020e-01 2.589320e+00
-3.620900e-01 -3.025860e-01 2.618270e+00
-2.826560e-01 -5.654380e-01 2.671274e+00
-3.194200e-01 -9.699440e-01 2.785761e+00
-3.008150e-01 -1.012487e+00 2.641421e+00
-1.779770e-01 5.293400e-01 2.582325e+00
-2.265600e-02 2.804920e-01 2.709649e+00
-2.012110e-01 1.432040e-01 2.738707e+00
-3.875000e-03 -3.517500e-02 2.638406e+00
-3.846620e-01 2.802100e-02 2.665752e+00
-3.689800e-01 -2.442870e-01 2.592608e+00
-3.618820e-01 -3.046070e-01 2.609803e+00
-2.854130e-01 -5.625670e-01 2.663548e+00
-3.193020e-01 -9.650770e-01 2.785702e+00
-2.997960e-01 -1.010244e+00 2.642281e+00
-1.751250e-01 5.372240e-01 2.594089e+00
-2.661700e-02 2.793860e-01 2.720052e+00
-2.084580e-01 1.445150e-01 2.737878e+00
-7.231000e-03 -3.525600e-02 2.651141e+00
-3.866180e-01 3.521300e-02 2.654599e+00
-3.724230e-01 -2.376810e-01 2.593212e+00
-3.622440e-01 -2.994330e-01 2.584990e+00
-2.834380e-01 -5.613780e-01 2.662424e+00
-3.227490e-01 -9.635340e-01 2.784117e+00
-2.952180e-01 -1.009179e+00 2.642170e+00
-1.667080e-01 5.300670e-01 2.581849e+00
-2.668100e-02 2.861950e-01 2.733441e+00
-2.073090e-01 1.485820e-01 2.736624e+00
-1.515000e-02 -2.677500e-02 2.664030e+00
-3.910430e-01 4.186100e-02 2.650766e+00
-3.684680e-01 -2.242980e-01 2.574102e+00
-3.646850e-01 -2.872790e-01 2.572220e+00
-2.910820e-01 -5.582200e-01 2.661891e+00
-3.236010e-01 -9.623330e-01 2.779019e+00
-2.851430e-01 -1.006009e+00 2.639006e+00
-1.621100e-01 5.400420e-01 2.598447e+00
-2.422400e-02 2.849400e-01 2.719995e+00
-2.058140e-01 1.492560e-01 2.733732e+00
-1.536400e-02 -2.444800e-02 2.655236e+00
-3.918010e-01 4.436100e-02 2.644661e+00
-3.697990e-01 -2.234210e-01 2.578071e+00
-3.667490e-01 -2.845980e-01 2.562822e+00
-2.877060e-01 -5.588230e-01 2.660027e+00
-3.245280e-01 -9.605810e-01 2.783794e+00
-2.930640e-01 -1.006876e+00 2.642879e+00
-1.632660e-01 5.359920e-01 2.580868e+00
-2.423400e-02 2.895750e-01 2.706043e+00
-2.036130e-01 1.532050e-01 2.734334e+00
-1.478900e-02 -2.719400e-02 2.641570e+00
-3.922410e-01 5.018700e-02 2.647609e+00
-3.746980e-01 -2.109180e-01 2.576924e+00
-3.751040e-01 -2.728370e-01 2.564661e+00
-2.887700e-01 -5.573850e-01 2.663027e+00
-3.225370e-01 -9.608490e-01 2.782025e+00
-3.005970e-01 -1.004978e+00 2.638633e+00
-1.467330e-01 5.462760e-01 2.604775e+00
-2.325300e-02 2.919020e-01 2.692082e+00
-1.995320e-01 1.525910e-01 2.725132e+00
-1.436300e-02 -2.827200e-02 2.629987e+00
-3.913270e-01 5.057600e-02 2.650806e+00
-3.798320e-01 -2.096770e-01 2.584234e+00
-3.779630e-01 -2.725780e-01 2.579280e+00
-2.873620e-01 -5.552970e-01 2.662211e+00
-3.219830e-01 -9.589040e-01 2.780477e+00
-3.022060e-01 -1.002737e+00 2.636679e+00
-1.443460e-01 5.437830e-01 2.609323e+00
-2.003800e-02 2.960100e-01 2.687196e+00
-1.945550e-01 1.543780e-01 2.719731e+00
-1.257000e-02 -2.990200e-02 2.628047e+00
-3.890000e-01 5.475600e-02 2.651129e+00
-3.838030e-01 -2.032230e-01 2.592327e+00
-3.839020e-01 -2.653660e-01 2.581251e+00
-2.891550e-01 -5.506760e-01 2.666906e+00
-3.211540e-01 -9.547810e-01 2.784206e+00
-2.998090e-01 -9.981850e-01 2.640503e+00
-1.419490e-01 5.442260e-01 2.607075e+00
-1.690800e-02 2.960350e-01 2.673258e+00
-1.920560e-01 1.571770e-01 2.713457e+00
-1.122700e-02 -3.030400e-02 2.621627e+00
-3.888300e-01 6.223400e-02 2.649501e+00
-3.855420e-01 -1.952910e-01 2.605863e+00
-3.912240e-01 -2.573700e-01 2.595941e+00
-2.902240e-01 -5.491880e-01 2.667816e+00
-3.226250e-01 -9.541370e-01 2.782055e+00
-3.047900e-01 -9.963390e-01 2.637517e+00
-1.455720e-01 5.532360e-01 2.591081e+00
-7.349000e-03 3.001690e-01 2.646359e+00
-1.768540e-01 1.624010e-01 2.699662e+00
-4.802000e-03 -3.547000e-02 2.603063e+00
-3.815530e-01 6.301600e-02 2.649962e+00
-3.866590e-01 -1.996570e-01 2.609698e+00
-3.872190e-01 -2.620730e-01 2.600293e+00
-2.913780e-01 -5.433170e-01 2.674576e+00
-3.215620e-01 -9.504560e-01 2.781396e+00
-3.153060e-01 -9.893360e-01 2.634975e+00
-1.441100e-01 5.608680e-01 2.589907e+00
-1.044000e-03 3.063820e-01 2.610691e+00
-1.542410e-01 1.670080e-01 2.690579e+00
-1.274000e-03 -3.673100e-02 2.579137e+00
-3.728230e-01 5.766800e-02 2.654103e+00
-3.822990e-01 -2.073360e-01 2.612589e+00
-3.829960e-01 -2.600560e-01 2.577882e+00
-2.954130e-01 -5.418440e-01 2.682908e+00
-3.206520e-01 -9.520750e-01 2.778601e+00
-3.342830e-01 -9.855840e-01 2.631355e+00
-1.276190e-01 5.635630e-01 2.573040e+00
5.942000e-03 3.212990e-01 2.586739e+00
-1.314560e-01 1.775070e-01 2.682379e+00
-4.583000e-03 -2.777900e-02 2.549704e+00
-3.609590e-01 6.572900e-02 2.654157e+00
-3.679580e-01 -2.025400e-01 2.618555e+00
-3.766350e-01 -2.647120e-01 2.611937e+00
-2.933970e-01 -5.326400e-01 2.684104e+00
-3.197280e-01 -9.450270e-01 2.769703e+00
-3.615440e-01 -9.720830e-01 2.626492e+00
-1.106870e-01 5.686080e-01 2.583356e+00
1.099100e-02 3.140730e-01 2.546021e+00
-1.077920e-01 1.793320e-01 2.674162e+00
-4.899000e-03 -3.958500e-02 2.524637e+00
-3.369790e-01 6.683100e-02 2.671317e+00
-3.490220e-01 -2.029900e-01 2.628044e+00
-3.605580e-01 -2.650490e-01 2.627820e+00
-2.860690e-01 -5.303530e-01 2.684693e+00
-3.107630e-01 -9.440180e-01 2.764415e+00
-3.787520e-01 -9.657410e-01 2.630640e+00
-8.864000e-02 5.591640e-01 2.557110e+00
2.678300e-02 3.105210e-01 2.544279e+00
-9.399100e-02 1.752710e-01 2.672609e+00
4.096000e-03 -4.424100e-02 2.521708e+00
-3.295420e-01 6.030200e-02 2.673710e+00
-3.426560e-01 -2.124640e-01 2.632460e+00
-3.516340e-01 -2.742860e-01 2.623411e+00
-2.779390e-01 -5.321590e-01 2.684587e+00
-3.077430e-01 -9.454000e-01 2.764757e+00
-3.748970e-01 -9.666070e-01 2.630479e+00
-7.632300e-02 5.572170e-01 2.543545e+00
4.599600e-02 3.101910e-01 2.550788e+00
-8.545700e-02 1.758330e-01 2.673678e+00
1.569900e-02 -4.096300e-02 2.528572e+00
-3.244240e-01 6.509900e-02 2.672325e+00
-3.419360e-01 -2.079900e-01 2.636647e+00
-3.457510e-01 -2.709810e-01 2.638095e+00
-2.717070e-01 -5.323240e-01 2.681874e+00
-3.086040e-01 -9.440960e-01 2.766527e+00
-3.694760e-01 -9.668060e-01 2.629527e+00
-6.327600e-02 5.566480e-01 2.535505e+00
7.479500e-02 2.991760e-01 2.566331e+00
-8.088600e-02 1.731180e-01 2.672102e+00
4.145800e-02 -4.505200e-02 2.559291e+00
-3.181890e-01 7.393700e-02 2.659711e+00
-3.385760e-01 -1.957580e-01 2.622635e+00
-3.486930e-01 -2.578530e-01 2.617498e+00
-2.656130e-01 -5.330510e-01 2.680516e+00
-3.078990e-01 -9.433530e-01 2.769671e+00
-3.392550e-01 -9.717590e-01 2.624069e+00
-5.061800e-02 5.578880e-01 2.518041e+00
8.514200e-02 2.988400e-01 2.576713e+00
-7.634400e-02 1.697050e-01 2.670630e+00
4.142200e-02 -3.666500e-02 2.559281e+00
-3.170520e-01 7.036300e-02 2.655758e+00
-3.366510e-01 -2.004110e-01 2.626151e+00
-3.405360e-01 -2.596150e-01 2.604604e+00
-2.639510e-01 -5.351580e-01 2.680080e+00
-3.061910e-01 -9.437150e-01 2.776939e+00
-3.360300e-01 -9.750800e-01 2.631625e+00
-4.714000e-02 5.539780e-01 2.514744e+00
8.656100e-02 2.999240e-01 2.580464e+00
-7.531000e-02 1.701510e-01 2.672826e+00
4.517800e-02 -3.512200e-02 2.561965e+00
-3.162140e-01 6.727400e-02 2.655443e+00
-3.340170e-01 -2.033590e-01 2.622761e+00
-3.347370e-01 -2.657630e-01 2.613285e+00
-2.642360e-01 -5.363330e-01 2.678149e+00
-3.055650e-01 -9.438980e-01 2.779474e+00
-3.309660e-01 -9.775320e-01 2.633825e+00
-9.344800e-02 5.542700e-01 2.513745e+00
8.365200e-02 2.978140e-01 2.588594e+00
-8.024000e-02 1.666260e-01 2.675214e+00
4.434700e-02 -3.714700e-02 2.562847e+00
-3.197310e-01 6.222100e-02 2.653424e+00
-3.348980e-01 -2.075480e-01 2.612361e+00
-3.353130e-01 -2.673010e-01 2.592017e+00
-2.637530e-01 -5.401330e-01 2.674253e+00
-3.064690e-01 -9.468140e-01 2.778514e+00
-3.265890e-01 -9.821490e-01 2.632442e+00
-7.811500e-02 5.515400e-01 2.510724e+00
8.095900e-02 2.978530e-01 2.601339e+00
-8.918200e-02 3.627670e-01 2.522117e+00
-8.686400e-02 1.656380e-01 2.678340e+00
-2.838240e-01 -2.207900e-02 2.589731e+00
4.314500e-02 -3.458100e-02 2.566713e+00
-1.119950e-01 -1.583600e-02 2.689960e+00
-3.217230e-01 6.267200e-02 2.653136e+00
2.011920e-01 3.120780e-01 2.371027e+00
-3.362910e-01 -2.076190e-01 2.614933e+00
1.593100e-01 4.252200e-01 2.125724e+00
-3.359020e-01 -2.657290e-01 2.590283e+00
1.436390e-01 4.624590e-01 2.077224e+00
-2.645190e-01 -5.397530e-01 2.671440e+00
-2.511100e-02 -5.495580e-01 2.664448e+00
-3.076230e-01 -9.455850e-01 2.778802e+00
3.714600e-02 -9.486300e-01 2.786716e+00
-3.219100e-01 -9.827700e-01 2.632504e+00
2.484300e-02 -9.946520e-01 2.642769e+00
-8.745900e-02 5.493840e-01 2.520149e+00
-2.555910e-01 3.142340e-01 2.622354e+00
7.771000e-02 2.984890e-01 2.607571e+00
-9.024500e-02 3.639330e-01 2.524227e+00
-9.254400e-02 1.676280e-01 2.681484e+00
-2.867330e-01 -2.399700e-02 2.585360e+00
4.086700e-02 -3.135600e-02 2.570550e+00
-1.176250e-01 -1.699400e-02 2.690065e+00
-3.247790e-01 6.553700e-02 2.655455e+00
2.173600e-01 3.108570e-01 2.388305e+00
-3.377430e-01 -2.015840e-01 2.598528e+00
1.656260e-01 4.449720e-01 2.155711e+00
-3.410540e-01 -2.642930e-01 2.592116e+00
1.471780e-01 4.784180e-01 2.105457e+00
-2.665890e-01 -5.405990e-01 2.666969e+00
-2.916900e-02 -5.488550e-01 2.660326e+00
-3.067130e-01 -9.456050e-01 2.778522e+00
3.504000e-02 -9.461120e-01 2.787404e+00
-3.174300e-01 -9.847800e-01 2.632438e+00
2.627800e-02 -9.935150e-01 2.643646e+00
-8.639500e-02 5.512350e-01 2.517442e+00
-2.633200e-01 3.097800e-01 2.628665e+00
7.009100e-02 3.011570e-01 2.610806e+00
-9.988300e-02 3.646960e-01 2.530123e+00
-9.681200e-02 1.654640e-01 2.683640e+00
-2.907230e-01 -2.883900e-02 2.580468e+00
3.726900e-02 -2.858000e-02 2.576424e+00
-1.253450e-01 -2.172100e-02 2.690964e+00
-3.300290e-01 6.072100e-02 2.647463e+00
2.428290e-01 3.154920e-01 2.418998e+00
-3.362460e-01 -2.041770e-01 2.587784e+00
1.663060e-01 4.740390e-01 2.212169e+00
-3.438570e-01 -2.655460e-01 2.575118e+00
1.593400e-01 5.142690e-01 2.164029e+00
-2.655910e-01 -5.444920e-01 2.660477e+00
-3.103400e-02 -5.492840e-01 2.655655e+00
-3.095210e-01 -9.465550e-01 2.780890e+00
3.263500e-02 -9.450140e-01 2.787669e+00
-3.150360e-01 -9.894740e-01 2.635571e+00
2.908600e-02 -9.934960e-01 2.644048e+00
-1.018710e-01 5.512290e-01 2.530626e+00
-2.758370e-01 3.082950e-01 2.625598e+00
5.734100e-02 3.016430e-01 2.611363e+00
-1.117420e-01 3.626770e-01 2.527856e+00
-1.089670e-01 1.660390e-01 2.684689e+00
-2.910350e-01 -2.732100e-02 2.576812e+00
3.693200e-02 -3.201800e-02 2.573579e+00
-1.258300e-01 -2.180900e-02 2.687658e+00
-3.336790e-01 5.880300e-02 2.649858e+00
2.558140e-01 3.218590e-01 2.448941e+00
-3.386250e-01 -2.022880e-01 2.580163e+00
1.700960e-01 4.911200e-01 2.256449e+00
-3.461240e-01 -2.649400e-01 2.578437e+00
1.606190e-01 5.394180e-01 2.216928e+00
-2.672000e-01 -5.439580e-01 2.659613e+00
-3.134800e-02 -5.508420e-01 2.655598e+00
-3.081630e-01 -9.458930e-01 2.781491e+00
3.329100e-02 -9.468610e-01 2.786269e+00
-3.138060e-01 -9.893340e-01 2.636332e+00
2.992200e-02 -9.948550e-01 2.642480e+00
-1.176980e-01 5.536360e-01 2.535161e+00
-2.795050e-01 3.077080e-01 2.621443e+00
5.345900e-02 3.011080e-01 2.617394e+00
-1.124850e-01 3.629740e-01 2.529313e+00
-1.145280e-01 1.648480e-01 2.684272e+00
-2.925020e-01 -3.113800e-02 2.565221e+00
3.494900e-02 -3.087600e-02 2.584478e+00
-1.353870e-01 -2.366100e-02 2.687159e+00
-3.364840e-01 5.744700e-02 2.644549e+00
2.685360e-01 3.275420e-01 2.477917e+00
-3.382910e-01 -2.032420e-01 2.571466e+00
1.802510e-01 5.146230e-01 2.303246e+00
-3.459460e-01 -2.656130e-01 2.577448e+00
1.644990e-01 5.658800e-01 2.269942e+00
-2.666640e-01 -5.453390e-01 2.661122e+00
-3.254700e-02 -5.520200e-01 2.654177e+00
-3.094460e-01 -9.471790e-01 2.782687e+00
3.260000e-02 -9.468770e-01 2.788072e+00
-3.038490e-01 -9.915990e-01 2.637823e+00
3.914900e-02 -9.945530e-01 2.644287e+00
-1.025270e-01 5.559520e-01 2.530103e+00
-2.877980e-01 3.053570e-01 2.614250e+00
4.339300e-02 3.015170e-01 2.619214e+00
-1.187970e-01 3.629270e-01 2.527288e+00
-1.234040e-01 1.631920e-01 2.680112e+00
-2.910400e-01 -3.129800e-02 2.558306e+00
3.562500e-02 -3.308400e-02 2.587997e+00
-1.378460e-01 -2.439500e-02 2.685167e+00
-3.401890e-01 5.130200e-02 2.643440e+00
2.762560e-01 3.534990e-01 2.513321e+00
-3.388050e-01 -2.119300e-01 2.566499e+00
1.852040e-01 5.635130e-01 2.362268e+00
-3.466350e-01 -2.745610e-01 2.567199e+00
1.805380e-01 6.262220e-01 2.356772e+00
-2.655860e-01 -5.450640e-01 2.662751e+00
-2.922500e-02 -5.532620e-01 2.656286e+00
-3.123640e-01 -9.470800e-01 2.782244e+00
3.231700e-02 -9.499290e-01 2.786486e+00
-3.015490e-01 -9.913250e-01 2.637622e+00
4.422200e-02 -9.953990e-01 2.642331e+00
-1.077090e-01 5.612480e-01 2.554125e+00
-2.877050e-01 3.053070e-01 2.604618e+00
4.191400e-02 3.011360e-01 2.622879e+00
-1.152650e-01 3.623640e-01 2.524324e+00
-1.262760e-01 1.632110e-01 2.677580e+00
-2.883450e-01 -3.053100e-02 2.554276e+00
3.787800e-02 -3.235600e-02 2.588477e+00
-1.369070e-01 -2.287500e-02 2.683185e+00
-3.393790e-01 5.020800e-02 2.637427e+00
2.780140e-01 3.683310e-01 2.530337e+00
-3.368940e-01 -2.159490e-01 2.565875e+00
2.056780e-01 5.996380e-01 2.399075e+00
-3.395190e-01 -2.789190e-01 2.562342e+00
1.897930e-01 6.602000e-01 2.407100e+00
-2.656710e-01 -5.429030e-01 2.665114e+00
-3.013600e-02 -5.525400e-01 2.656676e+00
-3.134060e-01 -9.453050e-01 2.782919e+00
3.359200e-02 -9.543940e-01 2.768641e+00
-3.002700e-01 -9.891790e-01 2.638376e+00
4.731700e-02 -9.928990e-01 2.622630e+00
-1.082160e-01 5.635290e-01 2.557256e+00
-2.905290e-01 3.098570e-01 2.605703e+00
3.740200e-02 3.005940e-01 2.613228e+00
-1.199030e-01 3.650030e-01 2.520360e+00
-1.290460e-01 1.646980e-01 2.672230e+00
-2.892470e-01 -2.963400e-02 2.568471e+00
3.866200e-02 -3.039400e-02 2.576852e+00
-1.281430e-01 -2.086500e-02 2.684996e+00
-3.375540e-01 5.253000e-02 2.634040e+00
2.747630e-01 3.882040e-01 2.541009e+00
-3.351970e-01 -2.156800e-01 2.567146e+00
2.463220e-01 6.255920e-01 2.402246e+00
-3.369960e-01 -2.783540e-01 2.559848e+00
2.391170e-01 6.876260e-01 2.411435e+00
-2.668110e-01 -5.418710e-01 2.670448e+00
-2.920700e-02 -5.498070e-01 2.659026e+00
-3.130070e-01 -9.460970e-01 2.782478e+00
3.199800e-02 -9.517980e-01 2.771901e+00
-3.112890e-01 -9.867730e-01 2.636420e+00
3.445400e-02 -9.924360e-01 2.625844e+00
-9.795500e-02 5.665060e-01 2.560568e+00
-2.854340e-01 3.155060e-01 2.611427e+00
3.919200e-02 3.057900e-01 2.595624e+00
-1.213440e-01 3.689830e-01 2.513179e+00
-1.197110e-01 1.710670e-01 2.668412e+00
-2.827480e-01 -2.228800e-02 2.581271e+00
4.504900e-02 -3.117700e-02 2.573215e+00
-1.157710e-01 -1.479100e-02 2.689310e+00
-3.323650e-01 5.727900e-02 2.638070e+00
2.592750e-01 4.285010e-01 2.517529e+00
-3.299630e-01 -2.125110e-01 2.574633e+00
3.518080e-01 6.539880e-01 2.385582e+00
-3.238600e-01 -2.740340e-01 2.561899e+00
3.575950e-01 7.165220e-01 2.391948e+00
-2.639290e-01 -5.374860e-01 2.674242e+00
-2.587900e-02 -5.468300e-01 2.669298e+00
-3.124770e-01 -9.433870e-01 2.778986e+00
3.368900e-02 -9.475710e-01 2.787374e+00
-3.189050e-01 -9.805180e-01 2.632118e+00
2.815200e-02 -9.911530e-01 2.642252e+00
-1.009890e-01 5.711980e-01 2.548171e+00
-2.731750e-01 3.228570e-01 2.626910e+00
4.756300e-02 3.179780e-01 2.581960e+00
-1.193300e-01 3.799520e-01 2.515061e+00
-1.011280e-01 1.800440e-01 2.666640e+00
-2.770060e-01 -8.448000e-03 2.607298e+00
4.705000e-02 -2.609300e-02 2.559643e+00
-9.806700e-02 -6.266000e-03 2.694394e+00
-3.237480e-01 6.304800e-02 2.640377e+00
2.377110e-01 4.598530e-01 2.463831e+00
-3.327430e-01 -2.129640e-01 2.604799e+00
4.228120e-01 6.400000e-01 2.359838e+00
-3.185790e-01 -2.590330e-01 2.564037e+00
4.564250e-01 6.926230e-01 2.350592e+00
-2.658150e-01 -5.274660e-01 2.675523e+00
-2.521000e-02 -5.373950e-01 2.676491e+00
-3.086020e-01 -9.349180e-01 2.776698e+00
3.830800e-02 -9.406850e-01 2.783293e+00
-3.348890e-01 -9.682990e-01 2.631148e+00
1.379900e-02 -9.825860e-01 2.639649e+00
-8.867000e-02 5.745430e-01 2.555936e+00
-2.660100e-01 3.209580e-01 2.643279e+00
4.838700e-02 3.267410e-01 2.559725e+00
-1.290990e-01 3.803380e-01 2.512254e+00
-8.476500e-02 1.859550e-01 2.665618e+00
-2.733300e-01 -2.460000e-04 2.634783e+00
4.129000e-02 -2.929700e-02 2.546665e+00
-8.476500e-02 -2.861000e-03 2.698391e+00
-3.207050e-01 6.210900e-02 2.648452e+00
2.328880e-01 4.548270e-01 2.419816e+00
-3.247950e-01 -2.121320e-01 2.603024e+00
4.441220e-01 6.050520e-01 2.319312e+00
-3.172780e-01 -2.695970e-01 2.578007e+00
5.014240e-01 6.301310e-01 2.310825e+00
-2.622150e-01 -5.255200e-01 2.671769e+00
-2.303600e-02 -5.348660e-01 2.685066e+00
-3.071090e-01 -9.339390e-01 2.768009e+00
4.245000e-02 -9.405100e-01 2.781237e+00
-3.520840e-01 -9.624480e-01 2.626042e+00
-1.335000e-03 -9.806530e-01 2.641732e+00
-7.703700e-02 5.741350e-01 2.561285e+00
-2.623140e-01 3.215250e-01 2.645281e+00
5.838800e-02 3.164950e-01 2.573092e+00
-1.183770e-01 3.771830e-01 2.520291e+00
-8.712700e-02 1.796730e-01 2.672881e+00
-2.722760e-01 -3.589000e-03 2.623117e+00
4.854900e-02 -2.915800e-02 2.559776e+00
-8.900400e-02 -2.500000e-05 2.700631e+00
-3.174290e-01 6.312500e-02 2.649762e+00
2.311170e-01 4.019810e-01 2.392300e+00
-3.215420e-01 -2.122940e-01 2.615065e+00
4.090960e-01 5.372200e-01 2.227649e+00
-3.162910e-01 -2.686450e-01 2.587110e+00
4.395100e-01 5.670910e-01 2.181095e+00
-2.571750e-01 -5.272950e-01 2.672914e+00
-1.243200e-02 -5.364240e-01 2.687404e+00
-3.052440e-01 -9.361990e-01 2.765491e+00
4.567900e-02 -9.437120e-01 2.781338e+00
-3.384820e-01 -9.651380e-01 2.620412e+00
1.412700e-02 -9.813010e-01 2.637875e+00
-6.273100e-02 5.629630e-01 2.554185e+00
-2.573310e-01 3.176330e-01 2.639476e+00
7.160500e-02 3.176460e-01 2.591098e+00
-1.050810e-01 3.776700e-01 2.526988e+00
-8.299800e-02 1.770350e-01 2.677083e+00
-2.713720e-01 -8.181000e-03 2.611788e+00
5.363200e-02 -2.787400e-02 2.572048e+00
-9.439000e-02 -2.500000e-03 2.702644e+00
-3.170770e-01 6.133600e-02 2.651507e+00
2.300050e-01 3.644550e-01 2.385864e+00
-3.228800e-01 -2.123240e-01 2.610500e+00
3.581310e-01 5.038420e-01 2.183972e+00
-3.138720e-01 -2.741620e-01 2.601586e+00
3.769120e-01 5.274680e-01 2.128532e+00
-2.544460e-01 -5.297770e-01 2.674071e+00
-1.174300e-02 -5.385820e-01 2.685503e+00
-3.034980e-01 -9.358450e-01 2.777931e+00
4.135700e-02 -9.490090e-01 2.768051e+00
-3.261490e-01 -9.704210e-01 2.632049e+00
2.099200e-02 -9.811630e-01 2.621281e+00
-5.476700e-02 5.635590e-01 2.554814e+00
-2.577390e-01 3.149590e-01 2.635276e+00
7.283300e-02 3.105860e-01 2.597356e+00
-1.013900e-01 3.708250e-01 2.526319e+00
-8.617900e-02 1.735740e-01 2.681661e+00
-2.728220e-01 -1.838300e-02 2.600387e+00
5.472600e-02 -2.616900e-02 2.584697e+00
-1.033530e-01 -7.723000e-03 2.704197e+00
-3.184750e-01 5.982400e-02 2.650704e+00
2.250540e-01 3.506830e-01 2.387019e+00
-3.200730e-01 -2.116150e-01 2.600676e+00
3.164750e-01 4.842660e-01 2.163452e+00
-3.188430e-01 -2.703230e-01 2.577517e+00
3.313530e-01 5.182930e-01 2.112410e+00
-2.561020e-01 -5.355740e-01 2.675005e+00
-1.197400e-02 -5.421400e-01 2.682066e+00
-3.070500e-01 -9.411870e-01 2.779725e+00
3.522400e-02 -9.519090e-01 2.771206e+00
-3.181190e-01 -9.776840e-01 2.632975e+00
2.722500e-02 -9.849730e-01 2.623446e+00
-4.957600e-02 5.581850e-01 2.552295e+00
-2.581800e-01 3.155540e-01 2.646021e+00
7.227700e-02 3.070050e-01 2.602347e+00
-1.029570e-01 3.701330e-01 2.534823e+00
-8.779200e-02 1.715290e-01 2.688437e+00
-2.816570e-01 -2.730600e-02 2.606974e+00
4.510800e-02 -2.268200e-02 2.578715e+00
-1.088190e-01 -1.152700e-02 2.704380e+00
-3.205410e-01 6.551500e-02 2.652071e+00
2.347560e-01 3.325690e-01 2.403874e+00
-3.196970e-01 -1.996950e-01 2.597268e+00
2.707350e-01 4.845160e-01 2.182608e+00
-3.216850e-01 -2.582100e-01 2.573677e+00
2.834950e-01 5.129110e-01 2.127696e+00
-2.601360e-01 -5.414640e-01 2.676589e+00
-1.859500e-02 -5.424190e-01 2.677515e+00
-3.077630e-01 -9.485640e-01 2.777014e+00
4.208000e-02 -9.457450e-01 2.785822e+00
-3.236320e-01 -9.829270e-01 2.630190e+00
2.876400e-02 -9.867820e-01 2.640464e+00
-9.299100e-02 5.578610e-01 2.551309e+00
-2.650990e-01 3.159490e-01 2.652906e+00
6.607700e-02 3.081120e-01 2.610281e+00
-1.095960e-01 3.710860e-01 2.542376e+00
-9.458800e-02 1.721420e-01 2.695565e+00
-2.873270e-01 -2.725300e-02 2.609037e+00
3.933600e-02 -1.965500e-02 2.580255e+00
-1.143910e-01 -1.276600e-02 2.706470e+00
-3.234710e-01 6.822400e-02 2.656174e+00
2.393780e-01 3.282990e-01 2.424957e+00
-3.273140e-01 -1.939170e-01 2.603475e+00
2.629300e-01 4.858890e-01 2.210200e+00
-3.205630e-01 -2.444260e-01 2.566222e+00
2.649810e-01 5.159200e-01 2.154716e+00
-2.608690e-01 -5.416060e-01 2.676410e+00
-2.163300e-02 -5.409870e-01 2.673611e+00
-3.073140e-01 -9.478700e-01 2.780704e+00
3.873500e-02 -9.431640e-01 2.786274e+00
-3.231410e-01 -9.836650e-01 2.634217e+00
2.564300e-02 -9.857310e-01 2.641337e+00
-1.093760e-01 5.605810e-01 2.555807e+00
-2.727850e-01 3.123270e-01 2.657916e+00
5.791700e-02 3.077420e-01 2.613512e+00
-1.185540e-01 3.678400e-01 2.545803e+00
-1.003930e-01 1.710270e-01 2.701384e+00
-2.911730e-01 -2.779600e-02 2.612468e+00
3.539300e-02 -2.609900e-02 2.581708e+00
-1.173910e-01 -1.843500e-02 2.709018e+00
-3.300280e-01 6.665300e-02 2.655749e+00
2.489080e-01 3.256370e-01 2.449685e+00
-3.335340e-01 -1.937250e-01 2.606427e+00
2.524670e-01 4.861120e-01 2.238789e+00
-3.254100e-01 -2.486230e-01 2.576349e+00
2.622490e-01 5.151150e-01 2.183584e+00
-2.632970e-01 -5.447710e-01 2.676063e+00
-2.571700e-02 -5.459810e-01 2.674021e+00
-3.059160e-01 -9.510570e-01 2.781888e+00
3.391200e-02 -9.526540e-01 2.769652e+00
-3.230520e-01 -9.873460e-01 2.635671e+00
1.954500e-02 -9.891990e-01 2.623200e+00
-1.058980e-01 5.611270e-01 2.566021e+00
-2.850170e-01 3.121400e-01 2.658332e+00
4.804300e-02 3.070030e-01 2.633823e+00
-1.241310e-01 3.692360e-01 2.556873e+00
-1.160070e-01 1.692360e-01 2.709204e+00
-2.986750e-01 -3.233000e-02 2.603273e+00
2.911000e-02 -2.272300e-02 2.595555e+00
-1.323080e-01 -2.152500e-02 2.711970e+00
-3.406450e-01 6.300200e-02 2.658874e+00
2.542370e-01 3.147430e-01 2.483528e+00
-3.384380e-01 -1.978890e-01 2.596750e+00
2.618810e-01 4.827740e-01 2.274637e+00
-3.299510e-01 -2.551720e-01 2.571626e+00
2.699990e-01 5.185020e-01 2.223235e+00
-2.656140e-01 -5.474810e-01 2.673476e+00
-3.053700e-02 -5.462250e-01 2.671445e+00
-3.107630e-01 -9.521510e-01 2.784328e+00
3.473600e-02 -9.469850e-01 2.786402e+00
-3.166880e-01 -9.915640e-01 2.638035e+00
3.090200e-02 -9.893550e-01 2.640867e+00
-1.309280e-01 5.589470e-01 2.573448e+00
-2.914300e-01 3.143840e-01 2.657911e+00
4.222400e-02 3.045660e-01 2.646299e+00
-1.259120e-01 3.700000e-01 2.563312e+00
-1.265960e-01 1.685680e-01 2.713962e+00
-3.054200e-01 -3.540800e-02 2.603571e+00
2.216000e-02 -2.023000e-02 2.596106e+00
-1.393040e-01 -2.263900e-02 2.712439e+00
-3.428590e-01 6.590000e-02 2.657321e+00
2.561500e-01 3.025550e-01 2.509839e+00
-3.425990e-01 -1.947630e-01 2.601401e+00
2.611860e-01 4.691440e-01 2.301764e+00
-3.348720e-01 -2.505760e-01 2.572944e+00
2.730520e-01 4.944730e-01 2.245177e+00
-2.677680e-01 -5.487900e-01 2.677405e+00
-3.220400e-02 -5.447810e-01 2.672667e+00
-3.117610e-01 -9.550890e-01 2.782615e+00
2.850300e-02 -9.517390e-01 2.766390e+00
-3.163650e-01 -9.926140e-01 2.635779e+00
2.578300e-02 -9.861480e-01 2.618746e+00
-1.257890e-01 5.582010e-01 2.578611e+00
-3.015010e-01 3.101690e-01 2.657682e+00
3.243500e-02 3.036140e-01 2.657472e+00
-1.333780e-01 3.685750e-01 2.569583e+00
-1.372770e-01 1.651620e-01 2.717497e+00
-3.072680e-01 -3.782200e-02 2.603027e+00
2.027200e-02 -2.034300e-02 2.605528e+00
-1.445190e-01 -2.607500e-02 2.716976e+00
-3.514450e-01 5.788500e-02 2.660868e+00
2.572740e-01 2.797990e-01 2.534868e+00
-3.422610e-01 -2.014910e-01 2.585652e+00
2.730250e-01 4.537840e-01 2.328715e+00
-3.365230e-01 -2.607030e-01 2.564546e+00
2.785030e-01 4.862140e-01 2.274838e+00
-2.668490e-01 -5.507980e-01 2.679097e+00
-3.471600e-02 -5.466020e-01 2.671632e+00
-3.119120e-01 -9.560980e-01 2.787658e+00
2.828600e-02 -9.506720e-01 2.775756e+00
-3.116950e-01 -9.953510e-01 2.641203e+00
2.987000e-02 -9.882740e-01 2.628876e+00
-1.403590e-01 5.527730e-01 2.587015e+00
-3.141580e-01 3.021480e-01 2.657446e+00
1.957600e-02 3.051150e-01 2.670436e+00
-1.445020e-01 3.676420e-01 2.577662e+00
-1.482020e-01 1.603390e-01 2.720078e+00
-3.124330e-01 -3.843400e-02 2.600103e+00
1.475900e-02 -2.026100e-02 2.614590e+00
-1.538020e-01 -2.973900e-02 2.719980e+00
-3.584140e-01 4.813500e-02 2.657487e+00
2.521990e-01 2.380330e-01 2.581735e+00
-3.473340e-01 -2.116260e-01 2.581447e+00
2.829660e-01 3.942620e-01 2.362585e+00
-3.540500e-01 -2.742310e-01 2.576965e+00
2.939250e-01 4.378880e-01 2.318300e+00
-2.734990e-01 -5.510850e-01 2.677212e+00
-3.836200e-02 -5.469680e-01 2.673065e+00
-3.121520e-01 -9.573510e-01 2.784626e+00
2.922400e-02 -9.481400e-01 2.785213e+00
-3.066460e-01 -9.965710e-01 2.638265e+00
3.594400e-02 -9.878710e-01 2.639041e+00
-1.522410e-01 5.478190e-01 2.586786e+00
-3.221980e-01 3.038680e-01 2.659462e+00
1.105700e-02 3.000070e-01 2.681422e+00
-1.492350e-01 3.679910e-01 2.585909e+00
-1.607030e-01 1.573470e-01 2.722907e+00
-3.160420e-01 -3.965400e-02 2.594352e+00
1.047300e-02 -2.108800e-02 2.619603e+00
-1.614260e-01 -3.128300e-02 2.719386e+00
-3.624800e-01 5.083900e-02 2.661042e+00
2.348600e-01 1.911660e-01 2.620473e+00
-3.516710e-01 -2.094110e-01 2.593102e+00
2.923930e-01 3.428220e-01 2.405641e+00
-3.496770e-01 -2.669870e-01 2.567304e+00
3.054250e-01 3.813030e-01 2.357331e+00
-2.738690e-01 -5.514480e-01 2.681031e+00
-3.931600e-02 -5.477280e-01 2.674522e+00
-3.116340e-01 -9.581510e-01 2.787098e+00
3.585200e-02 -9.523630e-01 2.767814e+00
-3.003700e-01 -9.972880e-01 2.641044e+00
4.726800e-02 -9.843150e-01 2.620034e+00
-1.532440e-01 5.436010e-01 2.584772e+00
-3.279520e-01 3.020110e-01 2.662057e+00
4.991000e-03 2.985530e-01 2.688389e+00
-1.541630e-01 3.672580e-01 2.591500e+00
-1.670080e-01 1.551230e-01 2.726051e+00
-3.173730e-01 -4.000600e-02 2.593545e+00
8.933000e-03 -2.332100e-02 2.622541e+00
-1.640630e-01 -3.428900e-02 2.720325e+00
-3.641110e-01 4.675100e-02 2.657552e+00
2.084980e-01 1.449940e-01 2.649787e+00
-3.543100e-01 -2.159230e-01 2.592035e+00
3.040420e-01 2.742490e-01 2.431726e+00
-3.474680e-01 -2.740220e-01 2.568324e+00
3.255480e-01 2.835930e-01 2.373120e+00
-2.723990e-01 -5.528170e-01 2.679575e+00
-3.963200e-02 -5.498120e-01 2.671780e+00
-3.166400e-01 -9.581360e-01 2.788401e+00
2.846600e-02 -9.543620e-01 2.770706e+00
-3.036650e-01 -9.986300e-01 2.642861e+00
4.206700e-02 -9.880680e-01 2.623502e+00
-1.576520e-01 5.423940e-01 2.580438e+00
-3.377470e-01 3.055910e-01 2.660166e+00
-5.958000e-03 2.844990e-01 2.692224e+00
-1.595450e-01 3.607080e-01 2.592017e+00
-1.860410e-01 1.508980e-01 2.728208e+00
-3.207170e-01 -4.125700e-02 2.590536e+00
4.796000e-03 -3.023700e-02 2.629456e+00
-1.712370e-01 -3.884700e-02 2.721912e+00
-3.721670e-01 4.930000e-02 2.659885e+00
1.571570e-01 8.444200e-02 2.707739e+00
-3.651220e-01 -2.164410e-01 2.603822e+00
3.155760e-01 9.672300e-02 2.487369e+00
-3.508700e-01 -2.623070e-01 2.562863e+00
3.391850e-01 1.006150e-01 2.428957e+00
-2.772310e-01 -5.556660e-01 2.679230e+00
-4.199700e-02 -5.553720e-01 2.672455e+00
-3.112590e-01 -9.620510e-01 2.787751e+00
3.398600e-02 -9.591050e-01 2.768943e+00
-2.944990e-01 -1.002239e+00 2.642513e+00
5.146600e-02 -9.909950e-01 2.621744e+00
-1.576940e-01 5.328060e-01 2.567106e+00
-3.464010e-01 2.998940e-01 2.652189e+00
-1.621500e-02 2.857640e-01 2.700493e+00
-1.662980e-01 3.591890e-01 2.593154e+00
-1.949080e-01 1.481350e-01 2.726975e+00
-3.172140e-01 -4.052000e-02 2.584193e+00
6.607000e-03 -3.567900e-02 2.636261e+00
-1.731770e-01 -3.966100e-02 2.721534e+00
-3.742220e-01 4.187100e-02 2.660900e+00
1.150120e-01 6.265200e-02 2.721140e+00
-3.622060e-01 -2.220080e-01 2.592730e+00
3.000380e-01 -3.888200e-02 2.548281e+00
-3.497390e-01 -2.776070e-01 2.565567e+00
3.325580e-01 -5.875300e-02 2.497961e+00
-2.777720e-01 -5.562480e-01 2.678791e+00
-4.135000e-02 -5.595280e-01 2.673198e+00
-3.153740e-01 -9.625470e-01 2.786455e+00
3.230700e-02 -9.634640e-01 2.770638e+00
-2.930850e-01 -1.002887e+00 2.642004e+00
5.557400e-02 -9.945760e-01 2.624074e+00
-1.665840e-01 5.306490e-01 2.567156e+00
-3.486400e-01 2.972760e-01 2.652168e+00
-1.847200e-02 2.873530e-01 2.701634e+00
-1.690520e-01 3.583050e-01 2.593331e+00
-1.956200e-01 1.478030e-01 2.728436e+00
-3.130790e-01 -3.918300e-02 2.579841e+00
7.928000e-03 -3.640500e-02 2.647231e+00
-1.757090e-01 -4.054900e-02 2.723846e+00
-3.748570e-01 3.767900e-02 2.663137e+00
7.253200e-02 4.395700e-02 2.727605e+00
-3.600010e-01 -2.257830e-01 2.588018e+00
2.312700e-01 -1.506600e-01 2.617138e+00
-3.529250e-01 -2.849370e-01 2.567155e+00
2.653230e-01 -2.026770e-01 2.606225e+00
-2.785910e-01 -5.543470e-01 2.681165e+00
-3.888400e-02 -5.600220e-01 2.675367e+00
-3.154160e-01 -9.621380e-01 2.783316e+00
3.002200e-02 -9.655520e-01 2.769608e+00
-2.860080e-01 -1.000775e+00 2.639675e+00
6.054600e-02 -9.942310e-01 2.623882e+00
-1.630020e-01 5.315020e-01 2.568184e+00
-3.471920e-01 3.008630e-01 2.654408e+00
-1.693000e-02 2.786450e-01 2.699008e+00
-1.662930e-01 3.537690e-01 2.591840e+00
-1.989940e-01 1.466790e-01 2.730819e+00
-3.210480e-01 -4.411200e-02 2.593761e+00
2.876000e-03 -3.395800e-02 2.644410e+00
-1.763650e-01 -4.315800e-02 2.730420e+00
-3.776180e-01 3.524100e-02 2.659575e+00
2.996500e-02 1.607100e-02 2.718065e+00
-3.622470e-01 -2.381080e-01 2.596544e+00
1.103780e-01 -2.528480e-01 2.706027e+00
-3.408090e-01 -2.926610e-01 2.573117e+00
1.206000e-01 -3.134120e-01 2.720589e+00
-2.784870e-01 -5.596220e-01 2.679815e+00
-3.970300e-02 -5.594280e-01 2.675071e+00
-3.195410e-01 -9.651690e-01 2.789040e+00
3.032300e-02 -9.646300e-01 2.769897e+00
-2.977400e-01 -1.006245e+00 2.644722e+00
5.378800e-02 -9.949070e-01 2.623190e+00
-1.684000e-01 5.242790e-01 2.555248e+00
-3.478410e-01 2.981300e-01 2.657347e+00
-1.606700e-02 2.754150e-01 2.688420e+00
-1.695730e-01 3.477010e-01 2.585228e+00
-1.972040e-01 1.457720e-01 2.732645e+00
-3.285430e-01 -5.249100e-02 2.601241e+00
-2.929000e-03 -3.831800e-02 2.638246e+00
-1.784220e-01 -4.643700e-02 2.731766e+00
-3.801370e-01 3.024400e-02 2.659353e+00
2.039300e-02 1.034400e-02 2.723321e+00
-3.623080e-01 -2.428050e-01 2.585236e+00
5.034800e-02 -2.705090e-01 2.699012e+00
-3.584940e-01 -3.057460e-01 2.582351e+00
4.221900e-02 -3.323430e-01 2.708754e+00
-2.788780e-01 -5.681880e-01 2.681744e+00
-3.780700e-02 -5.635140e-01 2.679756e+00
-3.182010e-01 -9.754130e-01 2.785214e+00
2.995200e-02 -9.715460e-01 2.763436e+00
-3.019050e-01 -1.014012e+00 2.639493e+00
4.821700e-02 -9.988690e-01 2.615416e+00
-1.654030e-01 5.281870e-01 2.560884e+00
