-3.899760e-01 3.295940e-01 2.685086e+00
-1.635035e-01 3.106025e-01 2.656972e+00
6.296900e-02 2.916110e-01 2.628858e+00
-5.427050e-02 3.323420e-01 2.589567e+00
-1.715100e-01 3.730730e-01 2.550275e+00
-1.665885e-01 2.756130e-01 2.655757e+00
-1.616670e-01 1.781530e-01 2.761240e+00
-2.646255e-01 7.749150e-02 2.706524e+00
-3.675840e-01 -2.317000e-02 2.651808e+00
-1.628960e-01 -2.763250e-02 2.627258e+00
4.179200e-02 -3.209500e-02 2.602707e+00
-5.175050e-02 -2.987500e-02 2.688365e+00
-1.452930e-01 -2.765500e-02 2.774023e+00
-2.838015e-01 1.816200e-02 2.730113e+00
-4.223100e-01 6.397900e-02 2.686204e+00
-1.496890e-01 6.085250e-02 2.715194e+00
1.229320e-01 5.772600e-02 2.744184e+00
-1.424905e-01 -8.144750e-02 2.676099e+00
-4.079130e-01 -2.206210e-01 2.608013e+00
-1.731860e-01 -1.502655e-01 2.549010e+00
6.154100e-02 -7.991000e-02 2.490007e+00
-1.601815e-01 -1.907985e-01 2.563206e+00
-3.819040e-01 -3.016870e-01 2.636406e+00
-1.635695e-01 -2.348750e-01 2.555502e+00
5.476500e-02 -1.680630e-01 2.474597e+00
-1.031210e-01 -4.084850e-01 2.576769e+00
-2.610070e-01 -6.489070e-01 2.678941e+00
-1.367995e-01 -6.463400e-01 2.685916e+00
-1.259200e-02 -6.437730e-01 2.692892e+00
-1.343820e-01 -8.910675e-01 2.728983e+00
-2.561720e-01 -1.138362e+00 2.765074e+00
-1.364315e-01 -1.138534e+00 2.751527e+00
-1.669100e-02 -1.138706e+00 2.737980e+00
-1.506515e-01 -1.158023e+00 2.641580e+00
-2.846120e-01 -1.177340e+00 2.545180e+00
-1.625890e-01 -1.168080e+00 2.530105e+00
-4.056600e-02 -1.158819e+00 2.515030e+00
-7.779150e-02 -3.634190e-01 2.433911e+00
-1.150170e-01 4.319810e-01 2.352793e+00
-2.531970e-01 3.935535e-01 2.514951e+00
-3.913770e-01 3.551260e-01 2.677109e+00
-1.651845e-01 3.252530e-01 2.657474e+00
6.100800e-02 2.953800e-01 2.637839e+00
-5.283350e-02 3.403020e-01 2.593453e+00
-1.666750e-01 3.852240e-01 2.549067e+00
-1.698260e-01 2.904180e-01 2.657007e+00
-1.729770e-01 1.956120e-01 2.764947e+00
-2.745510e-01 8.476550e-02 2.704035e+00
-3.761250e-01 -2.608100e-02 2.643122e+00
-1.707670e-01 -2.448900e-02 2.624537e+00
3.459100e-02 -2.289700e-02 2.605953e+00
-6.143400e-02 -2.276950e-02 2.688848e+00
-1.574590e-01 -2.264200e-02 2.771743e+00
-2.907565e-01 3.385750e-02 2.732088e+00
-4.240540e-01 9.035700e-02 2.692433e+00
-1.520075e-01 7.494000e-02 2.720570e+00
1.200390e-01 5.952300e-02 2.748706e+00
-1.503530e-01 -6.764050e-02 2.682640e+00
-4.207450e-01 -1.948040e-01 2.616573e+00
-1.840260e-01 -1.210875e-01 2.549297e+00
5.269300e-02 -4.737100e-02 2.482021e+00
-1.535885e-01 -1.540430e-01 2.548253e+00
-3.598700e-01 -2.607150e-01 2.614484e+00
-1.610070e-01 -1.964910e-01 2.535734e+00
3.785600e-02 -1.322670e-01 2.456983e+00
-1.097025e-01 -3.898700e-01 2.570870e+00
-2.572610e-01 -6.474730e-01 2.684758e+00
-1.346415e-01 -6.424060e-01 2.689862e+00
-1.202200e-02 -6.373390e-01 2.694966e+00
-1.454315e-01 -8.903225e-01 2.703018e+00
-2.788410e-01 -1.143306e+00 2.711070e+00
-1.495515e-01 -1.138087e+00 2.721671e+00
-2.026200e-02 -1.132868e+00 2.732271e+00
-1.593710e-01 -1.143603e+00 2.609673e+00
-2.984800e-01 -1.154338e+00 2.487075e+00
-1.670875e-01 -1.151905e+00 2.497683e+00
-3.569500e-02 -1.149473e+00 2.508291e+00
-7.040300e-02 -3.501655e-01 2.434152e+00
-1.051110e-01 4.491420e-01 2.360013e+00
-2.489830e-01 3.985980e-01 2.517443e+00
-3.928550e-01 3.480540e-01 2.674873e+00
-1.665200e-01 3.174390e-01 2.658255e+00
5.981500e-02 2.868240e-01 2.641637e+00
-5.325750e-02 3.322280e-01 2.595799e+00
-1.663300e-01 3.776320e-01 2.549961e+00
-1.712745e-01 2.826205e-01 2.657654e+00
-1.762190e-01 1.876090e-01 2.765346e+00
-2.745675e-01 7.355300e-02 2.702146e+00
-3.729160e-01 -4.050300e-02 2.638945e+00
-1.674130e-01 -3.457200e-02 2.623036e+00
3.809000e-02 -2.864100e-02 2.607128e+00
-5.902050e-02 -2.949400e-02 2.688745e+00
-1.561310e-01 -3.034700e-02 2.770362e+00
-2.900980e-01 2.665250e-02 2.732194e+00
-4.240650e-01 8.365200e-02 2.694026e+00
-1.575405e-01 6.083800e-02 2.709456e+00
1.089840e-01 3.802400e-02 2.724886e+00
-1.502940e-01 -8.131050e-02 2.671189e+00
-4.095720e-01 -2.006450e-01 2.617492e+00
-1.768115e-01 -1.071560e-01 2.528529e+00
5.594900e-02 -1.366700e-02 2.439565e+00
-1.632705e-01 -1.483380e-01 2.540116e+00
-3.824900e-01 -2.830090e-01 2.640668e+00
-1.704510e-01 -1.881665e-01 2.520734e+00
4.158800e-02 -9.332400e-02 2.400799e+00
-1.079065e-01 -3.757875e-01 2.545816e+00
-2.574010e-01 -6.582510e-01 2.690833e+00
-1.343705e-01 -6.522705e-01 2.693898e+00
-1.134000e-02 -6.462900e-01 2.696962e+00
-1.470240e-01 -9.002240e-01 2.704438e+00
-2.827080e-01 -1.154158e+00 2.711914e+00
-1.526995e-01 -1.148456e+00 2.714497e+00
-2.269100e-02 -1.142753e+00 2.717080e+00
-1.606540e-01 -1.152819e+00 2.602301e+00
-2.986170e-01 -1.162885e+00 2.487521e+00
-1.668695e-01 -1.157227e+00 2.489997e+00
-3.512200e-02 -1.151570e+00 2.492472e+00
-6.661850e-02 -3.668050e-01 2.426017e+00
-9.811500e-02 4.179600e-01 2.359561e+00
-2.468280e-01 3.861865e-01 2.508434e+00
-3.955410e-01 3.544130e-01 2.657307e+00
-1.690705e-01 3.204730e-01 2.657647e+00
5.740000e-02 2.865330e-01 2.657986e+00
-5.136300e-02 3.328010e-01 2.603416e+00
-1.601260e-01 3.790690e-01 2.548846e+00
-1.742785e-01 2.857180e-01 2.657172e+00
-1.884310e-01 1.923670e-01 2.765499e+00
-2.778135e-01 7.745450e-02 2.694743e+00
-3.671960e-01 -3.745800e-02 2.623986e+00
-1.609945e-01 -3.748700e-02 2.623137e+00
4.520700e-02 -3.751600e-02 2.622289e+00
-5.758950e-02 -3.457100e-02 2.696563e+00
-1.603860e-01 -3.162600e-02 2.770838e+00
-2.917225e-01 2.967700e-02 2.729197e+00
-4.230590e-01 9.098000e-02 2.687556e+00
-1.687160e-01 6.310400e-02 2.714956e+00
8.562700e-02 3.522800e-02 2.742355e+00
-1.602935e-01 -8.160400e-02 2.689326e+00
-4.062140e-01 -1.984360e-01 2.636298e+00
-1.578860e-01 -5.232800e-02 2.545086e+00
9.044200e-02 9.378000e-02 2.453874e+00
-1.534365e-01 -7.612000e-02 2.507301e+00
-3.973150e-01 -2.460200e-01 2.560727e+00
-1.538665e-01 -8.078050e-02 2.462672e+00
8.958200e-02 8.445900e-02 2.364617e+00
-8.640350e-02 -2.868035e-01 2.527849e+00
-2.623890e-01 -6.580660e-01 2.691081e+00
-1.386895e-01 -6.555390e-01 2.695339e+00
-1.499000e-02 -6.530120e-01 2.699597e+00
-1.469640e-01 -9.035515e-01 2.708509e+00
-2.789380e-01 -1.154091e+00 2.717420e+00
-1.486915e-01 -1.151604e+00 2.723318e+00
-1.844500e-02 -1.149116e+00 2.729216e+00
-1.489270e-01 -1.157564e+00 2.610914e+00
-2.794090e-01 -1.166013e+00 2.492611e+00
-1.479515e-01 -1.164279e+00 2.498556e+00
-1.649400e-02 -1.162545e+00 2.504500e+00
-5.198100e-02 -3.659100e-01 2.432926e+00
-8.746800e-02 4.307250e-01 2.361351e+00
-2.446255e-01 3.917090e-01 2.507087e+00
-4.017830e-01 3.526930e-01 2.652824e+00
-1.753305e-01 3.190705e-01 2.658285e+00
5.112200e-02 2.854480e-01 2.663745e+00
-5.628800e-02 3.327240e-01 2.607388e+00
-1.636980e-01 3.800000e-01 2.551032e+00
-1.804565e-01 2.843265e-01 2.656932e+00
-1.972150e-01 1.886530e-01 2.762833e+00
-2.827705e-01 7.149050e-02 2.690606e+00
-3.683260e-01 -4.567200e-02 2.618378e+00
-1.621785e-01 -4.385900e-02 2.622825e+00
4.396900e-02 -4.204600e-02 2.627271e+00
-6.073100e-02 -3.904600e-02 2.698835e+00
-1.654310e-01 -3.604600e-02 2.770399e+00
-2.964140e-01 2.631600e-02 2.730989e+00
-4.273970e-01 8.867800e-02 2.691578e+00
-1.683180e-01 5.468000e-02 2.684551e+00
9.076100e-02 2.068200e-02 2.677524e+00
-1.620900e-01 -8.781150e-02 2.644961e+00
-4.149410e-01 -1.963050e-01 2.612398e+00
-1.279065e-01 2.217750e-02 2.551989e+00
1.591280e-01 2.406600e-01 2.491579e+00
-1.122380e-01 1.119000e-03 2.515593e+00
-3.836040e-01 -2.384220e-01 2.539607e+00
-1.054915e-01 1.943650e-02 2.475188e+00
1.726210e-01 2.772950e-01 2.410769e+00
-4.442350e-02 -1.939410e-01 2.550005e+00
-2.614680e-01 -6.651770e-01 2.689240e+00
-1.384475e-01 -6.620180e-01 2.694814e+00
-1.542700e-02 -6.588590e-01 2.700387e+00
-1.485070e-01 -9.099345e-01 2.708536e+00
-2.815870e-01 -1.161010e+00 2.716685e+00
-1.462995e-01 -1.158332e+00 2.715302e+00
-1.101200e-02 -1.155654e+00 2.713919e+00
-1.435160e-01 -1.164664e+00 2.602952e+00
-2.760200e-01 -1.173673e+00 2.491986e+00
-1.401355e-01 -1.167697e+00 2.490482e+00
-4.251000e-03 -1.161721e+00 2.488977e+00
-4.498300e-02 -3.845175e-01 2.425814e+00
-8.571500e-02 3.926860e-01 2.362651e+00
-2.304680e-01 3.929090e-01 2.505611e+00
-3.752210e-01 3.931320e-01 2.648571e+00
-1.479845e-01 3.668810e-01 2.659318e+00
7.925200e-02 3.406300e-01 2.670064e+00
-2.851250e-02 3.819810e-01 2.609857e+00
-1.362770e-01 4.233320e-01 2.549649e+00
-1.520235e-01 3.319680e-01 2.659439e+00
-1.677700e-01 2.406040e-01 2.769229e+00
-2.642345e-01 1.121415e-01 2.692700e+00
-3.606990e-01 -1.632100e-02 2.616171e+00
-1.546660e-01 -1.690100e-02 2.624525e+00
5.136700e-02 -1.748100e-02 2.632880e+00
-5.463050e-02 -1.362350e-02 2.702465e+00
-1.606280e-01 -9.766000e-03 2.772050e+00
-2.905310e-01 5.994650e-02 2.728820e+00
-4.204340e-01 1.296590e-01 2.685589e+00
-1.623220e-01 1.010315e-01 2.665440e+00
9.579000e-02 7.240400e-02 2.645292e+00
-1.616555e-01 -4.286000e-02 2.626701e+00
-4.191010e-01 -1.581240e-01 2.608109e+00
-1.281105e-01 7.649800e-02 2.544030e+00
1.628800e-01 3.111200e-01 2.479952e+00
-1.121100e-01 4.035700e-02 2.522784e+00
-3.871000e-01 -2.304060e-01 2.565616e+00
-1.231470e-01 6.818050e-02 2.489353e+00
1.408060e-01 3.667670e-01 2.413090e+00
-6.166400e-02 -1.350850e-01 2.550916e+00
-2.641340e-01 -6.369370e-01 2.688742e+00
-1.402635e-01 -6.358060e-01 2.692044e+00
-1.639300e-02 -6.346750e-01 2.695346e+00
-1.484990e-01 -8.839850e-01 2.701620e+00
-2.806050e-01 -1.133295e+00 2.707894e+00
-1.513965e-01 -1.131938e+00 2.717843e+00
-2.218800e-02 -1.130580e+00 2.727793e+00
-1.466205e-01 -1.136432e+00 2.605472e+00
-2.710530e-01 -1.142283e+00 2.483151e+00
-1.405735e-01 -1.143841e+00 2.493316e+00
-1.009400e-02 -1.145398e+00 2.503481e+00
-5.385300e-02 -3.589175e-01 2.426029e+00
-9.761200e-02 4.275630e-01 2.348576e+00
-2.442330e-01 3.686745e-01 2.497425e+00
-3.908540e-01 3.097860e-01 2.646274e+00
-1.620740e-01 3.134345e-01 2.655629e+00
6.670600e-02 3.170830e-01 2.664983e+00
-4.594850e-02 3.452865e-01 2.606148e+00
-1.586030e-01 3.734900e-01 2.547313e+00
-1.614850e-01 2.783010e-01 2.654923e+00
-1.643670e-01 1.831120e-01 2.762534e+00
-2.602770e-01 7.982650e-02 2.691879e+00
-3.561870e-01 -2.345900e-02 2.621223e+00
-1.500765e-01 -2.911050e-02 2.623727e+00
5.603400e-02 -3.476200e-02 2.626230e+00
-4.785900e-02 -2.977550e-02 2.698850e+00
-1.517520e-01 -2.478900e-02 2.771471e+00
-2.849950e-01 7.190000e-03 2.725226e+00
-4.182380e-01 3.916900e-02 2.678982e+00
-7.877550e-02 1.184770e-01 2.595837e+00
2.606870e-01 1.977850e-01 2.512692e+00
-6.734950e-02 -1.836550e-02 2.532381e+00
-3.953860e-01 -2.345160e-01 2.552071e+00
-1.346680e-01 1.155180e-01 2.511729e+00
1.260500e-01 4.655520e-01 2.471387e+00
-1.311730e-01 7.492900e-02 2.492917e+00
-3.883960e-01 -3.156940e-01 2.514447e+00
-1.344250e-01 1.179420e-01 2.480552e+00
1.195460e-01 5.515780e-01 2.446657e+00
-7.238850e-02 -4.791250e-02 2.566369e+00
-2.643230e-01 -6.474030e-01 2.686080e+00
-1.411255e-01 -6.478915e-01 2.692223e+00
-1.792800e-02 -6.483800e-01 2.698365e+00
-1.480420e-01 -8.938345e-01 2.727098e+00
-2.781560e-01 -1.139289e+00 2.755831e+00
-1.478100e-01 -1.141978e+00 2.740400e+00
-1.746400e-02 -1.144667e+00 2.724970e+00
-1.471845e-01 -1.157799e+00 2.628957e+00
-2.769050e-01 -1.170930e+00 2.532944e+00
-1.454500e-01 -1.163822e+00 2.516569e+00
-1.399500e-02 -1.156714e+00 2.500194e+00
-4.698350e-02 -3.506090e-01 2.430043e+00
-7.997200e-02 4.554960e-01 2.359892e+00
-2.343870e-01 3.770775e-01 2.507231e+00
-3.888020e-01 2.986590e-01 2.654571e+00
-1.600385e-01 2.982495e-01 2.644173e+00
6.872500e-02 2.978400e-01 2.633775e+00
-4.810700e-02 3.264050e-01 2.583952e+00
-1.649390e-01 3.549700e-01 2.534129e+00
-1.600855e-01 2.631050e-01 2.644521e+00
-1.552320e-01 1.712400e-01 2.754914e+00
-2.541815e-01 6.283500e-02 2.693726e+00
-3.531310e-01 -4.557000e-02 2.632538e+00
-1.472460e-01 -5.109350e-02 2.622505e+00
5.863900e-02 -5.661700e-02 2.612472e+00
-4.060000e-02 -4.966150e-02 2.691185e+00
-1.398390e-01 -4.270600e-02 2.769898e+00
-2.802335e-01 -8.952000e-03 2.718976e+00
-4.206280e-01 2.480200e-02 2.668054e+00
-6.290950e-02 1.527070e-01 2.572203e+00
2.948090e-01 2.806120e-01 2.476352e+00
-3.930450e-02 1.600250e-02 2.509077e+00
-3.734180e-01 -2.486070e-01 2.541802e+00
-1.392445e-01 1.305860e-01 2.519704e+00
9.492900e-02 5.097790e-01 2.497605e+00
-1.320320e-01 9.085850e-02 2.500125e+00
-3.589930e-01 -3.280620e-01 2.502644e+00
-1.305050e-01 1.356760e-01 2.498493e+00
9.798300e-02 5.994140e-01 2.494342e+00
-8.262200e-02 -3.478350e-02 2.593733e+00
-2.632270e-01 -6.689810e-01 2.693124e+00
-1.380020e-01 -6.687530e-01 2.699155e+00
-1.277700e-02 -6.685250e-01 2.705186e+00
-1.455485e-01 -9.167195e-01 2.713569e+00
-2.783200e-01 -1.164914e+00 2.721952e+00
-1.493815e-01 -1.165045e+00 2.722068e+00
-2.044300e-02 -1.165175e+00 2.722183e+00
-1.550475e-01 -1.171397e+00 2.609828e+00
-2.896520e-01 -1.177618e+00 2.497472e+00
-1.599400e-01 -1.175168e+00 2.497435e+00
-3.022800e-02 -1.172717e+00 2.497397e+00
-5.220650e-02 -3.405750e-01 2.433275e+00
-7.418500e-02 4.915670e-01 2.369152e+00
-2.284330e-01 4.022215e-01 2.519742e+00
-3.826810e-01 3.128760e-01 2.670332e+00
-1.581760e-01 2.991285e-01 2.648213e+00
6.632900e-02 2.853810e-01 2.626094e+00
-4.778750e-02 3.233885e-01 2.583607e+00
-1.619040e-01 3.613960e-01 2.541121e+00
-1.574835e-01 2.638995e-01 2.646592e+00
-1.530630e-01 1.664030e-01 2.752063e+00
-2.538570e-01 5.831000e-02 2.698787e+00
-3.546510e-01 -4.978300e-02 2.645512e+00
-1.501105e-01 -5.640050e-02 2.620232e+00
5.443000e-02 -6.301800e-02 2.594951e+00
-3.863250e-02 -5.458300e-02 2.680745e+00
-1.316950e-01 -4.614800e-02 2.766538e+00
-2.747955e-01 -2.491500e-03 2.715135e+00
-4.178960e-01 4.116500e-02 2.663732e+00
-6.960400e-02 1.972570e-01 2.565234e+00
2.786880e-01 3.533490e-01 2.466737e+00
-5.005850e-02 5.738650e-02 2.510877e+00
-3.788050e-01 -2.385760e-01 2.555017e+00
-1.575730e-01 1.622965e-01 2.529182e+00
6.365900e-02 5.631690e-01 2.503347e+00
-1.513785e-01 1.211580e-01 2.512365e+00
-3.664160e-01 -3.208530e-01 2.521382e+00
-1.588175e-01 1.654010e-01 2.511458e+00
4.878100e-02 6.516550e-01 2.501534e+00
-1.055880e-01 -1.174250e-02 2.593992e+00
-2.599570e-01 -6.751400e-01 2.686451e+00
-1.341500e-01 -6.732595e-01 2.698131e+00
-8.343000e-03 -6.713790e-01 2.709811e+00
-1.446670e-01 -9.210085e-01 2.714315e+00
-2.809910e-01 -1.170638e+00 2.718819e+00
-1.553715e-01 -1.169274e+00 2.715583e+00
-2.975200e-02 -1.167911e+00 2.712346e+00
-1.693480e-01 -1.175964e+00 2.604092e+00
-3.089440e-01 -1.184017e+00 2.495837e+00
-1.817465e-01 -1.176000e+00 2.492214e+00
-5.454900e-02 -1.167983e+00 2.488590e+00
-6.311900e-02 -3.242010e-01 2.440854e+00
-7.168900e-02 5.195810e-01 2.393118e+00
-2.300420e-01 4.295120e-01 2.541968e+00
-3.883950e-01 3.394430e-01 2.690817e+00
-1.727925e-01 3.044510e-01 2.651098e+00
4.281000e-02 2.694590e-01 2.611379e+00
-6.658050e-02 3.167355e-01 2.576827e+00
-1.759710e-01 3.640120e-01 2.542276e+00
-1.716570e-01 2.686605e-01 2.649694e+00
-1.673430e-01 1.733090e-01 2.757113e+00
-2.559230e-01 6.688400e-02 2.707205e+00
-3.445030e-01 -3.954100e-02 2.657296e+00
-1.423615e-01 -5.527450e-02 2.619732e+00
5.978000e-02 -7.100800e-02 2.582168e+00
-2.757700e-02 -6.020100e-02 2.673516e+00
-1.149340e-01 -4.939400e-02 2.764863e+00
-2.639640e-01 8.461500e-03 2.715348e+00
-4.129940e-01 6.631700e-02 2.665832e+00
-9.168700e-02 2.386885e-01 2.566359e+00
2.296200e-01 4.110600e-01 2.466886e+00
-7.053800e-02 9.663500e-02 2.516434e+00
-3.706960e-01 -2.177900e-01 2.565982e+00
-1.571590e-01 2.214810e-01 2.511032e+00
5.637800e-02 6.607520e-01 2.456082e+00
-1.506100e-01 1.797650e-01 2.495851e+00
-3.575980e-01 -3.012220e-01 2.535620e+00
-1.529000e-01 2.124230e-01 2.526541e+00
5.179800e-02 7.260680e-01 2.517461e+00
-1.008755e-01 2.758150e-02 2.601560e+00
-2.535490e-01 -6.709050e-01 2.685660e+00
-1.293640e-01 -6.717360e-01 2.696865e+00
-5.179000e-03 -6.725670e-01 2.708071e+00
-1.488830e-01 -9.188200e-01 2.714773e+00
-2.925870e-01 -1.165073e+00 2.721474e+00
-1.597350e-01 -1.167012e+00 2.720701e+00
-2.688300e-02 -1.168951e+00 2.719927e+00
-1.800645e-01 -1.173417e+00 2.610175e+00
-3.332460e-01 -1.177882e+00 2.500422e+00
-2.003895e-01 -1.175172e+00 2.499476e+00
-6.753300e-02 -1.172462e+00 2.498530e+00
-7.074100e-02 -3.281130e-01 2.445345e+00
-7.394900e-02 5.162360e-01 2.392160e+00
-2.242820e-01 4.319345e-01 2.534500e+00
-3.746150e-01 3.476330e-01 2.676840e+00
-1.605245e-01 3.084250e-01 2.639917e+00
5.356600e-02 2.692170e-01 2.602994e+00
-5.367450e-02 3.167680e-01 2.566015e+00
-1.609150e-01 3.643190e-01 2.529036e+00
-1.587115e-01 2.723745e-01 2.639448e+00
-1.565080e-01 1.804300e-01 2.749859e+00
-2.521680e-01 7.337550e-02 2.703612e+00
-3.478280e-01 -3.367900e-02 2.657365e+00
-1.451610e-01 -4.554350e-02 2.621239e+00
5.750600e-02 -5.740800e-02 2.585114e+00
-3.075900e-02 -4.965950e-02 2.675898e+00
-1.190240e-01 -4.191100e-02 2.766682e+00
-2.657595e-01 1.556600e-02 2.717855e+00
-4.124950e-01 7.304300e-02 2.669027e+00
-1.062735e-01 2.612725e-01 2.560239e+00
1.999480e-01 4.495020e-01 2.451450e+00
-9.077550e-02 1.179935e-01 2.508511e+00
-3.814990e-01 -2.135150e-01 2.565572e+00
-1.537445e-01 2.573035e-01 2.499998e+00
7.401000e-02 7.281220e-01 2.434424e+00
-1.490220e-01 2.153700e-01 2.484737e+00
-3.720540e-01 -2.973820e-01 2.535050e+00
-1.392740e-01 2.520635e-01 2.508656e+00
9.350600e-02 8.015090e-01 2.482263e+00
-8.326400e-02 6.910750e-02 2.578928e+00
-2.600340e-01 -6.632940e-01 2.675594e+00
-1.330100e-01 -6.627940e-01 2.689939e+00
-5.986000e-03 -6.622940e-01 2.704283e+00
-1.501260e-01 -9.088785e-01 2.719964e+00
-2.942660e-01 -1.155463e+00 2.735645e+00
-1.636075e-01 -1.156892e+00 2.727677e+00
-3.294900e-02 -1.158322e+00 2.719709e+00
-1.838865e-01 -1.168912e+00 2.617610e+00
-3.348240e-01 -1.179501e+00 2.515512e+00
-2.024220e-01 -1.171356e+00 2.506611e+00
-7.002000e-02 -1.163210e+00 2.497711e+00
-6.804200e-02 -3.174045e-01 2.444206e+00
-6.606400e-02 5.284010e-01 2.390701e+00
-2.148735e-01 4.652310e-01 2.541538e+00
-3.636830e-01 4.020610e-01 2.692376e+00
-1.647525e-01 3.358365e-01 2.634072e+00
3.417800e-02 2.696120e-01 2.575768e+00
-6.776000e-02 3.269835e-01 2.547688e+00
-1.696980e-01 3.843550e-01 2.519608e+00
-1.643190e-01 2.989080e-01 2.635016e+00
-1.589400e-01 2.134610e-01 2.750425e+00
-2.500200e-01 9.512950e-02 2.714143e+00
-3.411000e-01 -2.320200e-02 2.677861e+00
-1.448905e-01 -3.809050e-02 2.616217e+00
5.131900e-02 -5.297900e-02 2.554573e+00
-2.450500e-02 -4.356800e-02 2.655838e+00
-1.003290e-01 -3.415700e-02 2.757102e+00
-2.563190e-01 4.751300e-02 2.718662e+00
-4.123090e-01 1.291830e-01 2.680222e+00
-1.250315e-01 3.042750e-01 2.563620e+00
1.622460e-01 4.793670e-01 2.447019e+00
-1.093255e-01 1.594225e-01 2.516293e+00
-3.808970e-01 -1.605220e-01 2.585567e+00
-1.142085e-01 2.983440e-01 2.451906e+00
1.524800e-01 7.572100e-01 2.318246e+00
-1.267690e-01 2.654555e-01 2.424082e+00
-4.060180e-01 -2.262990e-01 2.529919e+00
-1.326590e-01 3.064180e-01 2.441431e+00
1.407000e-01 8.391350e-01 2.352943e+00
-5.721450e-02 9.219250e-02 2.516726e+00
-2.551290e-01 -6.547500e-01 2.680509e+00
-1.304935e-01 -6.541905e-01 2.690569e+00
-5.858000e-03 -6.536310e-01 2.700630e+00
-1.485015e-01 -9.013465e-01 2.709056e+00
-2.911450e-01 -1.149062e+00 2.717483e+00
-1.608455e-01 -1.149431e+00 2.716429e+00
-3.054600e-02 -1.149799e+00 2.715374e+00
-1.948475e-01 -1.154969e+00 2.609267e+00
-3.591490e-01 -1.160139e+00 2.503160e+00
-2.283440e-01 -1.156495e+00 2.501815e+00
-9.753900e-02 -1.152851e+00 2.500469e+00
-8.532150e-02 -3.106710e-01 2.431877e+00
-7.310400e-02 5.315090e-01 2.363285e+00
-2.134665e-01 4.734305e-01 2.543825e+00
-3.538290e-01 4.153520e-01 2.724366e+00
-1.789710e-01 3.249085e-01 2.640321e+00
-4.113000e-03 2.344650e-01 2.556277e+00
-9.794200e-02 3.030590e-01 2.540799e+00
-1.917710e-01 3.716530e-01 2.525320e+00
-1.802480e-01 2.867390e-01 2.640672e+00
-1.687250e-01 2.018250e-01 2.756024e+00
-2.539675e-01 8.903300e-02 2.729539e+00
-3.392100e-01 -2.375900e-02 2.703054e+00
-1.553215e-01 -3.978300e-02 2.611142e+00
2.856700e-02 -5.580700e-02 2.519229e+00
-3.016700e-02 -4.509500e-02 2.631158e+00
-8.890100e-02 -3.438300e-02 2.743086e+00
-2.504530e-01 5.507600e-02 2.708671e+00
-4.120050e-01 1.445350e-01 2.674255e+00
-1.552765e-01 3.134680e-01 2.574579e+00
1.014520e-01 4.824010e-01 2.474903e+00
-1.448470e-01 1.615735e-01 2.543304e+00
-3.911460e-01 -1.592540e-01 2.611705e+00
-1.100350e-01 2.785140e-01 2.447014e+00
1.710760e-01 7.162820e-01 2.282324e+00
-1.038790e-01 2.439250e-01 2.419099e+00
-3.788340e-01 -2.284320e-01 2.555873e+00
-1.044795e-01 2.848070e-01 2.400608e+00
1.698750e-01 7.980460e-01 2.245343e+00
-4.379100e-02 7.067800e-02 2.456748e+00
-2.574570e-01 -6.566900e-01 2.668153e+00
-1.309030e-01 -6.532370e-01 2.685053e+00
-4.349000e-03 -6.497840e-01 2.701954e+00
-1.509620e-01 -9.000060e-01 2.706379e+00
-2.975750e-01 -1.150228e+00 2.710804e+00
-1.611720e-01 -1.148000e+00 2.718503e+00
-2.476900e-02 -1.145771e+00 2.726203e+00
-2.101485e-01 -1.152767e+00 2.617267e+00
-3.955280e-01 -1.159764e+00 2.508331e+00
-2.606985e-01 -1.155602e+00 2.516734e+00
-1.258690e-01 -1.151440e+00 2.525137e+00
-9.967900e-02 -3.365230e-01 2.435769e+00
-7.348900e-02 4.783940e-01 2.346401e+00
-1.967270e-01 4.587905e-01 2.538091e+00
-3.199650e-01 4.391870e-01 2.729781e+00
-1.559445e-01 3.359955e-01 2.632267e+00
8.076000e-03 2.328040e-01 2.534752e+00
-8.636250e-02 3.058970e-01 2.526434e+00
-1.808010e-01 3.789900e-01 2.518117e+00
-1.607975e-01 2.993480e-01 2.636042e+00
-1.407940e-01 2.197060e-01 2.753966e+00
-2.408815e-01 1.043500e-01 2.739048e+00
-3.409690e-01 -1.100600e-02 2.724131e+00
-1.679655e-01 -3.584700e-02 2.614713e+00
5.038000e-03 -6.068800e-02 2.505295e+00
-4.173750e-02 -4.592250e-02 2.622284e+00
-8.851300e-02 -3.115700e-02 2.739273e+00
-2.436990e-01 6.992850e-02 2.713039e+00
-3.988850e-01 1.710140e-01 2.686805e+00
-1.645185e-01 3.369540e-01 2.582372e+00
6.984800e-02 5.028940e-01 2.477939e+00
-1.601100e-01 1.836115e-01 2.553126e+00
-3.900680e-01 -1.356710e-01 2.628313e+00
-1.120550e-01 2.709425e-01 2.432906e+00
1.659580e-01 6.775560e-01 2.237500e+00
-1.062555e-01 2.383580e-01 2.402604e+00
-3.784690e-01 -2.008400e-01 2.567709e+00
-9.939300e-02 2.685630e-01 2.370137e+00
1.796830e-01 7.379660e-01 2.172565e+00
-3.573500e-02 4.428850e-02 2.417835e+00
-2.511530e-01 -6.493890e-01 2.663106e+00
-1.253950e-01 -6.462320e-01 2.683603e+00
3.630000e-04 -6.430750e-01 2.704100e+00
-1.476740e-01 -8.917340e-01 2.714981e+00
-2.957110e-01 -1.140393e+00 2.725861e+00
-1.639165e-01 -1.139429e+00 2.726620e+00
-3.212200e-02 -1.138466e+00 2.727379e+00
-2.103155e-01 -1.148277e+00 2.624448e+00
-3.885090e-01 -1.158089e+00 2.521517e+00
-2.708295e-01 -1.148769e+00 2.529536e+00
-1.531500e-01 -1.139449e+00 2.537556e+00
-1.378770e-01 -3.276905e-01 2.427752e+00
-1.226040e-01 4.840680e-01 2.317949e+00
-2.448800e-01 4.263140e-01 2.520869e+00
-3.671560e-01 3.685600e-01 2.723788e+00
-1.730585e-01 3.052455e-01 2.649185e+00
2.103900e-02 2.419310e-01 2.574582e+00
-7.698750e-02 3.100325e-01 2.561461e+00
-1.750140e-01 3.781340e-01 2.548340e+00
-1.746835e-01 2.689995e-01 2.641822e+00
-1.743530e-01 1.598650e-01 2.735304e+00
-2.570915e-01 7.139700e-02 2.710175e+00
-3.398300e-01 -1.707100e-02 2.685046e+00
-1.465240e-01 -3.958550e-02 2.616887e+00
4.678200e-02 -6.210000e-02 2.548728e+00
-2.530350e-02 -5.093550e-02 2.652514e+00
-9.738900e-02 -3.977100e-02 2.756299e+00
-2.548485e-01 2.517500e-02 2.723394e+00
-4.123080e-01 9.012100e-02 2.690489e+00
-1.630450e-01 2.841215e-01 2.560701e+00
8.621800e-02 4.781220e-01 2.430913e+00
-1.456460e-01 1.346030e-01 2.516672e+00
-3.775100e-01 -2.089160e-01 2.602430e+00
-1.029370e-01 2.118685e-01 2.387045e+00
1.716360e-01 6.326530e-01 2.171659e+00
-1.211790e-01 1.900575e-01 2.352330e+00
-4.139940e-01 -2.525380e-01 2.533001e+00
-1.146450e-01 2.136730e-01 2.314737e+00
1.847040e-01 6.798840e-01 2.096473e+00
-3.256100e-02 1.280250e-02 2.379870e+00
-2.498260e-01 -6.542790e-01 2.663268e+00
-1.242150e-01 -6.551245e-01 2.678961e+00
1.396000e-03 -6.559700e-01 2.694655e+00
-1.350875e-01 -9.008695e-01 2.714222e+00
-2.715710e-01 -1.145769e+00 2.733790e+00
-1.489265e-01 -1.148003e+00 2.736268e+00
-2.628200e-02 -1.150236e+00 2.738746e+00
-1.778915e-01 -1.162195e+00 2.628426e+00
-3.295010e-01 -1.174154e+00 2.518106e+00
-2.148330e-01 -1.169588e+00 2.522355e+00
-1.001650e-01 -1.165022e+00 2.526605e+00
-8.480450e-02 -3.426580e-01 2.451348e+00
-6.944400e-02 4.797060e-01 2.376092e+00
-2.080725e-01 4.458165e-01 2.543130e+00
-3.467010e-01 4.119270e-01 2.710167e+00
3.516000e-02 2.698320e-01 2.538743e+00
-1.777460e-01 3.912820e-01 2.513139e+00
-1.401270e-01 2.187920e-01 2.739919e+00
-3.369410e-01 -1.693300e-02 2.700718e+00
3.514600e-02 -5.113500e-02 2.526190e+00
-8.797200e-02 -3.190500e-02 2.747192e+00
-4.022970e-01 1.307820e-01 2.706915e+00
1.723030e-01 3.951130e-01 2.320476e+00
-3.786390e-01 -1.708870e-01 2.614093e+00
1.801320e-01 5.526330e-01 2.046057e+00
-3.606430e-01 -2.480490e-01 2.656242e+00
1.356760e-01 6.160660e-01 2.000732e+00
-2.466170e-01 -6.510470e-01 2.668647e+00
2.433000e-03 -6.458200e-01 2.695472e+00
-2.909480e-01 -1.143142e+00 2.722366e+00
-2.726600e-02 -1.141497e+00 2.716230e+00
-3.760250e-01 -1.158172e+00 2.514478e+00
-1.218680e-01 -1.144383e+00 2.511967e+00
9.669100e-02 4.470760e-01 2.409849e+00
-3.264840e-01 3.990960e-01 2.718391e+00
9.140100e-02 3.175460e-01 2.556079e+00
-1.439720e-01 4.216590e-01 2.534075e+00
-1.022680e-01 2.255440e-01 2.739980e+00
-3.364810e-01 -1.034900e-02 2.685004e+00
4.752800e-02 -3.357100e-02 2.536422e+00
-9.106100e-02 -2.048800e-02 2.748534e+00
-3.921650e-01 1.205390e-01 2.724045e+00
2.016400e-01 3.105610e-01 2.291998e+00
-3.896750e-01 -1.818600e-01 2.631958e+00
1.095500e-01 4.887560e-01 2.047669e+00
-3.688200e-01 -2.532200e-01 2.682230e+00
8.396400e-02 5.392190e-01 1.978004e+00
-2.536740e-01 -6.403360e-01 2.671455e+00
-5.895000e-03 -6.360600e-01 2.690474e+00
-2.825860e-01 -1.133837e+00 2.722740e+00
-2.476500e-02 -1.130795e+00 2.733944e+00
-3.644520e-01 -1.150763e+00 2.513712e+00
-1.049880e-01 -1.146168e+00 2.524160e+00
3.736200e-02 5.707340e-01 2.480786e+00
-2.955950e-01 4.065490e-01 2.661438e+00
1.514610e-01 3.362830e-01 2.590952e+00
-8.036900e-02 4.285570e-01 2.516573e+00
-7.441900e-02 2.448140e-01 2.737481e+00
-3.396030e-01 1.738900e-02 2.645709e+00
6.353100e-02 -1.949200e-02 2.566956e+00
-1.093870e-01 2.537000e-03 2.751302e+00
-3.917950e-01 1.426930e-01 2.727771e+00
1.789250e-01 1.647550e-01 2.360521e+00
-3.924520e-01 -1.651660e-01 2.645426e+00
8.435500e-02 3.565450e-01 2.124235e+00
-3.672200e-01 -2.419180e-01 2.606351e+00
5.789300e-02 4.096360e-01 2.056889e+00
-2.553310e-01 -6.159710e-01 2.663264e+00
-8.339000e-03 -6.225520e-01 2.678157e+00
-2.694390e-01 -1.108006e+00 2.731907e+00
-1.810300e-02 -1.115413e+00 2.741411e+00
-3.119010e-01 -1.137359e+00 2.512780e+00
-6.116900e-02 -1.142702e+00 2.522135e+00
-9.769700e-02 6.437070e-01 2.422114e+00
-3.273080e-01 3.748900e-01 2.658706e+00
1.294570e-01 3.468870e-01 2.640120e+00
-9.869500e-02 4.319940e-01 2.547949e+00
-1.037780e-01 2.201900e-01 2.742140e+00
-3.354760e-01 2.276000e-02 2.622043e+00
7.284500e-02 -1.860700e-02 2.581531e+00
-1.163150e-01 6.184000e-03 2.748784e+00
-3.914410e-01 1.023740e-01 2.728934e+00
1.300470e-01 7.991300e-02 2.530418e+00
-3.923240e-01 -1.995140e-01 2.626643e+00
1.403640e-01 2.303480e-01 2.249591e+00
-3.744430e-01 -2.700440e-01 2.679180e+00
9.244900e-02 2.437340e-01 2.174896e+00
-2.605990e-01 -6.103880e-01 2.662278e+00
-1.409000e-02 -6.219960e-01 2.676697e+00
-2.643730e-01 -1.102927e+00 2.728606e+00
-2.120200e-02 -1.114151e+00 2.745552e+00
-2.892500e-01 -1.132602e+00 2.506837e+00
-4.419400e-02 -1.144855e+00 2.523719e+00
-1.081800e-01 6.426870e-01 2.461025e+00
-3.532380e-01 3.552880e-01 2.687576e+00
9.578600e-02 3.377130e-01 2.599076e+00
-1.460460e-01 4.153410e-01 2.541779e+00
-1.154520e-01 2.078000e-01 2.738216e+00
-3.418600e-01 6.026000e-03 2.655372e+00
5.876000e-02 -2.822000e-03 2.557883e+00
-1.066040e-01 1.373000e-03 2.750254e+00
-3.936690e-01 7.368300e-02 2.714504e+00
2.005570e-01 7.194100e-02 2.592021e+00
-3.881830e-01 -2.300630e-01 2.629071e+00
1.287410e-01 1.703990e-01 2.300921e+00
-3.951160e-01 -3.145010e-01 2.599465e+00
7.986800e-02 1.497380e-01 2.228540e+00
-2.621630e-01 -6.183600e-01 2.666093e+00
-1.604100e-02 -6.163300e-01 2.670663e+00
-2.652770e-01 -1.110565e+00 2.734892e+00
-1.894100e-02 -1.102825e+00 2.772265e+00
-3.213910e-01 -1.140398e+00 2.518923e+00
-6.873200e-02 -1.147424e+00 2.557293e+00
-9.331600e-02 6.291690e-01 2.457665e+00
-3.609070e-01 3.692340e-01 2.697609e+00
8.583600e-02 3.367780e-01 2.602051e+00
-1.537500e-01 4.243080e-01 2.549811e+00
-1.280520e-01 2.121760e-01 2.741999e+00
-3.467610e-01 8.390000e-04 2.655549e+00
5.534400e-02 -1.821900e-02 2.565955e+00
-1.134730e-01 -6.661000e-03 2.754997e+00
-3.956640e-01 9.108100e-02 2.699341e+00
1.138000e-01 6.593700e-02 2.668709e+00
-3.987420e-01 -2.062820e-01 2.613324e+00
1.398320e-01 8.573700e-02 2.360872e+00
-3.669090e-01 -2.845960e-01 2.583192e+00
9.189600e-02 3.778600e-02 2.302073e+00
-2.626200e-01 -6.270620e-01 2.669881e+00
-1.325200e-02 -6.276520e-01 2.677052e+00
-2.741580e-01 -1.117582e+00 2.749038e+00
-1.418700e-02 -1.119540e+00 2.748146e+00
-3.254430e-01 -1.151328e+00 2.532445e+00
-6.200700e-02 -1.150919e+00 2.530408e+00
-9.237900e-02 6.334530e-01 2.465873e+00
-3.650230e-01 3.790470e-01 2.692510e+00
8.403600e-02 3.365870e-01 2.613092e+00
-1.515830e-01 4.290330e-01 2.552023e+00
-1.373540e-01 2.172020e-01 2.745729e+00
-3.497500e-01 4.633000e-03 2.648893e+00
5.514400e-02 -1.788700e-02 2.573842e+00
-1.203430e-01 -6.265000e-03 2.756705e+00
-3.947450e-01 1.017060e-01 2.692835e+00
1.169220e-01 7.154900e-02 2.693558e+00
-4.045980e-01 -1.940760e-01 2.607396e+00
9.767900e-02 -3.287200e-02 2.404406e+00
-3.399150e-01 -2.463030e-01 2.573591e+00
9.269900e-02 -6.305400e-02 2.320034e+00
-2.629080e-01 -6.243520e-01 2.669604e+00
-1.577600e-02 -6.264180e-01 2.678160e+00
-2.657090e-01 -1.116342e+00 2.739932e+00
-1.342000e-02 -1.118183e+00 2.750072e+00
-3.092110e-01 -1.147356e+00 2.521238e+00
-5.379400e-02 -1.150418e+00 2.530955e+00
-8.707600e-02 6.367110e-01 2.469123e+00
-3.675390e-01 3.911780e-01 2.698476e+00
8.100500e-02 3.385780e-01 2.622284e+00
-1.509300e-01 4.408580e-01 2.562814e+00
-1.455410e-01 2.201980e-01 2.746871e+00
-3.628820e-01 7.454000e-03 2.647234e+00
4.416000e-02 -8.374000e-03 2.582856e+00
-1.361540e-01 2.712000e-03 2.760995e+00
-4.087260e-01 1.171180e-01 2.678403e+00
1.161570e-01 7.292100e-02 2.695761e+00
-4.120910e-01 -1.849480e-01 2.624506e+00
7.182300e-02 -1.210970e-01 2.462199e+00
-3.513840e-01 -2.386800e-01 2.586011e+00
5.956000e-02 -1.767820e-01 2.392894e+00
-2.585360e-01 -6.206180e-01 2.665818e+00
-1.488900e-02 -6.184020e-01 2.680041e+00
-2.667010e-01 -1.111846e+00 2.740900e+00
-1.920700e-02 -1.110106e+00 2.752275e+00
-3.028430e-01 -1.144831e+00 2.521157e+00
-5.086800e-02 -1.142230e+00 2.531715e+00
-8.291000e-02 6.528490e-01 2.491052e+00
-3.754110e-01 3.919840e-01 2.712591e+00
7.206400e-02 3.397270e-01 2.630133e+00
-1.596530e-01 4.460350e-01 2.577242e+00
-1.542140e-01 2.175880e-01 2.751540e+00
-3.746750e-01 1.745000e-02 2.657094e+00
3.161400e-02 2.100000e-03 2.588015e+00
-1.468820e-01 6.449000e-03 2.768264e+00
-4.265750e-01 1.242570e-01 2.669104e+00
1.059570e-01 8.119600e-02 2.720686e+00
-4.208320e-01 -1.750330e-01 2.611595e+00
5.503300e-02 -1.703870e-01 2.556286e+00
-3.607020e-01 -2.270220e-01 2.569930e+00
7.978400e-02 -2.551860e-01 2.540447e+00
-2.549310e-01 -6.113920e-01 2.661303e+00
-1.569800e-02 -6.060560e-01 2.684012e+00
-2.851760e-01 -1.099775e+00 2.748343e+00
-1.894800e-02 -1.097888e+00 2.755419e+00
-3.174210e-01 -1.136931e+00 2.528660e+00
-5.209700e-02 -1.129667e+00 2.535028e+00
-9.207100e-02 6.594750e-01 2.508299e+00
-3.788240e-01 3.931820e-01 2.702599e+00
7.089200e-02 3.407140e-01 2.633559e+00
-1.593220e-01 4.461810e-01 2.572977e+00
-1.586530e-01 2.194790e-01 2.749620e+00
-3.750850e-01 1.869500e-02 2.651645e+00
3.302500e-02 3.070000e-04 2.595189e+00
-1.509200e-01 6.310000e-03 2.769825e+00
-4.264060e-01 1.248280e-01 2.663875e+00
1.135210e-01 8.672300e-02 2.730764e+00
-4.228010e-01 -1.744530e-01 2.610654e+00
5.948900e-02 -1.644060e-01 2.568192e+00
-3.724330e-01 -2.255760e-01 2.556767e+00
8.135500e-02 -2.391750e-01 2.523630e+00
-2.535280e-01 -6.110290e-01 2.659800e+00
-1.375600e-02 -6.070700e-01 2.683596e+00
-2.731640e-01 -1.097906e+00 2.757645e+00
-1.947300e-02 -1.099246e+00 2.752437e+00
-2.960170e-01 -1.141146e+00 2.537897e+00
-4.502600e-02 -1.129938e+00 2.530883e+00
-9.643900e-02 6.646750e-01 2.510870e+00
