-2.804270e-01 3.220380e-01 2.756545e+00
8.248000e-03 3.310150e-01 2.766897e+00
-1.350220e-01 1.873690e-01 2.852631e+00
2.854800e-02 -3.531100e-02 2.739446e+00
-3.591600e-01 5.296300e-02 2.767802e+00
-3.693730e-01 -2.333470e-01 2.717890e+00
-3.635210e-01 -2.834400e-01 2.735627e+00
-2.693850e-01 -5.253870e-01 2.805394e+00
-3.227350e-01 -9.095900e-01 2.834760e+00
-3.130340e-01 -9.192700e-01 2.725743e+00
-1.392840e-01 5.878700e-01 2.683266e+00
4.005000e-03 3.242860e-01 2.761246e+00
-1.389110e-01 1.834670e-01 2.852107e+00
2.567600e-02 -3.988500e-02 2.732565e+00
-3.666300e-01 5.211700e-02 2.766855e+00
-3.700370e-01 -2.340640e-01 2.715418e+00
-3.702870e-01 -2.875230e-01 2.715852e+00
-2.728860e-01 -5.256280e-01 2.805722e+00
-3.195820e-01 -9.106110e-01 2.836205e+00
-3.118570e-01 -9.201930e-01 2.727021e+00
-1.448110e-01 5.854920e-01 2.688046e+00
-3.158000e-03 3.219390e-01 2.760701e+00
-1.463540e-01 1.816300e-01 2.851911e+00
1.911100e-02 -3.800300e-02 2.729696e+00
-3.702440e-01 5.108900e-02 2.764719e+00
-3.722520e-01 -2.359000e-01 2.717730e+00
-3.678460e-01 -2.891400e-01 2.715697e+00
-2.758620e-01 -5.275420e-01 2.808580e+00
-3.235020e-01 -9.124980e-01 2.837914e+00
-3.174810e-01 -9.215740e-01 2.728581e+00
-1.440480e-01 5.831650e-01 2.685151e+00
-7.215000e-03 3.257110e-01 2.756731e+00
-1.455790e-01 1.830030e-01 2.851602e+00
1.437300e-02 -3.862100e-02 2.731020e+00
-3.750970e-01 4.660800e-02 2.766193e+00
-3.801720e-01 -2.409930e-01 2.723194e+00
-3.666540e-01 -2.904450e-01 2.708031e+00
-2.776790e-01 -5.289640e-01 2.806973e+00
-3.226770e-01 -9.138550e-01 2.840961e+00
-3.173690e-01 -9.241240e-01 2.731696e+00
-1.540560e-01 5.873920e-01 2.697413e+00
-1.889900e-02 3.327840e-01 2.769443e+00
-1.618480e-01 1.869160e-01 2.851898e+00
8.430000e-03 -3.450900e-02 2.742683e+00
-3.809950e-01 5.084400e-02 2.770434e+00
-3.883920e-01 -2.342110e-01 2.714328e+00
-3.671830e-01 -2.831620e-01 2.717817e+00
-2.781670e-01 -5.234370e-01 2.809665e+00
-3.241020e-01 -9.085090e-01 2.840169e+00
-3.117450e-01 -9.185950e-01 2.731458e+00
-1.639030e-01 5.891640e-01 2.687178e+00
-2.569500e-02 3.345030e-01 2.767631e+00
-1.658600e-01 1.883510e-01 2.854256e+00
5.979000e-03 -3.229600e-02 2.739178e+00
-3.813160e-01 4.757800e-02 2.762336e+00
-3.891830e-01 -2.387410e-01 2.712958e+00
-3.729150e-01 -2.892390e-01 2.719547e+00
-2.822300e-01 -5.232220e-01 2.809242e+00
-3.241400e-01 -9.085300e-01 2.842452e+00
-3.147740e-01 -9.189410e-01 2.733473e+00
-1.685930e-01 5.886660e-01 2.684906e+00
-2.656700e-02 3.374490e-01 2.768507e+00
-1.651760e-01 1.900430e-01 2.855511e+00
3.030000e-03 -3.116100e-02 2.731737e+00
-3.869130e-01 4.861900e-02 2.761019e+00
-3.938160e-01 -2.389050e-01 2.718499e+00
-3.765590e-01 -2.894500e-01 2.720840e+00
-2.836660e-01 -5.205120e-01 2.810156e+00
-3.235640e-01 -9.061230e-01 2.842304e+00
-3.187600e-01 -9.157360e-01 2.732956e+00
-1.671180e-01 5.893630e-01 2.684017e+00
-3.003900e-02 3.511620e-01 2.781867e+00
-1.628650e-01 1.935810e-01 2.859561e+00
3.177000e-03 -2.903900e-02 2.743567e+00
-3.909530e-01 4.633700e-02 2.767164e+00
-3.987850e-01 -2.404790e-01 2.720809e+00
-3.778390e-01 -2.895850e-01 2.723630e+00
-2.853080e-01 -5.210760e-01 2.808501e+00
-3.246200e-01 -9.062050e-01 2.846597e+00
-3.149860e-01 -9.179530e-01 2.737778e+00
-1.814790e-01 5.925490e-01 2.685911e+00
-4.383400e-02 3.483050e-01 2.780359e+00
-1.849000e-01 3.744100e-01 2.661713e+00
-1.804140e-01 1.955420e-01 2.861106e+00
-3.236980e-01 -3.278100e-02 2.729899e+00
1.153800e-02 -3.231200e-02 2.747773e+00
-1.619170e-01 -2.775500e-02 2.848196e+00
-3.929320e-01 5.067100e-02 2.764395e+00
4.011900e-02 8.133100e-02 2.770905e+00
-3.983200e-01 -2.357790e-01 2.718040e+00
8.030400e-02 -1.308160e-01 2.576971e+00
-3.896560e-01 -2.878960e-01 2.726218e+00
8.999200e-02 -1.681570e-01 2.539958e+00
-2.852050e-01 -5.190570e-01 2.809212e+00
-6.297000e-02 -5.268000e-01 2.780180e+00
-3.251390e-01 -9.045580e-01 2.842613e+00
-6.239900e-02 -9.110200e-01 2.840967e+00
-3.184520e-01 -9.147120e-01 2.733413e+00
-5.546500e-02 -9.281460e-01 2.732657e+00
-1.871640e-01 5.937350e-01 2.684366e+00
-3.341740e-01 3.181590e-01 2.759731e+00
-4.871900e-02 3.559660e-01 2.784377e+00
-1.871550e-01 3.766430e-01 2.661633e+00
-1.803230e-01 1.961050e-01 2.859449e+00
-3.293880e-01 -3.572800e-02 2.724132e+00
5.087000e-03 -2.964500e-02 2.752288e+00
-1.714090e-01 -2.892700e-02 2.847374e+00
-3.964430e-01 4.606600e-02 2.765630e+00
3.847600e-02 9.140700e-02 2.765611e+00
-3.948650e-01 -2.387220e-01 2.714397e+00
9.539300e-02 -1.027900e-01 2.558779e+00
-3.900450e-01 -2.912630e-01 2.723014e+00
9.396000e-02 -1.420220e-01 2.522490e+00
-2.876280e-01 -5.198960e-01 2.810489e+00
-6.381000e-02 -5.256100e-01 2.780447e+00
-3.264030e-01 -9.052790e-01 2.846506e+00
-6.315800e-02 -9.089580e-01 2.846515e+00
-3.159920e-01 -9.164960e-01 2.737702e+00
-5.239300e-02 -9.275120e-01 2.738754e+00
-1.875250e-01 5.959740e-01 2.687747e+00
-3.348220e-01 3.172190e-01 2.754144e+00
-5.073200e-02 3.556320e-01 2.790727e+00
-1.835620e-01 3.738640e-01 2.661569e+00
-1.856060e-01 1.971910e-01 2.862950e+00
-3.315640e-01 -3.609600e-02 2.714072e+00
1.349000e-03 -3.037700e-02 2.756958e+00
-1.791830e-01 -2.826900e-02 2.844115e+00
-3.971630e-01 4.630800e-02 2.759654e+00
5.048700e-02 1.007630e-01 2.744832e+00
-4.018150e-01 -2.384450e-01 2.715592e+00
1.339670e-01 -3.088700e-02 2.502455e+00
-3.942200e-01 -2.899960e-01 2.727546e+00
1.509790e-01 -4.525900e-02 2.453853e+00
-2.871980e-01 -5.195300e-01 2.812432e+00
-6.384300e-02 -5.258440e-01 2.782144e+00
-3.194580e-01 -9.058290e-01 2.844891e+00
-6.200300e-02 -9.099950e-01 2.843343e+00
-3.041940e-01 -9.162050e-01 2.736577e+00
-4.640200e-02 -9.270330e-01 2.735924e+00
-1.806980e-01 5.926590e-01 2.681089e+00
-3.344880e-01 3.106690e-01 2.754432e+00
-5.107900e-02 3.564050e-01 2.787728e+00
-1.856010e-01 3.700670e-01 2.659761e+00
-1.812840e-01 1.954430e-01 2.862886e+00
-3.329790e-01 -3.750400e-02 2.715583e+00
3.410000e-04 -3.116100e-02 2.755091e+00
-1.793130e-01 -2.848200e-02 2.844027e+00
-3.989810e-01 4.166200e-02 2.761827e+00
5.313600e-02 1.039420e-01 2.743227e+00
-4.063440e-01 -2.416180e-01 2.717559e+00
1.471360e-01 2.415400e-02 2.484269e+00
-3.885440e-01 -2.915480e-01 2.724509e+00
1.724590e-01 5.359000e-03 2.441099e+00
-2.897200e-01 -5.214570e-01 2.808714e+00
-6.474800e-02 -5.268200e-01 2.780482e+00
-3.259400e-01 -9.071350e-01 2.844233e+00
-5.817200e-02 -9.092540e-01 2.851349e+00
-3.118400e-01 -9.184400e-01 2.735854e+00
-4.357400e-02 -9.288530e-01 2.744227e+00
-1.949630e-01 5.932470e-01 2.687891e+00
-3.430400e-01 3.170660e-01 2.762333e+00
-5.893000e-02 3.623950e-01 2.789676e+00
-1.969360e-01 3.806640e-01 2.666069e+00
-1.866640e-01 1.981480e-01 2.861911e+00
-3.394170e-01 -2.966300e-02 2.719588e+00
-5.223000e-03 -2.101400e-02 2.750296e+00
-1.824430e-01 -2.149200e-02 2.844026e+00
-4.030760e-01 4.861200e-02 2.760732e+00
4.265800e-02 1.112680e-01 2.741824e+00
-4.066430e-01 -2.332620e-01 2.718012e+00
1.523780e-01 8.480300e-02 2.480000e+00
-4.029350e-01 -2.854530e-01 2.728988e+00
1.798580e-01 8.528300e-02 2.434145e+00
-2.904560e-01 -5.137320e-01 2.808114e+00
-6.400300e-02 -5.166920e-01 2.781539e+00
-3.244630e-01 -8.996120e-01 2.843629e+00
-5.997700e-02 -9.003830e-01 2.845464e+00
-3.131290e-01 -9.106180e-01 2.734895e+00
-4.796200e-02 -9.182090e-01 2.737712e+00
-1.998490e-01 5.997270e-01 2.694397e+00
-3.454780e-01 3.232790e-01 2.764875e+00
-6.030100e-02 3.595090e-01 2.794582e+00
-1.971250e-01 3.851910e-01 2.670979e+00
-1.931100e-01 1.971510e-01 2.861758e+00
-3.359510e-01 -2.618100e-02 2.720964e+00
-1.804000e-03 -2.589900e-02 2.753351e+00
-1.794530e-01 -2.384800e-02 2.846245e+00
-4.052370e-01 5.541600e-02 2.762340e+00
4.459500e-02 1.112500e-01 2.742696e+00
-4.016530e-01 -2.247240e-01 2.713074e+00
1.517520e-01 1.849270e-01 2.489699e+00
-4.036460e-01 -2.781070e-01 2.715174e+00
1.722660e-01 1.986800e-01 2.442285e+00
-2.889650e-01 -5.131540e-01 2.806638e+00
-6.393200e-02 -5.196200e-01 2.779676e+00
-3.159590e-01 -8.987850e-01 2.850010e+00
-6.070600e-02 -9.046830e-01 2.834786e+00
-3.050400e-01 -9.117590e-01 2.741451e+00
-4.856300e-02 -9.200550e-01 2.726671e+00
-2.058090e-01 5.976550e-01 2.689093e+00
-3.499240e-01 3.227410e-01 2.766914e+00
-6.378000e-02 3.543900e-01 2.792227e+00
-2.019780e-01 3.817170e-01 2.670519e+00
-1.982380e-01 1.945930e-01 2.862203e+00
-3.412210e-01 -3.042200e-02 2.717930e+00
-6.768000e-03 -2.298300e-02 2.746018e+00
-1.832360e-01 -2.346500e-02 2.841156e+00
-4.034870e-01 5.349600e-02 2.764531e+00
4.808400e-02 1.103490e-01 2.734801e+00
-4.030500e-01 -2.277040e-01 2.721092e+00
1.445480e-01 2.344530e-01 2.497622e+00
-3.989440e-01 -2.809390e-01 2.723798e+00
1.561630e-01 2.768130e-01 2.467144e+00
-2.890570e-01 -5.150780e-01 2.806346e+00
-6.479500e-02 -5.179710e-01 2.781065e+00
-3.205800e-01 -9.005910e-01 2.847661e+00
-6.543600e-02 -9.027500e-01 2.838212e+00
-3.103510e-01 -9.130750e-01 2.738977e+00
-5.432300e-02 -9.188270e-01 2.730089e+00
-2.072740e-01 5.942900e-01 2.687519e+00
-3.488830e-01 3.186500e-01 2.768919e+00
-6.359700e-02 3.589680e-01 2.791434e+00
-2.039020e-01 3.829810e-01 2.671451e+00
-1.922620e-01 1.945020e-01 2.861483e+00
-3.401990e-01 -3.066400e-02 2.721082e+00
-5.400000e-03 -2.426800e-02 2.744990e+00
-1.806500e-01 -2.514500e-02 2.842350e+00
-4.069750e-01 4.982000e-02 2.766850e+00
5.112800e-02 1.195040e-01 2.719714e+00
-4.056670e-01 -2.308590e-01 2.717050e+00
1.433740e-01 2.917980e-01 2.512186e+00
-3.947280e-01 -2.828760e-01 2.711327e+00
1.554770e-01 3.272370e-01 2.474032e+00
-2.872600e-01 -5.161300e-01 2.805546e+00
-6.372100e-02 -5.189800e-01 2.780975e+00
-3.302060e-01 -9.003860e-01 2.848256e+00
-6.264300e-02 -9.043930e-01 2.833668e+00
-3.212660e-01 -9.134700e-01 2.739530e+00
-5.318800e-02 -9.191960e-01 2.725206e+00
-2.094450e-01 5.968700e-01 2.694450e+00
-3.476040e-01 3.225050e-01 2.769660e+00
-6.146300e-02 3.573710e-01 2.790368e+00
-2.022290e-01 3.853130e-01 2.671784e+00
-1.925650e-01 1.944720e-01 2.859555e+00
-3.440660e-01 -2.819800e-02 2.714809e+00
-9.103000e-03 -2.257800e-02 2.736528e+00
-1.837300e-01 -2.203500e-02 2.835005e+00
-4.055750e-01 5.364500e-02 2.761549e+00
5.226100e-02 1.186590e-01 2.714241e+00
-4.092900e-01 -2.285300e-01 2.720387e+00
1.315050e-01 3.488200e-01 2.565657e+00
-4.034350e-01 -2.816420e-01 2.718690e+00
1.273010e-01 4.021130e-01 2.566187e+00
-2.872540e-01 -5.132730e-01 2.804853e+00
-6.265800e-02 -5.159450e-01 2.779694e+00
-3.282450e-01 -8.981110e-01 2.844102e+00
-6.226800e-02 -9.010470e-01 2.834626e+00
-3.198190e-01 -9.101140e-01 2.735210e+00
-5.325300e-02 -9.165010e-01 2.726218e+00
-2.101470e-01 5.982460e-01 2.695236e+00
-3.506560e-01 3.260580e-01 2.770718e+00
-6.410200e-02 3.584670e-01 2.789628e+00
-2.054890e-01 3.884890e-01 2.672296e+00
-1.960110e-01 1.960680e-01 2.858458e+00
-3.437980e-01 -2.803500e-02 2.715377e+00
-8.784000e-03 -1.928400e-02 2.735175e+00
-1.828500e-01 -1.996200e-02 2.834638e+00
-4.013850e-01 5.581100e-02 2.761383e+00
6.205200e-02 1.281430e-01 2.707591e+00
-4.028980e-01 -2.259370e-01 2.717479e+00
1.144230e-01 3.843330e-01 2.593857e+00
-3.976800e-01 -2.790740e-01 2.720190e+00
1.264250e-01 4.279890e-01 2.622285e+00
-2.863250e-01 -5.123710e-01 2.803991e+00
-6.166400e-02 -5.136100e-01 2.778509e+00
-3.198460e-01 -8.973860e-01 2.848265e+00
-6.234500e-02 -8.975560e-01 2.841012e+00
-3.121830e-01 -9.105660e-01 2.739453e+00
-5.349900e-02 -9.151680e-01 2.732919e+00
-2.073040e-01 6.006940e-01 2.695978e+00
-3.501250e-01 3.222320e-01 2.771387e+00
-6.411300e-02 3.589460e-01 2.790635e+00
-2.060240e-01 3.882820e-01 2.673763e+00
-1.933810e-01 1.935580e-01 2.857325e+00
-3.449550e-01 -2.705900e-02 2.715572e+00
-9.946000e-03 -1.734700e-02 2.734999e+00
-1.838910e-01 -1.882100e-02 2.834665e+00
-4.043300e-01 5.435300e-02 2.761015e+00
7.799700e-02 1.403980e-01 2.707891e+00
-4.040860e-01 -2.248150e-01 2.711799e+00
1.152940e-01 4.044900e-01 2.611865e+00
-3.941740e-01 -2.766770e-01 2.720171e+00
1.064980e-01 4.399660e-01 2.650880e+00
-2.877030e-01 -5.113210e-01 2.802523e+00
-6.375500e-02 -5.121510e-01 2.777636e+00
-3.304480e-01 -8.955830e-01 2.845380e+00
-5.480300e-02 -8.951280e-01 2.845230e+00
-3.226630e-01 -9.085860e-01 2.736556e+00
-4.644600e-02 -9.139810e-01 2.737308e+00
-2.083610e-01 6.010890e-01 2.702947e+00
-3.550540e-01 3.207430e-01 2.762483e+00
-6.864000e-02 3.542040e-01 2.781677e+00
-2.097750e-01 3.820210e-01 2.663503e+00
-2.003160e-01 1.925460e-01 2.852662e+00
-3.444580e-01 -3.304700e-02 2.712324e+00
-9.611000e-03 -2.074100e-02 2.733053e+00
-1.839550e-01 -2.274700e-02 2.832012e+00
-4.031300e-01 5.340800e-02 2.754233e+00
1.130930e-01 1.624910e-01 2.717905e+00
-4.048230e-01 -2.256470e-01 2.716100e+00
1.346050e-01 4.331030e-01 2.642843e+00
-3.984970e-01 -2.784850e-01 2.721221e+00
1.314050e-01 4.648430e-01 2.685743e+00
-2.902890e-01 -5.159660e-01 2.800878e+00
-6.210800e-02 -5.160230e-01 2.777241e+00
-3.294570e-01 -9.007620e-01 2.842333e+00
-5.837000e-02 -9.000960e-01 2.838845e+00
-3.210840e-01 -9.133390e-01 2.733502e+00
-4.947800e-02 -9.173560e-01 2.730699e+00
-2.112010e-01 6.012180e-01 2.703519e+00
-3.586350e-01 3.206960e-01 2.759193e+00
-7.134400e-02 3.459300e-01 2.777861e+00
-2.118610e-01 3.779630e-01 2.660017e+00
-2.074440e-01 1.879820e-01 2.848854e+00
-3.437680e-01 -3.828600e-02 2.706206e+00
-9.961000e-03 -2.587800e-02 2.739701e+00
-1.879420e-01 -2.828900e-02 2.831947e+00
-4.071030e-01 5.236100e-02 2.747361e+00
1.425740e-01 1.813070e-01 2.737476e+00
-4.072310e-01 -2.286050e-01 2.714504e+00
1.513390e-01 4.517350e-01 2.654936e+00
-3.955100e-01 -2.797410e-01 2.704218e+00
1.515490e-01 4.835270e-01 2.697917e+00
-2.889860e-01 -5.203160e-01 2.803406e+00
-6.342600e-02 -5.213900e-01 2.779298e+00
-3.255060e-01 -9.053290e-01 2.845267e+00
-6.288200e-02 -9.063310e-01 2.835348e+00
-3.128950e-01 -9.183080e-01 2.736893e+00
-4.990800e-02 -9.220330e-01 2.727377e+00
-2.154520e-01 5.991790e-01 2.706181e+00
-3.555700e-01 3.142080e-01 2.756260e+00
-6.850500e-02 3.407110e-01 2.776566e+00
-2.084260e-01 3.716180e-01 2.657717e+00
-2.043910e-01 1.825350e-01 2.847461e+00
-3.478170e-01 -3.945800e-02 2.707971e+00
-1.302000e-02 -2.962800e-02 2.730721e+00
-1.880120e-01 -2.864800e-02 2.828544e+00
-4.110160e-01 4.849100e-02 2.734070e+00
1.684510e-01 2.082740e-01 2.754558e+00
-4.115520e-01 -2.328590e-01 2.711291e+00
1.627780e-01 4.767680e-01 2.667634e+00
-4.021540e-01 -2.817340e-01 2.691772e+00
1.529100e-01 5.153730e-01 2.703277e+00
-2.934240e-01 -5.221340e-01 2.803557e+00
-6.708200e-02 -5.237180e-01 2.779690e+00
-3.260030e-01 -9.081780e-01 2.838631e+00
-5.660200e-02 -9.075760e-01 2.841854e+00
-3.169730e-01 -9.188410e-01 2.729648e+00
-4.759800e-02 -9.248420e-01 2.733718e+00
-2.113950e-01 5.921790e-01 2.700801e+00
-3.578530e-01 3.144500e-01 2.744519e+00
-7.063200e-02 3.252250e-01 2.774671e+00
-2.043710e-01 3.620020e-01 2.650496e+00
-2.175880e-01 1.760110e-01 2.842861e+00
-3.484110e-01 -4.605900e-02 2.705893e+00
-1.360700e-02 -3.769500e-02 2.729108e+00
-1.887980e-01 -3.248000e-02 2.826439e+00
-4.126970e-01 4.914800e-02 2.728571e+00
1.941840e-01 2.660380e-01 2.770535e+00
-4.071260e-01 -2.310400e-01 2.704550e+00
1.949100e-01 5.303210e-01 2.674270e+00
-3.992450e-01 -2.828600e-01 2.694029e+00
1.862740e-01 5.735670e-01 2.704492e+00
-2.932430e-01 -5.295490e-01 2.801779e+00
-6.565700e-02 -5.307490e-01 2.780541e+00
-3.314880e-01 -9.147440e-01 2.840290e+00
-5.692200e-02 -9.142940e-01 2.844867e+00
-3.224550e-01 -9.265250e-01 2.731423e+00
-4.745500e-02 -9.321900e-01 2.736873e+00
-2.071720e-01 5.872850e-01 2.703736e+00
-3.562410e-01 3.208230e-01 2.743163e+00
-6.839600e-02 3.219530e-01 2.768946e+00
-2.026360e-01 3.615880e-01 2.646200e+00
-2.194150e-01 1.789950e-01 2.841520e+00
-3.504120e-01 -4.644500e-02 2.701331e+00
-1.611100e-02 -3.786700e-02 2.730862e+00
-1.931110e-01 -3.279000e-02 2.824871e+00
-4.126310e-01 5.631900e-02 2.725931e+00
2.023610e-01 3.237890e-01 2.780211e+00
-4.073550e-01 -2.227860e-01 2.694907e+00
2.251980e-01 5.841840e-01 2.677436e+00
-4.013820e-01 -2.758600e-01 2.697258e+00
2.184080e-01 6.261410e-01 2.709866e+00
-2.938070e-01 -5.296340e-01 2.801239e+00
-6.255900e-02 -5.300270e-01 2.783042e+00
-3.301900e-01 -9.150120e-01 2.839720e+00
-5.684500e-02 -9.142310e-01 2.843672e+00
-3.190840e-01 -9.269110e-01 2.731057e+00
-4.497200e-02 -9.310850e-01 2.735749e+00
-2.080740e-01 5.910850e-01 2.709596e+00
-3.600830e-01 3.230440e-01 2.733399e+00
-7.790300e-02 3.231040e-01 2.773510e+00
-2.015290e-01 3.636390e-01 2.644683e+00
-2.289940e-01 1.803970e-01 2.838176e+00
-3.419710e-01 -4.225700e-02 2.694955e+00
-9.235000e-03 -3.494800e-02 2.738962e+00
-1.901290e-01 -2.888600e-02 2.825177e+00
-4.096570e-01 5.636800e-02 2.714063e+00
1.876730e-01 3.806010e-01 2.784039e+00
-4.020440e-01 -2.247660e-01 2.695599e+00
2.539280e-01 6.341960e-01 2.680428e+00
-3.982270e-01 -2.780280e-01 2.693014e+00
2.501390e-01 6.764270e-01 2.712991e+00
-2.929920e-01 -5.252800e-01 2.798300e+00
-6.317400e-02 -5.279330e-01 2.783464e+00
-3.278040e-01 -9.102180e-01 2.842261e+00
-5.852500e-02 -9.119010e-01 2.845656e+00
-3.123320e-01 -9.239400e-01 2.734350e+00
-4.224100e-02 -9.290830e-01 2.738362e+00
-2.042900e-01 5.940990e-01 2.717254e+00
-3.629170e-01 3.279500e-01 2.731311e+00
-8.470900e-02 3.309220e-01 2.770676e+00
-2.048510e-01 3.701520e-01 2.642474e+00
-2.302840e-01 1.867230e-01 2.836068e+00
-3.376950e-01 -3.686200e-02 2.696445e+00
-5.364000e-03 -2.691500e-02 2.742924e+00
-1.868930e-01 -2.464200e-02 2.827981e+00
-4.053760e-01 6.003700e-02 2.713518e+00
1.611990e-01 4.463530e-01 2.780779e+00
-3.993350e-01 -2.206790e-01 2.690208e+00
2.852190e-01 6.828140e-01 2.690855e+00
-3.917720e-01 -2.734620e-01 2.694056e+00
2.932470e-01 7.302880e-01 2.714089e+00
-2.856070e-01 -5.192680e-01 2.800326e+00
-5.989200e-02 -5.213190e-01 2.782728e+00
-3.258560e-01 -9.041120e-01 2.840278e+00
-6.088100e-02 -9.058890e-01 2.841256e+00
-3.091080e-01 -9.170570e-01 2.732461e+00
-4.359300e-02 -9.222580e-01 2.733991e+00
-1.959880e-01 5.996170e-01 2.714515e+00
-3.657760e-01 3.325970e-01 2.731549e+00
-8.852600e-02 3.377520e-01 2.755378e+00
-2.129680e-01 3.721200e-01 2.632828e+00
-2.269600e-01 1.955560e-01 2.833828e+00
-3.373080e-01 -3.466300e-02 2.706408e+00
-2.780000e-03 -2.420700e-02 2.732585e+00
-1.788230e-01 -2.136900e-02 2.828467e+00
-4.014460e-01 6.378300e-02 2.712139e+00
1.395630e-01 4.831390e-01 2.782739e+00
-3.938590e-01 -2.168310e-01 2.687775e+00
2.959530e-01 7.007150e-01 2.695574e+00
-3.912020e-01 -2.695960e-01 2.695955e+00
3.043150e-01 7.522430e-01 2.707111e+00
-2.826320e-01 -5.181480e-01 2.799018e+00
-5.657600e-02 -5.181380e-01 2.783165e+00
-3.225360e-01 -9.031740e-01 2.837536e+00
-5.930800e-02 -9.028950e-01 2.840400e+00
-3.124710e-01 -9.150970e-01 2.728774e+00
-4.862500e-02 -9.190590e-01 2.732246e+00
-1.891920e-01 6.063060e-01 2.718872e+00
-3.622560e-01 3.309580e-01 2.741217e+00
-8.641500e-02 3.390130e-01 2.752384e+00
-2.146230e-01 3.748160e-01 2.636627e+00
-2.172960e-01 1.932590e-01 2.833609e+00
-3.334320e-01 -3.391000e-02 2.711683e+00
1.673000e-03 -2.012500e-02 2.726418e+00
-1.710160e-01 -1.887100e-02 2.828247e+00
-3.982190e-01 6.283600e-02 2.707024e+00
1.248980e-01 5.101600e-01 2.772566e+00
-3.905090e-01 -2.191140e-01 2.689296e+00
3.034690e-01 7.179490e-01 2.703240e+00
-3.793460e-01 -2.705640e-01 2.680002e+00
3.196200e-01 7.688900e-01 2.704744e+00
-2.795150e-01 -5.166140e-01 2.798309e+00
-5.473600e-02 -5.151100e-01 2.782342e+00
-3.216590e-01 -9.016480e-01 2.834277e+00
-5.872600e-02 -9.003110e-01 2.836427e+00
-3.150600e-01 -9.125650e-01 2.725145e+00
-5.200200e-02 -9.156280e-01 2.727833e+00
-1.786700e-01 6.059800e-01 2.728642e+00
-3.562070e-01 3.149430e-01 2.748081e+00
-8.272200e-02 3.452900e-01 2.746636e+00
-2.176180e-01 3.709340e-01 2.637103e+00
-1.964260e-01 1.892760e-01 2.832865e+00
-3.198350e-01 -3.170400e-02 2.719677e+00
1.583100e-02 -2.662400e-02 2.717342e+00
-1.513580e-01 -2.141900e-02 2.827854e+00
-3.872250e-01 4.815700e-02 2.705999e+00
1.051600e-01 5.415550e-01 2.756021e+00
-3.803330e-01 -2.330170e-01 2.689080e+00
3.029450e-01 7.364040e-01 2.707982e+00
-3.554930e-01 -2.781380e-01 2.674755e+00
3.363940e-01 7.733940e-01 2.727241e+00
-2.683110e-01 -5.184270e-01 2.792142e+00
-4.604400e-02 -5.185270e-01 2.785318e+00
-3.204060e-01 -9.012500e-01 2.837459e+00
-5.893400e-02 -9.036220e-01 2.838770e+00
-3.203550e-01 -9.141730e-01 2.728347e+00
-5.796400e-02 -9.187590e-01 2.729947e+00
-1.675440e-01 6.005810e-01 2.727634e+00
-3.489770e-01 3.184230e-01 2.737920e+00
-7.578100e-02 3.445990e-01 2.747660e+00
-2.050660e-01 3.716600e-01 2.632499e+00
-1.947850e-01 1.908820e-01 2.829946e+00
-3.093920e-01 -3.382800e-02 2.711376e+00
2.601500e-02 -2.590700e-02 2.723317e+00
-1.457560e-01 -2.239200e-02 2.826637e+00
-3.763840e-01 5.089700e-02 2.708444e+00
1.087190e-01 5.424090e-01 2.752237e+00
-3.672230e-01 -2.282980e-01 2.684195e+00
3.091820e-01 7.351630e-01 2.716431e+00
-3.651050e-01 -2.802640e-01 2.696569e+00
3.475420e-01 7.696590e-01 2.730452e+00
-2.632430e-01 -5.185600e-01 2.790676e+00
-3.856200e-02 -5.192600e-01 2.784316e+00
-3.177530e-01 -9.014670e-01 2.832292e+00
-5.788400e-02 -9.042240e-01 2.836760e+00
-3.126260e-01 -9.140480e-01 2.723260e+00
-5.186800e-02 -9.193300e-01 2.728095e+00
-1.613270e-01 6.028090e-01 2.728027e+00
-3.411690e-01 3.182990e-01 2.747242e+00
-6.825000e-02 3.468460e-01 2.742712e+00
-2.033210e-01 3.716600e-01 2.634066e+00
-1.813400e-01 1.930040e-01 2.832487e+00
-3.074960e-01 -3.168300e-02 2.724890e+00
2.785400e-02 -2.183700e-02 2.712781e+00
-1.360150e-01 -2.179000e-02 2.828277e+00
-3.669360e-01 5.120200e-02 2.707421e+00
1.170840e-01 5.447760e-01 2.750796e+00
-3.592510e-01 -2.285230e-01 2.680091e+00
3.333590e-01 7.186760e-01 2.705675e+00
-3.408690e-01 -2.749380e-01 2.660965e+00
3.703780e-01 7.506300e-01 2.727278e+00
-2.577360e-01 -5.171250e-01 2.790145e+00
-3.492000e-02 -5.146940e-01 2.786849e+00
-3.181900e-01 -8.995340e-01 2.827958e+00
-5.370700e-02 -8.997900e-01 2.838513e+00
-3.207230e-01 -9.099470e-01 2.718607e+00
-5.558200e-02 -9.143080e-01 2.729617e+00
-1.628090e-01 6.055910e-01 2.729532e+00
-3.287880e-01 3.138620e-01 2.743926e+00
-5.421200e-02 3.509780e-01 2.740976e+00
-1.917630e-01 3.699710e-01 2.631081e+00
-1.658930e-01 1.945490e-01 2.831904e+00
-2.909350e-01 -2.858300e-02 2.719767e+00
4.473300e-02 -2.422400e-02 2.716481e+00
-1.221010e-01 -2.087300e-02 2.827601e+00
-3.586860e-01 4.642900e-02 2.703794e+00
1.485600e-01 5.323850e-01 2.741335e+00
-3.508830e-01 -2.347230e-01 2.683504e+00
3.826990e-01 6.850510e-01 2.704038e+00
-3.393060e-01 -2.863630e-01 2.675929e+00
4.270520e-01 7.080880e-01 2.723017e+00
-2.537170e-01 -5.140350e-01 2.788252e+00
-3.190800e-02 -5.164420e-01 2.787239e+00
-3.146210e-01 -8.960210e-01 2.829470e+00
-5.155300e-02 -9.018580e-01 2.836118e+00
-3.147150e-01 -9.077930e-01 2.720227e+00
-5.146600e-02 -9.156870e-01 2.727117e+00
-1.613520e-01 6.071900e-01 2.733219e+00
-3.171760e-01 3.101090e-01 2.736753e+00
-4.161800e-02 3.542880e-01 2.745165e+00
-1.769280e-01 3.689930e-01 2.629416e+00
-1.552710e-01 1.952920e-01 2.832222e+00
-2.881630e-01 -3.555000e-02 2.715102e+00
4.733000e-02 -3.014400e-02 2.725995e+00
-1.240670e-01 -2.673100e-02 2.829937e+00
-3.504450e-01 4.094700e-02 2.708698e+00
1.771600e-01 5.167810e-01 2.736536e+00
-3.531820e-01 -2.410250e-01 2.690159e+00
4.232570e-01 6.530900e-01 2.709788e+00
-3.314010e-01 -2.865190e-01 2.672438e+00
4.718870e-01 6.738150e-01 2.717772e+00
-2.523200e-01 -5.204160e-01 2.788500e+00
-3.116900e-02 -5.236220e-01 2.786719e+00
-3.028990e-01 -9.041660e-01 2.827219e+00
-4.993200e-02 -9.078470e-01 2.844508e+00
-2.983620e-01 -9.157780e-01 2.718054e+00
-4.518700e-02 -9.244010e-01 2.735991e+00
-1.400810e-01 6.059480e-01 2.730911e+00
-3.044150e-01 3.113510e-01 2.734895e+00
-2.714600e-02 3.481860e-01 2.744092e+00
-1.621600e-01 3.652040e-01 2.627556e+00
-1.461070e-01 1.932300e-01 2.832346e+00
-2.858950e-01 -3.216300e-02 2.717197e+00
4.957800e-02 -3.522400e-02 2.729529e+00
-1.221190e-01 -2.719100e-02 2.832719e+00
-3.452640e-01 4.311200e-02 2.711386e+00
1.997700e-01 4.987500e-01 2.740434e+00
-3.519520e-01 -2.383910e-01 2.691663e+00
4.563610e-01 6.125020e-01 2.710444e+00
-3.367670e-01 -2.863470e-01 2.673557e+00
5.021660e-01 6.397270e-01 2.714781e+00
-2.544210e-01 -5.198900e-01 2.786282e+00
-3.313900e-02 -5.268240e-01 2.786128e+00
-3.166810e-01 -9.015040e-01 2.828886e+00
-5.070000e-02 -9.106780e-01 2.846699e+00
-3.123380e-01 -9.143850e-01 2.719855e+00
-4.587100e-02 -9.280030e-01 2.738306e+00
-1.341850e-01 6.046580e-01 2.732093e+00
-2.850070e-01 3.139220e-01 2.737332e+00
-5.494000e-03 3.431620e-01 2.746092e+00
-1.417340e-01 3.658960e-01 2.630422e+00
-1.296200e-01 1.897280e-01 2.831891e+00
-2.808540e-01 -3.142600e-02 2.719824e+00
5.453200e-02 -4.142500e-02 2.730757e+00
-1.164840e-01 -2.840200e-02 2.834566e+00
-3.364060e-01 4.833600e-02 2.710291e+00
2.336710e-01 4.721950e-01 2.738343e+00
-3.538000e-01 -2.325840e-01 2.697034e+00
4.953460e-01 5.741190e-01 2.715277e+00
-3.360650e-01 -2.829890e-01 2.695328e+00
5.476610e-01 5.784520e-01 2.725395e+00
-2.604750e-01 -5.196550e-01 2.787602e+00
-3.612800e-02 -5.314390e-01 2.785431e+00
-3.197140e-01 -9.021180e-01 2.826764e+00
-5.237300e-02 -9.137310e-01 2.855503e+00
-3.161240e-01 -9.138540e-01 2.717576e+00
-4.838100e-02 -9.336920e-01 2.747530e+00
-1.088750e-01 6.015720e-01 2.726084e+00
-2.803980e-01 3.159370e-01 2.739749e+00
-3.500000e-04 3.367370e-01 2.747689e+00
-1.359460e-01 3.636770e-01 2.632452e+00
-1.285330e-01 1.870450e-01 2.833743e+00
-2.817260e-01 -2.963000e-02 2.722043e+00
5.345800e-02 -4.563200e-02 2.731953e+00
-1.169460e-01 -2.888600e-02 2.836233e+00
-3.355550e-01 5.090700e-02 2.710392e+00
2.423610e-01 4.597090e-01 2.737011e+00
-3.565700e-01 -2.303450e-01 2.700260e+00
5.118340e-01 5.398430e-01 2.712311e+00
-3.336120e-01 -2.760690e-01 2.684757e+00
5.610280e-01 5.435040e-01 2.732919e+00
-2.635040e-01 -5.192800e-01 2.790825e+00
-4.200700e-02 -5.342320e-01 2.783814e+00
-3.214190e-01 -9.023430e-01 2.825894e+00
-5.185500e-02 -9.165590e-01 2.854883e+00
-3.182500e-01 -9.128310e-01 2.716566e+00
-4.866800e-02 -9.367100e-01 2.746918e+00
-9.084700e-02 5.967370e-01 2.723032e+00
-2.711500e-01 3.207840e-01 2.733384e+00
9.261000e-03 3.294770e-01 2.745101e+00
-1.231980e-01 3.590490e-01 2.627063e+00
-1.265150e-01 1.880830e-01 2.833294e+00
-2.829890e-01 -3.040400e-02 2.721119e+00
5.188500e-02 -4.868900e-02 2.736222e+00
-1.199220e-01 -2.948100e-02 2.837740e+00
-3.374700e-01 5.953800e-02 2.713793e+00
2.542030e-01 4.435600e-01 2.740640e+00
-3.583120e-01 -2.195560e-01 2.702682e+00
5.257230e-01 5.042430e-01 2.708298e+00
-3.480590e-01 -2.699420e-01 2.688043e+00
5.685720e-01 5.099020e-01 2.739763e+00
-2.650630e-01 -5.203830e-01 2.794381e+00
-4.222100e-02 -5.367810e-01 2.783686e+00
-3.181680e-01 -9.046370e-01 2.823523e+00
-5.150000e-02 -9.185750e-01 2.857635e+00
-3.132210e-01 -9.136170e-01 2.714127e+00
-4.644200e-02 -9.395640e-01 2.749902e+00
-8.340200e-02 5.964740e-01 2.722799e+00
-2.598410e-01 3.315710e-01 2.738307e+00
2.272100e-02 3.265700e-01 2.746424e+00
-1.116010e-01 3.624520e-01 2.630004e+00
-1.205500e-01 1.921020e-01 2.836577e+00
-2.852660e-01 -2.665700e-02 2.725490e+00
4.952000e-02 -4.949100e-02 2.735475e+00
-1.204280e-01 -2.783200e-02 2.839593e+00
-3.351670e-01 7.238500e-02 2.719543e+00
2.815310e-01 4.052140e-01 2.752457e+00
-3.573940e-01 -2.066620e-01 2.702977e+00
5.573900e-01 4.428140e-01 2.718932e+00
-3.521500e-01 -2.597190e-01 2.699030e+00
6.091300e-01 4.562710e-01 2.718801e+00
-2.664270e-01 -5.189890e-01 2.791744e+00
-4.291800e-02 -5.361750e-01 2.783796e+00
-3.161650e-01 -9.032190e-01 2.826596e+00
-5.128100e-02 -9.176370e-01 2.859543e+00
-3.135210e-01 -9.134810e-01 2.717233e+00
-4.779000e-02 -9.391000e-01 2.751841e+00
-8.226700e-02 5.997990e-01 2.714692e+00
-2.515290e-01 3.327110e-01 2.735731e+00
3.561600e-02 3.329830e-01 2.755776e+00
-9.960400e-02 3.675740e-01 2.633939e+00
-1.137020e-01 1.948440e-01 2.838236e+00
-2.830340e-01 -2.430700e-02 2.713646e+00
5.037500e-02 -4.460100e-02 2.747253e+00
-1.266020e-01 -2.341700e-02 2.839028e+00
-3.344350e-01 7.457500e-02 2.723979e+00
3.059700e-01 3.473150e-01 2.774467e+00
-3.582330e-01 -2.049570e-01 2.703816e+00
5.769920e-01 3.884350e-01 2.711477e+00
-3.507730e-01 -2.578140e-01 2.700881e+00
6.245070e-01 4.118300e-01 2.704190e+00
-2.646520e-01 -5.152150e-01 2.792089e+00
-4.278600e-02 -5.327230e-01 2.779530e+00
-3.192640e-01 -8.990290e-01 2.824111e+00
-5.225300e-02 -9.133900e-01 2.859057e+00
-3.085100e-01 -9.096390e-01 2.715280e+00
-4.079000e-02 -9.360100e-01 2.752148e+00
-8.922500e-02 6.036080e-01 2.705679e+00
-2.467290e-01 3.271350e-01 2.724924e+00
3.975800e-02 3.346580e-01 2.762201e+00
-8.964100e-02 3.612770e-01 2.631032e+00
-1.126500e-01 1.966030e-01 2.841091e+00
-2.726260e-01 -2.025000e-02 2.708706e+00
5.868700e-02 -4.944100e-02 2.754346e+00
-1.208510e-01 -2.334300e-02 2.839654e+00
-3.329740e-01 6.860100e-02 2.727208e+00
3.034850e-01 2.785960e-01 2.802056e+00
-3.569590e-01 -2.119640e-01 2.704752e+00
5.666920e-01 3.159800e-01 2.706554e+00
-3.592160e-01 -2.650060e-01 2.698457e+00
6.114790e-01 3.411020e-01 2.691683e+00
-2.625290e-01 -5.125060e-01 2.791168e+00
-4.276000e-02 -5.349190e-01 2.781779e+00
-3.169690e-01 -8.963610e-01 2.822997e+00
-5.118400e-02 -9.155180e-01 2.861745e+00
-3.027730e-01 -9.073620e-01 2.714599e+00
-3.652900e-02 -9.382190e-01 2.755245e+00
-1.031740e-01 6.020870e-01 2.702944e+00
-2.574660e-01 3.249110e-01 2.721623e+00
2.593700e-02 3.425980e-01 2.775394e+00
-9.708400e-02 3.695230e-01 2.638284e+00
-1.244280e-01 1.951000e-01 2.839780e+00
-2.671190e-01 -2.477700e-02 2.702796e+00
6.198600e-02 -4.482200e-02 2.765971e+00
-1.225850e-01 -2.515800e-02 2.841729e+00
-3.351070e-01 6.287500e-02 2.727419e+00
2.276990e-01 1.631560e-01 2.818017e+00
-3.603040e-01 -2.184810e-01 2.705670e+00
4.903090e-01 1.501800e-01 2.712484e+00
-3.411360e-01 -2.678960e-01 2.712662e+00
5.329740e-01 1.736710e-01 2.690439e+00
-2.599800e-01 -5.124970e-01 2.797913e+00
-4.198500e-02 -5.338230e-01 2.779421e+00
-3.127950e-01 -8.968130e-01 2.826779e+00
-5.225400e-02 -9.140690e-01 2.860837e+00
-2.922280e-01 -9.077050e-01 2.719397e+00
-3.228900e-02 -9.372060e-01 2.755298e+00
-1.110230e-01 6.029470e-01 2.697422e+00
-2.664670e-01 3.299440e-01 2.730758e+00
1.838300e-02 3.374810e-01 2.778972e+00
-1.066340e-01 3.734590e-01 2.645801e+00
-1.347960e-01 1.917090e-01 2.840597e+00
-2.786970e-01 -3.014900e-02 2.705986e+00
5.247300e-02 -4.278400e-02 2.759557e+00
-1.302210e-01 -2.743400e-02 2.840671e+00
-3.371900e-01 6.664000e-02 2.726445e+00
1.627440e-01 1.123620e-01 2.832176e+00
-3.648260e-01 -2.137970e-01 2.705048e+00
4.058390e-01 2.527400e-02 2.717342e+00
-3.487380e-01 -2.643680e-01 2.698577e+00
4.510500e-01 2.377600e-02 2.688849e+00
-2.631650e-01 -5.173110e-01 2.796192e+00
-4.429800e-02 -5.337490e-01 2.781984e+00
-3.101170e-01 -9.025340e-01 2.823012e+00
-5.120700e-02 -9.154770e-01 2.856529e+00
-2.923160e-01 -9.122220e-01 2.715022e+00
-3.382100e-02 -9.365730e-01 2.750109e+00
-1.160420e-01 6.013460e-01 2.698691e+00
-2.739260e-01 3.399560e-01 2.734901e+00
1.184700e-02 3.345480e-01 2.777624e+00
-1.139550e-01 3.764260e-01 2.646940e+00
-1.465330e-01 1.956800e-01 2.841982e+00
-2.867720e-01 -2.936900e-02 2.704971e+00
4.385600e-02 -3.414000e-02 2.762985e+00
-1.402290e-01 -2.331000e-02 2.841649e+00
-3.470170e-01 7.761200e-02 2.728304e+00
1.153200e-01 8.809400e-02 2.830196e+00
-3.659600e-01 -2.031250e-01 2.704956e+00
3.134730e-01 -9.300300e-02 2.742695e+00
-3.576220e-01 -2.556910e-01 2.709997e+00
3.473410e-01 -9.468900e-02 2.701364e+00
-2.659610e-01 -5.144140e-01 2.799775e+00
-5.036000e-02 -5.276190e-01 2.781821e+00
-3.165610e-01 -8.990960e-01 2.827708e+00
-5.606500e-02 -9.100000e-01 2.853050e+00
-2.966870e-01 -9.095200e-01 2.720150e+00
-3.714600e-02 -9.300930e-01 2.746698e+00
-1.177090e-01 6.029710e-01 2.693762e+00
-2.824390e-01 3.407100e-01 2.733040e+00
1.809000e-03 3.281170e-01 2.783695e+00
-1.191800e-01 3.711060e-01 2.648892e+00
-1.621260e-01 1.949070e-01 2.846075e+00
-3.037170e-01 -3.430800e-02 2.706846e+00
2.591900e-02 -3.622700e-02 2.770401e+00
-1.595490e-01 -2.712800e-02 2.845973e+00
-3.599770e-01 7.883200e-02 2.727140e+00
7.808400e-02 6.835000e-02 2.820168e+00
-3.746810e-01 -2.031210e-01 2.705877e+00
1.554640e-01 -1.998500e-01 2.772763e+00
-3.753220e-01 -2.556780e-01 2.696106e+00
1.826510e-01 -2.342150e-01 2.742137e+00
-2.769770e-01 -5.194570e-01 2.803652e+00
-5.475900e-02 -5.304510e-01 2.783081e+00
-3.161360e-01 -9.054710e-01 2.831595e+00
-5.729600e-02 -9.133810e-01 2.851489e+00
-2.945960e-01 -9.154220e-01 2.724312e+00
-3.572200e-02 -9.324650e-01 2.745457e+00
-1.325470e-01 6.003120e-01 2.695244e+00
