-3.806980e-01 2.989880e-01 2.699116e+00
-2.099340e-01 3.012750e-01 2.674814e+00
-3.917000e-02 3.035620e-01 2.650512e+00
-1.349980e-01 3.379500e-01 2.592607e+00
-2.308260e-01 3.723380e-01 2.534703e+00
-2.149625e-01 2.668730e-01 2.636245e+00
-1.990990e-01 1.614080e-01 2.737787e+00
-2.860315e-01 6.100000e-02 2.676824e+00
-3.729640e-01 -3.940800e-02 2.615862e+00
-2.037640e-01 -3.982250e-02 2.587873e+00
-3.456400e-02 -4.023700e-02 2.559883e+00
-1.098075e-01 -4.328650e-02 2.630485e+00
-1.850510e-01 -4.633600e-02 2.701088e+00
-3.077905e-01 -5.828000e-03 2.684813e+00
-4.305300e-01 3.468000e-02 2.668539e+00
-2.005340e-01 3.850000e-02 2.668454e+00
2.946200e-02 4.232000e-02 2.668369e+00
-1.892725e-01 -1.027860e-01 2.650128e+00
-4.080070e-01 -2.478920e-01 2.631887e+00
-1.961770e-01 -2.432370e-01 2.624629e+00
1.565300e-02 -2.385820e-01 2.617371e+00
-1.920480e-01 -2.753020e-01 2.629809e+00
-3.997490e-01 -3.120220e-01 2.642248e+00
-2.014145e-01 -3.065955e-01 2.627558e+00
-3.080000e-03 -3.011690e-01 2.612868e+00
-1.455775e-01 -4.212655e-01 2.654713e+00
-2.880750e-01 -5.413620e-01 2.696557e+00
-1.874990e-01 -5.402490e-01 2.685283e+00
-8.692300e-02 -5.391360e-01 2.674010e+00
-1.880490e-01 -7.415445e-01 2.715152e+00
-2.891750e-01 -9.439530e-01 2.756293e+00
-1.798900e-01 -9.420265e-01 2.749102e+00
-7.060500e-02 -9.401000e-01 2.741910e+00
-1.925990e-01 -9.534275e-01 2.672032e+00
-3.145930e-01 -9.667550e-01 2.602155e+00
-2.052570e-01 -9.669375e-01 2.595296e+00
-9.592100e-02 -9.671200e-01 2.588438e+00
-1.547375e-01 -2.046975e-01 2.575267e+00
-2.135540e-01 5.577250e-01 2.562097e+00
-2.965315e-01 4.255040e-01 2.626876e+00
-3.795090e-01 2.932830e-01 2.691654e+00
-2.084545e-01 3.015580e-01 2.670962e+00
-3.740000e-02 3.098330e-01 2.650270e+00
-1.331445e-01 3.394785e-01 2.589667e+00
-2.288890e-01 3.691240e-01 2.529064e+00
-2.113425e-01 2.662690e-01 2.632979e+00
-1.937960e-01 1.634140e-01 2.736893e+00
-2.837590e-01 6.148850e-02 2.672548e+00
-3.737220e-01 -4.043700e-02 2.608203e+00
-2.035190e-01 -4.236700e-02 2.587241e+00
-3.331600e-02 -4.429700e-02 2.566278e+00
-1.114530e-01 -4.727500e-02 2.633667e+00
-1.895900e-01 -5.025300e-02 2.701056e+00
-3.114450e-01 -1.188650e-02 2.685246e+00
-4.333000e-01 2.648000e-02 2.669437e+00
-2.011265e-01 3.633800e-02 2.669611e+00
3.104700e-02 4.619600e-02 2.669785e+00
-1.873660e-01 -1.059530e-01 2.650929e+00
-4.057790e-01 -2.581020e-01 2.632073e+00
-1.979375e-01 -2.472505e-01 2.624312e+00
9.904000e-03 -2.363990e-01 2.616550e+00
-1.886070e-01 -2.786175e-01 2.623255e+00
-3.871180e-01 -3.208360e-01 2.629961e+00
-1.954835e-01 -3.103845e-01 2.619302e+00
-3.849000e-03 -2.999330e-01 2.608644e+00
-1.462890e-01 -4.213920e-01 2.651474e+00
-2.887290e-01 -5.428510e-01 2.694304e+00
-1.880680e-01 -5.423930e-01 2.685507e+00
-8.740700e-02 -5.419350e-01 2.676709e+00
-1.882330e-01 -7.437765e-01 2.714778e+00
-2.890590e-01 -9.456180e-01 2.752847e+00
-1.799815e-01 -9.445950e-01 2.746653e+00
-7.090400e-02 -9.435720e-01 2.740459e+00
-1.896695e-01 -9.558560e-01 2.669125e+00
-3.084350e-01 -9.681400e-01 2.597792e+00
-1.994060e-01 -9.685260e-01 2.591822e+00
-9.037700e-02 -9.689120e-01 2.585852e+00
-1.532390e-01 -2.075820e-01 2.568123e+00
-2.161010e-01 5.537480e-01 2.550393e+00
-2.981960e-01 4.242295e-01 2.621377e+00
-3.802910e-01 2.947110e-01 2.692360e+00
-2.091675e-01 3.003145e-01 2.671345e+00
-3.804400e-02 3.059180e-01 2.650330e+00
-1.334335e-01 3.368300e-01 2.589801e+00
-2.288230e-01 3.677420e-01 2.529272e+00
-2.126605e-01 2.649555e-01 2.633478e+00
-1.964980e-01 1.621690e-01 2.737684e+00
-2.837850e-01 6.073700e-02 2.672529e+00
-3.710720e-01 -4.069500e-02 2.607373e+00
-2.009800e-01 -4.292350e-02 2.585557e+00
-3.088800e-02 -4.515200e-02 2.563741e+00
-1.086775e-01 -4.731850e-02 2.631563e+00
-1.864670e-01 -4.948500e-02 2.699384e+00
-3.084200e-01 -1.171400e-02 2.683072e+00
-4.303730e-01 2.605700e-02 2.666759e+00
-1.984185e-01 3.383650e-02 2.668027e+00
3.353600e-02 4.161600e-02 2.669296e+00
-1.868855e-01 -1.096135e-01 2.651050e+00
-4.073070e-01 -2.608430e-01 2.632803e+00
-1.981145e-01 -2.515655e-01 2.624166e+00
1.107800e-02 -2.422880e-01 2.615529e+00
-1.920380e-01 -2.835290e-01 2.627838e+00
-3.951540e-01 -3.247700e-01 2.640147e+00
-2.004285e-01 -3.150825e-01 2.630299e+00
-5.703000e-03 -3.053950e-01 2.620450e+00
-1.465760e-01 -4.243080e-01 2.657215e+00
-2.874490e-01 -5.432210e-01 2.693980e+00
-1.865670e-01 -5.427850e-01 2.685565e+00
-8.568500e-02 -5.423490e-01 2.677150e+00
-1.849395e-01 -7.423685e-01 2.725265e+00
-2.841940e-01 -9.423880e-01 2.773380e+00
-1.774710e-01 -9.433235e-01 2.756469e+00
-7.074800e-02 -9.442590e-01 2.739558e+00
-1.876585e-01 -9.586745e-01 2.679712e+00
-3.045690e-01 -9.730900e-01 2.619865e+00
-1.978100e-01 -9.710540e-01 2.602415e+00
-9.105100e-02 -9.690180e-01 2.584964e+00
-1.535825e-01 -2.103145e-01 2.564532e+00
-2.161140e-01 5.483890e-01 2.544099e+00
-2.997050e-01 4.227245e-01 2.615544e+00
-3.832960e-01 2.970600e-01 2.686988e+00
-2.118800e-01 2.971870e-01 2.667683e+00
-4.046400e-02 2.973140e-01 2.648378e+00
-1.342975e-01 3.294760e-01 2.586094e+00
-2.281310e-01 3.616380e-01 2.523810e+00
-2.160235e-01 2.610230e-01 2.630652e+00
-2.039160e-01 1.604080e-01 2.737494e+00
-2.876995e-01 5.794850e-02 2.675774e+00
-3.714830e-01 -4.451100e-02 2.614053e+00
-2.024815e-01 -4.492400e-02 2.584891e+00
-3.348000e-02 -4.533700e-02 2.555729e+00
-1.082355e-01 -4.865150e-02 2.626836e+00
-1.829910e-01 -5.196600e-02 2.697943e+00
-3.077360e-01 -1.283650e-02 2.683445e+00
-4.324810e-01 2.629300e-02 2.668947e+00
-2.010150e-01 2.893500e-02 2.668831e+00
3.045100e-02 3.157700e-02 2.668714e+00
-1.873360e-01 -1.143755e-01 2.647037e+00
-4.051230e-01 -2.603280e-01 2.625360e+00
-1.961230e-01 -2.568765e-01 2.618466e+00
1.287700e-02 -2.534250e-01 2.611572e+00
-1.897130e-01 -2.887035e-01 2.622711e+00
-3.923030e-01 -3.239820e-01 2.633849e+00
-1.975950e-01 -3.192955e-01 2.631317e+00
-2.887000e-03 -3.146090e-01 2.628784e+00
-1.458520e-01 -4.302675e-01 2.662173e+00
-2.888170e-01 -5.459260e-01 2.695563e+00
-1.877880e-01 -5.445555e-01 2.685324e+00
-8.675900e-02 -5.431850e-01 2.675085e+00
-1.868175e-01 -7.459695e-01 2.714371e+00
-2.868760e-01 -9.487540e-01 2.753657e+00
-1.779070e-01 -9.462310e-01 2.749418e+00
-6.893800e-02 -9.437080e-01 2.745180e+00
-1.912465e-01 -9.573990e-01 2.672422e+00
-3.135550e-01 -9.710900e-01 2.599664e+00
-2.044880e-01 -9.713855e-01 2.595870e+00
-9.542100e-02 -9.716810e-01 2.592076e+00
-1.556150e-01 -2.114560e-01 2.568217e+00
-2.158090e-01 5.487690e-01 2.544357e+00
-2.960755e-01 4.184465e-01 2.609366e+00
-3.763420e-01 2.881240e-01 2.674376e+00
-3.264300e-02 2.967700e-01 2.645720e+00
-2.181790e-01 3.524810e-01 2.514013e+00
-1.949530e-01 1.578930e-01 2.733869e+00
-3.689420e-01 -4.937700e-02 2.605884e+00
-2.934100e-02 -5.396100e-02 2.557936e+00
-1.831430e-01 -5.606300e-02 2.695642e+00
-4.322640e-01 1.684400e-02 2.662773e+00
3.183800e-02 2.867400e-02 2.674370e+00
-4.022380e-01 -2.720490e-01 2.626355e+00
1.003200e-02 -2.557660e-01 2.608752e+00
-3.879290e-01 -3.351550e-01 2.636412e+00
-6.974000e-03 -3.183940e-01 2.617518e+00
-2.879030e-01 -5.510800e-01 2.695682e+00
-8.091100e-02 -5.506640e-01 2.674563e+00
-2.892330e-01 -9.541550e-01 2.752056e+00
-7.289300e-02 -9.519510e-01 2.742043e+00
-3.114320e-01 -9.757330e-01 2.597246e+00
-9.446700e-02 -9.783050e-01 2.587885e+00
-2.118260e-01 5.553280e-01 2.553917e+00
-3.812060e-01 2.903560e-01 2.672657e+00
-3.803300e-02 3.049960e-01 2.640364e+00
-2.258900e-01 3.558630e-01 2.509994e+00
-1.968510e-01 1.641270e-01 2.731658e+00
-3.707460e-01 -5.046100e-02 2.595966e+00
-2.954000e-02 -4.401000e-02 2.561531e+00
-1.885340e-01 -5.125400e-02 2.693026e+00
-4.279400e-01 1.749400e-02 2.653464e+00
3.636500e-02 4.010400e-02 2.676463e+00
-3.958990e-01 -2.718500e-01 2.620159e+00
1.112500e-02 -2.372120e-01 2.585277e+00
-3.906230e-01 -3.362640e-01 2.630708e+00
2.600000e-05 -2.900870e-01 2.622281e+00
-2.878130e-01 -5.465600e-01 2.698284e+00
-8.357000e-02 -5.444360e-01 2.674808e+00
-2.859320e-01 -9.496160e-01 2.754781e+00
-7.246200e-02 -9.463330e-01 2.738091e+00
-3.009590e-01 -9.715000e-01 2.599154e+00
-8.718600e-02 -9.711800e-01 2.582880e+00
-2.121080e-01 5.494730e-01 2.531402e+00
-3.871090e-01 2.897130e-01 2.677841e+00
-4.440700e-02 3.149970e-01 2.647158e+00
-2.333940e-01 3.672500e-01 2.518989e+00
-1.995380e-01 1.656450e-01 2.731004e+00
-3.639360e-01 -5.962000e-02 2.593389e+00
-2.293200e-02 -3.167400e-02 2.569216e+00
-1.848980e-01 -5.076800e-02 2.695807e+00
-4.290670e-01 1.820300e-02 2.653085e+00
4.313000e-02 5.868600e-02 2.699434e+00
-3.940530e-01 -2.696650e-01 2.625854e+00
2.162300e-02 -1.663840e-01 2.515813e+00
-3.904480e-01 -3.350360e-01 2.627230e+00
1.876700e-02 -2.195640e-01 2.477708e+00
-2.886600e-01 -5.477750e-01 2.698139e+00
-8.558600e-02 -5.420970e-01 2.667616e+00
-2.874090e-01 -9.511290e-01 2.752481e+00
-7.201000e-02 -9.427080e-01 2.738156e+00
-2.956130e-01 -9.722040e-01 2.596235e+00
-8.051600e-02 -9.703250e-01 2.582949e+00
-2.176320e-01 5.441490e-01 2.524926e+00
-3.859570e-01 2.938790e-01 2.671623e+00
-4.349700e-02 3.151410e-01 2.635650e+00
-2.337060e-01 3.631810e-01 2.507640e+00
-1.986280e-01 1.708150e-01 2.727880e+00
-3.610650e-01 -5.898700e-02 2.596870e+00
-2.132300e-02 -2.948100e-02 2.560081e+00
-1.783190e-01 -5.027200e-02 2.692528e+00
-4.312340e-01 2.561900e-02 2.654329e+00
5.315100e-02 6.985800e-02 2.704986e+00
-3.962610e-01 -2.581060e-01 2.620720e+00
2.652500e-02 -5.244000e-03 2.428393e+00
-3.941430e-01 -3.232930e-01 2.626593e+00
2.197600e-02 -2.627100e-02 2.366544e+00
-2.907880e-01 -5.461030e-01 2.696838e+00
-8.889100e-02 -5.401200e-01 2.664143e+00
-2.861080e-01 -9.493130e-01 2.752061e+00
-7.293300e-02 -9.399320e-01 2.738605e+00
-3.005760e-01 -9.708100e-01 2.596328e+00
-8.807000e-02 -9.692880e-01 2.584223e+00
-2.114160e-01 5.494120e-01 2.518308e+00
-3.868580e-01 2.955090e-01 2.667727e+00
-4.383800e-02 3.167680e-01 2.637556e+00
-2.319510e-01 3.687820e-01 2.508012e+00
-2.007070e-01 1.704440e-01 2.723481e+00
-3.594080e-01 -5.188800e-02 2.582782e+00
-1.777600e-02 -2.783200e-02 2.563860e+00
-1.818230e-01 -4.586900e-02 2.687900e+00
-4.292110e-01 3.273000e-02 2.651213e+00
3.344100e-02 6.176200e-02 2.648478e+00
-3.999810e-01 -2.462320e-01 2.626330e+00
4.612400e-02 2.251840e-01 2.419513e+00
-3.891880e-01 -3.108190e-01 2.626794e+00
4.183900e-02 2.607070e-01 2.364667e+00
-2.914300e-01 -5.392500e-01 2.693854e+00
-9.031800e-02 -5.373340e-01 2.662169e+00
-2.870480e-01 -9.422180e-01 2.750832e+00
-7.150000e-02 -9.362870e-01 2.740473e+00
-2.937160e-01 -9.643730e-01 2.594661e+00
-7.819300e-02 -9.669700e-01 2.585752e+00
-2.097150e-01 5.409810e-01 2.505270e+00
-3.741320e-01 3.083060e-01 2.654790e+00
-2.948100e-02 2.928340e-01 2.655983e+00
-1.980190e-01 3.741190e-01 2.515052e+00
-2.083430e-01 1.597000e-01 2.716692e+00
-3.529090e-01 -5.036600e-02 2.569858e+00
-1.027200e-02 -3.611900e-02 2.576628e+00
-1.834600e-01 -5.271000e-02 2.687773e+00
-4.269300e-01 4.619100e-02 2.653511e+00
1.040050e-01 6.693900e-02 2.604540e+00
-4.038410e-01 -2.342330e-01 2.630289e+00
4.925400e-02 2.874010e-01 2.436883e+00
-3.909880e-01 -2.982910e-01 2.625853e+00
2.138900e-02 3.340410e-01 2.400325e+00
-2.870670e-01 -5.377040e-01 2.697207e+00
-8.700300e-02 -5.434210e-01 2.662672e+00
-2.838830e-01 -9.409200e-01 2.752481e+00
-7.318000e-02 -9.428060e-01 2.739806e+00
-2.796770e-01 -9.623220e-01 2.596120e+00
-6.884300e-02 -9.725870e-01 2.584826e+00
-2.135310e-01 5.323920e-01 2.508063e+00
-3.761160e-01 3.066880e-01 2.659173e+00
-3.311700e-02 3.184780e-01 2.623994e+00
-2.216200e-01 3.729230e-01 2.496024e+00
-1.924780e-01 1.779020e-01 2.714789e+00
-3.540600e-01 -4.932900e-02 2.588567e+00
-1.332300e-02 -3.250500e-02 2.553007e+00
-1.714940e-01 -4.669500e-02 2.684928e+00
-4.269520e-01 4.291500e-02 2.662328e+00
1.194710e-01 1.073280e-01 2.558397e+00
-3.996950e-01 -2.373630e-01 2.628176e+00
6.057400e-02 3.438150e-01 2.413243e+00
-3.889780e-01 -3.018600e-01 2.631856e+00
4.516500e-02 3.955560e-01 2.376179e+00
-2.885650e-01 -5.378600e-01 2.698462e+00
-8.692000e-02 -5.388420e-01 2.661179e+00
-2.824210e-01 -9.412060e-01 2.752533e+00
-7.195800e-02 -9.385110e-01 2.736614e+00
-2.978280e-01 -9.623130e-01 2.596836e+00
-8.652300e-02 -9.681930e-01 2.582240e+00
-2.162720e-01 5.531290e-01 2.500889e+00
-3.702150e-01 3.084550e-01 2.683583e+00
-3.797900e-02 3.247120e-01 2.592040e+00
-2.458410e-01 3.756820e-01 2.496807e+00
-1.780340e-01 1.825890e-01 2.708604e+00
-3.495260e-01 -4.097300e-02 2.615791e+00
-1.913900e-02 -3.370400e-02 2.523920e+00
-1.535260e-01 -3.807000e-02 2.680584e+00
-4.260610e-01 5.239200e-02 2.661310e+00
1.329510e-01 1.774110e-01 2.456880e+00
-4.043750e-01 -2.238160e-01 2.642000e+00
7.782600e-02 4.196300e-01 2.332682e+00
-3.894840e-01 -2.835160e-01 2.619588e+00
5.968600e-02 4.748710e-01 2.302554e+00
-2.897330e-01 -5.373340e-01 2.692578e+00
-8.567800e-02 -5.361980e-01 2.654893e+00
-2.854330e-01 -9.389020e-01 2.758711e+00
-7.326400e-02 -9.346010e-01 2.737173e+00
-3.285040e-01 -9.640330e-01 2.608918e+00
-1.139050e-01 -9.666700e-01 2.588027e+00
-2.121270e-01 5.546630e-01 2.492887e+00
-3.678950e-01 3.025250e-01 2.683047e+00
-3.927900e-02 3.207140e-01 2.579578e+00
-2.513020e-01 3.608510e-01 2.488424e+00
-1.719120e-01 1.829260e-01 2.709288e+00
-3.445830e-01 -3.380000e-02 2.619834e+00
-1.780700e-02 -4.607100e-02 2.516318e+00
-1.464940e-01 -4.016100e-02 2.677648e+00
-4.249330e-01 4.760600e-02 2.674693e+00
1.311550e-01 2.614700e-01 2.390504e+00
-4.010190e-01 -2.251090e-01 2.639884e+00
1.000050e-01 4.779540e-01 2.222215e+00
-3.923660e-01 -2.890910e-01 2.628940e+00
9.250600e-02 5.330930e-01 2.187693e+00
-2.884190e-01 -5.369420e-01 2.692126e+00
-8.210000e-02 -5.412640e-01 2.656371e+00
-2.844350e-01 -9.392480e-01 2.753630e+00
-7.444800e-02 -9.393230e-01 2.740871e+00
-3.343540e-01 -9.623660e-01 2.605650e+00
-1.219740e-01 -9.714590e-01 2.593789e+00
-2.110750e-01 5.590960e-01 2.496322e+00
-3.592970e-01 3.133910e-01 2.675787e+00
-3.688500e-02 3.149970e-01 2.564744e+00
-2.460900e-01 3.569330e-01 2.475383e+00
-1.665340e-01 1.890860e-01 2.703941e+00
-3.383500e-01 -2.974800e-02 2.620512e+00
-1.561600e-02 -5.013100e-02 2.506158e+00
-1.384870e-01 -3.788200e-02 2.671613e+00
-4.179930e-01 5.764100e-02 2.674683e+00
7.885900e-02 3.670190e-01 2.335067e+00
-3.942250e-01 -2.161350e-01 2.639341e+00
1.274680e-01 5.317390e-01 2.117646e+00
-3.834650e-01 -2.751700e-01 2.613125e+00
1.397690e-01 5.786200e-01 2.073611e+00
-2.868220e-01 -5.352660e-01 2.689929e+00
-8.273100e-02 -5.424130e-01 2.653630e+00
-2.862400e-01 -9.373860e-01 2.752762e+00
-7.555000e-02 -9.392730e-01 2.743626e+00
-3.416930e-01 -9.602840e-01 2.606731e+00
-1.287910e-01 -9.730580e-01 2.598890e+00
-2.025080e-01 5.764590e-01 2.505007e+00
-3.467190e-01 3.197710e-01 2.683131e+00
-4.739800e-02 3.162280e-01 2.532663e+00
-2.613430e-01 3.560180e-01 2.468024e+00
-1.519230e-01 1.956090e-01 2.689467e+00
-3.390700e-01 -2.545600e-02 2.625202e+00
-2.765900e-02 -4.759000e-02 2.483139e+00
-1.354120e-01 -3.152000e-02 2.658505e+00
-4.177470e-01 6.564300e-02 2.691238e+00
4.140900e-02 4.297260e-01 2.311477e+00
-3.933770e-01 -2.067000e-01 2.637055e+00
1.602860e-01 5.217870e-01 2.076756e+00
-3.886440e-01 -2.699930e-01 2.620934e+00
1.856390e-01 5.512030e-01 2.024029e+00
-2.865200e-01 -5.319760e-01 2.686174e+00
-8.090100e-02 -5.368710e-01 2.646679e+00
-2.853300e-01 -9.326460e-01 2.757667e+00
-7.166200e-02 -9.334410e-01 2.737758e+00
-3.534600e-01 -9.578590e-01 2.617499e+00
-1.374100e-01 -9.670230e-01 2.598209e+00
-2.054360e-01 5.845710e-01 2.500603e+00
-3.511730e-01 3.198080e-01 2.675386e+00
-4.856500e-02 3.126720e-01 2.533448e+00
-2.604140e-01 3.473450e-01 2.461194e+00
-1.554990e-01 1.980510e-01 2.692376e+00
-3.338390e-01 -2.454400e-02 2.622920e+00
-2.377500e-02 -5.082900e-02 2.478635e+00
-1.300840e-01 -3.399500e-02 2.654809e+00
-4.205960e-01 6.619800e-02 2.690404e+00
3.616700e-02 4.275700e-01 2.312130e+00
-3.931870e-01 -2.065910e-01 2.643827e+00
1.396260e-01 5.203250e-01 2.071242e+00
-3.885500e-01 -2.688210e-01 2.623975e+00
1.690690e-01 5.576630e-01 2.026217e+00
-2.800470e-01 -5.313910e-01 2.688589e+00
-7.961000e-02 -5.395420e-01 2.640599e+00
-2.845760e-01 -9.337290e-01 2.749848e+00
-7.252000e-02 -9.348820e-01 2.737063e+00
-3.533110e-01 -9.543650e-01 2.609228e+00
-1.395420e-01 -9.699000e-01 2.598476e+00
-2.084650e-01 5.876880e-01 2.512377e+00
-3.487680e-01 3.255180e-01 2.670268e+00
-4.511900e-02 3.086240e-01 2.532289e+00
-2.547240e-01 3.482780e-01 2.456933e+00
-1.567260e-01 1.986510e-01 2.690917e+00
-3.341140e-01 -2.408600e-02 2.621132e+00
-2.300100e-02 -5.352500e-02 2.479742e+00
-1.306670e-01 -3.396800e-02 2.654808e+00
-4.169380e-01 7.262000e-02 2.691770e+00
3.572400e-02 4.201870e-01 2.308492e+00
-3.921650e-01 -1.994990e-01 2.643373e+00
1.445050e-01 5.158470e-01 2.071806e+00
-3.884020e-01 -2.622570e-01 2.625058e+00
1.629470e-01 5.488470e-01 2.018335e+00
-2.814370e-01 -5.321370e-01 2.686496e+00
-7.923200e-02 -5.417670e-01 2.639200e+00
-2.868290e-01 -9.343450e-01 2.748532e+00
-6.999200e-02 -9.366010e-01 2.737536e+00
-3.544770e-01 -9.552040e-01 2.607418e+00
-1.360410e-01 -9.727090e-01 2.598763e+00
-2.062710e-01 5.906690e-01 2.513535e+00
-3.409000e-01 3.193680e-01 2.681787e+00
-3.678900e-02 3.154040e-01 2.536478e+00
-2.506230e-01 3.599610e-01 2.469476e+00
-1.480160e-01 1.922910e-01 2.688791e+00
-3.341300e-01 -2.445100e-02 2.624784e+00
-2.551600e-02 -5.019300e-02 2.477326e+00
-1.302370e-01 -3.680100e-02 2.654743e+00
-4.169580e-01 6.834100e-02 2.682807e+00
4.510100e-02 4.103230e-01 2.306076e+00
-4.001270e-01 -2.046680e-01 2.639333e+00
1.513420e-01 5.141670e-01 2.072332e+00
-3.877890e-01 -2.646790e-01 2.616208e+00
1.681010e-01 5.422640e-01 2.015605e+00
-2.833950e-01 -5.329020e-01 2.679934e+00
-8.126900e-02 -5.387610e-01 2.640015e+00
-2.865920e-01 -9.333310e-01 2.752707e+00
-6.932200e-02 -9.329530e-01 2.740609e+00
-3.569670e-01 -9.580560e-01 2.613564e+00
-1.377190e-01 -9.700790e-01 2.603249e+00
-1.975160e-01 5.882030e-01 2.523468e+00
-3.510770e-01 3.168990e-01 2.670747e+00
-3.337100e-02 3.198070e-01 2.549341e+00
-2.449370e-01 3.591970e-01 2.466250e+00
-1.564940e-01 1.943840e-01 2.693749e+00
-3.393060e-01 -2.687800e-02 2.609877e+00
-1.938900e-02 -5.174000e-02 2.488700e+00
-1.384180e-01 -3.584000e-02 2.656634e+00
-4.200410e-01 6.430500e-02 2.674571e+00
6.330400e-02 3.833180e-01 2.314405e+00
-3.921260e-01 -2.085710e-01 2.639707e+00
1.374960e-01 5.039870e-01 2.076938e+00
-3.892630e-01 -2.718230e-01 2.622995e+00
1.479100e-01 5.466540e-01 2.028365e+00
-2.827260e-01 -5.337670e-01 2.680573e+00
-8.094500e-02 -5.407360e-01 2.644737e+00
-2.876250e-01 -9.340180e-01 2.754224e+00
-7.030500e-02 -9.371920e-01 2.736162e+00
-3.456200e-01 -9.599050e-01 2.609687e+00
-1.271940e-01 -9.717330e-01 2.593001e+00
-2.084350e-01 5.869280e-01 2.513333e+00
-3.510790e-01 3.098220e-01 2.681050e+00
-3.311400e-02 3.106060e-01 2.556855e+00
-2.454530e-01 3.582450e-01 2.477648e+00
-1.592120e-01 1.820580e-01 2.697333e+00
-3.342850e-01 -2.747400e-02 2.615870e+00
-1.588500e-02 -5.432500e-02 2.491172e+00
-1.329330e-01 -3.736300e-02 2.660389e+00
-4.249980e-01 5.984700e-02 2.672407e+00
7.905900e-02 3.579150e-01 2.326191e+00
-3.947290e-01 -2.112670e-01 2.634642e+00
1.362780e-01 4.925830e-01 2.092878e+00
-3.832880e-01 -2.705670e-01 2.609327e+00
1.375060e-01 5.259040e-01 2.036518e+00
-2.842750e-01 -5.357990e-01 2.679061e+00
-8.136200e-02 -5.425350e-01 2.650394e+00
-2.860860e-01 -9.348730e-01 2.758977e+00
-7.276500e-02 -9.391090e-01 2.741522e+00
-3.466940e-01 -9.632320e-01 2.615984e+00
-1.314980e-01 -9.731350e-01 2.598984e+00
-2.094000e-01 5.729410e-01 2.508549e+00
-3.480710e-01 3.136200e-01 2.680218e+00
-2.225300e-02 3.171570e-01 2.566837e+00
-2.351100e-01 3.650170e-01 2.481543e+00
-1.564350e-01 1.863370e-01 2.702053e+00
-3.392580e-01 -2.744700e-02 2.612848e+00
-1.631500e-02 -5.158800e-02 2.499826e+00
-1.397070e-01 -3.775200e-02 2.664767e+00
-4.216540e-01 6.362800e-02 2.657011e+00
1.202400e-01 3.121620e-01 2.347475e+00
-3.986240e-01 -2.101180e-01 2.627887e+00
1.281720e-01 4.761730e-01 2.125319e+00
-3.927580e-01 -2.746360e-01 2.618335e+00
1.285290e-01 5.165860e-01 2.073793e+00
-2.872430e-01 -5.355030e-01 2.676934e+00
-8.313800e-02 -5.408430e-01 2.653713e+00
-2.873720e-01 -9.356260e-01 2.751437e+00
-7.194100e-02 -9.393940e-01 2.735451e+00
-3.424310e-01 -9.626940e-01 2.605971e+00
-1.254220e-01 -9.706770e-01 2.590242e+00
-2.030760e-01 5.716330e-01 2.502080e+00
-3.542660e-01 3.134600e-01 2.677937e+00
-2.450000e-02 3.143750e-01 2.576557e+00
-2.333940e-01 3.670600e-01 2.484571e+00
-1.653780e-01 1.829380e-01 2.704147e+00
-3.425570e-01 -2.865700e-02 2.609519e+00
-1.578200e-02 -5.403300e-02 2.508409e+00
-1.451390e-01 -4.053300e-02 2.668743e+00
-4.209670e-01 6.011400e-02 2.652608e+00
1.353360e-01 2.911350e-01 2.368741e+00
-4.047450e-01 -2.163840e-01 2.629747e+00
1.219270e-01 4.625520e-01 2.150399e+00
-3.913560e-01 -2.784350e-01 2.613667e+00
1.135540e-01 4.971950e-01 2.095463e+00
-2.878600e-01 -5.370300e-01 2.678308e+00
-8.358900e-02 -5.432410e-01 2.656556e+00
-2.873440e-01 -9.364510e-01 2.756486e+00
-7.163000e-02 -9.414760e-01 2.739713e+00
-3.369430e-01 -9.653030e-01 2.609407e+00
-1.199420e-01 -9.735880e-01 2.592882e+00
-2.103150e-01 5.681840e-01 2.504465e+00
-3.553280e-01 3.167130e-01 2.667533e+00
-1.832400e-02 3.254280e-01 2.594199e+00
-2.195390e-01 3.803800e-01 2.487584e+00
-1.675610e-01 1.868850e-01 2.703451e+00
-3.477520e-01 -3.431700e-02 2.590707e+00
-9.589000e-03 -3.974500e-02 2.533566e+00
-1.595000e-01 -3.567700e-02 2.675454e+00
-4.242690e-01 6.122700e-02 2.659952e+00
1.446940e-01 2.366370e-01 2.405454e+00
-4.040240e-01 -2.156700e-01 2.627455e+00
1.046980e-01 4.315350e-01 2.209105e+00
-3.958530e-01 -2.805660e-01 2.624295e+00
1.161620e-01 4.616360e-01 2.152090e+00
-2.890360e-01 -5.343590e-01 2.681130e+00
-8.370500e-02 -5.392800e-01 2.652722e+00
-2.882820e-01 -9.343000e-01 2.756605e+00
-7.068700e-02 -9.373510e-01 2.736502e+00
-3.161520e-01 -9.631670e-01 2.603914e+00
-9.687900e-02 -9.702350e-01 2.584327e+00
-2.101940e-01 5.712660e-01 2.505099e+00
-3.649960e-01 3.027510e-01 2.668540e+00
-2.795600e-02 3.279910e-01 2.599318e+00
-2.302990e-01 3.739580e-01 2.490608e+00
-1.716780e-01 1.818000e-01 2.705967e+00
-3.454490e-01 -3.574700e-02 2.601192e+00
-9.949000e-03 -3.858100e-02 2.529912e+00
-1.538660e-01 -4.155700e-02 2.677904e+00
-4.282830e-01 4.182800e-02 2.656338e+00
1.474590e-01 1.642920e-01 2.478208e+00
-3.952020e-01 -2.379390e-01 2.622086e+00
9.168600e-02 3.658990e-01 2.286424e+00
-3.902340e-01 -3.030850e-01 2.626520e+00
8.589800e-02 3.995390e-01 2.230540e+00
-2.889370e-01 -5.352720e-01 2.682381e+00
-8.691500e-02 -5.375590e-01 2.656886e+00
-2.884630e-01 -9.369400e-01 2.748045e+00
-7.089700e-02 -9.370100e-01 2.733250e+00
-3.225530e-01 -9.618490e-01 2.595921e+00
-1.034090e-01 -9.672760e-01 2.581752e+00
-2.156860e-01 5.643290e-01 2.505844e+00
-3.644950e-01 3.042660e-01 2.672686e+00
-2.844100e-02 3.189880e-01 2.596031e+00
-2.317390e-01 3.682960e-01 2.490616e+00
-1.737300e-01 1.788660e-01 2.708543e+00
-3.477510e-01 -4.202900e-02 2.603224e+00
-1.331000e-02 -4.149800e-02 2.527080e+00
-1.550150e-01 -4.220700e-02 2.677219e+00
-4.270000e-01 4.299000e-02 2.654197e+00
1.366280e-01 1.215430e-01 2.516775e+00
-3.985920e-01 -2.387410e-01 2.628342e+00
8.212200e-02 3.207120e-01 2.321306e+00
-3.945660e-01 -3.039920e-01 2.632118e+00
6.843400e-02 3.535380e-01 2.266321e+00
-2.891910e-01 -5.395080e-01 2.689349e+00
-8.559700e-02 -5.402470e-01 2.661833e+00
-2.897640e-01 -9.417800e-01 2.751202e+00
-7.195500e-02 -9.402630e-01 2.735661e+00
-3.255430e-01 -9.650990e-01 2.599213e+00
-1.062520e-01 -9.693630e-01 2.584329e+00
-2.130720e-01 5.589080e-01 2.502538e+00
-3.762650e-01 3.065100e-01 2.669343e+00
-3.748500e-02 3.115400e-01 2.604321e+00
-2.354910e-01 3.672760e-01 2.492245e+00
-1.906370e-01 1.753600e-01 2.711099e+00
-3.494980e-01 -4.391500e-02 2.600403e+00
-1.288000e-02 -4.299500e-02 2.534548e+00
-1.591220e-01 -4.354900e-02 2.680273e+00
-4.292520e-01 4.434000e-02 2.650348e+00
9.917100e-02 8.362400e-02 2.568531e+00
-4.040760e-01 -2.369490e-01 2.630166e+00
7.617900e-02 2.689020e-01 2.355673e+00
-3.936930e-01 -3.015750e-01 2.632162e+00
6.079200e-02 2.954780e-01 2.297835e+00
-2.898570e-01 -5.411360e-01 2.690670e+00
-8.574300e-02 -5.429230e-01 2.662137e+00
-2.866120e-01 -9.439080e-01 2.749095e+00
-7.249300e-02 -9.420600e-01 2.740642e+00
-3.179390e-01 -9.663680e-01 2.595998e+00
-1.020630e-01 -9.729340e-01 2.588665e+00
-2.194470e-01 5.536330e-01 2.501127e+00
-3.854530e-01 2.973420e-01 2.663943e+00
-4.549600e-02 3.154710e-01 2.608035e+00
-2.424590e-01 3.595890e-01 2.489152e+00
-1.956240e-01 1.755460e-01 2.714265e+00
-3.564000e-01 -5.301000e-02 2.587879e+00
-1.586800e-02 -3.697700e-02 2.550063e+00
-1.734330e-01 -4.531000e-02 2.683203e+00
-4.367900e-01 3.443600e-02 2.658087e+00
2.016400e-02 5.671300e-02 2.630907e+00
-3.968390e-01 -2.441700e-01 2.629400e+00
7.067400e-02 2.003220e-01 2.392442e+00
-3.886810e-01 -3.083800e-01 2.619462e+00
5.847000e-02 2.345540e-01 2.337967e+00
-2.891330e-01 -5.437480e-01 2.694257e+00
-8.650300e-02 -5.426600e-01 2.663216e+00
-2.878800e-01 -9.466150e-01 2.752097e+00
-7.096400e-02 -9.425740e-01 2.737222e+00
-3.039940e-01 -9.689830e-01 2.596648e+00
-8.656500e-02 -9.717470e-01 2.582852e+00
-2.225470e-01 5.515770e-01 2.499519e+00
-3.867140e-01 3.015810e-01 2.666045e+00
-4.579400e-02 3.236800e-01 2.617981e+00
-2.404970e-01 3.679280e-01 2.495480e+00
-1.969020e-01 1.807100e-01 2.718616e+00
-3.570900e-01 -4.598300e-02 2.593402e+00
-1.772500e-02 -3.407000e-02 2.545042e+00
-1.711120e-01 -4.247600e-02 2.682970e+00
-4.296130e-01 3.857300e-02 2.649835e+00
1.199300e-02 6.516100e-02 2.651223e+00
-4.070540e-01 -2.416450e-01 2.628931e+00
7.755400e-02 1.627930e-01 2.395024e+00
-3.957440e-01 -3.059200e-01 2.623543e+00
6.653400e-02 1.994950e-01 2.341923e+00
-2.903070e-01 -5.392590e-01 2.691140e+00
-8.805900e-02 -5.382180e-01 2.661429e+00
-2.863670e-01 -9.406630e-01 2.758284e+00
-7.214000e-02 -9.377050e-01 2.737628e+00
-3.081240e-01 -9.666680e-01 2.604094e+00
-9.279800e-02 -9.678250e-01 2.584036e+00
-2.202750e-01 5.609840e-01 2.510374e+00
-3.860610e-01 2.882710e-01 2.660413e+00
-4.467700e-02 3.207530e-01 2.622638e+00
-2.367590e-01 3.573490e-01 2.493646e+00
-1.942480e-01 1.741510e-01 2.720301e+00
-3.612170e-01 -5.046300e-02 2.583316e+00
-1.927400e-02 -3.743200e-02 2.559768e+00
-1.822140e-01 -4.761200e-02 2.686138e+00
-4.325560e-01 2.682800e-02 2.651126e+00
8.593000e-03 6.327700e-02 2.660971e+00
-3.999970e-01 -2.500500e-01 2.619615e+00
8.233900e-02 1.190320e-01 2.396079e+00
-3.912720e-01 -3.146220e-01 2.626141e+00
4.888400e-02 1.443230e-01 2.345787e+00
-2.914470e-01 -5.417910e-01 2.694838e+00
-8.860600e-02 -5.429720e-01 2.662994e+00
-2.885790e-01 -9.443970e-01 2.754410e+00
-7.497600e-02 -9.429020e-01 2.737285e+00
-2.983780e-01 -9.675300e-01 2.598547e+00
-8.436000e-02 -9.719940e-01 2.582397e+00
-2.168710e-01 5.504930e-01 2.505875e+00
-3.866120e-01 3.001000e-01 2.667311e+00
-4.429200e-02 3.214510e-01 2.630075e+00
-2.349300e-01 3.666410e-01 2.501665e+00
-1.988600e-01 1.785400e-01 2.725402e+00
-3.634130e-01 -4.870700e-02 2.579819e+00
-2.102300e-02 -3.347000e-02 2.566188e+00
-1.874130e-01 -4.644800e-02 2.687714e+00
-4.365950e-01 4.204600e-02 2.657951e+00
2.922500e-02 7.204400e-02 2.669687e+00
-4.039260e-01 -2.313660e-01 2.621806e+00
6.375100e-02 3.909100e-02 2.396100e+00
-3.971250e-01 -2.963970e-01 2.618206e+00
8.398900e-02 4.402000e-02 2.334016e+00
-2.919570e-01 -5.393320e-01 2.693689e+00
-9.110300e-02 -5.404020e-01 2.662351e+00
-2.871880e-01 -9.422190e-01 2.751214e+00
-7.228000e-02 -9.393030e-01 2.740919e+00
-2.922900e-01 -9.645820e-01 2.595014e+00
-7.702800e-02 -9.700140e-01 2.586132e+00
-2.187690e-01 5.531790e-01 2.508795e+00
-3.867370e-01 3.009680e-01 2.674437e+00
-4.615000e-02 3.258710e-01 2.625391e+00
-2.416070e-01 3.711040e-01 2.504460e+00
-1.960210e-01 1.803060e-01 2.724139e+00
-3.659630e-01 -4.438400e-02 2.600233e+00
-2.675300e-02 -3.261400e-02 2.550763e+00
-1.796300e-01 -4.303800e-02 2.689119e+00
-4.385770e-01 4.427900e-02 2.658204e+00
3.628000e-02 8.050700e-02 2.668306e+00
-4.099150e-01 -2.297620e-01 2.629376e+00
6.276000e-02 -2.693100e-02 2.414324e+00
-3.982330e-01 -2.911700e-01 2.609861e+00
8.673700e-02 -4.860400e-02 2.357371e+00
-2.921600e-01 -5.394970e-01 2.692029e+00
-9.284900e-02 -5.377480e-01 2.660333e+00
-2.886310e-01 -9.418930e-01 2.752972e+00
-7.469900e-02 -9.366880e-01 2.738860e+00
-3.105160e-01 -9.654930e-01 2.598413e+00
-9.584900e-02 -9.678290e-01 2.585538e+00
-2.252900e-01 5.519080e-01 2.505725e+00
-3.875470e-01 3.024450e-01 2.689313e+00
-4.911000e-02 3.178720e-01 2.624139e+00
-2.485580e-01 3.740450e-01 2.514873e+00
-1.989570e-01 1.737590e-01 2.725031e+00
-3.651940e-01 -4.365500e-02 2.608096e+00
-2.857700e-02 -3.417200e-02 2.542918e+00
-1.749310e-01 -4.344200e-02 2.688236e+00
-4.358970e-01 4.587800e-02 2.654119e+00
3.337500e-02 7.177700e-02 2.669265e+00
-4.119020e-01 -2.304500e-01 2.633002e+00
5.649800e-02 -1.106980e-01 2.460585e+00
-4.032030e-01 -2.944580e-01 2.622253e+00
6.538800e-02 -1.559010e-01 2.414046e+00
-2.928790e-01 -5.400060e-01 2.692867e+00
-9.486100e-02 -5.370870e-01 2.664060e+00
-2.874000e-01 -9.418550e-01 2.757184e+00
-7.233100e-02 -9.363100e-01 2.739974e+00
-3.169730e-01 -9.667570e-01 2.604116e+00
-1.008780e-01 -9.668690e-01 2.587739e+00
-2.205200e-01 5.465910e-01 2.511538e+00
-3.900790e-01 2.963220e-01 2.675869e+00
-4.916700e-02 3.089260e-01 2.624439e+00
-2.435900e-01 3.656600e-01 2.506734e+00
-2.040330e-01 1.666060e-01 2.720166e+00
-3.707750e-01 -5.110600e-02 2.592230e+00
-3.016900e-02 -3.482300e-02 2.555201e+00
-1.878440e-01 -4.752700e-02 2.687864e+00
-4.410480e-01 3.546700e-02 2.663934e+00
3.087700e-02 5.692500e-02 2.654005e+00
-4.068230e-01 -2.403110e-01 2.622746e+00
4.669500e-02 -2.034560e-01 2.549732e+00
-3.976390e-01 -3.032750e-01 2.607274e+00
4.704300e-02 -2.641910e-01 2.525251e+00
-2.916510e-01 -5.433490e-01 2.694450e+00
-9.279500e-02 -5.406040e-01 2.662931e+00
-2.910530e-01 -9.465610e-01 2.749846e+00
-7.137000e-02 -9.401760e-01 2.737308e+00
-3.061850e-01 -9.679730e-01 2.594164e+00
-8.661000e-02 -9.697220e-01 2.582973e+00
-2.237510e-01 5.523840e-01 2.523175e+00
-3.832550e-01 3.036090e-01 2.675704e+00
-4.259300e-02 3.008500e-01 2.621239e+00
-2.354820e-01 3.639490e-01 2.504251e+00
-2.024970e-01 1.667980e-01 2.720548e+00
-3.772090e-01 -4.619300e-02 2.595530e+00
-3.784100e-02 -4.499100e-02 2.545765e+00
-1.908450e-01 -4.874000e-02 2.684323e+00
-4.411280e-01 4.104300e-02 2.665194e+00
2.526100e-02 4.198200e-02 2.649235e+00
-4.114770e-01 -2.392630e-01 2.629549e+00
2.414800e-02 -2.382640e-01 2.602524e+00
-4.016590e-01 -3.017360e-01 2.612549e+00
1.232000e-02 -3.003580e-01 2.585413e+00
-2.909410e-01 -5.433860e-01 2.696681e+00
-9.340800e-02 -5.436620e-01 2.665538e+00
-2.879710e-01 -9.464910e-01 2.752779e+00
-7.470500e-02 -9.427110e-01 2.743375e+00
-3.104890e-01 -9.681920e-01 2.598033e+00
-9.697100e-02 -9.736390e-01 2.590168e+00
-2.220830e-01 5.486320e-01 2.516397e+00
-3.799340e-01 2.936350e-01 2.666552e+00
-3.804300e-02 2.953540e-01 2.620368e+00
-2.289690e-01 3.535320e-01 2.497745e+00
-1.982480e-01 1.604160e-01 2.717980e+00
-3.763640e-01 -4.965300e-02 2.593044e+00
-3.680600e-02 -4.951500e-02 2.544570e+00
-1.903510e-01 -5.371300e-02 2.682516e+00
-4.376580e-01 2.814300e-02 2.659441e+00
2.224900e-02 3.119000e-02 2.641596e+00
-4.100510e-01 -2.549690e-01 2.621442e+00
1.765300e-02 -2.550130e-01 2.620971e+00
-3.934470e-01 -3.168510e-01 2.607908e+00
8.930000e-03 -3.199050e-01 2.622030e+00
-2.904480e-01 -5.466430e-01 2.695904e+00
-9.134400e-02 -5.468880e-01 2.666603e+00
-2.881920e-01 -9.486250e-01 2.759581e+00
-7.115600e-02 -9.466740e-01 2.740176e+00
-3.101210e-01 -9.732060e-01 2.605181e+00
-9.318200e-02 -9.760430e-01 2.586629e+00
-2.202560e-01 5.456690e-01 2.518274e+00
-3.817840e-01 2.938080e-01 2.677461e+00
-4.191700e-02 3.010330e-01 2.618612e+00
-2.379070e-01 3.614150e-01 2.505407e+00
-1.969730e-01 1.608860e-01 2.717192e+00
-3.770980e-01 -5.186100e-02 2.589271e+00
-3.654900e-02 -4.741900e-02 2.548574e+00
-1.931510e-01 -5.268300e-02 2.683002e+00
-4.376060e-01 2.849600e-02 2.657422e+00
1.665100e-02 3.630500e-02 2.638534e+00
-4.076750e-01 -2.553420e-01 2.626725e+00
1.091500e-02 -2.504500e-01 2.626675e+00
-3.980620e-01 -3.196900e-01 2.619301e+00
-8.711000e-03 -3.095210e-01 2.606338e+00
-2.916040e-01 -5.461920e-01 2.699486e+00
-8.925000e-02 -5.461460e-01 2.668115e+00
-2.896310e-01 -9.501340e-01 2.749246e+00
-7.769800e-02 -9.472990e-01 2.735883e+00
-3.076470e-01 -9.693960e-01 2.593589e+00
-9.537800e-02 -9.739260e-01 2.581277e+00
-2.238750e-01 5.460030e-01 2.520396e+00
