-3.656800e-01 3.983240e-01 2.719593e+00
-1.396500e-01 3.832890e-01 2.686046e+00
8.638000e-02 3.682540e-01 2.652498e+00
-3.039250e-02 4.186635e-01 2.624731e+00
-1.471650e-01 4.690730e-01 2.596964e+00
-1.432755e-01 3.495985e-01 2.676714e+00
-1.393860e-01 2.301240e-01 2.756464e+00
-2.462780e-01 1.296390e-01 2.705682e+00
-3.531700e-01 2.915400e-02 2.654901e+00
-1.493815e-01 2.245150e-02 2.624160e+00
5.440700e-02 1.574900e-02 2.593420e+00
-3.651000e-02 1.770000e-02 2.681866e+00
-1.274270e-01 1.965100e-02 2.770312e+00
-2.699020e-01 7.514750e-02 2.710224e+00
-4.123770e-01 1.306440e-01 2.650137e+00
-1.430450e-01 1.189470e-01 2.698599e+00
1.262870e-01 1.072500e-01 2.747060e+00
-1.331260e-01 -3.268300e-02 2.668735e+00
-3.925390e-01 -1.726160e-01 2.590409e+00
-1.437475e-01 -1.727900e-01 2.603626e+00
1.050440e-01 -1.729640e-01 2.616844e+00
-1.149540e-01 -2.065710e-01 2.597043e+00
-3.349520e-01 -2.401780e-01 2.577242e+00
-1.386090e-01 -2.432595e-01 2.607435e+00
5.773400e-02 -2.463410e-01 2.637627e+00
-9.814150e-02 -4.223630e-01 2.652223e+00
-2.540170e-01 -5.983850e-01 2.666820e+00
-1.336285e-01 -5.968130e-01 2.679577e+00
-1.324000e-02 -5.952410e-01 2.692333e+00
-1.438625e-01 -8.424705e-01 2.715630e+00
-2.744850e-01 -1.089700e+00 2.738927e+00
-1.432505e-01 -1.089315e+00 2.744252e+00
-1.201600e-02 -1.088931e+00 2.749578e+00
-1.604480e-01 -1.104766e+00 2.634089e+00
-3.088800e-01 -1.120602e+00 2.518601e+00
-1.767690e-01 -1.117635e+00 2.523462e+00
-4.465800e-02 -1.114667e+00 2.528323e+00
-6.052000e-02 -2.080355e-01 2.547133e+00
-7.638200e-02 6.985960e-01 2.565942e+00
-2.228885e-01 5.497945e-01 2.636515e+00
-3.693950e-01 4.009930e-01 2.707089e+00
-1.426415e-01 3.827100e-01 2.680829e+00
8.411200e-02 3.644270e-01 2.654569e+00
-3.139900e-02 4.141980e-01 2.620983e+00
-1.469100e-01 4.639690e-01 2.587397e+00
-1.462865e-01 3.486205e-01 2.673091e+00
-1.456630e-01 2.332720e-01 2.758785e+00
-2.510965e-01 1.298300e-01 2.706869e+00
-3.565300e-01 2.638800e-02 2.654953e+00
-1.523345e-01 1.908900e-02 2.627192e+00
5.186100e-02 1.179000e-02 2.599431e+00
-4.029950e-02 1.491000e-02 2.686547e+00
-1.324600e-01 1.803000e-02 2.773663e+00
-2.744260e-01 7.408700e-02 2.714348e+00
-4.163920e-01 1.301440e-01 2.655033e+00
-1.470905e-01 1.156545e-01 2.698159e+00
1.222110e-01 1.011650e-01 2.741285e+00
-1.350010e-01 -3.464950e-02 2.664565e+00
-3.922130e-01 -1.704640e-01 2.587844e+00
-1.472340e-01 -1.740915e-01 2.599201e+00
9.774500e-02 -1.777190e-01 2.610559e+00
-1.212550e-01 -2.085650e-01 2.586942e+00
-3.402550e-01 -2.394110e-01 2.563325e+00
-1.398665e-01 -2.470225e-01 2.600662e+00
6.052200e-02 -2.546340e-01 2.637998e+00
-9.653800e-02 -4.282785e-01 2.650581e+00
-2.535980e-01 -6.019230e-01 2.663164e+00
-1.344855e-01 -6.009500e-01 2.676090e+00
-1.537300e-02 -5.999770e-01 2.689017e+00
-1.448675e-01 -8.453035e-01 2.720089e+00
-2.743620e-01 -1.090630e+00 2.751162e+00
-1.430475e-01 -1.091997e+00 2.749935e+00
-1.173300e-02 -1.093365e+00 2.748709e+00
-1.583660e-01 -1.111128e+00 2.640073e+00
-3.049990e-01 -1.128892e+00 2.531438e+00
-1.728865e-01 -1.124641e+00 2.529272e+00
-4.077400e-02 -1.120390e+00 2.527106e+00
-5.601750e-02 -2.130845e-01 2.546774e+00
-7.126100e-02 6.942210e-01 2.566441e+00
-2.202490e-01 5.478015e-01 2.636474e+00
-3.692370e-01 4.013820e-01 2.706506e+00
-1.423590e-01 3.829340e-01 2.681464e+00
8.451900e-02 3.644860e-01 2.656422e+00
-3.077450e-02 4.143375e-01 2.622213e+00
-1.460680e-01 4.641890e-01 2.588004e+00
-1.459870e-01 3.488465e-01 2.673709e+00
-1.459060e-01 2.335040e-01 2.759413e+00
-2.493000e-01 1.297915e-01 2.704963e+00
-3.526940e-01 2.607900e-02 2.650513e+00
-1.480885e-01 1.683050e-02 2.626624e+00
5.651700e-02 7.582000e-03 2.602735e+00
-3.720200e-02 1.249450e-02 2.688087e+00
-1.309210e-01 1.740700e-02 2.773440e+00
-2.712430e-01 7.306150e-02 2.715660e+00
-4.115650e-01 1.287160e-01 2.657879e+00
-1.430460e-01 1.147255e-01 2.699758e+00
1.254730e-01 1.007350e-01 2.741637e+00
-1.332500e-01 -3.577850e-02 2.665300e+00
-3.919730e-01 -1.722920e-01 2.588964e+00
-1.444450e-01 -1.746560e-01 2.598051e+00
1.030830e-01 -1.770200e-01 2.607139e+00
-1.177485e-01 -2.096350e-01 2.589257e+00
-3.385800e-01 -2.422500e-01 2.571374e+00
-1.349355e-01 -2.478675e-01 2.605271e+00
6.870900e-02 -2.534850e-01 2.639169e+00
-9.318900e-02 -4.281390e-01 2.654484e+00
-2.550870e-01 -6.027930e-01 2.669799e+00
-1.344715e-01 -6.031015e-01 2.679453e+00
-1.385600e-02 -6.034100e-01 2.689106e+00
-1.405880e-01 -8.493295e-01 2.712417e+00
-2.673200e-01 -1.095249e+00 2.735729e+00
-1.398200e-01 -1.095845e+00 2.743748e+00
-1.232000e-02 -1.096442e+00 2.751766e+00
-1.535640e-01 -1.110335e+00 2.632971e+00
-2.948080e-01 -1.124227e+00 2.514176e+00
-1.659280e-01 -1.124478e+00 2.521987e+00
-3.704800e-02 -1.124729e+00 2.529799e+00
-5.433900e-02 -2.139010e-01 2.552914e+00
-7.163000e-02 6.969270e-01 2.576029e+00
-2.198095e-01 5.470510e-01 2.646339e+00
-3.679890e-01 3.971750e-01 2.716648e+00
-1.420540e-01 3.795185e-01 2.683745e+00
8.388100e-02 3.618620e-01 2.650842e+00
-3.240600e-02 4.127475e-01 2.621930e+00
-1.486930e-01 4.636330e-01 2.593018e+00
-1.459625e-01 3.456875e-01 2.675058e+00
-1.432320e-01 2.277420e-01 2.757098e+00
-2.497325e-01 1.247005e-01 2.708045e+00
-3.562330e-01 2.165900e-02 2.658992e+00
-1.533225e-01 1.614950e-02 2.622706e+00
4.958800e-02 1.064000e-02 2.586420e+00
-3.887550e-02 1.270150e-02 2.677318e+00
-1.273390e-01 1.476300e-02 2.768215e+00
-2.709495e-01 7.087350e-02 2.714492e+00
-4.145600e-01 1.269840e-01 2.660769e+00
-1.451370e-01 1.143725e-01 2.703264e+00
1.242860e-01 1.017610e-01 2.745760e+00
-1.362205e-01 -3.636250e-02 2.670544e+00
-3.967270e-01 -1.744860e-01 2.595328e+00
-1.470925e-01 -1.738695e-01 2.600939e+00
1.025420e-01 -1.732530e-01 2.606551e+00
-1.152090e-01 -2.028500e-01 2.588402e+00
-3.329600e-01 -2.324470e-01 2.570253e+00
-1.310730e-01 -2.427300e-01 2.601498e+00
7.081400e-02 -2.530130e-01 2.632744e+00
-9.245250e-02 -4.291230e-01 2.650096e+00
-2.557190e-01 -6.052330e-01 2.667448e+00
-1.350485e-01 -6.029770e-01 2.678907e+00
-1.437800e-02 -6.007210e-01 2.690366e+00
-1.420610e-01 -8.474480e-01 2.722917e+00
-2.697440e-01 -1.094175e+00 2.755469e+00
-1.404990e-01 -1.093715e+00 2.756118e+00
-1.125400e-02 -1.093255e+00 2.756768e+00
-1.607290e-01 -1.112772e+00 2.647041e+00
-3.102040e-01 -1.132288e+00 2.537313e+00
-1.797810e-01 -1.127712e+00 2.537113e+00
-4.935800e-02 -1.123137e+00 2.536913e+00
-6.095600e-02 -2.178805e-01 2.559065e+00
-7.255400e-02 6.873760e-01 2.581218e+00
-2.223350e-01 5.438655e-01 2.648888e+00
-3.721160e-01 4.003550e-01 2.716558e+00
7.924800e-02 3.605100e-01 2.649873e+00
-1.525940e-01 4.637570e-01 2.591728e+00
-1.487250e-01 2.293590e-01 2.757979e+00
-3.552980e-01 2.648600e-02 2.648009e+00
5.358600e-02 8.791000e-03 2.597221e+00
-1.326300e-01 1.776100e-02 2.769305e+00
-4.093690e-01 1.295370e-01 2.659228e+00
1.245600e-01 1.008920e-01 2.742405e+00
-4.008740e-01 -1.746370e-01 2.608716e+00
1.002520e-01 -1.755400e-01 2.607719e+00
-3.573080e-01 -2.477030e-01 2.580120e+00
5.979400e-02 -2.507320e-01 2.635352e+00
-2.571020e-01 -6.021920e-01 2.665978e+00
-1.374200e-02 -6.012950e-01 2.690241e+00
-2.685330e-01 -1.091006e+00 2.755080e+00
-1.839800e-02 -1.094876e+00 2.748248e+00
-2.978810e-01 -1.130368e+00 2.535374e+00
-4.444300e-02 -1.120733e+00 2.526134e+00
-7.236800e-02 6.905050e-01 2.587155e+00
-3.737090e-01 3.934210e-01 2.719020e+00
7.714600e-02 3.639970e-01 2.644002e+00
-1.580450e-01 4.618890e-01 2.590206e+00
-1.457140e-01 2.276060e-01 2.756207e+00
-3.611730e-01 2.500500e-02 2.661217e+00
4.459100e-02 7.661000e-03 2.589567e+00
-1.326270e-01 1.538000e-02 2.770962e+00
-4.204900e-01 1.245310e-01 2.660993e+00
1.152910e-01 1.002950e-01 2.726850e+00
-3.990360e-01 -1.753030e-01 2.593238e+00
9.641900e-02 -1.817150e-01 2.604107e+00
-3.654600e-01 -2.529110e-01 2.623305e+00
6.106500e-02 -2.593950e-01 2.631860e+00
-2.538610e-01 -6.042510e-01 2.665705e+00
-1.476400e-02 -6.017050e-01 2.688042e+00
-2.733520e-01 -1.093404e+00 2.751482e+00
-1.092800e-02 -1.095110e+00 2.747590e+00
-3.114730e-01 -1.130252e+00 2.532690e+00
-4.872400e-02 -1.121990e+00 2.527294e+00
-7.465700e-02 6.865320e-01 2.585805e+00
-3.728240e-01 3.975870e-01 2.719076e+00
7.667600e-02 3.555290e-01 2.641973e+00
-1.562490e-01 4.586540e-01 2.588089e+00
-1.489310e-01 2.265180e-01 2.757370e+00
-3.637290e-01 1.984000e-02 2.662942e+00
3.957600e-02 6.601000e-03 2.577806e+00
-1.316530e-01 1.004300e-02 2.764992e+00
-4.237380e-01 1.279690e-01 2.668576e+00
1.216930e-01 9.688300e-02 2.736375e+00
-4.068340e-01 -1.707030e-01 2.594854e+00
9.125200e-02 -1.732420e-01 2.591350e+00
-3.532270e-01 -2.426670e-01 2.593437e+00
6.247800e-02 -2.535130e-01 2.619330e+00
-2.545120e-01 -6.081400e-01 2.665161e+00
-1.168200e-02 -6.018890e-01 2.686903e+00
-2.781790e-01 -1.098806e+00 2.740632e+00
-1.416300e-02 -1.094969e+00 2.749150e+00
-3.240560e-01 -1.130149e+00 2.522471e+00
-5.804200e-02 -1.122407e+00 2.530054e+00
-7.614600e-02 6.795790e-01 2.571884e+00
-3.740360e-01 3.968840e-01 2.720460e+00
7.423000e-02 3.513570e-01 2.638307e+00
-1.584510e-01 4.563990e-01 2.587144e+00
-1.510990e-01 2.239930e-01 2.756053e+00
-3.653230e-01 1.956100e-02 2.652129e+00
4.123800e-02 8.614000e-03 2.583811e+00
-1.376870e-01 9.253000e-03 2.763687e+00
-4.176570e-01 1.273280e-01 2.662496e+00
1.106310e-01 9.023100e-02 2.730020e+00
-4.106600e-01 -1.777540e-01 2.618820e+00
8.355700e-02 -1.794480e-01 2.583145e+00
-3.576420e-01 -2.271180e-01 2.565841e+00
5.030200e-02 -2.591950e-01 2.607410e+00
-2.534600e-01 -6.071890e-01 2.668114e+00
-1.240800e-02 -6.006490e-01 2.687530e+00
-2.763220e-01 -1.098897e+00 2.736734e+00
-1.316100e-02 -1.093504e+00 2.751581e+00
-3.134800e-01 -1.127891e+00 2.516598e+00
-4.785300e-02 -1.122118e+00 2.530994e+00
-6.963200e-02 6.717350e-01 2.575407e+00
-3.780810e-01 3.915520e-01 2.714972e+00
7.209100e-02 3.546200e-01 2.639173e+00
-1.621740e-01 4.535880e-01 2.583338e+00
-1.518660e-01 2.242810e-01 2.756281e+00
-3.619640e-01 1.810400e-02 2.652217e+00
4.429900e-02 3.284000e-03 2.582869e+00
-1.341140e-01 6.629000e-03 2.763222e+00
-4.157690e-01 1.190030e-01 2.669296e+00
1.235380e-01 9.698300e-02 2.732800e+00
-4.097910e-01 -1.805320e-01 2.597799e+00
8.522300e-02 -1.609480e-01 2.568872e+00
-3.485760e-01 -2.272800e-01 2.551736e+00
5.700700e-02 -2.417260e-01 2.595950e+00
-2.528760e-01 -6.099120e-01 2.666275e+00
-1.441600e-02 -6.056070e-01 2.686205e+00
-2.691750e-01 -1.100583e+00 2.743639e+00
-1.595800e-02 -1.098362e+00 2.751008e+00
-3.071670e-01 -1.133910e+00 2.524261e+00
-5.179000e-02 -1.127231e+00 2.530636e+00
-7.569900e-02 6.655690e-01 2.556339e+00
-3.800610e-01 3.887300e-01 2.707430e+00
7.019900e-02 3.445500e-01 2.636170e+00
-1.621790e-01 4.459140e-01 2.576859e+00
-1.565510e-01 2.189790e-01 2.753113e+00
-3.663160e-01 1.094100e-02 2.647261e+00
4.190900e-02 8.226000e-03 2.588745e+00
-1.413100e-01 1.781000e-03 2.764128e+00
-4.208560e-01 1.187640e-01 2.655787e+00
1.211000e-01 9.920800e-02 2.756291e+00
-4.108390e-01 -1.816090e-01 2.593812e+00
7.504400e-02 -8.684600e-02 2.516649e+00
-3.429240e-01 -2.311800e-01 2.562430e+00
1.005530e-01 -1.661480e-01 2.483260e+00
-2.543080e-01 -6.131680e-01 2.665123e+00
-1.148000e-02 -6.046900e-01 2.680965e+00
-2.760480e-01 -1.101206e+00 2.756525e+00
-8.187000e-02 -1.081497e+00 2.802247e+00
-3.074880e-01 -1.140888e+00 2.537166e+00
-8.987000e-02 -1.135848e+00 2.583928e+00
-8.152600e-02 6.606260e-01 2.551486e+00
-3.807180e-01 3.905950e-01 2.694397e+00
7.091500e-02 3.401630e-01 2.637401e+00
-1.580410e-01 4.447370e-01 2.570802e+00
-1.611410e-01 2.177630e-01 2.747070e+00
-3.646640e-01 5.580000e-04 2.643287e+00
4.507800e-02 -9.094000e-03 2.597491e+00
-1.435630e-01 -1.156500e-02 2.767132e+00
-4.184410e-01 1.207330e-01 2.651291e+00
1.216880e-01 1.071690e-01 2.776119e+00
-4.098270e-01 -1.772460e-01 2.588431e+00
6.492500e-02 1.274000e-02 2.492081e+00
-3.503240e-01 -2.248310e-01 2.541003e+00
1.075510e-01 -5.113700e-02 2.445636e+00
-2.542800e-01 -6.257250e-01 2.664449e+00
-1.324900e-02 -6.206330e-01 2.683697e+00
-2.722710e-01 -1.115489e+00 2.747007e+00
-1.821800e-02 -1.112377e+00 2.755611e+00
-2.974480e-01 -1.151775e+00 2.526257e+00
-3.915200e-02 -1.144605e+00 2.533790e+00
-9.070500e-02 6.608980e-01 2.535706e+00
-3.774120e-01 3.886130e-01 2.678862e+00
7.402400e-02 3.251460e-01 2.634797e+00
-1.510980e-01 4.303740e-01 2.557085e+00
-1.629320e-01 2.146250e-01 2.746581e+00
-3.608370e-01 1.038000e-03 2.627455e+00
5.011900e-02 -2.336000e-03 2.593072e+00
-1.430660e-01 -4.017000e-03 2.757530e+00
-4.129340e-01 1.181880e-01 2.653360e+00
1.282080e-01 1.119700e-01 2.798081e+00
-4.040970e-01 -1.758580e-01 2.582812e+00
6.005300e-02 7.720000e-02 2.505397e+00
-3.446380e-01 -2.408480e-01 2.565631e+00
9.313900e-02 1.680500e-02 2.447845e+00
-2.552560e-01 -6.221420e-01 2.666749e+00
-1.582900e-02 -6.165370e-01 2.682286e+00
-2.781670e-01 -1.112881e+00 2.741979e+00
-1.869100e-02 -1.108717e+00 2.751273e+00
-2.973220e-01 -1.145996e+00 2.520128e+00
-3.450100e-02 -1.139799e+00 2.528865e+00
-1.025130e-01 6.432620e-01 2.493255e+00
-3.767290e-01 3.950290e-01 2.676409e+00
7.285900e-02 3.220950e-01 2.628292e+00
-1.508490e-01 4.313860e-01 2.552119e+00
-1.651590e-01 2.171460e-01 2.743152e+00
-3.618160e-01 -3.161000e-03 2.625114e+00
4.867100e-02 -1.355100e-02 2.586758e+00
-1.428400e-01 -9.141000e-03 2.753112e+00
-4.131760e-01 1.250220e-01 2.652081e+00
1.526360e-01 1.151550e-01 2.788404e+00
-4.116170e-01 -1.651820e-01 2.568223e+00
5.875200e-02 1.205670e-01 2.501334e+00
-3.477340e-01 -2.281590e-01 2.565527e+00
4.706600e-02 1.566090e-01 2.419978e+00
-2.574330e-01 -6.283590e-01 2.666101e+00
-1.300800e-02 -6.239780e-01 2.684223e+00
-2.719270e-01 -1.116439e+00 2.758713e+00
-1.443200e-02 -1.116818e+00 2.748373e+00
-2.939380e-01 -1.157575e+00 2.538476e+00
-3.313400e-02 -1.145723e+00 2.525896e+00
-8.396800e-02 6.409870e-01 2.476624e+00
-3.765360e-01 4.026490e-01 2.697519e+00
6.805500e-02 3.213310e-01 2.623419e+00
-1.546550e-01 4.441930e-01 2.567769e+00
-1.686490e-01 2.128390e-01 2.737700e+00
-3.625110e-01 -9.300000e-04 2.629863e+00
4.626500e-02 -7.189000e-03 2.575617e+00
-1.386920e-01 -5.012000e-03 2.749272e+00
-4.167910e-01 1.341320e-01 2.650212e+00
1.677890e-01 1.122210e-01 2.772704e+00
-4.093800e-01 -1.581670e-01 2.565687e+00
6.574200e-02 1.824170e-01 2.494682e+00
-3.446530e-01 -2.196620e-01 2.556573e+00
5.545400e-02 2.290380e-01 2.418688e+00
-2.559700e-01 -6.249490e-01 2.665720e+00
-1.385700e-02 -6.187340e-01 2.679126e+00
-2.711130e-01 -1.116523e+00 2.737378e+00
-1.801200e-02 -1.110337e+00 2.752050e+00
-3.012260e-01 -1.147796e+00 2.516479e+00
-4.436200e-02 -1.142925e+00 2.530860e+00
-8.607400e-02 6.513250e-01 2.494478e+00
-3.823440e-01 3.692210e-01 2.682924e+00
6.993800e-02 3.542210e-01 2.612355e+00
-1.677090e-01 4.446160e-01 2.556278e+00
-1.495630e-01 2.107210e-01 2.722292e+00
-3.462700e-01 1.682600e-02 2.640947e+00
5.863700e-02 -1.385400e-02 2.568922e+00
-1.184380e-01 -5.091000e-03 2.750408e+00
-4.083830e-01 9.588500e-02 2.636847e+00
1.356750e-01 1.155470e-01 2.739741e+00
-3.773480e-01 -2.001820e-01 2.559945e+00
7.971700e-02 2.536140e-01 2.470782e+00
-3.425220e-01 -2.828940e-01 2.560435e+00
5.537700e-02 3.142730e-01 2.409280e+00
-2.563520e-01 -6.152660e-01 2.653490e+00
-1.663000e-02 -6.183290e-01 2.676987e+00
-2.769770e-01 -1.104395e+00 2.739143e+00
-1.478800e-02 -1.109560e+00 2.752465e+00
-3.174520e-01 -1.140936e+00 2.520722e+00
-5.487300e-02 -1.143350e+00 2.533530e+00
-7.351500e-02 6.588540e-01 2.530639e+00
-3.449230e-01 3.762100e-01 2.604185e+00
1.059880e-01 3.467450e-01 2.678849e+00
-9.851200e-02 4.348950e-01 2.543938e+00
-1.431130e-01 2.187050e-01 2.727975e+00
-3.460650e-01 1.055900e-02 2.571443e+00
6.333200e-02 -1.803500e-02 2.612129e+00
-1.556690e-01 7.280000e-04 2.738842e+00
-4.054080e-01 1.088110e-01 2.659739e+00
1.483690e-01 1.018300e-01 2.550524e+00
-3.970030e-01 -1.841690e-01 2.562174e+00
7.740500e-02 3.807130e-01 2.438209e+00
-3.592520e-01 -2.212450e-01 2.489685e+00
1.805300e-02 4.460250e-01 2.421899e+00
-2.609870e-01 -6.163330e-01 2.662955e+00
-1.639800e-02 -6.257800e-01 2.675483e+00
-2.758110e-01 -1.103649e+00 2.759452e+00
-1.215600e-02 -1.118204e+00 2.742637e+00
-2.562880e-01 -1.147785e+00 2.539561e+00
1.058300e-02 -1.148276e+00 2.520691e+00
-1.564250e-01 6.710540e-01 2.543885e+00
-3.237900e-01 3.930070e-01 2.597018e+00
1.211000e-01 3.383790e-01 2.691105e+00
-7.235400e-02 4.436820e-01 2.552257e+00
-1.354650e-01 2.193240e-01 2.720415e+00
-3.394070e-01 1.313000e-02 2.550742e+00
6.465100e-02 -1.090500e-02 2.629727e+00
-1.652830e-01 8.421000e-03 2.735210e+00
-4.100830e-01 1.317980e-01 2.657862e+00
1.529570e-01 1.549000e-01 2.479683e+00
-3.953590e-01 -1.685700e-01 2.578057e+00
6.921900e-02 4.415860e-01 2.392470e+00
-3.609980e-01 -2.145700e-01 2.509081e+00
-1.972000e-03 4.925040e-01 2.412311e+00
-2.619270e-01 -6.100360e-01 2.667267e+00
-2.222600e-02 -6.225460e-01 2.669024e+00
-2.639800e-01 -1.101501e+00 2.741208e+00
-1.387200e-02 -1.113860e+00 2.743520e+00
-2.237380e-01 -1.134619e+00 2.522199e+00
3.044200e-02 -1.146212e+00 2.525184e+00
-1.825870e-01 6.668490e-01 2.560544e+00
-3.145310e-01 3.966080e-01 2.598871e+00
1.275630e-01 3.123260e-01 2.683806e+00
-6.111700e-02 4.377330e-01 2.555490e+00
-1.345970e-01 2.045660e-01 2.706588e+00
-3.280030e-01 1.107900e-02 2.548565e+00
7.385400e-02 -2.072100e-02 2.635619e+00
-1.577550e-01 2.774000e-03 2.736491e+00
-4.032320e-01 1.354490e-01 2.664699e+00
1.533570e-01 2.263070e-01 2.414843e+00
-3.882560e-01 -1.672650e-01 2.585962e+00
5.572600e-02 5.146240e-01 2.341350e+00
-3.673700e-01 -2.113080e-01 2.510607e+00
-2.718000e-02 5.451590e-01 2.357116e+00
-2.654000e-01 -6.133550e-01 2.666608e+00
-1.925600e-02 -6.300710e-01 2.673084e+00
-2.667760e-01 -1.103471e+00 2.749029e+00
-9.000000e-03 -1.121575e+00 2.746076e+00
-2.240360e-01 -1.140242e+00 2.531078e+00
3.874700e-02 -1.152918e+00 2.528317e+00
-2.024600e-01 6.822780e-01 2.558192e+00
-2.887450e-01 4.071880e-01 2.609887e+00
1.229740e-01 2.317170e-01 2.707154e+00
-2.886000e-02 4.106850e-01 2.594421e+00
-1.538110e-01 1.693990e-01 2.688043e+00
-3.143860e-01 2.799000e-03 2.528287e+00
7.149100e-02 -5.792100e-02 2.660542e+00
-1.678960e-01 -1.782600e-02 2.734406e+00
-4.145480e-01 1.570820e-01 2.664393e+00
6.496700e-02 3.071450e-01 2.438275e+00
-4.020850e-01 -1.520510e-01 2.605298e+00
7.240300e-02 5.208940e-01 2.207045e+00
-3.928830e-01 -2.075860e-01 2.535401e+00
2.141000e-02 5.908620e-01 2.183411e+00
-2.584880e-01 -6.251880e-01 2.682501e+00
-1.020300e-02 -6.553360e-01 2.683444e+00
-2.655350e-01 -1.120658e+00 2.720823e+00
-3.647000e-03 -1.149226e+00 2.738560e+00
-1.756150e-01 -1.137845e+00 2.515152e+00
6.999600e-02 -1.171855e+00 2.527027e+00
-1.191650e-01 6.661110e-01 2.575521e+00
-2.863410e-01 4.031000e-01 2.597982e+00
1.267690e-01 2.349950e-01 2.702123e+00
-2.719900e-02 4.004690e-01 2.572878e+00
-1.512170e-01 1.751430e-01 2.701115e+00
-3.198220e-01 7.990000e-04 2.532900e+00
6.939300e-02 -5.888400e-02 2.655492e+00
-1.684110e-01 -2.085900e-02 2.735323e+00
-4.048290e-01 1.533700e-01 2.672156e+00
2.884100e-02 3.479240e-01 2.458067e+00
-4.055830e-01 -1.565510e-01 2.610207e+00
5.854500e-02 5.070150e-01 2.186595e+00
-3.653940e-01 -2.072490e-01 2.548006e+00
4.809800e-02 5.600720e-01 2.114969e+00
-2.571040e-01 -6.280050e-01 2.680913e+00
-8.182000e-03 -6.554290e-01 2.687780e+00
-2.752470e-01 -1.122630e+00 2.725923e+00
-1.127300e-02 -1.150977e+00 2.725605e+00
-1.899420e-01 -1.144611e+00 2.518749e+00
5.756500e-02 -1.167718e+00 2.511918e+00
-1.124890e-01 6.611540e-01 2.569260e+00
-3.217050e-01 4.070840e-01 2.810763e+00
6.183000e-03 3.664750e-01 2.506900e+00
-2.165040e-01 4.610320e-01 2.578784e+00
-1.047830e-01 2.426430e-01 2.728524e+00
-3.100360e-01 2.588300e-02 2.738762e+00
1.518000e-03 -6.700000e-04 2.469861e+00
-5.799100e-02 7.405000e-03 2.716362e+00
-3.917510e-01 1.721420e-01 2.658453e+00
5.011000e-02 4.988240e-01 2.254201e+00
-3.887450e-01 -1.462900e-01 2.644887e+00
4.214100e-02 6.405700e-01 1.968830e+00
-3.670240e-01 -1.938500e-01 2.571945e+00
3.342200e-02 6.130290e-01 1.883860e+00
-2.613270e-01 -6.046250e-01 2.644494e+00
-7.836000e-03 -5.927860e-01 2.681988e+00
-2.746250e-01 -1.093279e+00 2.734211e+00
-1.833300e-02 -1.086417e+00 2.738799e+00
-4.151640e-01 -1.121331e+00 2.560593e+00
-1.644440e-01 -1.102929e+00 2.568328e+00
-1.241100e-01 7.088790e-01 2.602346e+00
-2.517790e-01 4.791600e-01 2.766288e+00
7.070000e-04 2.320980e-01 2.504703e+00
-1.502920e-01 4.219980e-01 2.533426e+00
-1.308450e-01 2.231460e-01 2.740009e+00
-3.265410e-01 1.748100e-02 2.718679e+00
-1.322500e-02 -3.903100e-02 2.456537e+00
-7.495500e-02 -1.006300e-02 2.700914e+00
-3.808450e-01 2.376840e-01 2.672074e+00
4.794500e-02 4.325670e-01 2.301170e+00
-3.880370e-01 -8.197000e-02 2.667279e+00
2.377900e-02 5.776730e-01 2.017244e+00
-3.886470e-01 -1.531400e-01 2.612609e+00
1.268200e-02 6.027040e-01 1.931777e+00
-2.547430e-01 -6.229060e-01 2.657400e+00
-3.694000e-03 -6.149280e-01 2.679685e+00
-2.646270e-01 -1.113839e+00 2.734185e+00
-2.369900e-02 -1.108143e+00 2.737545e+00
-3.845460e-01 -1.140921e+00 2.545591e+00
-1.699540e-01 -1.122220e+00 2.566978e+00
-8.377400e-02 6.996130e-01 2.607560e+00
-3.125900e-01 4.032660e-01 2.760368e+00
4.166200e-02 3.538280e-01 2.488501e+00
-1.908260e-01 4.421160e-01 2.533528e+00
-8.198300e-02 2.442850e-01 2.711330e+00
-3.237340e-01 1.471700e-02 2.727000e+00
-4.266000e-03 -8.222000e-03 2.467206e+00
-7.090200e-02 4.000000e-06 2.711873e+00
-3.867640e-01 1.349500e-01 2.687363e+00
6.899900e-02 4.407190e-01 2.215503e+00
-3.911160e-01 -1.783790e-01 2.634301e+00
7.270000e-04 5.408310e-01 1.921690e+00
-3.804370e-01 -2.666720e-01 2.622271e+00
-1.976100e-02 6.275340e-01 1.910865e+00
-2.564880e-01 -6.160610e-01 2.656642e+00
-8.319000e-03 -6.022000e-01 2.669472e+00
-2.742490e-01 -1.105360e+00 2.741965e+00
-1.947000e-02 -1.094413e+00 2.737377e+00
-4.119380e-01 -1.131095e+00 2.565724e+00
-1.591660e-01 -1.115430e+00 2.562092e+00
-1.064270e-01 7.261770e-01 2.617377e+00
-2.744800e-01 4.379870e-01 2.750610e+00
6.846800e-02 3.547590e-01 2.471772e+00
-1.573740e-01 4.589390e-01 2.519009e+00
-5.516500e-02 2.633360e-01 2.703101e+00
-3.121480e-01 3.186900e-02 2.723301e+00
6.750000e-03 -3.058000e-03 2.464143e+00
-5.997600e-02 8.105000e-03 2.708668e+00
-3.734300e-01 1.749760e-01 2.685221e+00
6.558200e-02 4.240870e-01 2.191725e+00
-3.765490e-01 -1.418100e-01 2.651248e+00
-2.614000e-02 5.521550e-01 1.914771e+00
-3.736510e-01 -2.312890e-01 2.644971e+00
-4.698200e-02 5.908240e-01 1.836511e+00
-2.594050e-01 -6.017250e-01 2.650204e+00
-1.369400e-02 -5.945480e-01 2.670154e+00
-2.728050e-01 -1.090181e+00 2.740974e+00
-1.679900e-02 -1.086197e+00 2.742825e+00
-4.069260e-01 -1.119653e+00 2.562581e+00
-1.588060e-01 -1.110862e+00 2.569888e+00
-1.155020e-01 7.366620e-01 2.618647e+00
-2.901810e-01 4.586120e-01 2.760249e+00
2.572800e-02 2.846980e-01 2.497483e+00
-1.732100e-01 4.328570e-01 2.529064e+00
-1.085390e-01 2.414740e-01 2.733483e+00
-3.259040e-01 2.152200e-02 2.721310e+00
-6.145000e-03 -1.647000e-02 2.463649e+00
-7.359000e-02 -1.363000e-03 2.707765e+00
-3.884020e-01 1.989510e-01 2.678268e+00
1.003290e-01 3.631290e-01 2.229014e+00
-3.867400e-01 -1.204600e-01 2.665479e+00
-1.955300e-02 4.701040e-01 1.952655e+00
-3.863630e-01 -1.868300e-01 2.605070e+00
-5.308800e-02 5.011360e-01 1.875410e+00
-2.601930e-01 -6.136100e-01 2.646286e+00
-1.156000e-02 -6.040600e-01 2.671314e+00
-2.783100e-01 -1.102853e+00 2.731852e+00
-1.485400e-02 -1.096485e+00 2.738510e+00
-4.043480e-01 -1.130451e+00 2.547369e+00
-1.565570e-01 -1.119206e+00 2.565059e+00
-1.174650e-01 7.369360e-01 2.546662e+00
-2.606050e-01 4.519530e-01 2.745669e+00
8.203200e-02 2.988930e-01 2.494819e+00
-1.233140e-01 4.464070e-01 2.524508e+00
-7.665800e-02 2.371580e-01 2.715911e+00
-3.236760e-01 2.755800e-02 2.707075e+00
1.355900e-02 -2.202000e-02 2.474925e+00
-7.179600e-02 -2.281000e-03 2.713032e+00
-3.746090e-01 1.937370e-01 2.659340e+00
1.081630e-01 3.327220e-01 2.202761e+00
-3.868760e-01 -1.319930e-01 2.657504e+00
-4.817100e-02 4.174190e-01 1.929557e+00
-3.863410e-01 -2.037300e-01 2.603578e+00
-8.963100e-02 4.406400e-01 1.853424e+00
-2.551710e-01 -6.108560e-01 2.644472e+00
-1.143000e-02 -6.084790e-01 2.672323e+00
-2.781740e-01 -1.084768e+00 2.792414e+00
-2.002400e-02 -1.101043e+00 2.738019e+00
-3.773460e-01 -1.140591e+00 2.598172e+00
-1.497590e-01 -1.123140e+00 2.555367e+00
-8.103000e-02 7.130260e-01 2.570340e+00
-2.914680e-01 4.059470e-01 2.657491e+00
1.396180e-01 3.117300e-01 2.534803e+00
-9.607600e-02 4.107600e-01 2.485472e+00
-6.884500e-02 2.381920e-01 2.713673e+00
-3.395690e-01 1.191100e-02 2.651971e+00
5.450700e-02 -2.151200e-02 2.535068e+00
-1.006550e-01 -6.844000e-03 2.735266e+00
-3.883680e-01 1.258340e-01 2.683033e+00
1.140420e-01 2.668720e-01 2.241820e+00
-3.996710e-01 -1.960630e-01 2.618289e+00
-2.771400e-02 3.264040e-01 1.951479e+00
-3.827160e-01 -2.751640e-01 2.579430e+00
-6.549000e-02 3.420150e-01 1.871581e+00
-2.578300e-01 -6.210330e-01 2.648007e+00
-1.428500e-02 -6.222500e-01 2.674978e+00
-2.726570e-01 -1.108706e+00 2.742681e+00
-1.780800e-02 -1.114163e+00 2.745816e+00
-3.376640e-01 -1.147876e+00 2.530735e+00
-8.305700e-02 -1.144416e+00 2.532489e+00
-8.335300e-02 7.273540e-01 2.559644e+00
-2.968600e-01 4.034260e-01 2.660280e+00
1.364560e-01 3.167130e-01 2.539941e+00
-1.013810e-01 4.092770e-01 2.488392e+00
-7.052000e-02 2.420050e-01 2.720048e+00
-3.360060e-01 1.179400e-02 2.655297e+00
5.842000e-02 -2.167300e-02 2.539593e+00
-9.742100e-02 -7.863000e-03 2.739325e+00
-3.934130e-01 1.230440e-01 2.675272e+00
1.332330e-01 2.326270e-01 2.255195e+00
-3.916940e-01 -1.968960e-01 2.603486e+00
-1.178900e-02 1.243670e-01 1.981761e+00
-3.933290e-01 -2.763060e-01 2.561704e+00
-5.103100e-02 9.475900e-02 1.906676e+00
-2.564870e-01 -6.211510e-01 2.648957e+00
-1.400000e-02 -6.237320e-01 2.673693e+00
-2.713230e-01 -1.110533e+00 2.734360e+00
-1.664600e-02 -1.115371e+00 2.746447e+00
-3.361570e-01 -1.145686e+00 2.521657e+00
-8.118000e-02 -1.146603e+00 2.533043e+00
-1.313150e-01 7.277250e-01 2.549449e+00
-3.452070e-01 3.976820e-01 2.725619e+00
7.916200e-02 3.618450e-01 2.557122e+00
-1.634230e-01 4.560350e-01 2.548584e+00
-1.123010e-01 2.345490e-01 2.724445e+00
-3.311220e-01 2.787700e-02 2.670649e+00
5.153900e-02 -9.669000e-03 2.521518e+00
-8.673600e-02 2.465000e-03 2.733892e+00
-3.932670e-01 1.151430e-01 2.669092e+00
1.392360e-01 1.900750e-01 2.328606e+00
-3.785360e-01 -1.978860e-01 2.592509e+00
3.092900e-02 2.162300e-02 2.075697e+00
-3.937370e-01 -2.830140e-01 2.568500e+00
1.025000e-03 -2.504700e-02 2.005114e+00
-2.526790e-01 -6.068430e-01 2.643158e+00
-1.433100e-02 -6.083030e-01 2.671757e+00
-2.763370e-01 -1.098075e+00 2.714854e+00
-1.430800e-02 -1.100579e+00 2.740118e+00
-3.549360e-01 -1.124830e+00 2.505599e+00
-9.807600e-02 -1.129325e+00 2.533145e+00
-1.296500e-01 7.146550e-01 2.557493e+00
-3.518590e-01 3.969590e-01 2.745563e+00
6.673700e-02 3.713030e-01 2.561490e+00
-1.760790e-01 4.651730e-01 2.566007e+00
-1.189760e-01 2.347390e-01 2.727984e+00
-3.364460e-01 2.814600e-02 2.684521e+00
3.853400e-02 7.206000e-03 2.514137e+00
-8.817500e-02 1.106000e-02 2.733909e+00
-3.956150e-01 1.228100e-01 2.660901e+00
1.313120e-01 1.406230e-01 2.397608e+00
-3.789400e-01 -1.899850e-01 2.592948e+00
6.541700e-02 -6.949800e-02 2.164707e+00
-3.241850e-01 -2.497040e-01 2.554349e+00
4.675600e-02 -1.286160e-01 2.099812e+00
-2.568710e-01 -6.019610e-01 2.638716e+00
-1.377200e-02 -5.955090e-01 2.671784e+00
-2.742600e-01 -1.088071e+00 2.740713e+00
-1.617400e-02 -1.086479e+00 2.748926e+00
-3.654880e-01 -1.127204e+00 2.538655e+00
-1.083930e-01 -1.117916e+00 2.545976e+00
-1.404140e-01 7.097590e-01 2.553727e+00
-3.609270e-01 3.765200e-01 2.721314e+00
6.954900e-02 3.532750e-01 2.566673e+00
-1.749990e-01 4.412510e-01 2.550925e+00
-1.239280e-01 2.194710e-01 2.726431e+00
-3.363650e-01 2.035900e-02 2.682823e+00
4.248200e-02 -3.580000e-03 2.521638e+00
-8.947200e-02 1.934000e-03 2.738265e+00
-3.966520e-01 9.738500e-02 2.656571e+00
1.304640e-01 8.682800e-02 2.473504e+00
-3.728620e-01 -2.121630e-01 2.583722e+00
9.306400e-02 -1.908000e-01 2.321135e+00
-3.294680e-01 -2.882450e-01 2.564157e+00
8.218900e-02 -2.688780e-01 2.278240e+00
-2.551990e-01 -6.106920e-01 2.638865e+00
-1.522300e-02 -6.060260e-01 2.675704e+00
-2.567930e-01 -1.091884e+00 2.763208e+00
-1.345000e-02 -1.098220e+00 2.744633e+00
-3.423780e-01 -1.143712e+00 2.561539e+00
-1.019200e-01 -1.127243e+00 2.539665e+00
-1.147210e-01 6.581220e-01 2.496099e+00
-3.625570e-01 3.593520e-01 2.705509e+00
7.426100e-02 3.366620e-01 2.569717e+00
-1.704980e-01 4.205950e-01 2.540723e+00
-1.240330e-01 2.059150e-01 2.726062e+00
-3.394330e-01 4.765000e-03 2.664119e+00
5.202500e-02 -1.526600e-02 2.535905e+00
-9.780800e-02 -7.580000e-03 2.740504e+00
-4.068900e-01 7.982700e-02 2.658118e+00
1.274010e-01 5.830400e-02 2.524568e+00
-3.691140e-01 -2.256800e-01 2.582863e+00
1.001220e-01 -2.376950e-01 2.414725e+00
-3.932910e-01 -3.087400e-01 2.558968e+00
9.224000e-02 -3.214860e-01 2.383559e+00
-2.569020e-01 -6.244470e-01 2.650182e+00
-1.213100e-02 -6.203220e-01 2.678354e+00
-2.770400e-01 -1.114796e+00 2.728672e+00
-1.706100e-02 -1.112777e+00 2.745229e+00
-3.481580e-01 -1.145706e+00 2.517324e+00
-8.676300e-02 -1.140897e+00 2.533021e+00
-1.084890e-01 6.232190e-01 2.447865e+00
-3.641160e-01 3.648460e-01 2.687775e+00
8.136600e-02 3.449020e-01 2.583316e+00
-1.624420e-01 4.212060e-01 2.533041e+00
-1.245650e-01 2.185420e-01 2.733265e+00
-3.370820e-01 1.025000e-03 2.652775e+00
6.061400e-02 -2.232100e-02 2.546134e+00
-9.997100e-02 -1.103500e-02 2.742233e+00
-4.015560e-01 8.357300e-02 2.664437e+00
1.190360e-01 6.272400e-02 2.579130e+00
-3.761980e-01 -2.213270e-01 2.591973e+00
1.098260e-01 -2.420650e-01 2.502471e+00
-3.959510e-01 -3.035820e-01 2.562002e+00
1.073550e-01 -3.289280e-01 2.480042e+00
-2.557850e-01 -6.283360e-01 2.658659e+00
-1.281400e-02 -6.276740e-01 2.680259e+00
-2.762340e-01 -1.118134e+00 2.740436e+00
-2.010500e-02 -1.120129e+00 2.746923e+00
-3.363470e-01 -1.151419e+00 2.526054e+00
-7.851000e-02 -1.148445e+00 2.531358e+00
-9.435200e-02 6.266890e-01 2.443044e+00
-3.684600e-01 3.619090e-01 2.692631e+00
7.678000e-02 3.399400e-01 2.587543e+00
-1.664290e-01 4.189910e-01 2.538627e+00
-1.300820e-01 2.129770e-01 2.735691e+00
-3.483250e-01 -3.100000e-03 2.660595e+00
5.088600e-02 -1.515800e-02 2.557814e+00
-1.118400e-01 -8.251000e-03 2.752345e+00
-4.119360e-01 8.408000e-02 2.665484e+00
1.283210e-01 6.493000e-02 2.626639e+00
-3.837380e-01 -2.186530e-01 2.595502e+00
9.392600e-02 -2.434100e-01 2.593721e+00
-3.496850e-01 -2.921140e-01 2.556795e+00
6.403200e-02 -3.280120e-01 2.591940e+00
-2.559410e-01 -6.300770e-01 2.657832e+00
-1.184200e-02 -6.248040e-01 2.681993e+00
-2.739690e-01 -1.118532e+00 2.747805e+00
-1.806800e-02 -1.117773e+00 2.744851e+00
-3.309310e-01 -1.155952e+00 2.533244e+00
-7.254000e-02 -1.144725e+00 2.528084e+00
-9.400500e-02 6.243710e-01 2.448429e+00
-3.706930e-01 3.696640e-01 2.689805e+00
7.714700e-02 3.396570e-01 2.598687e+00
-1.629530e-01 4.230450e-01 2.542203e+00
-1.364930e-01 2.164900e-01 2.740274e+00
-3.529620e-01 -7.340000e-04 2.659656e+00
4.855800e-02 -1.661700e-02 2.566873e+00
-1.188910e-01 -7.843000e-03 2.757277e+00
-4.173270e-01 9.333200e-02 2.660954e+00
1.323560e-01 6.838500e-02 2.650936e+00
-3.851210e-01 -2.079400e-01 2.590317e+00
8.881700e-02 -2.387090e-01 2.626652e+00
-3.708610e-01 -2.793940e-01 2.537920e+00
1.109830e-01 -3.158650e-01 2.586527e+00
-2.542880e-01 -6.287780e-01 2.668024e+00
-1.168500e-02 -6.254030e-01 2.682667e+00
-2.733340e-01 -1.117825e+00 2.754505e+00
-2.602100e-02 -1.117713e+00 2.749251e+00
-3.244960e-01 -1.154068e+00 2.538287e+00
-7.361600e-02 -1.145842e+00 2.531020e+00
-9.337000e-02 6.318380e-01 2.459745e+00
-3.726710e-01 3.760080e-01 2.702314e+00
7.351300e-02 3.490350e-01 2.602533e+00
-1.671680e-01 4.356870e-01 2.553994e+00
-1.382430e-01 2.199490e-01 2.741657e+00
-3.573790e-01 1.964000e-03 2.658974e+00
4.474700e-02 -8.888000e-03 2.568113e+00
-1.237270e-01 -3.043000e-03 2.757723e+00
-4.207490e-01 1.050000e-01 2.658706e+00
1.246560e-01 8.129600e-02 2.660488e+00
-3.937250e-01 -1.949110e-01 2.595207e+00
9.056800e-02 -2.230680e-01 2.630329e+00
-3.363510e-01 -2.547530e-01 2.560835e+00
4.201400e-02 -2.977980e-01 2.640932e+00
-2.549030e-01 -6.246210e-01 2.668569e+00
-1.165000e-02 -6.190300e-01 2.681917e+00
-2.724590e-01 -1.116383e+00 2.738358e+00
-1.632400e-02 -1.111007e+00 2.752238e+00
-3.225220e-01 -1.145470e+00 2.520806e+00
-6.301800e-02 -1.141734e+00 2.534162e+00
-8.529000e-02 6.583460e-01 2.485543e+00
