-3.869440e-01 3.310280e-01 2.856589e+00
-2.043770e-01 3.687685e-01 2.755649e+00
-2.181000e-02 4.065090e-01 2.654709e+00
-1.447995e-01 4.309740e-01 2.664035e+00
-2.677890e-01 4.554390e-01 2.673362e+00
-2.099120e-01 3.461930e-01 2.737197e+00
-1.520350e-01 2.369470e-01 2.801032e+00
-2.466145e-01 1.441545e-01 2.776690e+00
-3.411940e-01 5.136200e-02 2.752348e+00
-1.953755e-01 7.874600e-02 2.664351e+00
-4.955700e-02 1.061300e-01 2.576355e+00
-8.756950e-02 8.313650e-02 2.675286e+00
-1.255820e-01 6.014300e-02 2.774217e+00
-2.697460e-01 6.748800e-02 2.744187e+00
-4.139100e-01 7.483300e-02 2.714157e+00
-1.773850e-01 9.959100e-02 2.694033e+00
5.914000e-02 1.243490e-01 2.673908e+00
-1.671510e-01 -5.524700e-02 2.653440e+00
-3.934420e-01 -2.348430e-01 2.632971e+00
-1.620140e-01 -2.153170e-01 2.660102e+00
6.941400e-02 -1.957910e-01 2.687234e+00
-1.366785e-01 -2.478355e-01 2.660100e+00
-3.427710e-01 -2.998800e-01 2.632965e+00
-1.542925e-01 -2.796110e-01 2.640620e+00
3.418600e-02 -2.593420e-01 2.648276e+00
-1.262175e-01 -3.898505e-01 2.667531e+00
-2.866210e-01 -5.203590e-01 2.686786e+00
-1.619395e-01 -5.008715e-01 2.691952e+00
-3.725800e-02 -4.813840e-01 2.697118e+00
-1.698010e-01 -7.237365e-01 2.744015e+00
-3.023440e-01 -9.660890e-01 2.790912e+00
-2.314905e-01 -9.394165e-01 2.790031e+00
-1.606370e-01 -9.127440e-01 2.789150e+00
-2.879460e-01 -9.587505e-01 2.698742e+00
-4.152550e-01 -1.004757e+00 2.608335e+00
-3.170790e-01 -9.726445e-01 2.594565e+00
-2.189030e-01 -9.405320e-01 2.580796e+00
-1.949590e-01 -1.536895e-01 2.579326e+00
-1.710150e-01 6.331530e-01 2.577857e+00
-2.779945e-01 4.810235e-01 2.719600e+00
-3.849740e-01 3.288940e-01 2.861344e+00
-2.034195e-01 3.668695e-01 2.758680e+00
-2.186500e-02 4.048450e-01 2.656017e+00
-1.444610e-01 4.303330e-01 2.667531e+00
-2.670570e-01 4.558210e-01 2.679045e+00
-2.094345e-01 3.447305e-01 2.739853e+00
-1.518120e-01 2.336400e-01 2.800662e+00
-2.478855e-01 1.419725e-01 2.778686e+00
-3.439590e-01 5.030500e-02 2.756710e+00
-2.006385e-01 7.862900e-02 2.664987e+00
-5.731800e-02 1.069530e-01 2.573263e+00
-9.258800e-02 8.323800e-02 2.673036e+00
-1.278580e-01 5.952300e-02 2.772809e+00
-2.725965e-01 6.669300e-02 2.745821e+00
-4.173350e-01 7.386300e-02 2.718833e+00
-1.805180e-01 9.803000e-02 2.696282e+00
5.629900e-02 1.221970e-01 2.673731e+00
-1.669450e-01 -5.623450e-02 2.655412e+00
-3.901890e-01 -2.346660e-01 2.637094e+00
-1.612140e-01 -2.162010e-01 2.657731e+00
6.776100e-02 -1.977360e-01 2.678369e+00
-1.452695e-01 -2.538320e-01 2.652341e+00
-3.583000e-01 -3.099280e-01 2.626312e+00
-1.604045e-01 -2.889275e-01 2.636894e+00
3.749100e-02 -2.679270e-01 2.647477e+00
-1.250035e-01 -3.944335e-01 2.668439e+00
-2.874980e-01 -5.209400e-01 2.689401e+00
-1.612615e-01 -4.999100e-01 2.692565e+00
-3.502500e-02 -4.788800e-01 2.695729e+00
-1.618390e-01 -7.233040e-01 2.742920e+00
-2.886530e-01 -9.677280e-01 2.790112e+00
-2.199795e-01 -9.384950e-01 2.795394e+00
-1.513060e-01 -9.092620e-01 2.800677e+00
-2.789900e-01 -9.585185e-01 2.705888e+00
-4.066740e-01 -1.007775e+00 2.611099e+00
-3.089320e-01 -9.756575e-01 2.602426e+00
-2.111900e-01 -9.435400e-01 2.593754e+00
-1.876755e-01 -1.563940e-01 2.588199e+00
-1.641610e-01 6.307520e-01 2.582644e+00
-2.769755e-01 4.798680e-01 2.722949e+00
-3.897900e-01 3.289840e-01 2.863255e+00
-2.086845e-01 3.680655e-01 2.760213e+00
-2.757900e-02 4.071470e-01 2.657172e+00
-1.507355e-01 4.303010e-01 2.667581e+00
-2.738920e-01 4.534550e-01 2.677991e+00
-2.141515e-01 3.453030e-01 2.741972e+00
-1.544110e-01 2.371510e-01 2.805952e+00
-2.520830e-01 1.455815e-01 2.777820e+00
-3.497550e-01 5.401200e-02 2.749688e+00
-2.019675e-01 8.010000e-02 2.664632e+00
-5.418000e-02 1.061880e-01 2.579576e+00
-9.433800e-02 8.299700e-02 2.677609e+00
-1.344960e-01 5.980600e-02 2.775643e+00
-2.773370e-01 6.763850e-02 2.746244e+00
-4.201780e-01 7.547100e-02 2.716846e+00
-1.822690e-01 1.004875e-01 2.695844e+00
5.564000e-02 1.255040e-01 2.674842e+00
-1.689260e-01 -5.361750e-02 2.653485e+00
-3.934920e-01 -2.327390e-01 2.632129e+00
-1.644205e-01 -2.138615e-01 2.652036e+00
6.465100e-02 -1.949840e-01 2.671944e+00
-1.617700e-01 -2.539740e-01 2.642908e+00
-3.881910e-01 -3.129640e-01 2.613872e+00
-1.753200e-01 -2.908315e-01 2.630367e+00
3.755100e-02 -2.686990e-01 2.646861e+00
-1.243905e-01 -3.938330e-01 2.668261e+00
-2.863320e-01 -5.189670e-01 2.689662e+00
-1.589070e-01 -4.988540e-01 2.691035e+00
-3.148200e-02 -4.787410e-01 2.692409e+00
-1.614165e-01 -7.220870e-01 2.742042e+00
-2.913510e-01 -9.654330e-01 2.791675e+00
-2.322665e-01 -9.318585e-01 2.800499e+00
-1.731820e-01 -8.982840e-01 2.809322e+00
-2.864630e-01 -9.523610e-01 2.708103e+00
-3.997440e-01 -1.006438e+00 2.606883e+00
-2.960010e-01 -9.785240e-01 2.602655e+00
-1.922580e-01 -9.506100e-01 2.598427e+00
-1.812505e-01 -1.604200e-01 2.589187e+00
-1.702430e-01 6.297700e-01 2.579947e+00
-2.842725e-01 4.769070e-01 2.719786e+00
-3.983020e-01 3.240440e-01 2.859625e+00
-2.165460e-01 3.658690e-01 2.758831e+00
-3.479000e-02 4.076940e-01 2.658036e+00
-1.587145e-01 4.275670e-01 2.665767e+00
-2.826390e-01 4.474400e-01 2.673497e+00
-2.210440e-01 3.425440e-01 2.741040e+00
-1.594490e-01 2.376480e-01 2.808583e+00
-2.552590e-01 1.442370e-01 2.777991e+00
-3.510690e-01 5.082600e-02 2.747399e+00
-2.044935e-01 8.053550e-02 2.661438e+00
-5.791800e-02 1.102450e-01 2.575477e+00
-9.693250e-02 8.662450e-02 2.673869e+00
-1.359470e-01 6.300400e-02 2.772261e+00
-2.792475e-01 6.794900e-02 2.739495e+00
-4.225480e-01 7.289400e-02 2.706730e+00
-1.847855e-01 9.977650e-02 2.691074e+00
5.297700e-02 1.266590e-01 2.675418e+00
-1.730730e-01 -5.646650e-02 2.655096e+00
-3.991230e-01 -2.395920e-01 2.634775e+00
-1.634425e-01 -2.168815e-01 2.656289e+00
7.223800e-02 -1.941710e-01 2.677803e+00
-1.380485e-01 -2.492900e-01 2.658339e+00
-3.483350e-01 -3.044090e-01 2.638875e+00
-1.500675e-01 -2.846310e-01 2.640849e+00
4.820000e-02 -2.648530e-01 2.642823e+00
-1.178320e-01 -3.924430e-01 2.664344e+00
-2.838640e-01 -5.200330e-01 2.685865e+00
-1.573815e-01 -4.985365e-01 2.687219e+00
-3.089900e-02 -4.770400e-01 2.688572e+00
-1.628060e-01 -7.210895e-01 2.740901e+00
-2.947130e-01 -9.651390e-01 2.793229e+00
-2.345235e-01 -9.284230e-01 2.806554e+00
-1.743340e-01 -8.917070e-01 2.819880e+00
-2.890125e-01 -9.493185e-01 2.714419e+00
-4.036910e-01 -1.006930e+00 2.608958e+00
-2.967525e-01 -9.797175e-01 2.609965e+00
-1.898140e-01 -9.525050e-01 2.610972e+00
-1.807330e-01 -1.621135e-01 2.595029e+00
-1.716520e-01 6.282780e-01 2.579087e+00
-2.826920e-01 4.771520e-01 2.717955e+00
-3.937320e-01 3.260260e-01 2.856824e+00
-2.078800e-01 3.667600e-01 2.763316e+00
-2.202800e-02 4.074940e-01 2.669807e+00
-1.447725e-01 4.336760e-01 2.677574e+00
-2.675170e-01 4.598580e-01 2.685340e+00
-2.133155e-01 3.455560e-01 2.743275e+00
-1.591140e-01 2.312540e-01 2.801210e+00
-2.537780e-01 1.433360e-01 2.773352e+00
-3.484420e-01 5.541800e-02 2.745495e+00
-2.002995e-01 8.419900e-02 2.661938e+00
-5.215700e-02 1.129800e-01 2.578382e+00
-9.274150e-02 8.696700e-02 2.675528e+00
-1.333260e-01 6.095400e-02 2.772673e+00
-2.756270e-01 6.554450e-02 2.740007e+00
-4.179280e-01 7.013500e-02 2.707341e+00
-1.793315e-01 9.698300e-02 2.706581e+00
5.926500e-02 1.238310e-01 2.705820e+00
-1.669610e-01 -5.968300e-02 2.667175e+00
-3.931870e-01 -2.431970e-01 2.628530e+00
-1.470575e-01 -2.188255e-01 2.644470e+00
9.907200e-02 -1.944540e-01 2.660411e+00
-1.295530e-01 -2.561360e-01 2.643540e+00
-3.581780e-01 -3.178180e-01 2.626668e+00
-1.246650e-01 -2.703835e-01 2.605167e+00
1.088480e-01 -2.229490e-01 2.583665e+00
-8.672750e-02 -3.691285e-01 2.632499e+00
-2.823030e-01 -5.153080e-01 2.681333e+00
-1.582925e-01 -4.953300e-01 2.680264e+00
-3.428200e-02 -4.753520e-01 2.679196e+00
-1.751195e-01 -7.200995e-01 2.720718e+00
-3.159570e-01 -9.648470e-01 2.762240e+00
-2.138540e-01 -9.438945e-01 2.749984e+00
-1.117510e-01 -9.229420e-01 2.737728e+00
-2.669430e-01 -9.569060e-01 2.655607e+00
-4.221350e-01 -9.908700e-01 2.573487e+00
-3.040245e-01 -9.638695e-01 2.553280e+00
-1.859140e-01 -9.368690e-01 2.533072e+00
-1.793835e-01 -1.538315e-01 2.561028e+00
-1.728530e-01 6.292060e-01 2.588984e+00
-2.869930e-01 4.731925e-01 2.720740e+00
-4.011330e-01 3.171790e-01 2.852497e+00
-2.155925e-01 3.622000e-01 2.760345e+00
-3.005200e-02 4.072210e-01 2.668193e+00
-1.533095e-01 4.310140e-01 2.675507e+00
-2.765670e-01 4.548070e-01 2.682820e+00
-2.205190e-01 3.410665e-01 2.740100e+00
-1.644710e-01 2.273260e-01 2.797380e+00
-2.539305e-01 1.408115e-01 2.771137e+00
-3.433900e-01 5.429700e-02 2.744894e+00
-1.940840e-01 8.148000e-02 2.662888e+00
-4.477800e-02 1.086630e-01 2.580882e+00
-8.655600e-02 8.065900e-02 2.676961e+00
-1.283340e-01 5.265500e-02 2.773041e+00
-2.688695e-01 5.733350e-02 2.737836e+00
-4.094050e-01 6.201200e-02 2.702630e+00
-1.703585e-01 9.677500e-02 2.706927e+00
6.868800e-02 1.315380e-01 2.711225e+00
-1.647970e-01 -5.996900e-02 2.669227e+00
-3.982820e-01 -2.514760e-01 2.627230e+00
-1.149575e-01 -1.988150e-01 2.604051e+00
1.683670e-01 -1.461540e-01 2.580873e+00
-9.303450e-02 -2.335870e-01 2.607157e+00
-3.544360e-01 -3.210200e-01 2.633440e+00
-7.853150e-02 -2.640120e-01 2.583422e+00
1.973730e-01 -2.070040e-01 2.533404e+00
-4.421750e-02 -3.614930e-01 2.606434e+00
-2.858080e-01 -5.159820e-01 2.679465e+00
-1.608385e-01 -4.972805e-01 2.678571e+00
-3.586900e-02 -4.785790e-01 2.677677e+00
-1.800090e-01 -7.219145e-01 2.718733e+00
-3.241490e-01 -9.652500e-01 2.759789e+00
-2.486010e-01 -9.388650e-01 2.744588e+00
-1.730530e-01 -9.124800e-01 2.729388e+00
-3.008980e-01 -9.513665e-01 2.649703e+00
-4.287430e-01 -9.902530e-01 2.570017e+00
-3.199270e-01 -9.581235e-01 2.542526e+00
-2.111110e-01 -9.259940e-01 2.515035e+00
-1.926250e-01 -1.498550e-01 2.552423e+00
-1.741390e-01 6.262840e-01 2.589811e+00
-2.857260e-01 4.687315e-01 2.720954e+00
-3.973130e-01 3.111790e-01 2.852098e+00
-2.161160e-01 3.594380e-01 2.753191e+00
-3.491900e-02 4.076970e-01 2.654283e+00
-1.585640e-01 4.279895e-01 2.664871e+00
-2.822090e-01 4.482820e-01 2.675458e+00
-2.210105e-01 3.376810e-01 2.733608e+00
-1.598120e-01 2.270800e-01 2.791758e+00
-2.508155e-01 1.382380e-01 2.769008e+00
-3.418190e-01 4.939600e-02 2.746258e+00
-1.945175e-01 7.800750e-02 2.661171e+00
-4.721600e-02 1.066190e-01 2.576084e+00
-8.680000e-02 8.022750e-02 2.673539e+00
-1.263840e-01 5.383600e-02 2.770995e+00
-2.681965e-01 5.452050e-02 2.738640e+00
-4.100090e-01 5.520500e-02 2.706285e+00
-1.647495e-01 9.825750e-02 2.705912e+00
8.051000e-02 1.413100e-01 2.705539e+00
-1.596605e-01 -5.754550e-02 2.666995e+00
-3.998310e-01 -2.564010e-01 2.628451e+00
-7.933200e-02 -1.519185e-01 2.564787e+00
2.411670e-01 -4.743600e-02 2.501124e+00
-8.843100e-02 -1.899055e-01 2.551615e+00
-4.180290e-01 -3.323750e-01 2.602106e+00
-6.775250e-02 -2.133260e-01 2.524722e+00
2.825240e-01 -9.427700e-02 2.447338e+00
-2.778000e-03 -3.073580e-01 2.563508e+00
-2.880800e-01 -5.204390e-01 2.679678e+00
-1.645200e-01 -5.022205e-01 2.677855e+00
-4.096000e-02 -4.840020e-01 2.676032e+00
-1.829860e-01 -7.257820e-01 2.723903e+00
-3.250120e-01 -9.675620e-01 2.771774e+00
-2.509380e-01 -9.428235e-01 2.750673e+00
-1.768640e-01 -9.180850e-01 2.729571e+00
-3.054170e-01 -9.575465e-01 2.657345e+00
-4.339700e-01 -9.970080e-01 2.585120e+00
-3.309945e-01 -9.626000e-01 2.551445e+00
-2.280190e-01 -9.281920e-01 2.517770e+00
-1.968520e-01 -1.528360e-01 2.549724e+00
-1.656850e-01 6.225200e-01 2.581678e+00
-2.801740e-01 4.707780e-01 2.718939e+00
-3.946630e-01 3.190360e-01 2.856199e+00
-2.224020e-01 3.667400e-01 2.742206e+00
-5.014100e-02 4.144440e-01 2.628213e+00
-1.742725e-01 4.276900e-01 2.643309e+00
-2.984040e-01 4.409360e-01 2.658405e+00
-2.266540e-01 3.424900e-01 2.725633e+00
-1.549040e-01 2.440440e-01 2.792861e+00
-2.448400e-01 1.467575e-01 2.772444e+00
-3.347760e-01 4.947100e-02 2.752026e+00
-1.950090e-01 7.644100e-02 2.654589e+00
-5.524200e-02 1.034110e-01 2.557152e+00
-8.673500e-02 8.116450e-02 2.658514e+00
-1.182280e-01 5.891800e-02 2.759876e+00
-2.697045e-01 5.974300e-02 2.743136e+00
-4.211810e-01 6.056800e-02 2.726396e+00
-1.682100e-01 1.095055e-01 2.689532e+00
8.476100e-02 1.584430e-01 2.652669e+00
-1.648945e-01 -4.364250e-02 2.649767e+00
-4.145500e-01 -2.457280e-01 2.646864e+00
-6.639650e-02 -4.243100e-02 2.525927e+00
2.817570e-01 1.608660e-01 2.404991e+00
-6.510750e-02 -8.072000e-02 2.510708e+00
-4.119720e-01 -3.223060e-01 2.616424e+00
-3.983850e-02 -7.937450e-02 2.478165e+00
3.322950e-01 1.635570e-01 2.339906e+00
1.930700e-02 -1.791650e-01 2.509795e+00
-2.936810e-01 -5.218870e-01 2.679684e+00
-1.696190e-01 -5.049915e-01 2.674131e+00
-4.555700e-02 -4.880960e-01 2.668578e+00
-1.708580e-01 -7.293815e-01 2.719833e+00
-2.961590e-01 -9.706670e-01 2.771088e+00
-2.160010e-01 -9.528585e-01 2.741308e+00
-1.358430e-01 -9.350500e-01 2.711527e+00
-2.797325e-01 -9.701835e-01 2.654516e+00
-4.236220e-01 -1.005317e+00 2.597505e+00
-3.297925e-01 -9.693820e-01 2.557625e+00
-2.359630e-01 -9.334470e-01 2.517744e+00
-2.142180e-01 -1.467450e-01 2.543147e+00
-1.924730e-01 6.399570e-01 2.568551e+00
-2.909985e-01 4.767570e-01 2.709761e+00
-3.895240e-01 3.135570e-01 2.850971e+00
-2.257045e-01 3.593000e-01 2.724422e+00
-6.188500e-02 4.050430e-01 2.597872e+00
-1.858210e-01 4.125995e-01 2.617743e+00
-3.097570e-01 4.201560e-01 2.637613e+00
-2.291630e-01 3.332950e-01 2.710545e+00
-1.485690e-01 2.464340e-01 2.783477e+00
-2.351710e-01 1.449580e-01 2.769629e+00
-3.217730e-01 4.348200e-02 2.755782e+00
-1.874680e-01 6.818450e-02 2.650386e+00
-5.316300e-02 9.288700e-02 2.544991e+00
-7.914950e-02 7.310650e-02 2.648404e+00
-1.051360e-01 5.332600e-02 2.751818e+00
-2.654790e-01 5.054550e-02 2.749122e+00
-4.258220e-01 4.776500e-02 2.746426e+00
-1.662100e-01 1.060700e-01 2.657681e+00
9.340200e-02 1.643750e-01 2.568936e+00
-1.594045e-01 -4.498350e-02 2.615870e+00
-4.122110e-01 -2.543420e-01 2.662804e+00
-7.158350e-02 4.820000e-03 2.495816e+00
2.690440e-01 2.639820e-01 2.328828e+00
-8.027200e-02 -3.264050e-02 2.480965e+00
-4.295880e-01 -3.292630e-01 2.633102e+00
-9.962750e-02 -9.260000e-03 2.453071e+00
2.303330e-01 3.107430e-01 2.273040e+00
-3.277250e-02 -1.087025e-01 2.482056e+00
-2.958780e-01 -5.281480e-01 2.691072e+00
-1.714965e-01 -5.134255e-01 2.678241e+00
-4.711500e-02 -4.987030e-01 2.665410e+00
-1.687800e-01 -7.391020e-01 2.717019e+00
-2.904450e-01 -9.795010e-01 2.768628e+00
-2.080030e-01 -9.636715e-01 2.738727e+00
-1.255610e-01 -9.478420e-01 2.708825e+00
-2.779090e-01 -9.786650e-01 2.656368e+00
-4.302570e-01 -1.009488e+00 2.603911e+00
-3.377660e-01 -9.770215e-01 2.565214e+00
-2.452750e-01 -9.445550e-01 2.526517e+00
-2.263695e-01 -1.461775e-01 2.546627e+00
-2.074640e-01 6.522000e-01 2.566738e+00
-2.917245e-01 4.913330e-01 2.686639e+00
-3.759850e-01 3.304660e-01 2.806540e+00
-3.381000e-02 3.852120e-01 2.562213e+00
-2.829670e-01 4.092220e-01 2.586555e+00
-1.335310e-01 2.516070e-01 2.760520e+00
-3.092700e-01 4.999000e-02 2.741526e+00
-3.392300e-02 7.646300e-02 2.535351e+00
-9.237600e-02 4.965200e-02 2.742494e+00
-4.331530e-01 4.983900e-02 2.793355e+00
1.042400e-01 1.711670e-01 2.430667e+00
-4.188230e-01 -2.438030e-01 2.687597e+00
1.802040e-01 3.786090e-01 2.209773e+00
-4.312190e-01 -3.142800e-01 2.646650e+00
1.377240e-01 4.286490e-01 2.159886e+00
-2.987470e-01 -5.261340e-01 2.708967e+00
-5.904900e-02 -5.115620e-01 2.668576e+00
-2.693430e-01 -9.793270e-01 2.768259e+00
-8.721800e-02 -9.661400e-01 2.716840e+00
-4.101760e-01 -1.009887e+00 2.604519e+00
-2.153910e-01 -9.769020e-01 2.540674e+00
-2.006270e-01 6.785360e-01 2.561883e+00
-3.275280e-01 4.143060e-01 2.738774e+00
1.288700e-02 3.725890e-01 2.489469e+00
-2.276820e-01 4.430390e-01 2.509748e+00
-1.035830e-01 2.884810e-01 2.705063e+00
-3.151510e-01 9.300200e-02 2.706981e+00
-2.919100e-02 8.248500e-02 2.514260e+00
-9.898300e-02 8.050400e-02 2.719610e+00
-4.357970e-01 1.596500e-01 2.822231e+00
2.214600e-02 2.982020e-01 2.210355e+00
-4.244670e-01 -1.530340e-01 2.786008e+00
-5.955300e-02 4.820980e-01 1.968066e+00
-4.264820e-01 -2.274950e-01 2.750668e+00
-1.333520e-01 4.835320e-01 1.931337e+00
-3.071330e-01 -4.928580e-01 2.711765e+00
-6.252000e-02 -4.914370e-01 2.673119e+00
-3.003590e-01 -9.504570e-01 2.729689e+00
-1.167110e-01 -9.437130e-01 2.720798e+00
-4.301160e-01 -9.592380e-01 2.554577e+00
-2.314170e-01 -9.495180e-01 2.535359e+00
-2.855570e-01 6.894850e-01 2.581172e+00
-3.378450e-01 4.127370e-01 2.764213e+00
-2.416700e-02 4.151850e-01 2.478948e+00
-2.629780e-01 4.735590e-01 2.531955e+00
-1.156130e-01 3.005220e-01 2.692513e+00
-3.151070e-01 1.174420e-01 2.710162e+00
-7.029200e-02 1.224380e-01 2.467128e+00
-1.000580e-01 1.185780e-01 2.681937e+00
-4.177760e-01 1.394060e-01 2.810635e+00
-6.493600e-02 3.629400e-01 2.198144e+00
-4.186160e-01 -1.749990e-01 2.815586e+00
-1.918290e-01 4.698680e-01 1.931074e+00
-4.218700e-01 -2.540470e-01 2.792387e+00
-2.392410e-01 4.853040e-01 1.865415e+00
-2.916160e-01 -4.663500e-01 2.703099e+00
-5.812000e-02 -4.487110e-01 2.656354e+00
-3.011900e-01 -9.225260e-01 2.742793e+00
-6.348100e-02 -9.012240e-01 2.726831e+00
-4.570740e-01 -9.325020e-01 2.590546e+00
-2.135600e-01 -9.238450e-01 2.570168e+00
-2.916210e-01 6.959360e-01 2.581464e+00
-3.556810e-01 2.737960e-01 2.778496e+00
-1.113700e-01 2.891060e-01 2.439745e+00
-3.353950e-01 3.294630e-01 2.534083e+00
-1.429890e-01 1.777490e-01 2.665992e+00
-2.682770e-01 3.414900e-02 2.707910e+00
-6.428200e-02 -3.564000e-03 2.432249e+00
-6.026800e-02 2.856900e-02 2.646714e+00
-3.512530e-01 6.432300e-02 2.976233e+00
-1.402940e-01 3.889250e-01 2.171286e+00
-3.776470e-01 -2.406990e-01 3.045789e+00
-2.941460e-01 4.750710e-01 1.911807e+00
-3.849060e-01 -3.195120e-01 3.068879e+00
-3.418920e-01 4.890810e-01 1.846070e+00
-3.112870e-01 -5.500730e-01 2.717868e+00
-7.757700e-02 -5.622710e-01 2.667065e+00
-3.059030e-01 -1.007609e+00 2.737748e+00
-3.187300e-02 -1.013392e+00 2.731599e+00
-4.925240e-01 -1.014702e+00 2.625050e+00
-2.127350e-01 -1.048423e+00 2.614807e+00
-3.139030e-01 6.108740e-01 2.612005e+00
-3.586850e-01 2.607510e-01 2.775953e+00
-1.210330e-01 2.997100e-01 2.433280e+00
-3.479160e-01 3.135930e-01 2.530312e+00
-1.367670e-01 1.897630e-01 2.662671e+00
-3.025140e-01 -1.618100e-02 2.737136e+00
-9.527600e-02 -6.027600e-02 2.464862e+00
-9.435700e-02 -1.205400e-02 2.676328e+00
-3.262360e-01 5.444000e-02 2.974401e+00
-1.671190e-01 3.919450e-01 2.164910e+00
-3.102840e-01 -2.495090e-01 3.051426e+00
-3.252750e-01 4.754680e-01 1.907669e+00
-3.065870e-01 -3.280410e-01 3.076256e+00
-3.748680e-01 4.850280e-01 1.842503e+00
-3.287440e-01 -6.068290e-01 2.706532e+00
-7.304400e-02 -6.185890e-01 2.680011e+00
-2.849700e-01 -1.061678e+00 2.737518e+00
-2.707500e-02 -1.070811e+00 2.736102e+00
-4.673230e-01 -1.087194e+00 2.620580e+00
-2.025160e-01 -1.104179e+00 2.610861e+00
-3.116370e-01 6.163320e-01 2.607411e+00
-3.626750e-01 2.710500e-01 2.768275e+00
-1.394470e-01 3.022710e-01 2.418468e+00
-3.620010e-01 3.122580e-01 2.520183e+00
-1.418550e-01 2.032870e-01 2.650943e+00
-3.063610e-01 4.542000e-03 2.721993e+00
-1.069030e-01 -4.120100e-02 2.444235e+00
-1.003770e-01 1.181000e-02 2.654452e+00
-3.155150e-01 7.303300e-02 2.972147e+00
-1.850170e-01 3.942340e-01 2.150283e+00
-2.817370e-01 -2.252280e-01 3.064189e+00
-3.502230e-01 4.783290e-01 1.898162e+00
-2.733100e-01 -3.021190e-01 3.092724e+00
-4.021960e-01 4.866060e-01 1.834697e+00
-3.228030e-01 -5.871930e-01 2.695411e+00
-7.442700e-02 -5.975150e-01 2.662643e+00
-2.922030e-01 -1.040397e+00 2.754011e+00
-4.933400e-02 -1.048659e+00 2.737501e+00
-4.741100e-01 -1.067833e+00 2.636813e+00
-2.276180e-01 -1.078819e+00 2.615502e+00
-3.184110e-01 6.253290e-01 2.600615e+00
-3.588780e-01 2.932990e-01 2.759036e+00
-1.374050e-01 3.137250e-01 2.406729e+00
-3.588010e-01 3.327690e-01 2.510661e+00
-1.417930e-01 2.164570e-01 2.640337e+00
-3.037560e-01 2.484500e-02 2.717761e+00
-1.093800e-01 -2.293200e-02 2.436762e+00
-9.937100e-02 3.418000e-02 2.645764e+00
-3.175300e-01 9.078600e-02 2.959728e+00
-2.004120e-01 3.919570e-01 2.138197e+00
-2.899450e-01 -2.069370e-01 3.055503e+00
-3.684440e-01 4.781450e-01 1.889278e+00
-2.831200e-01 -2.837200e-01 3.084745e+00
-4.239520e-01 4.769000e-01 1.828330e+00
-3.209290e-01 -5.656130e-01 2.700651e+00
-8.119100e-02 -5.808870e-01 2.650210e+00
-3.096280e-01 -1.022300e+00 2.733405e+00
-5.951400e-02 -1.030780e+00 2.733221e+00
-4.942110e-01 -1.035152e+00 2.617897e+00
-2.396770e-01 -1.061432e+00 2.614139e+00
-3.026790e-01 6.512820e-01 2.586098e+00
-3.548140e-01 2.925210e-01 2.760671e+00
-1.315780e-01 3.184990e-01 2.408819e+00
-3.535300e-01 3.376090e-01 2.513258e+00
-1.382330e-01 2.159610e-01 2.640874e+00
-3.010850e-01 2.468800e-02 2.716933e+00
-1.056950e-01 -2.421900e-02 2.436832e+00
-9.601300e-02 3.036400e-02 2.646525e+00
-3.163570e-01 8.248200e-02 2.954071e+00
-2.002510e-01 3.899890e-01 2.140079e+00
-2.897950e-01 -2.170250e-01 3.044415e+00
-3.676070e-01 4.716490e-01 1.889544e+00
-2.832730e-01 -2.944140e-01 3.072090e+00
-4.217920e-01 4.748370e-01 1.827486e+00
-3.170180e-01 -5.672870e-01 2.704108e+00
-8.164100e-02 -5.812430e-01 2.655391e+00
-2.846700e-01 -1.022238e+00 2.745790e+00
-5.892800e-02 -1.032434e+00 2.730721e+00
-4.700510e-01 -1.045727e+00 2.633270e+00
-2.390520e-01 -1.061461e+00 2.611175e+00
-2.877580e-01 6.555920e-01 2.583885e+00
-3.507980e-01 3.082810e-01 2.758017e+00
-1.239110e-01 3.212560e-01 2.407218e+00
-3.456430e-01 3.517180e-01 2.510359e+00
-1.373670e-01 2.205870e-01 2.640216e+00
-3.174360e-01 3.390300e-02 2.711201e+00
-1.235890e-01 -1.312500e-02 2.429711e+00
-1.139120e-01 4.806800e-02 2.637571e+00
-3.239470e-01 9.538100e-02 2.950244e+00
-1.958920e-01 3.894190e-01 2.138733e+00
-3.101220e-01 -2.039990e-01 3.043803e+00
-3.594140e-01 4.714740e-01 1.886127e+00
-3.069450e-01 -2.813550e-01 3.072148e+00
-4.177690e-01 4.756930e-01 1.828039e+00
-3.236740e-01 -5.562540e-01 2.698778e+00
-8.325800e-02 -5.675050e-01 2.651133e+00
-2.774480e-01 -1.008360e+00 2.755590e+00
-5.816100e-02 -1.018495e+00 2.726911e+00
-4.628420e-01 -1.041157e+00 2.645446e+00
-2.388540e-01 -1.048453e+00 2.608458e+00
-2.788760e-01 6.648900e-01 2.584333e+00
-3.497500e-01 3.072140e-01 2.763292e+00
-1.169480e-01 3.280480e-01 2.415622e+00
-3.411500e-01 3.544510e-01 2.516426e+00
-1.335000e-01 2.236720e-01 2.647633e+00
-3.123050e-01 3.310800e-02 2.719411e+00
-1.128830e-01 -1.511100e-02 2.442047e+00
-1.065050e-01 4.121100e-02 2.651406e+00
-3.234690e-01 8.836400e-02 2.948798e+00
-1.716670e-01 3.889100e-01 2.141699e+00
-3.045030e-01 -2.114590e-01 3.040006e+00
-3.323020e-01 4.734520e-01 1.888484e+00
-3.000870e-01 -2.890580e-01 3.067509e+00
-3.873770e-01 4.751990e-01 1.827157e+00
-3.192520e-01 -5.599710e-01 2.700740e+00
-7.835200e-02 -5.714470e-01 2.655228e+00
-2.526680e-01 -1.008408e+00 2.765813e+00
-6.117400e-02 -1.022999e+00 2.729861e+00
-4.353380e-01 -1.051651e+00 2.654727e+00
-2.395580e-01 -1.050045e+00 2.607278e+00
-2.757710e-01 6.678660e-01 2.590331e+00
-3.949910e-01 3.018440e-01 2.732727e+00
-1.143140e-01 2.729640e-01 2.435619e+00
-3.464310e-01 3.044300e-01 2.485982e+00
-1.606350e-01 2.105130e-01 2.670633e+00
-3.361410e-01 2.823200e-02 2.708379e+00
-9.552500e-02 -2.486400e-02 2.466905e+00
-1.216080e-01 2.064400e-02 2.677363e+00
-3.105260e-01 5.388000e-02 2.851674e+00
-1.386480e-01 3.795500e-01 2.171660e+00
-3.094920e-01 -2.016690e-01 3.033314e+00
-2.889550e-01 4.664360e-01 1.913199e+00
-3.085830e-01 -2.694260e-01 3.080279e+00
-3.343540e-01 4.820060e-01 1.846163e+00
-3.229480e-01 -5.726520e-01 2.697618e+00
-7.811200e-02 -5.813990e-01 2.656766e+00
-2.334330e-01 -1.016937e+00 2.763661e+00
-7.981300e-02 -1.033015e+00 2.732950e+00
-3.964350e-01 -1.069838e+00 2.628716e+00
-2.360320e-01 -1.057765e+00 2.582746e+00
-3.178550e-01 6.269170e-01 2.568546e+00
-3.869500e-01 3.144500e-01 2.749556e+00
-9.781800e-02 2.592120e-01 2.462605e+00
-3.275950e-01 3.169000e-01 2.505181e+00
-1.623860e-01 1.975150e-01 2.694628e+00
-3.274890e-01 3.015800e-02 2.713530e+00
-8.934100e-02 -2.741900e-02 2.470640e+00
-1.132950e-01 2.437500e-02 2.679895e+00
-3.310850e-01 4.955200e-02 2.846358e+00
-9.403300e-02 3.547890e-01 2.193564e+00
-3.711670e-01 -1.968890e-01 3.035656e+00
-2.376690e-01 4.597810e-01 1.938268e+00
-3.808920e-01 -2.626970e-01 3.084360e+00
-2.805520e-01 4.812020e-01 1.871189e+00
-3.203900e-01 -5.708330e-01 2.691619e+00
-7.129700e-02 -5.838890e-01 2.655290e+00
-2.240420e-01 -1.012855e+00 2.763014e+00
-8.563100e-02 -1.035164e+00 2.732162e+00
-3.866870e-01 -1.069900e+00 2.629332e+00
-2.421830e-01 -1.055824e+00 2.581685e+00
-3.516220e-01 5.996380e-01 2.551200e+00
-3.496340e-01 3.358700e-01 2.760984e+00
-5.277000e-02 2.968380e-01 2.469495e+00
-2.870220e-01 3.554980e-01 2.518203e+00
-1.261420e-01 2.197670e-01 2.700225e+00
-3.258440e-01 2.896000e-02 2.723907e+00
-8.762600e-02 1.255500e-02 2.474892e+00
-1.117890e-01 3.434200e-02 2.689334e+00
-4.399660e-01 6.805900e-02 2.810907e+00
-7.799000e-03 2.986420e-01 2.187748e+00
-4.372630e-01 -2.432380e-01 2.780602e+00
-1.510860e-01 4.511920e-01 1.957793e+00
-4.493060e-01 -2.980940e-01 2.720243e+00
-2.283570e-01 4.643010e-01 1.932207e+00
-3.236040e-01 -5.607560e-01 2.695382e+00
-7.501300e-02 -5.592720e-01 2.653550e+00
-2.338030e-01 -1.002095e+00 2.778568e+00
-1.253660e-01 -1.007454e+00 2.733307e+00
-4.012410e-01 -1.060136e+00 2.651390e+00
-2.752910e-01 -1.018733e+00 2.575276e+00
-3.660360e-01 5.519500e-01 2.577178e+00
-3.194370e-01 3.659050e-01 2.741195e+00
2.029600e-02 3.504140e-01 2.487982e+00
-2.216580e-01 4.136930e-01 2.514472e+00
-9.294700e-02 2.480280e-01 2.697298e+00
-3.216060e-01 5.075500e-02 2.707073e+00
-5.190400e-02 5.230800e-02 2.491937e+00
-1.047800e-01 4.803300e-02 2.702246e+00
-4.445520e-01 1.159720e-01 2.805120e+00
4.890600e-02 2.137610e-01 2.239303e+00
-4.417740e-01 -1.925290e-01 2.755610e+00
-6.850500e-02 3.901470e-01 2.011933e+00
-4.488160e-01 -2.742890e-01 2.747671e+00
-1.463460e-01 4.112830e-01 1.994862e+00
-3.189170e-01 -5.319220e-01 2.696139e+00
-7.626400e-02 -5.270760e-01 2.651904e+00
-2.987380e-01 -9.853640e-01 2.757359e+00
-1.274850e-01 -9.764420e-01 2.724091e+00
-4.442270e-01 -1.013450e+00 2.597288e+00
-2.559650e-01 -9.900290e-01 2.548344e+00
-2.787150e-01 6.618010e-01 2.586839e+00
-3.316650e-01 3.591600e-01 2.729179e+00
3.014000e-02 3.454000e-01 2.508536e+00
-2.149450e-01 4.017660e-01 2.510526e+00
-9.880500e-02 2.471260e-01 2.710614e+00
-3.160420e-01 5.580900e-02 2.700937e+00
-1.906200e-02 3.303600e-02 2.526842e+00
-1.019260e-01 3.335100e-02 2.727285e+00
-4.546330e-01 1.058170e-01 2.792155e+00
9.753200e-02 1.095530e-01 2.358895e+00
-4.408840e-01 -2.030330e-01 2.734556e+00
5.357200e-02 2.804040e-01 2.100194e+00
-4.520440e-01 -2.748010e-01 2.695541e+00
-1.237200e-02 2.810060e-01 2.050711e+00
-3.176800e-01 -5.329880e-01 2.703415e+00
-7.477200e-02 -5.414740e-01 2.664068e+00
-3.224890e-01 -9.878310e-01 2.756878e+00
-1.037370e-01 -9.951140e-01 2.720065e+00
-4.398100e-01 -1.008074e+00 2.574109e+00
-2.124680e-01 -1.011426e+00 2.531677e+00
-2.450700e-01 6.793550e-01 2.578237e+00
-3.781700e-01 3.413710e-01 2.779944e+00
-8.470000e-03 3.779200e-01 2.575587e+00
-2.550610e-01 4.272570e-01 2.578163e+00
-1.415180e-01 2.402440e-01 2.750125e+00
-3.391550e-01 5.719800e-02 2.712224e+00
-3.713900e-02 6.625900e-02 2.545702e+00
-1.246620e-01 4.924300e-02 2.743425e+00
-4.396180e-01 6.132400e-02 2.748261e+00
8.120100e-02 1.065820e-01 2.543634e+00
-4.445000e-01 -2.503210e-01 2.707377e+00
1.585940e-01 -2.434000e-03 2.260212e+00
-4.349850e-01 -3.028290e-01 2.644529e+00
1.157740e-01 2.841200e-02 2.196868e+00
-3.078150e-01 -5.266060e-01 2.698839e+00
-6.439300e-02 -5.158630e-01 2.671031e+00
-3.246850e-01 -9.814160e-01 2.750094e+00
-1.058660e-01 -9.704010e-01 2.708978e+00
-4.321680e-01 -9.987300e-01 2.561080e+00
-2.028240e-01 -9.778550e-01 2.513730e+00
-2.298930e-01 6.752520e-01 2.577068e+00
-3.785000e-01 3.492040e-01 2.779966e+00
1.014000e-03 3.800100e-01 2.593428e+00
-2.435520e-01 4.383090e-01 2.587359e+00
-1.444680e-01 2.406260e-01 2.756300e+00
-3.496960e-01 6.125100e-02 2.695363e+00
-3.083100e-02 7.583400e-02 2.564453e+00
-1.400710e-01 5.296600e-02 2.750430e+00
-4.334240e-01 6.974900e-02 2.732103e+00
7.180800e-02 1.012480e-01 2.609624e+00
-4.290610e-01 -2.390380e-01 2.671400e+00
1.611310e-01 -1.370230e-01 2.425774e+00
-4.459680e-01 -3.113160e-01 2.635519e+00
1.427800e-01 -1.522970e-01 2.346860e+00
-3.007540e-01 -5.202000e-01 2.701062e+00
-5.670900e-02 -5.069520e-01 2.674868e+00
-3.163100e-01 -9.725710e-01 2.770935e+00
-6.535900e-02 -9.629780e-01 2.716459e+00
-3.997710e-01 -1.000528e+00 2.571358e+00
-1.429330e-01 -9.800350e-01 2.513309e+00
-2.121100e-01 6.722900e-01 2.579233e+00
-3.781030e-01 3.583630e-01 2.779559e+00
8.171000e-03 3.791290e-01 2.605959e+00
-2.338310e-01 4.463850e-01 2.593319e+00
-1.474430e-01 2.418550e-01 2.761073e+00
-3.516700e-01 6.417000e-02 2.693981e+00
-3.086800e-02 8.426500e-02 2.568652e+00
-1.429140e-01 5.855600e-02 2.752578e+00
-4.264280e-01 7.781100e-02 2.724889e+00
6.582400e-02 9.824900e-02 2.644346e+00
-4.246610e-01 -2.277380e-01 2.644649e+00
1.163510e-01 -2.042830e-01 2.571434e+00
-3.775460e-01 -2.920240e-01 2.665741e+00
1.117770e-01 -2.575380e-01 2.508662e+00
-2.929690e-01 -5.163400e-01 2.699178e+00
-5.345700e-02 -4.976780e-01 2.686693e+00
-3.134040e-01 -9.688930e-01 2.766574e+00
-6.735300e-02 -9.535070e-01 2.729013e+00
-3.922020e-01 -9.953670e-01 2.564909e+00
-1.395120e-01 -9.703540e-01 2.523860e+00
-1.966670e-01 6.741940e-01 2.577504e+00
-3.756860e-01 3.648190e-01 2.777884e+00
2.220900e-02 3.743810e-01 2.631719e+00
-2.147710e-01 4.548160e-01 2.606843e+00
-1.502600e-01 2.375000e-01 2.768241e+00
-3.499470e-01 6.477200e-02 2.695164e+00
-2.545100e-02 8.876700e-02 2.580485e+00
-1.431200e-01 5.882100e-02 2.760210e+00
-4.201140e-01 8.706600e-02 2.705024e+00
6.113400e-02 8.713000e-02 2.643991e+00
-4.029170e-01 -2.200380e-01 2.629773e+00
6.094900e-02 -2.285450e-01 2.661968e+00
-3.591810e-01 -2.882480e-01 2.614545e+00
2.033400e-02 -2.964140e-01 2.638695e+00
-2.890800e-01 -5.148770e-01 2.695305e+00
-4.743700e-02 -4.941270e-01 2.691518e+00
-2.964470e-01 -9.641630e-01 2.783918e+00
-6.804100e-02 -9.497820e-01 2.732964e+00
-3.700120e-01 -1.002736e+00 2.582228e+00
-1.317290e-01 -9.658220e-01 2.524962e+00
-1.824470e-01 6.615440e-01 2.573096e+00
-3.721790e-01 3.648410e-01 2.776637e+00
2.808400e-02 3.753630e-01 2.637155e+00
-2.085200e-01 4.557160e-01 2.608693e+00
-1.465120e-01 2.377460e-01 2.770189e+00
-3.464310e-01 6.814400e-02 2.698794e+00
-2.005800e-02 8.841900e-02 2.588820e+00
-1.406280e-01 5.679700e-02 2.766321e+00
-4.169050e-01 8.922300e-02 2.697678e+00
6.612300e-02 8.837800e-02 2.650950e+00
-4.031610e-01 -2.197030e-01 2.631531e+00
5.813700e-02 -2.270750e-01 2.664514e+00
-3.535870e-01 -2.843840e-01 2.619036e+00
2.310400e-02 -2.978260e-01 2.640754e+00
-2.831810e-01 -5.129250e-01 2.694033e+00
-4.666500e-02 -4.928310e-01 2.697299e+00
-2.901710e-01 -9.612600e-01 2.787362e+00
-6.833400e-02 -9.488690e-01 2.733687e+00
-3.607090e-01 -1.002271e+00 2.585073e+00
-1.296510e-01 -9.626220e-01 2.524810e+00
-1.764100e-01 6.655360e-01 2.579068e+00
-3.695070e-01 3.683540e-01 2.776983e+00
3.538400e-02 3.792140e-01 2.651597e+00
-1.995950e-01 4.618390e-01 2.616864e+00
-1.445460e-01 2.398630e-01 2.775398e+00
-3.416870e-01 7.085500e-02 2.692921e+00
-1.294100e-02 1.044740e-01 2.593822e+00
-1.377270e-01 6.280300e-02 2.766263e+00
-4.130130e-01 9.501000e-02 2.690927e+00
6.706500e-02 9.143900e-02 2.657303e+00
-3.977580e-01 -2.153920e-01 2.634380e+00
7.107200e-02 -2.240250e-01 2.664513e+00
-3.445430e-01 -2.756830e-01 2.616200e+00
3.167500e-02 -2.949100e-01 2.649665e+00
-2.744690e-01 -5.043700e-01 2.692721e+00
-2.783700e-02 -4.787100e-01 2.693000e+00
-3.066580e-01 -9.518980e-01 2.784624e+00
-2.065260e-01 -8.792880e-01 2.824803e+00
-3.682990e-01 -9.897240e-01 2.578837e+00
-1.656270e-01 -9.624960e-01 2.627364e+00
-1.654800e-01 6.599170e-01 2.570827e+00
-3.645670e-01 3.696530e-01 2.778775e+00
4.195600e-02 3.716310e-01 2.658311e+00
-1.907300e-01 4.593270e-01 2.620701e+00
-1.424510e-01 2.362980e-01 2.779962e+00
-3.430210e-01 9.161400e-02 2.698211e+00
-1.315500e-02 8.786000e-02 2.597221e+00
-1.407830e-01 6.158400e-02 2.770612e+00
-4.036250e-01 9.355700e-02 2.700822e+00
6.986700e-02 8.365100e-02 2.657939e+00
-4.092400e-01 -2.139500e-01 2.630330e+00
6.141200e-02 -2.314920e-01 2.652263e+00
-3.660210e-01 -2.836950e-01 2.638398e+00
2.665400e-02 -3.062360e-01 2.650639e+00
-2.979970e-01 -4.956920e-01 2.684062e+00
-4.262300e-02 -4.862140e-01 2.687245e+00
-1.920790e-01 -9.190510e-01 2.823034e+00
-1.214060e-01 -8.889750e-01 2.890567e+00
-2.781800e-01 -1.000676e+00 2.639997e+00
-1.342000e-01 -9.851050e-01 2.695186e+00
-1.601170e-01 6.659690e-01 2.590788e+00
