-3.843300e-01 2.949820e-01 2.664899e+00
-2.135575e-01 2.956025e-01 2.640554e+00
-4.278500e-02 2.962230e-01 2.616210e+00
-1.388075e-01 3.223640e-01 2.554446e+00
-2.348300e-01 3.485050e-01 2.492682e+00
-2.182610e-01 2.566290e-01 2.606566e+00
-2.016920e-01 1.647530e-01 2.720449e+00
-2.882990e-01 5.588700e-02 2.654301e+00
-3.749060e-01 -5.297900e-02 2.588153e+00
-2.046835e-01 -5.089700e-02 2.567365e+00
-3.446100e-02 -4.881500e-02 2.546576e+00
-1.125825e-01 -5.233100e-02 2.613958e+00
-1.907040e-01 -5.584700e-02 2.681340e+00
-3.132215e-01 -1.442950e-02 2.666460e+00
-4.357390e-01 2.698800e-02 2.651579e+00
-2.071245e-01 2.991350e-02 2.650767e+00
2.149000e-02 3.283900e-02 2.649956e+00
-1.937820e-01 -1.125810e-01 2.632821e+00
-4.090540e-01 -2.580010e-01 2.615686e+00
-1.968645e-01 -2.565345e-01 2.624296e+00
1.532500e-02 -2.550680e-01 2.632906e+00
-1.861685e-01 -2.871235e-01 2.619608e+00
-3.876620e-01 -3.191790e-01 2.606310e+00
-1.957100e-01 -3.182085e-01 2.615767e+00
-3.758000e-03 -3.172380e-01 2.625225e+00
-1.468390e-01 -4.328265e-01 2.659235e+00
-2.899200e-01 -5.484150e-01 2.693244e+00
-1.903800e-01 -5.481010e-01 2.679351e+00
-9.084000e-02 -5.477870e-01 2.665458e+00
-1.891325e-01 -7.492240e-01 2.710342e+00
-2.874250e-01 -9.506610e-01 2.755226e+00
-1.797685e-01 -9.487945e-01 2.749022e+00
-7.211200e-02 -9.469280e-01 2.742819e+00
-1.889690e-01 -9.607900e-01 2.671546e+00
-3.058260e-01 -9.746520e-01 2.600273e+00
-1.981360e-01 -9.761230e-01 2.594657e+00
-9.044600e-02 -9.775940e-01 2.589040e+00
-1.531970e-01 -2.135325e-01 2.553778e+00
-2.159480e-01 5.505290e-01 2.518515e+00
-3.014780e-01 4.216410e-01 2.595857e+00
-3.870080e-01 2.927530e-01 2.673198e+00
-2.169075e-01 2.949640e-01 2.644611e+00
-4.680700e-02 2.971750e-01 2.616024e+00
-1.445025e-01 3.239600e-01 2.557231e+00
-2.421980e-01 3.507450e-01 2.498438e+00
-2.222340e-01 2.566650e-01 2.609953e+00
-2.022700e-01 1.625850e-01 2.721468e+00
-2.881785e-01 5.451850e-02 2.658799e+00
-3.740870e-01 -5.354800e-02 2.596130e+00
-2.050045e-01 -5.108600e-02 2.567541e+00
-3.592200e-02 -4.862400e-02 2.538953e+00
-1.108600e-01 -5.185850e-02 2.609871e+00
-1.857980e-01 -5.509300e-02 2.680790e+00
-3.106180e-01 -1.558650e-02 2.667185e+00
-4.354380e-01 2.392000e-02 2.653579e+00
-2.059235e-01 2.933350e-02 2.651957e+00
2.359100e-02 3.474700e-02 2.650336e+00
-1.912380e-01 -1.134365e-01 2.634450e+00
-4.060670e-01 -2.616200e-01 2.618564e+00
-1.954190e-01 -2.577745e-01 2.627064e+00
1.522900e-02 -2.539290e-01 2.635564e+00
-1.909380e-01 -2.895975e-01 2.633332e+00
-3.971050e-01 -3.252660e-01 2.631099e+00
-1.984025e-01 -3.214775e-01 2.633288e+00
3.000000e-04 -3.176890e-01 2.635477e+00
-1.442220e-01 -4.337980e-01 2.664194e+00
-2.887440e-01 -5.499070e-01 2.692912e+00
-1.888265e-01 -5.479450e-01 2.681022e+00
-8.890900e-02 -5.459830e-01 2.669132e+00
-1.881495e-01 -7.491605e-01 2.711421e+00
-2.873900e-01 -9.523380e-01 2.753709e+00
-1.797425e-01 -9.494170e-01 2.746619e+00
-7.209500e-02 -9.464960e-01 2.739528e+00
-1.924125e-01 -9.610975e-01 2.669585e+00
-3.127300e-01 -9.756990e-01 2.599642e+00
-2.050775e-01 -9.751010e-01 2.592939e+00
-9.742500e-02 -9.745030e-01 2.586236e+00
-1.566095e-01 -2.111265e-01 2.556693e+00
-2.157940e-01 5.522500e-01 2.527151e+00
-3.012015e-01 4.222630e-01 2.598223e+00
-3.866090e-01 2.922760e-01 2.669295e+00
-2.156960e-01 2.954850e-01 2.646171e+00
-4.478300e-02 2.986940e-01 2.623048e+00
-1.406115e-01 3.274785e-01 2.562164e+00
-2.364400e-01 3.562630e-01 2.501281e+00
-2.198850e-01 2.584010e-01 2.610066e+00
-2.033300e-01 1.605390e-01 2.718851e+00
-2.878410e-01 5.603000e-02 2.658164e+00
-3.723520e-01 -4.847900e-02 2.597477e+00
-2.033985e-01 -4.963900e-02 2.568057e+00
-3.444500e-02 -5.079900e-02 2.538637e+00
-1.090855e-01 -5.246250e-02 2.609923e+00
-1.837260e-01 -5.412600e-02 2.681208e+00
-3.081245e-01 -1.591350e-02 2.666377e+00
-4.325230e-01 2.229900e-02 2.651546e+00
-2.032390e-01 2.865700e-02 2.651148e+00
2.604500e-02 3.501500e-02 2.650750e+00
-1.880555e-01 -1.145770e-01 2.635500e+00
-4.021560e-01 -2.641690e-01 2.620250e+00
-1.939380e-01 -2.591060e-01 2.627240e+00
1.428000e-02 -2.540430e-01 2.634230e+00
-1.843015e-01 -2.902275e-01 2.623978e+00
-3.828830e-01 -3.264120e-01 2.613725e+00
-1.929295e-01 -3.214805e-01 2.628544e+00
-2.976000e-03 -3.165490e-01 2.643362e+00
-1.457435e-01 -4.324290e-01 2.666224e+00
-2.885110e-01 -5.483090e-01 2.689085e+00
-1.881775e-01 -5.469280e-01 2.679667e+00
-8.784400e-02 -5.455470e-01 2.670250e+00
-1.889315e-01 -7.480115e-01 2.710927e+00
-2.900190e-01 -9.504760e-01 2.751604e+00
-1.817275e-01 -9.481865e-01 2.746849e+00
-7.343600e-02 -9.458970e-01 2.742095e+00
-1.951080e-01 -9.600875e-01 2.669970e+00
-3.167800e-01 -9.742780e-01 2.597846e+00
-2.085050e-01 -9.742950e-01 2.593487e+00
-1.002300e-01 -9.743120e-01 2.589127e+00
-1.588275e-01 -2.115230e-01 2.558600e+00
-2.174250e-01 5.512660e-01 2.528073e+00
-3.030965e-01 4.233830e-01 2.596441e+00
-3.887680e-01 2.955000e-01 2.664809e+00
-2.177200e-01 2.975075e-01 2.642564e+00
-4.667200e-02 2.995150e-01 2.620318e+00
-1.420530e-01 3.272185e-01 2.558242e+00
-2.374340e-01 3.549220e-01 2.496166e+00
-2.218585e-01 2.595970e-01 2.607322e+00
-2.062830e-01 1.642720e-01 2.718478e+00
-2.886305e-01 5.871100e-02 2.652948e+00
-3.709780e-01 -4.685000e-02 2.587419e+00
-2.005715e-01 -4.845300e-02 2.568151e+00
-3.016500e-02 -5.005600e-02 2.548883e+00
-1.089340e-01 -5.126800e-02 2.615588e+00
-1.877030e-01 -5.248000e-02 2.682293e+00
-3.115825e-01 -1.364300e-02 2.667284e+00
-4.354620e-01 2.519400e-02 2.652275e+00
-2.052320e-01 3.086550e-02 2.652944e+00
2.499800e-02 3.653700e-02 2.653613e+00
-1.906740e-01 -1.121835e-01 2.634447e+00
-4.063460e-01 -2.609040e-01 2.615281e+00
-1.946580e-01 -2.567460e-01 2.624302e+00
1.703000e-02 -2.525880e-01 2.633322e+00
-1.859760e-01 -2.880370e-01 2.628494e+00
-3.889820e-01 -3.234860e-01 2.623667e+00
-1.957730e-01 -3.192745e-01 2.629065e+00
-2.564000e-03 -3.150630e-01 2.634463e+00
-1.447230e-01 -4.304685e-01 2.662003e+00
-2.868820e-01 -5.458740e-01 2.689543e+00
-1.877925e-01 -5.458010e-01 2.680710e+00
-8.870300e-02 -5.457280e-01 2.671877e+00
-1.889765e-01 -7.465795e-01 2.713858e+00
-2.892500e-01 -9.474310e-01 2.755840e+00
-1.816320e-01 -9.469155e-01 2.748843e+00
-7.401400e-02 -9.464000e-01 2.741845e+00
-1.904450e-01 -9.596430e-01 2.671438e+00
-3.068760e-01 -9.728860e-01 2.601031e+00
-1.993960e-01 -9.734530e-01 2.594235e+00
-9.191600e-02 -9.740200e-01 2.587439e+00
-1.548740e-01 -2.096780e-01 2.556608e+00
-2.178320e-01 5.546640e-01 2.525778e+00
-3.027705e-01 4.218105e-01 2.594193e+00
-3.877090e-01 2.889570e-01 2.662607e+00
-2.162545e-01 2.943190e-01 2.644417e+00
-4.480000e-02 2.996810e-01 2.626227e+00
-1.391910e-01 3.271270e-01 2.562544e+00
-2.335820e-01 3.545730e-01 2.498861e+00
-2.189250e-01 2.571215e-01 2.608285e+00
-2.042680e-01 1.596700e-01 2.717709e+00
-2.866005e-01 5.542700e-02 2.652891e+00
-3.689330e-01 -4.881600e-02 2.588073e+00
-1.985570e-01 -5.090450e-02 2.568579e+00
-2.818100e-02 -5.299300e-02 2.549085e+00
-1.068715e-01 -5.436450e-02 2.615880e+00
-1.855620e-01 -5.573600e-02 2.682675e+00
-3.090205e-01 -1.899650e-02 2.665506e+00
-4.324790e-01 1.774300e-02 2.648336e+00
-2.026005e-01 2.665150e-02 2.651511e+00
2.727800e-02 3.556000e-02 2.654686e+00
-1.878970e-01 -1.172240e-01 2.637307e+00
-4.030720e-01 -2.700080e-01 2.619927e+00
-1.924575e-01 -2.621100e-01 2.627041e+00
1.815700e-02 -2.542120e-01 2.634155e+00
-1.857390e-01 -2.940870e-01 2.624944e+00
-3.896350e-01 -3.339620e-01 2.615733e+00
-1.936730e-01 -3.258175e-01 2.626461e+00
2.289000e-03 -3.176730e-01 2.637188e+00
-1.429740e-01 -4.328105e-01 2.663431e+00
-2.882370e-01 -5.479480e-01 2.689674e+00
-1.869360e-01 -5.477825e-01 2.681801e+00
-8.563500e-02 -5.476170e-01 2.673927e+00
-1.871805e-01 -7.488110e-01 2.713420e+00
-2.887260e-01 -9.500050e-01 2.752913e+00
-1.801025e-01 -9.496070e-01 2.745716e+00
-7.147900e-02 -9.492090e-01 2.738518e+00
-1.891575e-01 -9.617805e-01 2.668249e+00
-3.068360e-01 -9.743520e-01 2.597981e+00
-1.983245e-01 -9.745455e-01 2.590892e+00
-8.981300e-02 -9.747390e-01 2.583803e+00
-1.516940e-01 -2.144180e-01 2.551665e+00
-2.135750e-01 5.459030e-01 2.519526e+00
-3.011435e-01 4.179755e-01 2.590210e+00
-3.887120e-01 2.900480e-01 2.660895e+00
-2.173730e-01 2.883785e-01 2.640986e+00
-4.603400e-02 2.867090e-01 2.621076e+00
-1.399250e-01 3.167555e-01 2.557829e+00
-2.338160e-01 3.468020e-01 2.494582e+00
-2.218605e-01 2.507105e-01 2.605526e+00
-2.099050e-01 1.546190e-01 2.716471e+00
-2.886835e-01 5.059300e-02 2.655105e+00
-3.674620e-01 -5.343300e-02 2.593739e+00
-1.978100e-01 -5.478050e-02 2.568668e+00
-2.815800e-02 -5.612800e-02 2.543598e+00
-1.046025e-01 -5.734600e-02 2.612955e+00
-1.810470e-01 -5.856400e-02 2.682312e+00
-3.083110e-01 -1.971300e-02 2.665399e+00
-4.355750e-01 1.913800e-02 2.648487e+00
-2.035930e-01 2.176150e-02 2.653421e+00
2.838900e-02 2.438500e-02 2.658354e+00
-1.865825e-01 -1.216690e-01 2.637602e+00
-4.015540e-01 -2.677230e-01 2.616850e+00
-1.919370e-01 -2.658965e-01 2.620821e+00
1.768000e-02 -2.640700e-01 2.624792e+00
-1.850365e-01 -2.978260e-01 2.623042e+00
-3.877530e-01 -3.315820e-01 2.621292e+00
-1.913375e-01 -3.298335e-01 2.625848e+00
5.078000e-03 -3.280850e-01 2.630404e+00
-1.407835e-01 -4.405270e-01 2.659890e+00
-2.866450e-01 -5.529690e-01 2.689377e+00
-1.860345e-01 -5.517860e-01 2.682215e+00
-8.542400e-02 -5.506030e-01 2.675054e+00
-1.871685e-01 -7.527895e-01 2.713974e+00
-2.889130e-01 -9.549760e-01 2.752895e+00
-1.804270e-01 -9.539215e-01 2.744188e+00
-7.194100e-02 -9.528670e-01 2.735481e+00
-1.918725e-01 -9.660475e-01 2.667032e+00
-3.118040e-01 -9.792280e-01 2.598582e+00
-2.034980e-01 -9.780265e-01 2.589879e+00
-9.519200e-02 -9.768250e-01 2.581176e+00
-1.542210e-01 -2.164485e-01 2.551495e+00
-2.132500e-01 5.439280e-01 2.521815e+00
-2.988310e-01 4.200295e-01 2.589212e+00
-3.844120e-01 2.961310e-01 2.656608e+00
-4.054500e-02 3.028430e-01 2.629485e+00
-2.251650e-01 3.603570e-01 2.497267e+00
-2.040730e-01 1.644970e-01 2.716208e+00
-3.685400e-01 -4.609100e-02 2.583543e+00
-2.685600e-02 -4.591800e-02 2.553520e+00
-1.876470e-01 -5.167000e-02 2.682887e+00
-4.343140e-01 2.472700e-02 2.647481e+00
3.121700e-02 3.885800e-02 2.666842e+00
-4.011810e-01 -2.621080e-01 2.607197e+00
1.989500e-02 -2.487120e-01 2.620250e+00
-3.870710e-01 -3.259690e-01 2.603891e+00
4.604000e-03 -3.111220e-01 2.607628e+00
-2.867420e-01 -5.444670e-01 2.685053e+00
-8.506200e-02 -5.429560e-01 2.671489e+00
-2.848310e-01 -9.437550e-01 2.763884e+00
-7.117900e-02 -9.439990e-01 2.739465e+00
-2.985260e-01 -9.742820e-01 2.609595e+00
-8.483400e-02 -9.707430e-01 2.584471e+00
-2.123550e-01 5.557070e-01 2.526108e+00
-3.814500e-01 2.939990e-01 2.641729e+00
-3.689100e-02 3.114090e-01 2.640889e+00
-2.125320e-01 3.621430e-01 2.494431e+00
-2.022090e-01 1.685510e-01 2.716144e+00
-3.652460e-01 -4.678600e-02 2.579483e+00
-2.278400e-02 -4.526200e-02 2.560344e+00
-1.875840e-01 -5.193800e-02 2.684517e+00
-4.367330e-01 2.366400e-02 2.641976e+00
4.214600e-02 5.477200e-02 2.704353e+00
-4.014570e-01 -2.645750e-01 2.618298e+00
2.194100e-02 -2.091560e-01 2.582614e+00
-3.840450e-01 -3.271610e-01 2.610048e+00
9.530000e-04 -2.584100e-01 2.620322e+00
-2.861570e-01 -5.438720e-01 2.686686e+00
-8.678600e-02 -5.440290e-01 2.672050e+00
-2.875860e-01 -9.447340e-01 2.757088e+00
-7.223300e-02 -9.446730e-01 2.742202e+00
-2.960960e-01 -9.719740e-01 2.601813e+00
-8.090700e-02 -9.721670e-01 2.586981e+00
-2.070600e-01 5.503810e-01 2.510233e+00
-3.775110e-01 2.888690e-01 2.622107e+00
-3.620700e-02 3.231650e-01 2.658990e+00
-1.968830e-01 3.646970e-01 2.493665e+00
-2.017060e-01 1.726350e-01 2.716891e+00
-3.569180e-01 -5.566100e-02 2.558489e+00
-1.634100e-02 -3.503400e-02 2.593581e+00
-1.977980e-01 -5.487700e-02 2.690029e+00
-4.340280e-01 2.129000e-02 2.637074e+00
4.681100e-02 7.109900e-02 2.726721e+00
-3.962460e-01 -2.623270e-01 2.594978e+00
2.939700e-02 -1.097380e-01 2.501703e+00
-3.890940e-01 -3.259830e-01 2.608581e+00
2.707900e-02 -1.539430e-01 2.453445e+00
-2.884590e-01 -5.436880e-01 2.686482e+00
-9.029400e-02 -5.449280e-01 2.667765e+00
-2.861680e-01 -9.456190e-01 2.750476e+00
-7.403100e-02 -9.453280e-01 2.738932e+00
-2.683090e-01 -9.701840e-01 2.595550e+00
-5.646000e-02 -9.720920e-01 2.584338e+00
-2.031400e-01 5.520330e-01 2.506755e+00
-3.738820e-01 2.923700e-01 2.615383e+00
-3.411500e-02 3.341640e-01 2.658238e+00
-1.924060e-01 3.702150e-01 2.489365e+00
-1.975970e-01 1.810290e-01 2.715026e+00
-3.555740e-01 -5.085900e-02 2.553538e+00
-1.549700e-02 -3.340000e-02 2.594670e+00
-1.988710e-01 -5.058500e-02 2.687950e+00
-4.342610e-01 2.760300e-02 2.636554e+00
6.572400e-02 9.633900e-02 2.745799e+00
-3.997690e-01 -2.559980e-01 2.603341e+00
1.650200e-02 1.052700e-02 2.475732e+00
-3.871970e-01 -3.201550e-01 2.599585e+00
6.612000e-03 -1.239100e-02 2.415191e+00
-2.890710e-01 -5.393620e-01 2.685774e+00
-8.843800e-02 -5.434650e-01 2.661793e+00
-2.903320e-01 -9.416460e-01 2.747539e+00
-7.644000e-02 -9.427810e-01 2.739584e+00
-2.698610e-01 -9.654650e-01 2.592819e+00
-5.613600e-02 -9.721310e-01 2.585796e+00
-2.068530e-01 5.580930e-01 2.500441e+00
-3.848520e-01 2.885500e-01 2.618727e+00
-4.466200e-02 3.347830e-01 2.652759e+00
-2.078310e-01 3.692660e-01 2.488258e+00
-2.045180e-01 1.792620e-01 2.713265e+00
-3.514500e-01 -4.556300e-02 2.557596e+00
-1.019200e-02 -3.162200e-02 2.589183e+00
-1.909280e-01 -4.943400e-02 2.687366e+00
-4.322880e-01 1.931300e-02 2.637161e+00
1.134700e-01 1.242340e-01 2.728537e+00
-3.963940e-01 -2.660640e-01 2.605874e+00
-1.320800e-02 1.231280e-01 2.468424e+00
-3.801900e-01 -3.283740e-01 2.593910e+00
-4.012000e-02 1.284200e-01 2.408959e+00
-2.895270e-01 -5.358460e-01 2.680866e+00
-8.975100e-02 -5.404230e-01 2.659951e+00
-2.855970e-01 -9.357440e-01 2.756464e+00
-7.852900e-02 -9.394680e-01 2.739239e+00
-2.707780e-01 -9.648000e-01 2.601995e+00
-6.295300e-02 -9.696640e-01 2.585063e+00
-2.177970e-01 5.477220e-01 2.488228e+00
-3.883490e-01 2.900730e-01 2.644567e+00
-4.554800e-02 3.285180e-01 2.638670e+00
-2.266390e-01 3.735290e-01 2.497058e+00
-2.004930e-01 1.732790e-01 2.711434e+00
-3.526300e-01 -5.063400e-02 2.575266e+00
-1.046500e-02 -2.817500e-02 2.567028e+00
-1.781140e-01 -4.973700e-02 2.685566e+00
-4.335900e-01 1.922400e-02 2.641862e+00
1.178350e-01 1.094260e-01 2.665472e+00
-3.954360e-01 -2.668160e-01 2.613471e+00
-3.194100e-02 1.830950e-01 2.428363e+00
-3.834390e-01 -3.304770e-01 2.603903e+00
-6.474700e-02 1.970700e-01 2.373438e+00
-2.891220e-01 -5.391220e-01 2.682627e+00
-8.925900e-02 -5.373080e-01 2.659960e+00
-2.852900e-01 -9.396310e-01 2.754921e+00
-7.614800e-02 -9.367020e-01 2.737172e+00
-2.876440e-01 -9.676940e-01 2.599578e+00
-7.814300e-02 -9.667290e-01 2.582192e+00
-2.222070e-01 5.374030e-01 2.486840e+00
-3.853370e-01 2.945050e-01 2.635409e+00
-4.160000e-02 2.882410e-01 2.664232e+00
-2.003520e-01 3.626940e-01 2.508899e+00
-2.213170e-01 1.513990e-01 2.712996e+00
-3.459530e-01 -5.367000e-02 2.560193e+00
-3.973000e-03 -4.977100e-02 2.586336e+00
-1.835360e-01 -6.393600e-02 2.687227e+00
-4.314970e-01 2.346700e-02 2.654339e+00
1.228260e-01 8.718600e-02 2.572083e+00
-3.964050e-01 -2.630950e-01 2.617867e+00
-4.733300e-02 2.176790e-01 2.375368e+00
-3.799860e-01 -3.244810e-01 2.602043e+00
-6.359400e-02 2.705810e-01 2.340365e+00
-2.872630e-01 -5.439750e-01 2.690322e+00
-8.711400e-02 -5.552940e-01 2.659092e+00
-2.849070e-01 -9.465040e-01 2.750443e+00
-7.656500e-02 -9.541260e-01 2.739530e+00
-2.735260e-01 -9.696990e-01 2.594697e+00
-6.433700e-02 -9.849340e-01 2.585173e+00
-2.245430e-01 5.163380e-01 2.493463e+00
-3.740260e-01 2.905420e-01 2.653590e+00
-2.977100e-02 2.679120e-01 2.654886e+00
-1.963710e-01 3.553530e-01 2.515343e+00
-2.114440e-01 1.373750e-01 2.712825e+00
-3.449480e-01 -6.397200e-02 2.569329e+00
-2.071000e-03 -5.824000e-02 2.576503e+00
-1.757540e-01 -7.021300e-02 2.687468e+00
-4.309650e-01 2.228000e-02 2.671308e+00
6.702500e-02 1.901090e-01 2.409738e+00
-3.941910e-01 -2.610290e-01 2.620478e+00
-9.733300e-02 3.151470e-01 2.205895e+00
-3.895350e-01 -3.263460e-01 2.619975e+00
-1.057090e-01 3.696290e-01 2.170543e+00
-2.864720e-01 -5.529200e-01 2.698551e+00
-8.545600e-02 -5.633270e-01 2.662351e+00
-2.824640e-01 -9.570740e-01 2.746431e+00
-7.470800e-02 -9.626070e-01 2.740511e+00
-2.796120e-01 -9.756160e-01 2.589675e+00
-7.097400e-02 -9.928310e-01 2.585601e+00
-2.230320e-01 5.074550e-01 2.504567e+00
-3.551720e-01 3.131630e-01 2.678018e+00
-2.192400e-02 2.689340e-01 2.600467e+00
-2.143360e-01 3.504090e-01 2.494574e+00
-1.884470e-01 1.576620e-01 2.715752e+00
-3.511470e-01 -5.673000e-02 2.609009e+00
-1.641200e-02 -6.412600e-02 2.534530e+00
-1.588580e-01 -6.223900e-02 2.683956e+00
-4.357420e-01 5.180700e-02 2.683721e+00
-9.840000e-03 2.704470e-01 2.327185e+00
-4.048610e-01 -2.311880e-01 2.634814e+00
-1.031860e-01 3.766420e-01 2.075310e+00
-3.983650e-01 -2.952300e-01 2.622785e+00
-1.380040e-01 4.137400e-01 2.034082e+00
-2.899140e-01 -5.583990e-01 2.690231e+00
-8.571900e-02 -5.600720e-01 2.668545e+00
-2.860580e-01 -9.597850e-01 2.757485e+00
-7.400300e-02 -9.600600e-01 2.742854e+00
-3.219480e-01 -9.855270e-01 2.605914e+00
-1.083980e-01 -9.891760e-01 2.591547e+00
-2.118670e-01 5.314170e-01 2.499650e+00
-3.835030e-01 2.941710e-01 2.681222e+00
-7.514500e-02 2.864390e-01 2.541877e+00
-2.906210e-01 3.109550e-01 2.466827e+00
-1.849400e-01 1.790320e-01 2.708009e+00
-3.437890e-01 -5.324600e-02 2.632334e+00
-2.973100e-02 -7.295700e-02 2.495848e+00
-1.407600e-01 -5.895900e-02 2.669338e+00
-4.325410e-01 2.572800e-02 2.695955e+00
-7.530100e-02 3.300240e-01 2.272091e+00
-3.941580e-01 -2.514220e-01 2.625376e+00
-1.072640e-01 4.023180e-01 1.994569e+00
-3.917570e-01 -3.167400e-01 2.629380e+00
-1.260500e-01 4.366160e-01 1.942042e+00
-2.861320e-01 -5.609530e-01 2.687635e+00
-8.401700e-02 -5.570750e-01 2.677516e+00
-2.868370e-01 -9.619470e-01 2.757294e+00
-7.294200e-02 -9.584540e-01 2.744008e+00
-3.517450e-01 -9.864670e-01 2.615483e+00
-1.367750e-01 -9.837650e-01 2.601849e+00
-2.188210e-01 5.541740e-01 2.496006e+00
-3.879640e-01 2.950070e-01 2.678075e+00
-7.852400e-02 2.941890e-01 2.545202e+00
-2.913110e-01 3.170140e-01 2.465830e+00
-1.882930e-01 1.822190e-01 2.706575e+00
-3.533360e-01 -5.716700e-02 2.629688e+00
-4.244900e-02 -5.956800e-02 2.484802e+00
-1.494040e-01 -5.056500e-02 2.661160e+00
-4.337130e-01 2.928000e-02 2.705688e+00
-9.737900e-02 3.498920e-01 2.280612e+00
-3.947780e-01 -2.458030e-01 2.636965e+00
-1.438790e-01 4.183680e-01 2.006645e+00
-3.952360e-01 -3.112620e-01 2.638754e+00
-1.620350e-01 4.380000e-01 1.946869e+00
-2.857700e-01 -5.580720e-01 2.690862e+00
-8.124000e-02 -5.496490e-01 2.663243e+00
-2.856200e-01 -9.597230e-01 2.756635e+00
-7.105000e-02 -9.502070e-01 2.734650e+00
-3.527630e-01 -9.828380e-01 2.615631e+00
-1.360300e-01 -9.770590e-01 2.593295e+00
-2.287800e-01 5.648100e-01 2.502878e+00
-3.922510e-01 2.872860e-01 2.674149e+00
-8.393700e-02 2.830630e-01 2.541144e+00
-2.959010e-01 3.053830e-01 2.461398e+00
-1.929670e-01 1.742090e-01 2.704171e+00
-3.529470e-01 -6.021600e-02 2.621186e+00
-3.819400e-02 -6.624100e-02 2.485014e+00
-1.499110e-01 -5.559600e-02 2.658301e+00
-4.400750e-01 2.462000e-02 2.712578e+00
-9.583600e-02 3.419440e-01 2.278183e+00
-3.992210e-01 -2.469420e-01 2.637054e+00
-1.352140e-01 4.132760e-01 2.005272e+00
-3.938940e-01 -3.107620e-01 2.623380e+00
-1.523810e-01 4.356080e-01 1.946155e+00
-2.887490e-01 -5.615900e-01 2.687147e+00
-8.166700e-02 -5.565550e-01 2.657747e+00
-2.886220e-01 -9.620680e-01 2.759714e+00
-7.187600e-02 -9.546000e-01 2.742088e+00
-3.522150e-01 -9.878520e-01 2.617532e+00
-1.330510e-01 -9.862070e-01 2.600021e+00
-2.366350e-01 5.610900e-01 2.510611e+00
-3.865080e-01 2.874260e-01 2.674872e+00
-8.716700e-02 2.804710e-01 2.520632e+00
-3.053540e-01 2.960350e-01 2.455296e+00
-1.838060e-01 1.785840e-01 2.696485e+00
-3.492320e-01 -5.936000e-02 2.626553e+00
-4.186400e-02 -7.191900e-02 2.474841e+00
-1.445450e-01 -5.920500e-02 2.653496e+00
-4.399700e-01 2.531800e-02 2.709810e+00
-8.180800e-02 3.398510e-01 2.257525e+00
-4.027710e-01 -2.457360e-01 2.630499e+00
-1.259080e-01 4.086780e-01 1.984648e+00
-3.971910e-01 -3.102730e-01 2.620901e+00
-1.476400e-01 4.329500e-01 1.927842e+00
-2.874010e-01 -5.621600e-01 2.690847e+00
-8.298700e-02 -5.575260e-01 2.660661e+00
-2.902600e-01 -9.635700e-01 2.758010e+00
-7.768500e-02 -9.566960e-01 2.739934e+00
-3.611260e-01 -9.863600e-01 2.618787e+00
-1.464870e-01 -9.852540e-01 2.600739e+00
-2.302700e-01 5.677040e-01 2.524618e+00
-3.723980e-01 3.038730e-01 2.668533e+00
-7.139300e-02 2.783060e-01 2.518726e+00
-2.881270e-01 3.015770e-01 2.449977e+00
-1.751640e-01 1.867590e-01 2.696548e+00
-3.560740e-01 -4.983800e-02 2.619060e+00
-4.310200e-02 -6.679700e-02 2.479742e+00
-1.526740e-01 -5.363400e-02 2.654221e+00
-4.379530e-01 3.911800e-02 2.682250e+00
-3.713900e-02 3.157210e-01 2.250383e+00
-4.091760e-01 -2.439430e-01 2.635335e+00
-1.135860e-01 4.002660e-01 1.985505e+00
-4.040180e-01 -3.065300e-01 2.616775e+00
-1.322190e-01 4.194090e-01 1.925717e+00
-2.905950e-01 -5.556120e-01 2.681567e+00
-8.483500e-02 -5.511150e-01 2.660181e+00
-2.919670e-01 -9.559990e-01 2.754622e+00
-7.292100e-02 -9.496570e-01 2.741859e+00
-3.573290e-01 -9.815780e-01 2.613208e+00
-1.370920e-01 -9.804550e-01 2.600941e+00
-2.126740e-01 5.758030e-01 2.516906e+00
-3.680670e-01 3.206040e-01 2.664412e+00
-6.480300e-02 2.833610e-01 2.516181e+00
-2.825470e-01 3.112280e-01 2.446531e+00
-1.742640e-01 1.988460e-01 2.696302e+00
-3.537770e-01 -3.897900e-02 2.627123e+00
-4.892200e-02 -5.856700e-02 2.471148e+00
-1.489240e-01 -4.721500e-02 2.651406e+00
-4.401230e-01 5.555900e-02 2.670647e+00
-6.691000e-03 2.820230e-01 2.247664e+00
-4.102580e-01 -2.302820e-01 2.631181e+00
-1.183580e-01 3.888780e-01 2.002171e+00
-4.079650e-01 -2.929920e-01 2.612460e+00
-1.429300e-01 4.128140e-01 1.946390e+00
-2.911670e-01 -5.463990e-01 2.680280e+00
-8.841600e-02 -5.404020e-01 2.660218e+00
-2.945400e-01 -9.481870e-01 2.745121e+00
-7.235800e-02 -9.388260e-01 2.741768e+00
-3.675700e-01 -9.698890e-01 2.606846e+00
-1.444240e-01 -9.697740e-01 2.604753e+00
-2.124760e-01 5.884910e-01 2.527421e+00
-3.707000e-01 3.058220e-01 2.664708e+00
-4.554500e-02 2.871390e-01 2.550912e+00
-2.580360e-01 3.260790e-01 2.460331e+00
-1.811830e-01 1.795590e-01 2.703983e+00
-3.602090e-01 -4.827000e-02 2.602433e+00
-3.233200e-02 -5.679600e-02 2.502071e+00
-1.626330e-01 -5.267400e-02 2.662156e+00
-4.419990e-01 3.890100e-02 2.657453e+00
3.148200e-02 2.340310e-01 2.290855e+00
-4.082610e-01 -2.492440e-01 2.625901e+00
-1.131880e-01 3.599090e-01 2.070886e+00
-3.999490e-01 -3.119270e-01 2.608871e+00
-1.441630e-01 3.873070e-01 2.020110e+00
-2.898620e-01 -5.508730e-01 2.677938e+00
-8.639400e-02 -5.471930e-01 2.659348e+00
-2.921090e-01 -9.510190e-01 2.752285e+00
-7.588200e-02 -9.451780e-01 2.743884e+00
-3.387620e-01 -9.783170e-01 2.603951e+00
-1.215660e-01 -9.777310e-01 2.596311e+00
-2.139410e-01 5.731330e-01 2.517774e+00
-3.876580e-01 2.916800e-01 2.663119e+00
-4.924600e-02 2.813930e-01 2.596814e+00
-2.449280e-01 3.462570e-01 2.485571e+00
-2.080350e-01 1.521540e-01 2.703983e+00
-3.584340e-01 -5.691300e-02 2.594438e+00
-2.351700e-02 -6.238700e-02 2.520615e+00
-1.662180e-01 -5.850100e-02 2.669758e+00
-4.419440e-01 2.012200e-02 2.649596e+00
1.106170e-01 1.342980e-01 2.424534e+00
-4.067230e-01 -2.686400e-01 2.616674e+00
-5.802300e-02 2.572770e-01 2.219242e+00
-3.904740e-01 -3.295250e-01 2.598864e+00
-1.004590e-01 3.067800e-01 2.213166e+00
-2.900960e-01 -5.579100e-01 2.679856e+00
-9.082100e-02 -5.557370e-01 2.667294e+00
-2.904760e-01 -9.582310e-01 2.753287e+00
-7.657300e-02 -9.558760e-01 2.740336e+00
-3.251070e-01 -9.859890e-01 2.601779e+00
-1.106040e-01 -9.847320e-01 2.588897e+00
-2.145620e-01 5.389200e-01 2.505321e+00
-3.841310e-01 2.809580e-01 2.635098e+00
-3.918000e-02 2.814860e-01 2.629322e+00
-2.141430e-01 3.512660e-01 2.490065e+00
-2.103560e-01 1.418090e-01 2.697077e+00
-3.559850e-01 -6.464200e-02 2.552049e+00
-1.307100e-02 -5.784900e-02 2.555569e+00
-1.856940e-01 -6.193200e-02 2.668737e+00
-4.402910e-01 9.286000e-03 2.644576e+00
1.104760e-01 9.952400e-02 2.482549e+00
-4.009800e-01 -2.789660e-01 2.608940e+00
-5.636100e-02 2.191920e-01 2.273386e+00
-3.878160e-01 -3.423960e-01 2.599369e+00
-9.073200e-02 2.420020e-01 2.222528e+00
-2.907540e-01 -5.536250e-01 2.687350e+00
-9.022500e-02 -5.587240e-01 2.665977e+00
-2.882620e-01 -9.550600e-01 2.754378e+00
-7.288000e-02 -9.584250e-01 2.740725e+00
-2.864880e-01 -9.810490e-01 2.598667e+00
-7.096200e-02 -9.873640e-01 2.585537e+00
-2.189710e-01 5.301150e-01 2.506418e+00
-3.899530e-01 2.864950e-01 2.621480e+00
-4.662600e-02 2.719510e-01 2.652135e+00
-2.027300e-01 3.551940e-01 2.498590e+00
-2.294910e-01 1.372980e-01 2.694922e+00
-3.490770e-01 -6.543400e-02 2.545431e+00
-7.468000e-03 -6.064500e-02 2.575917e+00
-1.884230e-01 -6.727900e-02 2.675082e+00
-4.389110e-01 1.380400e-02 2.641960e+00
1.128100e-01 8.652800e-02 2.520320e+00
-4.030510e-01 -2.755130e-01 2.609471e+00
-6.745500e-02 1.760850e-01 2.306943e+00
-3.821990e-01 -3.297070e-01 2.579198e+00
-1.047640e-01 1.921810e-01 2.255589e+00
-2.929380e-01 -5.540430e-01 2.687003e+00
-8.958000e-02 -5.633560e-01 2.667257e+00
-2.842320e-01 -9.551620e-01 2.755389e+00
-7.543000e-02 -9.636660e-01 2.739374e+00
-2.716080e-01 -9.813440e-01 2.600213e+00
-6.150600e-02 -9.910710e-01 2.584521e+00
-2.221360e-01 5.220530e-01 2.504343e+00
-3.925420e-01 2.892570e-01 2.633910e+00
-4.911200e-02 3.195830e-01 2.621212e+00
-2.317270e-01 3.670710e-01 2.482394e+00
-2.062290e-01 1.689290e-01 2.698796e+00
-3.577050e-01 -5.557600e-02 2.564237e+00
-1.545100e-02 -3.769700e-02 2.550403e+00
-1.816490e-01 -5.225500e-02 2.672013e+00
-4.404890e-01 1.814000e-02 2.637609e+00
8.429200e-02 8.212700e-02 2.661649e+00
-4.036940e-01 -2.678190e-01 2.600135e+00
-1.278700e-02 5.180800e-02 2.389276e+00
-3.920110e-01 -3.321210e-01 2.596017e+00
-4.335700e-02 9.626400e-02 2.352165e+00
-2.897850e-01 -5.444960e-01 2.679384e+00
-8.853100e-02 -5.414280e-01 2.664038e+00
-2.826670e-01 -9.441320e-01 2.756130e+00
-7.550800e-02 -9.415060e-01 2.737640e+00
-2.879830e-01 -9.739800e-01 2.601194e+00
-7.995000e-02 -9.702000e-01 2.582458e+00
-2.197310e-01 5.469820e-01 2.490428e+00
-3.896380e-01 2.932570e-01 2.631530e+00
-4.576900e-02 3.204390e-01 2.625185e+00
-2.254240e-01 3.707010e-01 2.483510e+00
-2.056410e-01 1.706870e-01 2.698787e+00
-3.613910e-01 -5.314600e-02 2.561897e+00
-1.905700e-02 -3.290200e-02 2.555059e+00
-1.874850e-01 -5.061100e-02 2.673131e+00
-4.378700e-01 2.566500e-02 2.638448e+00
6.691100e-02 8.018000e-02 2.684838e+00
-4.035130e-01 -2.562760e-01 2.595895e+00
-4.322000e-03 -6.659000e-03 2.420515e+00
-3.968090e-01 -3.211270e-01 2.602024e+00
-1.918600e-02 -2.993600e-02 2.361139e+00
-2.868440e-01 -5.415920e-01 2.678810e+00
-8.810600e-02 -5.378410e-01 2.662302e+00
-2.847120e-01 -9.405740e-01 2.759173e+00
-7.351000e-02 -9.380430e-01 2.734926e+00
-2.857620e-01 -9.717520e-01 2.604410e+00
-7.462000e-02 -9.662710e-01 2.579599e+00
-2.198690e-01 5.476180e-01 2.489201e+00
-3.861110e-01 2.926180e-01 2.632704e+00
-4.282700e-02 3.257860e-01 2.623701e+00
-2.241610e-01 3.698560e-01 2.482105e+00
-1.995630e-01 1.747840e-01 2.701382e+00
-3.644980e-01 -5.685600e-02 2.564821e+00
-2.299100e-02 -2.659500e-02 2.554518e+00
-1.895140e-01 -5.047800e-02 2.674194e+00
-4.367560e-01 2.694400e-02 2.634613e+00
4.854600e-02 8.054800e-02 2.691970e+00
-4.020250e-01 -2.548770e-01 2.604136e+00
-9.870000e-04 -8.043500e-02 2.461342e+00
-3.940880e-01 -3.198650e-01 2.602805e+00
-1.115700e-02 -1.196450e-01 2.409889e+00
-2.846120e-01 -5.428550e-01 2.677628e+00
-8.502300e-02 -5.349540e-01 2.658082e+00
-2.846750e-01 -9.413130e-01 2.760575e+00
-7.508400e-02 -9.340560e-01 2.737253e+00
-2.858170e-01 -9.734870e-01 2.606017e+00
-7.648300e-02 -9.648080e-01 2.582409e+00
-2.186440e-01 5.490390e-01 2.487105e+00
-3.835330e-01 2.848510e-01 2.628732e+00
-4.092700e-02 3.253120e-01 2.625743e+00
-2.207560e-01 3.664950e-01 2.481385e+00
-1.957060e-01 1.705210e-01 2.699805e+00
-3.591230e-01 -5.752500e-02 2.552415e+00
-1.751500e-02 -2.911500e-02 2.564504e+00
-1.916280e-01 -5.227700e-02 2.672998e+00
-4.388770e-01 1.920500e-02 2.638365e+00
5.000500e-02 7.945300e-02 2.696510e+00
-3.963520e-01 -2.623640e-01 2.605098e+00
2.992600e-02 -1.503540e-01 2.526269e+00
-3.879880e-01 -3.273120e-01 2.604851e+00
2.214500e-02 -2.021120e-01 2.486915e+00
-2.873510e-01 -5.415270e-01 2.678838e+00
-8.567700e-02 -5.378010e-01 2.659923e+00
-2.825620e-01 -9.409160e-01 2.757034e+00
-7.515900e-02 -9.374910e-01 2.735990e+00
-2.741750e-01 -9.711100e-01 2.602300e+00
-6.682900e-02 -9.667550e-01 2.581074e+00
-2.160540e-01 5.497430e-01 2.493037e+00
-3.813140e-01 2.889370e-01 2.629171e+00
-3.760300e-02 3.186450e-01 2.626826e+00
-2.158480e-01 3.662370e-01 2.482474e+00
-1.972650e-01 1.683840e-01 2.699845e+00
-3.619070e-01 -5.528000e-02 2.554008e+00
-1.981200e-02 -3.187700e-02 2.562543e+00
-1.930950e-01 -5.268300e-02 2.672828e+00
-4.348140e-01 2.090800e-02 2.640618e+00
4.243800e-02 6.244800e-02 2.679642e+00
-3.996120e-01 -2.626610e-01 2.598394e+00
2.683700e-02 -2.042330e-01 2.569772e+00
-3.918640e-01 -3.269340e-01 2.608251e+00
7.568000e-03 -2.639500e-01 2.588502e+00
-2.871370e-01 -5.410230e-01 2.680076e+00
-8.652100e-02 -5.386580e-01 2.660047e+00
-2.863070e-01 -9.417570e-01 2.751218e+00
-7.115500e-02 -9.381760e-01 2.736194e+00
-2.796710e-01 -9.693150e-01 2.595909e+00
-6.502400e-02 -9.674840e-01 2.581184e+00
-2.158540e-01 5.535730e-01 2.501659e+00
-3.805740e-01 2.839550e-01 2.633496e+00
-3.690700e-02 3.098340e-01 2.617735e+00
-2.200380e-01 3.581710e-01 2.479893e+00
-1.952550e-01 1.619750e-01 2.698144e+00
-3.608230e-01 -5.810500e-02 2.565184e+00
-1.863100e-02 -4.200400e-02 2.548023e+00
-1.836660e-01 -5.673400e-02 2.671185e+00
-4.317790e-01 1.345000e-02 2.641280e+00
3.781700e-02 4.839800e-02 2.661590e+00
-3.953840e-01 -2.725970e-01 2.603520e+00
2.363100e-02 -2.330380e-01 2.589715e+00
-3.878530e-01 -3.372780e-01 2.610438e+00
1.028200e-02 -2.922630e-01 2.565171e+00
-2.842670e-01 -5.477280e-01 2.680927e+00
-8.585500e-02 -5.447510e-01 2.662020e+00
-2.851650e-01 -9.480100e-01 2.754563e+00
-7.141500e-02 -9.444390e-01 2.737451e+00
-2.910120e-01 -9.765410e-01 2.599398e+00
-7.752000e-02 -9.739080e-01 2.582471e+00
-2.131630e-01 5.473840e-01 2.499930e+00
-3.817100e-01 2.980420e-01 2.658146e+00
-4.040800e-02 3.024000e-01 2.607958e+00
-2.329480e-01 3.642880e-01 2.489755e+00
-1.990770e-01 1.636360e-01 2.702670e+00
-3.673560e-01 -5.289900e-02 2.573531e+00
-2.634800e-02 -3.996200e-02 2.538960e+00
-1.850690e-01 -5.183400e-02 2.670448e+00
-4.306010e-01 2.513700e-02 2.646247e+00
3.073300e-02 3.716100e-02 2.647915e+00
-3.979500e-01 -2.624870e-01 2.600791e+00
2.187900e-02 -2.537860e-01 2.614285e+00
-3.986970e-01 -3.258370e-01 2.617357e+00
4.143000e-03 -3.143040e-01 2.596646e+00
-2.857330e-01 -5.453280e-01 2.680047e+00
-8.189700e-02 -5.407280e-01 2.658818e+00
-2.876210e-01 -9.457750e-01 2.752766e+00
-7.325600e-02 -9.390820e-01 2.741817e+00
-3.016230e-01 -9.738080e-01 2.598032e+00
-8.680700e-02 -9.714470e-01 2.587891e+00
-2.118410e-01 5.524250e-01 2.510540e+00
-3.805100e-01 2.885440e-01 2.654934e+00
-3.851200e-02 3.011520e-01 2.611309e+00
-2.300800e-01 3.632160e-01 2.491629e+00
-1.960730e-01 1.562780e-01 2.698415e+00
-3.685700e-01 -4.822100e-02 2.584235e+00
-2.978500e-02 -4.297400e-02 2.530885e+00
-1.812180e-01 -5.439000e-02 2.670743e+00
-4.278410e-01 1.521400e-02 2.640802e+00
2.766800e-02 3.305700e-02 2.641218e+00
-4.033990e-01 -2.752970e-01 2.608842e+00
1.681400e-02 -2.593980e-01 2.622051e+00
-3.925430e-01 -3.387110e-01 2.621055e+00
2.406000e-03 -3.229570e-01 2.628453e+00
-2.831750e-01 -5.445830e-01 2.678461e+00
-8.552100e-02 -5.398460e-01 2.659388e+00
-2.860940e-01 -9.438820e-01 2.757205e+00
-7.259100e-02 -9.386720e-01 2.739509e+00
-3.093440e-01 -9.739310e-01 2.603970e+00
-9.576400e-02 -9.701520e-01 2.586550e+00
-2.111320e-01 5.440560e-01 2.507381e+00
-3.815570e-01 2.922870e-01 2.654680e+00
-3.979800e-02 3.016100e-01 2.608427e+00
-2.318470e-01 3.606070e-01 2.487968e+00
-1.975040e-01 1.605930e-01 2.701406e+00
-3.688220e-01 -5.282300e-02 2.582216e+00
-2.972300e-02 -4.057300e-02 2.532107e+00
-1.822410e-01 -5.421600e-02 2.670579e+00
-4.313890e-01 1.891400e-02 2.644345e+00
2.503000e-02 3.251300e-02 2.635012e+00
-3.999600e-01 -2.707880e-01 2.608365e+00
1.782500e-02 -2.608000e-01 2.623830e+00
-3.962640e-01 -3.344020e-01 2.623462e+00
2.858000e-03 -3.239710e-01 2.615245e+00
-2.863860e-01 -5.468250e-01 2.677800e+00
-8.461400e-02 -5.398660e-01 2.659510e+00
-2.874870e-01 -9.451500e-01 2.761375e+00
-7.187300e-02 -9.396160e-01 2.734921e+00
-3.087220e-01 -9.772180e-01 2.608256e+00
-9.284800e-02 -9.692680e-01 2.581280e+00
-2.092000e-01 5.513550e-01 2.512669e+00
