-3.966100e-01 2.878200e-01 2.643009e+00
-2.242080e-01 2.896210e-01 2.648536e+00
-5.180600e-02 2.914220e-01 2.654063e+00
-1.360270e-01 3.228800e-01 2.578992e+00
-2.202480e-01 3.543380e-01 2.503921e+00
-2.226355e-01 2.535280e-01 2.611238e+00
-2.250230e-01 1.527180e-01 2.718554e+00
-2.977900e-01 4.592650e-02 2.639630e+00
-3.705570e-01 -6.086500e-02 2.560707e+00
-1.993560e-01 -5.286450e-02 2.566917e+00
-2.815500e-02 -4.486400e-02 2.573128e+00
-1.157235e-01 -5.129650e-02 2.627405e+00
-2.032920e-01 -5.772900e-02 2.681682e+00
-3.209700e-01 -1.997000e-02 2.659713e+00
-4.386480e-01 1.778900e-02 2.637744e+00
-2.114500e-01 2.418800e-02 2.668889e+00
1.574800e-02 3.058700e-02 2.700034e+00
-1.892420e-01 -1.163185e-01 2.644617e+00
-3.942320e-01 -2.632240e-01 2.589200e+00
-1.882470e-01 -2.580660e-01 2.617579e+00
1.773800e-02 -2.529080e-01 2.645958e+00
-1.841310e-01 -2.897045e-01 2.624938e+00
-3.860000e-01 -3.265010e-01 2.603918e+00
-1.928285e-01 -3.204115e-01 2.617623e+00
3.430000e-04 -3.143220e-01 2.631328e+00
-1.431270e-01 -4.324465e-01 2.660051e+00
-2.865970e-01 -5.505710e-01 2.688775e+00
-1.847825e-01 -5.489080e-01 2.682656e+00
-8.296800e-02 -5.472450e-01 2.676537e+00
-1.842520e-01 -7.492290e-01 2.718481e+00
-2.855360e-01 -9.512130e-01 2.760426e+00
-1.804055e-01 -9.504250e-01 2.748775e+00
-7.527500e-02 -9.496370e-01 2.737124e+00
-1.766585e-01 -9.642965e-01 2.671156e+00
-2.780420e-01 -9.789560e-01 2.605189e+00
-1.728300e-01 -9.759640e-01 2.593180e+00
-6.761800e-02 -9.729720e-01 2.581172e+00
-1.420580e-01 -2.066860e-01 2.570488e+00
-2.164980e-01 5.596000e-01 2.559804e+00
-3.071790e-01 4.233145e-01 2.607224e+00
-3.978600e-01 2.870290e-01 2.654644e+00
-2.253615e-01 2.868630e-01 2.653997e+00
-5.286300e-02 2.866970e-01 2.653350e+00
-1.393460e-01 3.215180e-01 2.582451e+00
-2.258290e-01 3.563390e-01 2.511553e+00
-2.255395e-01 2.520245e-01 2.615493e+00
-2.252500e-01 1.477100e-01 2.719433e+00
-2.980550e-01 4.273600e-02 2.640731e+00
-3.708600e-01 -6.223800e-02 2.562029e+00
-1.996720e-01 -5.308750e-02 2.566842e+00
-2.848400e-02 -4.393700e-02 2.571655e+00
-1.155740e-01 -5.071550e-02 2.626654e+00
-2.026640e-01 -5.749400e-02 2.681654e+00
-3.211635e-01 -2.008900e-02 2.657593e+00
-4.396630e-01 1.731600e-02 2.633532e+00
-2.106135e-01 2.272550e-02 2.670828e+00
1.843600e-02 2.813500e-02 2.708125e+00
-1.869380e-01 -1.176945e-01 2.646145e+00
-3.923120e-01 -2.635240e-01 2.584165e+00
-1.856315e-01 -2.587965e-01 2.614902e+00
2.104900e-02 -2.540690e-01 2.645638e+00
-1.810670e-01 -2.910320e-01 2.618381e+00
-3.831830e-01 -3.279950e-01 2.591125e+00
-1.934225e-01 -3.170255e-01 2.602770e+00
-3.662000e-03 -3.060560e-01 2.614415e+00
-1.457995e-01 -4.290715e-01 2.650329e+00
-2.879370e-01 -5.520870e-01 2.686243e+00
-1.858405e-01 -5.496435e-01 2.681025e+00
-8.374400e-02 -5.472000e-01 2.675806e+00
-1.829670e-01 -7.494300e-01 2.719618e+00
-2.821900e-01 -9.516600e-01 2.763430e+00
-1.781550e-01 -9.503145e-01 2.751784e+00
-7.412000e-02 -9.489690e-01 2.740138e+00
-1.750795e-01 -9.652320e-01 2.674330e+00
-2.760390e-01 -9.814950e-01 2.608522e+00
-1.718250e-01 -9.776260e-01 2.596439e+00
-6.761100e-02 -9.737570e-01 2.584357e+00
-1.425485e-01 -2.106580e-01 2.571260e+00
-2.174860e-01 5.524410e-01 2.558162e+00
-3.049775e-01 4.222250e-01 2.599444e+00
-3.924690e-01 2.920090e-01 2.640726e+00
-2.203060e-01 2.893235e-01 2.651165e+00
-4.814300e-02 2.866380e-01 2.661603e+00
-1.293610e-01 3.216990e-01 2.584838e+00
-2.105790e-01 3.567600e-01 2.508073e+00
-2.185565e-01 2.539450e-01 2.613195e+00
-2.265340e-01 1.511300e-01 2.718317e+00
-2.978870e-01 4.609800e-02 2.637383e+00
-3.692400e-01 -5.893400e-02 2.556448e+00
-1.982230e-01 -5.093700e-02 2.566516e+00
-2.720600e-02 -4.294000e-02 2.576584e+00
-1.159795e-01 -4.928850e-02 2.628877e+00
-2.047530e-01 -5.563700e-02 2.681170e+00
-3.210255e-01 -1.705600e-02 2.656474e+00
-4.372980e-01 2.152500e-02 2.631777e+00
-2.103855e-01 2.287000e-02 2.670161e+00
1.652700e-02 2.421500e-02 2.708546e+00
-1.900695e-01 -1.186575e-01 2.647093e+00
-3.966660e-01 -2.615300e-01 2.585639e+00
-1.858345e-01 -2.588880e-01 2.611142e+00
2.499700e-02 -2.562460e-01 2.636645e+00
-1.801810e-01 -2.902665e-01 2.618592e+00
-3.853590e-01 -3.242870e-01 2.600539e+00
-1.919970e-01 -3.196200e-01 2.610176e+00
1.365000e-03 -3.149530e-01 2.619814e+00
-1.428345e-01 -4.323525e-01 2.651393e+00
-2.870340e-01 -5.497520e-01 2.682972e+00
-1.857940e-01 -5.478090e-01 2.679870e+00
-8.455400e-02 -5.458660e-01 2.676768e+00
-1.838905e-01 -7.477995e-01 2.717454e+00
-2.832270e-01 -9.497330e-01 2.758140e+00
-1.797895e-01 -9.488410e-01 2.748727e+00
-7.635200e-02 -9.479490e-01 2.739313e+00
-1.744525e-01 -9.633380e-01 2.671316e+00
-2.725530e-01 -9.787270e-01 2.603318e+00
-1.689360e-01 -9.753315e-01 2.593490e+00
-6.531900e-02 -9.719360e-01 2.583662e+00
-1.391810e-01 -2.073300e-01 2.571755e+00
-2.130430e-01 5.572760e-01 2.559848e+00
-3.057705e-01 4.270645e-01 2.595890e+00
-3.984980e-01 2.968530e-01 2.631932e+00
-5.577400e-02 2.984250e-01 2.671464e+00
-2.108700e-01 3.626690e-01 2.508087e+00
-2.345040e-01 1.605810e-01 2.721025e+00
-3.642770e-01 -6.385200e-02 2.549222e+00
-2.515400e-02 -3.504100e-02 2.591819e+00
-2.086090e-01 -5.443600e-02 2.684504e+00
-4.411590e-01 2.588200e-02 2.630249e+00
1.392900e-02 3.622500e-02 2.711961e+00
-3.949670e-01 -2.558990e-01 2.581655e+00
4.546600e-02 -2.380280e-01 2.624288e+00
-3.829230e-01 -3.195410e-01 2.591293e+00
5.433000e-02 -2.874910e-01 2.582298e+00
-2.876100e-01 -5.501380e-01 2.682453e+00
-8.291700e-02 -5.440850e-01 2.677177e+00
-2.770210e-01 -9.507030e-01 2.753762e+00
-7.667200e-02 -9.460230e-01 2.740863e+00
-2.552280e-01 -9.775490e-01 2.599720e+00
-5.421800e-02 -9.701380e-01 2.586465e+00
-2.099090e-01 5.641480e-01 2.556785e+00
-3.952270e-01 2.916060e-01 2.630388e+00
-5.265500e-02 2.881790e-01 2.671105e+00
-2.064230e-01 3.589220e-01 2.509164e+00
-2.330860e-01 1.509500e-01 2.715992e+00
-3.622970e-01 -6.843300e-02 2.549603e+00
-2.372400e-02 -3.776000e-02 2.595173e+00
-2.078880e-01 -5.803600e-02 2.686249e+00
-4.412870e-01 2.219400e-02 2.627898e+00
1.675900e-02 2.765000e-02 2.716014e+00
-3.897550e-01 -2.573810e-01 2.578105e+00
6.397500e-02 -2.139240e-01 2.565318e+00
-3.797100e-01 -3.220910e-01 2.578028e+00
7.587700e-02 -2.688530e-01 2.531711e+00
-2.887350e-01 -5.547710e-01 2.680499e+00
-8.521100e-02 -5.482130e-01 2.677473e+00
-2.857900e-01 -9.542450e-01 2.758349e+00
-7.852500e-02 -9.501140e-01 2.741346e+00
-2.621060e-01 -9.839340e-01 2.605110e+00
-5.476900e-02 -9.742260e-01 2.587143e+00
-2.116960e-01 5.580150e-01 2.559988e+00
-3.962070e-01 2.952380e-01 2.624058e+00
-5.747200e-02 3.091000e-01 2.688025e+00
-2.033020e-01 3.727470e-01 2.516104e+00
-2.332560e-01 1.626000e-01 2.720266e+00
-3.583970e-01 -6.202600e-02 2.537919e+00
-2.452300e-02 -3.042000e-02 2.609881e+00
-2.149590e-01 -5.359600e-02 2.686166e+00
-4.404720e-01 2.709500e-02 2.620607e+00
1.200800e-02 4.775000e-02 2.715249e+00
-3.927230e-01 -2.516830e-01 2.571977e+00
8.972800e-02 -1.403490e-01 2.512911e+00
-3.811470e-01 -3.157390e-01 2.579120e+00
1.044690e-01 -1.948340e-01 2.479711e+00
-2.871370e-01 -5.472580e-01 2.678189e+00
-8.516700e-02 -5.423680e-01 2.677811e+00
-2.878960e-01 -9.466590e-01 2.756468e+00
-7.673400e-02 -9.446460e-01 2.739058e+00
-2.519440e-01 -9.762910e-01 2.605624e+00
-4.115100e-02 -9.670680e-01 2.586889e+00
-2.030410e-01 5.602440e-01 2.548411e+00
-3.958510e-01 2.977280e-01 2.611442e+00
-6.289600e-02 3.054140e-01 2.701483e+00
-1.946940e-01 3.774990e-01 2.521741e+00
-2.417150e-01 1.595940e-01 2.714217e+00
-3.505920e-01 -5.799900e-02 2.524306e+00
-2.353300e-02 -2.959200e-02 2.623677e+00
-2.196490e-01 -5.287600e-02 2.683836e+00
-4.397640e-01 3.318400e-02 2.608189e+00
5.640000e-04 4.530800e-02 2.716959e+00
-3.931560e-01 -2.433920e-01 2.569189e+00
1.309010e-01 5.163000e-03 2.468788e+00
-3.783570e-01 -3.071640e-01 2.567640e+00
1.614520e-01 -6.673000e-03 2.412089e+00
-2.868860e-01 -5.435290e-01 2.672932e+00
-8.627900e-02 -5.419260e-01 2.677462e+00
-2.895370e-01 -9.413990e-01 2.758617e+00
-7.648300e-02 -9.442320e-01 2.738310e+00
-2.419370e-01 -9.733930e-01 2.611528e+00
-2.895700e-02 -9.656150e-01 2.589284e+00
-1.983640e-01 5.594520e-01 2.552008e+00
-3.934060e-01 2.971360e-01 2.598324e+00
-6.506500e-02 3.004460e-01 2.704182e+00
-1.866300e-01 3.711490e-01 2.516840e+00
-2.471590e-01 1.583410e-01 2.711237e+00
-3.495950e-01 -6.107900e-02 2.513866e+00
-2.633600e-02 -2.805900e-02 2.623694e+00
-2.238690e-01 -5.467700e-02 2.677495e+00
-4.404830e-01 3.334200e-02 2.591245e+00
2.608000e-03 4.116400e-02 2.697321e+00
-3.931790e-01 -2.446260e-01 2.566596e+00
1.509380e-01 1.361060e-01 2.475745e+00
-3.774230e-01 -3.081540e-01 2.564548e+00
1.862390e-01 1.539820e-01 2.423567e+00
-2.879740e-01 -5.422680e-01 2.673958e+00
-8.657700e-02 -5.407040e-01 2.678977e+00
-2.898120e-01 -9.406810e-01 2.757102e+00
-7.653200e-02 -9.435560e-01 2.736067e+00
-2.367360e-01 -9.712910e-01 2.611601e+00
-2.385800e-02 -9.631490e-01 2.588533e+00
-1.931520e-01 5.541880e-01 2.542618e+00
-3.950920e-01 2.948520e-01 2.590591e+00
-6.888800e-02 2.961590e-01 2.702904e+00
-1.864520e-01 3.684760e-01 2.513634e+00
-2.516640e-01 1.547800e-01 2.705525e+00
-3.471800e-01 -5.881000e-02 2.511252e+00
-2.423000e-02 -3.297100e-02 2.623875e+00
-2.226440e-01 -5.638000e-02 2.675895e+00
-4.393360e-01 2.846500e-02 2.582492e+00
1.526300e-02 3.945500e-02 2.700248e+00
-3.872220e-01 -2.511780e-01 2.561115e+00
1.292990e-01 2.418680e-01 2.534724e+00
-3.734380e-01 -3.150930e-01 2.557489e+00
1.654410e-01 2.896740e-01 2.508332e+00
-2.904460e-01 -5.420690e-01 2.671065e+00
-8.613900e-02 -5.441260e-01 2.674979e+00
-2.922100e-01 -9.400890e-01 2.756070e+00
-7.602500e-02 -9.463610e-01 2.736246e+00
-2.391040e-01 -9.713660e-01 2.610722e+00
-2.269100e-02 -9.674250e-01 2.589153e+00
-1.966200e-01 5.491230e-01 2.535529e+00
-3.959110e-01 3.107530e-01 2.576818e+00
-8.191300e-02 2.869570e-01 2.717758e+00
-1.781690e-01 3.804080e-01 2.525728e+00
-2.696720e-01 1.548240e-01 2.691499e+00
-3.416130e-01 -3.473600e-02 2.489663e+00
-2.957100e-02 -3.409000e-02 2.632066e+00
-2.328200e-01 -5.037900e-02 2.664426e+00
-4.458790e-01 4.885100e-02 2.574265e+00
7.476500e-02 7.794500e-02 2.664264e+00
-3.998140e-01 -2.283260e-01 2.556437e+00
9.665800e-02 3.551250e-01 2.620005e+00
-3.811480e-01 -2.908240e-01 2.550622e+00
8.373500e-02 4.193160e-01 2.620832e+00
-2.910750e-01 -5.247420e-01 2.655535e+00
-9.173700e-02 -5.369780e-01 2.671141e+00
-2.849590e-01 -9.127290e-01 2.778326e+00
-7.590800e-02 -9.377690e-01 2.740175e+00
-2.238470e-01 -9.557750e-01 2.639269e+00
-1.106100e-02 -9.597110e-01 2.597915e+00
-1.873020e-01 5.477760e-01 2.537986e+00
-3.982110e-01 3.199580e-01 2.578231e+00
-7.860800e-02 2.843890e-01 2.703188e+00
-1.810200e-01 3.826700e-01 2.516837e+00
-2.718310e-01 1.588890e-01 2.685407e+00
-3.444700e-01 -2.860100e-02 2.489094e+00
-2.769100e-02 -3.533600e-02 2.620452e+00
-2.299100e-01 -4.946700e-02 2.659573e+00
-4.456380e-01 5.836400e-02 2.567300e+00
1.089230e-01 1.057790e-01 2.642108e+00
-3.963480e-01 -2.179380e-01 2.554458e+00
6.563400e-02 3.833430e-01 2.646757e+00
-3.858600e-01 -2.825640e-01 2.555747e+00
5.172600e-02 4.448030e-01 2.664573e+00
-2.890360e-01 -5.213070e-01 2.649423e+00
-9.233400e-02 -5.342930e-01 2.667818e+00
-2.829750e-01 -9.044180e-01 2.786675e+00
-7.777800e-02 -9.351740e-01 2.736609e+00
-2.277340e-01 -9.535230e-01 2.647170e+00
-1.874000e-02 -9.578530e-01 2.591956e+00
-1.733230e-01 5.476500e-01 2.531779e+00
-3.944640e-01 3.265740e-01 2.576091e+00
-7.387300e-02 2.715420e-01 2.691061e+00
-1.762150e-01 3.823990e-01 2.511867e+00
-2.728970e-01 1.555250e-01 2.672868e+00
-3.449170e-01 -2.558300e-02 2.482635e+00
-2.639100e-02 -3.708400e-02 2.609355e+00
-2.282370e-01 -4.673700e-02 2.651634e+00
-4.496370e-01 7.159900e-02 2.561189e+00
1.426640e-01 1.370040e-01 2.633703e+00
-4.032640e-01 -2.002540e-01 2.552768e+00
5.405400e-02 3.975040e-01 2.654041e+00
-3.922870e-01 -2.647270e-01 2.549468e+00
2.637100e-02 4.461080e-01 2.688093e+00
-2.899790e-01 -5.186150e-01 2.646577e+00
-9.394400e-02 -5.339940e-01 2.662172e+00
-2.837770e-01 -8.994370e-01 2.790052e+00
-7.721300e-02 -9.338350e-01 2.736311e+00
-2.309840e-01 -9.511400e-01 2.650538e+00
-2.088100e-02 -9.584410e-01 2.590895e+00
-1.763750e-01 5.491760e-01 2.530150e+00
-3.934370e-01 3.397920e-01 2.579301e+00
-6.581200e-02 2.706250e-01 2.662385e+00
-1.804600e-01 3.833600e-01 2.492030e+00
-2.710530e-01 1.645320e-01 2.667096e+00
-3.406290e-01 -1.965200e-02 2.491095e+00
-1.173800e-02 -3.971900e-02 2.586369e+00
-2.084680e-01 -3.594200e-02 2.648863e+00
-4.476400e-01 8.250500e-02 2.564018e+00
1.660980e-01 1.818640e-01 2.574593e+00
-3.986420e-01 -1.906590e-01 2.546117e+00
4.578700e-02 4.240490e-01 2.639493e+00
-3.912510e-01 -2.556630e-01 2.548976e+00
1.989200e-02 4.686280e-01 2.679872e+00
-2.925970e-01 -5.186210e-01 2.640254e+00
-9.020100e-02 -5.340580e-01 2.655947e+00
-2.846550e-01 -8.954190e-01 2.793908e+00
-7.704600e-02 -9.340260e-01 2.730125e+00
-2.496830e-01 -9.529190e-01 2.651096e+00
-3.590200e-02 -9.605100e-01 2.580024e+00
-1.875060e-01 5.694620e-01 2.535538e+00
-3.909970e-01 3.375750e-01 2.581304e+00
-5.985100e-02 2.729620e-01 2.653361e+00
-1.816590e-01 3.844600e-01 2.487214e+00
-2.632720e-01 1.638860e-01 2.664490e+00
-3.372080e-01 -2.160800e-02 2.491260e+00
-5.095000e-03 -3.776300e-02 2.575458e+00
-1.994830e-01 -3.166800e-02 2.644731e+00
-4.431160e-01 7.866800e-02 2.570586e+00
1.646840e-01 2.445730e-01 2.516823e+00
-4.016580e-01 -1.961860e-01 2.545486e+00
4.030300e-02 4.821680e-01 2.594100e+00
-3.933030e-01 -2.611300e-01 2.546379e+00
-5.996000e-03 5.063600e-01 2.633590e+00
-2.893380e-01 -5.176500e-01 2.645862e+00
-8.573900e-02 -5.330550e-01 2.653116e+00
-2.931210e-01 -9.042000e-01 2.773196e+00
-7.672200e-02 -9.321710e-01 2.732325e+00
-2.599710e-01 -9.527870e-01 2.626686e+00
-4.019100e-02 -9.612760e-01 2.581518e+00
-1.965590e-01 5.703960e-01 2.530076e+00
-3.860500e-01 3.361710e-01 2.595992e+00
-4.724400e-02 2.894660e-01 2.634072e+00
-1.900910e-01 3.927930e-01 2.480806e+00
-2.416630e-01 1.700960e-01 2.666513e+00
-3.463610e-01 -3.099800e-02 2.503563e+00
-6.905000e-03 -3.253800e-02 2.552713e+00
-1.930920e-01 -2.986100e-02 2.641873e+00
-4.397620e-01 7.559100e-02 2.572052e+00
1.387540e-01 3.234450e-01 2.445366e+00
-4.000420e-01 -2.030980e-01 2.554292e+00
3.733100e-02 5.775590e-01 2.513925e+00
-3.876170e-01 -2.670830e-01 2.547984e+00
1.103800e-02 6.121000e-01 2.562953e+00
-2.860180e-01 -5.233970e-01 2.651122e+00
-8.235600e-02 -5.303200e-01 2.651570e+00
-2.958710e-01 -9.194480e-01 2.744370e+00
-6.878700e-02 -9.290420e-01 2.732105e+00
-2.743990e-01 -9.558000e-01 2.592245e+00
-4.705100e-02 -9.592900e-01 2.578686e+00
-2.003600e-01 5.815720e-01 2.532299e+00
-3.905900e-01 3.458850e-01 2.628191e+00
-6.401300e-02 3.200850e-01 2.578611e+00
-2.373800e-01 3.963770e-01 2.458334e+00
-2.204860e-01 1.962500e-01 2.673752e+00
-3.452850e-01 -1.468600e-02 2.552997e+00
-5.422000e-03 -2.460300e-02 2.507790e+00
-1.602050e-01 -1.985600e-02 2.644327e+00
-4.361600e-01 8.570200e-02 2.593507e+00
5.226300e-02 4.976890e-01 2.417640e+00
-3.988170e-01 -1.908990e-01 2.558452e+00
9.535800e-02 7.341470e-01 2.271483e+00
-3.905020e-01 -2.554830e-01 2.551527e+00
9.404300e-02 7.973740e-01 2.254487e+00
-2.819050e-01 -5.172240e-01 2.644161e+00
-7.784000e-02 -5.154240e-01 2.649640e+00
-2.933000e-01 -9.122720e-01 2.741405e+00
-6.565900e-02 -9.147850e-01 2.727171e+00
-3.154830e-01 -9.490300e-01 2.589479e+00
-8.746600e-02 -9.452250e-01 2.573801e+00
-2.096310e-01 6.096070e-01 2.531364e+00
-3.902820e-01 3.328510e-01 2.676314e+00
-8.391900e-02 3.523970e-01 2.552147e+00
-2.891660e-01 4.019710e-01 2.476635e+00
-1.950790e-01 2.091850e-01 2.678432e+00
-3.382630e-01 -7.648000e-03 2.595244e+00
-1.875200e-02 -1.305700e-02 2.470616e+00
-1.367640e-01 -1.176200e-02 2.640008e+00
-4.203550e-01 7.964900e-02 2.602139e+00
1.529200e-02 5.451350e-01 2.398763e+00
-3.897300e-01 -1.970550e-01 2.568690e+00
1.051400e-01 7.158870e-01 2.195310e+00
-3.841540e-01 -2.618210e-01 2.560778e+00
1.190800e-01 7.449900e-01 2.138328e+00
-2.848100e-01 -5.119210e-01 2.643544e+00
-7.916000e-02 -5.027190e-01 2.642757e+00
-2.944520e-01 -9.074250e-01 2.739109e+00
-6.118400e-02 -9.005600e-01 2.726712e+00
-3.536930e-01 -9.404290e-01 2.596541e+00
-1.176630e-01 -9.334400e-01 2.582999e+00
-2.087080e-01 6.123320e-01 2.521043e+00
-3.815100e-01 3.256530e-01 2.686062e+00
-7.928800e-02 3.626880e-01 2.547465e+00
-2.929080e-01 4.036860e-01 2.483739e+00
-1.808870e-01 2.113600e-01 2.676619e+00
-3.415030e-01 -8.485000e-03 2.602286e+00
-3.105600e-02 -6.706000e-03 2.456448e+00
-1.374100e-01 -7.646000e-03 2.633396e+00
-4.160200e-01 7.565200e-02 2.606936e+00
2.708400e-02 5.326750e-01 2.375005e+00
-3.916340e-01 -2.013590e-01 2.581204e+00
8.002200e-02 7.322390e-01 2.186953e+00
-3.822420e-01 -2.653200e-01 2.570762e+00
9.538800e-02 7.750310e-01 2.139826e+00
-2.837060e-01 -5.109990e-01 2.643685e+00
-7.159500e-02 -4.969600e-01 2.634946e+00
-2.928270e-01 -9.057510e-01 2.742359e+00
-5.544900e-02 -8.940180e-01 2.722883e+00
-3.610820e-01 -9.387870e-01 2.603888e+00
-1.202190e-01 -9.276560e-01 2.582890e+00
-2.124670e-01 6.067420e-01 2.506520e+00
-3.802410e-01 3.238980e-01 2.674559e+00
-7.081900e-02 3.476560e-01 2.550447e+00
-2.792910e-01 3.938700e-01 2.475093e+00
-1.833130e-01 2.030250e-01 2.677843e+00
-3.414800e-01 -8.526000e-03 2.594386e+00
-2.417700e-02 -1.687300e-02 2.464392e+00
-1.392430e-01 -1.206600e-02 2.635738e+00
-4.304420e-01 6.951200e-02 2.627633e+00
4.236300e-02 5.120740e-01 2.378428e+00
-3.953090e-01 -2.035580e-01 2.587484e+00
4.762600e-02 7.404220e-01 2.219546e+00
-3.864570e-01 -2.648340e-01 2.566150e+00
3.584300e-02 7.901730e-01 2.178628e+00
-2.837260e-01 -5.138900e-01 2.643579e+00
-7.560500e-02 -5.059990e-01 2.635862e+00
-2.920680e-01 -9.070430e-01 2.748507e+00
-6.030000e-02 -9.027000e-01 2.725542e+00
-3.537210e-01 -9.432980e-01 2.607763e+00
-1.191030e-01 -9.371620e-01 2.583137e+00
-2.211820e-01 6.030350e-01 2.511617e+00
-3.782890e-01 3.325180e-01 2.672144e+00
-6.503200e-02 3.530850e-01 2.555261e+00
-2.717780e-01 4.021650e-01 2.475475e+00
-1.829830e-01 2.092160e-01 2.679502e+00
-3.414680e-01 -2.829000e-03 2.593168e+00
-2.186200e-02 -2.228500e-02 2.470195e+00
-1.403490e-01 -1.172900e-02 2.638931e+00
-4.275120e-01 7.932900e-02 2.619537e+00
6.257600e-02 5.097130e-01 2.386504e+00
-3.951250e-01 -1.952450e-01 2.590922e+00
4.019700e-02 7.497980e-01 2.248240e+00
-3.911710e-01 -2.578840e-01 2.572242e+00
2.393400e-02 8.062350e-01 2.219281e+00
-2.850480e-01 -5.114110e-01 2.646363e+00
-7.920600e-02 -5.096300e-01 2.635989e+00
-2.933090e-01 -9.064100e-01 2.744119e+00
-6.198900e-02 -9.052300e-01 2.730083e+00
-3.522480e-01 -9.404330e-01 2.601665e+00
-1.191670e-01 -9.416320e-01 2.587499e+00
-2.230880e-01 6.069380e-01 2.508724e+00
-3.773480e-01 3.208150e-01 2.660678e+00
-5.893900e-02 3.432620e-01 2.557755e+00
-2.626090e-01 3.906910e-01 2.468776e+00
-1.817400e-01 1.988760e-01 2.677122e+00
-3.458120e-01 -1.400700e-02 2.587410e+00
-2.043400e-02 -2.441700e-02 2.479383e+00
-1.468910e-01 -1.863900e-02 2.642471e+00
-4.248580e-01 6.262300e-02 2.615456e+00
9.511100e-02 4.938770e-01 2.401072e+00
-3.964320e-01 -2.153330e-01 2.582997e+00
4.035200e-02 7.508230e-01 2.300568e+00
-3.937920e-01 -2.793780e-01 2.569597e+00
1.682500e-02 8.038940e-01 2.270267e+00
-2.889410e-01 -5.188210e-01 2.648393e+00
-8.360800e-02 -5.146390e-01 2.641378e+00
-2.958710e-01 -9.139190e-01 2.745853e+00
-6.363300e-02 -9.116560e-01 2.728713e+00
-3.476280e-01 -9.487830e-01 2.600835e+00
-1.132700e-01 -9.462320e-01 2.582888e+00
-2.164300e-01 5.993970e-01 2.508980e+00
-3.805300e-01 3.307250e-01 2.642492e+00
-4.794200e-02 3.284360e-01 2.580882e+00
-2.366040e-01 3.968910e-01 2.469920e+00
-1.995420e-01 1.914030e-01 2.677627e+00
-3.534670e-01 -1.638500e-02 2.561267e+00
-1.476000e-02 -2.566300e-02 2.507972e+00
-1.662310e-01 -2.035600e-02 2.648154e+00
-4.420930e-01 7.106100e-02 2.624970e+00
1.579890e-01 4.308520e-01 2.444405e+00
-4.063990e-01 -2.051510e-01 2.578328e+00
5.910000e-02 6.930210e-01 2.409326e+00
-3.977700e-01 -2.700290e-01 2.576164e+00
4.583300e-02 7.406430e-01 2.366379e+00
-2.890450e-01 -5.186550e-01 2.651068e+00
-8.806000e-02 -5.191040e-01 2.644802e+00
-2.921930e-01 -9.157660e-01 2.740184e+00
-6.671500e-02 -9.162060e-01 2.731423e+00
-3.181600e-01 -9.496690e-01 2.588195e+00
-9.198400e-02 -9.507140e-01 2.579452e+00
-2.171290e-01 5.941600e-01 2.511059e+00
-3.837060e-01 3.319430e-01 2.631960e+00
-4.522200e-02 3.194660e-01 2.588719e+00
-2.286440e-01 3.908960e-01 2.466570e+00
-2.088820e-01 1.885420e-01 2.679651e+00
-3.495400e-01 -1.917800e-02 2.551657e+00
-8.004000e-03 -3.369200e-02 2.523516e+00
-1.693400e-01 -2.659300e-02 2.652135e+00
-4.338390e-01 7.077400e-02 2.603875e+00
1.955040e-01 3.662510e-01 2.482071e+00
-4.093860e-01 -2.099490e-01 2.585804e+00
7.700800e-02 6.224470e-01 2.474836e+00
-4.018130e-01 -2.746590e-01 2.592405e+00
4.313800e-02 6.728780e-01 2.450385e+00
-2.896310e-01 -5.211940e-01 2.654782e+00
-8.956500e-02 -5.256050e-01 2.653219e+00
-2.900850e-01 -9.180150e-01 2.745234e+00
-6.998000e-02 -9.231230e-01 2.738341e+00
-3.055280e-01 -9.529160e-01 2.592041e+00
-8.477200e-02 -9.567310e-01 2.584795e+00
-2.199120e-01 5.873210e-01 2.503530e+00
-3.915450e-01 3.317530e-01 2.634541e+00
-4.911500e-02 3.109440e-01 2.598019e+00
-2.314270e-01 3.892860e-01 2.473525e+00
-2.215510e-01 1.831030e-01 2.683601e+00
-3.533250e-01 -2.256200e-02 2.558189e+00
-1.257400e-02 -3.040700e-02 2.519772e+00
-1.701250e-01 -2.869600e-02 2.653177e+00
-4.372840e-01 6.846800e-02 2.608331e+00
2.081710e-01 2.542000e-01 2.546226e+00
-4.118100e-01 -2.122180e-01 2.577493e+00
1.056110e-01 5.163960e-01 2.512770e+00
-4.043710e-01 -2.767100e-01 2.586075e+00
9.484800e-02 5.808830e-01 2.509057e+00
-2.895050e-01 -5.226160e-01 2.657838e+00
-8.909100e-02 -5.232860e-01 2.654493e+00
-2.875360e-01 -9.184670e-01 2.752425e+00
-7.260300e-02 -9.216340e-01 2.736324e+00
-3.069840e-01 -9.549700e-01 2.600065e+00
-9.116400e-02 -9.539190e-01 2.582904e+00
-2.217830e-01 5.772440e-01 2.500574e+00
-4.058960e-01 3.229950e-01 2.634024e+00
-6.498700e-02 2.831020e-01 2.599171e+00
-2.420940e-01 3.711100e-01 2.473626e+00
-2.446480e-01 1.652660e-01 2.684250e+00
-3.596490e-01 -3.851400e-02 2.560215e+00
-1.786200e-02 -3.789500e-02 2.531410e+00
-1.791010e-01 -4.081400e-02 2.660312e+00
-4.473620e-01 5.843100e-02 2.605526e+00
1.538830e-01 1.321970e-01 2.642179e+00
-4.093520e-01 -2.220230e-01 2.577929e+00
1.579850e-01 4.038080e-01 2.558087e+00
-4.036280e-01 -2.856980e-01 2.592103e+00
1.460350e-01 4.679470e-01 2.563710e+00
-2.891010e-01 -5.354040e-01 2.666132e+00
-9.032300e-02 -5.329370e-01 2.663602e+00
-2.867100e-01 -9.341140e-01 2.747821e+00
-7.655000e-02 -9.329120e-01 2.737631e+00
-3.003160e-01 -9.657630e-01 2.593751e+00
-8.978100e-02 -9.619830e-01 2.583020e+00
-2.293500e-01 5.640100e-01 2.509856e+00
-4.083770e-01 3.191820e-01 2.632849e+00
-6.567900e-02 2.846320e-01 2.613117e+00
-2.379900e-01 3.731990e-01 2.481442e+00
-2.474000e-01 1.624710e-01 2.686980e+00
-3.608540e-01 -4.268200e-02 2.553716e+00
-1.814200e-02 -3.665500e-02 2.541023e+00
-1.851970e-01 -4.243700e-02 2.662192e+00
-4.447750e-01 5.669900e-02 2.605441e+00
9.517600e-02 8.134200e-02 2.674539e+00
-4.105180e-01 -2.216210e-01 2.583195e+00
1.943020e-01 3.295380e-01 2.586771e+00
-4.050560e-01 -2.859980e-01 2.593870e+00
1.951520e-01 3.944990e-01 2.594989e+00
-2.876490e-01 -5.361670e-01 2.671047e+00
-9.290000e-02 -5.338530e-01 2.667153e+00
-2.846020e-01 -9.340770e-01 2.756527e+00
-7.273400e-02 -9.337420e-01 2.740172e+00
-2.901840e-01 -9.672560e-01 2.602279e+00
-7.838900e-02 -9.623580e-01 2.585015e+00
-2.290550e-01 5.579840e-01 2.509302e+00
-4.092960e-01 3.130210e-01 2.619478e+00
-6.559500e-02 3.010860e-01 2.646902e+00
-2.237420e-01 3.802960e-01 2.493314e+00
-2.472080e-01 1.662730e-01 2.694272e+00
-3.623390e-01 -3.995700e-02 2.541195e+00
-2.061600e-02 -3.708600e-02 2.570635e+00
-2.012830e-01 -4.421000e-02 2.670291e+00
-4.508310e-01 4.709100e-02 2.610495e+00
3.724500e-02 5.999500e-02 2.708739e+00
-4.048250e-01 -2.326290e-01 2.588128e+00
2.342580e-01 2.330900e-01 2.598811e+00
-3.896870e-01 -2.960210e-01 2.581760e+00
2.455420e-01 2.971610e-01 2.591340e+00
-2.887430e-01 -5.326260e-01 2.675935e+00
-9.040300e-02 -5.357100e-01 2.672021e+00
-2.831320e-01 -9.323860e-01 2.752159e+00
-7.766800e-02 -9.369290e-01 2.739177e+00
-2.702770e-01 -9.616840e-01 2.597560e+00
-6.444200e-02 -9.624920e-01 2.583948e+00
-2.278590e-01 5.520640e-01 2.503361e+00
-4.062320e-01 3.113360e-01 2.613002e+00
-6.629600e-02 3.120900e-01 2.671896e+00
-2.122330e-01 3.827570e-01 2.502832e+00
-2.468700e-01 1.718470e-01 2.705460e+00
-3.628920e-01 -5.212700e-02 2.536239e+00
-2.723900e-02 -2.101300e-02 2.599625e+00
-2.157070e-01 -4.376900e-02 2.680769e+00
-4.446280e-01 4.523900e-02 2.612653e+00
2.769400e-02 6.573700e-02 2.724417e+00
-3.976900e-01 -2.334770e-01 2.586120e+00
2.833310e-01 8.682400e-02 2.602783e+00
-3.884440e-01 -2.973480e-01 2.575016e+00
3.430160e-01 8.772000e-02 2.575855e+00
-2.893940e-01 -5.360320e-01 2.679419e+00
-8.838400e-02 -5.328790e-01 2.669739e+00
-2.887760e-01 -9.352340e-01 2.758705e+00
-7.791700e-02 -9.335720e-01 2.740340e+00
-2.566360e-01 -9.652970e-01 2.607088e+00
-4.625400e-02 -9.596080e-01 2.587880e+00
-2.328530e-01 5.623870e-01 2.519801e+00
-4.047110e-01 3.056990e-01 2.615379e+00
-6.693500e-02 3.137140e-01 2.685148e+00
-2.091760e-01 3.838320e-01 2.512739e+00
-2.449090e-01 1.685050e-01 2.710472e+00
-3.564480e-01 -4.925100e-02 2.534377e+00
-2.391000e-02 -2.400700e-02 2.614564e+00
-2.165530e-01 -4.382200e-02 2.686108e+00
-4.488750e-01 4.264500e-02 2.627623e+00
2.725500e-02 6.777900e-02 2.729211e+00
-4.005040e-01 -2.326160e-01 2.590434e+00
2.671150e-01 -2.961000e-02 2.617522e+00
-3.929260e-01 -2.976530e-01 2.589456e+00
3.187520e-01 -4.893300e-02 2.582188e+00
-2.911790e-01 -5.339480e-01 2.684587e+00
-8.758100e-02 -5.359070e-01 2.671804e+00
-2.876230e-01 -9.342300e-01 2.758147e+00
-7.790100e-02 -9.371330e-01 2.739427e+00
-2.490290e-01 -9.615680e-01 2.607523e+00
-3.919600e-02 -9.616620e-01 2.588349e+00
-2.348970e-01 5.573530e-01 2.523671e+00
-4.067400e-01 3.011640e-01 2.627857e+00
-6.555000e-02 3.190640e-01 2.675750e+00
-2.202390e-01 3.821820e-01 2.511551e+00
-2.376610e-01 1.699340e-01 2.714992e+00
-3.622770e-01 -5.430200e-02 2.553781e+00
-2.403700e-02 -2.099800e-02 2.599974e+00
-2.082250e-01 -4.252000e-02 2.690717e+00
-4.493690e-01 3.825600e-02 2.628319e+00
1.716600e-02 6.968200e-02 2.719395e+00
-4.004730e-01 -2.368720e-01 2.596616e+00
2.178940e-01 -1.140640e-01 2.648424e+00
-3.892250e-01 -3.004350e-01 2.585594e+00
2.810790e-01 -1.096790e-01 2.631791e+00
-2.902020e-01 -5.382740e-01 2.689568e+00
-8.626200e-02 -5.338810e-01 2.674708e+00
-2.860410e-01 -9.397810e-01 2.756085e+00
-7.633100e-02 -9.356950e-01 2.738711e+00
-2.615510e-01 -9.650240e-01 2.602178e+00
-5.237000e-02 -9.596630e-01 2.584517e+00
-2.302920e-01 5.599990e-01 2.528011e+00
-4.050120e-01 2.934570e-01 2.642451e+00
-6.127300e-02 3.059110e-01 2.669161e+00
-2.246070e-01 3.691110e-01 2.513593e+00
-2.332040e-01 1.606230e-01 2.721437e+00
-3.656720e-01 -5.994500e-02 2.567512e+00
-2.529700e-02 -2.647700e-02 2.593459e+00
-2.039830e-01 -4.562600e-02 2.695081e+00
-4.465390e-01 2.699100e-02 2.637863e+00
2.781000e-02 5.511500e-02 2.712920e+00
-4.041390e-01 -2.538400e-01 2.616743e+00
1.409870e-01 -2.047580e-01 2.685222e+00
-3.885280e-01 -3.140920e-01 2.596389e+00
1.986980e-01 -2.219210e-01 2.659472e+00
-2.904870e-01 -5.447470e-01 2.695928e+00
-8.681200e-02 -5.387240e-01 2.678048e+00
-2.824760e-01 -9.471340e-01 2.756510e+00
-7.925500e-02 -9.407940e-01 2.740758e+00
-2.674620e-01 -9.702390e-01 2.601058e+00
-6.429000e-02 -9.647390e-01 2.585429e+00
-2.303430e-01 5.558430e-01 2.541649e+00
-4.015190e-01 2.935630e-01 2.650243e+00
-5.693100e-02 3.066230e-01 2.660891e+00
-2.272270e-01 3.651840e-01 2.511079e+00
-2.261870e-01 1.630800e-01 2.725307e+00
-3.670380e-01 -5.841500e-02 2.575839e+00
-2.539400e-02 -2.987600e-02 2.586505e+00
-1.996810e-01 -4.560500e-02 2.696046e+00
-4.447480e-01 2.588000e-02 2.648984e+00
1.876400e-02 4.944800e-02 2.701580e+00
-3.994470e-01 -2.552080e-01 2.618793e+00
9.309200e-02 -2.269940e-01 2.696115e+00
-3.891510e-01 -3.195020e-01 2.611822e+00
1.280300e-01 -2.759990e-01 2.670308e+00
-2.910490e-01 -5.455510e-01 2.697697e+00
-8.867500e-02 -5.396450e-01 2.681123e+00
-2.822430e-01 -9.484150e-01 2.754901e+00
-7.763900e-02 -9.423040e-01 2.739375e+00
-2.749440e-01 -9.704290e-01 2.598739e+00
-7.018100e-02 -9.646820e-01 2.583272e+00
-2.260690e-01 5.656120e-01 2.556511e+00
-3.993190e-01 2.911770e-01 2.651368e+00
-5.482700e-02 3.046980e-01 2.664315e+00
-2.241190e-01 3.616270e-01 2.512747e+00
-2.243940e-01 1.616100e-01 2.728927e+00
-3.662510e-01 -6.011300e-02 2.568327e+00
-2.580100e-02 -3.147700e-02 2.598712e+00
-2.060810e-01 -4.771700e-02 2.697999e+00
-4.428130e-01 2.173300e-02 2.653001e+00
1.667400e-02 4.284100e-02 2.692834e+00
-4.003470e-01 -2.614630e-01 2.620549e+00
5.670500e-02 -2.419490e-01 2.674180e+00
-3.837310e-01 -3.247320e-01 2.617517e+00
3.841100e-02 -3.004900e-01 2.651232e+00
-2.908360e-01 -5.457760e-01 2.701484e+00
-8.888100e-02 -5.428980e-01 2.679757e+00
-2.829120e-01 -9.481930e-01 2.761878e+00
-7.407300e-02 -9.452050e-01 2.739585e+00
-2.663920e-01 -9.711770e-01 2.606561e+00
-5.793200e-02 -9.677240e-01 2.584160e+00
-2.284350e-01 5.595400e-01 2.551611e+00
-3.968640e-01 2.991230e-01 2.663057e+00
-5.191400e-02 2.985680e-01 2.657235e+00
-2.267420e-01 3.618950e-01 2.514761e+00
-2.234000e-01 1.627520e-01 2.731721e+00
-3.705380e-01 -5.433900e-02 2.580882e+00
-2.799900e-02 -3.772000e-02 2.587160e+00
-2.013060e-01 -4.744600e-02 2.698930e+00
-4.379500e-01 2.761500e-02 2.658698e+00
1.472900e-02 3.331800e-02 2.682225e+00
-4.000850e-01 -2.575990e-01 2.622490e+00
2.211300e-02 -2.520120e-01 2.631000e+00
-3.929470e-01 -3.226890e-01 2.623249e+00
2.521000e-03 -3.142050e-01 2.624959e+00
-2.908360e-01 -5.447280e-01 2.705270e+00
-8.975800e-02 -5.439350e-01 2.681893e+00
-2.807580e-01 -9.474950e-01 2.762944e+00
-7.582100e-02 -9.463020e-01 2.741522e+00
-2.767940e-01 -9.697690e-01 2.606699e+00
-7.153700e-02 -9.692920e-01 2.585389e+00
-2.256750e-01 5.641470e-01 2.559367e+00
-3.947780e-01 2.986410e-01 2.675820e+00
-5.059500e-02 2.907380e-01 2.653443e+00
-2.304510e-01 3.620930e-01 2.521405e+00
-2.214710e-01 1.565270e-01 2.732125e+00
-3.741260e-01 -5.525500e-02 2.589845e+00
-3.166700e-02 -4.030900e-02 2.577700e+00
-1.988300e-01 -4.762000e-02 2.698636e+00
-4.418850e-01 2.748900e-02 2.665826e+00
1.676300e-02 2.413900e-02 2.668613e+00
-4.020220e-01 -2.578510e-01 2.626449e+00
1.727800e-02 -2.635040e-01 2.625952e+00
-3.939030e-01 -3.227790e-01 2.629026e+00
-8.612000e-03 -3.236530e-01 2.625872e+00
-2.890170e-01 -5.466650e-01 2.708826e+00
-8.724900e-02 -5.445660e-01 2.682422e+00
-2.837160e-01 -9.511540e-01 2.753654e+00
-7.278800e-02 -9.467550e-01 2.743118e+00
-2.878670e-01 -9.685920e-01 2.596800e+00
-7.685900e-02 -9.704490e-01 2.587084e+00
-2.216130e-01 5.567110e-01 2.560313e+00
-3.932040e-01 2.866040e-01 2.668479e+00
-4.882700e-02 2.892460e-01 2.647916e+00
-2.302040e-01 3.487010e-01 2.512118e+00
-2.155910e-01 1.529660e-01 2.731697e+00
-3.748960e-01 -5.695800e-02 2.597638e+00
-3.332400e-02 -4.981500e-02 2.567198e+00
-1.939640e-01 -5.076600e-02 2.696875e+00
-4.417120e-01 1.409700e-02 2.661842e+00
1.864800e-02 2.127700e-02 2.665141e+00
-4.003790e-01 -2.729360e-01 2.624818e+00
1.141500e-02 -2.682280e-01 2.625115e+00
-3.922610e-01 -3.363840e-01 2.638843e+00
-1.657400e-02 -3.263600e-01 2.613911e+00
-2.911900e-01 -5.527350e-01 2.705209e+00
-8.791500e-02 -5.498100e-01 2.685826e+00
-2.835100e-01 -9.552480e-01 2.764990e+00
-7.022600e-02 -9.520390e-01 2.745394e+00
-2.970520e-01 -9.786080e-01 2.609441e+00
-8.357900e-02 -9.756580e-01 2.589868e+00
-2.220950e-01 5.552470e-01 2.561708e+00
-3.918500e-01 2.856300e-01 2.677494e+00
-4.781800e-02 2.895490e-01 2.651964e+00
-2.312160e-01 3.548630e-01 2.521683e+00
-2.132690e-01 1.494680e-01 2.731996e+00
-3.739750e-01 -5.205900e-02 2.600403e+00
-3.260900e-02 -5.008800e-02 2.567019e+00
-1.921190e-01 -4.903700e-02 2.698085e+00
-4.369190e-01 1.236500e-02 2.663281e+00
2.049300e-02 2.111900e-02 2.665581e+00
-4.043310e-01 -2.765720e-01 2.628662e+00
1.033800e-02 -2.683570e-01 2.622617e+00
-3.895060e-01 -3.394250e-01 2.639519e+00
-9.167000e-03 -3.308310e-01 2.624818e+00
-2.873780e-01 -5.503220e-01 2.704295e+00
-8.675300e-02 -5.488530e-01 2.684263e+00
-2.847120e-01 -9.529610e-01 2.763655e+00
-6.952600e-02 -9.511510e-01 2.743497e+00
-2.997470e-01 -9.759800e-01 2.608192e+00
-8.471100e-02 -9.746780e-01 2.588125e+00
-2.214160e-01 5.484990e-01 2.558516e+00
