-3.571180e-01 3.628460e-01 2.671804e+00
-1.781605e-01 3.596795e-01 2.669526e+00
7.970000e-04 3.565130e-01 2.667249e+00
-8.884500e-02 3.823200e-01 2.621853e+00
-1.784870e-01 4.081270e-01 2.576456e+00
-1.791370e-01 3.047590e-01 2.669125e+00
-1.797870e-01 2.013910e-01 2.761793e+00
-2.515705e-01 8.812100e-02 2.693542e+00
-3.233540e-01 -2.514900e-02 2.625290e+00
-1.827855e-01 -2.285650e-02 2.628543e+00
-4.221700e-02 -2.056400e-02 2.631796e+00
-1.140445e-01 -1.535500e-02 2.692378e+00
-1.858720e-01 -1.014600e-02 2.752959e+00
-2.981160e-01 4.526350e-02 2.701631e+00
-4.103600e-01 1.006730e-01 2.650302e+00
-1.825170e-01 9.637400e-02 2.653262e+00
4.532600e-02 9.207500e-02 2.656223e+00
-1.829980e-01 -4.771700e-02 2.637808e+00
-4.113220e-01 -1.875090e-01 2.619393e+00
-1.840435e-01 -1.917020e-01 2.621421e+00
4.323500e-02 -1.958950e-01 2.623449e+00
-1.823800e-01 -2.246685e-01 2.630129e+00
-4.079950e-01 -2.534420e-01 2.636809e+00
-1.941060e-01 -2.561410e-01 2.624015e+00
1.978300e-02 -2.588400e-01 2.611221e+00
-1.394425e-01 -4.267940e-01 2.652786e+00
-2.986680e-01 -5.947480e-01 2.694350e+00
-1.814775e-01 -5.938065e-01 2.696762e+00
-6.428700e-02 -5.928650e-01 2.699174e+00
-1.862590e-01 -7.997115e-01 2.752998e+00
-3.082310e-01 -1.006558e+00 2.806822e+00
-1.848050e-01 -1.011576e+00 2.779338e+00
-6.137900e-02 -1.016593e+00 2.751854e+00
-1.865405e-01 -1.033714e+00 2.698132e+00
-3.117020e-01 -1.050835e+00 2.644410e+00
-1.828275e-01 -1.044065e+00 2.614666e+00
-5.395300e-02 -1.037296e+00 2.584922e+00
-1.082105e-01 -1.877500e-01 2.569149e+00
-1.624680e-01 6.617960e-01 2.553376e+00
-2.597610e-01 5.098970e-01 2.612730e+00
-3.570540e-01 3.579980e-01 2.672084e+00
9.160000e-04 3.585790e-01 2.667493e+00
-1.793470e-01 4.056180e-01 2.576153e+00
-1.766070e-01 2.010980e-01 2.763917e+00
-3.242980e-01 -2.347900e-02 2.631816e+00
-4.311700e-02 -1.883700e-02 2.627655e+00
-1.820470e-01 -1.004900e-02 2.754333e+00
-4.089580e-01 9.547100e-02 2.651627e+00
4.551500e-02 9.420000e-02 2.655323e+00
-4.131350e-01 -1.927930e-01 2.621737e+00
4.142200e-02 -1.938510e-01 2.623445e+00
-3.909610e-01 -2.528540e-01 2.645457e+00
1.536400e-02 -2.545610e-01 2.606213e+00
-3.010290e-01 -5.934520e-01 2.691257e+00
-6.411500e-02 -5.908160e-01 2.700088e+00
-3.101220e-01 -1.007800e+00 2.794032e+00
-6.574100e-02 -1.014544e+00 2.752824e+00
-3.197310e-01 -1.048070e+00 2.630826e+00
-6.436900e-02 -1.035343e+00 2.585744e+00
-1.659600e-01 6.598070e-01 2.551752e+00
-3.574310e-01 3.609910e-01 2.672360e+00
5.240000e-04 3.577240e-01 2.667747e+00
-1.792330e-01 4.063670e-01 2.576252e+00
-1.786650e-01 2.024930e-01 2.764736e+00
-3.242880e-01 -2.299900e-02 2.634784e+00
-4.309700e-02 -1.975000e-02 2.630058e+00
-1.817340e-01 -9.680000e-03 2.756960e+00
-4.088830e-01 9.822400e-02 2.653902e+00
4.399400e-02 9.308100e-02 2.657301e+00
-4.148810e-01 -1.897940e-01 2.622002e+00
3.670900e-02 -1.940830e-01 2.618686e+00
-3.845010e-01 -2.495840e-01 2.634797e+00
1.396600e-02 -2.567400e-01 2.603903e+00
-3.016010e-01 -5.928590e-01 2.699092e+00
-6.542600e-02 -5.912610e-01 2.703937e+00
-3.039060e-01 -1.006814e+00 2.803808e+00
-6.098300e-02 -1.015314e+00 2.753817e+00
-3.144640e-01 -1.047969e+00 2.640882e+00
-6.099500e-02 -1.034984e+00 2.586595e+00
-1.687740e-01 6.637790e-01 2.557359e+00
-3.580160e-01 3.573570e-01 2.678586e+00
-1.370000e-04 3.598550e-01 2.669627e+00
-1.817470e-01 4.067070e-01 2.580894e+00
-1.756510e-01 2.006470e-01 2.766887e+00
-3.243760e-01 -2.447900e-02 2.631968e+00
-4.326800e-02 -1.653100e-02 2.636079e+00
-1.859720e-01 -8.885000e-03 2.758566e+00
-4.076630e-01 9.439400e-02 2.658066e+00
4.468300e-02 9.561800e-02 2.655303e+00
-4.158770e-01 -1.932320e-01 2.623235e+00
4.309000e-02 -1.921200e-01 2.620471e+00
-3.823860e-01 -2.496260e-01 2.642200e+00
1.902400e-02 -2.537230e-01 2.603515e+00
-3.000950e-01 -5.922020e-01 2.704010e+00
-6.262600e-02 -5.898970e-01 2.702441e+00
-3.102360e-01 -1.006426e+00 2.807184e+00
-6.070000e-02 -1.013669e+00 2.754819e+00
-3.137580e-01 -1.047031e+00 2.643816e+00
-5.428000e-02 -1.034279e+00 2.587834e+00
-1.707360e-01 6.587600e-01 2.553144e+00
-3.576680e-01 3.609330e-01 2.679246e+00
2.290000e-04 3.594940e-01 2.670782e+00
-1.807210e-01 4.089080e-01 2.582093e+00
-1.771860e-01 2.016640e-01 2.766833e+00
-3.227150e-01 -2.247400e-02 2.629533e+00
-4.178500e-02 -1.631000e-02 2.641451e+00
-1.878020e-01 -6.759000e-03 2.759831e+00
-4.081060e-01 9.791300e-02 2.661561e+00
4.360900e-02 9.497800e-02 2.657170e+00
-4.147640e-01 -1.900420e-01 2.629200e+00
3.866900e-02 -1.924280e-01 2.619981e+00
-4.050150e-01 -2.494230e-01 2.661456e+00
1.720400e-02 -2.542720e-01 2.600585e+00
-3.017470e-01 -5.900160e-01 2.707656e+00
-6.773500e-02 -5.900510e-01 2.704182e+00
-3.026320e-01 -1.004313e+00 2.811030e+00
-5.867600e-02 -1.014356e+00 2.751217e+00
-3.027990e-01 -1.045076e+00 2.647664e+00
-4.911200e-02 -1.032675e+00 2.584116e+00
-1.716330e-01 6.619270e-01 2.557627e+00
-3.591580e-01 3.595690e-01 2.678933e+00
-1.278000e-03 3.604960e-01 2.669715e+00
-1.827490e-01 4.076060e-01 2.580837e+00
-1.773970e-01 2.025970e-01 2.768011e+00
-3.242200e-01 -2.245100e-02 2.631823e+00
-4.320000e-02 -1.509000e-02 2.640482e+00
-1.878720e-01 -6.222000e-03 2.760554e+00
-4.090840e-01 9.619100e-02 2.665661e+00
4.384000e-02 9.633600e-02 2.654872e+00
-4.157720e-01 -1.911600e-01 2.628308e+00
4.043200e-02 -1.915030e-01 2.620999e+00
-4.005600e-01 -2.495550e-01 2.660249e+00
1.449700e-02 -2.535150e-01 2.609020e+00
-3.025750e-01 -5.897340e-01 2.707843e+00
-6.803800e-02 -5.894430e-01 2.701439e+00
-3.075250e-01 -1.006264e+00 2.801691e+00
-5.621600e-02 -1.013517e+00 2.749923e+00
-3.082300e-01 -1.043264e+00 2.637433e+00
-4.856800e-02 -1.032413e+00 2.582786e+00
-1.706430e-01 6.591370e-01 2.551759e+00
-3.571060e-01 3.640060e-01 2.681958e+00
6.020000e-04 3.591090e-01 2.668364e+00
-1.811380e-01 4.095890e-01 2.581919e+00
-1.768800e-01 2.036760e-01 2.768126e+00
-3.258330e-01 -2.433000e-02 2.641435e+00
-4.495100e-02 -1.552700e-02 2.630085e+00
-1.808420e-01 -5.063000e-03 2.759892e+00
-4.105890e-01 1.016180e-01 2.663825e+00
4.452800e-02 9.462600e-02 2.655874e+00
-4.086740e-01 -1.868720e-01 2.635871e+00
3.521000e-02 -1.923720e-01 2.616419e+00
-4.006690e-01 -2.395450e-01 2.678568e+00
1.702400e-02 -2.558670e-01 2.599120e+00
-3.010700e-01 -5.917890e-01 2.707370e+00
-6.562700e-02 -5.896960e-01 2.699274e+00
-3.071010e-01 -1.008418e+00 2.800715e+00
-5.717500e-02 -1.012973e+00 2.754899e+00
-3.199650e-01 -1.044945e+00 2.636854e+00
-6.053500e-02 -1.034973e+00 2.588001e+00
-1.623120e-01 6.608770e-01 2.553207e+00
-3.550380e-01 3.678670e-01 2.690704e+00
2.095000e-03 3.571260e-01 2.668246e+00
-1.807380e-01 4.128830e-01 2.587538e+00
-1.756910e-01 2.023420e-01 2.768476e+00
-3.277430e-01 -2.242100e-02 2.652300e+00
-4.795600e-02 -1.752200e-02 2.624070e+00
-1.756050e-01 -6.203000e-03 2.761923e+00
-4.126580e-01 1.069110e-01 2.665814e+00
4.613100e-02 9.262600e-02 2.656511e+00
-4.091230e-01 -1.813450e-01 2.635690e+00
3.797300e-02 -1.939360e-01 2.613764e+00
-3.919800e-01 -2.437700e-01 2.657389e+00
1.725300e-02 -2.507590e-01 2.582087e+00
-2.991190e-01 -5.929440e-01 2.703329e+00
-6.289600e-02 -5.892580e-01 2.701654e+00
-3.063940e-01 -1.008082e+00 2.803012e+00
-6.171300e-02 -1.013341e+00 2.751473e+00
-3.296870e-01 -1.046631e+00 2.640773e+00
-7.472400e-02 -1.032963e+00 2.584752e+00
-1.628980e-01 6.577110e-01 2.551172e+00
-3.546310e-01 3.670990e-01 2.685089e+00
2.936000e-03 3.574510e-01 2.670387e+00
-1.782930e-01 4.122030e-01 2.585485e+00
-1.764660e-01 2.025560e-01 2.767518e+00
-3.277010e-01 -2.148600e-02 2.652451e+00
-4.815700e-02 -1.861800e-02 2.621654e+00
-1.744470e-01 -6.499000e-03 2.760685e+00
-4.109870e-01 1.055480e-01 2.663819e+00
4.522300e-02 9.282000e-02 2.655559e+00
-4.120330e-01 -1.820870e-01 2.628085e+00
3.847100e-02 -1.917750e-01 2.601045e+00
-3.894430e-01 -2.437360e-01 2.646809e+00
1.836200e-02 -2.527130e-01 2.577724e+00
-2.959490e-01 -5.933730e-01 2.701072e+00
-6.299200e-02 -5.888420e-01 2.706081e+00
-3.108410e-01 -1.007055e+00 2.805834e+00
-5.893000e-02 -1.013348e+00 2.751991e+00
-3.347460e-01 -1.047162e+00 2.644062e+00
-7.443100e-02 -1.031521e+00 2.585319e+00
-1.557380e-01 6.643170e-01 2.562921e+00
-3.471050e-01 3.686590e-01 2.677058e+00
1.064600e-02 3.557230e-01 2.680353e+00
-1.656170e-01 4.107660e-01 2.585737e+00
-1.748030e-01 2.038310e-01 2.770628e+00
-3.094890e-01 -1.371900e-02 2.640712e+00
-2.837200e-02 -1.942100e-02 2.634216e+00
-1.658180e-01 -4.962000e-03 2.761988e+00
-4.013710e-01 1.066860e-01 2.655544e+00
5.729000e-02 9.263200e-02 2.654954e+00
-4.042610e-01 -1.808170e-01 2.618859e+00
8.322400e-02 -1.798300e-01 2.559539e+00
-3.841690e-01 -2.451210e-01 2.629944e+00
4.611400e-02 -2.330570e-01 2.538296e+00
-2.937810e-01 -5.867280e-01 2.696922e+00
-5.108600e-02 -5.883010e-01 2.703076e+00
-3.104100e-01 -1.000608e+00 2.800631e+00
-6.429900e-02 -1.012502e+00 2.750062e+00
-3.218960e-01 -1.041004e+00 2.637577e+00
-6.312500e-02 -1.031074e+00 2.582719e+00
-1.495210e-01 6.633970e-01 2.561318e+00
-3.476120e-01 3.701080e-01 2.673756e+00
1.002700e-02 3.583230e-01 2.684692e+00
-1.643510e-01 4.127440e-01 2.586301e+00
-1.768190e-01 2.058890e-01 2.771089e+00
-2.964920e-01 -1.069600e-02 2.639496e+00
-1.544300e-02 -1.967000e-02 2.633794e+00
-1.530600e-01 -3.254000e-03 2.761143e+00
-3.959760e-01 1.071790e-01 2.649950e+00
7.882400e-02 1.004830e-01 2.656001e+00
-3.963820e-01 -1.798720e-01 2.609776e+00
1.068450e-01 -1.484750e-01 2.510237e+00
-3.667520e-01 -2.402540e-01 2.621514e+00
6.661100e-02 -2.032790e-01 2.503961e+00
-2.901970e-01 -5.839730e-01 2.689344e+00
-4.789100e-02 -5.882750e-01 2.705655e+00
-3.108710e-01 -9.988000e-01 2.788440e+00
-6.204400e-02 -1.012518e+00 2.751985e+00
-3.230410e-01 -1.037245e+00 2.624966e+00
-6.181400e-02 -1.030804e+00 2.584606e+00
-1.368580e-01 6.677420e-01 2.569713e+00
-3.421650e-01 3.701170e-01 2.671427e+00
1.494600e-02 3.664910e-01 2.696371e+00
-1.567130e-01 4.195880e-01 2.592620e+00
-1.713230e-01 2.072440e-01 2.770913e+00
-2.812530e-01 -6.048000e-03 2.624437e+00
-1.813000e-03 -1.804000e-02 2.653952e+00
-1.539630e-01 2.578000e-03 2.762816e+00
-3.868330e-01 1.070810e-01 2.642192e+00
9.231100e-02 1.121370e-01 2.659533e+00
-3.786290e-01 -1.756050e-01 2.578683e+00
1.621650e-01 -9.728600e-02 2.471716e+00
-3.613500e-01 -2.416230e-01 2.580865e+00
1.723550e-01 -1.535830e-01 2.434455e+00
-2.841150e-01 -5.797190e-01 2.675771e+00
-3.966600e-02 -5.867570e-01 2.706774e+00
-3.098750e-01 -9.910890e-01 2.787307e+00
-6.665000e-02 -1.009773e+00 2.758336e+00
-3.047860e-01 -1.035427e+00 2.624955e+00
-4.254500e-02 -1.031450e+00 2.593112e+00
-1.261050e-01 6.700630e-01 2.576157e+00
-3.341830e-01 3.704640e-01 2.658608e+00
1.760200e-02 3.808090e-01 2.724216e+00
-1.431450e-01 4.282540e-01 2.601905e+00
-1.692510e-01 2.133580e-01 2.775771e+00
-2.708500e-01 -5.417000e-03 2.622538e+00
5.830000e-03 -9.293000e-03 2.672887e+00
-1.545520e-01 7.391000e-03 2.769972e+00
-3.734660e-01 1.073420e-01 2.624609e+00
1.240010e-01 1.375130e-01 2.686560e+00
-3.799060e-01 -1.742680e-01 2.557205e+00
2.335300e-01 6.405400e-02 2.428691e+00
-3.422150e-01 -2.241020e-01 2.584728e+00
2.661880e-01 3.527700e-02 2.376090e+00
-2.798290e-01 -5.757270e-01 2.649434e+00
-3.081100e-02 -5.818640e-01 2.708081e+00
-3.134350e-01 -9.803630e-01 2.781606e+00
-5.949300e-02 -1.005400e+00 2.754166e+00
-3.048560e-01 -1.033219e+00 2.621973e+00
-2.229300e-02 -1.025651e+00 2.591205e+00
-1.074040e-01 6.735690e-01 2.584768e+00
-3.223990e-01 3.695590e-01 2.654057e+00
2.371000e-02 3.758830e-01 2.745339e+00
-1.277210e-01 4.289810e-01 2.613811e+00
-1.664830e-01 2.070960e-01 2.776156e+00
-2.498210e-01 -2.222000e-03 2.613043e+00
1.959300e-02 -9.905000e-03 2.693411e+00
-1.502470e-01 8.563000e-03 2.772400e+00
-3.572820e-01 1.092150e-01 2.607642e+00
1.476240e-01 1.440240e-01 2.700207e+00
-3.583520e-01 -1.738240e-01 2.554117e+00
2.911480e-01 1.952250e-01 2.455756e+00
-3.172700e-01 -2.226530e-01 2.578401e+00
3.290890e-01 2.075330e-01 2.400343e+00
-2.815170e-01 -5.680260e-01 2.615136e+00
-2.492600e-02 -5.823980e-01 2.712202e+00
-3.133010e-01 -9.636410e-01 2.772641e+00
-5.602500e-02 -1.005899e+00 2.757028e+00
-3.067530e-01 -1.026328e+00 2.616508e+00
-1.652000e-03 -1.026615e+00 2.599026e+00
-9.184200e-02 6.680910e-01 2.591562e+00
-3.104360e-01 3.784300e-01 2.644524e+00
2.788200e-02 3.646250e-01 2.760773e+00
-1.105120e-01 4.281420e-01 2.619837e+00
-1.725390e-01 2.056590e-01 2.773932e+00
-2.392780e-01 -7.600000e-04 2.606609e+00
2.800600e-02 -8.631000e-03 2.693780e+00
-1.437550e-01 1.017000e-02 2.768417e+00
-3.458940e-01 1.201930e-01 2.592609e+00
1.803720e-01 1.513310e-01 2.717285e+00
-3.277040e-01 -1.626380e-01 2.547267e+00
3.033060e-01 3.252270e-01 2.524859e+00
-3.010940e-01 -2.245190e-01 2.558414e+00
3.019070e-01 3.777110e-01 2.481211e+00
-2.795350e-01 -5.630740e-01 2.596646e+00
-2.716800e-02 -5.815090e-01 2.718478e+00
-3.162360e-01 -9.562270e-01 2.759166e+00
-5.183400e-02 -1.005537e+00 2.762302e+00
-3.128620e-01 -1.020806e+00 2.603705e+00
3.823000e-03 -1.025074e+00 2.604598e+00
-7.894300e-02 6.722750e-01 2.612466e+00
-2.861740e-01 4.030080e-01 2.628827e+00
3.233400e-02 3.418170e-01 2.780393e+00
-8.041600e-02 4.296990e-01 2.630012e+00
-1.848600e-01 2.075930e-01 2.759825e+00
-2.298130e-01 1.010500e-02 2.584980e+00
2.211100e-02 -1.239600e-02 2.707982e+00
-1.580380e-01 6.966000e-03 2.758947e+00
-3.355620e-01 1.495610e-01 2.571459e+00
2.429930e-01 1.882260e-01 2.735693e+00
-3.086560e-01 -1.316120e-01 2.528878e+00
2.854840e-01 4.549130e-01 2.642588e+00
-2.951590e-01 -1.971060e-01 2.542662e+00
2.810410e-01 5.225020e-01 2.651166e+00
-2.712350e-01 -5.619560e-01 2.597834e+00
-2.682500e-02 -5.788800e-01 2.727346e+00
-3.262690e-01 -9.592580e-01 2.744300e+00
-5.363900e-02 -1.003367e+00 2.765044e+00
-2.882060e-01 -1.020606e+00 2.592190e+00
2.408400e-02 -1.021444e+00 2.616779e+00
-4.522600e-02 6.732450e-01 2.629458e+00
-2.906630e-01 4.008540e-01 2.613889e+00
1.584800e-02 3.585140e-01 2.793951e+00
-8.722600e-02 4.373710e-01 2.632063e+00
-1.923730e-01 2.136180e-01 2.758436e+00
-2.179980e-01 2.698200e-02 2.580977e+00
2.671000e-02 -2.055100e-02 2.711208e+00
-1.535660e-01 8.488000e-03 2.756853e+00
-3.271480e-01 1.458410e-01 2.563403e+00
2.347290e-01 2.212830e-01 2.747368e+00
-3.039910e-01 -1.296460e-01 2.500658e+00
2.674240e-01 5.014160e-01 2.718686e+00
-2.990820e-01 -1.903530e-01 2.531514e+00
2.401870e-01 5.638440e-01 2.723441e+00
-2.697950e-01 -5.521640e-01 2.593667e+00
-2.892200e-02 -5.767860e-01 2.726888e+00
-3.269660e-01 -9.524550e-01 2.730882e+00
-5.215700e-02 -1.001518e+00 2.764195e+00
-2.795440e-01 -1.010862e+00 2.580250e+00
2.943500e-02 -1.018829e+00 2.617931e+00
-3.914100e-02 6.770350e-01 2.637068e+00
-2.874080e-01 4.006040e-01 2.600329e+00
1.512400e-02 3.537560e-01 2.785918e+00
-8.316800e-02 4.311610e-01 2.620396e+00
-1.971400e-01 2.145730e-01 2.751512e+00
-2.157280e-01 3.189900e-02 2.575427e+00
1.944000e-02 -1.552900e-02 2.722220e+00
-1.638000e-01 1.201600e-02 2.755244e+00
-3.238990e-01 1.479990e-01 2.555601e+00
2.455770e-01 2.356120e-01 2.777265e+00
-3.045740e-01 -1.234560e-01 2.490479e+00
2.488840e-01 5.154100e-01 2.775289e+00
-2.840800e-01 -1.878680e-01 2.500106e+00
2.150620e-01 5.733280e-01 2.788065e+00
-2.791920e-01 -5.446410e-01 2.587300e+00
-2.857300e-02 -5.723070e-01 2.723699e+00
-3.224910e-01 -9.500360e-01 2.714224e+00
-5.430100e-02 -9.967340e-01 2.762799e+00
-2.674020e-01 -1.002904e+00 2.564156e+00
3.879200e-02 -1.015190e+00 2.623719e+00
-2.942400e-02 6.775190e-01 2.645264e+00
-2.844210e-01 4.113250e-01 2.591497e+00
5.451000e-03 3.646220e-01 2.796332e+00
-8.268000e-02 4.448780e-01 2.626501e+00
-2.012010e-01 2.227610e-01 2.743583e+00
-2.094200e-01 3.418300e-02 2.561168e+00
1.600400e-02 -1.452400e-02 2.722145e+00
-1.682880e-01 1.684900e-02 2.744017e+00
-3.280640e-01 1.637690e-01 2.546496e+00
2.339010e-01 2.505220e-01 2.794037e+00
-3.107940e-01 -1.046160e-01 2.485465e+00
1.996440e-01 5.238210e-01 2.807743e+00
-3.003340e-01 -1.697520e-01 2.503056e+00
1.524870e-01 5.714700e-01 2.820681e+00
-2.925670e-01 -5.384490e-01 2.580959e+00
-3.853300e-02 -5.715170e-01 2.719063e+00
-3.329980e-01 -9.584380e-01 2.646561e+00
-5.027600e-02 -9.959930e-01 2.763911e+00
-2.542390e-01 -9.887770e-01 2.500867e+00
4.907200e-02 -1.012991e+00 2.629037e+00
-3.697000e-02 6.870800e-01 2.646264e+00
-2.863410e-01 4.170170e-01 2.582185e+00
-5.010000e-04 3.665510e-01 2.791738e+00
-8.485600e-02 4.482150e-01 2.620666e+00
-2.078090e-01 2.271520e-01 2.735142e+00
-2.222830e-01 2.953100e-02 2.546205e+00
-2.080000e-03 -4.801000e-03 2.717767e+00
-1.881690e-01 2.009700e-02 2.731065e+00
-3.366810e-01 1.729150e-01 2.538734e+00
2.264150e-01 2.546730e-01 2.791371e+00
-3.204050e-01 -9.346400e-02 2.480215e+00
1.605940e-01 5.190980e-01 2.811227e+00
-3.085080e-01 -1.601390e-01 2.488843e+00
1.105820e-01 5.640240e-01 2.823147e+00
-3.023370e-01 -5.396410e-01 2.576120e+00
-4.313200e-02 -5.667210e-01 2.714616e+00
-3.409700e-01 -9.627640e-01 2.618594e+00
-5.242400e-02 -9.912710e-01 2.759346e+00
-2.497420e-01 -9.851210e-01 2.478852e+00
5.360900e-02 -1.007268e+00 2.629534e+00
-5.289600e-02 6.933890e-01 2.639851e+00
-2.885600e-01 4.224750e-01 2.585109e+00
1.640000e-04 3.551220e-01 2.785774e+00
-8.517000e-02 4.450220e-01 2.619380e+00
-2.135590e-01 2.252650e-01 2.730351e+00
-2.363510e-01 2.421300e-02 2.534987e+00
-7.882000e-03 2.400000e-03 2.697554e+00
-1.936050e-01 2.483700e-02 2.718286e+00
-3.515290e-01 1.825070e-01 2.537076e+00
2.303080e-01 2.544210e-01 2.758390e+00
-3.292930e-01 -8.338600e-02 2.479825e+00
1.313140e-01 5.044950e-01 2.804589e+00
-3.147020e-01 -1.499630e-01 2.483856e+00
8.953900e-02 5.544020e-01 2.825223e+00
-3.135440e-01 -5.403440e-01 2.564276e+00
-5.178200e-02 -5.646070e-01 2.699126e+00
-3.427600e-01 -9.645630e-01 2.603178e+00
-5.796300e-02 -9.869400e-01 2.761785e+00
-2.586960e-01 -9.836160e-01 2.458539e+00
4.180200e-02 -1.008273e+00 2.627837e+00
-7.470800e-02 6.892660e-01 2.644195e+00
-3.096200e-01 4.150410e-01 2.591379e+00
-1.145300e-02 3.686920e-01 2.784023e+00
-1.078910e-01 4.534600e-01 2.621037e+00
-2.154130e-01 2.227460e-01 2.731949e+00
-2.526580e-01 2.056700e-02 2.518285e+00
-1.897800e-02 5.691000e-03 2.674086e+00
-2.044660e-01 2.409100e-02 2.700194e+00
-3.760800e-01 1.725260e-01 2.545753e+00
1.902870e-01 2.630960e-01 2.667994e+00
-3.477940e-01 -9.141300e-02 2.470221e+00
1.155990e-01 5.178800e-01 2.743327e+00
-3.377040e-01 -1.588380e-01 2.473906e+00
7.786800e-02 5.578820e-01 2.783798e+00
-3.235370e-01 -5.422560e-01 2.543333e+00
-6.774700e-02 -5.653220e-01 2.669472e+00
-3.445570e-01 -9.654420e-01 2.596257e+00
-5.619500e-02 -9.846010e-01 2.749476e+00
-2.700080e-01 -9.878170e-01 2.446951e+00
3.792500e-02 -1.008262e+00 2.611883e+00
-1.040500e-01 6.892210e-01 2.620621e+00
-3.338710e-01 4.030240e-01 2.606397e+00
-6.276000e-03 3.644960e-01 2.745541e+00
-1.316310e-01 4.493000e-01 2.603608e+00
-2.103460e-01 2.113260e-01 2.723038e+00
-2.706210e-01 1.355000e-02 2.526727e+00
-1.313100e-02 1.570000e-03 2.639229e+00
-1.913740e-01 1.808500e-02 2.697389e+00
-3.907660e-01 1.567680e-01 2.554577e+00
1.750530e-01 2.964980e-01 2.575070e+00
-3.618790e-01 -1.078440e-01 2.472261e+00
1.021480e-01 5.483560e-01 2.669312e+00
-3.546260e-01 -1.757300e-01 2.471550e+00
5.025400e-02 5.739020e-01 2.705589e+00
-3.282930e-01 -5.498020e-01 2.548347e+00
-8.248000e-02 -5.717340e-01 2.648048e+00
-3.464590e-01 -9.737090e-01 2.596323e+00
-6.406400e-02 -9.888310e-01 2.737601e+00
-2.976990e-01 -9.938950e-01 2.436432e+00
2.301000e-03 -1.018509e+00 2.585729e+00
-1.346580e-01 6.860890e-01 2.621223e+00
-3.644360e-01 3.839920e-01 2.629500e+00
-1.127400e-02 3.757650e-01 2.687573e+00
-1.727340e-01 4.420640e-01 2.575387e+00
-2.025580e-01 2.093000e-01 2.723788e+00
-3.050790e-01 -6.597000e-03 2.565958e+00
-2.865400e-02 1.002900e-02 2.615096e+00
-1.891190e-01 8.374000e-03 2.713454e+00
-4.057910e-01 1.360940e-01 2.567943e+00
1.389970e-01 3.400930e-01 2.479970e+00
-3.805780e-01 -1.288380e-01 2.482753e+00
9.496600e-02 5.998200e-01 2.573162e+00
-3.696070e-01 -1.960060e-01 2.477303e+00
5.491800e-02 6.423560e-01 2.608495e+00
-3.310590e-01 -5.626370e-01 2.555099e+00
-1.004190e-01 -5.727540e-01 2.640855e+00
-3.439350e-01 -9.860340e-01 2.608935e+00
-6.648600e-02 -9.867250e-01 2.739879e+00
-3.389240e-01 -1.007412e+00 2.441998e+00
-4.557700e-02 -1.023970e+00 2.577012e+00
-1.949500e-01 6.911660e-01 2.605519e+00
-3.862360e-01 3.498750e-01 2.677180e+00
-4.883100e-02 3.866720e-01 2.582686e+00
-2.447530e-01 4.174680e-01 2.541296e+00
-1.742700e-01 2.104240e-01 2.712342e+00
-3.161980e-01 -1.450000e-03 2.625161e+00
-4.604300e-02 -1.943200e-02 2.549042e+00
-1.465990e-01 1.872000e-03 2.706714e+00
-4.214530e-01 9.782700e-02 2.617644e+00
6.449800e-02 4.791550e-01 2.366086e+00
-4.131190e-01 -1.649080e-01 2.514842e+00
4.181800e-02 7.601400e-01 2.351928e+00
-3.823740e-01 -2.248700e-01 2.503844e+00
3.271300e-02 8.227610e-01 2.377567e+00
-3.337790e-01 -5.718610e-01 2.575119e+00
-1.045130e-01 -5.877230e-01 2.646085e+00
-3.543670e-01 -9.961010e-01 2.618994e+00
-7.620900e-02 -1.002850e+00 2.741989e+00
-4.100750e-01 -1.009770e+00 2.460691e+00
-1.212760e-01 -1.042278e+00 2.584622e+00
-2.425260e-01 6.858810e-01 2.595489e+00
-3.832550e-01 3.376840e-01 2.712833e+00
-8.522000e-02 3.923180e-01 2.544736e+00
-2.824200e-01 4.057180e-01 2.544744e+00
-1.569150e-01 2.179390e-01 2.706232e+00
-3.130630e-01 -1.137000e-03 2.651594e+00
-6.633000e-02 -2.765400e-02 2.519226e+00
-1.298010e-01 -1.640000e-03 2.694499e+00
-4.341980e-01 8.648800e-02 2.662700e+00
-2.977300e-02 5.539910e-01 2.347264e+00
-4.270540e-01 -1.718030e-01 2.549648e+00
4.805000e-03 7.831330e-01 2.186504e+00
-4.081150e-01 -2.342940e-01 2.529704e+00
-9.399000e-03 8.365580e-01 2.146433e+00
-3.357220e-01 -5.745520e-01 2.593107e+00
-1.010700e-01 -5.890450e-01 2.653289e+00
-3.543750e-01 -1.000206e+00 2.621395e+00
-8.076000e-02 -1.007506e+00 2.735793e+00
-4.388010e-01 -1.006180e+00 2.475839e+00
-1.611050e-01 -1.039873e+00 2.591407e+00
-2.788810e-01 6.824500e-01 2.591173e+00
-3.806340e-01 3.089870e-01 2.739896e+00
-1.171430e-01 3.931460e-01 2.531167e+00
-3.126370e-01 3.853460e-01 2.559352e+00
-1.459580e-01 2.140970e-01 2.700714e+00
-3.043600e-01 -1.015700e-02 2.659611e+00
-7.647500e-02 -4.410700e-02 2.498312e+00
-1.172420e-01 -1.394700e-02 2.679569e+00
-4.316720e-01 5.948700e-02 2.690084e+00
-9.696500e-02 5.611600e-01 2.334442e+00
-4.369400e-01 -1.988900e-01 2.581719e+00
-5.948300e-02 7.470190e-01 2.128090e+00
-4.322470e-01 -2.667630e-01 2.587444e+00
-5.423200e-02 7.767430e-01 2.066849e+00
-3.395040e-01 -5.846340e-01 2.605678e+00
-1.024830e-01 -5.994160e-01 2.659895e+00
-3.523270e-01 -1.011097e+00 2.622817e+00
-7.415000e-02 -1.017701e+00 2.740910e+00
-4.538590e-01 -1.013442e+00 2.488519e+00
-1.731030e-01 -1.050035e+00 2.608573e+00
-3.001320e-01 6.622660e-01 2.582515e+00
-3.724460e-01 2.918270e-01 2.753289e+00
-1.337630e-01 3.668570e-01 2.513172e+00
-3.251970e-01 3.585980e-01 2.562608e+00
-1.417370e-01 1.972910e-01 2.694569e+00
-2.827930e-01 -2.713700e-02 2.670572e+00
-7.280900e-02 -6.409800e-02 2.487153e+00
-9.467700e-02 -3.325600e-02 2.671535e+00
-4.156930e-01 4.048100e-02 2.719384e+00
-1.284320e-01 5.258540e-01 2.310969e+00
-4.059190e-01 -2.227260e-01 2.630932e+00
-1.029340e-01 7.057790e-01 2.100792e+00
-3.970020e-01 -2.899860e-01 2.623304e+00
-9.729600e-02 7.399960e-01 2.041978e+00
-3.247580e-01 -6.028160e-01 2.627375e+00
-9.210400e-02 -6.181070e-01 2.657131e+00
-3.466580e-01 -1.029253e+00 2.628725e+00
-7.437600e-02 -1.036407e+00 2.741037e+00
-4.602210e-01 -1.023814e+00 2.504532e+00
-1.864860e-01 -1.065664e+00 2.618868e+00
-3.237630e-01 6.468130e-01 2.582853e+00
-3.656630e-01 2.944440e-01 2.749178e+00
-1.287870e-01 3.617240e-01 2.505937e+00
-3.194620e-01 3.557300e-01 2.556409e+00
-1.357240e-01 1.973960e-01 2.691545e+00
-2.785070e-01 -3.165500e-02 2.675677e+00
-7.027800e-02 -6.625500e-02 2.489814e+00
-9.034800e-02 -3.621700e-02 2.674532e+00
-4.158170e-01 4.348100e-02 2.743552e+00
-1.340050e-01 5.175450e-01 2.302904e+00
-4.012950e-01 -2.238560e-01 2.674687e+00
-1.136500e-01 6.903210e-01 2.088064e+00
-3.989350e-01 -2.872410e-01 2.649419e+00
-1.115460e-01 7.252320e-01 2.029426e+00
-3.193630e-01 -6.066450e-01 2.628207e+00
-8.850500e-02 -6.225320e-01 2.653534e+00
-3.447670e-01 -1.032886e+00 2.629606e+00
-7.238600e-02 -1.039412e+00 2.744529e+00
-4.592140e-01 -1.026470e+00 2.506274e+00
-1.851290e-01 -1.070227e+00 2.623327e+00
-3.327030e-01 6.432230e-01 2.581562e+00
-3.684520e-01 2.853320e-01 2.749177e+00
-1.214250e-01 3.531160e-01 2.515756e+00
-3.143050e-01 3.475180e-01 2.558779e+00
-1.367500e-01 1.876880e-01 2.700270e+00
-2.769940e-01 -4.248800e-02 2.676324e+00
-6.161600e-02 -7.629700e-02 2.498643e+00
-8.888100e-02 -4.476100e-02 2.682186e+00
-4.064970e-01 3.407500e-02 2.740244e+00
-1.276540e-01 5.012730e-01 2.309193e+00
-4.042180e-01 -2.385070e-01 2.707091e+00
-1.136380e-01 6.663070e-01 2.090168e+00
-3.987610e-01 -3.040000e-01 2.688585e+00
-1.106310e-01 6.996180e-01 2.030645e+00
-3.253560e-01 -6.139660e-01 2.626137e+00
-8.060700e-02 -6.322450e-01 2.662647e+00
-3.452870e-01 -1.040371e+00 2.636653e+00
-7.600100e-02 -1.051772e+00 2.742054e+00
-4.569510e-01 -1.038259e+00 2.510650e+00
-1.841100e-01 -1.076923e+00 2.615445e+00
-3.040800e-01 6.379540e-01 2.566440e+00
-3.661760e-01 2.804130e-01 2.749581e+00
-1.096140e-01 3.476270e-01 2.525989e+00
-3.043120e-01 3.426420e-01 2.561563e+00
-1.330900e-01 1.819520e-01 2.709728e+00
-2.744090e-01 -4.571900e-02 2.677824e+00
-5.225600e-02 -8.191900e-02 2.509184e+00
-8.674300e-02 -5.028900e-02 2.691492e+00
-4.040790e-01 3.000400e-02 2.752310e+00
-1.093200e-01 4.896140e-01 2.316255e+00
-4.028550e-01 -2.424500e-01 2.728246e+00
-1.005470e-01 6.451410e-01 2.091430e+00
-4.021890e-01 -3.104740e-01 2.722432e+00
-1.024840e-01 6.771420e-01 2.031149e+00
-3.252260e-01 -6.173940e-01 2.628239e+00
-7.667000e-02 -6.380120e-01 2.666035e+00
-3.461290e-01 -1.043804e+00 2.636417e+00
-7.496900e-02 -1.057867e+00 2.743801e+00
-4.528370e-01 -1.041071e+00 2.506201e+00
-1.779950e-01 -1.082525e+00 2.612928e+00
-2.771530e-01 6.364890e-01 2.573037e+00
-3.580870e-01 2.819490e-01 2.758212e+00
-1.044690e-01 3.473790e-01 2.528426e+00
-2.997020e-01 3.398890e-01 2.567727e+00
-1.239020e-01 1.862730e-01 2.718019e+00
-2.717440e-01 -4.657700e-02 2.686833e+00
-5.153100e-02 -7.970200e-02 2.515046e+00
-8.388700e-02 -4.980300e-02 2.698035e+00
-3.958510e-01 3.289900e-02 2.742734e+00
-8.522000e-02 4.727880e-01 2.310267e+00
-4.006090e-01 -2.395970e-01 2.741410e+00
-7.446600e-02 6.159420e-01 2.078599e+00
-4.017240e-01 -3.078630e-01 2.741080e+00
-7.569900e-02 6.438530e-01 2.016301e+00
-3.235640e-01 -6.167030e-01 2.630343e+00
-6.907500e-02 -6.353730e-01 2.676856e+00
-3.471590e-01 -1.043037e+00 2.633792e+00
-7.830600e-02 -1.057213e+00 2.742390e+00
-4.553420e-01 -1.038093e+00 2.504866e+00
-1.827460e-01 -1.075253e+00 2.611557e+00
-2.493060e-01 6.367890e-01 2.567515e+00
-3.362620e-01 3.080780e-01 2.763635e+00
-5.781400e-02 3.512390e-01 2.551475e+00
-2.590560e-01 3.563630e-01 2.577199e+00
-1.061110e-01 1.971060e-01 2.745533e+00
-2.692980e-01 -4.565300e-02 2.713535e+00
-3.910300e-02 -6.357100e-02 2.552939e+00
-8.235300e-02 -4.686100e-02 2.735357e+00
-3.840670e-01 6.226700e-02 2.744092e+00
-3.862600e-02 4.129940e-01 2.308764e+00
-3.951580e-01 -2.079560e-01 2.723265e+00
-3.192500e-02 5.131980e-01 2.056789e+00
-4.169510e-01 -2.726500e-01 2.724447e+00
-3.752500e-02 5.336220e-01 1.991881e+00
-3.198840e-01 -6.121630e-01 2.655853e+00
-5.684800e-02 -6.247580e-01 2.702387e+00
-3.468720e-01 -1.037514e+00 2.629835e+00
-7.596900e-02 -1.049323e+00 2.743725e+00
-4.497070e-01 -1.022883e+00 2.497317e+00
-1.716540e-01 -1.058473e+00 2.605484e+00
-2.071800e-01 6.422060e-01 2.558697e+00
-3.084380e-01 3.335620e-01 2.752149e+00
-2.796200e-02 3.394740e-01 2.532726e+00
-2.312540e-01 3.560400e-01 2.560869e+00
-8.325500e-02 2.116250e-01 2.746158e+00
-2.586410e-01 -3.469700e-02 2.728206e+00
-3.190600e-02 -6.642400e-02 2.564847e+00
-7.149400e-02 -4.131600e-02 2.747133e+00
-3.724330e-01 9.164100e-02 2.741291e+00
2.666300e-02 3.392760e-01 2.288277e+00
-3.967050e-01 -1.768910e-01 2.719621e+00
-6.986000e-03 4.121050e-01 2.029953e+00
-3.973540e-01 -2.440200e-01 2.732063e+00
-3.209600e-02 4.299070e-01 1.969009e+00
-3.107070e-01 -6.052420e-01 2.668309e+00
-4.764700e-02 -6.226870e-01 2.717099e+00
-3.398330e-01 -1.030342e+00 2.640548e+00
-7.040700e-02 -1.047770e+00 2.750501e+00
-4.418840e-01 -1.014665e+00 2.507545e+00
-1.696390e-01 -1.053137e+00 2.614581e+00
-1.887290e-01 6.592890e-01 2.568472e+00
-3.108710e-01 3.398940e-01 2.742253e+00
-6.771000e-03 3.458030e-01 2.553437e+00
-2.131610e-01 3.656950e-01 2.561043e+00
-8.848700e-02 2.136510e-01 2.757079e+00
-2.598900e-01 -2.711300e-02 2.729335e+00
-1.748000e-02 -6.084300e-02 2.590767e+00
-7.566700e-02 -3.257500e-02 2.767519e+00
-3.646880e-01 9.595900e-02 2.737496e+00
7.356900e-02 2.536810e-01 2.335533e+00
-3.941840e-01 -1.704990e-01 2.707010e+00
3.690200e-02 2.421480e-01 2.068471e+00
-3.783260e-01 -2.368450e-01 2.704129e+00
6.086000e-03 2.262620e-01 2.009653e+00
-3.047770e-01 -5.980730e-01 2.668401e+00
-4.495700e-02 -6.196850e-01 2.721553e+00
-3.218710e-01 -1.024504e+00 2.682321e+00
-6.802800e-02 -1.044369e+00 2.759514e+00
-4.119820e-01 -1.025534e+00 2.540092e+00
-1.521280e-01 -1.052817e+00 2.613891e+00
-1.785400e-01 6.627120e-01 2.566480e+00
-3.098630e-01 3.525350e-01 2.753810e+00
1.804700e-02 3.871780e-01 2.614388e+00
-1.869340e-01 4.153470e-01 2.598912e+00
-9.416400e-02 2.150450e-01 2.767329e+00
-2.806130e-01 -8.419000e-03 2.717649e+00
-2.212000e-02 -3.146700e-02 2.609245e+00
-1.021850e-01 -4.475000e-03 2.777432e+00
-3.573440e-01 1.055460e-01 2.725192e+00
8.809900e-02 1.825790e-01 2.482824e+00
-3.854340e-01 -1.643610e-01 2.692187e+00
8.458000e-02 -6.523000e-03 2.285450e+00
-3.620630e-01 -2.227250e-01 2.665559e+00
6.510900e-02 -5.499500e-02 2.241485e+00
-2.903640e-01 -5.833130e-01 2.679610e+00
-4.754200e-02 -5.955810e-01 2.714571e+00
-3.042490e-01 -1.001259e+00 2.765965e+00
-6.213900e-02 -1.019933e+00 2.759748e+00
-3.760760e-01 -1.029781e+00 2.616374e+00
-1.259780e-01 -1.034254e+00 2.604604e+00
-1.482250e-01 6.727540e-01 2.568290e+00
-2.995240e-01 3.701540e-01 2.730094e+00
4.617900e-02 3.803200e-01 2.637629e+00
-1.521330e-01 4.228790e-01 2.593909e+00
-9.817100e-02 2.177770e-01 2.773109e+00
-2.767180e-01 3.684000e-03 2.698196e+00
-6.474000e-03 -2.603500e-02 2.626179e+00
-1.080650e-01 3.990000e-03 2.781754e+00
-3.557020e-01 1.205950e-01 2.719225e+00
8.745100e-02 1.401250e-01 2.559164e+00
-3.739920e-01 -1.518880e-01 2.675988e+00
9.805900e-02 -1.044180e-01 2.430569e+00
-3.696940e-01 -2.171690e-01 2.695518e+00
6.964300e-02 -1.648280e-01 2.416256e+00
-2.814540e-01 -5.755730e-01 2.700596e+00
-4.463900e-02 -5.893060e-01 2.709276e+00
-3.028930e-01 -9.852370e-01 2.819108e+00
-6.007600e-02 -1.013018e+00 2.759867e+00
-3.545230e-01 -1.027274e+00 2.664456e+00
-1.009690e-01 -1.030913e+00 2.597517e+00
-1.462260e-01 6.762570e-01 2.566883e+00
-3.010400e-01 3.714950e-01 2.716307e+00
5.108400e-02 3.692020e-01 2.651749e+00
-1.414800e-01 4.185610e-01 2.592307e+00
-1.092660e-01 2.122770e-01 2.775339e+00
-2.740980e-01 -3.060000e-04 2.687309e+00
1.359000e-03 -2.632200e-02 2.636829e+00
-1.124440e-01 4.178000e-03 2.783610e+00
-3.589140e-01 1.196850e-01 2.714051e+00
9.111100e-02 1.159610e-01 2.619666e+00
-3.665600e-01 -1.553980e-01 2.667891e+00
9.571700e-02 -1.617870e-01 2.593312e+00
-3.513590e-01 -2.198560e-01 2.651288e+00
6.600900e-02 -2.232530e-01 2.592299e+00
-2.846930e-01 -5.762820e-01 2.716833e+00
-4.206500e-02 -5.918090e-01 2.704325e+00
-3.076930e-01 -9.915380e-01 2.813594e+00
-6.622700e-02 -1.014045e+00 2.763162e+00
-3.481930e-01 -1.026496e+00 2.653944e+00
-9.108400e-02 -1.035633e+00 2.598037e+00
-1.237210e-01 6.773740e-01 2.580171e+00
-3.068640e-01 3.802150e-01 2.710531e+00
4.885000e-02 3.767520e-01 2.670287e+00
-1.388920e-01 4.285530e-01 2.598732e+00
-1.204870e-01 2.185920e-01 2.779477e+00
-2.814800e-01 9.050000e-04 2.672787e+00
-2.248000e-03 -1.676900e-02 2.644177e+00
-1.280450e-01 1.161300e-02 2.781273e+00
-3.614560e-01 1.256340e-01 2.698943e+00
9.448800e-02 1.212540e-01 2.694042e+00
-3.764850e-01 -1.519030e-01 2.654625e+00
7.123300e-02 -1.590990e-01 2.702888e+00
-3.607640e-01 -2.182240e-01 2.650628e+00
3.302800e-02 -1.917410e-01 2.656666e+00
-2.879490e-01 -5.721330e-01 2.718014e+00
-3.891000e-02 -5.842020e-01 2.704121e+00
-3.059750e-01 -9.890620e-01 2.808427e+00
-6.780300e-02 -1.006451e+00 2.760694e+00
-3.335830e-01 -1.023121e+00 2.645861e+00
-7.720300e-02 -1.028143e+00 2.593987e+00
-1.182610e-01 6.817360e-01 2.579546e+00
