-3.887210e-01 3.603600e-01 2.741488e+00
-1.625465e-01 3.440940e-01 2.709528e+00
6.362800e-02 3.278280e-01 2.677567e+00
-5.273950e-02 3.785355e-01 2.648665e+00
-1.691070e-01 4.292430e-01 2.619764e+00
-1.662600e-01 3.103510e-01 2.700423e+00
-1.634130e-01 1.914590e-01 2.781081e+00
-2.674765e-01 9.450650e-02 2.728654e+00
-3.715400e-01 -2.446000e-03 2.676227e+00
-1.682650e-01 -1.427200e-02 2.643682e+00
3.501000e-02 -2.609800e-02 2.611136e+00
-5.532650e-02 -2.625250e-02 2.700196e+00
-1.456630e-01 -2.640700e-02 2.789256e+00
-2.876815e-01 3.337500e-02 2.726236e+00
-4.297000e-01 9.315700e-02 2.663216e+00
-1.574115e-01 7.455700e-02 2.696195e+00
1.148770e-01 5.595700e-02 2.729174e+00
-1.418310e-01 -7.536750e-02 2.658405e+00
-3.985390e-01 -2.066920e-01 2.587636e+00
-1.664960e-01 -2.116490e-01 2.587928e+00
6.554700e-02 -2.166060e-01 2.588219e+00
-1.379335e-01 -2.402770e-01 2.568480e+00
-3.414140e-01 -2.639480e-01 2.548740e+00
-1.607375e-01 -2.766480e-01 2.581546e+00
1.993900e-02 -2.893480e-01 2.614353e+00
-1.167870e-01 -4.607295e-01 2.611445e+00
-2.535130e-01 -6.321110e-01 2.608537e+00
-1.341550e-01 -6.342840e-01 2.615038e+00
-1.479700e-02 -6.364570e-01 2.621540e+00
-1.412480e-01 -8.755050e-01 2.674320e+00
-2.676990e-01 -1.114553e+00 2.727100e+00
-1.390520e-01 -1.119662e+00 2.720525e+00
-1.040500e-02 -1.124770e+00 2.713951e+00
-1.447160e-01 -1.146334e+00 2.611315e+00
-2.790270e-01 -1.167898e+00 2.508680e+00
-1.538380e-01 -1.167274e+00 2.501095e+00
-2.864900e-02 -1.166651e+00 2.493510e+00
-8.334750e-02 -2.545705e-01 2.548303e+00
-1.380460e-01 6.575100e-01 2.603097e+00
-2.612560e-01 5.166280e-01 2.679906e+00
-3.844660e-01 3.757460e-01 2.756716e+00
-1.589420e-01 3.575200e-01 2.721394e+00
6.658200e-02 3.392940e-01 2.686071e+00
-4.922050e-02 3.933035e-01 2.661156e+00
-1.650230e-01 4.473130e-01 2.636240e+00
-1.633135e-01 3.243600e-01 2.710597e+00
-1.616040e-01 2.014070e-01 2.784953e+00
-2.673580e-01 1.017065e-01 2.733334e+00
-3.731120e-01 2.006000e-03 2.681715e+00
-1.706930e-01 -9.682000e-03 2.644171e+00
3.172600e-02 -2.137000e-02 2.606628e+00
-5.642900e-02 -2.214650e-02 2.697844e+00
-1.445840e-01 -2.292300e-02 2.789061e+00
-2.866780e-01 4.681750e-02 2.724435e+00
-4.287720e-01 1.165580e-01 2.659809e+00
-1.562320e-01 9.193400e-02 2.695767e+00
1.163080e-01 6.731000e-02 2.731726e+00
-1.454440e-01 -5.998800e-02 2.668435e+00
-4.071960e-01 -1.872860e-01 2.605144e+00
-1.722295e-01 -1.963970e-01 2.600473e+00
6.273700e-02 -2.055080e-01 2.595803e+00
-1.451125e-01 -2.175875e-01 2.571677e+00
-3.529620e-01 -2.296670e-01 2.547552e+00
-1.601590e-01 -2.561635e-01 2.588972e+00
3.264400e-02 -2.826600e-01 2.630392e+00
-1.127810e-01 -4.551315e-01 2.620616e+00
-2.582060e-01 -6.276030e-01 2.610840e+00
-1.368590e-01 -6.295120e-01 2.615804e+00
-1.551200e-02 -6.314210e-01 2.620767e+00
-1.416865e-01 -8.708195e-01 2.674961e+00
-2.678610e-01 -1.110218e+00 2.729155e+00
-1.398275e-01 -1.114961e+00 2.721263e+00
-1.179400e-02 -1.119703e+00 2.713371e+00
-1.488205e-01 -1.141507e+00 2.612246e+00
-2.858470e-01 -1.163310e+00 2.511121e+00
-1.604485e-01 -1.162454e+00 2.502263e+00
-3.505000e-02 -1.161597e+00 2.493405e+00
-7.845600e-02 -2.455580e-01 2.561459e+00
-1.218620e-01 6.704810e-01 2.629513e+00
-2.552770e-01 5.227525e-01 2.704886e+00
-3.886920e-01 3.750240e-01 2.780260e+00
-1.659365e-01 3.585295e-01 2.729771e+00
5.681900e-02 3.420350e-01 2.679282e+00
-6.014800e-02 3.972515e-01 2.664522e+00
-1.771150e-01 4.524680e-01 2.649762e+00
-1.710995e-01 3.259520e-01 2.717634e+00
-1.650840e-01 1.994360e-01 2.785507e+00
-2.701310e-01 1.122670e-01 2.740425e+00
-3.751780e-01 2.509800e-02 2.695344e+00
-1.741255e-01 1.040050e-02 2.651966e+00
2.692700e-02 -4.297000e-03 2.608589e+00
-5.878350e-02 -6.218500e-03 2.702090e+00
-1.444940e-01 -8.140000e-03 2.795591e+00
-2.853145e-01 5.765700e-02 2.729420e+00
-4.261350e-01 1.234540e-01 2.663250e+00
-1.578245e-01 9.802650e-02 2.698215e+00
1.104860e-01 7.259900e-02 2.733179e+00
-1.560315e-01 -5.529300e-02 2.678530e+00
-4.225490e-01 -1.831850e-01 2.623881e+00
-1.784770e-01 -1.920730e-01 2.610083e+00
6.559500e-02 -2.009610e-01 2.596285e+00
-1.560960e-01 -2.154735e-01 2.579017e+00
-3.777870e-01 -2.299860e-01 2.561750e+00
-1.724105e-01 -2.543210e-01 2.594455e+00
3.296600e-02 -2.786560e-01 2.627160e+00
-1.166635e-01 -4.411645e-01 2.611772e+00
-2.662930e-01 -6.036730e-01 2.596383e+00
-1.431100e-01 -6.076150e-01 2.605672e+00
-1.992700e-02 -6.115570e-01 2.614960e+00
-1.282555e-01 -8.469670e-01 2.670803e+00
-2.365840e-01 -1.082377e+00 2.726646e+00
-1.226415e-01 -1.090584e+00 2.719505e+00
-8.699000e-03 -1.098790e+00 2.712364e+00
-1.342945e-01 -1.120653e+00 2.611661e+00
-2.598900e-01 -1.142516e+00 2.510958e+00
-1.482485e-01 -1.142858e+00 2.502196e+00
-3.660700e-02 -1.143199e+00 2.493434e+00
-8.181900e-02 -2.350570e-01 2.559865e+00
-1.270310e-01 6.730850e-01 2.626295e+00
-2.582965e-01 5.263190e-01 2.703896e+00
-3.895620e-01 3.795530e-01 2.781497e+00
-1.669820e-01 3.580000e-01 2.732154e+00
5.559800e-02 3.364470e-01 2.682811e+00
-5.994050e-02 3.944955e-01 2.667670e+00
-1.754790e-01 4.525440e-01 2.652529e+00
-1.728495e-01 3.256100e-01 2.719835e+00
-1.702200e-01 1.986760e-01 2.787141e+00
-2.752445e-01 1.046400e-01 2.740141e+00
-3.802690e-01 1.060400e-02 2.693141e+00
-1.778485e-01 7.957500e-03 2.653916e+00
2.457200e-02 5.311000e-03 2.614690e+00
-6.285350e-02 -3.884000e-03 2.706149e+00
-1.502790e-01 -1.307900e-02 2.797607e+00
-2.922240e-01 5.747250e-02 2.732303e+00
-4.341690e-01 1.280240e-01 2.667000e+00
-1.639015e-01 9.688200e-02 2.699937e+00
1.063660e-01 6.574000e-02 2.732874e+00
-1.563625e-01 -5.619600e-02 2.679855e+00
-4.190910e-01 -1.781320e-01 2.626835e+00
-1.832305e-01 -1.893280e-01 2.606051e+00
5.263000e-02 -2.005240e-01 2.585268e+00
-1.622850e-01 -2.124605e-01 2.573806e+00
-3.772000e-01 -2.243970e-01 2.562344e+00
-1.749825e-01 -2.520475e-01 2.590695e+00
2.723500e-02 -2.796980e-01 2.619047e+00
-1.162770e-01 -4.458270e-01 2.610118e+00
-2.597890e-01 -6.119560e-01 2.601189e+00
-1.410240e-01 -6.112090e-01 2.607356e+00
-2.225900e-02 -6.104620e-01 2.613524e+00
-1.426270e-01 -8.512655e-01 2.671563e+00
-2.629950e-01 -1.092069e+00 2.729602e+00
-1.388465e-01 -1.093338e+00 2.727586e+00
-1.469800e-02 -1.094608e+00 2.725570e+00
-1.529545e-01 -1.122105e+00 2.619680e+00
-2.912110e-01 -1.149602e+00 2.513789e+00
-1.636100e-01 -1.147528e+00 2.510545e+00
-3.600900e-02 -1.145455e+00 2.507301e+00
-8.336850e-02 -2.346530e-01 2.572377e+00
-1.307280e-01 6.761490e-01 2.637453e+00
-2.606560e-01 5.267715e-01 2.708430e+00
-3.905840e-01 3.773940e-01 2.779406e+00
-1.673665e-01 3.586120e-01 2.731844e+00
5.585100e-02 3.398300e-01 2.684281e+00
-6.032900e-02 3.962755e-01 2.668029e+00
-1.765090e-01 4.527210e-01 2.651776e+00
-1.727090e-01 3.260990e-01 2.719612e+00
-1.689090e-01 1.994770e-01 2.787447e+00
-2.753655e-01 1.027000e-01 2.734669e+00
-3.818220e-01 5.923000e-03 2.681890e+00
-1.789035e-01 2.025000e-04 2.645683e+00
2.401500e-02 -5.518000e-03 2.609476e+00
-6.476700e-02 -1.088450e-02 2.699927e+00
-1.535490e-01 -1.625100e-02 2.790377e+00
-2.979155e-01 5.066550e-02 2.739499e+00
-4.422820e-01 1.175820e-01 2.688622e+00
-1.689585e-01 9.313350e-02 2.711670e+00
1.043650e-01 6.868500e-02 2.734717e+00
-1.602260e-01 -5.679700e-02 2.674883e+00
-4.248170e-01 -1.822790e-01 2.615050e+00
-1.827110e-01 -1.899260e-01 2.599521e+00
5.939500e-02 -1.975730e-01 2.583992e+00
-1.554545e-01 -2.112710e-01 2.570971e+00
-3.703040e-01 -2.249690e-01 2.557951e+00
-1.746205e-01 -2.493500e-01 2.584980e+00
2.106300e-02 -2.737310e-01 2.612010e+00
-1.209505e-01 -4.468855e-01 2.610131e+00
-2.629640e-01 -6.200400e-01 2.608253e+00
-1.436670e-01 -6.199185e-01 2.610742e+00
-2.437000e-02 -6.197970e-01 2.613231e+00
-1.475595e-01 -8.609400e-01 2.671121e+00
-2.707490e-01 -1.102083e+00 2.729012e+00
-1.448750e-01 -1.104376e+00 2.720960e+00
-1.900100e-02 -1.106669e+00 2.712909e+00
-1.569715e-01 -1.131387e+00 2.612358e+00
-2.949420e-01 -1.156105e+00 2.511807e+00
-1.672415e-01 -1.153979e+00 2.502566e+00
-3.954100e-02 -1.151852e+00 2.493324e+00
-8.840750e-02 -2.375320e-01 2.563763e+00
-1.372740e-01 6.767880e-01 2.634202e+00
-2.664210e-01 5.244420e-01 2.707337e+00
-3.955680e-01 3.720960e-01 2.780471e+00
5.133800e-02 3.274730e-01 2.690761e+00
-1.776900e-01 4.472710e-01 2.659353e+00
-1.783760e-01 1.886040e-01 2.784602e+00
-3.822580e-01 2.133000e-03 2.677103e+00
2.533700e-02 1.081400e-02 2.614894e+00
-1.559470e-01 -1.441600e-02 2.790590e+00
-4.433870e-01 1.138300e-01 2.680071e+00
9.705600e-02 5.749700e-02 2.754724e+00
-4.227280e-01 -1.914010e-01 2.626822e+00
7.634300e-02 -1.732050e-01 2.547901e+00
-3.737650e-01 -2.488750e-01 2.578306e+00
6.486800e-02 -2.556390e-01 2.514327e+00
-2.674660e-01 -6.170180e-01 2.598698e+00
-3.043300e-02 -6.110690e-01 2.605185e+00
-2.623630e-01 -1.098484e+00 2.721875e+00
-2.182300e-02 -1.093647e+00 2.723729e+00
-2.946330e-01 -1.154027e+00 2.506109e+00
-3.692200e-02 -1.147485e+00 2.505659e+00
-1.309070e-01 6.685780e-01 2.642910e+00
-3.985880e-01 3.734030e-01 2.765240e+00
5.137300e-02 3.220760e-01 2.696940e+00
-1.756750e-01 4.398490e-01 2.648251e+00
-1.825450e-01 1.902550e-01 2.790561e+00
-3.851280e-01 -5.480000e-04 2.670520e+00
2.423100e-02 -7.654000e-03 2.620988e+00
-1.632690e-01 -2.617800e-02 2.790900e+00
-4.445560e-01 1.116710e-01 2.675330e+00
7.991300e-02 5.091200e-02 2.762940e+00
-4.256210e-01 -1.900720e-01 2.607708e+00
1.002950e-01 -1.402190e-01 2.519972e+00
-3.946610e-01 -2.673490e-01 2.574181e+00
7.737500e-02 -2.163820e-01 2.478399e+00
-2.697060e-01 -6.235120e-01 2.586155e+00
-3.167400e-02 -6.235210e-01 2.597790e+00
-2.819190e-01 -1.099968e+00 2.727041e+00
-1.014000e-02 -1.106851e+00 2.711531e+00
-3.007780e-01 -1.163135e+00 2.511784e+00
-1.874400e-02 -1.158746e+00 2.492638e+00
-1.267500e-01 6.613600e-01 2.639923e+00
-3.996310e-01 3.688930e-01 2.762129e+00
5.233200e-02 3.154950e-01 2.710731e+00
-1.711710e-01 4.383450e-01 2.658329e+00
-1.867680e-01 1.820580e-01 2.787444e+00
-3.828360e-01 1.524000e-03 2.662085e+00
2.802300e-02 -1.122000e-02 2.628742e+00
-1.663480e-01 -2.884300e-02 2.790851e+00
-4.371740e-01 1.074240e-01 2.670669e+00
6.685800e-02 4.311400e-02 2.771872e+00
-4.288700e-01 -1.949860e-01 2.609215e+00
1.573820e-01 -5.852100e-02 2.494792e+00
-3.954050e-01 -2.625570e-01 2.560546e+00
1.232400e-01 -1.288820e-01 2.450768e+00
-2.756590e-01 -6.214970e-01 2.570628e+00
-2.744800e-02 -6.240180e-01 2.586792e+00
-2.588840e-01 -1.090853e+00 2.733208e+00
-1.665900e-02 -1.108409e+00 2.697509e+00
-2.776350e-01 -1.164880e+00 2.521431e+00
-1.349500e-02 -1.158499e+00 2.478050e+00
-1.357990e-01 6.617350e-01 2.651968e+00
-3.845380e-01 3.441650e-01 2.658860e+00
4.298400e-02 3.104400e-01 2.819644e+00
-1.353690e-01 4.195020e-01 2.664443e+00
-2.020780e-01 1.694190e-01 2.789365e+00
-3.494780e-01 9.817000e-03 2.580998e+00
3.538400e-02 -5.637400e-02 2.713582e+00
-2.074340e-01 -3.990000e-02 2.785257e+00
-4.367500e-01 7.265900e-02 2.681044e+00
8.419900e-02 5.034500e-02 2.732549e+00
-4.258980e-01 -2.152420e-01 2.577021e+00
1.833830e-01 2.298200e-02 2.444037e+00
-3.699710e-01 -2.824080e-01 2.556642e+00
2.177450e-01 1.616000e-02 2.361411e+00
-2.830230e-01 -6.289390e-01 2.551769e+00
-3.618600e-02 -6.442090e-01 2.555627e+00
-2.726740e-01 -1.093015e+00 2.729350e+00
-1.599000e-02 -1.119492e+00 2.699527e+00
-2.234330e-01 -1.170564e+00 2.523819e+00
5.758400e-02 -1.178276e+00 2.495045e+00
-1.533160e-01 6.487950e-01 2.647529e+00
-3.861030e-01 3.175760e-01 2.652179e+00
4.881800e-02 2.819330e-01 2.791236e+00
-1.350970e-01 3.854550e-01 2.638757e+00
-2.012490e-01 1.467300e-01 2.784465e+00
-3.570160e-01 -1.280000e-02 2.590236e+00
3.359900e-02 -7.438800e-02 2.707308e+00
-2.069140e-01 -6.628500e-02 2.787666e+00
-4.320920e-01 4.664500e-02 2.672314e+00
7.617900e-02 1.275900e-02 2.739078e+00
-4.217130e-01 -2.336060e-01 2.554225e+00
2.043440e-01 1.183880e-01 2.484108e+00
-3.621190e-01 -3.004500e-01 2.560131e+00
1.922700e-01 1.615300e-01 2.406343e+00
-2.896470e-01 -6.467060e-01 2.530195e+00
-3.835400e-02 -6.588530e-01 2.530247e+00
-2.663410e-01 -1.100002e+00 2.732652e+00
-1.546300e-02 -1.125072e+00 2.700906e+00
-2.429320e-01 -1.190307e+00 2.527766e+00
4.605200e-02 -1.196843e+00 2.496587e+00
-1.304340e-01 6.236960e-01 2.638921e+00
-3.676250e-01 3.125230e-01 2.640530e+00
4.853700e-02 2.624840e-01 2.825108e+00
-1.173590e-01 3.807480e-01 2.662984e+00
-1.978660e-01 1.292060e-01 2.776308e+00
-3.535390e-01 -2.039000e-02 2.565541e+00
2.243700e-02 -7.797100e-02 2.724933e+00
-2.253300e-01 -6.956800e-02 2.778881e+00
-4.422220e-01 4.873400e-02 2.666561e+00
7.388700e-02 2.794200e-02 2.683070e+00
-4.365790e-01 -2.333400e-01 2.553077e+00
2.147770e-01 2.221040e-01 2.496183e+00
-3.768150e-01 -2.996610e-01 2.562255e+00
1.787280e-01 2.925090e-01 2.453779e+00
-2.922110e-01 -6.522560e-01 2.513960e+00
-3.948800e-02 -6.555860e-01 2.508004e+00
-1.179880e-01 -1.072638e+00 2.713795e+00
-3.323600e-02 -1.109254e+00 2.710872e+00
-1.422960e-01 -1.176863e+00 2.515736e+00
3.393300e-02 -1.196196e+00 2.514376e+00
-1.256980e-01 6.140990e-01 2.638726e+00
-3.413440e-01 3.033470e-01 2.635546e+00
6.905800e-02 2.489910e-01 2.831454e+00
-8.824400e-02 3.606940e-01 2.656610e+00
-1.831560e-01 1.244160e-01 2.789881e+00
-3.365440e-01 -3.402100e-02 2.538068e+00
1.910300e-02 -9.983100e-02 2.736218e+00
-2.327220e-01 -8.575000e-02 2.763711e+00
-4.405970e-01 4.374600e-02 2.662811e+00
1.436110e-01 1.025990e-01 2.605625e+00
-4.354000e-01 -2.434700e-01 2.550607e+00
1.711530e-01 3.972730e-01 2.518915e+00
-3.788840e-01 -3.090020e-01 2.526819e+00
1.238120e-01 4.635860e-01 2.556541e+00
-2.965960e-01 -6.668830e-01 2.498149e+00
-3.842000e-02 -6.696680e-01 2.491096e+00
-2.692630e-01 -1.108858e+00 2.723805e+00
-3.383800e-02 -1.115841e+00 2.709996e+00
-2.391900e-01 -1.208832e+00 2.524350e+00
3.505500e-02 -1.209672e+00 2.517303e+00
-1.415970e-01 5.969130e-01 2.647368e+00
-3.298180e-01 3.003740e-01 2.639827e+00
7.932900e-02 2.410530e-01 2.836915e+00
-7.855400e-02 3.621000e-01 2.668949e+00
-1.690720e-01 1.139360e-01 2.782165e+00
-3.344550e-01 -3.288300e-02 2.548747e+00
3.070400e-02 -1.099690e-01 2.724233e+00
-2.185870e-01 -9.021100e-02 2.767053e+00
-4.344210e-01 3.788100e-02 2.662288e+00
1.634090e-01 1.753700e-01 2.574303e+00
-4.295060e-01 -2.558820e-01 2.554264e+00
1.104560e-01 4.838840e-01 2.572010e+00
-3.770060e-01 -3.233840e-01 2.527032e+00
9.448700e-02 5.721720e-01 2.574157e+00
-2.935770e-01 -6.661230e-01 2.486374e+00
-3.789400e-02 -6.729130e-01 2.476142e+00
-2.681580e-01 -1.105303e+00 2.717640e+00
-3.450700e-02 -1.113066e+00 2.706929e+00
-2.488110e-01 -1.208931e+00 2.518722e+00
2.486900e-02 -1.213547e+00 2.514422e+00
-1.429240e-01 5.889780e-01 2.633923e+00
-3.291570e-01 2.968960e-01 2.645868e+00
9.198900e-02 2.179990e-01 2.807656e+00
-7.496600e-02 3.516860e-01 2.659179e+00
-1.628820e-01 9.934800e-02 2.764977e+00
-3.368690e-01 -4.004600e-02 2.564822e+00
4.737600e-02 -1.289220e-01 2.685385e+00
-1.924830e-01 -1.027090e-01 2.763809e+00
-4.166060e-01 2.631800e-02 2.664212e+00
1.579870e-01 2.136430e-01 2.530488e+00
-4.250750e-01 -2.683840e-01 2.554198e+00
8.225100e-02 5.147190e-01 2.581881e+00
-3.687880e-01 -3.323240e-01 2.525953e+00
6.585300e-02 5.997930e-01 2.605288e+00
-2.886500e-01 -6.763420e-01 2.484516e+00
-3.295600e-02 -6.936760e-01 2.473215e+00
-2.673380e-01 -1.113629e+00 2.719751e+00
-3.451700e-02 -1.128496e+00 2.713918e+00
-2.534000e-01 -1.219549e+00 2.521590e+00
1.918000e-02 -1.234528e+00 2.522724e+00
-1.502750e-01 5.860950e-01 2.646324e+00
-3.257620e-01 3.109550e-01 2.660254e+00
1.093810e-01 2.026490e-01 2.753445e+00
-6.968400e-02 3.526970e-01 2.638495e+00
-1.552100e-01 9.900500e-02 2.743007e+00
-3.424150e-01 -5.213400e-02 2.575924e+00
5.643900e-02 -1.230800e-01 2.653133e+00
-1.732040e-01 -1.006470e-01 2.758636e+00
-4.112320e-01 3.763900e-02 2.673517e+00
1.470150e-01 2.808940e-01 2.480234e+00
-4.144170e-01 -2.605950e-01 2.567341e+00
6.715200e-02 5.763020e-01 2.561364e+00
-3.805660e-01 -3.295410e-01 2.520920e+00
2.695000e-02 5.945890e-01 2.639491e+00
-2.870510e-01 -6.863210e-01 2.501001e+00
-2.639400e-02 -7.012450e-01 2.483305e+00
-2.657670e-01 -1.127095e+00 2.729636e+00
-2.560200e-02 -1.137677e+00 2.721077e+00
-2.647860e-01 -1.230716e+00 2.529779e+00
2.122800e-02 -1.242959e+00 2.527676e+00
-1.581920e-01 5.966490e-01 2.649750e+00
-3.326360e-01 3.280780e-01 2.664008e+00
1.117290e-01 2.318130e-01 2.717156e+00
-8.109200e-02 3.723310e-01 2.613421e+00
-1.500920e-01 1.237560e-01 2.740095e+00
-3.437580e-01 -4.594400e-02 2.582509e+00
6.090900e-02 -9.727700e-02 2.643244e+00
-1.645450e-01 -8.153300e-02 2.758537e+00
-4.084820e-01 5.214800e-02 2.682437e+00
1.169340e-01 3.354420e-01 2.449830e+00
-4.062330e-01 -2.485000e-01 2.582993e+00
4.272800e-02 6.289710e-01 2.542662e+00
-3.715230e-01 -3.245760e-01 2.550403e+00
2.161800e-02 7.118740e-01 2.569788e+00
-2.836900e-01 -6.774390e-01 2.522162e+00
-2.369400e-02 -6.893720e-01 2.507236e+00
-2.597560e-01 -1.113900e+00 2.758674e+00
-1.514300e-02 -1.133979e+00 2.729183e+00
-2.682740e-01 -1.221441e+00 2.561080e+00
2.565800e-02 -1.232235e+00 2.530783e+00
-1.700680e-01 6.243650e-01 2.643171e+00
-3.832760e-01 3.216920e-01 2.757964e+00
3.559600e-02 3.143840e-01 2.592908e+00
-2.046640e-01 3.949900e-01 2.583272e+00
-1.416290e-01 1.718840e-01 2.753117e+00
-3.491850e-01 -3.890600e-02 2.688070e+00
3.694200e-02 -5.191500e-02 2.543795e+00
-1.051170e-01 -6.074800e-02 2.753821e+00
-4.140910e-01 4.677000e-02 2.679413e+00
1.589340e-01 4.309320e-01 2.360730e+00
-3.986850e-01 -2.576760e-01 2.590332e+00
8.974000e-03 6.675320e-01 2.510371e+00
-3.366370e-01 -3.146000e-01 2.559281e+00
-3.646400e-02 7.351800e-01 2.547967e+00
-2.716310e-01 -6.572310e-01 2.544880e+00
-7.596000e-03 -6.657220e-01 2.565646e+00
-2.710050e-01 -1.114311e+00 2.740038e+00
-1.754300e-02 -1.142503e+00 2.705609e+00
-3.277200e-01 -1.199926e+00 2.539701e+00
-6.323200e-02 -1.203717e+00 2.493839e+00
-1.100480e-01 6.501820e-01 2.656689e+00
-3.909340e-01 3.337740e-01 2.757298e+00
1.853300e-02 3.338260e-01 2.578915e+00
-2.198690e-01 4.104790e-01 2.576619e+00
-1.471870e-01 1.879900e-01 2.743392e+00
-3.434870e-01 -2.904100e-02 2.713923e+00
2.825000e-02 -2.730800e-02 2.535350e+00
-9.368200e-02 -3.645300e-02 2.757653e+00
-4.136760e-01 4.784300e-02 2.724823e+00
8.314300e-02 5.029900e-01 2.354109e+00
-3.740250e-01 -2.471290e-01 2.610615e+00
2.592000e-03 8.106510e-01 2.376028e+00
-3.854520e-01 -3.270270e-01 2.571370e+00
-2.036600e-02 8.972240e-01 2.381721e+00
-2.542680e-01 -6.505260e-01 2.612261e+00
-6.223000e-03 -6.442060e-01 2.633560e+00
-2.713270e-01 -1.130732e+00 2.739227e+00
-1.154400e-02 -1.137141e+00 2.696769e+00
-3.573900e-01 -1.181043e+00 2.537378e+00
-1.029250e-01 -1.162338e+00 2.492573e+00
-1.510300e-01 6.761170e-01 2.668398e+00
-3.367310e-01 4.133470e-01 2.799821e+00
1.191300e-02 3.989000e-01 2.527274e+00
-2.191040e-01 4.722980e-01 2.575142e+00
-9.901500e-02 2.694260e-01 2.739515e+00
-3.298770e-01 1.492800e-02 2.757456e+00
-3.233000e-03 2.491500e-02 2.505896e+00
-7.633800e-02 1.836100e-02 2.748759e+00
-3.943670e-01 1.393110e-01 2.727164e+00
4.407800e-02 5.966360e-01 2.318558e+00
-3.844230e-01 -1.723560e-01 2.657609e+00
-1.563000e-02 9.032750e-01 2.251623e+00
-3.594920e-01 -2.560440e-01 2.678324e+00
-3.272200e-02 9.894260e-01 2.233178e+00
-2.500770e-01 -6.043090e-01 2.641572e+00
-9.150000e-03 -5.846570e-01 2.683730e+00
-2.757200e-01 -1.093475e+00 2.725643e+00
-1.883600e-02 -1.081493e+00 2.692022e+00
-4.053820e-01 -1.118024e+00 2.543253e+00
-1.535150e-01 -1.081878e+00 2.511625e+00
-1.723640e-01 7.194620e-01 2.653653e+00
-3.343900e-01 3.967910e-01 2.835619e+00
-4.955000e-03 4.233850e-01 2.538036e+00
-2.363530e-01 4.804550e-01 2.609388e+00
-9.552200e-02 2.708180e-01 2.746558e+00
-3.205490e-01 3.125300e-02 2.771946e+00
-1.058600e-02 3.014000e-02 2.499915e+00
-6.808400e-02 3.417800e-02 2.746992e+00
-3.879510e-01 1.304610e-01 2.734479e+00
1.541200e-02 6.283600e-01 2.334075e+00
-3.763560e-01 -1.850340e-01 2.681497e+00
-1.304900e-02 8.510140e-01 2.105834e+00
-3.414030e-01 -2.318340e-01 2.613361e+00
-2.121000e-02 9.134080e-01 2.041844e+00
-2.430020e-01 -5.921510e-01 2.667224e+00
-1.239800e-02 -5.717300e-01 2.708342e+00
-2.747100e-01 -1.083873e+00 2.732130e+00
-6.068000e-03 -1.068682e+00 2.711100e+00
-4.182910e-01 -1.097431e+00 2.559266e+00
-1.554880e-01 -1.071519e+00 2.542734e+00
-1.810530e-01 7.285550e-01 2.638707e+00
-3.360690e-01 3.803550e-01 2.811380e+00
1.659000e-03 3.771270e-01 2.522352e+00
-2.318420e-01 4.397690e-01 2.580299e+00
-9.410000e-02 2.473560e-01 2.743398e+00
-3.199240e-01 2.286300e-02 2.778709e+00
-7.961000e-03 5.373000e-03 2.509540e+00
-6.726900e-02 2.322800e-02 2.755575e+00
-3.905340e-01 1.046380e-01 2.744431e+00
1.150600e-02 5.622900e-01 2.300799e+00
-3.693060e-01 -2.097760e-01 2.694560e+00
-1.576300e-02 6.852470e-01 2.007657e+00
-3.745020e-01 -2.990700e-01 2.701910e+00
-2.784100e-02 6.817660e-01 1.918795e+00
-2.494670e-01 -6.047810e-01 2.684927e+00
-3.169000e-03 -5.913270e-01 2.716233e+00
-2.725040e-01 -1.097253e+00 2.747770e+00
-4.184000e-03 -1.088094e+00 2.731393e+00
-4.146230e-01 -1.112796e+00 2.573869e+00
-1.523050e-01 -1.092963e+00 2.561930e+00
-1.285460e-01 6.496000e-01 2.433186e+00
-3.263200e-01 3.973090e-01 2.810822e+00
7.830000e-04 3.736150e-01 2.508591e+00
-2.325910e-01 4.372380e-01 2.571213e+00
-8.445200e-02 2.629440e-01 2.745207e+00
-3.118060e-01 3.268000e-02 2.779123e+00
-4.571000e-03 1.420000e-03 2.505794e+00
-5.964500e-02 2.429200e-02 2.752398e+00
-3.869060e-01 1.213690e-01 2.747504e+00
3.781700e-02 5.187660e-01 2.260836e+00
-3.713690e-01 -1.958530e-01 2.710678e+00
-2.742500e-02 6.062970e-01 1.960322e+00
-3.433050e-01 -2.750140e-01 2.679050e+00
-4.606400e-02 6.307590e-01 1.876009e+00
-2.516220e-01 -5.983560e-01 2.678640e+00
-2.472000e-03 -5.925590e-01 2.708443e+00
-2.625870e-01 -1.088132e+00 2.762355e+00
-8.786000e-03 -1.089206e+00 2.726073e+00
-4.008910e-01 -1.115047e+00 2.586774e+00
-1.604700e-01 -1.093181e+00 2.559767e+00
-1.510160e-01 6.587250e-01 2.449552e+00
-3.026910e-01 4.229840e-01 2.818187e+00
1.345400e-02 3.745740e-01 2.505338e+00
-2.134520e-01 4.558010e-01 2.575800e+00
-7.376000e-02 2.707320e-01 2.745602e+00
-3.018750e-01 3.034500e-02 2.795525e+00
-1.505000e-02 5.788000e-03 2.500216e+00
-5.225700e-02 2.490400e-02 2.750455e+00
-3.903890e-01 1.538390e-01 2.749368e+00
5.614000e-02 4.841740e-01 2.238820e+00
-3.783990e-01 -1.668100e-01 2.726136e+00
-3.453000e-02 5.396140e-01 1.935168e+00
-3.760680e-01 -2.549410e-01 2.709346e+00
-5.994100e-02 5.554600e-01 1.850565e+00
-2.548870e-01 -5.977410e-01 2.681689e+00
-3.851000e-03 -5.904740e-01 2.706925e+00
-2.687880e-01 -1.091939e+00 2.732522e+00
-9.160000e-03 -1.086959e+00 2.728902e+00
-4.242680e-01 -1.104264e+00 2.570180e+00
-1.716090e-01 -1.092117e+00 2.573130e+00
-1.804650e-01 6.766740e-01 2.466649e+00
-3.139050e-01 4.255790e-01 2.803052e+00
4.006300e-02 3.292490e-01 2.541304e+00
-1.788610e-01 4.513170e-01 2.581935e+00
-1.085620e-01 2.343770e-01 2.756841e+00
-3.243320e-01 1.766000e-02 2.758843e+00
1.030100e-02 -1.586800e-02 2.520148e+00
-7.086700e-02 6.477000e-03 2.759485e+00
-3.944310e-01 1.502330e-01 2.749300e+00
9.930200e-02 4.007920e-01 2.264606e+00
-3.857050e-01 -1.710990e-01 2.725577e+00
-2.039500e-02 4.406880e-01 1.968002e+00
-3.653160e-01 -2.338090e-01 2.664699e+00
-5.157900e-02 4.526700e-01 1.884706e+00
-2.566710e-01 -6.151500e-01 2.686037e+00
-1.221800e-02 -6.127110e-01 2.706513e+00
-2.793700e-01 -1.108697e+00 2.739933e+00
-9.196000e-03 -1.108988e+00 2.733132e+00
-4.046730e-01 -1.123296e+00 2.553474e+00
-1.425550e-01 -1.119512e+00 2.552064e+00
-2.151540e-01 7.076190e-01 2.593064e+00
-3.159400e-01 4.105200e-01 2.725954e+00
1.174640e-01 3.435260e-01 2.593904e+00
-1.179950e-01 4.498140e-01 2.561437e+00
-9.327800e-02 2.354820e-01 2.751301e+00
-3.467710e-01 2.305400e-02 2.696981e+00
4.756500e-02 -9.944000e-03 2.580840e+00
-1.075160e-01 1.102700e-02 2.780539e+00
-3.936070e-01 1.302270e-01 2.753924e+00
1.142480e-01 3.280340e-01 2.302136e+00
-3.958800e-01 -1.898920e-01 2.713394e+00
-7.345000e-03 3.538280e-01 2.004354e+00
-3.957380e-01 -2.795920e-01 2.716288e+00
-4.142300e-02 3.611280e-01 1.921651e+00
-2.520230e-01 -6.104160e-01 2.688016e+00
-1.147600e-02 -6.140310e-01 2.699265e+00
-2.690490e-01 -1.103846e+00 2.744985e+00
-8.695000e-03 -1.110122e+00 2.729174e+00
-3.255980e-01 -1.126912e+00 2.528302e+00
-7.405200e-02 -1.123451e+00 2.514158e+00
-2.083000e-01 7.133760e-01 2.615266e+00
-3.070280e-01 3.991580e-01 2.687091e+00
1.465640e-01 3.571680e-01 2.639596e+00
-8.498900e-02 4.448000e-01 2.558999e+00
-8.248400e-02 2.417840e-01 2.762408e+00
-3.431740e-01 2.376600e-02 2.666103e+00
6.329900e-02 -4.445000e-03 2.602360e+00
-1.166350e-01 1.589200e-02 2.780067e+00
-3.974290e-01 1.313770e-01 2.760687e+00
1.048090e-01 2.118640e-01 2.389719e+00
-3.985500e-01 -1.853150e-01 2.699631e+00
2.266500e-02 2.428540e-01 2.079373e+00
-3.836560e-01 -2.737930e-01 2.697598e+00
-8.760000e-04 2.526400e-01 1.993324e+00
-2.576580e-01 -6.069730e-01 2.687283e+00
-1.417500e-02 -6.133070e-01 2.693904e+00
-2.748590e-01 -1.100393e+00 2.744292e+00
-1.089300e-02 -1.108608e+00 2.734824e+00
-3.115050e-01 -1.124625e+00 2.523495e+00
-4.650300e-02 -1.127145e+00 2.513308e+00
-1.889500e-01 7.170630e-01 2.615325e+00
-3.533850e-01 3.881070e-01 2.797160e+00
5.940600e-02 3.808690e-01 2.598881e+00
-1.863950e-01 4.655670e-01 2.613024e+00
-1.154430e-01 2.349460e-01 2.769155e+00
-3.380950e-01 2.537400e-02 2.727323e+00
3.206000e-02 5.919000e-03 2.546530e+00
-8.817300e-02 1.498800e-02 2.769760e+00
-3.944670e-01 1.079370e-01 2.744715e+00
1.490280e-01 1.522740e-01 2.448397e+00
-3.992890e-01 -2.023650e-01 2.675206e+00
4.164000e-02 3.239000e-03 2.188784e+00
-3.839390e-01 -2.851620e-01 2.644166e+00
1.106200e-02 -3.897000e-02 2.115724e+00
-2.601230e-01 -6.040110e-01 2.681985e+00
-1.852300e-02 -6.012790e-01 2.692247e+00
-2.640020e-01 -1.098392e+00 2.732790e+00
-8.297000e-03 -1.096341e+00 2.734883e+00
-3.637220e-01 -1.118250e+00 2.531935e+00
-1.080250e-01 -1.115703e+00 2.533983e+00
-1.818940e-01 7.030500e-01 2.616427e+00
-3.658860e-01 3.890330e-01 2.801260e+00
4.463100e-02 3.796160e-01 2.598402e+00
-2.019700e-01 4.619510e-01 2.612562e+00
-1.264960e-01 2.377100e-01 2.775708e+00
-3.443970e-01 2.604100e-02 2.721549e+00
2.997800e-02 6.681000e-03 2.549656e+00
-9.559400e-02 1.494300e-02 2.769958e+00
-4.021070e-01 1.114140e-01 2.741049e+00
1.442990e-01 1.129070e-01 2.567707e+00
-4.036930e-01 -1.954840e-01 2.664716e+00
8.481600e-02 -3.731700e-02 2.295842e+00
-3.378010e-01 -2.553050e-01 2.653134e+00
6.658300e-02 -1.251740e-01 2.294122e+00
-2.594770e-01 -6.036680e-01 2.681875e+00
-1.703800e-02 -5.990590e-01 2.696380e+00
-2.746300e-01 -1.097118e+00 2.739205e+00
-1.341600e-02 -1.094804e+00 2.731483e+00
-3.686520e-01 -1.117873e+00 2.535710e+00
-1.081740e-01 -1.109916e+00 2.527831e+00
-1.774440e-01 7.133030e-01 2.618454e+00
-3.603000e-01 3.939570e-01 2.804153e+00
5.559200e-02 3.807420e-01 2.612781e+00
-1.875800e-01 4.728520e-01 2.626009e+00
-1.269260e-01 2.342560e-01 2.774299e+00
-3.453020e-01 2.679900e-02 2.713857e+00
3.715200e-02 1.462100e-02 2.560040e+00
-9.894700e-02 1.973100e-02 2.774098e+00
-4.052430e-01 1.189180e-01 2.738204e+00
1.159830e-01 1.010750e-01 2.625239e+00
-3.940100e-01 -1.853490e-01 2.652656e+00
9.179600e-02 -1.242630e-01 2.404647e+00
-3.737780e-01 -2.711940e-01 2.636049e+00
6.844600e-02 -2.082210e-01 2.426096e+00
-2.614840e-01 -6.003340e-01 2.686361e+00
-2.252700e-02 -5.956360e-01 2.696923e+00
-2.728200e-01 -1.094661e+00 2.736569e+00
-1.119700e-02 -1.090956e+00 2.736143e+00
-3.578900e-01 -1.113791e+00 2.529016e+00
-9.579600e-02 -1.109346e+00 2.528331e+00
-1.668050e-01 7.126980e-01 2.616039e+00
-3.655280e-01 3.882550e-01 2.789797e+00
6.200700e-02 3.678320e-01 2.626822e+00
-1.789570e-01 4.664600e-01 2.625885e+00
-1.349990e-01 2.227580e-01 2.771741e+00
-3.530740e-01 3.280700e-02 2.717865e+00
3.335600e-02 1.001000e-02 2.575630e+00
-1.090860e-01 1.645900e-02 2.785483e+00
-4.206380e-01 1.144180e-01 2.731982e+00
1.330750e-01 9.559200e-02 2.673737e+00
-3.894140e-01 -1.834630e-01 2.634397e+00
6.930600e-02 -1.936660e-01 2.566526e+00
-4.047620e-01 -2.703870e-01 2.618180e+00
5.189400e-02 -2.673150e-01 2.614765e+00
-2.616190e-01 -5.982430e-01 2.683316e+00
-1.792000e-02 -5.964110e-01 2.698594e+00
-2.826830e-01 -1.080482e+00 2.801680e+00
-6.342000e-03 -1.091679e+00 2.738394e+00
-3.555300e-01 -1.128252e+00 2.594092e+00
-8.533100e-02 -1.110400e+00 2.528414e+00
-1.302350e-01 6.932680e-01 2.600839e+00
-3.703660e-01 3.982790e-01 2.777415e+00
6.867300e-02 3.778030e-01 2.648617e+00
-1.705700e-01 4.790700e-01 2.631311e+00
-1.405810e-01 2.308320e-01 2.773000e+00
-3.619130e-01 3.097500e-02 2.710583e+00
3.388500e-02 7.724000e-03 2.597084e+00
-1.235540e-01 1.449000e-02 2.795923e+00
-4.219560e-01 1.284470e-01 2.706514e+00
1.261050e-01 1.036450e-01 2.693748e+00
-4.053460e-01 -1.762770e-01 2.635530e+00
6.979600e-02 -1.946610e-01 2.616196e+00
-3.561080e-01 -2.391640e-01 2.594599e+00
4.739700e-02 -2.702920e-01 2.659006e+00
-2.637000e-01 -6.003630e-01 2.684406e+00
-1.996800e-02 -5.999440e-01 2.700575e+00
-2.754850e-01 -1.092789e+00 2.750638e+00
-7.051000e-03 -1.095259e+00 2.739359e+00
-3.344650e-01 -1.120363e+00 2.535133e+00
-6.993700e-02 -1.113763e+00 2.523989e+00
-1.361680e-01 7.059720e-01 2.608186e+00
-3.775960e-01 4.026370e-01 2.762194e+00
6.713500e-02 3.774480e-01 2.655687e+00
-1.707960e-01 4.780510e-01 2.623132e+00
-1.481840e-01 2.351110e-01 2.775006e+00
-3.668830e-01 2.953400e-02 2.701968e+00
3.519000e-02 7.723000e-03 2.612858e+00
-1.341170e-01 1.399600e-02 2.801711e+00
-4.250280e-01 1.329330e-01 2.692185e+00
1.209230e-01 1.057620e-01 2.712116e+00
-4.110550e-01 -1.733260e-01 2.633521e+00
6.642700e-02 -1.892430e-01 2.625895e+00
-3.482150e-01 -2.296280e-01 2.602932e+00
4.158000e-02 -2.680490e-01 2.660918e+00
-2.617510e-01 -6.015310e-01 2.681240e+00
-1.964300e-02 -6.012360e-01 2.701196e+00
-2.684340e-01 -1.094672e+00 2.742684e+00
-8.620000e-03 -1.096599e+00 2.739954e+00
-3.125550e-01 -1.121379e+00 2.523546e+00
-5.720900e-02 -1.114820e+00 2.520891e+00
-1.316290e-01 7.099850e-01 2.603567e+00
-3.720050e-01 4.121060e-01 2.769884e+00
7.071200e-02 3.677350e-01 2.661269e+00
-1.616690e-01 4.817520e-01 2.633136e+00
-1.516440e-01 2.324820e-01 2.775829e+00
-3.736990e-01 3.959100e-02 2.703768e+00
2.855500e-02 2.031800e-02 2.614890e+00
-1.409860e-01 2.386900e-02 2.803604e+00
-4.301330e-01 1.470630e-01 2.686731e+00
1.145930e-01 9.381200e-02 2.721117e+00
-4.104680e-01 -1.607360e-01 2.631072e+00
5.826800e-02 -2.005910e-01 2.629580e+00
-3.647030e-01 -2.138090e-01 2.575007e+00
3.819600e-02 -2.784210e-01 2.669506e+00
-2.598100e-01 -5.908720e-01 2.675438e+00
-2.073700e-02 -5.882950e-01 2.704827e+00
-2.683240e-01 -1.082383e+00 2.748603e+00
-7.743000e-03 -1.083922e+00 2.739369e+00
-3.075190e-01 -1.114358e+00 2.529234e+00
-5.628900e-02 -1.100472e+00 2.520164e+00
-1.320440e-01 7.076220e-01 2.609827e+00
-3.764900e-01 4.091590e-01 2.761023e+00
6.975500e-02 3.705420e-01 2.665426e+00
-1.634540e-01 4.806010e-01 2.629478e+00
-1.536590e-01 2.330770e-01 2.775193e+00
-3.753620e-01 3.726300e-02 2.702072e+00
2.743200e-02 1.530600e-02 2.616316e+00
-1.435270e-01 2.021400e-02 2.803716e+00
-4.241100e-01 1.442490e-01 2.669150e+00
1.118160e-01 9.381800e-02 2.715832e+00
-4.009970e-01 -1.644290e-01 2.615966e+00
5.996500e-02 -2.025430e-01 2.625683e+00
-3.624720e-01 -2.419780e-01 2.592377e+00
4.066700e-02 -2.769270e-01 2.672039e+00
-2.567580e-01 -5.939810e-01 2.681643e+00
-1.843300e-02 -5.914950e-01 2.707119e+00
-2.703230e-01 -1.086124e+00 2.749614e+00
-8.154000e-03 -1.087330e+00 2.739534e+00
-3.050530e-01 -1.115616e+00 2.529148e+00
-5.484800e-02 -1.102660e+00 2.519839e+00
-1.325750e-01 7.116650e-01 2.606442e+00
-3.742930e-01 4.002370e-01 2.765937e+00
6.997800e-02 3.654110e-01 2.660228e+00
-1.639920e-01 4.762480e-01 2.632567e+00
-1.510840e-01 2.241090e-01 2.769884e+00
-3.795590e-01 3.609600e-02 2.704634e+00
2.260000e-02 1.899600e-02 2.614886e+00
-1.465240e-01 2.214400e-02 2.803981e+00
-4.273060e-01 1.386810e-01 2.667912e+00
1.081710e-01 8.948700e-02 2.717130e+00
-4.074910e-01 -1.699740e-01 2.613904e+00
5.315400e-02 -2.066780e-01 2.628602e+00
-3.499770e-01 -2.292640e-01 2.578814e+00
3.724200e-02 -2.809270e-01 2.676437e+00
-2.564660e-01 -5.937180e-01 2.677944e+00
-2.151600e-02 -5.895750e-01 2.705541e+00
-2.726840e-01 -1.085771e+00 2.745985e+00
-1.121900e-02 -1.085076e+00 2.742706e+00
-3.084070e-01 -1.115061e+00 2.525651e+00
-5.929700e-02 -1.102519e+00 2.523468e+00
-1.274040e-01 7.009850e-01 2.611953e+00
