-3.682250e-01 3.226090e-01 2.777347e+00
-1.859865e-01 3.266285e-01 2.768452e+00
-3.748000e-03 3.306480e-01 2.759557e+00
-9.814150e-02 3.507550e-01 2.706916e+00
-1.925350e-01 3.708620e-01 2.654274e+00
-1.852875e-01 2.823355e-01 2.762762e+00
-1.780400e-01 1.938090e-01 2.871250e+00
-2.851895e-01 7.964550e-02 2.819853e+00
-3.923390e-01 -3.451800e-02 2.768456e+00
-1.862400e-01 -3.313500e-02 2.749213e+00
1.985900e-02 -3.175200e-02 2.729970e+00
-7.654850e-02 -3.860650e-02 2.810285e+00
-1.729560e-01 -4.546100e-02 2.890599e+00
-3.058725e-01 -5.840000e-04 2.836562e+00
-4.387890e-01 4.429300e-02 2.782524e+00
-1.827380e-01 5.021000e-02 2.788112e+00
7.331300e-02 5.612700e-02 2.793701e+00
-1.716575e-01 -9.586150e-02 2.756305e+00
-4.166280e-01 -2.478500e-01 2.718909e+00
-1.830970e-01 -2.451455e-01 2.748905e+00
5.043400e-02 -2.424410e-01 2.778901e+00
-1.766355e-01 -2.794300e-01 2.749161e+00
-4.037050e-01 -3.164190e-01 2.719421e+00
-1.824410e-01 -3.137350e-01 2.746570e+00
3.882300e-02 -3.110510e-01 2.773718e+00
-1.261785e-01 -4.385000e-01 2.783608e+00
-2.911800e-01 -5.659490e-01 2.793498e+00
-1.728140e-01 -5.644860e-01 2.783537e+00
-5.444800e-02 -5.630230e-01 2.773575e+00
-1.737845e-01 -7.722340e-01 2.840808e+00
-2.931210e-01 -9.814450e-01 2.908040e+00
-1.864790e-01 -9.799610e-01 2.896742e+00
-7.983700e-02 -9.784770e-01 2.885443e+00
-1.949280e-01 -1.001283e+00 2.819252e+00
-3.100190e-01 -1.024090e+00 2.753061e+00
-1.971440e-01 -1.022161e+00 2.741214e+00
-8.426900e-02 -1.020233e+00 2.729368e+00
-1.390025e-01 -2.041495e-01 2.724202e+00
-1.937360e-01 6.119340e-01 2.719036e+00
-2.820860e-01 4.655035e-01 2.748884e+00
-3.704360e-01 3.190730e-01 2.778733e+00
-1.881805e-01 3.194255e-01 2.769297e+00
-5.925000e-03 3.197780e-01 2.759860e+00
-1.000280e-01 3.430085e-01 2.707990e+00
-1.941310e-01 3.662390e-01 2.656119e+00
-1.884390e-01 2.752610e-01 2.762654e+00
-1.827470e-01 1.842830e-01 2.869189e+00
-2.893640e-01 7.171200e-02 2.815762e+00
-3.959810e-01 -4.085900e-02 2.762335e+00
-1.896105e-01 -3.948350e-02 2.746263e+00
1.676000e-02 -3.810800e-02 2.730191e+00
-8.087250e-02 -4.350600e-02 2.809125e+00
-1.785050e-01 -4.890400e-02 2.888060e+00
-3.083630e-01 -4.637500e-03 2.837522e+00
-4.382210e-01 3.962900e-02 2.786984e+00
-1.838970e-01 4.246800e-02 2.793344e+00
7.042700e-02 4.530700e-02 2.799705e+00
-1.749650e-01 -1.044015e-01 2.763368e+00
-4.203570e-01 -2.541100e-01 2.727030e+00
-1.875230e-01 -2.531905e-01 2.747456e+00
4.531100e-02 -2.522710e-01 2.767882e+00
-1.793165e-01 -2.870350e-01 2.749572e+00
-4.039440e-01 -3.217990e-01 2.731262e+00
-1.791095e-01 -3.196435e-01 2.737166e+00
4.572500e-02 -3.174880e-01 2.743070e+00
-1.227450e-01 -4.447450e-01 2.769904e+00
-2.912150e-01 -5.720020e-01 2.796739e+00
-1.738525e-01 -5.707260e-01 2.785178e+00
-5.649000e-02 -5.694500e-01 2.773618e+00
-1.739940e-01 -7.790060e-01 2.840494e+00
-2.914980e-01 -9.885620e-01 2.907369e+00
-1.850685e-01 -9.865815e-01 2.897327e+00
-7.863900e-02 -9.846010e-01 2.887285e+00
-1.920895e-01 -1.007242e+00 2.819516e+00
-3.055400e-01 -1.029882e+00 2.751747e+00
-1.931395e-01 -1.028528e+00 2.741564e+00
-8.073900e-02 -1.027174e+00 2.731381e+00
-1.363835e-01 -2.138515e-01 2.725834e+00
-1.920280e-01 5.994710e-01 2.720286e+00
-2.824875e-01 4.595295e-01 2.752737e+00
-3.729470e-01 3.195880e-01 2.785187e+00
-1.908140e-01 3.203360e-01 2.773642e+00
-8.681000e-03 3.210840e-01 2.762097e+00
-1.033990e-01 3.453995e-01 2.711869e+00
-1.981170e-01 3.697150e-01 2.661640e+00
-1.911185e-01 2.763345e-01 2.765996e+00
-1.841200e-01 1.829540e-01 2.870352e+00
-2.908390e-01 7.095700e-02 2.814133e+00
-3.975580e-01 -4.104000e-02 2.757913e+00
-1.909365e-01 -3.875550e-02 2.745607e+00
1.568500e-02 -3.647100e-02 2.733300e+00
-8.334500e-02 -4.244750e-02 2.810431e+00
-1.823750e-01 -4.842400e-02 2.887563e+00
-3.105075e-01 -4.819500e-03 2.837293e+00
-4.386400e-01 3.878500e-02 2.787022e+00
-1.887305e-01 4.153050e-02 2.794968e+00
6.117900e-02 4.427600e-02 2.802914e+00
-1.800345e-01 -1.050720e-01 2.761875e+00
-4.212480e-01 -2.544200e-01 2.720837e+00
-1.897545e-01 -2.533270e-01 2.737608e+00
4.173900e-02 -2.522340e-01 2.754380e+00
-1.819470e-01 -2.867245e-01 2.744005e+00
-4.056330e-01 -3.212150e-01 2.733630e+00
-1.817980e-01 -3.184910e-01 2.729578e+00
4.203700e-02 -3.157670e-01 2.725527e+00
-1.234855e-01 -4.437160e-01 2.760309e+00
-2.890080e-01 -5.716650e-01 2.795091e+00
-1.719310e-01 -5.698285e-01 2.785064e+00
-5.485400e-02 -5.679920e-01 2.775037e+00
-1.759330e-01 -7.788245e-01 2.837457e+00
-2.970120e-01 -9.896570e-01 2.899878e+00
-1.868645e-01 -9.871660e-01 2.891443e+00
-7.671700e-02 -9.846750e-01 2.883008e+00
-1.920000e-01 -1.006684e+00 2.813192e+00
-3.072830e-01 -1.028694e+00 2.743375e+00
-1.917095e-01 -1.026969e+00 2.734967e+00
-7.613600e-02 -1.025245e+00 2.726558e+00
-1.387545e-01 -2.092410e-01 2.723529e+00
-2.013730e-01 6.067630e-01 2.720499e+00
-2.870570e-01 4.629385e-01 2.749780e+00
-3.727410e-01 3.191140e-01 2.779062e+00
-1.904770e-01 3.173030e-01 2.769965e+00
-8.213000e-03 3.154920e-01 2.760868e+00
-1.019540e-01 3.392595e-01 2.708588e+00
-1.956950e-01 3.630270e-01 2.656307e+00
-1.912255e-01 2.730785e-01 2.763770e+00
-1.867560e-01 1.831300e-01 2.871234e+00
-2.922150e-01 6.909750e-02 2.813992e+00
-3.976740e-01 -4.493500e-02 2.756750e+00
-1.909565e-01 -4.092500e-02 2.746713e+00
1.576100e-02 -3.691500e-02 2.736676e+00
-8.405000e-02 -4.411250e-02 2.812688e+00
-1.838610e-01 -5.131000e-02 2.888700e+00
-3.120815e-01 -6.609500e-03 2.831373e+00
-4.403020e-01 3.809100e-02 2.774045e+00
-1.903115e-01 3.915550e-02 2.795650e+00
5.967900e-02 4.022000e-02 2.817255e+00
-1.790855e-01 -1.087280e-01 2.767815e+00
-4.178500e-01 -2.576760e-01 2.718374e+00
-1.815930e-01 -2.524920e-01 2.722033e+00
5.466400e-02 -2.473080e-01 2.725691e+00
-1.727225e-01 -2.862175e-01 2.720954e+00
-4.001090e-01 -3.251270e-01 2.716216e+00
-1.661245e-01 -3.094355e-01 2.695762e+00
6.786000e-02 -2.937440e-01 2.675307e+00
-1.105660e-01 -4.340245e-01 2.735604e+00
-2.889920e-01 -5.743050e-01 2.795902e+00
-1.716280e-01 -5.719695e-01 2.785302e+00
-5.426400e-02 -5.696340e-01 2.774701e+00
-1.744170e-01 -7.803020e-01 2.840346e+00
-2.945700e-01 -9.909700e-01 2.905992e+00
-1.855565e-01 -9.880775e-01 2.896431e+00
-7.654300e-02 -9.851850e-01 2.886871e+00
-1.898880e-01 -1.008638e+00 2.818398e+00
-3.032330e-01 -1.032090e+00 2.749925e+00
-1.884010e-01 -1.029768e+00 2.740411e+00
-7.356900e-02 -1.027447e+00 2.730897e+00
-1.300290e-01 -2.105705e-01 2.723600e+00
-1.864890e-01 6.063060e-01 2.716304e+00
-2.842180e-01 4.638120e-01 2.745642e+00
-3.819470e-01 3.213180e-01 2.774981e+00
-1.994825e-01 3.191590e-01 2.772113e+00
-1.701800e-02 3.170000e-01 2.769246e+00
-1.088705e-01 3.411320e-01 2.713871e+00
-2.007230e-01 3.652640e-01 2.658496e+00
-2.001060e-01 2.749570e-01 2.765750e+00
-1.994890e-01 1.846500e-01 2.873004e+00
-2.880225e-01 7.619350e-02 2.813526e+00
-3.765560e-01 -3.226300e-02 2.754048e+00
-1.698210e-01 -3.864200e-02 2.745745e+00
3.691400e-02 -4.502100e-02 2.737442e+00
-6.377900e-02 -4.755050e-02 2.812584e+00
-1.644720e-01 -5.008000e-02 2.887727e+00
-2.969595e-01 -5.326000e-03 2.828749e+00
-4.294470e-01 3.942800e-02 2.769771e+00
-1.861660e-01 4.284550e-02 2.796671e+00
5.711500e-02 4.626300e-02 2.823572e+00
-1.748445e-01 -1.027735e-01 2.765981e+00
-4.068040e-01 -2.518100e-01 2.708390e+00
-1.356530e-01 -1.883145e-01 2.650129e+00
1.354980e-01 -1.248190e-01 2.591868e+00
-1.288760e-01 -2.224860e-01 2.652037e+00
-3.932500e-01 -3.201530e-01 2.712206e+00
-1.230485e-01 -2.448340e-01 2.625886e+00
1.471530e-01 -1.695150e-01 2.539566e+00
-7.086500e-02 -3.682195e-01 2.666360e+00
-2.888830e-01 -5.669240e-01 2.793155e+00
-1.723330e-01 -5.701800e-01 2.782208e+00
-5.578300e-02 -5.734360e-01 2.771261e+00
-1.759210e-01 -7.783520e-01 2.837813e+00
-2.960590e-01 -9.832680e-01 2.904364e+00
-1.879535e-01 -9.859330e-01 2.894431e+00
-7.984800e-02 -9.885980e-01 2.884498e+00
-1.929510e-01 -1.006668e+00 2.816484e+00
-3.060540e-01 -1.024737e+00 2.748470e+00
-1.925865e-01 -1.027952e+00 2.738526e+00
-7.911900e-02 -1.031167e+00 2.728582e+00
-1.426520e-01 -2.181120e-01 2.725491e+00
-2.061850e-01 5.949430e-01 2.722399e+00
-2.955225e-01 4.584825e-01 2.747507e+00
-3.848600e-01 3.220220e-01 2.772614e+00
-2.023660e-01 3.212580e-01 2.773871e+00
-1.987200e-02 3.204940e-01 2.775128e+00
-1.106300e-01 3.446190e-01 2.717974e+00
-2.013880e-01 3.687440e-01 2.660821e+00
-2.025030e-01 2.771340e-01 2.766960e+00
-2.036180e-01 1.855240e-01 2.873099e+00
-2.943315e-01 7.318200e-02 2.814237e+00
-3.850450e-01 -3.916000e-02 2.755375e+00
-1.782200e-01 -3.826700e-02 2.746916e+00
2.860500e-02 -3.737400e-02 2.738456e+00
-7.187900e-02 -4.420400e-02 2.813610e+00
-1.723630e-01 -5.103400e-02 2.888764e+00
-3.026770e-01 -3.184500e-03 2.825136e+00
-4.329910e-01 4.466500e-02 2.761507e+00
-1.909320e-01 4.793150e-02 2.789565e+00
5.112700e-02 5.119800e-02 2.817623e+00
-1.787755e-01 -9.611600e-02 2.762558e+00
-4.086780e-01 -2.434300e-01 2.707493e+00
-1.134365e-01 -9.945800e-02 2.630852e+00
1.818050e-01 4.451400e-02 2.554211e+00
-1.105000e-01 -1.332005e-01 2.639222e+00
-4.028050e-01 -3.109150e-01 2.724234e+00
-9.438450e-02 -1.334115e-01 2.608279e+00
2.140360e-01 4.409200e-02 2.492324e+00
-3.840350e-02 -2.630165e-01 2.640713e+00
-2.908430e-01 -5.701250e-01 2.789101e+00
-1.746815e-01 -5.698090e-01 2.782730e+00
-5.852000e-02 -5.694930e-01 2.776359e+00
-1.747440e-01 -7.769655e-01 2.842114e+00
-2.909680e-01 -9.844380e-01 2.907869e+00
-1.834635e-01 -9.857760e-01 2.894673e+00
-7.595900e-02 -9.871140e-01 2.881478e+00
-1.885130e-01 -1.008000e+00 2.817141e+00
-3.010670e-01 -1.028886e+00 2.752804e+00
-1.886540e-01 -1.027720e+00 2.738772e+00
-7.624100e-02 -1.026554e+00 2.724739e+00
-1.413030e-01 -2.083850e-01 2.713119e+00
-2.063650e-01 6.097840e-01 2.701498e+00
-2.971835e-01 4.664345e-01 2.735861e+00
-3.880020e-01 3.230850e-01 2.770225e+00
-2.057030e-01 3.243100e-01 2.778695e+00
-2.340400e-02 3.255350e-01 2.787166e+00
-1.121560e-01 3.511005e-01 2.727542e+00
-2.009080e-01 3.766660e-01 2.667917e+00
-2.050005e-01 2.805285e-01 2.769897e+00
-2.090930e-01 1.843910e-01 2.871877e+00
-2.998250e-01 7.321850e-02 2.808655e+00
-3.905570e-01 -3.795400e-02 2.745434e+00
-1.835940e-01 -3.465600e-02 2.743342e+00
2.336900e-02 -3.135800e-02 2.741250e+00
-7.929000e-02 -3.960650e-02 2.813257e+00
-1.819490e-01 -4.785500e-02 2.885263e+00
-3.094775e-01 1.091000e-03 2.818564e+00
-4.370060e-01 5.003700e-02 2.751865e+00
-1.841325e-01 5.664600e-02 2.771230e+00
6.874100e-02 6.325500e-02 2.790596e+00
-1.725225e-01 -8.614000e-02 2.748013e+00
-4.137860e-01 -2.355350e-01 2.705430e+00
-1.148795e-01 -8.856500e-03 2.639540e+00
1.840270e-01 2.178220e-01 2.573651e+00
-1.068615e-01 -4.264050e-02 2.642950e+00
-3.977500e-01 -3.031030e-01 2.712249e+00
-1.061030e-01 -1.021350e-02 2.630097e+00
1.855440e-01 2.826760e-01 2.547945e+00
-5.070750e-02 -1.425305e-01 2.666093e+00
-2.869590e-01 -5.677370e-01 2.784241e+00
-1.730540e-01 -5.662615e-01 2.778593e+00
-5.914900e-02 -5.647860e-01 2.772944e+00
-1.772480e-01 -7.722690e-01 2.841709e+00
-2.953470e-01 -9.797520e-01 2.910475e+00
-1.858530e-01 -9.810715e-01 2.894319e+00
-7.635900e-02 -9.823910e-01 2.878163e+00
-1.877005e-01 -1.004704e+00 2.817062e+00
-2.990420e-01 -1.027017e+00 2.755960e+00
-1.850350e-01 -1.024541e+00 2.738767e+00
-7.102800e-02 -1.022065e+00 2.721574e+00
-1.410140e-01 -2.093645e-01 2.708057e+00
-2.110000e-01 6.033360e-01 2.694539e+00
-2.996610e-01 4.625495e-01 2.730211e+00
-3.883220e-01 3.217630e-01 2.765883e+00
-2.061845e-01 3.220785e-01 2.777370e+00
-2.404700e-02 3.223940e-01 2.788857e+00
-1.117110e-01 3.496515e-01 2.728379e+00
-1.993750e-01 3.769090e-01 2.667901e+00
-2.054925e-01 2.785055e-01 2.767593e+00
-2.116100e-01 1.801020e-01 2.867285e+00
-3.016340e-01 7.031400e-02 2.794991e+00
-3.916580e-01 -3.947400e-02 2.722697e+00
-1.851030e-01 -3.743250e-02 2.736114e+00
2.145200e-02 -3.539100e-02 2.749530e+00
-8.636350e-02 -4.280200e-02 2.813661e+00
-1.941790e-01 -5.021300e-02 2.877791e+00
-3.160435e-01 8.160000e-04 2.809403e+00
-4.379080e-01 5.184500e-02 2.741015e+00
-1.357150e-01 1.010795e-01 2.714881e+00
1.664780e-01 1.503140e-01 2.688748e+00
-1.255310e-01 -4.099550e-02 2.694834e+00
-4.175400e-01 -2.323050e-01 2.700921e+00
-1.427040e-01 9.859300e-02 2.664647e+00
1.321320e-01 4.294910e-01 2.628373e+00
-1.328070e-01 6.630750e-02 2.655873e+00
-3.977460e-01 -2.968760e-01 2.683373e+00
-1.401475e-01 9.602200e-02 2.672619e+00
1.174510e-01 4.889200e-01 2.661865e+00
-8.500250e-02 -3.984100e-02 2.722336e+00
-2.874560e-01 -5.686020e-01 2.782807e+00
-1.740710e-01 -5.685295e-01 2.775443e+00
-6.068600e-02 -5.684570e-01 2.768078e+00
-1.789970e-01 -7.749685e-01 2.837079e+00
-2.973080e-01 -9.814800e-01 2.906079e+00
-1.861030e-01 -9.825880e-01 2.894383e+00
-7.489800e-02 -9.836960e-01 2.882688e+00
-1.818785e-01 -1.005768e+00 2.817082e+00
-2.888590e-01 -1.027841e+00 2.751476e+00
-1.732225e-01 -1.027421e+00 2.739707e+00
-5.758600e-02 -1.027002e+00 2.727938e+00
-1.312715e-01 -2.102525e-01 2.718967e+00
-2.049570e-01 6.064970e-01 2.709996e+00
-2.939585e-01 4.638015e-01 2.739164e+00
-3.829600e-01 3.211060e-01 2.768332e+00
-2.005710e-01 3.178540e-01 2.773808e+00
-1.818200e-02 3.146020e-01 2.779285e+00
-1.072440e-01 3.431440e-01 2.721501e+00
-1.963060e-01 3.716860e-01 2.663717e+00
-2.010665e-01 2.742015e-01 2.764381e+00
-2.058270e-01 1.767170e-01 2.865045e+00
-2.978020e-01 6.774950e-02 2.800310e+00
-3.897770e-01 -4.121800e-02 2.735575e+00
-1.828530e-01 -4.081450e-02 2.729989e+00
2.407100e-02 -4.041100e-02 2.724402e+00
-7.746300e-02 -4.721850e-02 2.798134e+00
-1.789970e-01 -5.402600e-02 2.871865e+00
-3.074280e-01 -1.293500e-03 2.808949e+00
-4.358590e-01 5.143900e-02 2.746034e+00
-1.213925e-01 1.444505e-01 2.682916e+00
1.930740e-01 2.374620e-01 2.619797e+00
-1.116555e-01 3.619500e-03 2.654889e+00
-4.163850e-01 -2.302230e-01 2.689980e+00
-1.642110e-01 1.362655e-01 2.673771e+00
8.796300e-02 5.027540e-01 2.657562e+00
-1.586120e-01 1.018435e-01 2.672753e+00
-4.051870e-01 -2.990670e-01 2.687945e+00
-1.730775e-01 1.212520e-01 2.697880e+00
5.903200e-02 5.415710e-01 2.707815e+00
-1.133655e-01 -1.515900e-02 2.743944e+00
-2.857630e-01 -5.718890e-01 2.780073e+00
-1.723190e-01 -5.718570e-01 2.770090e+00
-5.887500e-02 -5.718250e-01 2.760106e+00
-1.776575e-01 -7.775240e-01 2.834221e+00
-2.964400e-01 -9.832230e-01 2.908337e+00
-1.856405e-01 -9.844335e-01 2.893930e+00
-7.484100e-02 -9.856440e-01 2.879522e+00
-1.886185e-01 -1.008404e+00 2.816812e+00
-3.023960e-01 -1.031163e+00 2.754101e+00
-1.868575e-01 -1.030866e+00 2.739204e+00
-7.131900e-02 -1.030570e+00 2.724306e+00
-1.355380e-01 -2.113510e-01 2.712662e+00
-1.997570e-01 6.078680e-01 2.701018e+00
-2.898450e-01 4.625640e-01 2.736759e+00
-3.799330e-01 3.172600e-01 2.772499e+00
-1.980490e-01 3.124555e-01 2.768569e+00
-1.616500e-02 3.076510e-01 2.764639e+00
-1.072570e-01 3.389385e-01 2.712524e+00
-1.983490e-01 3.702260e-01 2.660408e+00
-1.989190e-01 2.691670e-01 2.757598e+00
-1.994890e-01 1.681080e-01 2.854788e+00
-2.933370e-01 6.334600e-02 2.797362e+00
-3.871850e-01 -4.141600e-02 2.739935e+00
-1.809805e-01 -4.369600e-02 2.721946e+00
2.522400e-02 -4.597600e-02 2.703956e+00
-7.176050e-02 -5.020450e-02 2.783755e+00
-1.687450e-01 -5.443300e-02 2.863555e+00
-3.014515e-01 -3.940500e-03 2.803083e+00
-4.341580e-01 4.655200e-02 2.742611e+00
-1.339260e-01 1.856780e-01 2.649310e+00
1.663060e-01 3.248040e-01 2.556009e+00
-1.254195e-01 4.341500e-02 2.622805e+00
-4.171450e-01 -2.379740e-01 2.689601e+00
-1.868415e-01 1.614545e-01 2.680316e+00
4.346200e-02 5.608830e-01 2.671031e+00
-1.781635e-01 1.308130e-01 2.666066e+00
-3.997890e-01 -2.992570e-01 2.661100e+00
-1.862795e-01 1.425595e-01 2.697900e+00
2.723000e-02 5.843760e-01 2.734699e+00
-1.270680e-01 4.704500e-03 2.752890e+00
-2.813660e-01 -5.749670e-01 2.771082e+00
-1.699220e-01 -5.753195e-01 2.761017e+00
-5.847800e-02 -5.756720e-01 2.750952e+00
-1.795880e-01 -7.800250e-01 2.827669e+00
-3.006980e-01 -9.843780e-01 2.904387e+00
-1.871120e-01 -9.857550e-01 2.891379e+00
-7.352600e-02 -9.871320e-01 2.878371e+00
-1.942465e-01 -1.010372e+00 2.814739e+00
-3.149670e-01 -1.033613e+00 2.751107e+00
-1.969145e-01 -1.034176e+00 2.737558e+00
-7.886200e-02 -1.034739e+00 2.724008e+00
-1.476450e-01 -2.146035e-01 2.706587e+00
-2.164280e-01 6.055320e-01 2.689166e+00
-3.019990e-01 4.577525e-01 2.735460e+00
-3.875700e-01 3.099730e-01 2.781754e+00
-2.100040e-01 3.108375e-01 2.763603e+00
-3.243800e-02 3.117020e-01 2.745452e+00
-1.248635e-01 3.402325e-01 2.700575e+00
-2.172890e-01 3.687630e-01 2.655697e+00
-2.069310e-01 2.675785e-01 2.752204e+00
-1.965730e-01 1.663940e-01 2.848711e+00
-2.892305e-01 6.377500e-02 2.800227e+00
-3.818880e-01 -3.884400e-02 2.751743e+00
-1.777790e-01 -4.396500e-02 2.717650e+00
2.633000e-02 -4.908600e-02 2.683558e+00
-6.416300e-02 -5.231800e-02 2.770693e+00
-1.546560e-01 -5.555000e-02 2.857827e+00
-2.930030e-01 -9.625000e-03 2.798350e+00
-4.313500e-01 3.630000e-02 2.738873e+00
-1.750070e-01 2.333645e-01 2.628571e+00
8.133600e-02 4.304290e-01 2.518269e+00
-1.650510e-01 9.105100e-02 2.595709e+00
-4.114380e-01 -2.483270e-01 2.673149e+00
-2.185790e-01 2.142130e-01 2.654002e+00
-2.572000e-02 6.767530e-01 2.634855e+00
-2.099680e-01 1.836900e-01 2.639461e+00
-3.942160e-01 -3.093730e-01 2.644066e+00
-2.231455e-01 2.123595e-01 2.654349e+00
-5.207500e-02 7.340920e-01 2.664632e+00
-1.649490e-01 7.912050e-02 2.709173e+00
-2.778230e-01 -5.758510e-01 2.753713e+00
-1.659120e-01 -5.761255e-01 2.747725e+00
-5.400100e-02 -5.764000e-01 2.741736e+00
-1.750915e-01 -7.778330e-01 2.823025e+00
-2.961820e-01 -9.792660e-01 2.904314e+00
-1.845880e-01 -9.829795e-01 2.888332e+00
-7.299400e-02 -9.866930e-01 2.872350e+00
-1.969800e-01 -1.010413e+00 2.813335e+00
-3.209660e-01 -1.034133e+00 2.754320e+00
-2.050290e-01 -1.034466e+00 2.736606e+00
-8.909200e-02 -1.034800e+00 2.718893e+00
-1.562590e-01 -2.156125e-01 2.704760e+00
-2.234260e-01 6.035750e-01 2.690628e+00
-3.090810e-01 4.564360e-01 2.746026e+00
-3.947360e-01 3.092970e-01 2.801424e+00
-2.237700e-01 3.066080e-01 2.760670e+00
-5.280400e-02 3.039190e-01 2.719915e+00
-1.476360e-01 3.301295e-01 2.684934e+00
-2.424680e-01 3.563400e-01 2.649952e+00
-2.197010e-01 2.625400e-01 2.751650e+00
-1.969340e-01 1.687400e-01 2.853347e+00
-2.884235e-01 6.441050e-02 2.806676e+00
-3.799130e-01 -3.991900e-02 2.760005e+00
-1.784775e-01 -4.687000e-02 2.712842e+00
2.295800e-02 -5.382100e-02 2.665679e+00
-6.173750e-02 -5.578250e-02 2.758494e+00
-1.464330e-01 -5.774400e-02 2.851310e+00
-2.871055e-01 -1.005350e-02 2.794919e+00
-4.277780e-01 3.763700e-02 2.738528e+00
-1.974525e-01 2.589945e-01 2.628750e+00
3.287300e-02 4.803520e-01 2.518973e+00
-1.879950e-01 1.160475e-01 2.597737e+00
-4.088630e-01 -2.482570e-01 2.676501e+00
-2.247005e-01 2.577665e-01 2.590422e+00
-4.053800e-02 7.637900e-01 2.504344e+00
-2.169490e-01 2.265925e-01 2.576808e+00
-3.933600e-01 -3.106050e-01 2.649272e+00
-2.227575e-01 2.462975e-01 2.605008e+00
-5.215500e-02 8.032000e-01 2.560743e+00
-1.647525e-01 1.122555e-01 2.652462e+00
-2.773500e-01 -5.786890e-01 2.744181e+00
-1.652365e-01 -5.786530e-01 2.742725e+00
-5.312300e-02 -5.786170e-01 2.741269e+00
-1.750425e-01 -7.789325e-01 2.821670e+00
-2.969620e-01 -9.792480e-01 2.902072e+00
-1.816170e-01 -9.849720e-01 2.884479e+00
-6.627200e-02 -9.906960e-01 2.866885e+00
-1.977350e-01 -1.013327e+00 2.810541e+00
-3.291980e-01 -1.035959e+00 2.754196e+00
-2.116730e-01 -1.036131e+00 2.734275e+00
-9.414800e-02 -1.036303e+00 2.714355e+00
-1.545925e-01 -2.137040e-01 2.700883e+00
-2.150370e-01 6.088950e-01 2.687411e+00
-3.035170e-01 4.599490e-01 2.752478e+00
-3.919970e-01 3.110030e-01 2.817545e+00
-2.251690e-01 3.113535e-01 2.765390e+00
-5.834100e-02 3.117040e-01 2.713235e+00
-1.547820e-01 3.368890e-01 2.684897e+00
-2.512230e-01 3.620740e-01 2.656559e+00
-2.201655e-01 2.674605e-01 2.755265e+00
-1.891080e-01 1.728470e-01 2.853971e+00
-2.830190e-01 6.953150e-02 2.816281e+00
-3.769300e-01 -3.378400e-02 2.778592e+00
-1.815870e-01 -3.992200e-02 2.710383e+00
1.375600e-02 -4.606000e-02 2.642174e+00
-6.057100e-02 -4.702200e-02 2.743497e+00
-1.348980e-01 -4.798400e-02 2.844820e+00
-2.809600e-01 -3.208500e-03 2.795127e+00
-4.270220e-01 4.156700e-02 2.745435e+00
-2.142790e-01 2.757470e-01 2.633806e+00
-1.536000e-03 5.099270e-01 2.522177e+00
-1.950310e-01 1.339105e-01 2.601484e+00
-3.885260e-01 -2.421060e-01 2.680791e+00
-2.204200e-01 2.616850e-01 2.533942e+00
-5.231400e-02 7.654760e-01 2.387093e+00
-2.211820e-01 2.268110e-01 2.534654e+00
-3.900500e-01 -3.118540e-01 2.682214e+00
-2.250130e-01 2.609150e-01 2.528367e+00
-5.997600e-02 8.336840e-01 2.374520e+00
-1.669090e-01 1.304940e-01 2.555453e+00
-2.738420e-01 -5.726960e-01 2.736386e+00
-1.606680e-01 -5.706600e-01 2.739826e+00
-4.749400e-02 -5.686240e-01 2.743266e+00
-1.738870e-01 -7.704265e-01 2.819568e+00
-3.002800e-01 -9.722290e-01 2.895871e+00
-1.839045e-01 -9.782390e-01 2.875728e+00
-6.752900e-02 -9.842490e-01 2.855585e+00
-2.052160e-01 -1.005918e+00 2.802856e+00
-3.429030e-01 -1.027587e+00 2.750127e+00
-2.274845e-01 -1.025182e+00 2.727599e+00
-1.120660e-01 -1.022777e+00 2.705070e+00
-1.586310e-01 -2.117705e-01 2.698553e+00
-2.051960e-01 5.992360e-01 2.692036e+00
-3.075645e-01 4.494305e-01 2.772149e+00
-4.099330e-01 2.996250e-01 2.852262e+00
-2.526040e-01 2.995975e-01 2.774860e+00
-9.527500e-02 2.995700e-01 2.697459e+00
-1.959295e-01 3.219130e-01 2.683342e+00
-2.965840e-01 3.442560e-01 2.669225e+00
-2.487485e-01 2.553140e-01 2.766488e+00
-2.009130e-01 1.663720e-01 2.863752e+00
-2.834730e-01 6.462950e-02 2.828027e+00
-3.660330e-01 -3.711300e-02 2.792302e+00
-1.769790e-01 -4.061250e-02 2.708068e+00
1.207500e-02 -4.411200e-02 2.623835e+00
-5.349150e-02 -4.448250e-02 2.731039e+00
-1.190580e-01 -4.485300e-02 2.838243e+00
-2.697495e-01 -4.590500e-03 2.797129e+00
-4.204410e-01 3.567200e-02 2.756015e+00
-2.152220e-01 2.624510e-01 2.632128e+00
-1.000300e-02 4.892300e-01 2.508242e+00
-1.956965e-01 1.202385e-01 2.601577e+00
-3.813900e-01 -2.487530e-01 2.694912e+00
-2.137005e-01 2.140455e-01 2.490154e+00
-4.601100e-02 6.768440e-01 2.285396e+00
-2.102895e-01 1.859215e-01 2.469790e+00
-3.745680e-01 -3.050010e-01 2.654184e+00
-2.085670e-01 1.941735e-01 2.435934e+00
-4.256600e-02 6.933480e-01 2.217684e+00
-1.595165e-01 5.961050e-02 2.476496e+00
-2.764670e-01 -5.741270e-01 2.735308e+00
-1.613805e-01 -5.708825e-01 2.739765e+00
-4.629400e-02 -5.676380e-01 2.744221e+00
-1.750405e-01 -7.702500e-01 2.820425e+00
-3.037870e-01 -9.728620e-01 2.896630e+00
-1.826525e-01 -9.784330e-01 2.875580e+00
-6.151800e-02 -9.840040e-01 2.854531e+00
-2.100080e-01 -1.005335e+00 2.804457e+00
-3.584980e-01 -1.026665e+00 2.754382e+00
-2.394110e-01 -1.023606e+00 2.731434e+00
-1.203240e-01 -1.020547e+00 2.708486e+00
-1.582255e-01 -2.135805e-01 2.690949e+00
-1.961270e-01 5.933860e-01 2.673411e+00
-2.998660e-01 4.470965e-01 2.755078e+00
-4.036050e-01 3.008070e-01 2.836744e+00
-8.030400e-02 3.051620e-01 2.692637e+00
-2.845110e-01 3.434830e-01 2.656917e+00
-1.917460e-01 1.736950e-01 2.859902e+00
-3.722650e-01 -4.910800e-02 2.796954e+00
7.832000e-03 -4.664300e-02 2.632893e+00
-1.257270e-01 -5.151600e-02 2.845744e+00
-4.280050e-01 2.770600e-02 2.773327e+00
1.008400e-02 4.515310e-01 2.469910e+00
-3.837750e-01 -2.514050e-01 2.692906e+00
-4.513500e-02 6.304420e-01 2.243485e+00
-3.664880e-01 -3.042790e-01 2.650780e+00
-2.549100e-02 6.317960e-01 2.176542e+00
-2.827890e-01 -5.831670e-01 2.743951e+00
-4.660800e-02 -5.735590e-01 2.746310e+00
-3.042510e-01 -9.842130e-01 2.900357e+00
-6.398800e-02 -9.897290e-01 2.857043e+00
-3.600480e-01 -1.036727e+00 2.758049e+00
-1.192870e-01 -1.026618e+00 2.709720e+00
-1.983560e-01 6.032430e-01 2.673270e+00
-3.909320e-01 3.125370e-01 2.833709e+00
-5.542200e-02 3.212560e-01 2.708453e+00
-2.601790e-01 3.679260e-01 2.665846e+00
-1.836230e-01 1.782800e-01 2.857706e+00
-3.805560e-01 -4.932500e-02 2.805804e+00
-2.614000e-03 -3.769000e-02 2.637220e+00
-1.334240e-01 -4.864100e-02 2.851548e+00
-4.284010e-01 3.956100e-02 2.774003e+00
2.885500e-02 4.175900e-01 2.457251e+00
-3.894050e-01 -2.424190e-01 2.699151e+00
-4.688700e-02 6.125410e-01 2.250144e+00
-3.882420e-01 -3.120420e-01 2.703673e+00
-5.176700e-02 6.276140e-01 2.182188e+00
-2.877150e-01 -5.806880e-01 2.748065e+00
-5.073400e-02 -5.668510e-01 2.749095e+00
-3.016000e-01 -9.851020e-01 2.896448e+00
-6.545400e-02 -9.833200e-01 2.859083e+00
-3.600630e-01 -1.035232e+00 2.754350e+00
-1.216540e-01 -1.020155e+00 2.712089e+00
-2.183010e-01 6.152790e-01 2.677018e+00
-3.758480e-01 3.251050e-01 2.806508e+00
-1.541500e-02 3.340870e-01 2.752325e+00
-2.129200e-01 3.873010e-01 2.672611e+00
-1.790880e-01 1.853310e-01 2.864184e+00
-3.866640e-01 -2.544900e-02 2.765636e+00
2.278500e-02 -3.571200e-02 2.705280e+00
-1.615190e-01 -4.252800e-02 2.876023e+00
-4.360450e-01 4.971800e-02 2.792734e+00
5.553600e-02 3.606790e-01 2.480460e+00
-4.156500e-01 -2.310180e-01 2.705620e+00
-3.936700e-02 5.674250e-01 2.293199e+00
-4.032700e-01 -2.956540e-01 2.682424e+00
-5.174100e-02 5.930270e-01 2.229476e+00
-2.888320e-01 -5.622860e-01 2.767765e+00
-5.790700e-02 -5.640720e-01 2.749164e+00
-3.025190e-01 -9.778670e-01 2.881196e+00
-6.852700e-02 -9.785360e-01 2.866926e+00
-3.269840e-01 -1.019184e+00 2.726869e+00
-8.291400e-02 -1.022194e+00 2.711976e+00
-2.277660e-01 6.204060e-01 2.695158e+00
-3.614140e-01 3.301460e-01 2.797781e+00
2.789000e-03 3.350130e-01 2.774173e+00
-1.870430e-01 3.919220e-01 2.678949e+00
-1.719350e-01 1.869900e-01 2.869766e+00
-3.888880e-01 -2.262800e-02 2.765787e+00
2.217200e-02 -2.790500e-02 2.716822e+00
-1.667470e-01 -3.887100e-02 2.882221e+00
-4.344760e-01 5.629200e-02 2.794896e+00
7.420600e-02 3.142610e-01 2.500655e+00
-4.192780e-01 -2.274930e-01 2.712399e+00
-3.580100e-02 5.148710e-01 2.312972e+00
-4.057050e-01 -2.896570e-01 2.683754e+00
-4.934500e-02 5.430250e-01 2.250578e+00
-2.871070e-01 -5.572590e-01 2.779575e+00
-6.540400e-02 -5.583520e-01 2.756968e+00
-2.984720e-01 -9.728530e-01 2.893213e+00
-6.944300e-02 -9.729030e-01 2.874833e+00
-3.185530e-01 -1.014641e+00 2.738380e+00
-8.155500e-02 -1.016871e+00 2.719775e+00
-2.158450e-01 6.200340e-01 2.711987e+00
-3.639390e-01 3.251780e-01 2.796915e+00
7.850000e-04 3.327260e-01 2.784890e+00
-1.863290e-01 3.848960e-01 2.681890e+00
-1.757040e-01 1.860860e-01 2.879369e+00
-3.897630e-01 -2.489500e-02 2.763741e+00
2.332900e-02 -3.038200e-02 2.736888e+00
-1.741650e-01 -3.983700e-02 2.892045e+00
-4.339320e-01 5.049100e-02 2.801512e+00
8.481900e-02 2.521330e-01 2.526402e+00
-4.190560e-01 -2.310490e-01 2.711413e+00
-2.657600e-02 4.445780e-01 2.331056e+00
-4.043920e-01 -2.975690e-01 2.696275e+00
-5.447800e-02 4.650650e-01 2.270469e+00
-2.934890e-01 -5.580020e-01 2.798011e+00
-6.589000e-02 -5.609820e-01 2.771354e+00
-2.966950e-01 -9.752620e-01 2.905922e+00
-7.018100e-02 -9.769850e-01 2.883976e+00
-3.095790e-01 -1.015508e+00 2.749919e+00
-7.472600e-02 -1.019160e+00 2.728017e+00
-2.268210e-01 6.147470e-01 2.714913e+00
-3.629220e-01 3.297510e-01 2.788385e+00
1.949000e-03 3.356420e-01 2.796080e+00
-1.789380e-01 3.828910e-01 2.680366e+00
-1.802810e-01 1.946240e-01 2.888188e+00
-3.893340e-01 -2.394900e-02 2.764244e+00
2.459200e-02 -2.838600e-02 2.757834e+00
-1.802590e-01 -3.465400e-02 2.903313e+00
-4.319550e-01 5.438800e-02 2.804137e+00
9.313000e-02 1.611080e-01 2.590989e+00
-4.162210e-01 -2.314550e-01 2.725670e+00
-3.770000e-04 2.571800e-01 2.326154e+00
-3.980660e-01 -2.978050e-01 2.713958e+00
-3.865400e-02 2.832860e-01 2.273976e+00
-2.980490e-01 -5.572470e-01 2.800692e+00
-6.472700e-02 -5.599750e-01 2.782683e+00
-2.945170e-01 -9.742600e-01 2.909543e+00
-7.373000e-02 -9.775340e-01 2.889100e+00
-3.011590e-01 -1.015099e+00 2.753304e+00
-7.027100e-02 -1.017510e+00 2.732535e+00
-2.076540e-01 6.200550e-01 2.730199e+00
-3.768680e-01 3.258870e-01 2.807050e+00
-1.278500e-02 3.351710e-01 2.782920e+00
-2.035060e-01 3.787610e-01 2.682582e+00
-1.848620e-01 1.941720e-01 2.892858e+00
-3.855730e-01 -2.516300e-02 2.780179e+00
2.775900e-02 -2.892600e-02 2.756971e+00
-1.710010e-01 -3.500400e-02 2.910675e+00
-4.325220e-01 4.835400e-02 2.805934e+00
9.879600e-02 1.184980e-01 2.638956e+00
-4.114080e-01 -2.364760e-01 2.730056e+00
1.856300e-02 9.047200e-02 2.355921e+00
-3.904820e-01 -3.027730e-01 2.724066e+00
-1.375900e-02 7.737600e-02 2.295482e+00
-3.022940e-01 -5.586220e-01 2.800921e+00
-6.467200e-02 -5.604590e-01 2.794566e+00
-2.897540e-01 -9.773760e-01 2.902156e+00
-7.276500e-02 -9.818540e-01 2.884688e+00
-3.047860e-01 -1.015616e+00 2.745841e+00
-7.774400e-02 -1.015548e+00 2.726693e+00
-2.060270e-01 6.114400e-01 2.744788e+00
-3.825780e-01 3.197870e-01 2.820704e+00
-2.073100e-02 3.331770e-01 2.774750e+00
-2.176740e-01 3.705560e-01 2.684427e+00
-1.838190e-01 1.938460e-01 2.899517e+00
-3.912070e-01 -3.297000e-02 2.784781e+00
2.203900e-02 -2.733400e-02 2.760440e+00
-1.761070e-01 -3.815500e-02 2.914675e+00
-4.366690e-01 4.184100e-02 2.806984e+00
8.102000e-02 8.279600e-02 2.689168e+00
-4.139080e-01 -2.459400e-01 2.741698e+00
2.558700e-02 -7.705000e-02 2.446321e+00
-3.942530e-01 -3.083780e-01 2.717525e+00
9.427000e-03 -1.312800e-01 2.405491e+00
-3.009540e-01 -5.638180e-01 2.807387e+00
-6.488800e-02 -5.615960e-01 2.796124e+00
-2.941730e-01 -9.834920e-01 2.905310e+00
-7.004000e-02 -9.834820e-01 2.884143e+00
-3.078160e-01 -1.020296e+00 2.748524e+00
-7.499900e-02 -1.016418e+00 2.725987e+00
-1.959040e-01 6.131050e-01 2.737566e+00
-3.795100e-01 3.232520e-01 2.808315e+00
-1.585000e-02 3.183060e-01 2.777455e+00
-2.070630e-01 3.578300e-01 2.676372e+00
-1.899880e-01 1.945990e-01 2.903749e+00
-3.913490e-01 -3.342800e-02 2.805166e+00
1.840500e-02 -3.876600e-02 2.746270e+00
-1.663200e-01 -4.379300e-02 2.916619e+00
-4.379430e-01 4.306100e-02 2.813967e+00
5.704200e-02 4.488900e-02 2.734056e+00
-4.213190e-01 -2.474420e-01 2.745715e+00
4.443300e-02 -2.398200e-01 2.644007e+00
-4.244260e-01 -3.160540e-01 2.733395e+00
1.963700e-02 -3.041690e-01 2.633362e+00
-3.064130e-01 -5.679520e-01 2.811706e+00
-6.560500e-02 -5.683410e-01 2.803406e+00
-2.932310e-01 -9.901790e-01 2.897214e+00
-7.175300e-02 -9.919550e-01 2.882619e+00
-3.206210e-01 -1.022617e+00 2.741264e+00
-9.112400e-02 -1.021177e+00 2.724843e+00
-1.885040e-01 6.097450e-01 2.756643e+00
-3.752350e-01 3.234510e-01 2.811074e+00
-1.192200e-02 3.187570e-01 2.776339e+00
-2.042120e-01 3.585510e-01 2.677428e+00
-1.846640e-01 1.945470e-01 2.904048e+00
-3.987250e-01 -3.343200e-02 2.814806e+00
9.464000e-03 -4.058700e-02 2.746056e+00
-1.711490e-01 -4.572100e-02 2.920756e+00
-4.471640e-01 4.680300e-02 2.816319e+00
5.826500e-02 4.201100e-02 2.761465e+00
-4.255130e-01 -2.456340e-01 2.760635e+00
2.862900e-02 -2.542470e-01 2.740446e+00
-4.265710e-01 -3.154020e-01 2.759976e+00
2.148000e-02 -3.200690e-01 2.762478e+00
-3.028060e-01 -5.695960e-01 2.813007e+00
-6.662200e-02 -5.682950e-01 2.809419e+00
-2.930440e-01 -9.917390e-01 2.899384e+00
-7.429000e-02 -9.930600e-01 2.882061e+00
-3.224000e-01 -1.024252e+00 2.743808e+00
-9.735000e-02 -1.019622e+00 2.724310e+00
-1.741400e-01 6.152060e-01 2.726844e+00
-3.716440e-01 3.282800e-01 2.802915e+00
-7.809000e-03 3.144200e-01 2.777289e+00
-1.968250e-01 3.534370e-01 2.671966e+00
-1.861530e-01 2.000260e-01 2.906461e+00
-4.087780e-01 -3.679400e-02 2.796202e+00
4.155000e-03 -3.875700e-02 2.766561e+00
-1.921620e-01 -4.611900e-02 2.923317e+00
-4.546080e-01 5.660800e-02 2.815105e+00
5.193200e-02 3.835200e-02 2.809770e+00
-4.397610e-01 -2.363160e-01 2.769442e+00
3.054100e-02 -2.575590e-01 2.800362e+00
-4.330690e-01 -3.043800e-01 2.783283e+00
1.412700e-02 -3.244110e-01 2.788939e+00
-3.010940e-01 -5.708200e-01 2.819914e+00
-7.148400e-02 -5.683310e-01 2.815532e+00
-2.921610e-01 -9.946550e-01 2.897665e+00
-7.213600e-02 -9.950140e-01 2.876379e+00
-3.051210e-01 -1.023988e+00 2.739253e+00
-8.087900e-02 -1.017785e+00 2.716605e+00
-1.722460e-01 6.087410e-01 2.749510e+00
-3.693100e-01 3.306380e-01 2.799766e+00
-4.754000e-03 3.162040e-01 2.789016e+00
-1.892040e-01 3.564810e-01 2.676330e+00
-1.884700e-01 2.011490e-01 2.909799e+00
-4.053840e-01 -2.911100e-02 2.803954e+00
6.530000e-03 -4.296700e-02 2.764824e+00
-1.863080e-01 -4.591700e-02 2.925983e+00
-4.451900e-01 5.623100e-02 2.809097e+00
6.522300e-02 4.180700e-02 2.819899e+00
-4.394330e-01 -2.401540e-01 2.785286e+00
2.873600e-02 -2.532550e-01 2.812703e+00
-4.221450e-01 -3.074300e-01 2.791928e+00
2.539600e-02 -3.227650e-01 2.807587e+00
-3.032880e-01 -5.669120e-01 2.819067e+00
-6.928200e-02 -5.681470e-01 2.819273e+00
-2.923890e-01 -9.909190e-01 2.895622e+00
-6.835400e-02 -9.954680e-01 2.875460e+00
-3.097070e-01 -1.019902e+00 2.737563e+00
-8.176300e-02 -1.016494e+00 2.715770e+00
-1.660660e-01 6.149530e-01 2.747927e+00
