-3.690470e-01 3.319230e-01 2.796896e+00
-1.866885e-01 3.248795e-01 2.798254e+00
-4.330000e-03 3.178360e-01 2.799612e+00
-9.437000e-02 3.395675e-01 2.740400e+00
-1.844100e-01 3.612990e-01 2.681188e+00
-1.883895e-01 2.803295e-01 2.795587e+00
-1.923690e-01 1.993600e-01 2.909987e+00
-2.963655e-01 8.543200e-02 2.849390e+00
-4.003620e-01 -2.849600e-02 2.788793e+00
-1.935245e-01 -3.545950e-02 2.784452e+00
1.331300e-02 -4.242300e-02 2.780112e+00
-8.873300e-02 -4.252350e-02 2.853450e+00
-1.907790e-01 -4.262400e-02 2.926788e+00
-3.150840e-01 6.458500e-03 2.866230e+00
-4.393890e-01 5.554100e-02 2.805672e+00
-1.867835e-01 4.906600e-02 2.816165e+00
6.582200e-02 4.259100e-02 2.826657e+00
-1.844010e-01 -9.900250e-02 2.800225e+00
-4.346240e-01 -2.405960e-01 2.773793e+00
-1.995900e-01 -2.469870e-01 2.792884e+00
3.544400e-02 -2.533780e-01 2.811974e+00
-1.927460e-01 -2.805430e-01 2.799549e+00
-4.209360e-01 -3.077080e-01 2.787123e+00
-1.975110e-01 -3.146895e-01 2.794201e+00
2.591400e-02 -3.216710e-01 2.801280e+00
-1.387435e-01 -4.438780e-01 2.808295e+00
-3.034010e-01 -5.660850e-01 2.815310e+00
-1.859280e-01 -5.677950e-01 2.815578e+00
-6.845500e-02 -5.695050e-01 2.815847e+00
-1.806750e-01 -7.783655e-01 2.861106e+00
-2.928950e-01 -9.872260e-01 2.906365e+00
-1.826240e-01 -9.917120e-01 2.891434e+00
-7.235300e-02 -9.961980e-01 2.876504e+00
-1.860515e-01 -1.008856e+00 2.812536e+00
-2.997500e-01 -1.021515e+00 2.748568e+00
-1.863240e-01 -1.020227e+00 2.732528e+00
-7.289800e-02 -1.018940e+00 2.716488e+00
-1.216500e-01 -2.171635e-01 2.734485e+00
-1.704020e-01 5.846130e-01 2.752482e+00
-2.707670e-01 4.587390e-01 2.774862e+00
-3.711320e-01 3.328650e-01 2.797242e+00
-1.887435e-01 3.277785e-01 2.801084e+00
-6.355000e-03 3.226920e-01 2.804927e+00
-9.578200e-02 3.447145e-01 2.744899e+00
-1.852090e-01 3.667370e-01 2.684870e+00
-1.899080e-01 2.832805e-01 2.797440e+00
-1.946070e-01 1.998240e-01 2.910010e+00
-2.971905e-01 8.702050e-02 2.845486e+00
-3.997740e-01 -2.578300e-02 2.780962e+00
-1.929235e-01 -3.195700e-02 2.785838e+00
1.392700e-02 -3.813100e-02 2.790715e+00
-9.128400e-02 -3.866700e-02 2.859433e+00
-1.964950e-01 -3.920300e-02 2.928152e+00
-3.205145e-01 9.926500e-03 2.868301e+00
-4.445340e-01 5.905600e-02 2.808449e+00
-1.926350e-01 5.320750e-02 2.816316e+00
5.926400e-02 4.735900e-02 2.824183e+00
-1.857280e-01 -9.244850e-02 2.790468e+00
-4.307200e-01 -2.322560e-01 2.756752e+00
-1.953090e-01 -2.398970e-01 2.780534e+00
4.010200e-02 -2.475380e-01 2.804317e+00
-1.933120e-01 -2.717085e-01 2.766347e+00
-4.267260e-01 -2.958790e-01 2.728376e+00
-1.999830e-01 -3.035940e-01 2.753853e+00
2.676000e-02 -3.113090e-01 2.779330e+00
-1.357175e-01 -4.371165e-01 2.797216e+00
-2.981950e-01 -5.629240e-01 2.815101e+00
-1.822955e-01 -5.645295e-01 2.814583e+00
-6.639600e-02 -5.661350e-01 2.814065e+00
-1.793630e-01 -7.752495e-01 2.859625e+00
-2.923300e-01 -9.843640e-01 2.905184e+00
-1.811565e-01 -9.883055e-01 2.891942e+00
-6.998300e-02 -9.922470e-01 2.878700e+00
-1.806245e-01 -1.005190e+00 2.812915e+00
-2.912660e-01 -1.018134e+00 2.747130e+00
-1.768665e-01 -1.017327e+00 2.733108e+00
-6.246700e-02 -1.016521e+00 2.719085e+00
-1.163400e-01 -2.005095e-01 2.730567e+00
-1.702130e-01 6.155020e-01 2.742050e+00
-2.714285e-01 4.745705e-01 2.772737e+00
-3.726440e-01 3.336390e-01 2.803424e+00
-1.902735e-01 3.267775e-01 2.803646e+00
-7.903000e-03 3.199160e-01 2.803868e+00
-9.828900e-02 3.427145e-01 2.745591e+00
-1.886750e-01 3.655130e-01 2.687314e+00
-1.919435e-01 2.822875e-01 2.800106e+00
-1.952120e-01 1.990620e-01 2.912898e+00
-2.983670e-01 8.389150e-02 2.854665e+00
-4.015220e-01 -3.127900e-02 2.796432e+00
-1.947990e-01 -3.142250e-02 2.785722e+00
1.192400e-02 -3.156600e-02 2.775011e+00
-8.775600e-02 -3.472400e-02 2.851469e+00
-1.874360e-01 -3.788200e-02 2.927927e+00
-3.193425e-01 1.180250e-02 2.867233e+00
-4.512490e-01 6.148700e-02 2.806539e+00
-1.965420e-01 5.327800e-02 2.814547e+00
5.816500e-02 4.506900e-02 2.822556e+00
-1.839240e-01 -8.922000e-02 2.777080e+00
-4.260130e-01 -2.235090e-01 2.731604e+00
-1.917345e-01 -2.366000e-01 2.767760e+00
4.254400e-02 -2.496910e-01 2.803916e+00
-1.836840e-01 -2.705165e-01 2.769216e+00
-4.099120e-01 -2.913420e-01 2.734517e+00
-1.928660e-01 -3.028355e-01 2.759812e+00
2.418000e-02 -3.143290e-01 2.785108e+00
-1.387490e-01 -4.397605e-01 2.799879e+00
-3.016780e-01 -5.651920e-01 2.814650e+00
-1.829900e-01 -5.639210e-01 2.814455e+00
-6.430200e-02 -5.626500e-01 2.814259e+00
-1.766495e-01 -7.741325e-01 2.861477e+00
-2.889970e-01 -9.856150e-01 2.908696e+00
-1.810090e-01 -9.873245e-01 2.892632e+00
-7.302100e-02 -9.890340e-01 2.876568e+00
-1.869050e-01 -1.005088e+00 2.814017e+00
-3.007890e-01 -1.021142e+00 2.751465e+00
-1.889960e-01 -1.016728e+00 2.734074e+00
-7.720300e-02 -1.012313e+00 2.716683e+00
-1.226555e-01 -1.967435e-01 2.734541e+00
-1.681080e-01 6.188260e-01 2.752398e+00
-2.687775e-01 4.760465e-01 2.778907e+00
-3.694470e-01 3.332670e-01 2.805416e+00
-1.871250e-01 3.252365e-01 2.806049e+00
-4.803000e-03 3.172060e-01 2.806681e+00
-9.487500e-02 3.413830e-01 2.748474e+00
-1.849470e-01 3.655600e-01 2.690267e+00
-1.890670e-01 2.808110e-01 2.801890e+00
-1.931870e-01 1.960620e-01 2.913514e+00
-2.967860e-01 8.197850e-02 2.853060e+00
-4.003850e-01 -3.210500e-02 2.792606e+00
-1.934180e-01 -3.252050e-02 2.788928e+00
1.354900e-02 -3.293600e-02 2.785251e+00
-8.867650e-02 -3.593750e-02 2.858277e+00
-1.909020e-01 -3.893900e-02 2.931304e+00
-3.217070e-01 1.165050e-02 2.868364e+00
-4.525120e-01 6.224000e-02 2.805423e+00
-1.958410e-01 5.205600e-02 2.813778e+00
6.083000e-02 4.187200e-02 2.822134e+00
-1.793050e-01 -8.892750e-02 2.771989e+00
-4.194400e-01 -2.197270e-01 2.721844e+00
-1.911105e-01 -2.359245e-01 2.759793e+00
3.721900e-02 -2.521220e-01 2.797743e+00
-1.861660e-01 -2.688680e-01 2.749421e+00
-4.095510e-01 -2.856140e-01 2.701100e+00
-1.947015e-01 -3.021885e-01 2.743576e+00
2.014800e-02 -3.187630e-01 2.786052e+00
-1.391475e-01 -4.423855e-01 2.802514e+00
-2.984430e-01 -5.660080e-01 2.818976e+00
-1.816290e-01 -5.653250e-01 2.815990e+00
-6.481500e-02 -5.646420e-01 2.813004e+00
-1.799935e-01 -7.773715e-01 2.854383e+00
-2.951720e-01 -9.901010e-01 2.895762e+00
-1.822690e-01 -9.903295e-01 2.887308e+00
-6.936600e-02 -9.905580e-01 2.878855e+00
-1.846750e-01 -1.004738e+00 2.807828e+00
-2.999840e-01 -1.018919e+00 2.736800e+00
-1.839950e-01 -1.017093e+00 2.727968e+00
-6.800600e-02 -1.015267e+00 2.719135e+00
-1.240505e-01 -1.991580e-01 2.735867e+00
-1.800950e-01 6.169510e-01 2.752599e+00
-2.763920e-01 4.718865e-01 2.777743e+00
-3.726890e-01 3.268220e-01 2.802886e+00
-1.902430e-01 3.227485e-01 2.804657e+00
-7.797000e-03 3.186750e-01 2.806428e+00
-9.802050e-02 3.402075e-01 2.747422e+00
-1.882440e-01 3.617400e-01 2.688417e+00
-1.912010e-01 2.782455e-01 2.801018e+00
-1.941580e-01 1.947510e-01 2.913619e+00
-2.944000e-01 8.084500e-02 2.851431e+00
-3.946420e-01 -3.306100e-02 2.789244e+00
-1.876520e-01 -3.381050e-02 2.787381e+00
1.933800e-02 -3.456000e-02 2.785517e+00
-8.352450e-02 -3.657250e-02 2.857678e+00
-1.863870e-01 -3.858500e-02 2.929838e+00
-3.178820e-01 7.525500e-03 2.866303e+00
-4.493770e-01 5.363600e-02 2.802768e+00
-1.917295e-01 4.934650e-02 2.811860e+00
6.591800e-02 4.505700e-02 2.820952e+00
-1.709415e-01 -9.071550e-02 2.768396e+00
-4.078010e-01 -2.264880e-01 2.715840e+00
-1.828030e-01 -2.379670e-01 2.757669e+00
4.219500e-02 -2.494460e-01 2.799498e+00
-1.802730e-01 -2.723525e-01 2.763011e+00
-4.027410e-01 -2.952590e-01 2.726523e+00
-1.875830e-01 -3.024960e-01 2.747035e+00
2.757500e-02 -3.097330e-01 2.767548e+00
-1.366395e-01 -4.381905e-01 2.793164e+00
-3.008540e-01 -5.666480e-01 2.818780e+00
-1.824895e-01 -5.666310e-01 2.816051e+00
-6.412500e-02 -5.666140e-01 2.813322e+00
-1.774075e-01 -7.771310e-01 2.861924e+00
-2.906900e-01 -9.876480e-01 2.910525e+00
-1.808675e-01 -9.901685e-01 2.894226e+00
-7.104500e-02 -9.926890e-01 2.877927e+00
-1.835970e-01 -1.007429e+00 2.815326e+00
-2.961490e-01 -1.022168e+00 2.752724e+00
-1.824525e-01 -1.019560e+00 2.735437e+00
-6.875600e-02 -1.016953e+00 2.718150e+00
-1.294820e-01 -2.058350e-01 2.745024e+00
-1.902080e-01 6.052830e-01 2.771898e+00
-2.818680e-01 4.639670e-01 2.788931e+00
-3.735280e-01 3.226510e-01 2.805964e+00
-1.910355e-01 3.211870e-01 2.806739e+00
-8.543000e-03 3.197230e-01 2.807514e+00
-9.937750e-02 3.412520e-01 2.749452e+00
-1.902120e-01 3.627810e-01 2.691390e+00
-1.913720e-01 2.767670e-01 2.802112e+00
-1.925320e-01 1.907530e-01 2.912834e+00
-2.941505e-01 7.830700e-02 2.855770e+00
-3.957690e-01 -3.413900e-02 2.798705e+00
-1.890740e-01 -3.493700e-02 2.787497e+00
1.762100e-02 -3.573500e-02 2.776289e+00
-8.187900e-02 -3.771500e-02 2.853020e+00
-1.813790e-01 -3.969500e-02 2.929752e+00
-3.141040e-01 4.462000e-03 2.865892e+00
-4.468290e-01 4.861900e-02 2.802031e+00
-1.908400e-01 4.742300e-02 2.812704e+00
6.514900e-02 4.622700e-02 2.823378e+00
-1.673040e-01 -9.258900e-02 2.770593e+00
-3.997570e-01 -2.314050e-01 2.717808e+00
-1.791985e-01 -2.395120e-01 2.756351e+00
4.136000e-02 -2.476190e-01 2.794894e+00
-1.766920e-01 -2.736185e-01 2.763260e+00
-3.947440e-01 -2.996180e-01 2.731627e+00
-1.826860e-01 -3.047420e-01 2.748677e+00
2.937200e-02 -3.098660e-01 2.765727e+00
-1.352445e-01 -4.389495e-01 2.793448e+00
-2.998610e-01 -5.680330e-01 2.821169e+00
-1.813530e-01 -5.677240e-01 2.815809e+00
-6.284500e-02 -5.674150e-01 2.810449e+00
-1.754100e-01 -7.791715e-01 2.856981e+00
-2.879750e-01 -9.909280e-01 2.903512e+00
-1.783475e-01 -9.918650e-01 2.891523e+00
-6.872000e-02 -9.928020e-01 2.879533e+00
-1.843505e-01 -1.007430e+00 2.812451e+00
-2.999810e-01 -1.022058e+00 2.745368e+00
-1.865770e-01 -1.020350e+00 2.732709e+00
-7.317300e-02 -1.018641e+00 2.720049e+00
-1.354630e-01 -2.070505e-01 2.749842e+00
-1.977530e-01 6.045400e-01 2.779636e+00
-2.872875e-01 4.633060e-01 2.794558e+00
-3.768220e-01 3.220720e-01 2.809481e+00
-1.943235e-01 3.225385e-01 2.810090e+00
-1.182500e-02 3.230050e-01 2.810698e+00
-1.029405e-01 3.451135e-01 2.753299e+00
-1.940560e-01 3.672220e-01 2.695899e+00
-1.941905e-01 2.782570e-01 2.804270e+00
-1.943250e-01 1.892920e-01 2.912641e+00
-2.950435e-01 7.592000e-02 2.853123e+00
-3.957620e-01 -3.745200e-02 2.793605e+00
-1.889070e-01 -3.569300e-02 2.786064e+00
1.794800e-02 -3.393400e-02 2.778523e+00
-8.285850e-02 -3.802050e-02 2.853445e+00
-1.836650e-01 -4.210700e-02 2.928366e+00
-3.191530e-01 3.543000e-03 2.867167e+00
-4.546410e-01 4.919300e-02 2.805968e+00
-1.969240e-01 4.905050e-02 2.814008e+00
6.079300e-02 4.890800e-02 2.822048e+00
-1.712450e-01 -9.023950e-02 2.770616e+00
-4.032830e-01 -2.293870e-01 2.719184e+00
-1.796515e-01 -2.369740e-01 2.752115e+00
4.398000e-02 -2.445610e-01 2.785045e+00
-1.775765e-01 -2.704855e-01 2.761599e+00
-3.991330e-01 -2.964100e-01 2.738153e+00
-1.797790e-01 -3.027150e-01 2.748420e+00
3.957500e-02 -3.090200e-01 2.758687e+00
-1.288920e-01 -4.394485e-01 2.787597e+00
-2.973590e-01 -5.698770e-01 2.816507e+00
-1.777240e-01 -5.683345e-01 2.812641e+00
-5.808900e-02 -5.667920e-01 2.808775e+00
-1.748795e-01 -7.785565e-01 2.859958e+00
-2.916700e-01 -9.903210e-01 2.911142e+00
-1.842260e-01 -9.908030e-01 2.896076e+00
-7.678200e-02 -9.912850e-01 2.881009e+00
-1.887375e-01 -1.008579e+00 2.817372e+00
-3.006930e-01 -1.025873e+00 2.753734e+00
-1.884330e-01 -1.022149e+00 2.737707e+00
-7.617300e-02 -1.018424e+00 2.721680e+00
-1.357630e-01 -2.067710e-01 2.751541e+00
-1.953530e-01 6.048820e-01 2.781402e+00
-2.875875e-01 4.632065e-01 2.796612e+00
-3.798220e-01 3.215310e-01 2.811821e+00
-1.973440e-01 3.236940e-01 2.813688e+00
-1.486600e-02 3.258570e-01 2.815555e+00
-1.058065e-01 3.484340e-01 2.758059e+00
-1.967470e-01 3.710110e-01 2.700564e+00
-1.967510e-01 2.795630e-01 2.806849e+00
-1.967550e-01 1.881150e-01 2.913134e+00
-2.954360e-01 7.619950e-02 2.851508e+00
-3.941170e-01 -3.571600e-02 2.789882e+00
-1.872260e-01 -3.199450e-02 2.784283e+00
1.966500e-02 -2.827300e-02 2.778685e+00
-8.179950e-02 -3.318250e-02 2.852663e+00
-1.832640e-01 -3.809200e-02 2.926640e+00
-3.143565e-01 3.375500e-03 2.866880e+00
-4.454490e-01 4.484300e-02 2.807120e+00
-1.904430e-01 4.892700e-02 2.817075e+00
6.456300e-02 5.301100e-02 2.827029e+00
-1.705215e-01 -9.214500e-02 2.775330e+00
-4.056060e-01 -2.373010e-01 2.723632e+00
-1.796725e-01 -2.379040e-01 2.748660e+00
4.626100e-02 -2.385070e-01 2.773688e+00
-1.778255e-01 -2.727185e-01 2.747317e+00
-4.019120e-01 -3.069300e-01 2.720946e+00
-1.804785e-01 -3.026170e-01 2.729532e+00
4.095500e-02 -2.983040e-01 2.738119e+00
-1.290290e-01 -4.325090e-01 2.775822e+00
-2.990130e-01 -5.667140e-01 2.813526e+00
-1.780090e-01 -5.647250e-01 2.808801e+00
-5.700500e-02 -5.627360e-01 2.804075e+00
-1.733345e-01 -7.752780e-01 2.854472e+00
-2.896640e-01 -9.878200e-01 2.904870e+00
-1.814165e-01 -9.874915e-01 2.891085e+00
-7.316900e-02 -9.871630e-01 2.877300e+00
-1.855165e-01 -1.004687e+00 2.812229e+00
-2.978640e-01 -1.022212e+00 2.747159e+00
-1.845160e-01 -1.018463e+00 2.732606e+00
-7.116800e-02 -1.014713e+00 2.718053e+00
-1.351545e-01 -2.010120e-01 2.745989e+00
-1.991410e-01 6.126890e-01 2.773926e+00
-2.925550e-01 4.699750e-01 2.787770e+00
-3.859690e-01 3.272610e-01 2.801615e+00
-2.036535e-01 3.265315e-01 2.809788e+00
-2.133800e-02 3.258020e-01 2.817961e+00
-1.098445e-01 3.481265e-01 2.756693e+00
-1.983510e-01 3.704510e-01 2.695425e+00
-2.035830e-01 2.822125e-01 2.804263e+00
-2.088150e-01 1.939740e-01 2.913100e+00
-3.024760e-01 7.813700e-02 2.845794e+00
-3.961370e-01 -3.770000e-02 2.778488e+00
-1.892950e-01 -3.159600e-02 2.783809e+00
1.754700e-02 -2.549200e-02 2.789129e+00
-8.753200e-02 -3.426050e-02 2.857491e+00
-1.926110e-01 -4.302900e-02 2.925853e+00
-3.203430e-01 2.850500e-03 2.866032e+00
-4.480750e-01 4.873000e-02 2.806211e+00
-1.977935e-01 5.016950e-02 2.826449e+00
5.248800e-02 5.160900e-02 2.846686e+00
-1.799960e-01 -9.202300e-02 2.785694e+00
-4.124800e-01 -2.356550e-01 2.724703e+00
-1.707475e-01 -2.140485e-01 2.700719e+00
7.098500e-02 -1.924420e-01 2.676736e+00
-1.645795e-01 -2.483865e-01 2.700353e+00
-4.001440e-01 -3.043310e-01 2.723969e+00
-1.607885e-01 -2.797645e-01 2.685576e+00
7.856700e-02 -2.551980e-01 2.647184e+00
-1.089535e-01 -4.109995e-01 2.728855e+00
-2.964740e-01 -5.668010e-01 2.810527e+00
-1.767860e-01 -5.640160e-01 2.806126e+00
-5.709800e-02 -5.612310e-01 2.801726e+00
-1.741035e-01 -7.738195e-01 2.855275e+00
-2.911090e-01 -9.864080e-01 2.908824e+00
-1.833830e-01 -9.857190e-01 2.893392e+00
-7.565700e-02 -9.850300e-01 2.877960e+00
-1.829300e-01 -1.004145e+00 2.814710e+00
-2.902030e-01 -1.023260e+00 2.751459e+00
-1.773330e-01 -1.018655e+00 2.735407e+00
-6.446300e-02 -1.014050e+00 2.719356e+00
-1.210980e-01 -1.965405e-01 2.743226e+00
-1.777330e-01 6.209690e-01 2.767095e+00
-2.847115e-01 4.750645e-01 2.784982e+00
-3.916900e-01 3.291600e-01 2.802870e+00
-2.094530e-01 3.269780e-01 2.812419e+00
-2.721600e-02 3.247960e-01 2.821968e+00
-1.150930e-01 3.496270e-01 2.760759e+00
-2.029700e-01 3.744580e-01 2.699549e+00
-2.096180e-01 2.828565e-01 2.805493e+00
-2.162660e-01 1.912550e-01 2.911436e+00
-3.037035e-01 7.886450e-02 2.839526e+00
-3.911410e-01 -3.352600e-02 2.767615e+00
-1.845260e-01 -2.877200e-02 2.779298e+00
2.208900e-02 -2.401800e-02 2.790980e+00
-8.512400e-02 -3.114350e-02 2.856144e+00
-1.923370e-01 -3.826900e-02 2.921308e+00
-3.175785e-01 5.858500e-03 2.862509e+00
-4.428200e-01 4.998600e-02 2.803711e+00
-1.933955e-01 5.241700e-02 2.826551e+00
5.602900e-02 5.484800e-02 2.849391e+00
-1.763305e-01 -8.951150e-02 2.787626e+00
-4.086900e-01 -2.338710e-01 2.725861e+00
-1.409500e-01 -1.607650e-01 2.662642e+00
1.267900e-01 -8.765900e-02 2.599422e+00
-1.331645e-01 -1.946945e-01 2.660312e+00
-3.931190e-01 -3.017300e-01 2.721203e+00
-1.329060e-01 -2.219680e-01 2.638555e+00
1.273070e-01 -1.422060e-01 2.555908e+00
-8.482800e-02 -3.526025e-01 2.681632e+00
-2.969630e-01 -5.629990e-01 2.807356e+00
-1.781325e-01 -5.615195e-01 2.800536e+00
-5.930200e-02 -5.600400e-01 2.793716e+00
-1.739405e-01 -7.709230e-01 2.851259e+00
-2.885790e-01 -9.818060e-01 2.908802e+00
-1.821465e-01 -9.821170e-01 2.893330e+00
-7.571400e-02 -9.824280e-01 2.877858e+00
-1.797865e-01 -1.001089e+00 2.814812e+00
-2.838590e-01 -1.019750e+00 2.751765e+00
-1.720075e-01 -1.017094e+00 2.735983e+00
-6.015600e-02 -1.014439e+00 2.720200e+00
-1.332715e-01 -1.990220e-01 2.744956e+00
-2.063870e-01 6.163950e-01 2.769711e+00
-2.994440e-01 4.735520e-01 2.784072e+00
-3.925010e-01 3.307090e-01 2.798433e+00
-2.105725e-01 3.287545e-01 2.812731e+00
-2.864400e-02 3.268000e-01 2.827029e+00
-1.149480e-01 3.524710e-01 2.763955e+00
-2.012520e-01 3.781420e-01 2.700882e+00
-2.104425e-01 2.847555e-01 2.805063e+00
-2.196330e-01 1.913690e-01 2.909244e+00
-3.063590e-01 7.915050e-02 2.840311e+00
-3.930850e-01 -3.306800e-02 2.771379e+00
-1.861570e-01 -2.821850e-02 2.773893e+00
2.077100e-02 -2.336900e-02 2.776407e+00
-8.344100e-02 -3.073550e-02 2.846246e+00
-1.876530e-01 -3.810200e-02 2.916085e+00
-3.166570e-01 8.179500e-03 2.856387e+00
-4.456610e-01 5.446100e-02 2.796688e+00
-1.923180e-01 5.816700e-02 2.826983e+00
6.102500e-02 6.187300e-02 2.857279e+00
-1.743500e-01 -8.222550e-02 2.787835e+00
-4.097250e-01 -2.263240e-01 2.718391e+00
-1.245535e-01 -8.952750e-02 2.649877e+00
1.606180e-01 4.726900e-02 2.581363e+00
-1.187470e-01 -1.239295e-01 2.649628e+00
-3.981120e-01 -2.951280e-01 2.717893e+00
-1.025570e-01 -1.149055e-01 2.620069e+00
1.929980e-01 6.531700e-02 2.522245e+00
-5.033300e-02 -2.489345e-01 2.661675e+00
-2.936640e-01 -5.631860e-01 2.801105e+00
-1.758105e-01 -5.609075e-01 2.797842e+00
-5.795700e-02 -5.586290e-01 2.794580e+00
-1.746860e-01 -7.694695e-01 2.852072e+00
-2.914150e-01 -9.803100e-01 2.909563e+00
-1.836110e-01 -9.810440e-01 2.892034e+00
-7.580700e-02 -9.817780e-01 2.874504e+00
-1.844145e-01 -1.001383e+00 2.813827e+00
-2.930220e-01 -1.020988e+00 2.753149e+00
-1.801775e-01 -1.016533e+00 2.734560e+00
-6.733300e-02 -1.012079e+00 2.715971e+00
-1.371065e-01 -1.959225e-01 2.739884e+00
-2.068800e-01 6.202340e-01 2.763798e+00
-3.034500e-01 4.707965e-01 2.775557e+00
-4.000200e-01 3.213590e-01 2.787316e+00
-3.826900e-02 3.295540e-01 2.835212e+00
-2.060010e-01 3.806390e-01 2.702552e+00
-2.277380e-01 1.832150e-01 2.900512e+00
-3.926250e-01 -3.104300e-02 2.744303e+00
1.905800e-02 -2.972800e-02 2.788020e+00
-2.017580e-01 -4.119500e-02 2.907502e+00
-4.400630e-01 4.757200e-02 2.782809e+00
1.267620e-01 1.087540e-01 2.810811e+00
-4.152730e-01 -2.280130e-01 2.699676e+00
1.901190e-01 3.022750e-01 2.605852e+00
-3.944500e-01 -2.944790e-01 2.695463e+00
1.855200e-01 3.624360e-01 2.570801e+00
-2.923940e-01 -5.625870e-01 2.797999e+00
-6.238200e-02 -5.630440e-01 2.786269e+00
-2.951990e-01 -9.812120e-01 2.900499e+00
-7.341900e-02 -9.843000e-01 2.876729e+00
-2.808330e-01 -1.019589e+00 2.744154e+00
-5.055300e-02 -1.018465e+00 2.720420e+00
-2.059840e-01 6.180580e-01 2.759592e+00
-3.950510e-01 3.215700e-01 2.778866e+00
-3.401600e-02 3.296430e-01 2.831910e+00
-1.996890e-01 3.793400e-01 2.696171e+00
-2.247430e-01 1.845590e-01 2.896343e+00
-3.930160e-01 -2.851300e-02 2.743774e+00
1.949200e-02 -3.420700e-02 2.778430e+00
-1.988160e-01 -4.305100e-02 2.902652e+00
-4.437710e-01 5.063400e-02 2.770854e+00
1.897710e-01 1.755030e-01 2.787139e+00
-4.188970e-01 -2.274530e-01 2.702175e+00
1.641070e-01 4.221720e-01 2.641662e+00
-3.981290e-01 -2.940700e-01 2.702264e+00
1.392600e-01 4.873290e-01 2.644145e+00
-2.908390e-01 -5.622120e-01 2.794659e+00
-6.406000e-02 -5.652650e-01 2.780807e+00
-2.940980e-01 -9.793950e-01 2.902866e+00
-7.680000e-02 -9.857190e-01 2.874708e+00
-2.833180e-01 -1.019962e+00 2.746787e+00
-5.715800e-02 -1.021252e+00 2.718266e+00
-2.170650e-01 6.197160e-01 2.766557e+00
-3.896550e-01 3.260660e-01 2.781876e+00
-2.693900e-02 3.234000e-01 2.822557e+00
-1.957520e-01 3.811370e-01 2.694063e+00
-2.191470e-01 1.814760e-01 2.889573e+00
-3.918320e-01 -2.857800e-02 2.728817e+00
1.955300e-02 -3.486900e-02 2.774847e+00
-2.021070e-01 -4.238900e-02 2.893075e+00
-4.427140e-01 5.655300e-02 2.761688e+00
2.221860e-01 2.463480e-01 2.733901e+00
-4.169320e-01 -2.216770e-01 2.693805e+00
1.252090e-01 5.144300e-01 2.696323e+00
-3.953000e-01 -2.867880e-01 2.681087e+00
9.143200e-02 5.737160e-01 2.710930e+00
-2.893870e-01 -5.619960e-01 2.788387e+00
-6.450600e-02 -5.658870e-01 2.774295e+00
-2.974750e-01 -9.776110e-01 2.902227e+00
-7.359300e-02 -9.842340e-01 2.877565e+00
-2.821940e-01 -1.020394e+00 2.747118e+00
-4.982800e-02 -1.023034e+00 2.722477e+00
-1.998360e-01 6.227320e-01 2.757725e+00
-3.796730e-01 3.238170e-01 2.782984e+00
-1.987000e-02 3.089120e-01 2.790921e+00
-1.926560e-01 3.720490e-01 2.677909e+00
-2.052390e-01 1.735930e-01 2.875629e+00
-3.812610e-01 -3.031700e-02 2.736167e+00
3.208700e-02 -5.045700e-02 2.747714e+00
-1.791140e-01 -5.189100e-02 2.883946e+00
-4.390610e-01 5.333400e-02 2.753564e+00
2.100810e-01 3.730660e-01 2.647532e+00
-4.206160e-01 -2.290490e-01 2.686852e+00
4.961400e-02 5.959450e-01 2.742959e+00
-4.012880e-01 -2.904780e-01 2.659980e+00
2.018600e-02 6.273470e-01 2.797887e+00
-2.893020e-01 -5.674780e-01 2.783688e+00
-6.242200e-02 -5.771060e-01 2.766486e+00
-2.958660e-01 -9.827500e-01 2.898871e+00
-7.913000e-02 -9.940020e-01 2.874559e+00
-2.951610e-01 -1.025959e+00 2.743130e+00
-6.891700e-02 -1.034862e+00 2.718518e+00
-2.054410e-01 6.177810e-01 2.763642e+00
-3.907300e-01 3.158870e-01 2.787343e+00
-3.463500e-02 3.053610e-01 2.772611e+00
-2.114050e-01 3.648330e-01 2.669914e+00
-2.088930e-01 1.689740e-01 2.870587e+00
-3.784040e-01 -3.200100e-02 2.741928e+00
3.489100e-02 -5.392800e-02 2.731811e+00
-1.689330e-01 -5.525000e-02 2.878853e+00
-4.378330e-01 4.310500e-02 2.751189e+00
1.566570e-01 4.213150e-01 2.605585e+00
-4.177530e-01 -2.364470e-01 2.671222e+00
1.729000e-02 6.340520e-01 2.747948e+00
-3.976820e-01 -3.018140e-01 2.685128e+00
-4.168000e-03 6.483690e-01 2.812783e+00
-2.867880e-01 -5.703850e-01 2.776325e+00
-6.127400e-02 -5.796130e-01 2.762327e+00
-2.966210e-01 -9.829600e-01 2.900608e+00
-7.378400e-02 -9.963470e-01 2.871588e+00
-3.042010e-01 -1.029361e+00 2.745972e+00
-7.263500e-02 -1.037368e+00 2.715260e+00
-2.064850e-01 6.109810e-01 2.762069e+00
-3.977360e-01 3.130380e-01 2.800159e+00
-4.626500e-02 3.091710e-01 2.759516e+00
-2.284920e-01 3.653780e-01 2.669931e+00
-2.075720e-01 1.694800e-01 2.869487e+00
-3.816660e-01 -3.577900e-02 2.762220e+00
2.869800e-02 -4.998500e-02 2.709351e+00
-1.587460e-01 -5.492800e-02 2.876706e+00
-4.392340e-01 3.949700e-02 2.762050e+00
8.824400e-02 4.647460e-01 2.570565e+00
-4.161240e-01 -2.342820e-01 2.664444e+00
-1.226300e-02 6.883840e-01 2.728365e+00
-4.009660e-01 -3.021310e-01 2.670433e+00
-3.712500e-02 7.407660e-01 2.767186e+00
-2.822910e-01 -5.735840e-01 2.770626e+00
-5.635400e-02 -5.767160e-01 2.759459e+00
-3.006750e-01 -9.843070e-01 2.899969e+00
-7.194400e-02 -9.928270e-01 2.870680e+00
-3.216950e-01 -1.031586e+00 2.746850e+00
-8.524200e-02 -1.033955e+00 2.714942e+00
-1.978340e-01 6.155020e-01 2.757196e+00
-4.023630e-01 3.106910e-01 2.837067e+00
-6.479700e-02 3.127720e-01 2.746675e+00
-2.549280e-01 3.652510e-01 2.683352e+00
-2.015160e-01 1.709250e-01 2.878342e+00
-3.821520e-01 -3.873300e-02 2.798257e+00
1.491200e-02 -3.860100e-02 2.681056e+00
-1.434010e-01 -5.039700e-02 2.875903e+00
-4.313890e-01 3.951800e-02 2.771598e+00
1.700100e-02 5.173920e-01 2.573172e+00
-4.117950e-01 -2.357440e-01 2.673681e+00
-3.193400e-02 8.019380e-01 2.524391e+00
-4.001500e-01 -3.016150e-01 2.693544e+00
-4.073200e-02 8.506240e-01 2.573599e+00
-2.797780e-01 -5.735970e-01 2.763497e+00
-5.130000e-02 -5.673810e-01 2.758861e+00
-2.999710e-01 -9.837120e-01 2.894491e+00
-6.619200e-02 -9.854550e-01 2.862558e+00
-3.413740e-01 -1.029394e+00 2.745087e+00
-1.034250e-01 -1.022068e+00 2.709601e+00
-1.852610e-01 5.989960e-01 2.756915e+00
-4.109600e-01 2.998240e-01 2.855264e+00
-8.499200e-02 3.245900e-01 2.738183e+00
-2.809400e-01 3.615460e-01 2.689048e+00
-1.974550e-01 1.762820e-01 2.882294e+00
-3.808190e-01 -3.949200e-02 2.816323e+00
4.694000e-03 -3.059600e-02 2.665671e+00
-1.361020e-01 -4.341700e-02 2.873467e+00
-4.288650e-01 2.995200e-02 2.779732e+00
-1.660200e-02 5.529570e-01 2.589763e+00
-4.074230e-01 -2.471620e-01 2.686460e+00
-4.249200e-02 7.986950e-01 2.431985e+00
-3.864950e-01 -3.116730e-01 2.702874e+00
-4.732500e-02 8.482200e-01 2.383067e+00
-2.763200e-01 -5.720180e-01 2.762554e+00
-4.864700e-02 -5.601950e-01 2.762761e+00
-3.008730e-01 -9.831960e-01 2.889404e+00
-6.216300e-02 -9.799410e-01 2.859673e+00
-3.524310e-01 -1.025534e+00 2.742190e+00
-1.127410e-01 -1.012926e+00 2.709751e+00
-1.820530e-01 5.934270e-01 2.752207e+00
-4.087220e-01 2.930800e-01 2.864125e+00
-8.606500e-02 3.219590e-01 2.736020e+00
-2.849880e-01 3.564660e-01 2.693789e+00
-1.929630e-01 1.721250e-01 2.884015e+00
-3.797130e-01 -4.752200e-02 2.820690e+00
5.688000e-03 -3.142800e-02 2.670348e+00
-1.350440e-01 -4.520300e-02 2.878126e+00
-4.286820e-01 2.359800e-02 2.786586e+00
-3.950800e-02 5.420870e-01 2.567474e+00
-4.027460e-01 -2.562380e-01 2.701967e+00
-3.984800e-02 7.627920e-01 2.374004e+00
-3.736720e-01 -3.188060e-01 2.691526e+00
-3.617000e-02 7.999480e-01 2.315055e+00
-2.808640e-01 -5.776190e-01 2.766874e+00
-4.370400e-02 -5.632420e-01 2.766585e+00
-2.987160e-01 -9.892120e-01 2.893495e+00
-5.925900e-02 -9.823920e-01 2.865743e+00
-3.523620e-01 -1.031912e+00 2.747134e+00
-1.083580e-01 -1.016114e+00 2.715494e+00
-1.790410e-01 5.984760e-01 2.755309e+00
-4.079250e-01 2.948230e-01 2.903792e+00
-1.002170e-01 3.076260e-01 2.734494e+00
-3.047910e-01 3.449260e-01 2.716188e+00
-1.938090e-01 1.693960e-01 2.904626e+00
-3.601440e-01 -4.209700e-02 2.846559e+00
3.020000e-04 -3.950500e-02 2.642922e+00
-1.098160e-01 -4.525000e-02 2.868773e+00
-4.189680e-01 2.855800e-02 2.802854e+00
-1.254600e-02 4.978250e-01 2.541244e+00
-3.900870e-01 -2.601700e-01 2.737165e+00
-2.295800e-02 7.187220e-01 2.342224e+00
-3.800620e-01 -3.267480e-01 2.718836e+00
-3.884600e-02 7.517810e-01 2.282863e+00
-2.781730e-01 -5.760000e-01 2.776891e+00
-4.305800e-02 -5.643420e-01 2.775303e+00
-3.021950e-01 -9.887450e-01 2.898649e+00
-6.501200e-02 -9.844150e-01 2.869207e+00
-3.753920e-01 -1.025582e+00 2.759337e+00
-1.372820e-01 -1.012345e+00 2.727364e+00
-1.866970e-01 5.988390e-01 2.754455e+00
-3.911860e-01 3.016000e-01 2.878283e+00
-6.431000e-02 3.131410e-01 2.747692e+00
-2.650800e-01 3.559020e-01 2.706553e+00
-1.812170e-01 1.711660e-01 2.900140e+00
-3.736290e-01 -4.527400e-02 2.832909e+00
1.017700e-02 -4.256400e-02 2.677724e+00
-1.282930e-01 -4.843800e-02 2.887388e+00
-4.275850e-01 2.781300e-02 2.808505e+00
4.278000e-03 4.896470e-01 2.534866e+00
-3.851760e-01 -2.595370e-01 2.744586e+00
-1.591600e-02 7.030310e-01 2.328677e+00
-3.794390e-01 -3.284200e-01 2.735026e+00
-3.083500e-02 7.312000e-01 2.266604e+00
-2.797300e-01 -5.794250e-01 2.786109e+00
-4.362900e-02 -5.698280e-01 2.784185e+00
-3.028380e-01 -9.929600e-01 2.905342e+00
-6.699300e-02 -9.912990e-01 2.871234e+00
-3.591390e-01 -1.032019e+00 2.758961e+00
-1.200610e-01 -1.019351e+00 2.721169e+00
-1.882990e-01 6.073740e-01 2.749382e+00
-3.816700e-01 3.076440e-01 2.876616e+00
-5.051500e-02 3.169460e-01 2.752906e+00
-2.513190e-01 3.613740e-01 2.707903e+00
-1.732830e-01 1.754830e-01 2.902817e+00
-3.692770e-01 -3.770000e-02 2.840576e+00
1.385400e-02 -4.647300e-02 2.683956e+00
-1.238500e-01 -4.525700e-02 2.894202e+00
-4.189370e-01 3.322300e-02 2.810216e+00
2.606200e-02 4.748950e-01 2.528646e+00
-3.894710e-01 -2.580120e-01 2.758105e+00
-5.412000e-03 6.847550e-01 2.320392e+00
-3.776270e-01 -3.263850e-01 2.750757e+00
-9.321000e-03 7.116440e-01 2.256121e+00
-2.816310e-01 -5.750840e-01 2.797088e+00
-4.301400e-02 -5.708770e-01 2.789741e+00
-3.010920e-01 -9.918210e-01 2.905312e+00
-6.845200e-02 -9.932590e-01 2.871639e+00
-3.597840e-01 -1.027100e+00 2.758911e+00
-1.230310e-01 -1.019043e+00 2.721709e+00
-1.873910e-01 6.126580e-01 2.760039e+00
-3.739110e-01 3.189260e-01 2.857379e+00
-2.420900e-02 3.310620e-01 2.778505e+00
-2.223880e-01 3.731980e-01 2.707587e+00
-1.698230e-01 1.888850e-01 2.912287e+00
-3.784820e-01 -3.285900e-02 2.832885e+00
2.224300e-02 -3.829800e-02 2.729029e+00
-1.425100e-01 -4.334000e-02 2.918762e+00
-4.268050e-01 4.206900e-02 2.817465e+00
6.064700e-02 4.234690e-01 2.522964e+00
-3.983710e-01 -2.473820e-01 2.756298e+00
1.301000e-02 6.098270e-01 2.296396e+00
-3.880540e-01 -3.152490e-01 2.768814e+00
-2.149400e-02 6.351150e-01 2.241268e+00
-2.795000e-01 -5.694600e-01 2.800946e+00
-4.905400e-02 -5.666460e-01 2.800368e+00
-2.994490e-01 -9.874450e-01 2.904155e+00
-6.595900e-02 -9.902700e-01 2.877941e+00
-3.383350e-01 -1.023300e+00 2.751430e+00
-1.007930e-01 -1.017352e+00 2.722456e+00
-1.903110e-01 6.262570e-01 2.777869e+00
-3.590130e-01 3.275440e-01 2.838809e+00
3.609000e-03 3.347430e-01 2.810293e+00
-1.868020e-01 3.853110e-01 2.714918e+00
-1.671910e-01 1.897530e-01 2.914939e+00
-3.803240e-01 -2.657300e-02 2.802668e+00
3.249300e-02 -3.158400e-02 2.771788e+00
-1.634040e-01 -3.759200e-02 2.929127e+00
-4.258710e-01 5.128200e-02 2.823964e+00
8.076600e-02 3.559900e-01 2.537151e+00
-4.082280e-01 -2.375060e-01 2.756217e+00
2.707000e-02 5.129770e-01 2.290632e+00
-4.003400e-01 -3.060590e-01 2.766576e+00
-9.760000e-04 5.361330e-01 2.231082e+00
-2.816140e-01 -5.624170e-01 2.806236e+00
-4.726000e-02 -5.619480e-01 2.805872e+00
-2.971060e-01 -9.808250e-01 2.908491e+00
-6.651300e-02 -9.860480e-01 2.880231e+00
-3.108070e-01 -1.018579e+00 2.751936e+00
-7.232300e-02 -1.013687e+00 2.721093e+00
-1.942420e-01 6.281560e-01 2.781133e+00
-3.488720e-01 3.300800e-01 2.843393e+00
1.517900e-02 3.364270e-01 2.817871e+00
-1.754680e-01 3.880370e-01 2.721268e+00
-1.580810e-01 1.913290e-01 2.920367e+00
-3.782230e-01 -2.508200e-02 2.816548e+00
3.372800e-02 -2.805700e-02 2.775525e+00
-1.582260e-01 -3.636100e-02 2.937549e+00
-4.252930e-01 5.623900e-02 2.822935e+00
9.175000e-02 2.475680e-01 2.558086e+00
-4.058900e-01 -2.353810e-01 2.766923e+00
7.189300e-02 3.930470e-01 2.299246e+00
-4.008320e-01 -3.045520e-01 2.774595e+00
6.721600e-02 4.270050e-01 2.238467e+00
-2.843410e-01 -5.602510e-01 2.807592e+00
-4.828000e-02 -5.595480e-01 2.807544e+00
-2.946220e-01 -9.786680e-01 2.910465e+00
-6.534800e-02 -9.837180e-01 2.882036e+00
-3.132390e-01 -1.016568e+00 2.754453e+00
-7.535000e-02 -1.011231e+00 2.723084e+00
-1.955300e-01 6.175390e-01 2.783621e+00
-3.418890e-01 3.348380e-01 2.829897e+00
2.272300e-02 3.283800e-01 2.845416e+00
-1.539530e-01 3.872520e-01 2.728532e+00
-1.658900e-01 1.889830e-01 2.926480e+00
-3.731970e-01 -1.984800e-02 2.792286e+00
4.002400e-02 -2.707800e-02 2.816617e+00
-1.751280e-01 -3.419500e-02 2.946332e+00
-4.158890e-01 5.811300e-02 2.829731e+00
7.214700e-02 1.891090e-01 2.600031e+00
-4.102460e-01 -2.363920e-01 2.778059e+00
5.283800e-02 8.664700e-02 2.319738e+00
-3.904740e-01 -3.032840e-01 2.776134e+00
3.567100e-02 5.388200e-02 2.260571e+00
-2.896960e-01 -5.549950e-01 2.813277e+00
-5.167000e-02 -5.587670e-01 2.810578e+00
-2.924930e-01 -9.765420e-01 2.903004e+00
-6.541400e-02 -9.831070e-01 2.884793e+00
-2.882370e-01 -1.010206e+00 2.744981e+00
-5.105200e-02 -1.011293e+00 2.726294e+00
-1.980400e-01 6.202090e-01 2.763336e+00
-3.618700e-01 3.295150e-01 2.855514e+00
8.620000e-04 3.346410e-01 2.815213e+00
-1.933760e-01 3.870280e-01 2.726502e+00
-1.685920e-01 1.900130e-01 2.924510e+00
-3.804530e-01 -2.396000e-02 2.828061e+00
3.143000e-02 -2.537200e-02 2.786272e+00
-1.602220e-01 -3.721700e-02 2.948435e+00
-4.265140e-01 4.937200e-02 2.831922e+00
8.253000e-02 1.073580e-01 2.657453e+00
-4.087460e-01 -2.474530e-01 2.784158e+00
6.324100e-02 -9.055800e-02 2.431268e+00
-3.979420e-01 -3.068860e-01 2.749228e+00
5.042100e-02 -1.522260e-01 2.401239e+00
-2.892480e-01 -5.583590e-01 2.815029e+00
-5.152500e-02 -5.574090e-01 2.814674e+00
-2.938940e-01 -9.803380e-01 2.902630e+00
-6.451000e-02 -9.826090e-01 2.883934e+00
-3.134110e-01 -1.012743e+00 2.745494e+00
-7.564000e-02 -1.008201e+00 2.724737e+00
-1.768030e-01 6.156820e-01 2.774524e+00
-3.582920e-01 3.313010e-01 2.849226e+00
3.550000e-03 3.303480e-01 2.801323e+00
-1.920030e-01 3.797170e-01 2.713778e+00
-1.649250e-01 1.938640e-01 2.922013e+00
-3.789530e-01 -2.588300e-02 2.837546e+00
3.062900e-02 -2.837600e-02 2.777280e+00
-1.535550e-01 -3.905600e-02 2.947953e+00
-4.262550e-01 4.889000e-02 2.832533e+00
7.040300e-02 6.116500e-02 2.713431e+00
-4.106670e-01 -2.512800e-01 2.788659e+00
5.978100e-02 -2.121000e-01 2.581208e+00
-3.988190e-01 -3.109050e-01 2.754402e+00
3.688200e-02 -2.761410e-01 2.565601e+00
-2.938790e-01 -5.602770e-01 2.818560e+00
-5.326800e-02 -5.602310e-01 2.811678e+00
-2.903980e-01 -9.852400e-01 2.890359e+00
-6.638000e-02 -9.853720e-01 2.881276e+00
-3.176980e-01 -1.011996e+00 2.733319e+00
-8.480500e-02 -1.010760e+00 2.722725e+00
-1.707840e-01 6.182250e-01 2.774279e+00
