-3.245360e-01 2.052970e-01 2.764836e+00
4.426500e-02 1.667100e-01 2.879033e+00
-1.854100e-01 1.243000e-02 2.909497e+00
5.431000e-03 -1.701720e-01 2.820130e+00
-3.528860e-01 -2.682900e-02 2.681776e+00
-2.381540e-01 -2.533530e-01 2.587938e+00
-2.437000e-01 -3.194410e-01 2.622349e+00
-6.021000e-03 -6.396220e-01 2.746437e+00
-9.813100e-02 -1.040102e+00 2.817291e+00
6.683700e-02 -1.087360e+00 2.764638e+00
-1.039220e-01 5.040790e-01 2.666559e+00
4.363300e-02 1.614510e-01 2.884236e+00
-1.797490e-01 -2.561000e-03 2.910344e+00
6.048000e-03 -1.743920e-01 2.809180e+00
-3.546680e-01 -3.526800e-02 2.684848e+00
-2.380400e-01 -2.590290e-01 2.590487e+00
-2.436480e-01 -3.268180e-01 2.621404e+00
-5.128000e-03 -6.446860e-01 2.748535e+00
-1.009490e-01 -1.044808e+00 2.816430e+00
6.458300e-02 -1.092938e+00 2.766402e+00
-1.122410e-01 4.986420e-01 2.672011e+00
4.396300e-02 1.703650e-01 2.890092e+00
-1.740990e-01 1.070000e-04 2.920789e+00
1.522700e-02 -1.804710e-01 2.814164e+00
-3.482430e-01 -3.848300e-02 2.690383e+00
-2.408140e-01 -2.708670e-01 2.610251e+00
-2.477580e-01 -3.377590e-01 2.642806e+00
4.426000e-03 -6.415080e-01 2.744725e+00
-1.017530e-01 -1.037279e+00 2.822057e+00
6.253300e-02 -1.090848e+00 2.773472e+00
-1.170770e-01 4.984940e-01 2.680157e+00
4.595400e-02 1.793640e-01 2.883252e+00
-1.674380e-01 4.683000e-03 2.921084e+00
6.006000e-03 -1.736710e-01 2.813939e+00
-3.534270e-01 -4.189800e-02 2.691498e+00
-2.317740e-01 -2.647040e-01 2.604733e+00
-2.413390e-01 -3.336840e-01 2.631804e+00
-3.480000e-03 -6.437260e-01 2.748786e+00
-1.049910e-01 -1.042529e+00 2.816170e+00
5.945500e-02 -1.093045e+00 2.764929e+00
-1.170040e-01 5.040490e-01 2.670371e+00
4.328000e-02 1.650680e-01 2.886663e+00
-1.787460e-01 -6.900000e-05 2.916910e+00
3.689000e-03 -1.749840e-01 2.817301e+00
-3.554140e-01 -3.789900e-02 2.688909e+00
-2.389370e-01 -2.648330e-01 2.603330e+00
-2.429370e-01 -3.319940e-01 2.635826e+00
-1.137000e-03 -6.440360e-01 2.752352e+00
-1.017370e-01 -1.043624e+00 2.816373e+00
6.331600e-02 -1.093217e+00 2.766191e+00
-1.097300e-01 5.038680e-01 2.673195e+00
3.806300e-02 1.669770e-01 2.902189e+00
-1.905420e-01 9.346000e-03 2.921515e+00
-4.170000e-04 -1.723520e-01 2.835854e+00
-3.530640e-01 -2.609700e-02 2.689706e+00
-2.305170e-01 -2.480930e-01 2.605361e+00
-2.385050e-01 -3.171170e-01 2.632831e+00
3.360000e-04 -6.391450e-01 2.753661e+00
-9.486000e-02 -1.039292e+00 2.822285e+00
7.139600e-02 -1.087064e+00 2.774356e+00
-1.008110e-01 5.086510e-01 2.678276e+00
4.272200e-02 1.682300e-01 2.895418e+00
-1.903830e-01 1.908800e-02 2.925412e+00
3.406000e-03 -1.711300e-01 2.831738e+00
-3.525370e-01 -2.234400e-02 2.686249e+00
-2.255360e-01 -2.467420e-01 2.609620e+00
-2.339980e-01 -3.151210e-01 2.638522e+00
4.997000e-03 -6.382540e-01 2.754924e+00
-9.869900e-02 -1.037116e+00 2.818525e+00
6.627500e-02 -1.087864e+00 2.769245e+00
-9.041200e-02 5.057150e-01 2.682997e+00
3.129000e-02 1.609140e-01 2.908270e+00
-2.054460e-01 1.482500e-02 2.918045e+00
3.082000e-03 -1.724400e-01 2.837316e+00
-3.501330e-01 -1.396900e-02 2.679878e+00
-2.240480e-01 -2.403290e-01 2.608537e+00
-2.309960e-01 -3.083830e-01 2.638588e+00
1.115000e-03 -6.387360e-01 2.763769e+00
-9.735500e-02 -1.040781e+00 2.814288e+00
7.319700e-02 -1.086593e+00 2.782142e+00
-9.324300e-02 5.070730e-01 2.680979e+00
5.264300e-02 1.778780e-01 2.889139e+00
-1.806990e-01 3.047400e-02 2.925251e+00
2.467100e-02 -1.732100e-01 2.832168e+00
-3.163530e-01 -7.413000e-03 2.659973e+00
-2.448040e-01 -2.602340e-01 2.601500e+00
-2.575140e-01 -3.195330e-01 2.645142e+00
1.102500e-02 -6.342180e-01 2.755814e+00
-9.343900e-02 -1.032950e+00 2.818975e+00
7.269700e-02 -1.083646e+00 2.773709e+00
-7.152200e-02 5.075130e-01 2.701489e+00
3.756000e-02 1.776510e-01 2.915013e+00
-1.954450e-01 2.568300e-02 2.924786e+00
-5.210000e-03 -1.740810e-01 2.844379e+00
-3.311130e-01 -7.129000e-03 2.643935e+00
-2.259490e-01 -2.467690e-01 2.581539e+00
-2.019420e-01 -3.064000e-01 2.619624e+00
9.685000e-03 -6.394680e-01 2.769961e+00
-9.266800e-02 -1.041066e+00 2.816126e+00
7.825300e-02 -1.087905e+00 2.787623e+00
-7.331700e-02 5.136370e-01 2.678187e+00
1.852300e-02 1.694080e-01 2.921162e+00
-2.133360e-01 1.579000e-02 2.910032e+00
-2.242100e-02 -1.796050e-01 2.849225e+00
-3.095960e-01 -5.130000e-03 2.603337e+00
-1.653110e-01 -2.163860e-01 2.516379e+00
-1.261910e-01 -2.750860e-01 2.491747e+00
1.277000e-02 -6.392390e-01 2.775799e+00
-9.929200e-02 -1.038880e+00 2.816031e+00
7.327400e-02 -1.087896e+00 2.809803e+00
-6.962400e-02 5.064250e-01 2.661796e+00
-3.302200e-02 1.353590e-01 2.928799e+00
-2.682280e-01 1.895000e-03 2.862874e+00
-5.647600e-02 -1.841250e-01 2.862514e+00
-2.589450e-01 1.349400e-02 2.555072e+00
-1.423860e-01 -1.845080e-01 2.409975e+00
-1.103810e-01 -2.389880e-01 2.370096e+00
1.370700e-02 -6.323630e-01 2.775639e+00
-1.054220e-01 -1.030494e+00 2.810127e+00
6.645100e-02 -1.080900e+00 2.821926e+00
-6.016300e-02 4.947120e-01 2.667887e+00
-7.350300e-02 9.511900e-02 2.933660e+00
-3.177040e-01 3.449400e-02 2.814616e+00
-8.492700e-02 -1.903610e-01 2.878165e+00
-3.286150e-01 5.959200e-02 2.498862e+00
-1.316490e-01 -1.083430e-01 2.413201e+00
-7.734500e-02 -1.540860e-01 2.389936e+00
5.515000e-03 -6.290010e-01 2.773310e+00
-1.039500e-01 -1.029360e+00 2.813545e+00
6.741300e-02 -1.073135e+00 2.844180e+00
-6.452500e-02 4.990760e-01 2.675483e+00
-9.916900e-02 9.563100e-02 2.937152e+00
-3.213600e-01 4.946200e-02 2.775968e+00
-1.117230e-01 -1.745210e-01 2.866057e+00
-3.373460e-01 9.210800e-02 2.477490e+00
-1.286890e-01 -5.078400e-02 2.378487e+00
-9.289100e-02 -1.050410e-01 2.415329e+00
3.295000e-03 -6.243160e-01 2.775542e+00
-1.015710e-01 -1.026732e+00 2.806413e+00
6.633300e-02 -1.066705e+00 2.855715e+00
-6.393300e-02 4.987040e-01 2.658985e+00
-1.051550e-01 8.842900e-02 2.886495e+00
-3.302420e-01 5.528200e-02 2.726126e+00
-1.095420e-01 -1.773070e-01 2.845396e+00
-3.198120e-01 1.207680e-01 2.404230e+00
-1.002090e-01 -2.491900e-02 2.343867e+00
-7.928700e-02 -8.992400e-02 2.374185e+00
-7.107000e-03 -6.156470e-01 2.765219e+00
-1.068030e-01 -1.018264e+00 2.808221e+00
6.030300e-02 -1.053757e+00 2.863323e+00
-7.218000e-02 5.120160e-01 2.650708e+00
-1.797940e-01 9.772900e-02 2.923083e+00
-3.542460e-01 4.015900e-02 2.713958e+00
-1.647660e-01 -1.899230e-01 2.836938e+00
-3.149840e-01 1.562030e-01 2.353686e+00
-1.122740e-01 -1.836200e-02 2.329892e+00
-7.332600e-02 -7.231900e-02 2.363866e+00
-2.028600e-02 -6.390040e-01 2.763377e+00
-1.184670e-01 -1.042300e+00 2.803403e+00
4.478300e-02 -1.075405e+00 2.870287e+00
-8.387400e-02 4.860280e-01 2.645560e+00
-2.431800e-01 1.194020e-01 2.891489e+00
-4.034140e-01 5.520900e-02 2.673120e+00
-1.853160e-01 -1.879770e-01 2.797156e+00
-3.295310e-01 1.519740e-01 2.311421e+00
-1.179620e-01 -9.440000e-03 2.311935e+00
-9.113600e-02 -6.112900e-02 2.358745e+00
-4.375000e-02 -6.362680e-01 2.741679e+00
-1.253470e-01 -1.041096e+00 2.799516e+00
2.930000e-02 -1.059516e+00 2.888764e+00
-9.177800e-02 4.879870e-01 2.619464e+00
-2.452430e-01 1.011360e-01 2.818639e+00
-4.373020e-01 7.247200e-02 2.619208e+00
-2.049830e-01 -1.940860e-01 2.756433e+00
-3.907140e-01 1.304100e-01 2.305068e+00
-1.674420e-01 -7.393000e-03 2.314204e+00
-1.535010e-01 -7.519800e-02 2.342325e+00
-6.073200e-02 -6.225330e-01 2.682472e+00
-1.476060e-01 -1.020657e+00 2.771013e+00
9.111000e-03 -1.035678e+00 2.857234e+00
-1.120780e-01 4.988530e-01 2.598384e+00
-2.474880e-01 8.315100e-02 2.826161e+00
-1.642860e-01 2.200930e-01 2.654777e+00
-4.515380e-01 6.248700e-02 2.637966e+00
-2.914180e-01 -1.759320e-01 2.432650e+00
-2.174460e-01 -1.856540e-01 2.722705e+00
-4.485750e-01 -2.206190e-01 2.625854e+00
-4.268580e-01 1.097780e-01 2.343185e+00
-8.384100e-02 1.022000e-01 2.651866e+00
-2.155140e-01 -3.689500e-02 2.300915e+00
1.546280e-01 1.938260e-01 2.708295e+00
-1.821820e-01 -8.547900e-02 2.346862e+00
1.901960e-01 2.569580e-01 2.726513e+00
-6.071900e-02 -6.285230e-01 2.640974e+00
-3.357740e-01 -6.583210e-01 2.457568e+00
-1.588770e-01 -1.018593e+00 2.750971e+00
-3.500740e-01 -1.062793e+00 2.557999e+00
1.120100e-02 -1.047393e+00 2.800612e+00
-3.550470e-01 -1.105868e+00 2.383815e+00
-1.503640e-01 4.929370e-01 2.600827e+00
-3.734480e-01 2.541290e-01 2.509401e+00
-2.371080e-01 7.027100e-02 2.822693e+00
-1.886270e-01 2.218290e-01 2.650276e+00
-4.560550e-01 3.184400e-02 2.655163e+00
-3.189150e-01 -1.893440e-01 2.415860e+00
-2.164430e-01 -1.878290e-01 2.697277e+00
-4.532690e-01 -2.390930e-01 2.624419e+00
-4.862850e-01 8.813400e-02 2.376354e+00
-1.171380e-01 1.160710e-01 2.618083e+00
-2.862950e-01 -5.611100e-02 2.285806e+00
1.217630e-01 2.257920e-01 2.636155e+00
-2.394550e-01 -1.003940e-01 2.323589e+00
1.663170e-01 2.839060e-01 2.650999e+00
-5.164700e-02 -6.291450e-01 2.609742e+00
-3.514950e-01 -6.630940e-01 2.444534e+00
-1.567390e-01 -1.009506e+00 2.744542e+00
-3.540370e-01 -1.064647e+00 2.556952e+00
1.612300e-02 -1.046033e+00 2.776239e+00
-3.930390e-01 -1.111653e+00 2.388163e+00
-1.817170e-01 4.866190e-01 2.583603e+00
-4.030990e-01 2.378490e-01 2.524069e+00
-2.791690e-01 9.122500e-02 2.861244e+00
-2.300660e-01 2.350540e-01 2.682498e+00
-4.764220e-01 1.841700e-02 2.678840e+00
-3.127060e-01 -1.881330e-01 2.380146e+00
-2.337330e-01 -1.755670e-01 2.668770e+00
-4.636450e-01 -2.307880e-01 2.578692e+00
-4.814270e-01 3.885900e-02 2.408248e+00
-2.379360e-01 1.156290e-01 2.622142e+00
-3.211160e-01 -1.359000e-01 2.289334e+00
-3.899600e-02 2.228960e-01 2.481869e+00
-2.736880e-01 -1.834790e-01 2.256632e+00
1.437500e-02 2.750930e-01 2.484967e+00
-4.500400e-02 -6.189430e-01 2.583167e+00
-3.594600e-01 -6.681150e-01 2.452262e+00
-1.503000e-01 -9.992580e-01 2.717933e+00
-3.475020e-01 -1.071042e+00 2.559012e+00
2.280000e-02 -1.036927e+00 2.746880e+00
-3.500080e-01 -1.117078e+00 2.385534e+00
-2.294690e-01 4.859800e-01 2.579438e+00
-4.108680e-01 2.403390e-01 2.519052e+00
-3.104910e-01 1.292230e-01 2.876993e+00
-2.588070e-01 2.686100e-01 2.695478e+00
-4.741920e-01 2.166700e-02 2.679219e+00
-2.942450e-01 -1.539070e-01 2.355918e+00
-2.567990e-01 -1.010720e-01 2.648331e+00
-4.698160e-01 -1.792240e-01 2.536354e+00
-4.980410e-01 2.572800e-02 2.440473e+00
-1.848070e-01 2.056110e-01 2.680807e+00
-2.993110e-01 -1.036540e-01 2.318152e+00
-3.830600e-02 3.357080e-01 2.498729e+00
-3.069790e-01 -1.670700e-01 2.279393e+00
2.743000e-03 3.841770e-01 2.459381e+00
-5.394400e-02 -5.854890e-01 2.569613e+00
-3.512740e-01 -6.123430e-01 2.459497e+00
-1.245770e-01 -9.782360e-01 2.690649e+00
-3.505490e-01 -1.019881e+00 2.547825e+00
5.222500e-02 -1.005460e+00 2.705487e+00
-3.502290e-01 -1.057902e+00 2.372399e+00
-2.323280e-01 4.773840e-01 2.535376e+00
-4.169790e-01 2.144560e-01 2.522781e+00
-3.079420e-01 1.058380e-01 2.878951e+00
-2.680670e-01 2.523490e-01 2.700086e+00
-4.616980e-01 -1.164500e-02 2.678857e+00
-2.874560e-01 -1.583020e-01 2.353444e+00
-2.562420e-01 -1.051700e-01 2.646534e+00
-4.674430e-01 -1.812610e-01 2.529798e+00
-5.069310e-01 -8.044000e-03 2.469339e+00
-1.948610e-01 2.208120e-01 2.692646e+00
-2.701070e-01 2.909600e-02 2.349046e+00
-7.748300e-02 3.542460e-01 2.490991e+00
-2.227830e-01 -2.604700e-02 2.331657e+00
-5.013800e-02 4.033310e-01 2.441742e+00
-4.146200e-02 -5.846980e-01 2.565331e+00
-3.547080e-01 -6.180740e-01 2.466552e+00
-1.148960e-01 -9.731360e-01 2.698042e+00
-3.394850e-01 -1.025786e+00 2.552739e+00
6.179200e-02 -1.002517e+00 2.709813e+00
-3.243940e-01 -1.062239e+00 2.377629e+00
-2.681200e-01 4.555750e-01 2.528641e+00
-4.512830e-01 1.938500e-01 2.532814e+00
-3.063920e-01 9.927800e-02 2.880099e+00
-2.900060e-01 2.435560e-01 2.695807e+00
-4.701180e-01 -3.066200e-02 2.696278e+00
-3.076190e-01 -1.595770e-01 2.357774e+00
-2.477560e-01 -1.104320e-01 2.647084e+00
-4.634720e-01 -2.027360e-01 2.552377e+00
-4.877370e-01 -4.801200e-02 2.494699e+00
-2.116230e-01 2.151410e-01 2.682363e+00
-3.621050e-01 1.843000e-01 2.438439e+00
-1.108650e-01 3.385420e-01 2.463716e+00
-3.562990e-01 2.575280e-01 2.452098e+00
-8.709300e-02 3.831860e-01 2.408721e+00
-3.529900e-02 -5.818560e-01 2.563161e+00
-3.500820e-01 -6.231540e-01 2.477969e+00
-1.099120e-01 -9.652530e-01 2.709204e+00
-3.141080e-01 -1.028126e+00 2.570666e+00
6.669100e-02 -9.952660e-01 2.720641e+00
-3.046310e-01 -1.067321e+00 2.395754e+00
-2.690440e-01 4.447540e-01 2.534778e+00
-4.547680e-01 1.725430e-01 2.558418e+00
-2.785590e-01 9.662400e-02 2.895658e+00
-2.804030e-01 2.317040e-01 2.703830e+00
-4.561440e-01 -4.372600e-02 2.733651e+00
-3.287810e-01 -1.755690e-01 2.364525e+00
-2.393490e-01 -1.212550e-01 2.645150e+00
-4.612360e-01 -2.208150e-01 2.575313e+00
-4.861800e-01 -6.999000e-02 2.514189e+00
-2.020650e-01 2.063960e-01 2.685732e+00
-3.531940e-01 1.511660e-01 2.431118e+00
-1.135380e-01 3.228400e-01 2.456945e+00
-3.160320e-01 2.159780e-01 2.430081e+00
-9.144500e-02 3.676470e-01 2.401385e+00
-3.516300e-02 -5.881320e-01 2.570367e+00
-3.498740e-01 -6.383650e-01 2.499066e+00
-1.069320e-01 -9.697680e-01 2.722329e+00
-2.943250e-01 -1.042435e+00 2.585847e+00
6.988200e-02 -9.978580e-01 2.735289e+00
-2.905820e-01 -1.079626e+00 2.410282e+00
-2.672140e-01 4.171850e-01 2.525968e+00
-4.457520e-01 1.627790e-01 2.559553e+00
-2.700080e-01 8.659700e-02 2.896976e+00
-2.700990e-01 2.202010e-01 2.704108e+00
-4.502500e-01 -5.207600e-02 2.736465e+00
-3.257240e-01 -1.849730e-01 2.372456e+00
-2.287410e-01 -1.422390e-01 2.652575e+00
-4.523910e-01 -2.391630e-01 2.584686e+00
-4.897330e-01 -8.120200e-02 2.532272e+00
-1.949410e-01 1.981840e-01 2.686490e+00
-3.585760e-01 1.356680e-01 2.433351e+00
-1.119920e-01 3.148300e-01 2.454640e+00
-3.331960e-01 2.056490e-01 2.439765e+00
-9.226800e-02 3.588170e-01 2.397555e+00
-3.169900e-02 -5.968530e-01 2.589566e+00
-3.520390e-01 -6.554760e-01 2.515826e+00
-1.116200e-01 -9.851210e-01 2.718987e+00
-2.912680e-01 -1.058160e+00 2.605500e+00
6.278000e-02 -1.009397e+00 2.753854e+00
-2.413600e-01 -1.088429e+00 2.435755e+00
-2.734350e-01 4.085290e-01 2.524408e+00
-4.414120e-01 1.381830e-01 2.566071e+00
-2.680560e-01 7.173600e-02 2.906771e+00
-2.688590e-01 2.020370e-01 2.711658e+00
-4.431600e-01 -7.371000e-02 2.746568e+00
-3.165660e-01 -2.034440e-01 2.389448e+00
-2.198070e-01 -1.621840e-01 2.669866e+00
-4.449750e-01 -2.550210e-01 2.601283e+00
-4.778110e-01 -1.083870e-01 2.540231e+00
-1.883900e-01 1.825990e-01 2.696266e+00
-3.505270e-01 1.144950e-01 2.446222e+00
-1.016090e-01 3.000530e-01 2.464795e+00
-3.241420e-01 1.843880e-01 2.447374e+00
-7.788300e-02 3.407390e-01 2.406792e+00
-3.169100e-02 -6.212360e-01 2.607310e+00
-3.513400e-01 -6.724110e-01 2.526722e+00
-1.234730e-01 -1.001824e+00 2.750900e+00
-3.053130e-01 -1.075385e+00 2.623588e+00
5.061300e-02 -1.031773e+00 2.782795e+00
-2.709230e-01 -1.112837e+00 2.451440e+00
-2.727910e-01 3.831280e-01 2.524856e+00
-4.365350e-01 1.259960e-01 2.574855e+00
-2.578520e-01 6.897100e-02 2.914509e+00
-2.611080e-01 1.931220e-01 2.715452e+00
-4.366200e-01 -8.014300e-02 2.761905e+00
-3.142280e-01 -2.075610e-01 2.400960e+00
-2.054840e-01 -1.740980e-01 2.678004e+00
-4.366490e-01 -2.568350e-01 2.616849e+00
-4.767290e-01 -1.203870e-01 2.546340e+00
-1.766060e-01 1.769440e-01 2.702332e+00
-3.436250e-01 9.920700e-02 2.450497e+00
-8.111400e-02 2.888160e-01 2.470682e+00
-3.255310e-01 1.715450e-01 2.455226e+00
-5.471800e-02 3.248480e-01 2.410786e+00
-3.019100e-02 -6.252730e-01 2.624403e+00
-3.556970e-01 -6.792320e-01 2.533429e+00
-1.258980e-01 -1.010646e+00 2.751749e+00
-3.012230e-01 -1.082895e+00 2.622750e+00
4.595300e-02 -1.038980e+00 2.795161e+00
-2.802860e-01 -1.118713e+00 2.448111e+00
-2.626160e-01 3.659940e-01 2.522060e+00
-4.332040e-01 1.165490e-01 2.591228e+00
-2.349610e-01 7.179800e-02 2.921744e+00
-2.482510e-01 1.865060e-01 2.717506e+00
-4.254700e-01 -8.053300e-02 2.787646e+00
-3.222640e-01 -2.227330e-01 2.419384e+00
-1.933980e-01 -1.857620e-01 2.687201e+00
-4.299480e-01 -2.647600e-01 2.644464e+00
-4.603130e-01 -1.292400e-01 2.543301e+00
-1.554240e-01 1.729510e-01 2.704911e+00
-3.317030e-01 9.489900e-02 2.449946e+00
-5.671900e-02 2.788870e-01 2.471064e+00
-3.335280e-01 1.679040e-01 2.465743e+00
-2.702500e-02 3.091820e-01 2.409557e+00
-3.123200e-02 -6.377040e-01 2.640787e+00
-3.574470e-01 -6.876750e-01 2.533661e+00
-1.241650e-01 -1.025359e+00 2.763165e+00
-2.983920e-01 -1.091237e+00 2.620487e+00
4.794200e-02 -1.053117e+00 2.805933e+00
-3.507500e-01 -1.134639e+00 2.454369e+00
-2.572960e-01 3.590500e-01 2.524606e+00
-4.209430e-01 1.485200e-01 2.623115e+00
-2.093030e-01 8.793300e-02 2.942618e+00
-2.297060e-01 2.109340e-01 2.743866e+00
-4.076390e-01 -5.639300e-02 2.811036e+00
-3.199950e-01 -2.121960e-01 2.437588e+00
-1.812100e-01 -1.827350e-01 2.701348e+00
-4.199840e-01 -2.583470e-01 2.665393e+00
-4.563800e-01 -8.954300e-02 2.546137e+00
-1.238940e-01 1.640670e-01 2.717058e+00
-3.196370e-01 1.437890e-01 2.492838e+00
-7.876000e-03 2.343840e-01 2.476824e+00
-3.203710e-01 2.122100e-01 2.522850e+00
2.962700e-02 2.451850e-01 2.413109e+00
-2.667100e-02 -6.315660e-01 2.649576e+00
-3.489280e-01 -6.805110e-01 2.535472e+00
-1.141710e-01 -1.020311e+00 2.772499e+00
-3.097510e-01 -1.087812e+00 2.615846e+00
5.840600e-02 -1.045782e+00 2.814792e+00
-3.630070e-01 -1.125915e+00 2.448717e+00
-2.283810e-01 3.878320e-01 2.558037e+00
-4.191900e-01 1.599660e-01 2.641432e+00
-2.022870e-01 8.435100e-02 2.954129e+00
-2.245540e-01 2.148260e-01 2.760407e+00
-4.056250e-01 -5.184700e-02 2.821521e+00
-3.138800e-01 -1.987380e-01 2.457850e+00
-1.698070e-01 -1.801290e-01 2.719758e+00
-4.090540e-01 -2.550060e-01 2.685444e+00
-4.675540e-01 -7.646000e-02 2.564873e+00
-1.055700e-01 1.443550e-01 2.727756e+00
-3.219440e-01 1.520380e-01 2.511417e+00
1.990100e-02 1.832710e-01 2.484579e+00
-2.632180e-01 1.982100e-01 2.509990e+00
5.553900e-02 1.793720e-01 2.419025e+00
-2.318800e-02 -6.263800e-01 2.659638e+00
-3.371010e-01 -6.759610e-01 2.552585e+00
-1.164370e-01 -1.016475e+00 2.773743e+00
-3.184230e-01 -1.089420e+00 2.603497e+00
5.479200e-02 -1.043836e+00 2.820136e+00
-3.255420e-01 -1.111657e+00 2.425522e+00
-2.034560e-01 3.894320e-01 2.577690e+00
-4.068270e-01 1.449110e-01 2.651779e+00
-2.155260e-01 5.398100e-02 2.976863e+00
-2.244690e-01 1.959670e-01 2.790294e+00
-4.033550e-01 -7.754500e-02 2.819059e+00
-2.875850e-01 -1.978200e-01 2.474990e+00
-1.674260e-01 -1.909880e-01 2.749242e+00
-4.010330e-01 -2.680530e-01 2.689979e+00
-4.583120e-01 -8.425000e-02 2.556118e+00
-1.094140e-01 1.304620e-01 2.759380e+00
-2.866660e-01 1.311230e-01 2.529967e+00
3.697100e-02 1.807430e-01 2.529849e+00
-2.237720e-01 1.563080e-01 2.498459e+00
7.942600e-02 1.382380e-01 2.485425e+00
-1.924400e-02 -6.364630e-01 2.685838e+00
-3.305010e-01 -6.792380e-01 2.568766e+00
-1.131330e-01 -1.029413e+00 2.789104e+00
-3.242110e-01 -1.095360e+00 2.595076e+00
5.325900e-02 -1.052551e+00 2.852340e+00
-2.635440e-01 -1.105106e+00 2.426420e+00
-1.824680e-01 3.641950e-01 2.606143e+00
-4.114020e-01 7.827300e-02 2.675517e+00
-6.811300e-02 5.620100e-02 2.854988e+00
-2.026510e-01 1.802740e-01 2.708178e+00
-2.717600e-01 -1.262060e-01 2.802676e+00
-3.364320e-01 -2.579280e-01 2.539288e+00
-1.120460e-01 -1.887470e-01 2.725199e+00
-3.375950e-01 -2.825910e-01 2.791108e+00
-4.954770e-01 -1.096170e-01 2.526407e+00
-1.328990e-01 2.114630e-01 2.664251e+00
-3.321730e-01 9.141200e-02 2.625375e+00
1.074690e-01 1.327480e-01 2.550248e+00
-3.044090e-01 1.465910e-01 2.667413e+00
1.720570e-01 1.122250e-01 2.518785e+00
2.980000e-03 -6.504290e-01 2.741495e+00
-3.281730e-01 -6.868560e-01 2.610175e+00
-9.963400e-02 -1.052793e+00 2.779732e+00
-3.151910e-01 -1.103240e+00 2.591619e+00
6.577000e-02 -1.089332e+00 2.839119e+00
-4.761670e-01 -1.104721e+00 2.512215e+00
-1.740080e-01 3.817710e-01 2.580062e+00
-2.502680e-01 1.157910e-01 2.617531e+00
5.350900e-02 1.151080e-01 2.847193e+00
-3.019900e-02 1.751880e-01 2.636406e+00
-1.881690e-01 -2.297400e-02 2.844765e+00
-2.789360e-01 -2.517560e-01 2.584007e+00
-4.447000e-02 -2.579050e-01 2.770251e+00
-2.882080e-01 -2.761470e-01 2.835686e+00
-4.867450e-01 1.705460e-01 2.694053e+00
6.992100e-02 2.741600e-02 2.608682e+00
-3.857630e-01 -6.151300e-02 2.579910e+00
3.166710e-01 1.163140e-01 2.700193e+00
-3.488760e-01 -1.197480e-01 2.551088e+00
3.804620e-01 1.416340e-01 2.729727e+00
-3.740000e-04 -6.951640e-01 2.776598e+00
-3.499460e-01 -7.058230e-01 2.644120e+00
-1.179130e-01 -1.095243e+00 2.773380e+00
-2.891970e-01 -1.115596e+00 2.596319e+00
4.054200e-02 -1.142358e+00 2.843327e+00
-4.445630e-01 -1.128247e+00 2.507316e+00
-1.893070e-01 3.752970e-01 2.663328e+00
-2.639710e-01 2.070120e-01 2.645332e+00
5.286000e-02 1.670020e-01 2.865698e+00
-3.299800e-02 2.448440e-01 2.661695e+00
-2.002810e-01 5.124900e-02 2.867057e+00
-2.819580e-01 -2.054660e-01 2.632585e+00
-3.820400e-02 -2.159750e-01 2.806286e+00
-2.785760e-01 -2.179810e-01 2.885281e+00
-4.895390e-01 1.544910e-01 2.751583e+00
7.354600e-02 1.062800e-02 2.665417e+00
-3.824780e-01 -5.668400e-02 2.605969e+00
2.284950e-01 2.415480e-01 2.667399e+00
-3.525320e-01 -1.177970e-01 2.575130e+00
2.691030e-01 3.041810e-01 2.670671e+00
-7.436000e-03 -6.677220e-01 2.770214e+00
-3.342780e-01 -6.659170e-01 2.661203e+00
-1.012220e-01 -1.073932e+00 2.779510e+00
-2.816750e-01 -1.079567e+00 2.657208e+00
7.221300e-02 -1.113423e+00 2.803613e+00
-4.159660e-01 -1.095504e+00 2.539173e+00
-1.356250e-01 4.974430e-01 2.611236e+00
-2.755180e-01 2.596250e-01 2.702193e+00
7.402300e-02 2.233670e-01 2.866664e+00
-4.551400e-02 3.002930e-01 2.680006e+00
-1.739490e-01 1.044960e-01 2.909797e+00
-2.800100e-01 -1.444520e-01 2.677181e+00
-8.868000e-03 -1.744590e-01 2.800795e+00
-2.305770e-01 -1.817530e-01 2.922513e+00
-3.925870e-01 3.361800e-02 2.720823e+00
1.153930e-01 2.196400e-02 2.715296e+00
-3.159520e-01 -2.105700e-01 2.611275e+00
1.379600e-02 2.627610e-01 2.619053e+00
-3.161400e-01 -2.829380e-01 2.629863e+00
-1.163000e-03 3.347260e-01 2.605642e+00
-1.493800e-02 -6.279530e-01 2.756744e+00
-3.127500e-01 -6.266200e-01 2.688899e+00
-9.059000e-02 -1.035872e+00 2.798791e+00
-2.933240e-01 -1.040380e+00 2.737005e+00
8.577100e-02 -1.069021e+00 2.794501e+00
-4.193470e-01 -1.060964e+00 2.610852e+00
-1.154500e-01 5.296850e-01 2.597906e+00
-2.816300e-01 2.660090e-01 2.742708e+00
8.028100e-02 2.282370e-01 2.877384e+00
-5.537200e-02 3.175210e-01 2.708049e+00
-1.598020e-01 9.626600e-02 2.926627e+00
-2.728830e-01 -1.318720e-01 2.708588e+00
4.678000e-03 -1.670520e-01 2.815458e+00
-2.098210e-01 -1.782450e-01 2.949203e+00
-3.599940e-01 2.202200e-02 2.731821e+00
1.073520e-01 2.511700e-02 2.722962e+00
-2.897160e-01 -2.286630e-01 2.629343e+00
1.133300e-02 2.664520e-01 2.618662e+00
-2.648650e-01 -2.989820e-01 2.633847e+00
-6.169400e-02 2.803970e-01 2.626101e+00
-1.379800e-02 -6.228420e-01 2.752751e+00
-2.945780e-01 -6.228540e-01 2.711043e+00
-8.734100e-02 -1.031410e+00 2.792156e+00
-2.761420e-01 -1.032842e+00 2.784927e+00
8.752300e-02 -1.065064e+00 2.769567e+00
-3.966210e-01 -1.061669e+00 2.655026e+00
-9.445100e-02 5.197130e-01 2.599093e+00
-3.026690e-01 2.496730e-01 2.748938e+00
6.370900e-02 2.275150e-01 2.874715e+00
-8.006400e-02 3.128040e-01 2.710086e+00
-1.684360e-01 8.311300e-02 2.927039e+00
-2.621340e-01 -1.235030e-01 2.726357e+00
1.955000e-02 -1.689710e-01 2.817382e+00
-1.884730e-01 -1.846730e-01 2.960570e+00
-3.500580e-01 -1.891000e-03 2.727851e+00
1.090100e-01 2.251800e-02 2.726602e+00
-2.489150e-01 -2.417630e-01 2.624234e+00
-8.525000e-03 2.576230e-01 2.629328e+00
-2.562840e-01 -3.122460e-01 2.647907e+00
-8.035400e-02 2.757390e-01 2.639074e+00
-1.085800e-02 -6.207850e-01 2.746936e+00
-2.856600e-01 -6.237780e-01 2.737993e+00
-8.566400e-02 -1.027975e+00 2.796829e+00
-2.569950e-01 -1.030162e+00 2.826979e+00
8.823700e-02 -1.063244e+00 2.769726e+00
-3.783650e-01 -1.066563e+00 2.699839e+00
-9.507200e-02 5.255360e-01 2.618361e+00
-3.270740e-01 2.199120e-01 2.745007e+00
3.226300e-02 2.145340e-01 2.891267e+00
-1.070620e-01 2.980950e-01 2.721992e+00
-1.928840e-01 5.413900e-02 2.923873e+00
-2.689260e-01 -1.453170e-01 2.723242e+00
9.705000e-03 -1.709110e-01 2.830051e+00
-2.043890e-01 -2.065830e-01 2.960105e+00
-3.696620e-01 -3.559900e-02 2.730323e+00
9.541900e-02 1.496300e-02 2.737885e+00
-2.506680e-01 -2.701870e-01 2.625876e+00
-3.754200e-02 2.414470e-01 2.632241e+00
-2.126550e-01 -3.331730e-01 2.638927e+00
-9.256800e-02 2.918010e-01 2.636625e+00
-3.227000e-03 -6.341740e-01 2.750429e+00
-2.694190e-01 -6.432410e-01 2.771023e+00
-8.256700e-02 -1.040077e+00 2.803697e+00
-2.377060e-01 -1.048329e+00 2.864763e+00
9.095000e-02 -1.077495e+00 2.777016e+00
-3.466470e-01 -1.088532e+00 2.727884e+00
-1.086440e-01 5.086740e-01 2.632263e+00
-3.315120e-01 2.165620e-01 2.757049e+00
2.985100e-02 2.061520e-01 2.897948e+00
-1.113830e-01 2.939250e-01 2.732429e+00
-1.957710e-01 4.642900e-02 2.930571e+00
-2.769920e-01 -1.490810e-01 2.719667e+00
2.254000e-03 -1.657730e-01 2.826634e+00
-2.107600e-01 -2.058010e-01 2.957194e+00
-3.840020e-01 -3.481800e-02 2.721349e+00
8.471300e-02 1.464900e-02 2.731925e+00
-2.685540e-01 -2.763270e-01 2.630060e+00
-4.979400e-02 2.399400e-01 2.626233e+00
-2.144150e-01 -3.259740e-01 2.643722e+00
-1.195340e-01 2.540670e-01 2.649023e+00
-1.534000e-03 -6.321060e-01 2.748884e+00
-2.621510e-01 -6.468860e-01 2.769286e+00
-8.247800e-02 -1.036592e+00 2.809945e+00
-2.270550e-01 -1.050666e+00 2.867363e+00
9.016500e-02 -1.075643e+00 2.780119e+00
-3.315590e-01 -1.093628e+00 2.727888e+00
-1.138320e-01 5.071970e-01 2.635687e+00
-3.312710e-01 2.130090e-01 2.765679e+00
3.214900e-02 2.061280e-01 2.901410e+00
-1.123130e-01 2.926340e-01 2.738023e+00
-1.913510e-01 4.408200e-02 2.937047e+00
-2.848340e-01 -1.530420e-01 2.720239e+00
-4.995000e-03 -1.634780e-01 2.826445e+00
-2.167290e-01 -2.077980e-01 2.957697e+00
-3.914790e-01 -3.494100e-02 2.720589e+00
8.553900e-02 1.665900e-02 2.732853e+00
-2.822640e-01 -2.819210e-01 2.637156e+00
-6.298500e-02 2.317370e-01 2.625160e+00
-2.163700e-01 -3.169970e-01 2.640345e+00
-1.229430e-01 2.609350e-01 2.658852e+00
-4.298000e-03 -6.328400e-01 2.751585e+00
-2.624400e-01 -6.486590e-01 2.767458e+00
-8.619100e-02 -1.037800e+00 2.808060e+00
-2.300350e-01 -1.054586e+00 2.857244e+00
8.654100e-02 -1.076824e+00 2.778712e+00
-3.359280e-01 -1.093897e+00 2.717739e+00
-1.300380e-01 5.094400e-01 2.639503e+00
-3.303850e-01 2.131000e-01 2.774429e+00
3.430400e-02 2.038140e-01 2.906564e+00
-1.110860e-01 2.908660e-01 2.744294e+00
-1.901130e-01 4.369800e-02 2.945039e+00
-2.896270e-01 -1.605680e-01 2.717923e+00
-9.032000e-03 -1.678590e-01 2.822383e+00
-2.197430e-01 -2.095060e-01 2.956134e+00
-3.843260e-01 -3.733800e-02 2.737057e+00
8.995100e-02 1.777900e-02 2.735275e+00
-2.780920e-01 -2.725410e-01 2.622385e+00
-6.336400e-02 2.304590e-01 2.630198e+00
-2.263830e-01 -3.236490e-01 2.639611e+00
-1.254180e-01 2.564570e-01 2.662694e+00
-6.318000e-03 -6.382160e-01 2.755625e+00
-2.738030e-01 -6.507860e-01 2.767344e+00
-9.326500e-02 -1.042922e+00 2.806046e+00
-2.334070e-01 -1.058593e+00 2.844484e+00
7.949900e-02 -1.083412e+00 2.778970e+00
-3.555950e-01 -1.094617e+00 2.718022e+00
-1.369470e-01 5.110030e-01 2.643608e+00
-3.341910e-01 2.114540e-01 2.780805e+00
3.288200e-02 2.009900e-01 2.906073e+00
-1.159120e-01 2.912920e-01 2.748740e+00
-1.899030e-01 3.858500e-02 2.944446e+00
-2.839600e-01 -1.544510e-01 2.721268e+00
-7.503000e-03 -1.747500e-01 2.834664e+00
-2.239620e-01 -2.126530e-01 2.960090e+00
-3.782080e-01 -4.013500e-02 2.739259e+00
7.454400e-02 8.451000e-03 2.738231e+00
-2.687350e-01 -2.717940e-01 2.620821e+00
-7.026300e-02 2.268730e-01 2.633245e+00
-2.162260e-01 -3.221180e-01 2.637938e+00
-1.209410e-01 2.666060e-01 2.671136e+00
-9.996000e-03 -6.381460e-01 2.756920e+00
-2.777400e-01 -6.518220e-01 2.771035e+00
-9.599700e-02 -1.042760e+00 2.809650e+00
-2.329250e-01 -1.060057e+00 2.843317e+00
7.771000e-02 -1.082499e+00 2.788033e+00
-3.416100e-01 -1.096448e+00 2.705174e+00
-1.406860e-01 5.099760e-01 2.638932e+00
-3.346270e-01 2.142410e-01 2.795684e+00
3.662400e-02 1.991140e-01 2.907433e+00
-1.174390e-01 2.948930e-01 2.758641e+00
-1.850340e-01 3.573400e-02 2.948123e+00
-2.900510e-01 -1.537370e-01 2.737116e+00
-4.443000e-03 -1.705550e-01 2.825682e+00
-2.085390e-01 -2.097070e-01 2.970025e+00
-3.756920e-01 -3.254200e-02 2.736617e+00
8.399600e-02 1.482600e-02 2.734557e+00
-2.674330e-01 -2.658910e-01 2.625010e+00
-6.478700e-02 2.317490e-01 2.637328e+00
-2.429630e-01 -3.311720e-01 2.651885e+00
-1.276360e-01 2.596480e-01 2.666554e+00
-1.213700e-02 -6.361700e-01 2.753862e+00
-2.867230e-01 -6.435980e-01 2.765269e+00
-9.664100e-02 -1.040505e+00 2.810970e+00
-2.327070e-01 -1.048386e+00 2.849638e+00
7.474000e-02 -1.081200e+00 2.776435e+00
-3.692340e-01 -1.089345e+00 2.740536e+00
-1.331140e-01 5.051560e-01 2.636926e+00
-3.396840e-01 2.037050e-01 2.794677e+00
3.075600e-02 2.060550e-01 2.910055e+00
-1.261230e-01 2.942910e-01 2.759553e+00
-1.834610e-01 3.262900e-02 2.948976e+00
-2.851980e-01 -1.474830e-01 2.744287e+00
2.352000e-03 -1.804070e-01 2.821293e+00
-1.981920e-01 -2.225510e-01 2.969715e+00
-3.879740e-01 -4.662500e-02 2.735025e+00
8.227400e-02 1.642600e-02 2.736984e+00
-2.297510e-01 -2.552940e-01 2.621015e+00
-6.980600e-02 2.399220e-01 2.644728e+00
-1.892240e-01 -3.149910e-01 2.640417e+00
-1.372190e-01 2.619280e-01 2.668261e+00
-1.536100e-02 -6.358120e-01 2.756462e+00
-2.883130e-01 -6.462840e-01 2.768109e+00
-9.344500e-02 -1.042355e+00 2.806604e+00
-2.369200e-01 -1.051284e+00 2.853096e+00
8.167200e-02 -1.078054e+00 2.789873e+00
-3.650000e-01 -1.092472e+00 2.734271e+00
-1.380720e-01 4.967680e-01 2.627617e+00
-3.384320e-01 2.055600e-01 2.806164e+00
3.397900e-02 2.026250e-01 2.914999e+00
-1.249930e-01 2.959730e-01 2.769873e+00
-1.805340e-01 2.930100e-02 2.952732e+00
-2.890440e-01 -1.482010e-01 2.749531e+00
-2.760000e-04 -1.776000e-01 2.823337e+00
-1.985980e-01 -2.207160e-01 2.974440e+00
-3.894030e-01 -3.883600e-02 2.737021e+00
8.335500e-02 1.931200e-02 2.738714e+00
-2.717340e-01 -2.715320e-01 2.628116e+00
-6.965300e-02 2.398280e-01 2.650242e+00
-2.192150e-01 -3.209900e-01 2.647564e+00
-1.398620e-01 2.583540e-01 2.667852e+00
-1.554700e-02 -6.344810e-01 2.756757e+00
-2.836020e-01 -6.482590e-01 2.771462e+00
-9.279500e-02 -1.040820e+00 2.809772e+00
-2.369990e-01 -1.054604e+00 2.852709e+00
8.157400e-02 -1.076922e+00 2.787137e+00
-3.607790e-01 -1.093595e+00 2.728700e+00
-1.338790e-01 4.900270e-01 2.628375e+00
-3.406240e-01 2.072540e-01 2.790317e+00
2.717100e-02 2.072520e-01 2.913891e+00
-1.253090e-01 2.948950e-01 2.758597e+00
-1.898390e-01 3.685200e-02 2.950654e+00
-2.901580e-01 -1.496190e-01 2.740004e+00
-5.036000e-03 -1.698270e-01 2.829423e+00
-2.099340e-01 -2.133260e-01 2.971366e+00
-3.887090e-01 -4.059100e-02 2.737096e+00
6.735600e-02 2.092000e-02 2.739978e+00
-2.820760e-01 -2.787600e-01 2.631642e+00
-7.476800e-02 2.415280e-01 2.638200e+00
-2.177390e-01 -3.153810e-01 2.641753e+00
-1.371630e-01 2.638420e-01 2.672719e+00
-1.588800e-02 -6.344570e-01 2.757425e+00
-2.808150e-01 -6.450700e-01 2.769221e+00
-9.394700e-02 -1.040633e+00 2.810494e+00
-2.370750e-01 -1.052294e+00 2.847611e+00
7.935100e-02 -1.077670e+00 2.781928e+00
-3.611400e-01 -1.089540e+00 2.723350e+00
-1.380040e-01 4.971280e-01 2.627389e+00
-3.355140e-01 2.216220e-01 2.789552e+00
3.262100e-02 2.042130e-01 2.910866e+00
-1.160430e-01 2.969560e-01 2.754836e+00
-1.929400e-01 4.644100e-02 2.952233e+00
-2.949200e-01 -1.534630e-01 2.732733e+00
-1.101200e-02 -1.661880e-01 2.827247e+00
-2.174500e-01 -2.094510e-01 2.967013e+00
-3.887670e-01 -2.164900e-02 2.738911e+00
7.712700e-02 2.154200e-02 2.739873e+00
-2.959050e-01 -2.618870e-01 2.636394e+00
-6.681400e-02 2.408870e-01 2.650300e+00
-2.759020e-01 -3.261670e-01 2.668808e+00
-1.414600e-01 2.418480e-01 2.653399e+00
-1.404700e-02 -6.337670e-01 2.759362e+00
-2.773330e-01 -6.475950e-01 2.771183e+00
-9.611700e-02 -1.039442e+00 2.810172e+00
-2.366860e-01 -1.054832e+00 2.851155e+00
7.695000e-02 -1.077962e+00 2.782167e+00
-3.567350e-01 -1.091984e+00 2.722982e+00
-1.390750e-01 5.090400e-01 2.630983e+00
-3.323170e-01 2.193910e-01 2.794733e+00
3.790900e-02 2.045280e-01 2.909867e+00
-1.145520e-01 2.988600e-01 2.758523e+00
-1.846290e-01 4.239900e-02 2.950755e+00
-2.937900e-01 -1.498050e-01 2.736579e+00
-8.138000e-03 -1.681180e-01 2.824708e+00
-2.121310e-01 -2.115050e-01 2.967983e+00
-3.863160e-01 -2.108800e-02 2.740848e+00
8.251300e-02 2.183900e-02 2.741669e+00
-2.804740e-01 -2.527650e-01 2.636628e+00
-6.570500e-02 2.314480e-01 2.642472e+00
-2.325390e-01 -3.095100e-01 2.644677e+00
-1.266680e-01 2.644030e-01 2.670404e+00
-1.410600e-02 -6.315710e-01 2.757644e+00
-2.789890e-01 -6.464500e-01 2.767805e+00
-9.320300e-02 -1.037006e+00 2.814705e+00
-2.350530e-01 -1.052691e+00 2.851034e+00
8.035600e-02 -1.074556e+00 2.788481e+00
-3.555430e-01 -1.091778e+00 2.723854e+00
-1.369830e-01 5.080530e-01 2.632537e+00
