-4.102280e-01 2.953040e-01 2.691402e+00
-3.553600e-02 3.102690e-01 2.688686e+00
-2.165120e-01 1.562940e-01 2.761735e+00
-7.105900e-02 -5.402500e-02 2.629905e+00
-4.806570e-01 1.477600e-02 2.722942e+00
-4.396500e-01 -2.731940e-01 2.624692e+00
-4.244240e-01 -3.434620e-01 2.626682e+00
-3.120850e-01 -5.981300e-01 2.678531e+00
-3.363560e-01 -1.023180e+00 2.740202e+00
-3.399260e-01 -1.048300e+00 2.565662e+00
-2.207990e-01 5.836370e-01 2.613000e+00
-3.431200e-02 3.140940e-01 2.693767e+00
-2.157300e-01 1.592490e-01 2.763814e+00
-7.106700e-02 -5.332200e-02 2.633760e+00
-4.776240e-01 1.663700e-02 2.717453e+00
-4.349910e-01 -2.695610e-01 2.617220e+00
-4.259860e-01 -3.401430e-01 2.606710e+00
-3.136410e-01 -6.009770e-01 2.677389e+00
-3.301010e-01 -1.026092e+00 2.741033e+00
-3.303860e-01 -1.052195e+00 2.566600e+00
-2.171640e-01 5.901510e-01 2.619938e+00
-3.555500e-02 3.139810e-01 2.695181e+00
-2.173000e-01 1.586410e-01 2.763261e+00
-6.893700e-02 -5.706300e-02 2.626111e+00
-4.769030e-01 1.647200e-02 2.713560e+00
-4.300380e-01 -2.699240e-01 2.613659e+00
-4.199260e-01 -3.411160e-01 2.611991e+00
-3.155700e-01 -6.075410e-01 2.681731e+00
-3.225900e-01 -1.033835e+00 2.738776e+00
-3.295970e-01 -1.057096e+00 2.564082e+00
-2.201600e-01 5.860230e-01 2.625249e+00
-3.085400e-02 3.157250e-01 2.697778e+00
-2.120900e-01 1.596760e-01 2.765592e+00
-6.995200e-02 -5.046900e-02 2.634290e+00
-4.769750e-01 1.583000e-02 2.706334e+00
-4.223230e-01 -2.726410e-01 2.615220e+00
-4.250920e-01 -3.396120e-01 2.589133e+00
-3.143340e-01 -6.009870e-01 2.683794e+00
-3.293780e-01 -1.027024e+00 2.741047e+00
-3.282210e-01 -1.050555e+00 2.566253e+00
-2.147620e-01 5.870610e-01 2.626310e+00
-3.154400e-02 3.145010e-01 2.696741e+00
-2.131550e-01 1.590220e-01 2.764860e+00
-6.609500e-02 -5.612500e-02 2.637412e+00
-4.773920e-01 1.702300e-02 2.715448e+00
-4.287250e-01 -2.699170e-01 2.617537e+00
-4.180170e-01 -3.405250e-01 2.608990e+00
-3.120520e-01 -6.041660e-01 2.683882e+00
-3.253130e-01 -1.031060e+00 2.734739e+00
-3.205020e-01 -1.052064e+00 2.559685e+00
-2.140850e-01 5.880190e-01 2.621884e+00
-3.373500e-02 3.140030e-01 2.696608e+00
-2.156790e-01 1.587900e-01 2.764441e+00
-7.013500e-02 -5.066700e-02 2.630773e+00
-4.754960e-01 1.715900e-02 2.718394e+00
-4.329610e-01 -2.701820e-01 2.618865e+00
-4.220230e-01 -3.404580e-01 2.608144e+00
-3.127400e-01 -6.028460e-01 2.684795e+00
-3.330080e-01 -1.028555e+00 2.742653e+00
-3.360810e-01 -1.052160e+00 2.567892e+00
-2.172270e-01 5.862530e-01 2.625964e+00
-3.214700e-02 3.132550e-01 2.700756e+00
-2.146860e-01 1.578470e-01 2.766515e+00
-6.778100e-02 -4.782300e-02 2.637958e+00
-4.795870e-01 1.746000e-02 2.721312e+00
-4.313830e-01 -2.705690e-01 2.624026e+00
-4.239130e-01 -3.421040e-01 2.624585e+00
-3.107960e-01 -6.019390e-01 2.684356e+00
-3.305150e-01 -1.028618e+00 2.734698e+00
-3.287180e-01 -1.049365e+00 2.559557e+00
-2.190450e-01 5.927270e-01 2.623724e+00
-3.451800e-02 3.158100e-01 2.698566e+00
-2.141170e-01 1.584600e-01 2.767717e+00
-6.710600e-02 -4.332600e-02 2.638956e+00
-4.809440e-01 1.323000e-02 2.717724e+00
-4.247580e-01 -2.744250e-01 2.621780e+00
-4.160580e-01 -3.456640e-01 2.626536e+00
-3.150310e-01 -6.109170e-01 2.685961e+00
-3.272520e-01 -1.037667e+00 2.737978e+00
-3.255570e-01 -1.059055e+00 2.562913e+00
-2.182010e-01 5.956620e-01 2.633767e+00
-4.148900e-02 3.216100e-01 2.701509e+00
-2.186970e-01 1.617680e-01 2.771114e+00
-5.974400e-02 -2.128400e-02 2.644272e+00
-4.746520e-01 1.366200e-02 2.714819e+00
-4.214370e-01 -2.732960e-01 2.624795e+00
-4.107410e-01 -3.441780e-01 2.630672e+00
-3.146430e-01 -5.981960e-01 2.680160e+00
-3.298710e-01 -1.023591e+00 2.741541e+00
-3.232760e-01 -1.048993e+00 2.567130e+00
-2.256910e-01 5.970870e-01 2.640968e+00
-3.181500e-02 3.238690e-01 2.687352e+00
-2.073690e-01 1.684180e-01 2.769889e+00
-5.393700e-02 -3.393000e-02 2.632342e+00
-4.777650e-01 2.431100e-02 2.714799e+00
-4.139890e-01 -2.590970e-01 2.622866e+00
-4.172930e-01 -3.308720e-01 2.619585e+00
-3.179330e-01 -6.090160e-01 2.679189e+00
-3.185350e-01 -1.035914e+00 2.731262e+00
-3.303140e-01 -1.057206e+00 2.556573e+00
-2.239050e-01 6.017610e-01 2.635622e+00
-5.160300e-02 3.498540e-01 2.681335e+00
-2.138800e-01 1.833970e-01 2.769396e+00
-5.269000e-02 -2.019100e-02 2.633402e+00
-4.709530e-01 1.708800e-02 2.714076e+00
-4.125960e-01 -2.676860e-01 2.624966e+00
-3.992420e-01 -3.363450e-01 2.608206e+00
-3.176870e-01 -5.980480e-01 2.684857e+00
-3.242800e-01 -1.024575e+00 2.739445e+00
-3.331300e-01 -1.046803e+00 2.564700e+00
-2.180540e-01 6.096500e-01 2.654368e+00
-5.263100e-02 3.221890e-01 2.631314e+00
-1.949420e-01 1.701080e-01 2.758591e+00
-6.462700e-02 -2.399600e-02 2.603860e+00
-4.713400e-01 9.681000e-03 2.710440e+00
-3.989990e-01 -2.694410e-01 2.616760e+00
-3.842970e-01 -3.392190e-01 2.607368e+00
-3.174150e-01 -6.049670e-01 2.681356e+00
-3.194880e-01 -1.031569e+00 2.735657e+00
-3.666120e-01 -1.052804e+00 2.567026e+00
-2.090060e-01 6.157990e-01 2.651560e+00
-5.247100e-02 3.280250e-01 2.644094e+00
-1.983220e-01 1.681720e-01 2.757564e+00
-5.031100e-02 -3.128800e-02 2.607620e+00
-4.697800e-01 1.079500e-02 2.711868e+00
-4.018000e-01 -2.698280e-01 2.617733e+00
-4.073940e-01 -3.410980e-01 2.625648e+00
-3.192220e-01 -5.894120e-01 2.673794e+00
-3.236290e-01 -1.014181e+00 2.740798e+00
-3.676510e-01 -1.040348e+00 2.572022e+00
-2.062790e-01 6.198670e-01 2.657836e+00
-4.904800e-02 3.211140e-01 2.650513e+00
-2.046450e-01 1.670980e-01 2.758421e+00
-5.288900e-02 -4.545400e-02 2.606444e+00
-4.728940e-01 2.300700e-02 2.713580e+00
-4.037850e-01 -2.568930e-01 2.619905e+00
-3.919300e-01 -3.269350e-01 2.608643e+00
-3.210190e-01 -6.033280e-01 2.676347e+00
-3.267750e-01 -1.028998e+00 2.737223e+00
-3.664500e-01 -1.052802e+00 2.567025e+00
-2.067170e-01 6.232460e-01 2.676463e+00
-4.632000e-02 3.188060e-01 2.653348e+00
-2.423000e-01 3.642910e-01 2.621516e+00
-2.031290e-01 1.621990e-01 2.758765e+00
-3.604750e-01 -5.366400e-02 2.665924e+00
-5.201100e-02 -4.866100e-02 2.607434e+00
-1.839220e-01 -5.386300e-02 2.754166e+00
-4.715710e-01 1.536300e-02 2.713013e+00
-1.588920e-01 3.995560e-01 2.401584e+00
-4.088250e-01 -2.656480e-01 2.617884e+00
-3.857990e-01 5.839530e-01 2.321182e+00
-3.898510e-01 -3.337440e-01 2.604612e+00
-4.532590e-01 6.080110e-01 2.314573e+00
-3.191920e-01 -6.052100e-01 2.674743e+00
-8.500500e-02 -5.968400e-01 2.703220e+00
-3.271180e-01 -1.030898e+00 2.735209e+00
-8.617100e-02 -1.021972e+00 2.767955e+00
-3.641550e-01 -1.054472e+00 2.564386e+00
-1.158190e-01 -1.048066e+00 2.596059e+00
-2.026810e-01 6.221500e-01 2.666491e+00
-4.139740e-01 2.896680e-01 2.716606e+00
-5.138100e-02 3.127310e-01 2.638662e+00
-2.494310e-01 3.519860e-01 2.606598e+00
-2.044610e-01 1.630720e-01 2.759900e+00
-3.582270e-01 -5.431300e-02 2.669452e+00
-5.072400e-02 -4.925400e-02 2.606110e+00
-1.802930e-01 -5.578600e-02 2.754862e+00
-4.693030e-01 8.241000e-03 2.710485e+00
-1.612310e-01 3.677000e-01 2.379411e+00
-4.000720e-01 -2.701980e-01 2.613930e+00
-3.856150e-01 5.317530e-01 2.259482e+00
-3.886300e-01 -3.409210e-01 2.607548e+00
-4.361520e-01 5.823430e-01 2.251739e+00
-3.177370e-01 -6.058010e-01 2.676030e+00
-8.524900e-02 -5.977800e-01 2.701482e+00
-3.256720e-01 -1.031524e+00 2.736227e+00
-8.048600e-02 -1.022848e+00 2.766451e+00
-3.653920e-01 -1.054857e+00 2.565975e+00
-1.135040e-01 -1.049387e+00 2.595239e+00
-1.953040e-01 6.132970e-01 2.635956e+00
-4.127160e-01 2.890840e-01 2.711700e+00
-4.427700e-02 3.139310e-01 2.646426e+00
-2.444260e-01 3.540710e-01 2.609159e+00
-2.048910e-01 1.610940e-01 2.758857e+00
-3.614290e-01 -6.829600e-02 2.670626e+00
-5.593300e-02 -4.896900e-02 2.600664e+00
-1.818180e-01 -6.141600e-02 2.752176e+00
-4.670680e-01 7.859000e-03 2.708848e+00
-1.234210e-01 2.951020e-01 2.371778e+00
-4.006470e-01 -2.704250e-01 2.611322e+00
-3.272530e-01 4.160820e-01 2.184210e+00
-3.831860e-01 -3.391710e-01 2.599388e+00
-3.710090e-01 4.593780e-01 2.147006e+00
-3.199080e-01 -6.147100e-01 2.674411e+00
-8.838500e-02 -6.004360e-01 2.706709e+00
-3.309480e-01 -1.041314e+00 2.727433e+00
-9.199000e-02 -1.027904e+00 2.753425e+00
-3.742220e-01 -1.061299e+00 2.557621e+00
-1.273790e-01 -1.046380e+00 2.581627e+00
-2.020840e-01 6.132190e-01 2.645098e+00
-3.971950e-01 3.115040e-01 2.706397e+00
-2.236400e-02 3.058060e-01 2.696685e+00
-2.105110e-01 3.700730e-01 2.637272e+00
-2.104040e-01 1.585090e-01 2.765543e+00
-3.620590e-01 -5.614400e-02 2.635858e+00
-4.833700e-02 -4.850100e-02 2.625069e+00
-2.010090e-01 -5.559500e-02 2.749964e+00
-4.813800e-01 3.851700e-02 2.716912e+00
-3.428300e-02 1.756650e-01 2.442439e+00
-4.180100e-01 -2.414310e-01 2.624115e+00
-1.594550e-01 1.891610e-01 2.168309e+00
-4.242820e-01 -3.124780e-01 2.614822e+00
-2.053380e-01 2.164740e-01 2.120121e+00
-3.169350e-01 -6.060770e-01 2.673216e+00
-8.547700e-02 -5.983270e-01 2.703605e+00
-3.192570e-01 -1.031452e+00 2.736233e+00
-9.596300e-02 -1.024345e+00 2.761215e+00
-3.289270e-01 -1.057208e+00 2.562017e+00
-9.791600e-02 -1.047932e+00 2.586435e+00
-2.134880e-01 5.974110e-01 2.661507e+00
-3.945190e-01 3.137530e-01 2.695708e+00
-1.981500e-02 3.014280e-01 2.704065e+00
-2.036970e-01 3.706790e-01 2.637349e+00
-2.134920e-01 1.558520e-01 2.759685e+00
-3.646730e-01 -4.969900e-02 2.629400e+00
-5.105300e-02 -3.802300e-02 2.639511e+00
-2.114840e-01 -5.000700e-02 2.753862e+00
-4.810070e-01 3.915000e-02 2.714081e+00
-2.542900e-02 1.323080e-01 2.470417e+00
-4.213680e-01 -2.462330e-01 2.626482e+00
-8.372000e-02 5.383600e-02 2.182115e+00
-4.217660e-01 -3.167230e-01 2.612190e+00
-1.028600e-01 3.769200e-02 2.114688e+00
-3.152820e-01 -5.983750e-01 2.674207e+00
-8.533100e-02 -5.905200e-01 2.698647e+00
-3.288150e-01 -1.023409e+00 2.738097e+00
-9.540400e-02 -1.014690e+00 2.768621e+00
-3.249920e-01 -1.049739e+00 2.563740e+00
-8.415400e-02 -1.043600e+00 2.594995e+00
-2.138110e-01 5.947640e-01 2.645135e+00
-4.054470e-01 3.048710e-01 2.690153e+00
-3.104100e-02 3.131140e-01 2.709570e+00
-2.162990e-01 3.708920e-01 2.636082e+00
-2.181910e-01 1.583820e-01 2.762764e+00
-3.671310e-01 -6.657900e-02 2.626221e+00
-5.485800e-02 -3.949800e-02 2.644891e+00
-2.177280e-01 -5.767400e-02 2.754896e+00
-4.848090e-01 2.657200e-02 2.707062e+00
1.474400e-02 1.101180e-01 2.507751e+00
-4.226330e-01 -2.613320e-01 2.624470e+00
-1.938900e-02 -2.043000e-02 2.233218e+00
-4.168550e-01 -3.330210e-01 2.625222e+00
-4.197100e-02 -4.939600e-02 2.171377e+00
-3.175820e-01 -6.097560e-01 2.673534e+00
-8.701600e-02 -5.966190e-01 2.704556e+00
-3.187260e-01 -1.035547e+00 2.733677e+00
-1.002430e-01 -1.022761e+00 2.760629e+00
-3.107110e-01 -1.060210e+00 2.559219e+00
-8.378800e-02 -1.046173e+00 2.586591e+00
-2.166200e-01 5.904410e-01 2.650643e+00
-4.095330e-01 3.042290e-01 2.677992e+00
-3.680500e-02 3.159220e-01 2.717518e+00
-2.181500e-01 3.703410e-01 2.632593e+00
-2.255680e-01 1.611240e-01 2.764447e+00
-3.641800e-01 -6.656100e-02 2.621790e+00
-5.444500e-02 -3.013800e-02 2.658309e+00
-2.226930e-01 -5.362900e-02 2.758801e+00
-4.812770e-01 2.397000e-02 2.692137e+00
3.323600e-02 9.419500e-02 2.544824e+00
-4.182360e-01 -2.664510e-01 2.620737e+00
1.916600e-02 -1.009900e-02 2.257872e+00
-4.236120e-01 -3.379230e-01 2.614722e+00
9.231000e-03 -6.140900e-02 2.208456e+00
-3.180450e-01 -6.061860e-01 2.669019e+00
-8.239000e-02 -5.907310e-01 2.705676e+00
-3.205500e-01 -1.031785e+00 2.730442e+00
-1.026410e-01 -1.016251e+00 2.764298e+00
-3.031310e-01 -1.056957e+00 2.556744e+00
-7.443300e-02 -1.041329e+00 2.592009e+00
-2.155100e-01 5.917990e-01 2.648822e+00
-4.084580e-01 3.042800e-01 2.676687e+00
-3.595100e-02 3.150630e-01 2.718484e+00
-2.163670e-01 3.677880e-01 2.630567e+00
-2.259700e-01 1.629490e-01 2.768991e+00
-3.661420e-01 -6.805500e-02 2.621037e+00
-5.769200e-02 -2.349300e-02 2.659369e+00
-2.255940e-01 -5.312900e-02 2.758810e+00
-4.783380e-01 2.274000e-02 2.689338e+00
4.251000e-02 1.107230e-01 2.527704e+00
-4.225880e-01 -2.705040e-01 2.620208e+00
2.525400e-02 1.410000e-04 2.242479e+00
-4.108170e-01 -3.412610e-01 2.614891e+00
1.955500e-02 -2.388800e-02 2.174926e+00
-3.182220e-01 -6.044360e-01 2.669210e+00
-8.457200e-02 -5.863290e-01 2.705206e+00
-3.225620e-01 -1.029694e+00 2.732844e+00
-9.229400e-02 -1.012169e+00 2.764479e+00
-3.034020e-01 -1.055832e+00 2.559472e+00
-6.466400e-02 -1.036676e+00 2.592015e+00
-2.187770e-01 5.965390e-01 2.635839e+00
-4.050300e-01 3.074530e-01 2.674985e+00
-3.385700e-02 3.194360e-01 2.727061e+00
-2.123990e-01 3.744770e-01 2.636768e+00
-2.237080e-01 1.637200e-01 2.765866e+00
-3.619980e-01 -6.819400e-02 2.620362e+00
-5.407500e-02 -2.924100e-02 2.667923e+00
-2.255050e-01 -5.491700e-02 2.762317e+00
-4.797340e-01 2.631100e-02 2.685917e+00
5.923700e-02 1.358200e-01 2.521245e+00
-4.113640e-01 -2.638110e-01 2.611638e+00
6.452200e-02 1.254320e-01 2.214282e+00
-4.096960e-01 -3.336530e-01 2.594534e+00
8.748400e-02 1.018920e-01 2.150314e+00
-3.170200e-01 -6.066400e-01 2.671271e+00
-8.316300e-02 -5.913590e-01 2.707125e+00
-3.267530e-01 -1.032253e+00 2.731850e+00
-9.794800e-02 -1.018155e+00 2.757511e+00
-3.020270e-01 -1.057416e+00 2.559039e+00
-6.485400e-02 -1.039596e+00 2.585600e+00
-2.208770e-01 5.952040e-01 2.631940e+00
-4.013930e-01 2.999620e-01 2.675403e+00
-2.997600e-02 3.175170e-01 2.724043e+00
-2.104210e-01 3.714230e-01 2.636904e+00
-2.165510e-01 1.574410e-01 2.760947e+00
-3.577630e-01 -7.080800e-02 2.620847e+00
-5.046300e-02 -2.530400e-02 2.666581e+00
-2.205220e-01 -5.605700e-02 2.761932e+00
-4.688850e-01 1.503200e-02 2.691058e+00
9.280200e-02 2.269560e-01 2.473625e+00
-3.952110e-01 -2.702020e-01 2.596394e+00
1.481360e-01 2.875250e-01 2.175267e+00
-3.721490e-01 -3.346320e-01 2.574252e+00
1.571240e-01 3.099040e-01 2.107505e+00
-3.189630e-01 -6.049600e-01 2.675641e+00
-8.317800e-02 -5.908120e-01 2.694534e+00
-3.240280e-01 -1.031496e+00 2.729964e+00
-9.599200e-02 -1.014264e+00 2.768249e+00
-2.998830e-01 -1.053852e+00 2.556686e+00
-6.536900e-02 -1.044952e+00 2.597285e+00
-2.287140e-01 5.945690e-01 2.635254e+00
-4.036420e-01 2.981810e-01 2.684375e+00
-2.995900e-02 3.170470e-01 2.709475e+00
-2.156910e-01 3.699510e-01 2.633552e+00
-2.133440e-01 1.566680e-01 2.758921e+00
-3.530940e-01 -6.215600e-02 2.635072e+00
-4.146500e-02 -3.027200e-02 2.656678e+00
-2.044730e-01 -5.652200e-02 2.764832e+00
-4.684430e-01 1.271400e-02 2.695606e+00
1.241610e-01 2.798760e-01 2.463137e+00
-3.947030e-01 -2.679750e-01 2.589135e+00
1.717990e-01 4.195890e-01 2.191530e+00
-3.703800e-01 -3.342980e-01 2.575608e+00
1.840710e-01 4.605110e-01 2.133667e+00
-3.194760e-01 -6.012920e-01 2.673079e+00
-8.622300e-02 -5.915620e-01 2.699016e+00
-3.251950e-01 -1.025759e+00 2.741662e+00
-9.163000e-02 -1.016606e+00 2.763954e+00
-3.184640e-01 -1.053960e+00 2.567687e+00
-7.536800e-02 -1.043332e+00 2.590376e+00
-2.399970e-01 5.952770e-01 2.636516e+00
-4.007750e-01 2.935530e-01 2.687693e+00
-2.743800e-02 3.120500e-01 2.682665e+00
-2.173450e-01 3.619970e-01 2.618930e+00
-2.052740e-01 1.550750e-01 2.754023e+00
-3.561470e-01 -6.865200e-02 2.638594e+00
-4.491500e-02 -2.706000e-02 2.637555e+00
-1.993540e-01 -5.367500e-02 2.757546e+00
-4.674540e-01 7.891000e-03 2.701638e+00
1.366740e-01 3.637160e-01 2.444671e+00
-3.977830e-01 -2.742740e-01 2.594106e+00
1.905610e-01 5.595680e-01 2.210635e+00
-3.696740e-01 -3.387950e-01 2.579263e+00
2.005680e-01 6.111340e-01 2.161501e+00
-3.156930e-01 -6.046180e-01 2.678367e+00
-8.828200e-02 -5.912830e-01 2.688683e+00
-3.291120e-01 -1.030483e+00 2.736396e+00
-9.244800e-02 -1.013592e+00 2.769591e+00
-3.318990e-01 -1.054207e+00 2.561646e+00
-9.096000e-02 -1.046792e+00 2.596375e+00
-2.355900e-01 5.967370e-01 2.645734e+00
-4.083200e-01 2.899860e-01 2.699075e+00
-3.950800e-02 3.201060e-01 2.670677e+00
-2.318700e-01 3.640120e-01 2.618795e+00
-2.047050e-01 1.579990e-01 2.753084e+00
-3.523620e-01 -5.486500e-02 2.636508e+00
-3.873900e-02 -4.439100e-02 2.625221e+00
-1.911290e-01 -5.325600e-02 2.750347e+00
-4.718600e-01 2.865000e-03 2.708388e+00
1.274490e-01 4.127600e-01 2.446841e+00
-4.046790e-01 -2.821160e-01 2.605130e+00
1.628780e-01 6.581230e-01 2.259941e+00
-4.025690e-01 -3.540000e-01 2.606399e+00
1.682180e-01 7.167390e-01 2.218602e+00
-3.229110e-01 -6.017400e-01 2.670598e+00
-8.955800e-02 -5.974120e-01 2.698925e+00
-3.247490e-01 -1.025402e+00 2.744183e+00
-8.742100e-02 -1.022271e+00 2.765236e+00
-3.382470e-01 -1.055438e+00 2.570909e+00
-9.153300e-02 -1.049483e+00 2.591021e+00
-2.431400e-01 5.979040e-01 2.638921e+00
-4.099630e-01 2.875170e-01 2.707016e+00
-4.280100e-02 3.214790e-01 2.667603e+00
-2.367830e-01 3.643910e-01 2.622407e+00
-2.035910e-01 1.566390e-01 2.752600e+00
-3.526980e-01 -5.931800e-02 2.638731e+00
-3.974100e-02 -3.901400e-02 2.623196e+00
-1.900580e-01 -5.277600e-02 2.750370e+00
-4.644700e-01 -2.219000e-03 2.706450e+00
1.037260e-01 4.215400e-01 2.432154e+00
-4.079680e-01 -2.925570e-01 2.610021e+00
1.211690e-01 6.782460e-01 2.257269e+00
-3.780370e-01 -3.555380e-01 2.592389e+00
1.351690e-01 7.259420e-01 2.205285e+00
-3.130540e-01 -6.036070e-01 2.676230e+00
-8.315300e-02 -5.955740e-01 2.690705e+00
-3.254580e-01 -1.029235e+00 2.736170e+00
-9.895800e-02 -1.018900e+00 2.764541e+00
-3.370780e-01 -1.053446e+00 2.561852e+00
-1.021280e-01 -1.049085e+00 2.590797e+00
-2.497880e-01 5.960490e-01 2.630993e+00
-4.116690e-01 2.866440e-01 2.710145e+00
-4.422500e-02 3.186330e-01 2.667359e+00
-2.388580e-01 3.616820e-01 2.623167e+00
-2.054610e-01 1.555500e-01 2.755858e+00
-3.493110e-01 -6.086500e-02 2.646669e+00
-3.703500e-02 -4.937400e-02 2.615891e+00
-1.813580e-01 -5.743800e-02 2.750292e+00
-4.695060e-01 -3.037000e-03 2.716606e+00
6.660000e-02 4.142280e-01 2.410685e+00
-4.061460e-01 -2.913360e-01 2.616192e+00
6.757000e-02 6.598880e-01 2.218685e+00
-4.060760e-01 -3.627560e-01 2.624711e+00
9.624400e-02 7.241050e-01 2.203612e+00
-3.252290e-01 -6.070510e-01 2.667130e+00
-8.976500e-02 -6.023990e-01 2.699655e+00
-3.185630e-01 -1.030956e+00 2.738999e+00
-9.408000e-02 -1.026853e+00 2.768399e+00
-3.461370e-01 -1.060497e+00 2.567316e+00
-1.086720e-01 -1.054810e+00 2.594866e+00
-2.456110e-01 5.986710e-01 2.637373e+00
-3.978010e-01 2.977300e-01 2.711547e+00
-2.504200e-02 3.098220e-01 2.672433e+00
-2.201760e-01 3.639910e-01 2.627177e+00
-1.996840e-01 1.548800e-01 2.757811e+00
-3.470220e-01 -5.604800e-02 2.654702e+00
-3.614000e-02 -4.388200e-02 2.612271e+00
-1.753890e-01 -5.036900e-02 2.752004e+00
-4.702290e-01 1.328900e-02 2.722183e+00
-2.720000e-03 3.400650e-01 2.381138e+00
-4.030670e-01 -2.719870e-01 2.621354e+00
-7.603700e-02 5.172210e-01 2.137622e+00
-3.954070e-01 -3.428260e-01 2.611528e+00
-9.443800e-02 5.601290e-01 2.082908e+00
-3.211530e-01 -6.025560e-01 2.666808e+00
-8.949900e-02 -5.967810e-01 2.703524e+00
-3.268660e-01 -1.026901e+00 2.736112e+00
-8.884800e-02 -1.023710e+00 2.754870e+00
-3.591980e-01 -1.054424e+00 2.564924e+00
-1.107460e-01 -1.044640e+00 2.581116e+00
-2.473680e-01 6.006730e-01 2.636886e+00
-3.932770e-01 2.960900e-01 2.712208e+00
-2.199900e-02 3.213660e-01 2.665965e+00
-2.198590e-01 3.662310e-01 2.622399e+00
-1.888980e-01 1.628190e-01 2.759794e+00
-3.539530e-01 -6.193500e-02 2.653064e+00
-4.350500e-02 -3.162100e-02 2.617026e+00
-1.847840e-01 -4.836500e-02 2.753839e+00
-4.702790e-01 1.330300e-02 2.725917e+00
-5.818400e-02 2.692210e-01 2.379509e+00
-4.025330e-01 -2.707400e-01 2.623014e+00
-1.832670e-01 3.590590e-01 2.110916e+00
-3.970080e-01 -3.423320e-01 2.618847e+00
-2.127960e-01 3.806520e-01 2.048988e+00
-3.242540e-01 -6.019700e-01 2.666049e+00
-8.860100e-02 -5.905090e-01 2.697835e+00
-3.178320e-01 -1.025834e+00 2.738176e+00
-8.720400e-02 -1.016372e+00 2.757363e+00
-3.490430e-01 -1.055414e+00 2.567124e+00
-1.048050e-01 -1.040723e+00 2.583566e+00
-2.376500e-01 6.075190e-01 2.649205e+00
-4.164970e-01 2.892680e-01 2.721712e+00
-4.725800e-02 3.198500e-01 2.663812e+00
-2.469770e-01 3.625610e-01 2.627104e+00
-2.090070e-01 1.582070e-01 2.761307e+00
-3.447040e-01 -6.610100e-02 2.657724e+00
-3.541500e-02 -4.573000e-02 2.607512e+00
-1.709320e-01 -5.527100e-02 2.750696e+00
-4.660080e-01 1.185000e-03 2.725493e+00
-1.037230e-01 2.123540e-01 2.397892e+00
-3.951220e-01 -2.795850e-01 2.619179e+00
-2.697180e-01 2.150550e-01 2.137897e+00
-3.798510e-01 -3.476790e-01 2.601766e+00
-3.128100e-01 2.210240e-01 2.080619e+00
-3.213480e-01 -6.083240e-01 2.677988e+00
-8.862500e-02 -6.003120e-01 2.706255e+00
-3.178280e-01 -1.034855e+00 2.732417e+00
-8.418100e-02 -1.026886e+00 2.760279e+00
-3.547830e-01 -1.056986e+00 2.561383e+00
-1.103190e-01 -1.049069e+00 2.587268e+00
-2.544150e-01 5.960250e-01 2.653731e+00
-4.106540e-01 3.033630e-01 2.742620e+00
-4.637200e-02 3.192080e-01 2.655030e+00
-2.462430e-01 3.716400e-01 2.636006e+00
-2.068830e-01 1.622790e-01 2.761829e+00
-3.511300e-01 -6.469900e-02 2.672464e+00
-4.718300e-02 -2.796800e-02 2.602728e+00
-1.720170e-01 -4.982800e-02 2.754044e+00
-4.597710e-01 1.710100e-02 2.726117e+00
-1.352360e-01 1.697050e-01 2.421828e+00
-3.900220e-01 -2.649290e-01 2.626952e+00
-3.384200e-01 1.200750e-01 2.197123e+00
-3.815290e-01 -3.337410e-01 2.607816e+00
-3.996930e-01 1.133750e-01 2.160053e+00
-3.209740e-01 -6.018870e-01 2.682866e+00
-9.101500e-02 -5.866350e-01 2.702302e+00
-3.218180e-01 -1.029344e+00 2.729589e+00
-8.830400e-02 -1.012328e+00 2.762977e+00
-3.678620e-01 -1.047754e+00 2.560328e+00
-1.286910e-01 -1.036807e+00 2.593043e+00
-2.375440e-01 5.987440e-01 2.635573e+00
-4.153280e-01 2.979300e-01 2.742135e+00
-5.346700e-02 3.302730e-01 2.649206e+00
-2.559270e-01 3.724390e-01 2.632138e+00
-2.045700e-01 1.674290e-01 2.760769e+00
-3.590340e-01 -6.126400e-02 2.679012e+00
-5.806700e-02 -2.026100e-02 2.599429e+00
-1.772670e-01 -4.658100e-02 2.754530e+00
-4.634460e-01 9.479000e-03 2.735925e+00
-1.344450e-01 1.660960e-01 2.421068e+00
-3.988680e-01 -2.744220e-01 2.633444e+00
-3.519230e-01 1.229480e-01 2.206328e+00
-3.901930e-01 -3.450220e-01 2.622779e+00
-4.033590e-01 1.104330e-01 2.157635e+00
-3.201970e-01 -5.980150e-01 2.688398e+00
-8.245400e-02 -5.791770e-01 2.693908e+00
-3.222900e-01 -1.025070e+00 2.738623e+00
-9.534900e-02 -1.002660e+00 2.767379e+00
-3.718830e-01 -1.044600e+00 2.570494e+00
-1.350510e-01 -1.030861e+00 2.597860e+00
-2.488410e-01 5.956800e-01 2.641591e+00
-4.130860e-01 2.926990e-01 2.742501e+00
-5.153600e-02 3.278060e-01 2.649365e+00
-2.543780e-01 3.679860e-01 2.632034e+00
-2.011290e-01 1.642760e-01 2.761955e+00
-3.657840e-01 -6.154800e-02 2.679146e+00
-6.502600e-02 -2.172700e-02 2.598183e+00
-1.836020e-01 -4.771000e-02 2.753818e+00
-4.681190e-01 6.467000e-03 2.737455e+00
-1.278600e-01 1.720200e-01 2.415083e+00
-4.083450e-01 -2.808550e-01 2.645233e+00
-3.350910e-01 1.382880e-01 2.190252e+00
-3.914570e-01 -3.469640e-01 2.622478e+00
-3.974230e-01 1.398970e-01 2.154399e+00
-3.207800e-01 -5.989840e-01 2.695781e+00
-8.952000e-02 -5.805620e-01 2.691404e+00
-3.328530e-01 -1.027049e+00 2.734732e+00
-9.057600e-02 -1.003238e+00 2.770438e+00
-3.797730e-01 -1.041143e+00 2.565298e+00
-1.315450e-01 -1.034670e+00 2.601792e+00
-2.435520e-01 5.928890e-01 2.638306e+00
-4.099910e-01 3.062850e-01 2.743199e+00
-4.623600e-02 3.216590e-01 2.653360e+00
-2.464410e-01 3.727210e-01 2.634125e+00
-2.054750e-01 1.666190e-01 2.764724e+00
-3.681700e-01 -5.948400e-02 2.677261e+00
-6.622500e-02 -3.236300e-02 2.595470e+00
-1.855900e-01 -5.013200e-02 2.751657e+00
-4.752750e-01 2.103600e-02 2.741248e+00
-9.836000e-02 1.738770e-01 2.406224e+00
-4.146630e-01 -2.680080e-01 2.651059e+00
-2.938630e-01 1.781440e-01 2.167236e+00
-4.084800e-01 -3.357590e-01 2.627717e+00
-3.343460e-01 1.568770e-01 2.111718e+00
-3.234600e-01 -6.024910e-01 2.689689e+00
-9.297800e-02 -5.860750e-01 2.700559e+00
-3.180890e-01 -1.030175e+00 2.733955e+00
-9.144400e-02 -1.011423e+00 2.763641e+00
-3.679950e-01 -1.048211e+00 2.565752e+00
-1.326090e-01 -1.036728e+00 2.594014e+00
-2.507240e-01 5.920720e-01 2.643953e+00
-4.214430e-01 3.034920e-01 2.733931e+00
-5.388900e-02 3.191580e-01 2.661241e+00
-2.529950e-01 3.702020e-01 2.632765e+00
-2.181050e-01 1.638420e-01 2.764714e+00
-3.717620e-01 -5.571700e-02 2.679201e+00
-6.736000e-02 -3.612400e-02 2.604694e+00
-1.908940e-01 -4.993900e-02 2.758012e+00
-4.731090e-01 1.647300e-02 2.734143e+00
-8.743000e-02 1.833550e-01 2.405345e+00
-4.196990e-01 -2.722050e-01 2.641849e+00
-2.471360e-01 1.686770e-01 2.142697e+00
-4.200610e-01 -3.441110e-01 2.640189e+00
-3.038710e-01 1.808220e-01 2.100188e+00
-3.216980e-01 -6.029540e-01 2.684404e+00
-9.071000e-02 -5.885340e-01 2.699637e+00
-3.278930e-01 -1.028281e+00 2.747336e+00
-9.140500e-02 -1.013650e+00 2.764273e+00
-3.730800e-01 -1.052591e+00 2.578590e+00
-1.282700e-01 -1.039517e+00 2.593745e+00
-2.463730e-01 5.978480e-01 2.643557e+00
-4.105960e-01 2.981230e-01 2.716490e+00
-3.880900e-02 3.104900e-01 2.669091e+00
-2.351050e-01 3.624840e-01 2.626380e+00
-2.108900e-01 1.575300e-01 2.762836e+00
-3.739840e-01 -6.691900e-02 2.656682e+00
-6.391500e-02 -3.584600e-02 2.618115e+00
-2.037720e-01 -5.566700e-02 2.755973e+00
-4.782130e-01 1.598600e-02 2.735252e+00
-3.787600e-02 1.598040e-01 2.420458e+00
-4.136350e-01 -2.648000e-01 2.629844e+00
-1.692180e-01 1.611590e-01 2.143204e+00
-4.264460e-01 -3.349040e-01 2.639574e+00
-2.173330e-01 1.389940e-01 2.094552e+00
-3.293060e-01 -6.080940e-01 2.682656e+00
-9.072900e-02 -5.926670e-01 2.699380e+00
-3.178020e-01 -1.034202e+00 2.739237e+00
-1.005220e-01 -1.018048e+00 2.761484e+00
-3.449800e-01 -1.057862e+00 2.566582e+00
-1.157670e-01 -1.043089e+00 2.587562e+00
-2.436900e-01 5.903160e-01 2.636815e+00
-4.165220e-01 2.978490e-01 2.720202e+00
-4.432700e-02 3.175260e-01 2.678871e+00
-2.407660e-01 3.681450e-01 2.635185e+00
-2.153540e-01 1.586190e-01 2.764281e+00
-3.752090e-01 -5.857900e-02 2.643044e+00
-6.224300e-02 -3.867200e-02 2.627166e+00
-2.123200e-01 -5.416500e-02 2.754424e+00
-4.801820e-01 1.416300e-02 2.728446e+00
-1.468800e-02 1.214100e-01 2.466131e+00
-4.307870e-01 -2.730790e-01 2.632245e+00
-8.664500e-02 7.628000e-02 2.171193e+00
-4.267430e-01 -3.448800e-01 2.630987e+00
-1.080880e-01 3.853000e-02 2.113848e+00
-3.237260e-01 -6.039230e-01 2.685386e+00
-8.977100e-02 -5.914350e-01 2.704162e+00
-3.310770e-01 -1.029308e+00 2.747801e+00
-9.181100e-02 -1.016724e+00 2.767619e+00
-3.415140e-01 -1.054691e+00 2.573574e+00
-9.571100e-02 -1.042728e+00 2.593215e+00
-2.443400e-01 5.890610e-01 2.636715e+00
-4.197910e-01 2.950390e-01 2.712034e+00
-4.681000e-02 3.184200e-01 2.680993e+00
-2.424710e-01 3.664200e-01 2.631274e+00
-2.184580e-01 1.584950e-01 2.763196e+00
-3.864670e-01 -7.069400e-02 2.643485e+00
-7.552800e-02 -3.096900e-02 2.625185e+00
-2.233670e-01 -5.561200e-02 2.753615e+00
-4.802360e-01 1.054700e-02 2.723590e+00
1.574100e-02 1.018460e-01 2.496856e+00
-4.320900e-01 -2.781380e-01 2.630399e+00
-1.761300e-02 -3.707800e-02 2.224957e+00
-4.181250e-01 -3.486120e-01 2.626990e+00
-5.782000e-02 -4.702700e-02 2.166154e+00
-3.215030e-01 -6.090890e-01 2.692956e+00
-9.003500e-02 -5.885560e-01 2.701496e+00
-3.193310e-01 -1.037304e+00 2.732055e+00
-1.027480e-01 -1.013883e+00 2.763435e+00
-3.285450e-01 -1.053365e+00 2.556654e+00
-1.041710e-01 -1.039257e+00 2.588901e+00
-2.459000e-01 5.895610e-01 2.624901e+00
-4.183410e-01 2.951790e-01 2.706645e+00
-4.472300e-02 3.174730e-01 2.683459e+00
-2.391550e-01 3.659780e-01 2.629580e+00
-2.185230e-01 1.581140e-01 2.762167e+00
-3.829870e-01 -6.641800e-02 2.641117e+00
-7.130100e-02 -3.200000e-02 2.624894e+00
-2.203990e-01 -5.404400e-02 2.752336e+00
-4.812950e-01 1.131900e-02 2.725984e+00
3.039300e-02 6.806700e-02 2.552817e+00
-4.256600e-01 -2.721430e-01 2.620592e+00
7.510000e-03 -1.200840e-01 2.310682e+00
-4.188350e-01 -3.437440e-01 2.620497e+00
-7.039000e-03 -1.788770e-01 2.271888e+00
-3.182910e-01 -6.063880e-01 2.694747e+00
-8.481700e-02 -5.881500e-01 2.698221e+00
-3.305370e-01 -1.034512e+00 2.732975e+00
-9.250800e-02 -1.013290e+00 2.762237e+00
-3.374110e-01 -1.049991e+00 2.557415e+00
-9.339600e-02 -1.039536e+00 2.587828e+00
-2.379400e-01 5.939120e-01 2.621198e+00
-4.144390e-01 2.953180e-01 2.694822e+00
-4.030100e-02 3.153450e-01 2.679192e+00
-2.332590e-01 3.622490e-01 2.618971e+00
-2.165210e-01 1.599810e-01 2.760463e+00
-3.740900e-01 -5.490400e-02 2.642747e+00
-6.047100e-02 -4.963500e-02 2.628214e+00
-2.116370e-01 -5.916800e-02 2.754767e+00
-4.803140e-01 1.105000e-02 2.717010e+00
3.457600e-02 3.867900e-02 2.620120e+00
-4.243070e-01 -2.761630e-01 2.618345e+00
1.800600e-02 -2.238190e-01 2.458307e+00
-4.195560e-01 -3.471640e-01 2.628818e+00
1.882900e-02 -2.913510e-01 2.433568e+00
-3.209550e-01 -6.052000e-01 2.688700e+00
-9.011900e-02 -5.970750e-01 2.707030e+00
-3.277370e-01 -1.031560e+00 2.744131e+00
-9.588200e-02 -1.023088e+00 2.765171e+00
-3.370160e-01 -1.054122e+00 2.569451e+00
-9.990400e-02 -1.046879e+00 2.590454e+00
-2.394300e-01 5.946510e-01 2.622259e+00
-4.140800e-01 2.935970e-01 2.690026e+00
-3.978300e-02 3.130600e-01 2.677851e+00
-2.320780e-01 3.591120e-01 2.614911e+00
-2.169670e-01 1.592090e-01 2.759904e+00
-3.798830e-01 -7.159800e-02 2.627114e+00
-6.702400e-02 -4.779800e-02 2.639318e+00
-2.277970e-01 -6.386200e-02 2.752684e+00
-4.814230e-01 8.956000e-03 2.716796e+00
1.885300e-02 2.536400e-02 2.669761e+00
-4.190220e-01 -2.772580e-01 2.615531e+00
1.753900e-02 -2.592660e-01 2.547078e+00
-3.946520e-01 -3.442580e-01 2.606017e+00
6.491000e-03 -3.257920e-01 2.522066e+00
-3.234060e-01 -6.140780e-01 2.695551e+00
-8.940900e-02 -6.016200e-01 2.706873e+00
-3.296290e-01 -1.042381e+00 2.733215e+00
-8.948500e-02 -1.028519e+00 2.758431e+00
-3.214490e-01 -1.057933e+00 2.557717e+00
-7.751200e-02 -1.049620e+00 2.583733e+00
-2.306550e-01 5.921570e-01 2.614721e+00
-4.129510e-01 2.960810e-01 2.686817e+00
-3.851500e-02 3.152080e-01 2.679289e+00
-2.299500e-01 3.607990e-01 2.613458e+00
-2.168510e-01 1.622190e-01 2.760453e+00
-3.884690e-01 -6.571100e-02 2.630643e+00
-7.530100e-02 -4.355100e-02 2.636171e+00
-2.336040e-01 -6.014600e-02 2.752887e+00
-4.805760e-01 1.114800e-02 2.714395e+00
6.408000e-03 2.455900e-02 2.684341e+00
-4.292300e-01 -2.804750e-01 2.621322e+00
-1.100400e-02 -2.781010e-01 2.617731e+00
-4.194590e-01 -3.502960e-01 2.635565e+00
-2.345300e-02 -3.466250e-01 2.599765e+00
-3.163350e-01 -6.105670e-01 2.693081e+00
-8.528700e-02 -5.946540e-01 2.705026e+00
-3.108680e-01 -1.038822e+00 2.731397e+00
-9.223200e-02 -1.020835e+00 2.761788e+00
-3.068190e-01 -1.054484e+00 2.555766e+00
-8.111200e-02 -1.044252e+00 2.587329e+00
-2.249020e-01 5.926710e-01 2.621722e+00
-4.071550e-01 3.043040e-01 2.688087e+00
-3.235800e-02 3.162210e-01 2.684852e+00
-2.221480e-01 3.668830e-01 2.617974e+00
-2.144990e-01 1.651570e-01 2.761015e+00
-3.887840e-01 -4.854700e-02 2.636689e+00
-7.487100e-02 -4.384900e-02 2.631010e+00
-2.295250e-01 -5.592400e-02 2.753050e+00
-4.736570e-01 1.996100e-02 2.701137e+00
-1.510000e-03 2.594900e-02 2.700140e+00
-4.258780e-01 -2.732600e-01 2.618176e+00
-3.220400e-02 -2.729940e-01 2.630603e+00
-4.184650e-01 -3.445790e-01 2.623824e+00
-3.230000e-02 -3.442380e-01 2.620726e+00
-3.139040e-01 -6.002950e-01 2.685012e+00
-8.314600e-02 -5.879320e-01 2.700389e+00
-3.269180e-01 -1.026451e+00 2.740896e+00
-1.036570e-01 -1.012251e+00 2.766971e+00
-3.298690e-01 -1.049291e+00 2.566031e+00
-9.564100e-02 -1.039942e+00 2.592968e+00
-2.200110e-01 5.879870e-01 2.613400e+00
-4.060040e-01 3.069980e-01 2.688075e+00
-3.107000e-02 3.139540e-01 2.687267e+00
-2.197320e-01 3.669270e-01 2.619005e+00
-2.156860e-01 1.655270e-01 2.762651e+00
-3.841750e-01 -4.479800e-02 2.625959e+00
-7.067500e-02 -4.905800e-02 2.643142e+00
-2.340930e-01 -5.793800e-02 2.753475e+00
-4.742350e-01 2.342800e-02 2.703649e+00
5.300000e-03 2.432800e-02 2.697479e+00
-4.268440e-01 -2.687690e-01 2.617797e+00
-3.332900e-02 -2.741180e-01 2.630897e+00
-4.162440e-01 -3.398790e-01 2.615722e+00
-3.123400e-02 -3.454660e-01 2.622039e+00
-3.127090e-01 -5.983690e-01 2.685884e+00
-8.238500e-02 -5.903090e-01 2.705148e+00
-3.284170e-01 -1.024778e+00 2.739073e+00
-9.819000e-02 -1.016407e+00 2.760746e+00
-3.191020e-01 -1.046917e+00 2.564341e+00
-7.962400e-02 -1.039778e+00 2.586915e+00
-2.177780e-01 5.867850e-01 2.609178e+00
-4.055770e-01 3.050290e-01 2.683438e+00
-3.079400e-02 3.164830e-01 2.689102e+00
-2.188640e-01 3.670060e-01 2.617432e+00
-2.149030e-01 1.660510e-01 2.761703e+00
-3.802020e-01 -4.588800e-02 2.633960e+00
-6.631500e-02 -5.359300e-02 2.637385e+00
-2.248550e-01 -6.187500e-02 2.754664e+00
-4.715930e-01 2.171300e-02 2.698509e+00
7.688000e-03 2.776700e-02 2.692931e+00
-4.311910e-01 -2.731390e-01 2.621593e+00
-3.112000e-02 -2.712950e-01 2.633411e+00
-4.173060e-01 -3.434100e-01 2.615073e+00
-2.823300e-02 -3.425090e-01 2.643078e+00
-3.132400e-01 -6.006880e-01 2.685420e+00
-8.299500e-02 -5.929860e-01 2.709962e+00
-3.307040e-01 -1.027871e+00 2.731360e+00
-1.001470e-01 -1.018195e+00 2.771630e+00
-3.291990e-01 -1.046790e+00 2.556010e+00
-9.050900e-02 -1.043853e+00 2.597398e+00
-2.162920e-01 5.895360e-01 2.612440e+00
