-2.846530e-01 2.338020e-01 2.939774e+00
5.762600e-02 2.276470e-01 2.757152e+00
-5.823400e-02 7.285100e-02 2.957390e+00
-6.693000e-03 -1.425320e-01 2.691365e+00
-3.471470e-01 3.675800e-02 2.778696e+00
-3.393260e-01 -2.236410e-01 2.661000e+00
-3.062900e-01 -2.817360e-01 2.627590e+00
-1.194600e-02 -6.322640e-01 2.743205e+00
-8.603800e-02 -1.032860e+00 2.832214e+00
2.767500e-02 -1.082696e+00 2.702576e+00
-1.551940e-01 5.142230e-01 2.666304e+00
6.480000e-02 2.222060e-01 2.757822e+00
-5.888100e-02 7.388100e-02 2.958281e+00
-1.118000e-03 -1.436810e-01 2.702684e+00
-3.439500e-01 4.186400e-02 2.780229e+00
-3.493310e-01 -2.230140e-01 2.666003e+00
-3.325020e-01 -2.903710e-01 2.638390e+00
-1.463600e-02 -6.337070e-01 2.750350e+00
-8.613100e-02 -1.035463e+00 2.836192e+00
3.250100e-02 -1.083468e+00 2.710326e+00
-1.574130e-01 5.173370e-01 2.671849e+00
6.494400e-02 2.148240e-01 2.829282e+00
-1.521540e-01 8.465200e-02 2.945060e+00
-7.387000e-03 -1.497210e-01 2.805306e+00
-3.718990e-01 -1.812000e-02 2.730102e+00
-2.914140e-01 -2.819200e-01 2.651694e+00
-2.901010e-01 -3.501400e-01 2.682140e+00
-1.020300e-02 -6.239740e-01 2.755868e+00
-8.543400e-02 -1.026817e+00 2.832986e+00
7.439900e-02 -1.069947e+00 2.763607e+00
-1.652100e-01 5.268920e-01 2.692259e+00
3.380800e-02 1.745520e-01 2.901321e+00
-1.987610e-01 2.765400e-02 2.943902e+00
3.436000e-03 -1.695060e-01 2.838958e+00
-3.672250e-01 -3.661200e-02 2.719729e+00
-2.743940e-01 -2.955650e-01 2.639088e+00
-2.836820e-01 -3.557700e-01 2.682352e+00
-1.508800e-02 -6.376290e-01 2.765801e+00
-8.748500e-02 -1.043329e+00 2.829485e+00
7.936600e-02 -1.081582e+00 2.775470e+00
-1.604120e-01 4.923670e-01 2.683544e+00
2.978100e-02 1.887150e-01 2.909615e+00
-1.872490e-01 1.759100e-02 2.942719e+00
5.780000e-04 -1.684850e-01 2.834855e+00
-3.604760e-01 -4.352000e-02 2.708666e+00
-2.699250e-01 -3.012440e-01 2.632948e+00
-2.741460e-01 -3.572290e-01 2.682248e+00
-5.703000e-03 -6.357730e-01 2.772723e+00
-8.860500e-02 -1.040505e+00 2.829360e+00
8.153200e-02 -1.081010e+00 2.788951e+00
-1.555550e-01 4.930070e-01 2.658543e+00
2.197200e-02 1.838400e-01 2.911272e+00
-1.969430e-01 1.348900e-02 2.934465e+00
2.275000e-03 -1.723300e-01 2.842352e+00
-3.604470e-01 -5.171400e-02 2.710655e+00
-2.581510e-01 -3.016710e-01 2.631585e+00
-2.471390e-01 -3.572540e-01 2.680286e+00
-6.136000e-03 -6.402130e-01 2.776378e+00
-8.697100e-02 -1.046619e+00 2.823156e+00
8.441600e-02 -1.084977e+00 2.786069e+00
-1.564780e-01 5.002680e-01 2.654077e+00
2.706300e-02 1.921530e-01 2.900645e+00
-1.961050e-01 2.956400e-02 2.935877e+00
6.880000e-04 -1.731360e-01 2.849840e+00
-3.573470e-01 -4.439400e-02 2.710291e+00
-2.474870e-01 -2.918240e-01 2.636283e+00
-2.658830e-01 -3.543190e-01 2.672870e+00
-5.145000e-03 -6.393770e-01 2.777418e+00
-8.651700e-02 -1.045288e+00 2.827452e+00
8.621800e-02 -1.083639e+00 2.797251e+00
-1.493680e-01 5.085530e-01 2.651343e+00
4.338600e-02 1.987470e-01 2.867561e+00
-1.760550e-01 4.165300e-02 2.935739e+00
1.670500e-02 -1.710940e-01 2.831943e+00
-3.519520e-01 -4.381200e-02 2.708677e+00
-2.544920e-01 -2.986910e-01 2.638839e+00
-2.663830e-01 -3.588430e-01 2.681534e+00
-3.295000e-03 -6.392720e-01 2.769059e+00
-8.579700e-02 -1.043444e+00 2.830110e+00
8.025300e-02 -1.085450e+00 2.776413e+00
-1.295210e-01 5.139990e-01 2.679141e+00
3.504200e-02 1.830980e-01 2.893785e+00
-1.915310e-01 2.585000e-02 2.931444e+00
1.657900e-02 -1.798690e-01 2.847229e+00
-3.471830e-01 -4.061700e-02 2.701010e+00
-2.504640e-01 -2.942470e-01 2.633295e+00
-2.416960e-01 -3.524820e-01 2.679278e+00
-6.876000e-03 -6.441250e-01 2.778427e+00
-8.903500e-02 -1.050208e+00 2.825711e+00
8.190300e-02 -1.089264e+00 2.787305e+00
-1.409870e-01 4.984360e-01 2.652935e+00
2.405300e-02 1.793830e-01 2.889926e+00
-2.073000e-01 2.815100e-02 2.922876e+00
-1.349000e-03 -1.745680e-01 2.841476e+00
-3.640190e-01 -3.745200e-02 2.699002e+00
-2.484840e-01 -2.837230e-01 2.631718e+00
-2.612380e-01 -3.457780e-01 2.671330e+00
-8.024000e-03 -6.437280e-01 2.777102e+00
-9.087700e-02 -1.049526e+00 2.825602e+00
7.943300e-02 -1.089146e+00 2.785044e+00
-1.429470e-01 5.093790e-01 2.654572e+00
4.172000e-03 1.850310e-01 2.911052e+00
-2.243410e-01 2.674300e-02 2.925450e+00
-3.017000e-02 -1.696470e-01 2.848238e+00
-3.729990e-01 -2.626700e-02 2.681198e+00
-2.552560e-01 -2.786960e-01 2.632918e+00
-2.514120e-01 -3.483430e-01 2.659697e+00
-3.378000e-03 -6.308100e-01 2.770849e+00
-8.794700e-02 -1.035813e+00 2.822904e+00
8.434700e-02 -1.075733e+00 2.792218e+00
-1.600770e-01 4.958670e-01 2.637534e+00
-2.388200e-02 2.358830e-01 2.926797e+00
-2.482830e-01 7.119400e-02 2.925093e+00
-5.912200e-02 -1.529500e-01 2.852427e+00
-3.899320e-01 -1.294700e-02 2.674744e+00
-2.749760e-01 -2.649780e-01 2.616669e+00
-2.599680e-01 -3.363870e-01 2.632735e+00
-6.490000e-03 -6.177030e-01 2.769864e+00
-8.362400e-02 -1.024665e+00 2.818049e+00
9.102600e-02 -1.060277e+00 2.796850e+00
-1.709700e-01 5.189390e-01 2.623666e+00
-7.082500e-02 2.720000e-01 2.937912e+00
-1.788440e-01 3.204870e-01 2.735356e+00
-2.687250e-01 7.627400e-02 2.935150e+00
-3.227660e-01 -1.497090e-01 2.678978e+00
-7.428300e-02 -1.289110e-01 2.844877e+00
-3.079750e-01 -1.748530e-01 2.930319e+00
-3.875690e-01 -4.655200e-02 2.657787e+00
1.072020e-01 1.536260e-01 2.790948e+00
-2.763820e-01 -3.005860e-01 2.601624e+00
2.901230e-01 4.932100e-02 2.601876e+00
-2.181720e-01 -3.381710e-01 2.629581e+00
3.382380e-01 2.258500e-02 2.551351e+00
-1.638500e-02 -6.027320e-01 2.762912e+00
-3.021560e-01 -6.114910e-01 2.682109e+00
-7.948600e-02 -1.010835e+00 2.820871e+00
-2.926150e-01 -1.018677e+00 2.771535e+00
9.577500e-02 -1.041336e+00 2.796918e+00
-4.017740e-01 -1.051678e+00 2.632915e+00
-1.646510e-01 5.100100e-01 2.623556e+00
-4.160080e-01 2.157670e-01 2.700647e+00
-5.920600e-02 2.186180e-01 2.853055e+00
-1.941080e-01 2.870600e-01 2.673709e+00
-2.880690e-01 6.663000e-02 2.897804e+00
-3.303090e-01 -1.754970e-01 2.701148e+00
-5.331000e-02 -1.596430e-01 2.813925e+00
-2.680850e-01 -1.783000e-01 2.946389e+00
-3.726060e-01 -2.245900e-02 2.624166e+00
1.545870e-01 2.037470e-01 2.716751e+00
-2.775920e-01 -2.799100e-01 2.586435e+00
3.180450e-01 3.031000e-01 2.516328e+00
-2.883270e-01 -3.459060e-01 2.619780e+00
3.473730e-01 3.314290e-01 2.453718e+00
-1.614300e-02 -6.271440e-01 2.752909e+00
-3.164350e-01 -6.263660e-01 2.665318e+00
-8.609700e-02 -1.032721e+00 2.820017e+00
-2.927470e-01 -1.030983e+00 2.763366e+00
8.327900e-02 -1.069641e+00 2.773446e+00
-4.076420e-01 -1.069778e+00 2.631024e+00
-1.831250e-01 5.094690e-01 2.653318e+00
-4.317560e-01 2.225540e-01 2.668723e+00
-1.203170e-01 2.721300e-01 2.894758e+00
-2.167880e-01 3.150930e-01 2.685246e+00
-3.388520e-01 9.982600e-02 2.900644e+00
-3.414970e-01 -1.719060e-01 2.650695e+00
-1.090100e-01 -1.454170e-01 2.837636e+00
-3.493780e-01 -1.899050e-01 2.902958e+00
-4.188330e-01 -2.382300e-02 2.614822e+00
8.502000e-02 2.607390e-01 2.748133e+00
-3.099630e-01 -2.747670e-01 2.582255e+00
2.529270e-01 3.908290e-01 2.572657e+00
-2.543330e-01 -3.211040e-01 2.600715e+00
2.732810e-01 4.399960e-01 2.520208e+00
-2.819800e-02 -6.144760e-01 2.751296e+00
-3.065750e-01 -6.336480e-01 2.654170e+00
-8.964400e-02 -1.022798e+00 2.809489e+00
-2.984290e-01 -1.035002e+00 2.767032e+00
8.651000e-02 -1.051938e+00 2.791026e+00
-3.842460e-01 -1.079292e+00 2.615724e+00
-2.019640e-01 5.303080e-01 2.641666e+00
-4.309740e-01 2.235170e-01 2.686479e+00
-5.978900e-02 2.524620e-01 2.772398e+00
-2.167740e-01 2.757620e-01 2.606250e+00
-2.718720e-01 1.281420e-01 2.894015e+00
-3.542400e-01 -1.661140e-01 2.698135e+00
-6.467400e-02 -1.422460e-01 2.770802e+00
-2.591780e-01 -1.531750e-01 2.932269e+00
-3.835390e-01 -1.488400e-02 2.628181e+00
1.618450e-01 3.318080e-01 2.688251e+00
-3.059500e-01 -2.722100e-01 2.582202e+00
2.225390e-01 5.571530e-01 2.547171e+00
-3.215000e-01 -3.361230e-01 2.617641e+00
2.156690e-01 6.173760e-01 2.503483e+00
-2.809000e-02 -6.107630e-01 2.731124e+00
-3.132680e-01 -6.247320e-01 2.662600e+00
-8.792900e-02 -1.015638e+00 2.811024e+00
-3.002360e-01 -1.029586e+00 2.761656e+00
7.589600e-02 -1.052381e+00 2.747530e+00
-4.089060e-01 -1.066831e+00 2.623729e+00
-2.037080e-01 5.440550e-01 2.628879e+00
-4.440430e-01 2.098810e-01 2.665089e+00
-8.120200e-02 2.726590e-01 2.765815e+00
-2.327360e-01 2.827490e-01 2.593765e+00
-2.849200e-01 1.279010e-01 2.878256e+00
-3.646730e-01 -1.676750e-01 2.687141e+00
-7.766800e-02 -1.429090e-01 2.769076e+00
-2.773340e-01 -1.530620e-01 2.924167e+00
-3.945170e-01 -3.329300e-02 2.616594e+00
1.220940e-01 3.683140e-01 2.649756e+00
-3.156550e-01 -2.952980e-01 2.581722e+00
1.571680e-01 6.291170e-01 2.567015e+00
-3.219150e-01 -3.594850e-01 2.619450e+00
1.333030e-01 6.995900e-01 2.560188e+00
-3.842200e-02 -6.108080e-01 2.719099e+00
-3.246090e-01 -6.293390e-01 2.670591e+00
-9.879300e-02 -1.013637e+00 2.808389e+00
-2.925960e-01 -1.032405e+00 2.772579e+00
6.350400e-02 -1.052600e+00 2.742344e+00
-4.044770e-01 -1.075123e+00 2.638870e+00
-2.189580e-01 5.315560e-01 2.642772e+00
-4.447920e-01 2.010670e-01 2.670587e+00
-7.689300e-02 2.750170e-01 2.738991e+00
-2.422540e-01 2.776700e-01 2.580263e+00
-2.661800e-01 1.276970e-01 2.871076e+00
-3.652610e-01 -1.651250e-01 2.701681e+00
-7.225400e-02 -1.444540e-01 2.760150e+00
-2.591110e-01 -1.479640e-01 2.930724e+00
-4.089960e-01 -5.011600e-02 2.631621e+00
1.126320e-01 3.745410e-01 2.597299e+00
-3.148850e-01 -3.108080e-01 2.591741e+00
1.434910e-01 6.492280e-01 2.552440e+00
-3.227080e-01 -3.739000e-01 2.630994e+00
1.184690e-01 7.187880e-01 2.563300e+00
-4.497800e-02 -6.134800e-01 2.715782e+00
-3.305420e-01 -6.274690e-01 2.680288e+00
-9.998400e-02 -1.016101e+00 2.809374e+00
-2.960720e-01 -1.033507e+00 2.768800e+00
5.635800e-02 -1.055769e+00 2.730610e+00
-4.158470e-01 -1.071610e+00 2.640651e+00
-2.351530e-01 5.458450e-01 2.619136e+00
-4.250660e-01 1.999210e-01 2.718525e+00
-4.883000e-02 2.659190e-01 2.700345e+00
-2.477290e-01 2.763580e-01 2.585272e+00
-2.060680e-01 1.170270e-01 2.869022e+00
-3.580040e-01 -1.593480e-01 2.740557e+00
-5.915600e-02 -1.434420e-01 2.728906e+00
-2.017440e-01 -1.312440e-01 2.937575e+00
-4.198270e-01 -5.009900e-02 2.660213e+00
1.035150e-01 3.586750e-01 2.515593e+00
-3.352760e-01 -3.143120e-01 2.621437e+00
1.459060e-01 6.317320e-01 2.469620e+00
-3.409770e-01 -3.863240e-01 2.640524e+00
1.291350e-01 7.026750e-01 2.486001e+00
-4.970200e-02 -6.156380e-01 2.713331e+00
-3.312480e-01 -6.210320e-01 2.703126e+00
-9.927100e-02 -1.017173e+00 2.814332e+00
-2.963700e-01 -1.030152e+00 2.775882e+00
3.858300e-02 -1.060932e+00 2.708023e+00
-4.324600e-01 -1.061794e+00 2.663195e+00
-2.329580e-01 5.416120e-01 2.614617e+00
-4.183030e-01 2.239290e-01 2.700305e+00
-3.782400e-02 2.062410e-01 2.677235e+00
-2.318040e-01 2.354740e-01 2.558415e+00
-2.180460e-01 1.276640e-01 2.867969e+00
-3.383720e-01 -1.700690e-01 2.756495e+00
-3.987800e-02 -1.768440e-01 2.732950e+00
-1.726520e-01 -1.490710e-01 2.946545e+00
-4.422900e-01 -3.219000e-02 2.699769e+00
1.662400e-02 2.526300e-01 2.430126e+00
-3.495010e-01 -2.864440e-01 2.625701e+00
1.098240e-01 4.374900e-01 2.240681e+00
-3.568140e-01 -3.565800e-01 2.650401e+00
1.183830e-01 4.982510e-01 2.198049e+00
-5.493100e-02 -6.419150e-01 2.722250e+00
-3.425500e-01 -6.356780e-01 2.726725e+00
-9.845900e-02 -1.046318e+00 2.814188e+00
-2.907470e-01 -1.046762e+00 2.773792e+00
3.290800e-02 -1.086707e+00 2.698726e+00
-4.391830e-01 -1.076510e+00 2.677344e+00
-2.624420e-01 5.330930e-01 2.622372e+00
-3.975210e-01 2.353360e-01 2.722774e+00
-2.542900e-02 1.796490e-01 2.671846e+00
-2.218330e-01 2.286770e-01 2.567413e+00
-1.961800e-01 1.184570e-01 2.875358e+00
-3.463600e-01 -1.870740e-01 2.779034e+00
-5.153800e-02 -1.830300e-01 2.726477e+00
-1.638490e-01 -1.574960e-01 2.951771e+00
-4.466570e-01 -1.720100e-02 2.721623e+00
-6.553300e-02 2.413810e-01 2.425315e+00
-3.538820e-01 -2.651760e-01 2.628543e+00
8.871000e-03 2.201280e-01 2.155534e+00
-3.613860e-01 -3.365910e-01 2.649187e+00
2.893700e-02 2.132450e-01 2.083891e+00
-5.033800e-02 -6.482820e-01 2.719155e+00
-3.431140e-01 -6.466070e-01 2.731697e+00
-9.576500e-02 -1.051127e+00 2.816833e+00
-2.811660e-01 -1.056496e+00 2.776884e+00
2.981400e-02 -1.094550e+00 2.696149e+00
-4.338590e-01 -1.089327e+00 2.688412e+00
-2.721800e-01 5.253850e-01 2.613653e+00
-3.655630e-01 2.552650e-01 2.748632e+00
-4.648000e-03 1.567220e-01 2.646832e+00
-2.124030e-01 2.353540e-01 2.572016e+00
-1.628380e-01 1.085310e-01 2.870504e+00
-3.296290e-01 -1.802790e-01 2.798053e+00
-4.539700e-02 -1.863860e-01 2.703854e+00
-1.233830e-01 -1.567970e-01 2.942739e+00
-4.502350e-01 1.257200e-02 2.736905e+00
-6.150000e-02 1.304180e-01 2.397256e+00
-3.729230e-01 -2.436670e-01 2.652367e+00
-1.337860e-01 1.465700e-02 2.151976e+00
-3.463080e-01 -3.134220e-01 2.649464e+00
-1.550560e-01 -3.128000e-03 2.082594e+00
-5.150600e-02 -6.478820e-01 2.703468e+00
-3.389850e-01 -6.452200e-01 2.740469e+00
-9.067900e-02 -1.047338e+00 2.816558e+00
-2.799110e-01 -1.056195e+00 2.779180e+00
2.011400e-02 -1.095762e+00 2.683892e+00
-4.395650e-01 -1.086331e+00 2.702875e+00
-2.804020e-01 5.229430e-01 2.613579e+00
-3.118510e-01 2.095730e-01 2.845664e+00
-4.696100e-02 1.720020e-01 2.564655e+00
-2.661880e-01 2.370360e-01 2.617172e+00
-7.243300e-02 6.953700e-02 2.822207e+00
-2.905790e-01 -1.973010e-01 2.846869e+00
-8.700800e-02 -1.833040e-01 2.627640e+00
-3.937900e-02 -1.890350e-01 2.876079e+00
-4.459310e-01 1.387900e-02 2.745889e+00
-1.714820e-01 4.741700e-02 2.377021e+00
-3.762740e-01 -2.413190e-01 2.651923e+00
-3.739970e-01 -8.303000e-02 2.232856e+00
-3.587140e-01 -3.081270e-01 2.623446e+00
-4.458920e-01 -1.025110e-01 2.238719e+00
-5.159200e-02 -6.655270e-01 2.666734e+00
-3.391210e-01 -6.530490e-01 2.754107e+00
-8.908400e-02 -1.051663e+00 2.819647e+00
-2.757370e-01 -1.064855e+00 2.771072e+00
-1.072000e-02 -1.117643e+00 2.672250e+00
-4.531510e-01 -1.092137e+00 2.771670e+00
-2.774000e-01 5.164220e-01 2.603887e+00
-2.665300e-01 1.293420e-01 2.858236e+00
-7.435400e-02 2.221130e-01 2.534190e+00
-2.811700e-01 2.259250e-01 2.644916e+00
-2.336400e-02 5.099200e-02 2.747728e+00
-2.765280e-01 -2.013620e-01 2.848483e+00
-1.235760e-01 -1.824510e-01 2.591682e+00
-2.619600e-02 -1.729610e-01 2.825027e+00
-3.953090e-01 -5.559800e-02 2.733971e+00
-2.210530e-01 9.359200e-02 2.366241e+00
-3.294450e-01 -2.563980e-01 2.549176e+00
-4.882330e-01 3.215100e-02 2.305683e+00
-3.139060e-01 -3.080970e-01 2.497520e+00
-5.611640e-01 2.186400e-02 2.293117e+00
-5.572400e-02 -6.677960e-01 2.645714e+00
-3.387000e-01 -6.547910e-01 2.747856e+00
-1.046170e-01 -1.040780e+00 2.825663e+00
-2.749950e-01 -1.066627e+00 2.762754e+00
-4.039500e-02 -1.120369e+00 2.678146e+00
-4.518560e-01 -1.093447e+00 2.777622e+00
-2.729520e-01 5.058050e-01 2.609574e+00
-2.702320e-01 1.394210e-01 2.881516e+00
-7.231000e-02 2.393850e-01 2.563116e+00
-2.796060e-01 2.461770e-01 2.672798e+00
-2.949900e-02 5.680000e-02 2.768811e+00
-2.787690e-01 -1.953340e-01 2.832362e+00
-1.236540e-01 -1.803660e-01 2.576601e+00
-2.734300e-02 -1.770960e-01 2.810559e+00
-4.068650e-01 -3.555000e-02 2.751342e+00
-2.306450e-01 1.877470e-01 2.367693e+00
-3.595900e-01 -2.289750e-01 2.553455e+00
-5.058690e-01 2.329060e-01 2.341989e+00
-3.489630e-01 -2.785830e-01 2.498603e+00
-5.803780e-01 2.362620e-01 2.346429e+00
-6.348600e-02 -6.660990e-01 2.632758e+00
-3.437330e-01 -6.522470e-01 2.734041e+00
-1.089100e-01 -1.029917e+00 2.831409e+00
-2.757670e-01 -1.063413e+00 2.748595e+00
-4.322200e-02 -1.116216e+00 2.688377e+00
-4.521320e-01 -1.091952e+00 2.765958e+00
-2.662790e-01 5.084080e-01 2.591636e+00
-2.283060e-01 1.303150e-01 2.873650e+00
-4.773200e-02 2.641380e-01 2.557377e+00
-2.478590e-01 2.610340e-01 2.679800e+00
3.339000e-03 5.798600e-02 2.737304e+00
-2.760980e-01 -1.775870e-01 2.833415e+00
-1.354110e-01 -1.449900e-01 2.571035e+00
-2.748300e-02 -1.445710e-01 2.799890e+00
-3.782420e-01 -2.822300e-02 2.737218e+00
-2.205220e-01 3.235000e-01 2.376981e+00
-3.649330e-01 -1.956010e-01 2.512241e+00
-4.451890e-01 4.907360e-01 2.376640e+00
-3.634630e-01 -2.381320e-01 2.450828e+00
-5.024600e-01 5.387200e-01 2.376983e+00
-7.085000e-02 -6.448600e-01 2.622506e+00
-3.365660e-01 -6.262190e-01 2.720977e+00
-1.081720e-01 -1.009454e+00 2.821420e+00
-2.864620e-01 -1.039165e+00 2.750194e+00
-5.893600e-02 -1.095983e+00 2.672058e+00
-4.640700e-01 -1.059576e+00 2.766293e+00
-2.143670e-01 5.193250e-01 2.588386e+00
-2.370280e-01 1.032080e-01 2.855343e+00
-3.334200e-02 2.685880e-01 2.571667e+00
-2.411350e-01 2.555460e-01 2.676951e+00
3.432000e-03 4.306700e-02 2.728681e+00
-2.802970e-01 -1.694280e-01 2.823293e+00
-1.218070e-01 -1.326520e-01 2.571842e+00
-2.909300e-02 -1.438460e-01 2.807006e+00
-3.790830e-01 -3.789400e-02 2.693666e+00
-1.922610e-01 3.584100e-01 2.390844e+00
-3.617430e-01 -1.773440e-01 2.450643e+00
-3.584090e-01 5.841020e-01 2.386711e+00
-3.590800e-01 -2.123490e-01 2.384687e+00
-3.997740e-01 6.414000e-01 2.410969e+00
-6.400300e-02 -6.365110e-01 2.623894e+00
-3.379000e-01 -6.117990e-01 2.722244e+00
-1.030960e-01 -1.006045e+00 2.813116e+00
-2.887100e-01 -1.025101e+00 2.747753e+00
-4.969100e-02 -1.088595e+00 2.662937e+00
-4.653800e-01 -1.044581e+00 2.772818e+00
-1.611430e-01 5.157870e-01 2.605687e+00
-2.692480e-01 1.146930e-01 2.862502e+00
-5.107300e-02 2.400510e-01 2.572707e+00
-2.595370e-01 2.512410e-01 2.671955e+00
-3.153200e-02 2.754300e-02 2.746845e+00
-2.823580e-01 -1.627070e-01 2.820023e+00
-1.165050e-01 -1.433670e-01 2.571392e+00
-3.009600e-02 -1.462900e-01 2.809190e+00
-4.194370e-01 -3.091500e-02 2.712602e+00
-1.609360e-01 3.626970e-01 2.375372e+00
-4.184800e-01 -1.898090e-01 2.481174e+00
-2.831360e-01 6.141940e-01 2.355019e+00
-4.200150e-01 -2.300640e-01 2.418246e+00
-3.142630e-01 6.815860e-01 2.363508e+00
-6.785100e-02 -6.370470e-01 2.631168e+00
-3.408100e-01 -6.173210e-01 2.723689e+00
-1.056570e-01 -1.006873e+00 2.820082e+00
-2.879300e-01 -1.030089e+00 2.750440e+00
-4.780700e-02 -1.088824e+00 2.671228e+00
-4.655570e-01 -1.051949e+00 2.764260e+00
-1.468330e-01 5.129220e-01 2.638218e+00
-2.426460e-01 1.277000e-01 2.873327e+00
-4.455300e-02 1.977210e-01 2.550264e+00
-2.427820e-01 2.363400e-01 2.665372e+00
-2.202000e-02 9.468000e-03 2.751565e+00
-2.890560e-01 -1.973630e-01 2.846442e+00
-1.311710e-01 -1.613330e-01 2.594504e+00
-3.818100e-02 -1.690010e-01 2.829700e+00
-4.155240e-01 -2.747100e-02 2.762588e+00
-8.428900e-02 3.063540e-01 2.320664e+00
-4.600480e-01 -2.130820e-01 2.556739e+00
-1.728160e-01 5.576580e-01 2.233148e+00
-4.736730e-01 -2.606260e-01 2.500734e+00
-2.035610e-01 6.257330e-01 2.231376e+00
-6.088900e-02 -6.584960e-01 2.643672e+00
-3.499550e-01 -6.376820e-01 2.746162e+00
-1.170210e-01 -1.021479e+00 2.841111e+00
-2.842920e-01 -1.049347e+00 2.756638e+00
-4.700200e-02 -1.108678e+00 2.700705e+00
-4.594130e-01 -1.076555e+00 2.785140e+00
-1.682110e-01 4.730120e-01 2.595938e+00
-2.450410e-01 1.183070e-01 2.884271e+00
-4.722400e-02 2.111070e-01 2.563646e+00
-2.480540e-01 2.373070e-01 2.682089e+00
-2.077800e-02 1.300600e-02 2.757391e+00
-2.795400e-01 -1.911240e-01 2.848637e+00
-1.318960e-01 -1.774740e-01 2.588419e+00
-2.875900e-02 -1.743750e-01 2.819452e+00
-4.137640e-01 -3.727400e-02 2.767843e+00
-3.827000e-03 1.945780e-01 2.310733e+00
-4.618120e-01 -2.122820e-01 2.553668e+00
-7.202100e-02 3.969040e-01 2.128816e+00
-4.764080e-01 -2.570730e-01 2.495673e+00
-1.027030e-01 4.622210e-01 2.109453e+00
-6.944800e-02 -6.663470e-01 2.655810e+00
-3.505570e-01 -6.454330e-01 2.761833e+00
-1.127530e-01 -1.029635e+00 2.855899e+00
-2.826270e-01 -1.056829e+00 2.756524e+00
-5.245000e-02 -1.116658e+00 2.710948e+00
-4.564780e-01 -1.085972e+00 2.790389e+00
-2.172970e-01 4.650160e-01 2.541961e+00
-2.591780e-01 1.035080e-01 2.886523e+00
-4.215600e-02 2.046170e-01 2.581198e+00
-2.486920e-01 2.304360e-01 2.689476e+00
-3.031000e-02 -1.504000e-03 2.767893e+00
-2.605170e-01 -1.761510e-01 2.840776e+00
-1.058080e-01 -1.950310e-01 2.585027e+00
-8.996000e-03 -1.927840e-01 2.818790e+00
-4.249520e-01 -4.493600e-02 2.757247e+00
2.736200e-02 1.183820e-01 2.349088e+00
-4.734300e-01 -2.092190e-01 2.534833e+00
4.872500e-02 1.545420e-01 2.071701e+00
-4.880310e-01 -2.511570e-01 2.474744e+00
8.740700e-02 1.223220e-01 2.016491e+00
-6.894900e-02 -6.698450e-01 2.671221e+00
-3.550460e-01 -6.435590e-01 2.773666e+00
-1.087250e-01 -1.042750e+00 2.853565e+00
-2.831770e-01 -1.053823e+00 2.753479e+00
-4.650900e-02 -1.122021e+00 2.705020e+00
-4.553230e-01 -1.085920e+00 2.792919e+00
-1.945200e-01 4.625200e-01 2.559016e+00
-2.481090e-01 1.099990e-01 2.875972e+00
-2.777600e-02 1.949860e-01 2.568117e+00
-2.333630e-01 2.307700e-01 2.675361e+00
-2.283300e-02 -5.941000e-03 2.760691e+00
-2.596140e-01 -1.740920e-01 2.847050e+00
-1.031470e-01 -1.939610e-01 2.592448e+00
-7.879000e-03 -1.896950e-01 2.826818e+00
-4.197310e-01 -3.824200e-02 2.754321e+00
1.053910e-01 5.593000e-02 2.397516e+00
-4.861730e-01 -2.055560e-01 2.538917e+00
2.402900e-01 -4.577500e-02 2.173457e+00
-5.054620e-01 -2.483820e-01 2.480809e+00
2.930260e-01 -9.698600e-02 2.160082e+00
-7.062800e-02 -6.703900e-01 2.682963e+00
-3.492290e-01 -6.436390e-01 2.782930e+00
-1.070260e-01 -1.053651e+00 2.843197e+00
-2.832520e-01 -1.054570e+00 2.757001e+00
-5.303500e-02 -1.124022e+00 2.687142e+00
-4.556120e-01 -1.084767e+00 2.797007e+00
-1.732400e-01 4.631320e-01 2.547498e+00
-2.371770e-01 1.208020e-01 2.884822e+00
-1.047000e-03 1.832810e-01 2.583354e+00
-2.060620e-01 2.375590e-01 2.683707e+00
-1.911000e-02 -1.509900e-02 2.777776e+00
-2.551480e-01 -1.809490e-01 2.851815e+00
-8.697100e-02 -1.959850e-01 2.604450e+00
-3.215000e-03 -2.027850e-01 2.843117e+00
-4.176600e-01 -1.485800e-02 2.761328e+00
1.415550e-01 4.479000e-02 2.420020e+00
-4.991810e-01 -1.769580e-01 2.547120e+00
3.063470e-01 -2.045000e-02 2.202415e+00
-5.222890e-01 -2.183490e-01 2.489367e+00
3.107820e-01 -9.145500e-02 2.179584e+00
-6.299800e-02 -6.759080e-01 2.688471e+00
-3.482980e-01 -6.450480e-01 2.780639e+00
-1.115730e-01 -1.061104e+00 2.840632e+00
-2.807840e-01 -1.055871e+00 2.757086e+00
-4.997800e-02 -1.129710e+00 2.686620e+00
-4.535430e-01 -1.086438e+00 2.795039e+00
-1.415680e-01 4.656540e-01 2.557437e+00
-2.478930e-01 1.084900e-01 2.875575e+00
2.195000e-02 1.930160e-01 2.609898e+00
-1.941180e-01 2.396050e-01 2.688585e+00
-1.725700e-02 -1.900200e-02 2.785943e+00
-2.563220e-01 -1.749660e-01 2.838169e+00
-6.405100e-02 -1.876670e-01 2.608889e+00
-5.082000e-03 -2.000790e-01 2.854636e+00
-4.118410e-01 -1.925100e-02 2.723812e+00
1.601920e-01 5.495900e-02 2.442450e+00
-4.731280e-01 -1.643480e-01 2.491437e+00
2.951920e-01 2.988300e-02 2.197644e+00
-4.907580e-01 -2.012430e-01 2.428903e+00
3.454320e-01 -5.068000e-03 2.154784e+00
-5.691600e-02 -6.713710e-01 2.689794e+00
-3.465250e-01 -6.337930e-01 2.763175e+00
-1.113730e-01 -1.058274e+00 2.835499e+00
-2.821010e-01 -1.045682e+00 2.753916e+00
-4.355400e-02 -1.125121e+00 2.683340e+00
-4.574230e-01 -1.073698e+00 2.780328e+00
-1.258150e-01 4.665150e-01 2.567974e+00
-2.250720e-01 8.913400e-02 2.891977e+00
3.664900e-02 2.006750e-01 2.628149e+00
-1.779950e-01 2.367200e-01 2.715766e+00
5.027000e-03 -2.632000e-02 2.786119e+00
-2.374610e-01 -1.791090e-01 2.837750e+00
-5.567000e-02 -1.845430e-01 2.599799e+00
1.302400e-02 -2.146950e-01 2.841449e+00
-3.920140e-01 -2.983200e-02 2.736394e+00
1.883910e-01 5.173400e-02 2.486039e+00
-4.677080e-01 -1.545870e-01 2.496573e+00
2.442650e-01 9.780100e-02 2.216627e+00
-4.891840e-01 -1.861590e-01 2.432350e+00
2.931810e-01 1.038460e-01 2.160472e+00
-4.429400e-02 -6.762560e-01 2.693447e+00
-3.459550e-01 -6.290050e-01 2.747551e+00
-1.087030e-01 -1.063193e+00 2.834941e+00
-2.846430e-01 -1.041443e+00 2.752540e+00
-5.595600e-02 -1.129794e+00 2.676821e+00
-4.598750e-01 -1.067140e+00 2.781754e+00
-1.175060e-01 4.703080e-01 2.605931e+00
-2.138490e-01 8.087100e-02 2.913321e+00
4.893600e-02 2.006200e-01 2.654191e+00
-1.665380e-01 2.330920e-01 2.741163e+00
1.773100e-02 -3.043100e-02 2.806252e+00
-2.186390e-01 -1.851150e-01 2.837823e+00
-3.822800e-02 -1.931460e-01 2.598897e+00
3.057900e-02 -2.288120e-01 2.839763e+00
-3.795250e-01 -3.663400e-02 2.755294e+00
1.864630e-01 3.500300e-02 2.520750e+00
-4.593610e-01 -1.556910e-01 2.513925e+00
2.021790e-01 1.106480e-01 2.255488e+00
-4.819240e-01 -1.858250e-01 2.449384e+00
2.425850e-01 1.087760e-01 2.192667e+00
-3.472000e-02 -6.879510e-01 2.710088e+00
-3.390880e-01 -6.338930e-01 2.733623e+00
-1.116610e-01 -1.076725e+00 2.839797e+00
-2.855470e-01 -1.047080e+00 2.750912e+00
-7.963700e-02 -1.138293e+00 2.674256e+00
-4.626330e-01 -1.069222e+00 2.770157e+00
-1.031990e-01 4.702230e-01 2.639935e+00
-2.107070e-01 8.516800e-02 2.927772e+00
6.147100e-02 2.132380e-01 2.682699e+00
-1.583810e-01 2.405490e-01 2.759943e+00
2.766500e-02 -2.038300e-02 2.830208e+00
-2.507810e-01 -1.929530e-01 2.844159e+00
-4.910700e-02 -1.559050e-01 2.625861e+00
6.880000e-04 -2.064590e-01 2.868735e+00
-3.625580e-01 1.305800e-02 2.732896e+00
1.758120e-01 1.722000e-02 2.569272e+00
-3.387520e-01 -2.139220e-01 2.569408e+00
1.883060e-01 4.563300e-02 2.294275e+00
-3.553720e-01 -2.831240e-01 2.546660e+00
1.788930e-01 7.395600e-02 2.225778e+00
-2.266100e-02 -6.729250e-01 2.714809e+00
-3.269950e-01 -6.228650e-01 2.724927e+00
-1.041760e-01 -1.063593e+00 2.835734e+00
-2.816000e-01 -1.036599e+00 2.750468e+00
-6.683000e-02 -1.122573e+00 2.670366e+00
-4.592570e-01 -1.054987e+00 2.768359e+00
-1.061170e-01 4.650230e-01 2.635206e+00
-1.906140e-01 5.378200e-02 2.939961e+00
7.046400e-02 1.842160e-01 2.684286e+00
-1.433470e-01 2.147500e-01 2.775939e+00
3.787900e-02 -5.454600e-02 2.823614e+00
-1.835340e-01 -1.899470e-01 2.855135e+00
-1.476800e-02 -2.079270e-01 2.608369e+00
6.202600e-02 -2.502330e-01 2.845721e+00
-3.357120e-01 6.358300e-02 2.726288e+00
1.756590e-01 -4.523700e-02 2.644764e+00
-1.628350e-01 -8.164200e-02 2.557416e+00
1.434870e-01 -7.042600e-02 2.369074e+00
-1.187970e-01 -1.410400e-01 2.568146e+00
1.134410e-01 -1.179230e-01 2.319841e+00
-1.704400e-02 -7.003520e-01 2.751297e+00
-3.214320e-01 -6.415970e-01 2.755426e+00
-7.172600e-02 -1.100110e+00 2.856619e+00
-2.789120e-01 -1.056159e+00 2.740591e+00
-1.161900e-01 -1.138703e+00 2.687049e+00
-4.542700e-01 -1.075332e+00 2.773791e+00
-9.153900e-02 4.539470e-01 2.681801e+00
-2.344020e-01 1.452510e-01 2.936552e+00
7.982200e-02 2.233590e-01 2.722762e+00
-1.461170e-01 2.736290e-01 2.761131e+00
6.622000e-03 1.378000e-02 2.890689e+00
-2.062230e-01 -1.734700e-01 2.846043e+00
2.517200e-02 -1.850150e-01 2.656248e+00
3.656900e-02 -2.088180e-01 2.907896e+00
-3.431600e-01 9.302600e-02 2.708065e+00
1.534900e-01 -1.449600e-02 2.664628e+00
-9.456300e-02 7.023100e-02 2.577213e+00
1.066930e-01 -1.788720e-01 2.444196e+00
-2.498200e-02 6.877700e-02 2.550028e+00
7.551400e-02 -2.454560e-01 2.430889e+00
-1.389000e-02 -6.823540e-01 2.752311e+00
-3.078640e-01 -6.130710e-01 2.759030e+00
-9.351700e-02 -1.081860e+00 2.841434e+00
-2.786970e-01 -1.028905e+00 2.748048e+00
-4.663800e-02 -1.128435e+00 2.674541e+00
-4.575010e-01 -1.041691e+00 2.757329e+00
-9.763400e-02 5.012210e-01 2.649745e+00
-2.641810e-01 2.159730e-01 2.931403e+00
5.560200e-02 2.629030e-01 2.716740e+00
-1.762660e-01 2.964710e-01 2.729317e+00
-9.044000e-03 1.047990e-01 2.936523e+00
-2.290670e-01 -1.504440e-01 2.840715e+00
1.864100e-02 -1.497400e-01 2.672374e+00
7.342000e-03 -1.895100e-01 2.922001e+00
-3.300300e-01 4.038200e-02 2.753767e+00
1.313680e-01 1.851000e-02 2.713986e+00
-1.490580e-01 2.032950e-01 2.611979e+00
9.734400e-02 -2.173810e-01 2.568693e+00
-9.235000e-02 2.444930e-01 2.637854e+00
7.377400e-02 -2.851860e-01 2.547966e+00
-9.965000e-03 -6.478990e-01 2.743209e+00
-2.909620e-01 -6.028720e-01 2.757563e+00
-8.536700e-02 -1.049524e+00 2.826283e+00
-2.610630e-01 -1.018520e+00 2.772795e+00
-1.010300e-02 -1.095963e+00 2.670080e+00
-4.400940e-01 -1.031325e+00 2.774793e+00
-1.004210e-01 5.269430e-01 2.608338e+00
-2.612020e-01 2.270600e-01 2.930558e+00
6.973900e-02 2.701670e-01 2.732660e+00
-1.612710e-01 3.110760e-01 2.735615e+00
-1.028500e-02 1.072740e-01 2.943712e+00
-2.317710e-01 -1.433430e-01 2.836757e+00
2.376600e-02 -1.442600e-01 2.680556e+00
5.850000e-04 -1.800230e-01 2.929968e+00
-3.314880e-01 4.030200e-02 2.766694e+00
1.460620e-01 2.571600e-02 2.737156e+00
-2.606670e-01 3.070950e-01 2.710669e+00
6.154400e-02 -2.355620e-01 2.685658e+00
-2.417470e-01 3.779240e-01 2.696250e+00
3.990600e-02 -2.934400e-01 2.643651e+00
-5.020000e-03 -6.392740e-01 2.742850e+00
-2.757430e-01 -6.041760e-01 2.768949e+00
-8.408900e-02 -1.039721e+00 2.828167e+00
-2.409910e-01 -1.016014e+00 2.824363e+00
8.948000e-03 -1.089061e+00 2.682806e+00
-4.195370e-01 -1.032265e+00 2.815556e+00
-1.082900e-01 5.306320e-01 2.655477e+00
-2.666740e-01 2.251340e-01 2.927587e+00
7.413900e-02 2.695700e-01 2.747543e+00
-1.562920e-01 3.131030e-01 2.740170e+00
-1.798800e-02 1.020960e-01 2.949894e+00
-2.336110e-01 -1.474460e-01 2.836774e+00
2.956200e-02 -1.432860e-01 2.693871e+00
-6.029000e-03 -1.844990e-01 2.940969e+00
-3.328780e-01 3.929700e-02 2.761088e+00
1.534420e-01 2.611500e-02 2.758307e+00
-2.460820e-01 3.012690e-01 2.705108e+00
6.073100e-02 -2.309470e-01 2.699378e+00
-2.224800e-01 3.711000e-01 2.692893e+00
2.329500e-02 -2.885490e-01 2.669997e+00
9.960000e-04 -6.403710e-01 2.748031e+00
-2.711270e-01 -6.051410e-01 2.772852e+00
-8.208200e-02 -1.040085e+00 2.832978e+00
-2.361330e-01 -1.015487e+00 2.838276e+00
1.783000e-02 -1.090664e+00 2.692694e+00
-4.146290e-01 -1.032151e+00 2.829228e+00
-9.950700e-02 5.219450e-01 2.650568e+00
-2.716350e-01 2.225700e-01 2.927654e+00
7.079200e-02 2.681480e-01 2.750990e+00
-1.598910e-01 3.096910e-01 2.740648e+00
-2.221100e-02 1.018200e-01 2.953884e+00
-2.380320e-01 -1.451720e-01 2.840000e+00
2.667700e-02 -1.400790e-01 2.699994e+00
-1.181600e-02 -1.856130e-01 2.945896e+00
-3.341820e-01 3.777200e-02 2.755982e+00
1.476490e-01 2.176600e-02 2.760555e+00
-2.470260e-01 3.034250e-01 2.709159e+00
5.693700e-02 -2.380810e-01 2.700370e+00
-2.237630e-01 3.735160e-01 2.697814e+00
4.515000e-02 -2.941760e-01 2.652442e+00
8.730000e-04 -6.362430e-01 2.753528e+00
-2.654760e-01 -6.083610e-01 2.773197e+00
-7.708800e-02 -1.037797e+00 2.834553e+00
-2.361630e-01 -1.019608e+00 2.835697e+00
2.526200e-02 -1.085802e+00 2.695124e+00
-4.146130e-01 -1.034258e+00 2.822992e+00
-1.048750e-01 5.227610e-01 2.660233e+00
-2.789820e-01 2.280280e-01 2.925552e+00
6.642000e-02 2.720800e-01 2.754378e+00
-1.637870e-01 3.152750e-01 2.740712e+00
-3.082600e-02 1.054220e-01 2.955000e+00
-2.385150e-01 -1.472580e-01 2.841890e+00
2.850900e-02 -1.371030e-01 2.706636e+00
-1.366700e-02 -1.859370e-01 2.951298e+00
-3.357200e-01 3.694400e-02 2.756522e+00
1.461010e-01 2.493900e-02 2.768401e+00
-2.380360e-01 2.990360e-01 2.701369e+00
5.527600e-02 -2.340400e-01 2.696646e+00
-2.124720e-01 3.679830e-01 2.688120e+00
4.182700e-02 -2.972300e-01 2.659113e+00
8.610000e-04 -6.372050e-01 2.752890e+00
-2.678130e-01 -6.044550e-01 2.770022e+00
-7.782700e-02 -1.038971e+00 2.832144e+00
-2.328510e-01 -1.016286e+00 2.825354e+00
2.072300e-02 -1.086353e+00 2.689796e+00
-4.112530e-01 -1.032887e+00 2.814522e+00
-1.107900e-01 5.290770e-01 2.655164e+00
-2.686030e-01 2.372270e-01 2.930818e+00
7.919400e-02 2.685990e-01 2.761712e+00
-1.489460e-01 3.214750e-01 2.747427e+00
-2.591100e-02 1.041060e-01 2.960145e+00
-2.398900e-01 -1.460000e-01 2.850027e+00
2.204900e-02 -1.308170e-01 2.705610e+00
-1.104800e-02 -1.858830e-01 2.950345e+00
-3.336800e-01 4.481800e-02 2.763377e+00
1.483710e-01 1.588100e-02 2.769182e+00
-2.254840e-01 3.038950e-01 2.703159e+00
4.730700e-02 -2.434170e-01 2.703550e+00
-2.028500e-01 3.736220e-01 2.688723e+00
3.759500e-02 -3.027930e-01 2.659247e+00
7.580000e-04 -6.326880e-01 2.750879e+00
-2.662860e-01 -6.032080e-01 2.768089e+00
-7.772500e-02 -1.033506e+00 2.834989e+00
-2.378400e-01 -1.014680e+00 2.829498e+00
1.602400e-02 -1.082308e+00 2.689904e+00
-4.165280e-01 -1.028520e+00 2.819532e+00
-1.248770e-01 5.223940e-01 2.663045e+00
-2.626150e-01 2.216600e-01 2.945367e+00
7.547100e-02 2.592430e-01 2.758741e+00
-1.530650e-01 3.123370e-01 2.758754e+00
-1.879400e-02 8.786300e-02 2.956791e+00
-2.350080e-01 -1.520840e-01 2.851877e+00
2.536400e-02 -1.443480e-01 2.704075e+00
-5.772000e-03 -1.950080e-01 2.950017e+00
-3.408780e-01 4.314500e-02 2.769647e+00
1.519050e-01 9.757000e-03 2.775607e+00
-2.284090e-01 2.987840e-01 2.706798e+00
4.493100e-02 -2.410770e-01 2.691977e+00
-1.989280e-01 3.658340e-01 2.692042e+00
6.364000e-03 -3.022220e-01 2.673095e+00
-2.198000e-03 -6.430850e-01 2.752193e+00
-2.753900e-01 -6.077530e-01 2.774102e+00
-8.091200e-02 -1.043729e+00 2.836912e+00
-2.368380e-01 -1.019145e+00 2.830309e+00
1.336800e-02 -1.092837e+00 2.692275e+00
-4.153970e-01 -1.036637e+00 2.824760e+00
-1.274560e-01 5.148730e-01 2.652630e+00
