-4.014720e-01 2.258770e-01 2.540154e+00
-2.223455e-01 2.282765e-01 2.522603e+00
-4.321900e-02 2.306760e-01 2.505051e+00
-1.375565e-01 2.541230e-01 2.468471e+00
-2.318940e-01 2.775700e-01 2.431892e+00
-2.220620e-01 1.862305e-01 2.519749e+00
-2.122300e-01 9.489100e-02 2.607606e+00
-3.175410e-01 -1.391350e-02 2.556569e+00
-4.228520e-01 -1.227180e-01 2.505532e+00
-2.102095e-01 -1.218135e-01 2.493325e+00
2.433000e-03 -1.209090e-01 2.481118e+00
-1.004425e-01 -1.185780e-01 2.547457e+00
-2.033180e-01 -1.162470e-01 2.613795e+00
-3.346905e-01 -7.962750e-02 2.579305e+00
-4.660630e-01 -4.300800e-02 2.544815e+00
-2.124270e-01 -3.772700e-02 2.530660e+00
4.120900e-02 -3.244600e-02 2.516504e+00
-2.198875e-01 -1.790685e-01 2.493163e+00
-4.809840e-01 -3.256910e-01 2.469821e+00
-2.101310e-01 -3.196610e-01 2.453442e+00
6.072200e-02 -3.136310e-01 2.437063e+00
-2.041085e-01 -3.486880e-01 2.470798e+00
-4.689390e-01 -3.837450e-01 2.504534e+00
-1.990595e-01 -3.817090e-01 2.478813e+00
7.082000e-02 -3.796730e-01 2.453092e+00
-1.351690e-01 -5.023630e-01 2.473196e+00
-3.411580e-01 -6.250530e-01 2.493299e+00
-2.200700e-01 -6.253265e-01 2.501334e+00
-9.898200e-02 -6.256000e-01 2.509368e+00
-2.281330e-01 -8.118885e-01 2.567164e+00
-3.572840e-01 -9.981770e-01 2.624961e+00
-2.483745e-01 -9.969655e-01 2.634550e+00
-1.394650e-01 -9.957540e-01 2.644138e+00
-2.571340e-01 -1.024302e+00 2.556006e+00
-3.748030e-01 -1.052850e+00 2.467874e+00
-2.557340e-01 -1.053043e+00 2.477488e+00
-1.366650e-01 -1.053236e+00 2.487101e+00
-1.823440e-01 -2.683005e-01 2.444059e+00
-2.280230e-01 5.166350e-01 2.401017e+00
-3.166415e-01 3.729525e-01 2.469248e+00
-4.052600e-01 2.292700e-01 2.537480e+00
-2.258990e-01 2.294215e-01 2.522322e+00
-4.653800e-02 2.295730e-01 2.507164e+00
-1.401025e-01 2.536275e-01 2.469027e+00
-2.336670e-01 2.776820e-01 2.430890e+00
-2.260605e-01 1.873425e-01 2.519992e+00
-2.184540e-01 9.700300e-02 2.609094e+00
-3.191525e-01 -8.606000e-03 2.555887e+00
-4.198510e-01 -1.142150e-01 2.502681e+00
-2.070215e-01 -1.173015e-01 2.494872e+00
5.808000e-03 -1.203880e-01 2.487063e+00
-9.835850e-02 -1.164010e-01 2.551273e+00
-2.025250e-01 -1.124140e-01 2.615484e+00
-3.344615e-01 -7.626200e-02 2.583803e+00
-4.663980e-01 -4.011000e-02 2.552122e+00
-2.127020e-01 -3.647050e-02 2.529555e+00
4.099400e-02 -3.283100e-02 2.506989e+00
-2.251195e-01 -1.752430e-01 2.484455e+00
-4.912330e-01 -3.176550e-01 2.461921e+00
-2.174680e-01 -3.132245e-01 2.435991e+00
5.629700e-02 -3.087940e-01 2.410061e+00
-2.068385e-01 -3.447435e-01 2.444574e+00
-4.699740e-01 -3.806930e-01 2.479088e+00
-2.048740e-01 -3.786570e-01 2.449686e+00
6.022600e-02 -3.766210e-01 2.420283e+00
-1.411510e-01 -4.976285e-01 2.457278e+00
-3.425280e-01 -6.186360e-01 2.494273e+00
-2.202260e-01 -6.208100e-01 2.500603e+00
-9.792400e-02 -6.229840e-01 2.506934e+00
-2.285105e-01 -8.070735e-01 2.567247e+00
-3.590970e-01 -9.911630e-01 2.627559e+00
-2.489605e-01 -9.921825e-01 2.634481e+00
-1.388240e-01 -9.932020e-01 2.641402e+00
-2.565840e-01 -1.019936e+00 2.555964e+00
-3.743440e-01 -1.046669e+00 2.470526e+00
-2.535290e-01 -1.048763e+00 2.477524e+00
-1.327140e-01 -1.050857e+00 2.484523e+00
-1.818340e-01 -2.668430e-01 2.440656e+00
-2.309540e-01 5.171710e-01 2.396788e+00
-3.176265e-01 3.730720e-01 2.467662e+00
-4.042990e-01 2.289730e-01 2.538535e+00
-2.251855e-01 2.296280e-01 2.520704e+00
-4.607200e-02 2.302830e-01 2.502874e+00
-1.402940e-01 2.533915e-01 2.465785e+00
-2.345160e-01 2.765000e-01 2.428697e+00
-2.252015e-01 1.875190e-01 2.518997e+00
-2.158870e-01 9.853800e-02 2.609296e+00
-3.172930e-01 -5.727500e-03 2.562941e+00
-4.186990e-01 -1.099930e-01 2.516587e+00
-2.066915e-01 -1.154205e-01 2.496837e+00
5.316000e-03 -1.208480e-01 2.477087e+00
-9.504150e-02 -1.162935e-01 2.547067e+00
-1.953990e-01 -1.117390e-01 2.617047e+00
-3.310635e-01 -7.607600e-02 2.582259e+00
-4.667280e-01 -4.041300e-02 2.547471e+00
-2.116740e-01 -3.597050e-02 2.525189e+00
4.338000e-02 -3.152800e-02 2.502908e+00
-2.203655e-01 -1.741075e-01 2.477263e+00
-4.841110e-01 -3.166870e-01 2.451618e+00
-2.167310e-01 -3.094305e-01 2.421329e+00
5.064900e-02 -3.021740e-01 2.391040e+00
-2.235330e-01 -3.409290e-01 2.409426e+00
-4.977150e-01 -3.796840e-01 2.427812e+00
-2.242630e-01 -3.746090e-01 2.416152e+00
4.918900e-02 -3.695340e-01 2.404493e+00
-1.476540e-01 -4.924790e-01 2.448728e+00
-3.444970e-01 -6.154240e-01 2.492963e+00
-2.218505e-01 -6.187015e-01 2.499210e+00
-9.920400e-02 -6.219790e-01 2.505456e+00
-2.311125e-01 -8.076525e-01 2.557652e+00
-3.630210e-01 -9.933260e-01 2.609848e+00
-2.510700e-01 -9.929795e-01 2.624431e+00
-1.391190e-01 -9.926330e-01 2.639014e+00
-2.624095e-01 -1.016954e+00 2.545122e+00
-3.857000e-01 -1.041275e+00 2.451231e+00
-2.636870e-01 -1.045177e+00 2.466414e+00
-1.416740e-01 -1.049080e+00 2.481598e+00
-1.869720e-01 -2.654640e-01 2.441159e+00
-2.322700e-01 5.181520e-01 2.400721e+00
-3.195790e-01 3.728855e-01 2.473620e+00
-4.068880e-01 2.276190e-01 2.546520e+00
-2.282955e-01 2.286905e-01 2.524080e+00
-4.970300e-02 2.297620e-01 2.501640e+00
-1.448130e-01 2.541540e-01 2.467780e+00
-2.399230e-01 2.785460e-01 2.433921e+00
-2.284300e-01 1.866595e-01 2.521002e+00
-2.169370e-01 9.477300e-02 2.608084e+00
-3.182210e-01 -6.677500e-03 2.561113e+00
-4.195050e-01 -1.081280e-01 2.514141e+00
-2.071305e-01 -1.159455e-01 2.499899e+00
5.244000e-03 -1.237630e-01 2.485657e+00
-9.684000e-02 -1.181230e-01 2.553011e+00
-1.989240e-01 -1.124830e-01 2.620365e+00
-3.326315e-01 -7.766200e-02 2.582263e+00
-4.663390e-01 -4.284100e-02 2.544161e+00
-2.133510e-01 -3.757950e-02 2.520580e+00
3.963700e-02 -3.231800e-02 2.497000e+00
-2.240130e-01 -1.755160e-01 2.472064e+00
-4.876630e-01 -3.187140e-01 2.447128e+00
-2.219040e-01 -3.094895e-01 2.412560e+00
4.385500e-02 -3.002650e-01 2.377992e+00
-2.219005e-01 -3.383035e-01 2.431265e+00
-4.876560e-01 -3.763420e-01 2.484537e+00
-2.243400e-01 -3.711545e-01 2.441008e+00
3.897600e-02 -3.659670e-01 2.397479e+00
-1.506140e-01 -4.907845e-01 2.445761e+00
-3.402040e-01 -6.156020e-01 2.494043e+00
-2.204515e-01 -6.196000e-01 2.500491e+00
-1.006990e-01 -6.235980e-01 2.506939e+00
-2.336325e-01 -8.090505e-01 2.556515e+00
-3.665660e-01 -9.945030e-01 2.606091e+00
-2.492100e-01 -9.950685e-01 2.622536e+00
-1.318540e-01 -9.956340e-01 2.638981e+00
-2.573050e-01 -1.018153e+00 2.542569e+00
-3.827560e-01 -1.040672e+00 2.446157e+00
-2.573570e-01 -1.046120e+00 2.463759e+00
-1.319580e-01 -1.051567e+00 2.481361e+00
-1.831860e-01 -2.674800e-01 2.442239e+00
-2.344140e-01 5.166070e-01 2.403116e+00
-3.199095e-01 3.726575e-01 2.473079e+00
-4.054050e-01 2.287080e-01 2.543042e+00
-2.267920e-01 2.278025e-01 2.520755e+00
-4.817900e-02 2.268970e-01 2.498468e+00
-1.430420e-01 2.515405e-01 2.464100e+00
-2.379050e-01 2.761840e-01 2.429732e+00
-2.272985e-01 1.857270e-01 2.518408e+00
-2.166920e-01 9.527000e-02 2.607085e+00
-3.198150e-01 -8.094500e-03 2.563573e+00
-4.229380e-01 -1.114590e-01 2.520062e+00
-2.116820e-01 -1.169190e-01 2.493456e+00
-4.260000e-04 -1.223790e-01 2.466851e+00
-9.844050e-02 -1.166735e-01 2.539995e+00
-1.964550e-01 -1.109680e-01 2.613140e+00
-3.324330e-01 -7.586550e-02 2.579843e+00
-4.684110e-01 -4.076300e-02 2.546547e+00
-2.143155e-01 -3.813300e-02 2.521285e+00
3.978000e-02 -3.550300e-02 2.496023e+00
-2.211765e-01 -1.767070e-01 2.474187e+00
-4.821330e-01 -3.179110e-01 2.452350e+00
-2.219725e-01 -3.097595e-01 2.412831e+00
3.818800e-02 -3.016080e-01 2.373312e+00
-2.166495e-01 -3.409225e-01 2.399390e+00
-4.714870e-01 -3.802370e-01 2.425468e+00
-2.167305e-01 -3.710800e-01 2.415840e+00
3.802600e-02 -3.619230e-01 2.406213e+00
-1.530440e-01 -4.896940e-01 2.451188e+00
-3.441140e-01 -6.174650e-01 2.496164e+00
-2.223400e-01 -6.202815e-01 2.500382e+00
-1.005660e-01 -6.230980e-01 2.504599e+00
-2.313105e-01 -8.100075e-01 2.556306e+00
-3.620550e-01 -9.969170e-01 2.608012e+00
-2.503390e-01 -9.947185e-01 2.625034e+00
-1.386230e-01 -9.925200e-01 2.642057e+00
-2.633075e-01 -1.017511e+00 2.545628e+00
-3.879920e-01 -1.042503e+00 2.449198e+00
-2.665305e-01 -1.046361e+00 2.467202e+00
-1.450690e-01 -1.050218e+00 2.485207e+00
-1.890325e-01 -2.665775e-01 2.444825e+00
-2.329960e-01 5.170630e-01 2.404443e+00
-3.197020e-01 3.704865e-01 2.474667e+00
-4.064080e-01 2.239100e-01 2.544892e+00
-4.980300e-02 2.289410e-01 2.495827e+00
-2.412640e-01 2.749690e-01 2.429697e+00
-2.144540e-01 9.374800e-02 2.605974e+00
-4.284550e-01 -1.140060e-01 2.517462e+00
-5.536000e-03 -1.203460e-01 2.466799e+00
-2.025500e-01 -1.103070e-01 2.611862e+00
-4.710710e-01 -4.495600e-02 2.544941e+00
3.666300e-02 -3.369400e-02 2.499924e+00
-4.846680e-01 -3.248780e-01 2.460148e+00
3.776100e-02 -2.968430e-01 2.371538e+00
-4.962870e-01 -3.913020e-01 2.446982e+00
4.472800e-02 -3.647890e-01 2.378973e+00
-3.448780e-01 -6.189600e-01 2.492903e+00
-9.952700e-02 -6.218510e-01 2.508098e+00
-3.637690e-01 -9.974690e-01 2.607750e+00
-1.279780e-01 -9.983720e-01 2.627420e+00
-3.879530e-01 -1.044414e+00 2.449056e+00
-1.362790e-01 -1.048266e+00 2.468002e+00
-2.311350e-01 5.170000e-01 2.407660e+00
-4.087110e-01 2.237090e-01 2.540968e+00
-5.124900e-02 2.296110e-01 2.498700e+00
-2.415730e-01 2.742060e-01 2.428432e+00
-2.174890e-01 9.493400e-02 2.607080e+00
-4.260860e-01 -1.133060e-01 2.517815e+00
-3.176000e-03 -1.223120e-01 2.467479e+00
-2.002400e-01 -1.114180e-01 2.612411e+00
-4.699710e-01 -4.565600e-02 2.551464e+00
3.705800e-02 -3.234600e-02 2.499323e+00
-4.857870e-01 -3.201520e-01 2.451080e+00
3.983500e-02 -2.988230e-01 2.378255e+00
-4.885980e-01 -3.886370e-01 2.446362e+00
4.103100e-02 -3.654520e-01 2.394979e+00
-3.463030e-01 -6.188170e-01 2.496022e+00
-1.012110e-01 -6.232810e-01 2.508331e+00
-3.601260e-01 -9.948510e-01 2.619406e+00
-1.231240e-01 -1.001487e+00 2.623639e+00
-3.857380e-01 -1.045528e+00 2.462090e+00
-1.335820e-01 -1.049612e+00 2.463804e+00
-2.312860e-01 5.131820e-01 2.393599e+00
-4.078680e-01 2.257270e-01 2.541468e+00
-5.034400e-02 2.297510e-01 2.499508e+00
-2.403240e-01 2.762640e-01 2.429554e+00
-2.175270e-01 9.507500e-02 2.606429e+00
-4.273900e-01 -1.114510e-01 2.515335e+00
-3.880000e-03 -1.221670e-01 2.470709e+00
-2.028430e-01 -1.108440e-01 2.612989e+00
-4.709070e-01 -4.309700e-02 2.549305e+00
3.649000e-02 -3.247000e-02 2.500850e+00
-4.871570e-01 -3.224080e-01 2.464076e+00
3.877600e-02 -2.954170e-01 2.372802e+00
-5.051750e-01 -3.883000e-01 2.456724e+00
4.510400e-02 -3.625360e-01 2.386048e+00
-3.453870e-01 -6.176710e-01 2.493151e+00
-1.022060e-01 -6.226710e-01 2.508491e+00
-3.618810e-01 -9.963550e-01 2.607793e+00
-1.348320e-01 -9.955870e-01 2.637662e+00
-3.844440e-01 -1.043472e+00 2.448910e+00
-1.399130e-01 -1.049906e+00 2.479560e+00
-2.334450e-01 5.148200e-01 2.396699e+00
-4.093110e-01 2.255270e-01 2.543833e+00
-5.248100e-02 2.297010e-01 2.496344e+00
-2.435590e-01 2.758250e-01 2.429177e+00
-2.178760e-01 9.524900e-02 2.606283e+00
-4.285120e-01 -1.157210e-01 2.514108e+00
-4.737000e-03 -1.171020e-01 2.470751e+00
-2.043260e-01 -1.101660e-01 2.612434e+00
-4.716380e-01 -4.329000e-02 2.547382e+00
3.408900e-02 -3.227200e-02 2.502336e+00
-4.926490e-01 -3.243850e-01 2.470388e+00
4.575100e-02 -2.782240e-01 2.344997e+00
-4.934210e-01 -3.913490e-01 2.455037e+00
4.356300e-02 -3.451840e-01 2.360229e+00
-3.451200e-01 -6.191230e-01 2.491502e+00
-1.019340e-01 -6.203880e-01 2.508886e+00
-3.618880e-01 -9.938010e-01 2.618587e+00
-1.247260e-01 -9.962490e-01 2.631462e+00
-3.845800e-01 -1.046115e+00 2.461358e+00
-1.317600e-01 -1.047673e+00 2.472469e+00
-2.327010e-01 5.149990e-01 2.396399e+00
-4.116260e-01 2.247250e-01 2.535315e+00
-5.327200e-02 2.313580e-01 2.501577e+00
-2.419800e-01 2.747940e-01 2.426398e+00
-2.216820e-01 9.708100e-02 2.607062e+00
-4.243480e-01 -1.173890e-01 2.514210e+00
-3.310000e-04 -1.154260e-01 2.473307e+00
-2.007800e-01 -1.106520e-01 2.613861e+00
-4.713010e-01 -4.476300e-02 2.542712e+00
3.715900e-02 -2.952700e-02 2.500488e+00
-4.865430e-01 -3.242640e-01 2.458331e+00
5.267000e-02 -2.166940e-01 2.276433e+00
-4.783210e-01 -3.761740e-01 2.502582e+00
8.657800e-02 -2.700880e-01 2.249607e+00
-3.467430e-01 -6.191680e-01 2.494106e+00
-1.011010e-01 -6.200450e-01 2.508577e+00
-3.616810e-01 -9.981910e-01 2.607835e+00
-1.284610e-01 -9.961010e-01 2.629609e+00
-3.853380e-01 -1.044919e+00 2.448997e+00
-1.349370e-01 -1.046876e+00 2.470384e+00
-2.347740e-01 5.142230e-01 2.392095e+00
-4.118070e-01 2.257350e-01 2.533839e+00
-5.274700e-02 2.328740e-01 2.508838e+00
-2.396190e-01 2.767100e-01 2.429424e+00
-2.235400e-01 9.771800e-02 2.609249e+00
-4.247500e-01 -1.171950e-01 2.513302e+00
1.160000e-04 -1.141300e-01 2.482540e+00
-2.036250e-01 -1.119460e-01 2.618345e+00
-4.716490e-01 -4.180700e-02 2.540589e+00
4.790300e-02 -1.605800e-02 2.453089e+00
-4.967110e-01 -3.222950e-01 2.469795e+00
6.481600e-02 -1.295400e-02 2.163231e+00
-5.059570e-01 -3.860810e-01 2.445999e+00
1.060530e-01 -4.310500e-02 2.117286e+00
-3.483430e-01 -6.184920e-01 2.494387e+00
-1.017840e-01 -6.192700e-01 2.510498e+00
-3.601840e-01 -9.979520e-01 2.607020e+00
-1.397580e-01 -9.922300e-01 2.638069e+00
-3.812400e-01 -1.044560e+00 2.447781e+00
-1.404130e-01 -1.046299e+00 2.479802e+00
-2.324250e-01 5.102860e-01 2.387163e+00
-4.141210e-01 2.310410e-01 2.529671e+00
-5.463100e-02 2.303640e-01 2.510532e+00
-2.392480e-01 2.760320e-01 2.426984e+00
-2.297680e-01 1.011090e-01 2.611227e+00
-4.286660e-01 -1.169660e-01 2.508081e+00
-2.940000e-03 -1.113070e-01 2.494206e+00
-2.119060e-01 -1.113940e-01 2.621844e+00
-4.752640e-01 -3.436500e-02 2.543232e+00
3.939200e-02 1.300000e-04 2.398663e+00
-4.974000e-01 -3.104130e-01 2.461525e+00
7.857500e-02 7.872000e-02 2.123605e+00
-5.083740e-01 -3.772820e-01 2.450184e+00
9.648500e-02 1.152100e-01 2.068214e+00
-3.479240e-01 -6.179230e-01 2.493754e+00
-1.038910e-01 -6.172120e-01 2.515334e+00
-3.615400e-01 -9.971140e-01 2.607090e+00
-1.244250e-01 -9.952500e-01 2.631442e+00
-3.757920e-01 -1.044366e+00 2.447288e+00
-1.223840e-01 -1.044452e+00 2.471606e+00
-2.324400e-01 5.063250e-01 2.374925e+00
-3.993390e-01 2.292480e-01 2.522087e+00
-3.944100e-02 2.357720e-01 2.516552e+00
-2.216290e-01 2.763230e-01 2.425379e+00
-2.156330e-01 1.044260e-01 2.612593e+00
-4.340180e-01 -1.208610e-01 2.522718e+00
-9.647000e-03 -1.076030e-01 2.488063e+00
-2.120290e-01 -1.133130e-01 2.625783e+00
-4.749410e-01 -3.198300e-02 2.546054e+00
2.625900e-02 3.449600e-02 2.344206e+00
-4.996930e-01 -3.043720e-01 2.452513e+00
7.103600e-02 1.722740e-01 2.094066e+00
-4.987330e-01 -3.554860e-01 2.498413e+00
8.095300e-02 2.326360e-01 2.062785e+00
-3.484310e-01 -6.196460e-01 2.492566e+00
-1.032630e-01 -6.153350e-01 2.513489e+00
-3.613810e-01 -9.950510e-01 2.617942e+00
-1.376980e-01 -9.891650e-01 2.639510e+00
-3.825090e-01 -1.046951e+00 2.460359e+00
-1.386200e-01 -1.042515e+00 2.481000e+00
-2.321690e-01 5.056440e-01 2.368417e+00
-3.947530e-01 2.308900e-01 2.521648e+00
-3.479600e-02 2.360220e-01 2.519562e+00
-2.159710e-01 2.796250e-01 2.427780e+00
-2.123930e-01 1.030530e-01 2.610656e+00
-4.300070e-01 -1.147180e-01 2.518277e+00
-5.006000e-03 -1.115880e-01 2.489447e+00
-2.093350e-01 -1.125640e-01 2.624379e+00
-4.687530e-01 -2.909700e-02 2.559855e+00
-1.075500e-02 5.190100e-02 2.319437e+00
-4.979540e-01 -2.977050e-01 2.457130e+00
2.507500e-02 1.913150e-01 2.068768e+00
-5.048360e-01 -3.659580e-01 2.453312e+00
2.567400e-02 2.477040e-01 2.029521e+00
-3.504290e-01 -6.161000e-01 2.489803e+00
-1.004570e-01 -6.164580e-01 2.510665e+00
-3.601360e-01 -9.923560e-01 2.612902e+00
-1.240440e-01 -9.931190e-01 2.630609e+00
-3.806970e-01 -1.043488e+00 2.454993e+00
-1.249500e-01 -1.043814e+00 2.471230e+00
-2.369120e-01 5.084640e-01 2.378380e+00
-3.940090e-01 2.287380e-01 2.528584e+00
-3.415000e-02 2.345300e-01 2.520306e+00
-2.169690e-01 2.806680e-01 2.433140e+00
-2.099610e-01 9.849600e-02 2.610334e+00
-4.262720e-01 -1.158140e-01 2.522944e+00
-1.740000e-03 -1.133300e-01 2.487820e+00
-2.040460e-01 -1.146010e-01 2.625765e+00
-4.702150e-01 -2.962400e-02 2.570653e+00
-6.299600e-02 4.523600e-02 2.326234e+00
-4.872690e-01 -2.974900e-01 2.464415e+00
-1.462700e-02 1.185830e-01 2.051261e+00
-5.078680e-01 -3.583820e-01 2.440160e+00
-2.421900e-02 1.605400e-01 1.997707e+00
-3.505730e-01 -6.167550e-01 2.488031e+00
-9.786600e-02 -6.182430e-01 2.503523e+00
-3.596820e-01 -9.953550e-01 2.603767e+00
-1.220240e-01 -9.934600e-01 2.627800e+00
-3.832220e-01 -1.043244e+00 2.445258e+00
-1.241860e-01 -1.045916e+00 2.469004e+00
-2.455420e-01 5.032410e-01 2.377649e+00
-4.188800e-01 2.160960e-01 2.564756e+00
-6.894400e-02 2.391100e-01 2.483422e+00
-2.677810e-01 2.741180e-01 2.434556e+00
-2.155150e-01 9.703300e-02 2.609322e+00
-4.318720e-01 -1.236710e-01 2.553627e+00
-1.734600e-02 -1.060980e-01 2.457053e+00
-1.972070e-01 -1.147350e-01 2.622986e+00
-4.748910e-01 -5.129300e-02 2.573402e+00
-2.235100e-02 2.851200e-02 2.315533e+00
-4.931580e-01 -3.215340e-01 2.471456e+00
-7.862800e-02 1.523300e-02 2.031960e+00
-4.683790e-01 -3.854400e-01 2.476187e+00
-1.333330e-01 3.910000e-04 1.993134e+00
-3.499280e-01 -6.195540e-01 2.483675e+00
-9.587300e-02 -6.141210e-01 2.497894e+00
-3.601780e-01 -9.960250e-01 2.606068e+00
-1.308720e-01 -9.841780e-01 2.634454e+00
-4.012620e-01 -1.045138e+00 2.451560e+00
-1.481910e-01 -1.040325e+00 2.477865e+00
-2.528720e-01 4.997200e-01 2.379855e+00
-4.241040e-01 2.046410e-01 2.578283e+00
-8.470700e-02 2.278930e-01 2.460516e+00
-2.880100e-01 2.585580e-01 2.430903e+00
-2.154460e-01 8.986700e-02 2.606720e+00
-4.309290e-01 -1.354880e-01 2.568121e+00
-2.436200e-02 -1.160300e-01 2.442454e+00
-1.919820e-01 -1.255700e-01 2.620698e+00
-4.752580e-01 -6.115300e-02 2.586749e+00
-5.470200e-02 -6.417000e-03 2.328102e+00
-4.897700e-01 -3.355180e-01 2.504718e+00
-2.346100e-01 -7.068700e-02 2.114283e+00
-4.581910e-01 -3.964060e-01 2.508698e+00
-2.717660e-01 -1.181520e-01 2.081315e+00
-3.510970e-01 -6.296760e-01 2.479142e+00
-9.443100e-02 -6.237880e-01 2.495039e+00
-3.608890e-01 -1.000065e+00 2.618900e+00
-1.322670e-01 -9.922180e-01 2.635194e+00
-4.085370e-01 -1.055558e+00 2.468491e+00
-1.572890e-01 -1.048764e+00 2.479794e+00
-2.640940e-01 5.013730e-01 2.390086e+00
-4.225260e-01 2.018740e-01 2.583702e+00
-8.723800e-02 2.299240e-01 2.455658e+00
-2.918870e-01 2.561890e-01 2.431607e+00
-2.108920e-01 9.161200e-02 2.607641e+00
-4.294750e-01 -1.379800e-01 2.576145e+00
-2.797500e-02 -1.175340e-01 2.435266e+00
-1.887600e-01 -1.271300e-01 2.619696e+00
-4.716690e-01 -6.310100e-02 2.597973e+00
-6.331800e-02 -1.534000e-03 2.318964e+00
-4.851120e-01 -3.379380e-01 2.520941e+00
-2.620090e-01 -2.507000e-02 2.114959e+00
-4.768760e-01 -4.018240e-01 2.544840e+00
-3.052460e-01 -6.602500e-02 2.080701e+00
-3.517520e-01 -6.323230e-01 2.487455e+00
-9.914400e-02 -6.255750e-01 2.497673e+00
-3.615600e-01 -1.009369e+00 2.608101e+00
-1.216030e-01 -9.999490e-01 2.624777e+00
-4.160040e-01 -1.056277e+00 2.457078e+00
-1.596180e-01 -1.050261e+00 2.469870e+00
-2.644500e-01 5.048700e-01 2.394854e+00
-4.214740e-01 2.071330e-01 2.588974e+00
-8.966600e-02 2.356260e-01 2.452259e+00
-2.948590e-01 2.621350e-01 2.433755e+00
-2.093630e-01 9.662500e-02 2.606760e+00
-4.314140e-01 -1.338100e-01 2.581458e+00
-3.682100e-02 -1.171600e-01 2.421815e+00
-1.889240e-01 -1.227670e-01 2.613626e+00
-4.698870e-01 -5.652300e-02 2.609831e+00
-6.780800e-02 2.428500e-02 2.287485e+00
-4.987610e-01 -3.337780e-01 2.552000e+00
-2.739070e-01 7.553000e-02 2.097892e+00
-4.715190e-01 -3.961640e-01 2.561288e+00
-3.222100e-01 3.684100e-02 2.068054e+00
-3.532140e-01 -6.301070e-01 2.493745e+00
-1.028140e-01 -6.231660e-01 2.499700e+00
-3.581710e-01 -1.006794e+00 2.615803e+00
-1.264080e-01 -9.952500e-01 2.633165e+00
-4.181520e-01 -1.054204e+00 2.467051e+00
-1.705940e-01 -1.047223e+00 2.480459e+00
-2.664790e-01 5.095220e-01 2.395267e+00
-4.621440e-01 1.931010e-01 2.529030e+00
-1.111700e-01 2.346660e-01 2.460547e+00
-3.082170e-01 2.313380e-01 2.394889e+00
-2.517380e-01 1.154850e-01 2.614028e+00
-4.472140e-01 -1.409860e-01 2.530953e+00
-2.769300e-02 -1.076380e-01 2.464947e+00
-2.190960e-01 -1.191620e-01 2.617231e+00
-4.715360e-01 -5.501700e-02 2.636169e+00
-8.311500e-02 7.523200e-02 2.243930e+00
-5.063360e-01 -3.284390e-01 2.558614e+00
-2.919630e-01 2.042410e-01 2.096535e+00
-4.911440e-01 -3.850370e-01 2.594480e+00
-3.508980e-01 2.079410e-01 2.061415e+00
-3.545940e-01 -6.342330e-01 2.502681e+00
-1.058820e-01 -6.204090e-01 2.498830e+00
-3.657800e-01 -1.014558e+00 2.612425e+00
-1.370470e-01 -9.901340e-01 2.637205e+00
-3.966320e-01 -1.059293e+00 2.454250e+00
-1.447110e-01 -1.048130e+00 2.480519e+00
-2.608180e-01 5.175720e-01 2.398479e+00
-4.401070e-01 2.308040e-01 2.560995e+00
-9.124100e-02 2.365050e-01 2.472339e+00
-2.902760e-01 2.682620e-01 2.422081e+00
-2.379510e-01 1.150990e-01 2.618134e+00
-4.451400e-01 -1.238020e-01 2.563251e+00
-3.829000e-02 -1.033180e-01 2.438672e+00
-2.065980e-01 -1.087440e-01 2.616439e+00
-4.830950e-01 -3.328300e-02 2.618756e+00
-1.031940e-01 1.070610e-01 2.231450e+00
-5.015700e-01 -3.165020e-01 2.560055e+00
-3.038250e-01 2.517160e-01 2.080379e+00
-4.964310e-01 -3.713020e-01 2.601176e+00
-3.544540e-01 2.932500e-01 2.059594e+00
-3.542020e-01 -6.204130e-01 2.496399e+00
-1.082210e-01 -6.111750e-01 2.500885e+00
-3.488410e-01 -9.992660e-01 2.611543e+00
-1.335890e-01 -9.831290e-01 2.634384e+00
-3.987220e-01 -1.046333e+00 2.459001e+00
-1.634760e-01 -1.036910e+00 2.478863e+00
-2.519350e-01 5.153530e-01 2.385413e+00
-4.433360e-01 2.385430e-01 2.565912e+00
-9.371000e-02 2.463760e-01 2.480472e+00
-2.921630e-01 2.813040e-01 2.430016e+00
-2.422110e-01 1.194320e-01 2.619584e+00
-4.449580e-01 -1.123500e-01 2.559662e+00
-3.495200e-02 -9.041500e-02 2.446168e+00
-2.077420e-01 -1.011410e-01 2.619335e+00
-4.864050e-01 -3.134400e-02 2.617854e+00
-9.726900e-02 1.040300e-01 2.241482e+00
-5.104050e-01 -3.170220e-01 2.550205e+00
-2.812420e-01 2.493180e-01 2.063130e+00
-5.021190e-01 -3.850180e-01 2.555523e+00
-3.343980e-01 2.798930e-01 2.032146e+00
-3.500850e-01 -6.088850e-01 2.493315e+00
-1.074270e-01 -5.991200e-01 2.494795e+00
-3.544310e-01 -9.836120e-01 2.621287e+00
-1.314190e-01 -9.707460e-01 2.629460e+00
-3.977430e-01 -1.035370e+00 2.468259e+00
-1.565060e-01 -1.025647e+00 2.473482e+00
-2.434180e-01 5.163530e-01 2.400103e+00
-4.141960e-01 2.229280e-01 2.592416e+00
-7.200900e-02 2.366740e-01 2.481423e+00
-2.727000e-01 2.815270e-01 2.452079e+00
-2.128990e-01 9.422200e-02 2.613245e+00
-4.396640e-01 -1.228400e-01 2.583794e+00
-4.194500e-02 -1.006000e-01 2.432822e+00
-1.977970e-01 -1.148710e-01 2.621144e+00
-4.807950e-01 -4.606200e-02 2.602899e+00
-5.875000e-02 5.679700e-02 2.270782e+00
-5.159390e-01 -3.236760e-01 2.513964e+00
-2.005200e-01 1.239210e-01 2.022569e+00
-5.120160e-01 -3.921090e-01 2.509282e+00
-2.306020e-01 1.650080e-01 1.976445e+00
-3.542400e-01 -6.178570e-01 2.492431e+00
-1.064310e-01 -6.082150e-01 2.495626e+00
-3.573930e-01 -9.971600e-01 2.606164e+00
-1.210820e-01 -9.842680e-01 2.618855e+00
-4.140620e-01 -1.041922e+00 2.455308e+00
-1.634270e-01 -1.033160e+00 2.464619e+00
-2.520580e-01 5.013800e-01 2.396832e+00
-4.165660e-01 2.197450e-01 2.590818e+00
-7.926600e-02 2.340400e-01 2.465820e+00
-2.817690e-01 2.739270e-01 2.442347e+00
-2.121730e-01 9.571400e-02 2.609769e+00
-4.414200e-01 -1.219490e-01 2.574948e+00
-3.938100e-02 -1.119670e-01 2.434479e+00
-2.005270e-01 -1.185090e-01 2.618727e+00
-4.823660e-01 -4.557500e-02 2.592182e+00
-2.337100e-02 3.995000e-03 2.329138e+00
-5.106840e-01 -3.202370e-01 2.505375e+00
-8.156000e-02 3.664000e-03 2.045606e+00
-5.244910e-01 -3.856400e-01 2.489493e+00
-1.109210e-01 -4.338400e-02 2.005050e+00
-3.557870e-01 -6.209270e-01 2.490209e+00
-1.091860e-01 -6.164050e-01 2.496904e+00
-3.637040e-01 -1.000519e+00 2.602741e+00
-1.315150e-01 -9.883480e-01 2.630979e+00
-4.159050e-01 -1.044680e+00 2.450105e+00
-1.672440e-01 -1.041852e+00 2.476599e+00
-2.568810e-01 5.076510e-01 2.396287e+00
-4.159670e-01 2.168140e-01 2.586744e+00
-7.865400e-02 2.226680e-01 2.461102e+00
-2.804930e-01 2.654240e-01 2.436966e+00
-2.136570e-01 8.981400e-02 2.608221e+00
-4.358310e-01 -1.235470e-01 2.566928e+00
-2.966900e-02 -1.210780e-01 2.438501e+00
-1.963280e-01 -1.232390e-01 2.617884e+00
-4.755890e-01 -4.877500e-02 2.596900e+00
-8.817000e-03 -1.996500e-02 2.358890e+00
-5.105560e-01 -3.168620e-01 2.496460e+00
-2.405500e-02 -1.339520e-01 2.094398e+00
-5.111310e-01 -3.786870e-01 2.466499e+00
-1.262000e-03 -1.918680e-01 2.065301e+00
-3.554070e-01 -6.245240e-01 2.488870e+00
-1.078740e-01 -6.242660e-01 2.494414e+00
-3.580620e-01 -1.002908e+00 2.605635e+00
-1.263060e-01 -1.001082e+00 2.614769e+00
-4.081330e-01 -1.049642e+00 2.453053e+00
-1.618290e-01 -1.049229e+00 2.458588e+00
-2.575790e-01 5.033090e-01 2.391994e+00
-4.216970e-01 2.161670e-01 2.566663e+00
-7.322900e-02 2.253800e-01 2.476748e+00
-2.719840e-01 2.650240e-01 2.431207e+00
-2.211140e-01 9.227000e-02 2.610655e+00
-4.339970e-01 -1.236400e-01 2.556361e+00
-2.129700e-02 -1.239880e-01 2.450790e+00
-1.977110e-01 -1.237170e-01 2.620603e+00
-4.772120e-01 -4.882200e-02 2.583061e+00
-2.345000e-03 -2.311500e-02 2.394314e+00
-5.028500e-01 -3.249430e-01 2.508362e+00
1.543700e-02 -1.446090e-01 2.134693e+00
-4.872270e-01 -3.773790e-01 2.549917e+00
4.110000e-03 -2.122730e-01 2.130998e+00
-3.534720e-01 -6.255860e-01 2.488984e+00
-1.055080e-01 -6.269520e-01 2.497471e+00
-3.593320e-01 -1.000761e+00 2.615574e+00
-1.345600e-01 -9.950670e-01 2.640522e+00
-4.020100e-01 -1.051863e+00 2.462147e+00
-1.562690e-01 -1.053643e+00 2.485377e+00
-2.540440e-01 5.028580e-01 2.386487e+00
-4.228100e-01 2.210230e-01 2.561695e+00
-7.120700e-02 2.263420e-01 2.484581e+00
-2.676390e-01 2.690060e-01 2.432201e+00
-2.255910e-01 9.410400e-02 2.611854e+00
-4.340800e-01 -1.195730e-01 2.536992e+00
-1.281900e-02 -1.244240e-01 2.473881e+00
-2.055460e-01 -1.214220e-01 2.624896e+00
-4.776060e-01 -4.436300e-02 2.571990e+00
-4.017000e-03 -2.320100e-02 2.402412e+00
-4.978780e-01 -3.218720e-01 2.501128e+00
1.341000e-03 -1.528600e-01 2.146280e+00
-4.798220e-01 -3.786750e-01 2.535302e+00
2.138600e-02 -2.052550e-01 2.106614e+00
-3.506560e-01 -6.235320e-01 2.490101e+00
-1.016540e-01 -6.262330e-01 2.508136e+00
-3.626900e-01 -1.001574e+00 2.607384e+00
-1.250210e-01 -1.002040e+00 2.630771e+00
-3.915590e-01 -1.049548e+00 2.449785e+00
-1.362810e-01 -1.053174e+00 2.471928e+00
-2.464800e-01 5.053090e-01 2.388085e+00
-4.208220e-01 2.263050e-01 2.559721e+00
-6.866900e-02 2.265120e-01 2.484965e+00
-2.641480e-01 2.715920e-01 2.431066e+00
-2.256830e-01 9.695800e-02 2.611779e+00
-4.339540e-01 -1.183070e-01 2.540684e+00
-1.380800e-02 -1.205830e-01 2.470402e+00
-2.039450e-01 -1.178050e-01 2.624670e+00
-4.791130e-01 -3.816000e-02 2.566506e+00
-6.833000e-03 -2.600900e-02 2.408836e+00
-5.054940e-01 -3.140780e-01 2.492705e+00
1.116900e-02 -1.570470e-01 2.154321e+00
-5.035980e-01 -3.770990e-01 2.520004e+00
1.690100e-02 -1.958480e-01 2.097911e+00
-3.528680e-01 -6.208920e-01 2.487514e+00
-1.021030e-01 -6.229480e-01 2.512674e+00
-3.590030e-01 -9.982130e-01 2.607544e+00
-1.276510e-01 -1.002998e+00 2.620957e+00
-3.917250e-01 -1.047451e+00 2.451092e+00
-1.437900e-01 -1.047608e+00 2.460576e+00
-2.474940e-01 5.080810e-01 2.384556e+00
-4.223590e-01 2.276920e-01 2.557286e+00
-6.852800e-02 2.290090e-01 2.490940e+00
-2.626850e-01 2.748980e-01 2.433089e+00
-2.284720e-01 9.757400e-02 2.612028e+00
-4.327830e-01 -1.155730e-01 2.537355e+00
-1.189300e-02 -1.178080e-01 2.471678e+00
-2.037060e-01 -1.144890e-01 2.623846e+00
-4.799730e-01 -3.755700e-02 2.560244e+00
7.398000e-03 -2.493900e-02 2.432369e+00
-5.035560e-01 -3.084000e-01 2.466985e+00
1.585300e-02 -1.602190e-01 2.178918e+00
-4.983920e-01 -3.726970e-01 2.490643e+00
1.074100e-02 -2.169910e-01 2.140562e+00
-3.524740e-01 -6.184050e-01 2.491004e+00
-1.044640e-01 -6.205660e-01 2.512549e+00
-3.649120e-01 -9.980220e-01 2.603041e+00
-1.379830e-01 -9.949640e-01 2.637125e+00
-3.957270e-01 -1.043624e+00 2.445106e+00
-1.499630e-01 -1.046665e+00 2.478518e+00
-2.491840e-01 5.104940e-01 2.387577e+00
-4.207360e-01 2.256290e-01 2.555285e+00
-6.711700e-02 2.275540e-01 2.487836e+00
-2.616240e-01 2.720470e-01 2.430073e+00
-2.261830e-01 9.687700e-02 2.610885e+00
-4.348900e-01 -1.183250e-01 2.535389e+00
-1.417100e-02 -1.170500e-01 2.468600e+00
-2.056030e-01 -1.151730e-01 2.621271e+00
-4.796660e-01 -3.898500e-02 2.562940e+00
1.532200e-02 -2.861000e-02 2.454136e+00
-5.003450e-01 -3.053810e-01 2.457748e+00
2.136800e-02 -2.041840e-01 2.226987e+00
-4.954610e-01 -3.729320e-01 2.446198e+00
1.106000e-02 -2.649500e-01 2.196628e+00
-3.522500e-01 -6.207070e-01 2.496047e+00
-1.073850e-01 -6.205860e-01 2.515638e+00
-3.600510e-01 -9.997760e-01 2.610334e+00
-1.248010e-01 -1.000541e+00 2.625848e+00
-3.915860e-01 -1.046594e+00 2.452897e+00
-1.422920e-01 -1.046138e+00 2.465887e+00
-2.485600e-01 5.157130e-01 2.397860e+00
-4.203910e-01 2.232580e-01 2.551113e+00
-6.567200e-02 2.322740e-01 2.490343e+00
-2.598420e-01 2.740110e-01 2.429469e+00
-2.246230e-01 9.730800e-02 2.608827e+00
-4.406260e-01 -1.211000e-01 2.528008e+00
-1.792500e-02 -1.141200e-01 2.475640e+00
-2.144640e-01 -1.153320e-01 2.621686e+00
-4.810390e-01 -4.176000e-02 2.564598e+00
1.721500e-02 -2.668300e-02 2.477487e+00
-4.878590e-01 -3.014010e-01 2.439668e+00
2.838800e-02 -2.368500e-01 2.280579e+00
-5.057960e-01 -3.667200e-01 2.451163e+00
3.066700e-02 -2.992930e-01 2.252012e+00
-3.513200e-01 -6.225610e-01 2.500513e+00
-1.100980e-01 -6.196170e-01 2.513057e+00
-3.635040e-01 -1.003502e+00 2.607989e+00
-1.233580e-01 -9.978150e-01 2.629703e+00
-3.885040e-01 -1.047665e+00 2.448624e+00
-1.347110e-01 -1.046631e+00 2.470139e+00
-2.526160e-01 5.162310e-01 2.397079e+00
-4.278300e-01 2.207050e-01 2.564837e+00
-7.647600e-02 2.316120e-01 2.487175e+00
-2.734430e-01 2.737120e-01 2.436368e+00
-2.292460e-01 9.445400e-02 2.611145e+00
-4.421340e-01 -1.234580e-01 2.536545e+00
-2.209600e-02 -1.117670e-01 2.466556e+00
-2.123160e-01 -1.156790e-01 2.620696e+00
-4.841760e-01 -4.618800e-02 2.571760e+00
1.620800e-02 -2.490200e-02 2.495209e+00
-4.831000e-01 -3.047730e-01 2.442903e+00
4.550100e-02 -2.744020e-01 2.352511e+00
-4.850400e-01 -3.702170e-01 2.463729e+00
3.589500e-02 -3.414880e-01 2.363808e+00
-3.530140e-01 -6.233640e-01 2.500000e+00
-1.110370e-01 -6.181150e-01 2.514318e+00
-3.581850e-01 -1.004323e+00 2.607978e+00
-1.323640e-01 -9.943150e-01 2.636115e+00
-3.902450e-01 -1.048683e+00 2.449937e+00
-1.485780e-01 -1.044756e+00 2.477479e+00
-2.629570e-01 5.087960e-01 2.389679e+00
-4.299570e-01 2.244240e-01 2.551688e+00
-7.489100e-02 2.337380e-01 2.493025e+00
-2.687290e-01 2.753310e-01 2.431008e+00
-2.344330e-01 9.861900e-02 2.610537e+00
-4.437680e-01 -1.230700e-01 2.527455e+00
-2.092400e-02 -1.141870e-01 2.476554e+00
-2.179370e-01 -1.173300e-01 2.621930e+00
-4.850490e-01 -4.301400e-02 2.574265e+00
1.532100e-02 -2.487900e-02 2.499897e+00
-4.880660e-01 -3.145520e-01 2.472199e+00
4.961000e-02 -2.916280e-01 2.391137e+00
-4.610800e-01 -3.771950e-01 2.480452e+00
5.053900e-02 -3.601600e-01 2.395918e+00
-3.526490e-01 -6.241090e-01 2.500539e+00
-1.114910e-01 -6.201180e-01 2.512685e+00
-3.564710e-01 -1.002497e+00 2.617259e+00
-1.338660e-01 -9.953540e-01 2.637238e+00
-3.817920e-01 -1.050994e+00 2.459210e+00
-1.422180e-01 -1.047528e+00 2.478554e+00
-2.656590e-01 5.117860e-01 2.386091e+00
-4.293830e-01 2.240080e-01 2.551240e+00
-7.392100e-02 2.352960e-01 2.495386e+00
-2.674680e-01 2.763120e-01 2.432087e+00
-2.337280e-01 9.880800e-02 2.610938e+00
-4.466690e-01 -1.215530e-01 2.520736e+00
-2.236000e-02 -1.103780e-01 2.484619e+00
-2.242800e-01 -1.155780e-01 2.623037e+00
-4.859500e-01 -4.432700e-02 2.573373e+00
1.380300e-02 -2.535300e-02 2.503156e+00
-4.934950e-01 -3.216620e-01 2.484553e+00
5.594300e-02 -2.979750e-01 2.409551e+00
-4.747560e-01 -3.848260e-01 2.504035e+00
4.480600e-02 -3.616220e-01 2.432905e+00
-3.541370e-01 -6.220030e-01 2.500786e+00
-1.107490e-01 -6.169740e-01 2.512194e+00
-3.543910e-01 -9.990420e-01 2.621852e+00
-1.340910e-01 -9.923220e-01 2.636230e+00
-3.752040e-01 -1.049764e+00 2.463844e+00
-1.362070e-01 -1.044677e+00 2.477400e+00
-2.681240e-01 5.141130e-01 2.393070e+00
-4.313840e-01 2.220010e-01 2.543553e+00
-7.449100e-02 2.336940e-01 2.497828e+00
-2.662490e-01 2.730930e-01 2.428360e+00
-2.371590e-01 9.838200e-02 2.610742e+00
-4.455720e-01 -1.192440e-01 2.529302e+00
-2.306000e-02 -1.123640e-01 2.475419e+00
-2.190650e-01 -1.140350e-01 2.622176e+00
-4.884230e-01 -4.738200e-02 2.570128e+00
1.780900e-02 -2.692300e-02 2.507135e+00
-5.075520e-01 -3.313490e-01 2.500905e+00
4.839400e-02 -3.014590e-01 2.409722e+00
-4.803710e-01 -3.927230e-01 2.515560e+00
5.695800e-02 -3.655780e-01 2.432868e+00
-3.527680e-01 -6.211590e-01 2.506681e+00
-1.102730e-01 -6.174120e-01 2.513073e+00
-3.593940e-01 -1.003337e+00 2.610179e+00
-1.342210e-01 -9.949290e-01 2.630219e+00
-3.846010e-01 -1.046149e+00 2.450478e+00
-1.434140e-01 -1.043889e+00 2.470560e+00
-2.688960e-01 5.103090e-01 2.385161e+00
