-3.487820e-01 3.255190e-01 2.832351e+00
1.524300e-02 3.820640e-01 2.622435e+00
-1.150980e-01 2.254240e-01 2.782421e+00
-2.861300e-02 6.117600e-02 2.561965e+00
-3.921250e-01 6.118800e-02 2.721413e+00
-4.037000e-01 -2.507900e-01 2.672791e+00
-3.558640e-01 -3.174600e-01 2.664773e+00
-2.860190e-01 -5.393470e-01 2.717273e+00
-2.918630e-01 -9.947650e-01 2.765492e+00
-4.049860e-01 -1.012965e+00 2.579884e+00
-1.668490e-01 6.484020e-01 2.578024e+00
1.294500e-02 3.816210e-01 2.620970e+00
-1.169170e-01 2.259160e-01 2.782252e+00
-2.696300e-02 5.887800e-02 2.560318e+00
-3.939040e-01 6.276200e-02 2.720040e+00
-4.039540e-01 -2.489460e-01 2.675243e+00
-3.663790e-01 -3.220220e-01 2.668502e+00
-2.867620e-01 -5.389000e-01 2.718266e+00
-3.070200e-01 -9.933580e-01 2.771385e+00
-4.200880e-01 -1.010033e+00 2.585601e+00
-1.654530e-01 6.514440e-01 2.580806e+00
8.535000e-03 3.872280e-01 2.620442e+00
-1.157370e-01 2.280490e-01 2.782733e+00
-3.273500e-02 6.439300e-02 2.556514e+00
-3.903770e-01 6.560600e-02 2.722297e+00
-4.047270e-01 -2.445580e-01 2.670588e+00
-3.676490e-01 -3.181720e-01 2.672519e+00
-2.852070e-01 -5.372800e-01 2.712513e+00
-2.781320e-01 -9.916420e-01 2.769684e+00
-3.985650e-01 -1.016191e+00 2.589485e+00
-1.655020e-01 6.525850e-01 2.583858e+00
7.279000e-03 3.823920e-01 2.616348e+00
-1.154770e-01 2.281810e-01 2.784484e+00
-5.053500e-02 7.524000e-02 2.547965e+00
-3.933790e-01 9.030400e-02 2.724701e+00
-4.099160e-01 -2.207840e-01 2.682467e+00
-3.775390e-01 -2.935770e-01 2.661247e+00
-2.861870e-01 -5.269210e-01 2.708894e+00
-2.501000e-01 -9.773630e-01 2.783486e+00
-3.861940e-01 -1.015768e+00 2.617407e+00
-1.645650e-01 6.490020e-01 2.581987e+00
1.448600e-02 3.840920e-01 2.619963e+00
-1.149810e-01 2.411970e-01 2.792992e+00
-4.020500e-02 8.238300e-02 2.547300e+00
-3.858970e-01 1.127410e-01 2.728903e+00
-4.212580e-01 -1.979750e-01 2.692429e+00
-3.945340e-01 -2.711410e-01 2.665410e+00
-3.077960e-01 -4.903870e-01 2.693414e+00
-2.008400e-01 -9.293160e-01 2.768685e+00
-3.425540e-01 -9.902910e-01 2.614485e+00
-1.687680e-01 6.549620e-01 2.575003e+00
3.553900e-02 3.692290e-01 2.622900e+00
-1.118930e-01 2.290060e-01 2.783279e+00
-2.709900e-02 7.084500e-02 2.572946e+00
-3.981960e-01 8.462200e-02 2.733795e+00
-4.100120e-01 -2.265540e-01 2.682583e+00
-3.744040e-01 -2.992010e-01 2.666713e+00
-2.839870e-01 -5.193380e-01 2.712364e+00
-2.749680e-01 -9.718810e-01 2.782275e+00
-3.755410e-01 -1.003388e+00 2.591302e+00
-1.643580e-01 6.624410e-01 2.591992e+00
2.249700e-02 3.804170e-01 2.625874e+00
-1.120930e-01 2.270430e-01 2.785504e+00
-2.805300e-02 6.795700e-02 2.561470e+00
-3.916410e-01 7.474100e-02 2.728944e+00
-4.038460e-01 -2.368350e-01 2.682335e+00
-3.657870e-01 -3.086140e-01 2.668308e+00
-2.857840e-01 -5.292680e-01 2.713756e+00
-2.846570e-01 -9.829500e-01 2.776490e+00
-3.988070e-01 -1.008688e+00 2.592409e+00
-1.628950e-01 6.568320e-01 2.594014e+00
1.925900e-02 3.789010e-01 2.620187e+00
-1.111460e-01 2.349060e-01 2.791593e+00
-3.715800e-02 8.035600e-02 2.553157e+00
-3.920360e-01 1.061690e-01 2.734469e+00
-4.099090e-01 -2.047740e-01 2.690650e+00
-3.840230e-01 -2.783230e-01 2.663856e+00
-2.901300e-01 -5.098830e-01 2.705808e+00
-2.719030e-01 -9.650090e-01 2.753678e+00
-3.957700e-01 -9.886890e-01 2.575704e+00
-1.654490e-01 6.629890e-01 2.602717e+00
3.694300e-02 3.732480e-01 2.627909e+00
-1.085730e-01 2.277590e-01 2.785319e+00
-2.314500e-02 7.264300e-02 2.565503e+00
-3.891520e-01 7.585700e-02 2.731447e+00
-4.057910e-01 -2.353740e-01 2.683172e+00
-3.859170e-01 -3.153570e-01 2.680911e+00
-2.886580e-01 -5.127830e-01 2.709174e+00
-2.749760e-01 -9.690160e-01 2.746960e+00
-3.857910e-01 -9.878220e-01 2.560025e+00
-1.694720e-01 6.645640e-01 2.625218e+00
4.295000e-02 3.720980e-01 2.637724e+00
-1.069590e-01 2.254210e-01 2.789820e+00
-1.201600e-02 5.494500e-02 2.575305e+00
-3.907340e-01 6.255900e-02 2.729581e+00
-4.077700e-01 -2.520980e-01 2.684348e+00
-4.046220e-01 -3.322910e-01 2.665465e+00
-2.848790e-01 -5.273220e-01 2.711913e+00
-2.961740e-01 -9.818180e-01 2.767320e+00
-3.937040e-01 -1.003038e+00 2.573372e+00
-1.671610e-01 6.658510e-01 2.622785e+00
4.211600e-02 3.623960e-01 2.638494e+00
-1.107470e-01 2.220660e-01 2.793608e+00
-1.239500e-02 5.351400e-02 2.573805e+00
-3.913890e-01 7.379700e-02 2.729557e+00
-4.110480e-01 -2.402750e-01 2.677367e+00
-3.677090e-01 -3.071440e-01 2.656211e+00
-2.828010e-01 -5.204160e-01 2.710812e+00
-2.875230e-01 -9.782230e-01 2.698357e+00
-3.907820e-01 -9.719330e-01 2.506324e+00
-1.710050e-01 6.625420e-01 2.618693e+00
4.719100e-02 3.610540e-01 2.651352e+00
-1.129300e-01 2.194400e-01 2.797730e+00
-9.792000e-03 5.271300e-02 2.569291e+00
-3.905940e-01 7.061200e-02 2.727176e+00
-4.055550e-01 -2.407380e-01 2.679320e+00
-3.679620e-01 -3.126120e-01 2.664546e+00
-2.850210e-01 -5.283500e-01 2.717487e+00
-2.920150e-01 -9.859490e-01 2.735320e+00
-3.896750e-01 -9.920540e-01 2.540375e+00
-1.693220e-01 6.592540e-01 2.631438e+00
9.491300e-02 3.432920e-01 2.645479e+00
-8.798800e-02 2.232850e-01 2.784281e+00
1.869100e-02 3.787700e-02 2.585993e+00
-3.936700e-01 8.389500e-02 2.726461e+00
-4.089150e-01 -2.261500e-01 2.667264e+00
-3.736920e-01 -2.956770e-01 2.640379e+00
-2.874970e-01 -5.260970e-01 2.720350e+00
-2.900480e-01 -9.829250e-01 2.752996e+00
-3.654880e-01 -9.970950e-01 2.548824e+00
-1.666990e-01 6.724360e-01 2.628175e+00
9.205300e-02 3.537500e-01 2.633288e+00
-8.292300e-02 2.247070e-01 2.774183e+00
1.831600e-02 7.200500e-02 2.565901e+00
-3.885510e-01 8.574500e-02 2.733435e+00
-4.014100e-01 -2.243980e-01 2.671654e+00
-3.864160e-01 -3.052850e-01 2.666179e+00
-2.907800e-01 -5.098190e-01 2.724731e+00
-2.923450e-01 -9.668470e-01 2.754510e+00
-3.832040e-01 -9.794300e-01 2.556609e+00
-1.667070e-01 6.705640e-01 2.621355e+00
8.601200e-02 3.494270e-01 2.614197e+00
-8.259300e-02 2.222350e-01 2.764245e+00
2.207300e-02 5.736600e-02 2.546653e+00
-3.954370e-01 8.360000e-02 2.755196e+00
-4.034900e-01 -2.234050e-01 2.681562e+00
-3.984910e-01 -3.030730e-01 2.660937e+00
-2.922070e-01 -5.059480e-01 2.725502e+00
-2.921600e-01 -9.627290e-01 2.758887e+00
-4.017230e-01 -9.764890e-01 2.570777e+00
-1.662380e-01 6.763570e-01 2.642858e+00
7.116800e-02 3.489870e-01 2.606450e+00
-8.925800e-02 2.140490e-01 2.758684e+00
8.892000e-03 5.478600e-02 2.539512e+00
-3.900650e-01 7.801100e-02 2.753956e+00
-4.101270e-01 -2.308460e-01 2.695853e+00
-3.829160e-01 -3.056730e-01 2.674457e+00
-2.991400e-01 -5.125420e-01 2.720844e+00
-2.170980e-01 -9.627330e-01 2.739835e+00
-3.572960e-01 -9.951980e-01 2.575917e+00
-1.615350e-01 6.717270e-01 2.645491e+00
7.051500e-02 3.560090e-01 2.607436e+00
-8.121700e-02 2.198420e-01 2.767299e+00
8.110000e-04 6.127200e-02 2.534075e+00
-3.922930e-01 8.054200e-02 2.764804e+00
-4.064810e-01 -2.276770e-01 2.704485e+00
-3.911960e-01 -2.985780e-01 2.665282e+00
-3.012770e-01 -5.081190e-01 2.718642e+00
-2.658870e-01 -9.642500e-01 2.740002e+00
-3.987470e-01 -9.826140e-01 2.567986e+00
-1.618700e-01 6.665620e-01 2.657509e+00
8.918200e-02 3.530250e-01 2.601765e+00
-6.648200e-02 2.382050e-01 2.774116e+00
-7.703000e-03 8.615200e-02 2.545125e+00
-3.919870e-01 1.356850e-01 2.765357e+00
-4.027570e-01 -1.769780e-01 2.715649e+00
-4.065510e-01 -2.589660e-01 2.707844e+00
-2.913760e-01 -4.958110e-01 2.700621e+00
-2.865010e-01 -9.515080e-01 2.746227e+00
-4.015660e-01 -9.711800e-01 2.561967e+00
-1.808180e-01 6.599540e-01 2.659372e+00
3.723900e-02 3.691980e-01 2.604690e+00
-1.052770e-01 2.463030e-01 2.782752e+00
1.582600e-02 4.976600e-02 2.562604e+00
-3.897510e-01 5.211600e-02 2.758761e+00
-4.065260e-01 -2.579180e-01 2.710474e+00
-3.666510e-01 -3.265660e-01 2.688230e+00
-2.829860e-01 -5.263700e-01 2.709963e+00
-2.887530e-01 -9.815030e-01 2.760804e+00
-3.815190e-01 -1.002258e+00 2.564482e+00
-1.879760e-01 6.794100e-01 2.647931e+00
2.605200e-02 3.566130e-01 2.602408e+00
-1.092960e-01 2.346970e-01 2.786629e+00
1.270200e-02 4.511800e-02 2.563080e+00
-3.883660e-01 4.815900e-02 2.755479e+00
-4.038090e-01 -2.610940e-01 2.697496e+00
-3.544330e-01 -3.225700e-01 2.673413e+00
-2.860280e-01 -5.359930e-01 2.713319e+00
-2.904690e-01 -9.912470e-01 2.763204e+00
-3.944470e-01 -1.011130e+00 2.572490e+00
-1.775800e-01 6.748130e-01 2.651540e+00
3.621900e-02 3.502690e-01 2.601502e+00
-1.084570e-01 2.425870e-01 2.787495e+00
9.113000e-03 5.619300e-02 2.554464e+00
-3.859590e-01 9.314000e-02 2.759725e+00
-4.133420e-01 -2.168530e-01 2.714412e+00
-3.809300e-01 -2.730830e-01 2.663569e+00
-2.851130e-01 -5.215130e-01 2.707848e+00
-2.841700e-01 -9.760850e-01 2.763772e+00
-4.003600e-01 -9.988640e-01 2.580579e+00
-1.856830e-01 6.809190e-01 2.644848e+00
2.914300e-02 3.651820e-01 2.594614e+00
-8.633000e-02 2.259830e-01 2.780113e+00
-1.708000e-02 8.040000e-02 2.528661e+00
-3.786510e-01 1.030240e-01 2.746116e+00
-4.094720e-01 -2.130210e-01 2.716228e+00
-3.881970e-01 -2.805220e-01 2.673939e+00
-2.861180e-01 -5.174290e-01 2.708829e+00
-2.859650e-01 -9.716980e-01 2.767173e+00
-4.360450e-01 -9.919110e-01 2.610182e+00
-1.557250e-01 6.609680e-01 2.639042e+00
2.814500e-02 3.674200e-01 2.588013e+00
-2.055240e-01 4.435720e-01 2.641372e+00
-8.920700e-02 2.265880e-01 2.771084e+00
-2.783360e-01 4.415400e-02 2.745413e+00
-9.635000e-03 8.224700e-02 2.532402e+00
-6.175600e-02 3.539100e-02 2.737663e+00
-3.859380e-01 8.351500e-02 2.760946e+00
-6.727300e-02 2.078130e-01 2.359965e+00
-3.987950e-01 -2.327500e-01 2.709542e+00
-3.649880e-01 2.497440e-01 2.248434e+00
-3.905610e-01 -2.905080e-01 2.651287e+00
-4.466380e-01 2.602000e-01 2.243812e+00
-2.902330e-01 -5.201730e-01 2.720810e+00
-5.326300e-02 -5.050320e-01 2.668253e+00
-2.867550e-01 -9.760430e-01 2.764794e+00
-3.158700e-02 -9.507990e-01 2.771142e+00
-4.318340e-01 -9.927820e-01 2.602773e+00
-1.740980e-01 -9.944850e-01 2.611892e+00
-1.548510e-01 6.718370e-01 2.626288e+00
-3.024460e-01 3.448370e-01 2.860555e+00
2.204100e-02 3.743920e-01 2.589243e+00
-2.132690e-01 4.422000e-01 2.646510e+00
-8.722200e-02 2.294210e-01 2.774081e+00
-2.786460e-01 5.186200e-02 2.740085e+00
-2.200000e-03 7.677200e-02 2.535190e+00
-6.254100e-02 3.338800e-02 2.738956e+00
-3.787270e-01 7.761500e-02 2.759775e+00
-7.321900e-02 2.150980e-01 2.359170e+00
-4.029630e-01 -2.401200e-01 2.712482e+00
-3.741330e-01 2.518300e-01 2.250170e+00
-3.729970e-01 -3.025830e-01 2.667785e+00
-4.547130e-01 2.662950e-01 2.240416e+00
-2.932120e-01 -5.159490e-01 2.719800e+00
-5.281400e-02 -5.065970e-01 2.667681e+00
-2.810800e-01 -9.717850e-01 2.762584e+00
-2.719900e-02 -9.528700e-01 2.767421e+00
-4.221640e-01 -9.910490e-01 2.597348e+00
-1.578790e-01 -9.980730e-01 2.598726e+00
-1.620130e-01 6.721480e-01 2.629920e+00
-2.807620e-01 3.649230e-01 2.858554e+00
3.251300e-02 3.562250e-01 2.572969e+00
-1.918540e-01 4.488360e-01 2.638777e+00
-8.251800e-02 2.265130e-01 2.765486e+00
-2.737020e-01 5.005900e-02 2.747050e+00
-1.208000e-02 8.955400e-02 2.525648e+00
-5.749000e-02 4.136600e-02 2.732190e+00
-3.833000e-01 9.721700e-02 2.784328e+00
-9.359100e-02 2.353460e-01 2.333854e+00
-4.081610e-01 -2.192410e-01 2.726191e+00
-3.925500e-01 2.875080e-01 2.224097e+00
-3.850230e-01 -2.870010e-01 2.685317e+00
-4.717300e-01 3.072220e-01 2.235906e+00
-3.095540e-01 -5.086500e-01 2.721841e+00
-5.614200e-02 -4.980990e-01 2.663329e+00
3.155700e-02 -7.694000e-01 2.562417e+00
-2.554800e-02 -9.419800e-01 2.771946e+00
-7.969800e-02 -9.487080e-01 2.617642e+00
-1.756650e-01 -9.892800e-01 2.620929e+00
-1.623510e-01 6.753180e-01 2.630038e+00
-2.956150e-01 3.186800e-01 2.856985e+00
1.499800e-02 3.804980e-01 2.575074e+00
-2.226750e-01 4.276840e-01 2.642402e+00
-7.522400e-02 2.230710e-01 2.759998e+00
-2.631250e-01 4.780400e-02 2.748711e+00
-1.221100e-02 6.272900e-02 2.512397e+00
-4.958400e-02 2.086500e-02 2.721907e+00
-3.898200e-01 5.278100e-02 2.770880e+00
-9.771200e-02 2.674130e-01 2.327083e+00
-4.017790e-01 -2.656720e-01 2.728938e+00
-3.854020e-01 3.438790e-01 2.205832e+00
-3.881440e-01 -3.431540e-01 2.704281e+00
-4.657940e-01 3.390080e-01 2.188205e+00
-2.738390e-01 -5.239980e-01 2.731189e+00
-4.953200e-02 -5.115670e-01 2.671235e+00
4.609600e-02 -7.623770e-01 2.506288e+00
-3.411300e-02 -9.555190e-01 2.782740e+00
-4.273400e-02 -9.485340e-01 2.577234e+00
-1.822970e-01 -9.993320e-01 2.628791e+00
-1.671020e-01 6.690310e-01 2.641959e+00
-3.451750e-01 3.409550e-01 2.800499e+00
8.177000e-03 3.977200e-01 2.573132e+00
-2.423570e-01 4.168150e-01 2.583885e+00
-9.905900e-02 2.664100e-01 2.769035e+00
-2.952200e-01 6.686100e-02 2.711527e+00
-3.178000e-03 6.969300e-02 2.527874e+00
-8.043500e-02 4.198600e-02 2.728641e+00
-3.832450e-01 5.114800e-02 2.770070e+00
-1.072690e-01 3.131610e-01 2.316451e+00
-4.036250e-01 -2.655410e-01 2.726934e+00
-3.790330e-01 4.297450e-01 2.193485e+00
-3.929250e-01 -3.472880e-01 2.726393e+00
-4.560440e-01 4.562360e-01 2.180639e+00
-2.873860e-01 -5.084970e-01 2.726606e+00
-4.788000e-02 -5.053770e-01 2.668751e+00
-4.644000e-03 -8.071620e-01 2.525063e+00
-7.260800e-02 -9.535800e-01 2.759671e+00
-1.240860e-01 -9.724590e-01 2.602451e+00
-1.824140e-01 -9.852120e-01 2.573873e+00
-1.737510e-01 7.039190e-01 2.644267e+00
-3.022200e-01 3.046160e-01 2.822322e+00
7.318000e-03 3.988120e-01 2.548297e+00
-2.366020e-01 4.165900e-01 2.606906e+00
-6.820100e-02 2.358420e-01 2.734999e+00
-2.831840e-01 3.715300e-02 2.738559e+00
-2.843300e-02 7.901400e-02 2.509705e+00
-6.717800e-02 3.700100e-02 2.718936e+00
-3.994660e-01 3.589500e-02 2.777847e+00
-1.383010e-01 4.032840e-01 2.298455e+00
-4.084150e-01 -2.731340e-01 2.716511e+00
-3.826830e-01 5.738140e-01 2.195799e+00
-4.348100e-01 -3.510040e-01 2.710426e+00
-4.603150e-01 5.983330e-01 2.182782e+00
-2.942890e-01 -5.264300e-01 2.719157e+00
-4.785300e-02 -5.032470e-01 2.675773e+00
-2.355900e-02 -8.267280e-01 2.504006e+00
-5.065800e-02 -9.579690e-01 2.730404e+00
-1.479670e-01 -9.906710e-01 2.576283e+00
-2.074940e-01 -9.750980e-01 2.579780e+00
-1.481820e-01 6.866740e-01 2.633671e+00
-3.106320e-01 3.026680e-01 2.834017e+00
2.450000e-04 3.868950e-01 2.558268e+00
-2.415220e-01 4.167000e-01 2.620783e+00
-8.199100e-02 2.233160e-01 2.741569e+00
-2.818170e-01 2.975100e-02 2.739910e+00
-2.810300e-02 6.166800e-02 2.508317e+00
-6.598300e-02 2.577700e-02 2.718842e+00
-3.943950e-01 4.138900e-02 2.757200e+00
-1.356580e-01 4.332510e-01 2.312167e+00
-4.172900e-01 -2.647540e-01 2.710624e+00
-3.672070e-01 6.166840e-01 2.216487e+00
-4.299330e-01 -3.457870e-01 2.702184e+00
-4.417480e-01 6.443320e-01 2.194656e+00
-3.099020e-01 -5.323650e-01 2.734102e+00
-4.374900e-02 -5.164160e-01 2.682204e+00
-5.528400e-02 -8.056240e-01 2.469030e+00
-4.710200e-02 -9.698940e-01 2.746320e+00
-1.568080e-01 -9.801940e-01 2.551471e+00
-1.992180e-01 -9.906760e-01 2.591377e+00
-1.396100e-01 6.811730e-01 2.635689e+00
-3.239380e-01 3.040070e-01 2.824000e+00
-1.893000e-03 3.840040e-01 2.562163e+00
-2.452310e-01 4.149000e-01 2.612444e+00
-9.138400e-02 2.233700e-01 2.743151e+00
-2.860420e-01 2.197000e-02 2.736519e+00
-2.675800e-02 7.125300e-02 2.514330e+00
-6.967200e-02 2.336600e-02 2.721475e+00
-3.938330e-01 3.873800e-02 2.754418e+00
-1.279190e-01 4.475640e-01 2.316864e+00
-4.217200e-01 -2.630460e-01 2.697217e+00
-3.547210e-01 6.334720e-01 2.221353e+00
-4.345210e-01 -3.434710e-01 2.684361e+00
-4.290940e-01 6.669100e-01 2.209191e+00
-2.992970e-01 -5.341880e-01 2.733710e+00
-4.373600e-02 -5.101370e-01 2.681600e+00
-1.872640e-01 -9.327640e-01 2.537879e+00
4.706000e-03 -9.625320e-01 2.734102e+00
-3.893580e-01 -1.006886e+00 2.573124e+00
-1.522450e-01 -9.964700e-01 2.586476e+00
-1.251650e-01 6.846340e-01 2.650224e+00
-3.022760e-01 3.201380e-01 2.840426e+00
5.033000e-03 3.741660e-01 2.554556e+00
-2.318800e-01 4.219930e-01 2.621524e+00
-8.189000e-02 2.228360e-01 2.745123e+00
-2.825980e-01 2.560500e-02 2.743537e+00
-3.539100e-02 5.883100e-02 2.505188e+00
-6.748400e-02 2.054200e-02 2.716252e+00
-3.923550e-01 6.802400e-02 2.749012e+00
-1.115410e-01 4.345290e-01 2.303959e+00
-4.152860e-01 -2.330830e-01 2.686902e+00
-3.344620e-01 6.235360e-01 2.205821e+00
-4.084770e-01 -2.990060e-01 2.637860e+00
-4.092250e-01 6.509520e-01 2.184461e+00
-2.903550e-01 -5.420560e-01 2.726166e+00
-3.974300e-02 -5.176130e-01 2.679459e+00
-2.773940e-01 -9.998040e-01 2.734041e+00
-1.893000e-02 -9.687670e-01 2.755558e+00
-4.396360e-01 -1.006904e+00 2.588420e+00
-1.730950e-01 -1.001321e+00 2.604720e+00
-1.216830e-01 6.947430e-01 2.697987e+00
-3.030690e-01 3.211510e-01 2.834483e+00
9.226000e-03 3.798610e-01 2.553768e+00
-2.317600e-01 4.190560e-01 2.614080e+00
-7.632000e-02 2.308060e-01 2.747635e+00
-2.806890e-01 3.485800e-02 2.741986e+00
-3.188600e-02 7.046900e-02 2.505652e+00
-6.544800e-02 2.903200e-02 2.715891e+00
-3.948360e-01 6.627300e-02 2.750498e+00
-8.952900e-02 4.081230e-01 2.289407e+00
-4.004120e-01 -2.344540e-01 2.679338e+00
-3.157110e-01 5.870270e-01 2.178202e+00
-4.089770e-01 -2.995690e-01 2.629497e+00
-3.878850e-01 6.068640e-01 2.143638e+00
-2.894410e-01 -5.325240e-01 2.717050e+00
-4.182700e-02 -5.083150e-01 2.672678e+00
-2.815550e-01 -9.887540e-01 2.756499e+00
-4.982000e-03 -9.515210e-01 2.782108e+00
-4.400760e-01 -1.004379e+00 2.607484e+00
-1.573110e-01 -1.000764e+00 2.633955e+00
-1.315590e-01 6.960360e-01 2.725555e+00
-3.040190e-01 3.240440e-01 2.809108e+00
3.027100e-02 3.738120e-01 2.553082e+00
-2.157760e-01 4.104630e-01 2.590035e+00
-6.882900e-02 2.344200e-01 2.747682e+00
-2.798450e-01 3.516500e-02 2.730500e+00
-1.095300e-02 5.319600e-02 2.515100e+00
-6.381700e-02 1.754400e-02 2.722412e+00
-3.876860e-01 6.356400e-02 2.738152e+00
-5.301400e-02 3.688340e-01 2.283038e+00
-3.973880e-01 -2.371390e-01 2.672140e+00
-2.773500e-01 5.265580e-01 2.142785e+00
-3.974970e-01 -3.121850e-01 2.638001e+00
-3.386600e-01 5.482710e-01 2.092119e+00
-2.872090e-01 -5.365420e-01 2.719135e+00
-4.506300e-02 -5.214960e-01 2.679915e+00
-3.051730e-01 -9.938860e-01 2.735780e+00
-5.539000e-03 -9.657520e-01 2.784023e+00
-4.464530e-01 -9.943860e-01 2.569593e+00
-1.408110e-01 -1.016111e+00 2.620486e+00
-1.347870e-01 6.870820e-01 2.636319e+00
-3.342720e-01 3.350440e-01 2.741133e+00
6.015600e-02 3.618730e-01 2.587890e+00
-1.858020e-01 3.950000e-01 2.547201e+00
-9.197200e-02 2.458800e-01 2.762598e+00
-2.968060e-01 3.572900e-02 2.683533e+00
2.437900e-02 3.479300e-02 2.557581e+00
-8.907000e-02 1.139200e-02 2.740954e+00
-3.833370e-01 5.765600e-02 2.740833e+00
2.328500e-02 2.917000e-01 2.317579e+00
-4.073450e-01 -2.445260e-01 2.692344e+00
-1.624790e-01 3.989970e-01 2.097987e+00
-3.643990e-01 -2.936010e-01 2.641900e+00
-2.137650e-01 4.279380e-01 2.040285e+00
-2.878580e-01 -5.373840e-01 2.725560e+00
-4.826300e-02 -5.420460e-01 2.681498e+00
-2.967970e-01 -9.947570e-01 2.747789e+00
-2.755200e-02 -9.889770e-01 2.779413e+00
-3.815330e-01 -1.002861e+00 2.546959e+00
-1.053450e-01 -1.036021e+00 2.581137e+00
-1.393310e-01 6.957990e-01 2.647668e+00
-3.177100e-01 3.529780e-01 2.747900e+00
7.580200e-02 3.468260e-01 2.590145e+00
-1.669210e-01 4.007410e-01 2.552376e+00
-8.358700e-02 2.435930e-01 2.766378e+00
-2.973540e-01 5.086700e-02 2.690766e+00
2.381100e-02 2.412500e-02 2.567626e+00
-9.160000e-02 1.830700e-02 2.751176e+00
-3.919010e-01 8.083200e-02 2.746252e+00
5.107600e-02 2.526410e-01 2.325404e+00
-4.028100e-01 -2.228680e-01 2.699910e+00
-1.115410e-01 3.397230e-01 2.079492e+00
-3.737790e-01 -2.931380e-01 2.668024e+00
-1.517490e-01 3.568740e-01 2.009588e+00
-2.848290e-01 -5.363570e-01 2.721218e+00
-4.547300e-02 -5.486200e-01 2.679463e+00
-2.988650e-01 -9.935700e-01 2.744098e+00
-2.792700e-02 -9.950340e-01 2.780311e+00
-3.812370e-01 -1.001141e+00 2.542266e+00
-1.067000e-01 -1.042796e+00 2.582594e+00
-1.886720e-01 6.858400e-01 2.659326e+00
-3.199270e-01 3.601830e-01 2.773586e+00
5.978700e-02 3.735040e-01 2.585394e+00
-1.864030e-01 4.224340e-01 2.569762e+00
-8.251000e-02 2.566550e-01 2.767652e+00
-2.909870e-01 3.372500e-02 2.710857e+00
1.556700e-02 7.537700e-02 2.558166e+00
-7.739900e-02 2.582100e-02 2.747758e+00
-3.883550e-01 8.521900e-02 2.743907e+00
7.432300e-02 2.274010e-01 2.341239e+00
-4.006790e-01 -2.214420e-01 2.696937e+00
-5.764400e-02 3.053760e-01 2.071232e+00
-3.742790e-01 -2.976430e-01 2.679796e+00
-1.017910e-01 3.137470e-01 2.002106e+00
-2.847440e-01 -5.266920e-01 2.716121e+00
-4.688500e-02 -5.135210e-01 2.674991e+00
-2.852920e-01 -9.832020e-01 2.753031e+00
-2.737400e-02 -9.672950e-01 2.733919e+00
-3.894480e-01 -9.985230e-01 2.561994e+00
-1.328130e-01 -9.963370e-01 2.545193e+00
-1.985320e-01 6.941810e-01 2.674109e+00
-3.019070e-01 3.589790e-01 2.765364e+00
9.162600e-02 3.542150e-01 2.607614e+00
-1.477890e-01 4.252990e-01 2.578022e+00
-7.383200e-02 2.361230e-01 2.768232e+00
-2.996300e-01 5.545900e-02 2.699381e+00
1.852800e-02 4.338500e-02 2.566509e+00
-9.189000e-02 2.193800e-02 2.751960e+00
-3.897730e-01 8.715600e-02 2.746840e+00
1.028320e-01 2.086480e-01 2.361371e+00
-4.130690e-01 -2.211480e-01 2.705195e+00
-2.572200e-02 2.726510e-01 2.084414e+00
-3.891740e-01 -2.992550e-01 2.693988e+00
-5.536900e-02 2.843510e-01 2.008377e+00
-2.831210e-01 -5.277380e-01 2.711467e+00
-4.073400e-02 -5.294120e-01 2.683143e+00
-2.967830e-01 -9.828770e-01 2.760718e+00
-3.817500e-02 -9.790540e-01 2.770205e+00
-3.839880e-01 -1.001797e+00 2.561680e+00
-1.209340e-01 -1.017872e+00 2.572157e+00
-1.732710e-01 6.851490e-01 2.638931e+00
-2.949300e-01 3.572520e-01 2.749541e+00
1.080840e-01 3.441520e-01 2.618452e+00
-1.276500e-01 4.184470e-01 2.572001e+00
-6.957400e-02 2.309770e-01 2.769280e+00
-2.965790e-01 5.896700e-02 2.689851e+00
2.666500e-02 3.839000e-02 2.571043e+00
-9.195000e-02 2.271200e-02 2.751954e+00
-4.022410e-01 9.010400e-02 2.746519e+00
1.092240e-01 2.166790e-01 2.360301e+00
-4.026940e-01 -2.199380e-01 2.698345e+00
-1.681800e-02 2.736460e-01 2.078672e+00
-3.945770e-01 -3.019810e-01 2.698989e+00
-5.434600e-02 2.883340e-01 2.006746e+00
-2.795110e-01 -5.277200e-01 2.703755e+00
-3.960600e-02 -5.318880e-01 2.687835e+00
-2.909250e-01 -9.813630e-01 2.765740e+00
-4.196000e-02 -9.824020e-01 2.770274e+00
-3.703740e-01 -1.006901e+00 2.564210e+00
-1.173890e-01 -1.018860e+00 2.568879e+00
-1.650410e-01 6.785480e-01 2.632756e+00
-2.987610e-01 3.576070e-01 2.735211e+00
1.112260e-01 3.291430e-01 2.630924e+00
-1.183780e-01 4.102510e-01 2.568064e+00
-7.952400e-02 2.244300e-01 2.771528e+00
-3.072700e-01 5.531900e-02 2.659084e+00
2.996500e-02 3.036100e-02 2.590711e+00
-1.141920e-01 2.345000e-02 2.752621e+00
-3.875140e-01 8.312300e-02 2.721262e+00
1.189720e-01 2.129680e-01 2.366620e+00
-4.207850e-01 -2.280980e-01 2.688106e+00
-2.275100e-02 2.720080e-01 2.091858e+00
-3.974700e-01 -3.055730e-01 2.672248e+00
-3.760900e-02 2.918660e-01 2.013231e+00
-2.777010e-01 -5.316530e-01 2.708584e+00
-3.712700e-02 -5.401750e-01 2.694504e+00
-2.940520e-01 -9.858230e-01 2.765381e+00
-3.584200e-02 -9.923130e-01 2.767536e+00
-3.405370e-01 -1.010620e+00 2.553715e+00
-8.109600e-02 -1.026464e+00 2.556908e+00
-1.578160e-01 6.741950e-01 2.630298e+00
-2.987750e-01 3.614290e-01 2.730738e+00
1.161370e-01 3.326070e-01 2.648315e+00
-1.086710e-01 4.197190e-01 2.576755e+00
-8.336300e-02 2.237410e-01 2.772686e+00
-3.103060e-01 5.234100e-02 2.657973e+00
2.900300e-02 5.292800e-02 2.595567e+00
-1.172140e-01 2.905200e-02 2.753979e+00
-3.986820e-01 8.720400e-02 2.723879e+00
1.302570e-01 2.050750e-01 2.386087e+00
-4.144020e-01 -2.232360e-01 2.656060e+00
2.100000e-05 2.744420e-01 2.104224e+00
-4.031830e-01 -3.043980e-01 2.646880e+00
-1.573300e-02 3.001680e-01 2.027495e+00
-2.771630e-01 -5.254790e-01 2.704555e+00
-3.364700e-02 -5.264140e-01 2.686631e+00
-2.962850e-01 -9.783460e-01 2.770204e+00
-6.783100e-02 -9.785220e-01 2.751387e+00
-3.367360e-01 -1.007423e+00 2.557844e+00
-1.017350e-01 -1.006559e+00 2.537745e+00
-1.593480e-01 6.697300e-01 2.626920e+00
-2.995030e-01 3.631250e-01 2.723932e+00
1.158970e-01 3.248750e-01 2.648067e+00
-1.061600e-01 4.148740e-01 2.571655e+00
-8.739600e-02 2.221870e-01 2.771546e+00
-3.092400e-01 5.426500e-02 2.651705e+00
3.148500e-02 3.351700e-02 2.601692e+00
-1.209230e-01 2.733100e-02 2.755892e+00
-3.962480e-01 8.625700e-02 2.716198e+00
1.255070e-01 1.870850e-01 2.389229e+00
-4.115580e-01 -2.240650e-01 2.640748e+00
3.248500e-02 2.751460e-01 2.096281e+00
-4.002920e-01 -3.054180e-01 2.633526e+00
-1.253400e-02 2.903020e-01 2.028893e+00
-2.781620e-01 -5.318070e-01 2.707613e+00
-3.445700e-02 -5.417530e-01 2.687979e+00
-3.091620e-01 -9.833330e-01 2.777813e+00
-6.853300e-02 -9.933170e-01 2.756487e+00
-3.429620e-01 -1.014170e+00 2.564541e+00
-9.673700e-02 -1.023678e+00 2.542335e+00
-1.617610e-01 6.708830e-01 2.623595e+00
-3.008700e-01 3.645510e-01 2.724280e+00
1.137100e-01 3.218700e-01 2.646319e+00
-1.072100e-01 4.167440e-01 2.572557e+00
-9.072700e-02 2.195230e-01 2.768182e+00
-3.097350e-01 5.207400e-02 2.648047e+00
3.138000e-02 2.567500e-02 2.603678e+00
-1.233920e-01 2.474800e-02 2.755627e+00
-3.979350e-01 8.648800e-02 2.716952e+00
1.279700e-01 1.672140e-01 2.395975e+00
-4.086070e-01 -2.222410e-01 2.629473e+00
6.256000e-02 2.561870e-01 2.094502e+00
-3.911590e-01 -3.003900e-01 2.609831e+00
1.072400e-02 2.564340e-01 2.030390e+00
-2.792270e-01 -5.354120e-01 2.710964e+00
-3.407600e-02 -5.482480e-01 2.688385e+00
-2.939300e-01 -9.881910e-01 2.778335e+00
-6.970600e-02 -9.994480e-01 2.758476e+00
-3.260770e-01 -1.018921e+00 2.564792e+00
-9.425200e-02 -1.030825e+00 2.544020e+00
-1.529080e-01 6.700490e-01 2.620342e+00
-3.274070e-01 3.613620e-01 2.763213e+00
7.693900e-02 3.543530e-01 2.635808e+00
-1.558610e-01 4.415330e-01 2.597705e+00
-1.060810e-01 2.267640e-01 2.767509e+00
-3.155640e-01 6.093800e-02 2.666093e+00
1.833200e-02 4.774900e-02 2.580279e+00
-1.165910e-01 4.037700e-02 2.749942e+00
-3.919320e-01 7.888700e-02 2.709234e+00
6.094900e-02 1.109280e-01 2.470404e+00
-3.995080e-01 -2.309760e-01 2.624985e+00
1.465960e-01 1.311840e-01 2.161496e+00
-3.801110e-01 -2.990180e-01 2.582660e+00
9.843100e-02 1.568590e-01 2.099704e+00
-2.792340e-01 -5.244170e-01 2.712030e+00
-3.880200e-02 -5.295280e-01 2.681274e+00
-2.952700e-01 -9.784050e-01 2.770355e+00
-6.579100e-02 -9.796700e-01 2.761321e+00
-3.514350e-01 -1.003310e+00 2.561061e+00
-1.157920e-01 -1.013933e+00 2.551786e+00
-1.565100e-01 6.694610e-01 2.607739e+00
-3.413510e-01 3.460000e-01 2.795781e+00
4.191600e-02 3.681790e-01 2.615807e+00
-1.996940e-01 4.376760e-01 2.609295e+00
-1.120530e-01 2.281700e-01 2.770116e+00
-3.126760e-01 4.973200e-02 2.698650e+00
-3.020000e-03 7.353300e-02 2.548410e+00
-9.987800e-02 4.235500e-02 2.739958e+00
-3.907850e-01 6.849000e-02 2.711437e+00
1.128970e-01 9.423900e-02 2.535256e+00
-3.938950e-01 -2.415230e-01 2.629607e+00
1.650390e-01 5.776900e-02 2.220988e+00
-3.502510e-01 -3.113560e-01 2.625629e+00
1.550480e-01 -1.457000e-03 2.164508e+00
-2.796970e-01 -5.232410e-01 2.714980e+00
-4.020200e-02 -5.097910e-01 2.676492e+00
-2.944050e-01 -9.772620e-01 2.773397e+00
-3.944100e-02 -9.653700e-01 2.723511e+00
-3.899750e-01 -9.992350e-01 2.578558e+00
-1.307520e-01 -9.858580e-01 2.526480e+00
-1.622700e-01 6.666640e-01 2.612145e+00
-3.381990e-01 3.441940e-01 2.797770e+00
4.090500e-02 3.689570e-01 2.609508e+00
-2.012010e-01 4.370100e-01 2.608391e+00
-1.088170e-01 2.277840e-01 2.766905e+00
-3.195860e-01 5.297300e-02 2.692034e+00
-2.566000e-03 6.973600e-02 2.556971e+00
-1.093180e-01 3.798000e-02 2.743088e+00
-3.898190e-01 6.945200e-02 2.709923e+00
9.872000e-02 8.316900e-02 2.580400e+00
-3.956880e-01 -2.421740e-01 2.640418e+00
1.708720e-01 -9.576400e-02 2.325933e+00
-3.532250e-01 -3.094170e-01 2.618678e+00
1.854140e-01 -1.654320e-01 2.284313e+00
-2.799840e-01 -5.221100e-01 2.712668e+00
-4.101300e-02 -5.120400e-01 2.670731e+00
-3.122930e-01 -9.762460e-01 2.762470e+00
-4.327800e-02 -9.637060e-01 2.746602e+00
-3.956090e-01 -9.923550e-01 2.561528e+00
-1.229280e-01 -9.969570e-01 2.546281e+00
-1.669940e-01 6.671520e-01 2.607552e+00
-3.358380e-01 3.380040e-01 2.803515e+00
3.553500e-02 3.622920e-01 2.600369e+00
-2.057980e-01 4.323820e-01 2.610046e+00
-1.089470e-01 2.201310e-01 2.761724e+00
-3.244280e-01 3.850100e-02 2.698543e+00
-1.180200e-02 6.328500e-02 2.554753e+00
-1.125080e-01 3.139600e-02 2.744187e+00
-3.916800e-01 6.328400e-02 2.718519e+00
7.483000e-02 7.200000e-02 2.600882e+00
-3.869500e-01 -2.459660e-01 2.639416e+00
1.096400e-01 -2.418780e-01 2.554148e+00
-3.637540e-01 -3.205940e-01 2.665685e+00
1.104720e-01 -2.953470e-01 2.491396e+00
-2.777980e-01 -5.358820e-01 2.714780e+00
-3.836200e-02 -5.206490e-01 2.672250e+00
-2.962170e-01 -9.908070e-01 2.764459e+00
-4.723500e-02 -9.710670e-01 2.754766e+00
-3.857760e-01 -1.008811e+00 2.566385e+00
-1.299540e-01 -1.005860e+00 2.555955e+00
-1.693990e-01 6.628100e-01 2.599672e+00
-3.395150e-01 3.399560e-01 2.795689e+00
3.575500e-02 3.672770e-01 2.600237e+00
-2.070590e-01 4.327080e-01 2.603074e+00
-1.094840e-01 2.257790e-01 2.761493e+00
-3.199480e-01 4.403600e-02 2.705774e+00
-1.440200e-02 6.166000e-02 2.546539e+00
-1.061620e-01 3.511400e-02 2.741268e+00
-3.869480e-01 6.399600e-02 2.712620e+00
8.078300e-02 7.870700e-02 2.598205e+00
-3.912210e-01 -2.492640e-01 2.656396e+00
5.331500e-02 -2.383980e-01 2.597278e+00
-3.556350e-01 -3.235490e-01 2.659956e+00
2.623500e-02 -3.135360e-01 2.617733e+00
-2.759620e-01 -5.343540e-01 2.713160e+00
-3.963300e-02 -5.209440e-01 2.668348e+00
-3.117830e-01 -9.889830e-01 2.755507e+00
-4.706500e-02 -9.703960e-01 2.756111e+00
-4.106030e-01 -9.992840e-01 2.561324e+00
-1.398970e-01 -1.006744e+00 2.562102e+00
-1.679540e-01 6.673060e-01 2.596899e+00
-3.378070e-01 3.491300e-01 2.799659e+00
3.725000e-02 3.668400e-01 2.602696e+00
-2.034630e-01 4.395360e-01 2.607237e+00
-1.114830e-01 2.283720e-01 2.763398e+00
-3.176620e-01 7.734300e-02 2.706447e+00
-1.522400e-02 6.328200e-02 2.541042e+00
-1.057250e-01 4.288800e-02 2.737097e+00
-3.877670e-01 7.429500e-02 2.718796e+00
8.159400e-02 8.009000e-02 2.622116e+00
-4.087660e-01 -2.375730e-01 2.666499e+00
6.397500e-02 -2.363010e-01 2.626987e+00
-3.706840e-01 -3.103260e-01 2.673852e+00
2.931400e-02 -3.094340e-01 2.611253e+00
-2.896630e-01 -5.093950e-01 2.707025e+00
-3.644100e-02 -5.037500e-01 2.667150e+00
-2.438850e-01 -9.647270e-01 2.725487e+00
-4.635800e-02 -9.507800e-01 2.766299e+00
-3.592350e-01 -9.837900e-01 2.541342e+00
-1.445830e-01 -9.908720e-01 2.575713e+00
-1.628360e-01 6.646430e-01 2.589668e+00
-3.406800e-01 3.517990e-01 2.785681e+00
4.479800e-02 3.660040e-01 2.609668e+00
-1.955910e-01 4.392400e-01 2.599801e+00
-1.130270e-01 2.300920e-01 2.763743e+00
-3.267820e-01 5.640500e-02 2.702661e+00
-1.259400e-02 6.025100e-02 2.560197e+00
-1.160290e-01 3.478700e-02 2.749133e+00
-3.893970e-01 7.524300e-02 2.713940e+00
8.204100e-02 7.867200e-02 2.617198e+00
-3.954920e-01 -2.353550e-01 2.656872e+00
6.048200e-02 -2.362170e-01 2.605141e+00
-3.672890e-01 -3.124160e-01 2.664856e+00
3.003700e-02 -3.128160e-01 2.606897e+00
-2.808010e-01 -5.269260e-01 2.705489e+00
-3.562500e-02 -5.159120e-01 2.672373e+00
-2.779140e-01 -9.809380e-01 2.765732e+00
-4.857100e-02 -9.640910e-01 2.765818e+00
-3.695330e-01 -1.007548e+00 2.569578e+00
-1.298880e-01 -1.003149e+00 2.567222e+00
-1.592750e-01 6.665490e-01 2.601912e+00
-3.383440e-01 3.538520e-01 2.789963e+00
4.593400e-02 3.608690e-01 2.610916e+00
-1.924590e-01 4.407110e-01 2.604433e+00
-1.142510e-01 2.264830e-01 2.763891e+00
-3.263530e-01 5.201500e-02 2.706519e+00
-1.457300e-02 5.879300e-02 2.558966e+00
-1.145630e-01 3.450200e-02 2.749901e+00
-3.907710e-01 7.964600e-02 2.714460e+00
8.031200e-02 7.378300e-02 2.617094e+00
-4.009940e-01 -2.298450e-01 2.655788e+00
5.689800e-02 -2.401290e-01 2.601497e+00
-3.717570e-01 -3.065350e-01 2.663623e+00
2.169600e-02 -3.144000e-01 2.607969e+00
-2.801770e-01 -5.312750e-01 2.706479e+00
-3.878700e-02 -5.191890e-01 2.675448e+00
-2.882720e-01 -9.841440e-01 2.774360e+00
-4.918300e-02 -9.678470e-01 2.766891e+00
-3.824390e-01 -1.011662e+00 2.579542e+00
-1.344330e-01 -1.006045e+00 2.569782e+00
-1.607700e-01 6.618830e-01 2.598416e+00
-3.408930e-01 3.569790e-01 2.789730e+00
4.434100e-02 3.647660e-01 2.612782e+00
-1.945180e-01 4.430000e-01 2.604196e+00
-1.158440e-01 2.308180e-01 2.766140e+00
-3.306790e-01 5.463000e-02 2.694015e+00
-7.481000e-03 5.820900e-02 2.573371e+00
-1.233190e-01 3.945700e-02 2.755782e+00
-3.910250e-01 8.324800e-02 2.711452e+00
7.682900e-02 7.781200e-02 2.625883e+00
-3.963850e-01 -2.250370e-01 2.646782e+00
6.099300e-02 -2.366220e-01 2.614449e+00
-3.671150e-01 -3.020820e-01 2.648925e+00
2.107900e-02 -3.083640e-01 2.606875e+00
-2.828210e-01 -5.291700e-01 2.710411e+00
-4.183900e-02 -5.224440e-01 2.677075e+00
-2.788730e-01 -9.828550e-01 2.773008e+00
-5.077500e-02 -9.706660e-01 2.770783e+00
-3.573020e-01 -1.011344e+00 2.571475e+00
-1.199580e-01 -1.011676e+00 2.568026e+00
-1.559130e-01 6.643700e-01 2.604488e+00
