-4.259570e-01 2.287910e-01 2.504718e+00
-2.463215e-01 2.337430e-01 2.515038e+00
-6.668600e-02 2.386950e-01 2.525357e+00
-1.544820e-01 2.594130e-01 2.473880e+00
-2.422780e-01 2.801310e-01 2.422403e+00
-2.450790e-01 1.916415e-01 2.513618e+00
-2.478800e-01 1.031520e-01 2.604833e+00
-3.433065e-01 -5.210500e-03 2.537641e+00
-4.387330e-01 -1.135730e-01 2.470448e+00
-2.271140e-01 -1.130430e-01 2.494612e+00
-1.549500e-02 -1.125130e-01 2.518777e+00
-1.281485e-01 -1.082425e-01 2.566531e+00
-2.408020e-01 -1.039720e-01 2.614286e+00
-3.644680e-01 -7.051700e-02 2.570232e+00
-4.881340e-01 -3.706200e-02 2.526178e+00
-2.347935e-01 -2.930650e-02 2.524011e+00
1.854700e-02 -2.155100e-02 2.521843e+00
-2.341975e-01 -1.666630e-01 2.477588e+00
-4.869420e-01 -3.117750e-01 2.433333e+00
-2.258790e-01 -3.069970e-01 2.442102e+00
3.518400e-02 -3.022190e-01 2.450872e+00
-2.248330e-01 -3.389585e-01 2.454651e+00
-4.848500e-01 -3.756980e-01 2.458430e+00
-2.199095e-01 -3.724095e-01 2.448576e+00
4.503100e-02 -3.691210e-01 2.438722e+00
-1.495730e-01 -4.930760e-01 2.472472e+00
-3.441770e-01 -6.170310e-01 2.506222e+00
-2.257685e-01 -6.167910e-01 2.513104e+00
-1.073600e-01 -6.165510e-01 2.519986e+00
-2.331300e-01 -8.063710e-01 2.569753e+00
-3.589000e-01 -9.961910e-01 2.619520e+00
-2.514600e-01 -9.943805e-01 2.629086e+00
-1.440200e-01 -9.925700e-01 2.638652e+00
-2.448860e-01 -1.018483e+00 2.549280e+00
-3.457520e-01 -1.044396e+00 2.459908e+00
-2.303445e-01 -1.044552e+00 2.471164e+00
-1.149370e-01 -1.044709e+00 2.482421e+00
-1.795580e-01 -2.617890e-01 2.436677e+00
-2.441790e-01 5.211310e-01 2.390933e+00
-3.355490e-01 3.740085e-01 2.447948e+00
-4.269190e-01 2.268860e-01 2.504964e+00
-2.476145e-01 2.331220e-01 2.519494e+00
-6.831000e-02 2.393580e-01 2.534025e+00
-1.551100e-01 2.606195e-01 2.481100e+00
-2.419100e-01 2.818810e-01 2.428174e+00
-2.459540e-01 1.910825e-01 2.517043e+00
-2.499980e-01 1.002840e-01 2.605912e+00
-3.434970e-01 -6.723500e-03 2.537689e+00
-4.369960e-01 -1.137310e-01 2.469466e+00
-2.257695e-01 -1.126430e-01 2.496831e+00
-1.454300e-02 -1.115550e-01 2.524197e+00
-1.279150e-01 -1.071340e-01 2.570205e+00
-2.412870e-01 -1.027130e-01 2.616213e+00
-3.648185e-01 -7.125950e-02 2.570173e+00
-4.883500e-01 -3.980600e-02 2.524133e+00
-2.347835e-01 -3.026750e-02 2.526115e+00
1.878300e-02 -2.072900e-02 2.528098e+00
-2.358550e-01 -1.680085e-01 2.480057e+00
-4.904930e-01 -3.152880e-01 2.432016e+00
-2.286915e-01 -3.062285e-01 2.436021e+00
3.311000e-02 -2.971690e-01 2.440026e+00
-2.316525e-01 -3.388325e-01 2.425613e+00
-4.964150e-01 -3.804960e-01 2.411199e+00
-2.241325e-01 -3.707970e-01 2.415522e+00
4.815000e-02 -3.610980e-01 2.419846e+00
-1.482410e-01 -4.889045e-01 2.463367e+00
-3.446320e-01 -6.167110e-01 2.506888e+00
-2.270375e-01 -6.164545e-01 2.514006e+00
-1.094430e-01 -6.161980e-01 2.521124e+00
-2.336065e-01 -8.047485e-01 2.574885e+00
-3.577700e-01 -9.932990e-01 2.628646e+00
-2.490870e-01 -9.935070e-01 2.632631e+00
-1.404040e-01 -9.937150e-01 2.636617e+00
-2.420450e-01 -1.019364e+00 2.553417e+00
-3.436860e-01 -1.045013e+00 2.470217e+00
-2.273155e-01 -1.044547e+00 2.475046e+00
-1.109450e-01 -1.044082e+00 2.479876e+00
-1.781540e-01 -2.625370e-01 2.438240e+00
-2.453630e-01 5.190080e-01 2.396604e+00
-3.346505e-01 3.718265e-01 2.451004e+00
-4.239380e-01 2.246450e-01 2.505404e+00
-2.448245e-01 2.325065e-01 2.521420e+00
-6.571100e-02 2.403680e-01 2.537436e+00
-1.522445e-01 2.606935e-01 2.483713e+00
-2.387780e-01 2.810190e-01 2.429990e+00
-2.427745e-01 1.904755e-01 2.519121e+00
-2.467710e-01 9.993200e-02 2.608253e+00
-3.393090e-01 -5.630500e-03 2.537649e+00
-4.318470e-01 -1.111930e-01 2.467045e+00
-2.212775e-01 -1.109835e-01 2.499094e+00
-1.070800e-02 -1.107740e-01 2.531143e+00
-1.250635e-01 -1.067690e-01 2.574689e+00
-2.394190e-01 -1.027640e-01 2.618236e+00
-3.615425e-01 -7.295800e-02 2.569672e+00
-4.836660e-01 -4.315200e-02 2.521107e+00
-2.301220e-01 -3.120800e-02 2.522638e+00
2.342200e-02 -1.926400e-02 2.524169e+00
-2.337615e-01 -1.679130e-01 2.472961e+00
-4.909450e-01 -3.165620e-01 2.421753e+00
-2.324610e-01 -3.047910e-01 2.423646e+00
2.602300e-02 -2.930200e-01 2.425538e+00
-2.350075e-01 -3.372445e-01 2.412673e+00
-4.960380e-01 -3.814690e-01 2.399809e+00
-2.288310e-01 -3.679785e-01 2.398624e+00
3.837600e-02 -3.544880e-01 2.397439e+00
-1.538760e-01 -4.843450e-01 2.452246e+00
-3.461280e-01 -6.142020e-01 2.507053e+00
-2.267570e-01 -6.146820e-01 2.512772e+00
-1.073860e-01 -6.151620e-01 2.518492e+00
-2.320265e-01 -8.055395e-01 2.565208e+00
-3.566670e-01 -9.959170e-01 2.611924e+00
-2.487470e-01 -9.940790e-01 2.623322e+00
-1.408270e-01 -9.922410e-01 2.634720e+00
-2.398965e-01 -1.016336e+00 2.543201e+00
-3.389660e-01 -1.040431e+00 2.451682e+00
-2.235945e-01 -1.041813e+00 2.465237e+00
-1.082230e-01 -1.043195e+00 2.478793e+00
-1.768205e-01 -2.619470e-01 2.438125e+00
-2.454180e-01 5.193010e-01 2.397458e+00
-3.355735e-01 3.723445e-01 2.454826e+00
-4.257290e-01 2.253880e-01 2.512193e+00
-2.464070e-01 2.353810e-01 2.524179e+00
-6.708500e-02 2.453740e-01 2.536165e+00
-1.550750e-01 2.650420e-01 2.484606e+00
-2.430650e-01 2.847100e-01 2.433048e+00
-2.438875e-01 1.933995e-01 2.521479e+00
-2.447100e-01 1.020890e-01 2.609911e+00
-3.399245e-01 -4.752500e-03 2.548294e+00
-4.351390e-01 -1.115940e-01 2.486677e+00
-2.226185e-01 -1.098560e-01 2.500779e+00
-1.009800e-02 -1.081180e-01 2.514881e+00
-1.203790e-01 -1.054120e-01 2.567987e+00
-2.306600e-01 -1.027060e-01 2.621093e+00
-3.577305e-01 -7.312850e-02 2.571201e+00
-4.848010e-01 -4.355100e-02 2.521309e+00
-2.283090e-01 -2.808250e-02 2.520566e+00
2.818300e-02 -1.261400e-02 2.519823e+00
-2.277275e-01 -1.619335e-01 2.462627e+00
-4.836380e-01 -3.112530e-01 2.405432e+00
-2.284705e-01 -2.979280e-01 2.409918e+00
2.669700e-02 -2.846030e-01 2.414405e+00
-2.310140e-01 -3.283405e-01 2.394147e+00
-4.887250e-01 -3.720780e-01 2.373890e+00
-2.272180e-01 -3.597760e-01 2.380825e+00
3.428900e-02 -3.474740e-01 2.387759e+00
-1.556665e-01 -4.807890e-01 2.448249e+00
-3.456220e-01 -6.141040e-01 2.508738e+00
-2.270030e-01 -6.137660e-01 2.514213e+00
-1.083840e-01 -6.134280e-01 2.519687e+00
-2.312290e-01 -8.040670e-01 2.568725e+00
-3.540740e-01 -9.947060e-01 2.617763e+00
-2.464200e-01 -9.926930e-01 2.626978e+00
-1.387660e-01 -9.906800e-01 2.636194e+00
-2.445250e-01 -1.015754e+00 2.546619e+00
-3.502840e-01 -1.040829e+00 2.457043e+00
-2.348480e-01 -1.040975e+00 2.467477e+00
-1.194120e-01 -1.041121e+00 2.477911e+00
-1.829605e-01 -2.609260e-01 2.438098e+00
-2.465090e-01 5.192690e-01 2.398284e+00
-3.356850e-01 3.717055e-01 2.457090e+00
-4.248610e-01 2.241420e-01 2.515896e+00
-2.456015e-01 2.354620e-01 2.527639e+00
-6.634200e-02 2.467820e-01 2.539382e+00
-1.546115e-01 2.664695e-01 2.488310e+00
-2.428810e-01 2.861570e-01 2.437239e+00
-2.427370e-01 1.935480e-01 2.524313e+00
-2.425930e-01 1.009390e-01 2.611388e+00
-3.379045e-01 -4.207000e-03 2.548291e+00
-4.332160e-01 -1.093530e-01 2.485193e+00
-2.206485e-01 -1.089000e-01 2.498671e+00
-8.081000e-03 -1.084470e-01 2.512149e+00
-1.181870e-01 -1.049230e-01 2.565570e+00
-2.282930e-01 -1.013990e-01 2.618990e+00
-3.553140e-01 -7.337150e-02 2.570339e+00
-4.823350e-01 -4.534400e-02 2.521688e+00
-2.253580e-01 -2.738450e-02 2.517104e+00
3.161900e-02 -9.425000e-03 2.512520e+00
-2.248070e-01 -1.615895e-01 2.459844e+00
-4.812330e-01 -3.137540e-01 2.407168e+00
-2.316570e-01 -2.943790e-01 2.399763e+00
1.791900e-02 -2.750040e-01 2.392357e+00
-2.320275e-01 -3.260355e-01 2.386428e+00
-4.819740e-01 -3.770670e-01 2.380499e+00
-2.275275e-01 -3.600655e-01 2.385075e+00
2.691900e-02 -3.430640e-01 2.389651e+00
-1.604235e-01 -4.776535e-01 2.449169e+00
-3.477660e-01 -6.122430e-01 2.508687e+00
-2.293590e-01 -6.127245e-01 2.513525e+00
-1.109520e-01 -6.132060e-01 2.518363e+00
-2.329140e-01 -8.033660e-01 2.566885e+00
-3.548760e-01 -9.935260e-01 2.615407e+00
-2.463845e-01 -9.917355e-01 2.626377e+00
-1.378930e-01 -9.899450e-01 2.637348e+00
-2.450150e-01 -1.014296e+00 2.545864e+00
-3.521370e-01 -1.038647e+00 2.454381e+00
-2.362710e-01 -1.039911e+00 2.466741e+00
-1.204050e-01 -1.041175e+00 2.479101e+00
-1.832095e-01 -2.621250e-01 2.441088e+00
-2.460140e-01 5.169250e-01 2.403075e+00
-3.340440e-01 3.704965e-01 2.461468e+00
-4.220740e-01 2.240680e-01 2.519861e+00
-2.425925e-01 2.344425e-01 2.528729e+00
-6.311100e-02 2.448170e-01 2.537598e+00
-1.521105e-01 2.652975e-01 2.488131e+00
-2.411100e-01 2.857780e-01 2.438663e+00
-2.399895e-01 1.925400e-01 2.525057e+00
-2.388690e-01 9.930200e-02 2.611451e+00
-3.338940e-01 -5.385500e-03 2.549902e+00
-4.289190e-01 -1.100730e-01 2.488353e+00
-2.161475e-01 -1.091810e-01 2.498063e+00
-3.376000e-03 -1.082890e-01 2.507773e+00
-1.125245e-01 -1.055980e-01 2.563171e+00
-2.216730e-01 -1.029070e-01 2.618568e+00
-3.501015e-01 -7.445900e-02 2.573723e+00
-4.785300e-01 -4.601100e-02 2.528877e+00
-2.230290e-01 -2.921250e-02 2.518177e+00
3.247200e-02 -1.241400e-02 2.507477e+00
-2.237295e-01 -1.634640e-01 2.460417e+00
-4.799310e-01 -3.145140e-01 2.413356e+00
-2.256455e-01 -2.809380e-01 2.373489e+00
2.864000e-02 -2.473620e-01 2.333621e+00
-2.261565e-01 -3.125415e-01 2.360032e+00
-4.809530e-01 -3.777210e-01 2.386444e+00
-2.356770e-01 -3.402035e-01 2.342026e+00
9.599000e-03 -3.026860e-01 2.297607e+00
-1.701255e-01 -4.573260e-01 2.403898e+00
-3.498500e-01 -6.119660e-01 2.510188e+00
-2.302240e-01 -6.127270e-01 2.513722e+00
-1.105980e-01 -6.134880e-01 2.517256e+00
-2.334845e-01 -8.035875e-01 2.566311e+00
-3.563710e-01 -9.936870e-01 2.615366e+00
-2.463010e-01 -9.918435e-01 2.626307e+00
-1.362310e-01 -9.900000e-01 2.637247e+00
-2.469170e-01 -1.014047e+00 2.545686e+00
-3.576030e-01 -1.038094e+00 2.454124e+00
-2.401480e-01 -1.039773e+00 2.466405e+00
-1.226930e-01 -1.041453e+00 2.478685e+00
-1.846575e-01 -2.619065e-01 2.439495e+00
-2.466220e-01 5.176400e-01 2.400304e+00
-3.344865e-01 3.701305e-01 2.461513e+00
-4.223510e-01 2.226210e-01 2.522722e+00
-2.428125e-01 2.339960e-01 2.528755e+00
-6.327400e-02 2.453710e-01 2.534789e+00
-1.530770e-01 2.643925e-01 2.486200e+00
-2.428800e-01 2.834140e-01 2.437611e+00
-2.400590e-01 1.920370e-01 2.525933e+00
-2.372380e-01 1.006600e-01 2.614254e+00
-3.345595e-01 -5.997000e-03 2.547864e+00
-4.318810e-01 -1.126540e-01 2.481474e+00
-2.197680e-01 -1.091245e-01 2.500507e+00
-7.655000e-03 -1.055950e-01 2.519541e+00
-1.191405e-01 -1.052675e-01 2.570140e+00
-2.306260e-01 -1.049400e-01 2.620740e+00
-3.554665e-01 -7.570750e-02 2.581445e+00
-4.803070e-01 -4.647500e-02 2.542150e+00
-2.264055e-01 -2.950600e-02 2.519803e+00
2.749600e-02 -1.253700e-02 2.497456e+00
-2.307390e-01 -1.648810e-01 2.465051e+00
-4.889740e-01 -3.172250e-01 2.432646e+00
-2.268720e-01 -2.455865e-01 2.343337e+00
3.523000e-02 -1.739480e-01 2.254027e+00
-2.287660e-01 -2.761315e-01 2.327732e+00
-4.927620e-01 -3.783150e-01 2.401436e+00
-2.414010e-01 -3.032510e-01 2.310849e+00
9.960000e-03 -2.281870e-01 2.220263e+00
-1.688745e-01 -4.207665e-01 2.365324e+00
-3.477090e-01 -6.133460e-01 2.510385e+00
-2.286450e-01 -6.128305e-01 2.513488e+00
-1.095810e-01 -6.123150e-01 2.516592e+00
-2.343945e-01 -8.044160e-01 2.563146e+00
-3.592080e-01 -9.965170e-01 2.609699e+00
-2.480285e-01 -9.921065e-01 2.624710e+00
-1.368490e-01 -9.876960e-01 2.639722e+00
-2.440525e-01 -1.013176e+00 2.543881e+00
-3.512560e-01 -1.038657e+00 2.448040e+00
-2.334070e-01 -1.039725e+00 2.465300e+00
-1.155580e-01 -1.040794e+00 2.482560e+00
-1.810575e-01 -2.614470e-01 2.442086e+00
-2.465570e-01 5.179000e-01 2.401612e+00
-3.346940e-01 3.720015e-01 2.462896e+00
-4.228310e-01 2.261030e-01 2.524179e+00
-2.430500e-01 2.340495e-01 2.528130e+00
-6.326900e-02 2.419960e-01 2.532080e+00
-1.532645e-01 2.629850e-01 2.484671e+00
-2.432600e-01 2.839740e-01 2.437261e+00
-2.411265e-01 1.920630e-01 2.525047e+00
-2.389930e-01 1.001520e-01 2.612833e+00
-3.341990e-01 -4.639000e-03 2.556337e+00
-4.294050e-01 -1.094300e-01 2.499840e+00
-2.164400e-01 -1.099325e-01 2.503382e+00
-3.475000e-03 -1.104350e-01 2.506925e+00
-1.109595e-01 -1.091110e-01 2.565533e+00
-2.184440e-01 -1.077870e-01 2.624142e+00
-3.488420e-01 -7.564050e-02 2.584051e+00
-4.792400e-01 -4.349400e-02 2.543959e+00
-2.251650e-01 -2.788250e-02 2.510149e+00
2.891000e-02 -1.227100e-02 2.476338e+00
-2.357510e-01 -1.670085e-01 2.466505e+00
-5.004120e-01 -3.217460e-01 2.456672e+00
-2.370275e-01 -1.923170e-01 2.322523e+00
2.635700e-02 -6.288800e-02 2.188375e+00
-2.366455e-01 -2.244070e-01 2.310268e+00
-4.996480e-01 -3.859260e-01 2.432161e+00
-2.233245e-01 -2.479075e-01 2.289046e+00
5.299900e-02 -1.098890e-01 2.145931e+00
-1.466490e-01 -3.613200e-01 2.328503e+00
-3.462970e-01 -6.127510e-01 2.511075e+00
-2.289885e-01 -6.137870e-01 2.514310e+00
-1.116800e-01 -6.148230e-01 2.517546e+00
-2.349100e-01 -8.046400e-01 2.566694e+00
-3.581400e-01 -9.944570e-01 2.615843e+00
-2.432345e-01 -9.940025e-01 2.623936e+00
-1.283290e-01 -9.935480e-01 2.632029e+00
-2.454270e-01 -1.016066e+00 2.543303e+00
-3.625250e-01 -1.038583e+00 2.454578e+00
-2.415625e-01 -1.040392e+00 2.463388e+00
-1.206000e-01 -1.042201e+00 2.472199e+00
-1.806870e-01 -2.603410e-01 2.442253e+00
-2.407740e-01 5.215190e-01 2.412306e+00
-3.315595e-01 3.723930e-01 2.476472e+00
-4.223450e-01 2.232670e-01 2.540639e+00
-2.429270e-01 2.314550e-01 2.528716e+00
-6.350900e-02 2.396430e-01 2.516794e+00
-1.573580e-01 2.599235e-01 2.477191e+00
-2.512070e-01 2.802040e-01 2.437588e+00
-2.411890e-01 1.894340e-01 2.526013e+00
-2.311710e-01 9.866400e-02 2.614437e+00
-3.337785e-01 -7.584000e-03 2.562091e+00
-4.363860e-01 -1.138320e-01 2.509745e+00
-2.234925e-01 -1.114150e-01 2.503643e+00
-1.059900e-02 -1.089980e-01 2.497540e+00
-1.153240e-01 -1.094575e-01 2.560960e+00
-2.200490e-01 -1.099170e-01 2.624379e+00
-3.501080e-01 -7.741800e-02 2.589640e+00
-4.801670e-01 -4.491900e-02 2.554901e+00
-2.296225e-01 -2.294450e-02 2.484741e+00
2.092200e-02 -9.700000e-04 2.414580e+00
-2.404615e-01 -1.620775e-01 2.443788e+00
-5.018450e-01 -3.231850e-01 2.472995e+00
-2.146780e-01 -1.505340e-01 2.301118e+00
7.248900e-02 2.211700e-02 2.129241e+00
-2.182575e-01 -1.839970e-01 2.294226e+00
-5.090040e-01 -3.901110e-01 2.459211e+00
-2.124220e-01 -1.623440e-01 2.268203e+00
8.416000e-02 6.542300e-02 2.077195e+00
-1.339215e-01 -2.750685e-01 2.290418e+00
-3.520030e-01 -6.155600e-01 2.503640e+00
-2.309605e-01 -6.149815e-01 2.511852e+00
-1.099180e-01 -6.144030e-01 2.520064e+00
-2.356250e-01 -8.054190e-01 2.565850e+00
-3.613320e-01 -9.964350e-01 2.611636e+00
-2.500445e-01 -9.940505e-01 2.624281e+00
-1.387570e-01 -9.916660e-01 2.636926e+00
-2.562720e-01 -1.016658e+00 2.544011e+00
-3.737870e-01 -1.041650e+00 2.451096e+00
-2.542340e-01 -1.041537e+00 2.464198e+00
-1.346810e-01 -1.041424e+00 2.477301e+00
-1.900730e-01 -2.627305e-01 2.439684e+00
-2.454650e-01 5.159630e-01 2.402067e+00
-3.316830e-01 3.716040e-01 2.475131e+00
-4.179010e-01 2.272450e-01 2.548196e+00
-2.387040e-01 2.335980e-01 2.532446e+00
-5.950700e-02 2.399510e-01 2.516696e+00
-1.539515e-01 2.624240e-01 2.479783e+00
-2.483960e-01 2.848970e-01 2.442870e+00
-2.375570e-01 1.916480e-01 2.528577e+00
-2.267180e-01 9.839900e-02 2.614283e+00
-3.328020e-01 -8.815500e-03 2.568372e+00
-4.388860e-01 -1.160300e-01 2.522460e+00
-2.268015e-01 -1.122045e-01 2.503166e+00
-1.471700e-02 -1.083790e-01 2.483872e+00
-1.153035e-01 -1.094030e-01 2.553663e+00
-2.158900e-01 -1.104270e-01 2.623454e+00
-3.480440e-01 -7.428800e-02 2.596660e+00
-4.801980e-01 -3.814900e-02 2.569865e+00
-2.412015e-01 -1.219200e-02 2.471970e+00
-2.205000e-03 1.376500e-02 2.374075e+00
-2.558055e-01 -1.477305e-01 2.423222e+00
-5.094060e-01 -3.092260e-01 2.472369e+00
-2.149100e-01 -1.060815e-01 2.290733e+00
7.958600e-02 9.706300e-02 2.109097e+00
-2.121815e-01 -1.379120e-01 2.303362e+00
-5.039490e-01 -3.728870e-01 2.497626e+00
-2.021705e-01 -1.140165e-01 2.280804e+00
9.960800e-02 1.448540e-01 2.063981e+00
-1.264990e-01 -2.360660e-01 2.281975e+00
-3.526060e-01 -6.169860e-01 2.499968e+00
-2.317880e-01 -6.156995e-01 2.507659e+00
-1.109700e-01 -6.144130e-01 2.515350e+00
-2.344305e-01 -8.043415e-01 2.567750e+00
-3.578910e-01 -9.942700e-01 2.620151e+00
-2.417385e-01 -9.933775e-01 2.626196e+00
-1.255860e-01 -9.924850e-01 2.632242e+00
-2.529585e-01 -1.018388e+00 2.547192e+00
-3.803310e-01 -1.044290e+00 2.462142e+00
-2.563980e-01 -1.042946e+00 2.467328e+00
-1.324650e-01 -1.041603e+00 2.472515e+00
-1.878810e-01 -2.636820e-01 2.438096e+00
-2.432970e-01 5.142390e-01 2.403677e+00
-3.307545e-01 3.711425e-01 2.482257e+00
-4.182120e-01 2.280460e-01 2.560837e+00
-2.397335e-01 2.309100e-01 2.537660e+00
-6.125500e-02 2.337740e-01 2.514482e+00
-1.566425e-01 2.589675e-01 2.482018e+00
-2.520300e-01 2.841610e-01 2.449554e+00
-2.396730e-01 1.890290e-01 2.532954e+00
-2.273160e-01 9.389700e-02 2.616355e+00
-3.311405e-01 -1.008250e-02 2.573501e+00
-4.349650e-01 -1.140620e-01 2.530647e+00
-2.237785e-01 -1.126845e-01 2.502987e+00
-1.259200e-02 -1.113070e-01 2.475326e+00
-1.103500e-01 -1.108490e-01 2.549033e+00
-2.081080e-01 -1.103910e-01 2.622739e+00
-3.428770e-01 -7.396400e-02 2.599016e+00
-4.776460e-01 -3.753700e-02 2.575293e+00
-2.547960e-01 -4.721500e-03 2.456694e+00
-3.194600e-02 2.809400e-02 2.338095e+00
-2.730470e-01 -1.418435e-01 2.415681e+00
-5.141480e-01 -3.117810e-01 2.493267e+00
-2.304435e-01 -1.059695e-01 2.282580e+00
5.326100e-02 9.984200e-02 2.071894e+00
-2.272400e-01 -1.365670e-01 2.267296e+00
-5.077410e-01 -3.729760e-01 2.462698e+00
-2.129470e-01 -1.059695e-01 2.261006e+00
8.184700e-02 1.610370e-01 2.059313e+00
-1.366045e-01 -2.272645e-01 2.276209e+00
-3.550560e-01 -6.155660e-01 2.493105e+00
-2.320890e-01 -6.159135e-01 2.498774e+00
-1.091220e-01 -6.162610e-01 2.504443e+00
-2.358380e-01 -8.064095e-01 2.552637e+00
-3.625540e-01 -9.965580e-01 2.600830e+00
-2.462055e-01 -9.933100e-01 2.617170e+00
-1.298570e-01 -9.900620e-01 2.633511e+00
-2.605980e-01 -1.015461e+00 2.537827e+00
-3.913390e-01 -1.040859e+00 2.442143e+00
-2.656165e-01 -1.042455e+00 2.458839e+00
-1.398940e-01 -1.044052e+00 2.475534e+00
-1.924810e-01 -2.703525e-01 2.435379e+00
-2.450680e-01 5.033470e-01 2.395223e+00
-3.333655e-01 3.629175e-01 2.486458e+00
-4.216630e-01 2.224880e-01 2.577694e+00
-2.449605e-01 2.296770e-01 2.544160e+00
-6.825800e-02 2.368660e-01 2.510625e+00
-1.659020e-01 2.604810e-01 2.484258e+00
-2.635460e-01 2.840960e-01 2.457890e+00
-2.442935e-01 1.878920e-01 2.538714e+00
-2.250410e-01 9.168800e-02 2.619538e+00
-3.299500e-01 -1.317000e-02 2.581560e+00
-4.348590e-01 -1.180280e-01 2.543582e+00
-2.254075e-01 -1.153310e-01 2.504986e+00
-1.595600e-02 -1.126340e-01 2.466390e+00
-1.097430e-01 -1.134885e-01 2.545085e+00
-2.035300e-01 -1.143430e-01 2.623779e+00
-3.404710e-01 -8.012550e-02 2.602859e+00
-4.774120e-01 -4.590800e-02 2.581939e+00
-2.627880e-01 -1.247200e-02 2.462400e+00
-4.816400e-02 2.096400e-02 2.342860e+00
-2.770355e-01 -1.502865e-01 2.419150e+00
-5.059070e-01 -3.215370e-01 2.495440e+00
-3.052980e-01 -1.440385e-01 2.276924e+00
-1.046890e-01 3.346000e-02 2.058407e+00
-2.962105e-01 -1.771425e-01 2.275640e+00
-4.877320e-01 -3.877450e-01 2.492872e+00
-2.734200e-01 -1.932710e-01 2.255626e+00
-5.910800e-02 1.203000e-03 2.018380e+00
-2.074430e-01 -3.081945e-01 2.250574e+00
-3.557780e-01 -6.175920e-01 2.482769e+00
-2.286620e-01 -6.176665e-01 2.489218e+00
-1.015460e-01 -6.177410e-01 2.495667e+00
-2.319420e-01 -8.067345e-01 2.547925e+00
-3.623380e-01 -9.957280e-01 2.600183e+00
-2.427605e-01 -9.925550e-01 2.615435e+00
-1.231830e-01 -9.893820e-01 2.630687e+00
-2.607560e-01 -1.016487e+00 2.537355e+00
-3.983290e-01 -1.043593e+00 2.444023e+00
-2.674570e-01 -1.044606e+00 2.458884e+00
-1.365850e-01 -1.045619e+00 2.473746e+00
-1.922590e-01 -2.729685e-01 2.437225e+00
-2.479330e-01 4.996820e-01 2.400705e+00
-3.339590e-01 3.593530e-01 2.495659e+00
-4.199850e-01 2.190240e-01 2.590614e+00
-2.474715e-01 2.244245e-01 2.539527e+00
-7.495800e-02 2.298250e-01 2.488439e+00
-1.747095e-01 2.530210e-01 2.471150e+00
-2.744610e-01 2.762170e-01 2.453861e+00
-2.473945e-01 1.824885e-01 2.535352e+00
-2.203280e-01 8.876000e-02 2.616843e+00
-3.301050e-01 -1.732900e-02 2.581872e+00
-4.398820e-01 -1.234180e-01 2.546900e+00
-2.324410e-01 -1.180065e-01 2.498881e+00
-2.500000e-02 -1.125950e-01 2.450861e+00
-1.151220e-01 -1.144530e-01 2.533711e+00
-2.052440e-01 -1.163110e-01 2.616561e+00
-3.423650e-01 -8.184750e-02 2.601495e+00
-4.794860e-01 -4.738400e-02 2.586429e+00
-2.631935e-01 -2.183500e-02 2.462238e+00
-4.690100e-02 3.714000e-03 2.338048e+00
-2.738305e-01 -1.592735e-01 2.418801e+00
-5.007600e-01 -3.222610e-01 2.499554e+00
-3.586700e-01 -1.693660e-01 2.302226e+00
-2.165800e-01 -1.647100e-02 2.104897e+00
-3.502940e-01 -2.026810e-01 2.302016e+00
-4.840080e-01 -3.888910e-01 2.499134e+00
-3.651020e-01 -2.333045e-01 2.297217e+00
-2.461960e-01 -7.771800e-02 2.095299e+00
-2.990520e-01 -3.500320e-01 2.288581e+00
-3.519080e-01 -6.223460e-01 2.481862e+00
-2.249605e-01 -6.200570e-01 2.489987e+00
-9.801300e-02 -6.177680e-01 2.498112e+00
-2.284905e-01 -8.056155e-01 2.558976e+00
-3.589680e-01 -9.934630e-01 2.619841e+00
-2.477700e-01 -9.898925e-01 2.628792e+00
-1.365720e-01 -9.863220e-01 2.637743e+00
-2.668750e-01 -1.017945e+00 2.552364e+00
-3.971780e-01 -1.049567e+00 2.466985e+00
-2.740970e-01 -1.046800e+00 2.474208e+00
-1.510160e-01 -1.044032e+00 2.481431e+00
-1.997405e-01 -2.690490e-01 2.444905e+00
-2.484650e-01 5.059340e-01 2.408380e+00
-3.329300e-01 3.613640e-01 2.500514e+00
-4.173950e-01 2.167940e-01 2.592649e+00
-2.462220e-01 2.229955e-01 2.537319e+00
-7.504900e-02 2.291970e-01 2.481989e+00
-1.753830e-01 2.513715e-01 2.466864e+00
-2.757170e-01 2.735460e-01 2.451738e+00
-2.458925e-01 1.810145e-01 2.533634e+00
-2.160680e-01 8.848300e-02 2.615529e+00
-3.288945e-01 -1.947350e-02 2.584117e+00
-4.417210e-01 -1.274300e-01 2.552705e+00
-2.351805e-01 -1.204060e-01 2.501144e+00
-2.864000e-02 -1.133820e-01 2.449583e+00
-1.172785e-01 -1.169880e-01 2.533962e+00
-2.059170e-01 -1.205940e-01 2.618340e+00
-3.432950e-01 -8.349950e-02 2.601267e+00
-4.806730e-01 -4.640500e-02 2.584193e+00
-2.696110e-01 -2.105750e-02 2.458101e+00
-5.854900e-02 4.290000e-03 2.332008e+00
-2.766280e-01 -1.575920e-01 2.414888e+00
-4.947070e-01 -3.194740e-01 2.497768e+00
-3.905070e-01 -1.522825e-01 2.327931e+00
-2.863070e-01 1.490900e-02 2.158094e+00
-3.884765e-01 -1.811915e-01 2.346377e+00
-4.906460e-01 -3.772920e-01 2.534660e+00
-4.111650e-01 -2.069625e-01 2.347478e+00
-3.316840e-01 -3.663300e-02 2.160295e+00
-3.426520e-01 -3.311000e-01 2.323039e+00
-3.536200e-01 -6.255670e-01 2.485782e+00
-2.276020e-01 -6.224640e-01 2.492814e+00
-1.015840e-01 -6.193610e-01 2.499846e+00
-2.312590e-01 -8.102500e-01 2.555479e+00
-3.609340e-01 -1.001139e+00 2.611113e+00
-2.483400e-01 -9.943230e-01 2.626397e+00
-1.357460e-01 -9.875070e-01 2.641682e+00
-2.689095e-01 -1.019621e+00 2.549391e+00
-4.020730e-01 -1.051734e+00 2.457099e+00
-2.779790e-01 -1.048773e+00 2.471538e+00
-1.538850e-01 -1.045812e+00 2.485977e+00
-2.021760e-01 -2.700315e-01 2.446448e+00
-2.504670e-01 5.057490e-01 2.406918e+00
-3.311100e-01 3.655310e-01 2.514780e+00
-4.117530e-01 2.253130e-01 2.622642e+00
-8.269200e-02 2.368830e-01 2.477092e+00
-2.842470e-01 2.867090e-01 2.470583e+00
-2.124260e-01 9.204100e-02 2.617483e+00
-4.410120e-01 -1.265510e-01 2.577240e+00
-4.490100e-02 -1.052130e-01 2.421971e+00
-1.989530e-01 -1.142500e-01 2.612089e+00
-4.863470e-01 -2.638800e-02 2.574298e+00
-6.459400e-02 3.751200e-02 2.300517e+00
-5.019900e-01 -2.991910e-01 2.502059e+00
-2.815060e-01 1.499650e-01 2.158431e+00
-4.913070e-01 -3.669530e-01 2.498243e+00
-3.363070e-01 1.135940e-01 2.138572e+00
-3.526840e-01 -6.227920e-01 2.495520e+00
-1.074330e-01 -6.113770e-01 2.505322e+00
-3.616510e-01 -1.001267e+00 2.611675e+00
-1.217130e-01 -9.876170e-01 2.628025e+00
-4.187870e-01 -1.046147e+00 2.461030e+00
-1.681460e-01 -1.035840e+00 2.474757e+00
-2.436750e-01 4.953120e-01 2.391159e+00
-4.423840e-01 2.050330e-01 2.531338e+00
-8.688200e-02 2.353960e-01 2.483414e+00
-2.801290e-01 2.444010e-01 2.407755e+00
-2.400690e-01 1.135910e-01 2.622040e+00
-4.476490e-01 -1.387350e-01 2.523784e+00
-2.579700e-02 -1.026240e-01 2.476845e+00
-2.235350e-01 -1.186900e-01 2.620371e+00
-4.842280e-01 -4.628900e-02 2.606858e+00
-7.020300e-02 6.780800e-02 2.277859e+00
-5.076940e-01 -3.061040e-01 2.501434e+00
-2.791000e-01 2.196230e-01 2.166130e+00
-4.834620e-01 -3.699050e-01 2.493516e+00
-3.328090e-01 2.060240e-01 2.125500e+00
-3.530180e-01 -6.313290e-01 2.505688e+00
-1.058740e-01 -6.163130e-01 2.501865e+00
-3.578600e-01 -1.012360e+00 2.613430e+00
-1.376480e-01 -9.871400e-01 2.637117e+00
-3.823850e-01 -1.057087e+00 2.454148e+00
-1.396180e-01 -1.044296e+00 2.479949e+00
-2.376720e-01 5.177130e-01 2.390153e+00
-4.414850e-01 2.369230e-01 2.560232e+00
-8.755700e-02 2.452320e-01 2.494918e+00
-2.829610e-01 2.775460e-01 2.432289e+00
-2.431140e-01 1.205460e-01 2.628240e+00
-4.445350e-01 -1.204070e-01 2.551591e+00
-2.865800e-02 -9.408400e-02 2.463158e+00
-2.115380e-01 -1.061810e-01 2.625537e+00
-4.895200e-01 -2.382000e-02 2.601589e+00
-8.209800e-02 9.720900e-02 2.271168e+00
-4.986880e-01 -2.953240e-01 2.518361e+00
-2.891940e-01 2.533350e-01 2.155147e+00
-4.895340e-01 -3.616950e-01 2.503147e+00
-3.451870e-01 2.841510e-01 2.129936e+00
-3.536220e-01 -6.156720e-01 2.503967e+00
-1.084970e-01 -6.047440e-01 2.504719e+00
-3.623220e-01 -9.985620e-01 2.604640e+00
-1.207340e-01 -9.827100e-01 2.622225e+00
-4.006870e-01 -1.039142e+00 2.446988e+00
-1.431190e-01 -1.031255e+00 2.463748e+00
-2.342890e-01 5.156240e-01 2.390621e+00
-4.125010e-01 2.353870e-01 2.585411e+00
-6.452400e-02 2.456330e-01 2.493722e+00
-2.627440e-01 2.929320e-01 2.453461e+00
-2.141510e-01 1.042690e-01 2.616796e+00
-4.421270e-01 -1.215910e-01 2.559938e+00
-2.846100e-02 -8.647000e-02 2.464472e+00
-2.080130e-01 -1.055110e-01 2.629869e+00
-4.782070e-01 -2.531900e-02 2.594653e+00
-5.739400e-02 6.938300e-02 2.290608e+00
-4.978120e-01 -2.995810e-01 2.520286e+00
-2.268670e-01 1.570890e-01 2.079134e+00
-4.810800e-01 -3.659060e-01 2.526722e+00
-2.545590e-01 1.795280e-01 2.020397e+00
-3.525510e-01 -6.136010e-01 2.502728e+00
-1.080440e-01 -5.998280e-01 2.500611e+00
-3.567650e-01 -9.929480e-01 2.616280e+00
-1.348060e-01 -9.723970e-01 2.632111e+00
-3.985380e-01 -1.038963e+00 2.461005e+00
-1.554470e-01 -1.026317e+00 2.475142e+00
-2.307860e-01 4.904010e-01 2.371087e+00
-4.181520e-01 2.289320e-01 2.590203e+00
-7.562000e-02 2.424750e-01 2.480255e+00
-2.766580e-01 2.839440e-01 2.448419e+00
-2.155310e-01 1.033650e-01 2.616611e+00
-4.401540e-01 -1.237840e-01 2.588006e+00
-3.999500e-02 -9.109300e-02 2.445630e+00
-1.993540e-01 -1.108040e-01 2.630493e+00
-4.855380e-01 -3.026700e-02 2.588560e+00
-2.545000e-02 4.216900e-02 2.309702e+00
-4.927860e-01 -3.035890e-01 2.513348e+00
-1.800480e-01 8.980600e-02 2.076797e+00
-4.839640e-01 -3.680090e-01 2.535545e+00
-1.799690e-01 8.210500e-02 2.008525e+00
-3.525210e-01 -6.154520e-01 2.497832e+00
-1.063950e-01 -6.022510e-01 2.501024e+00
-3.562050e-01 -9.912800e-01 2.622554e+00
-1.237530e-01 -9.799020e-01 2.618899e+00
-4.098190e-01 -1.040705e+00 2.472037e+00
-1.635060e-01 -1.026638e+00 2.463310e+00
-2.345690e-01 4.902580e-01 2.362055e+00
-4.142560e-01 2.231700e-01 2.584996e+00
-7.353500e-02 2.291410e-01 2.468919e+00
-2.747900e-01 2.706630e-01 2.438561e+00
-2.120860e-01 9.738200e-02 2.613705e+00
-4.340200e-01 -1.235310e-01 2.577700e+00
-3.377500e-02 -1.121150e-01 2.432304e+00
-1.926330e-01 -1.186720e-01 2.618527e+00
-4.745370e-01 -3.598700e-02 2.602274e+00
-1.911100e-02 7.853000e-03 2.330482e+00
-4.962380e-01 -3.008910e-01 2.507089e+00
-6.640600e-02 -2.460900e-02 2.054049e+00
-4.879580e-01 -3.648390e-01 2.530807e+00
-6.640300e-02 -7.979100e-02 2.013119e+00
-3.524790e-01 -6.217590e-01 2.492065e+00
-1.064330e-01 -6.172950e-01 2.498409e+00
-3.586240e-01 -9.974200e-01 2.617192e+00
-1.208310e-01 -9.928190e-01 2.623269e+00
-4.125520e-01 -1.046656e+00 2.466726e+00
-1.627730e-01 -1.042452e+00 2.469159e+00
-2.391210e-01 4.953010e-01 2.373101e+00
-4.163020e-01 2.242540e-01 2.567253e+00
-6.736600e-02 2.267350e-01 2.478721e+00
-2.650970e-01 2.705690e-01 2.432563e+00
-2.184440e-01 9.615200e-02 2.611549e+00
-4.385430e-01 -1.215130e-01 2.540914e+00
-1.893600e-02 -1.177110e-01 2.467550e+00
-2.079280e-01 -1.205740e-01 2.623216e+00
-4.738100e-01 -3.528600e-02 2.589733e+00
-6.267000e-03 -1.897000e-03 2.355565e+00
-4.889530e-01 -3.067000e-01 2.512936e+00
-1.697600e-02 -8.292000e-02 2.085170e+00
-5.038120e-01 -3.645150e-01 2.546951e+00
-1.851900e-02 -1.436680e-01 2.053111e+00
-3.567070e-01 -6.223040e-01 2.484946e+00
-1.034530e-01 -6.220720e-01 2.496375e+00
-3.587210e-01 -9.963390e-01 2.614981e+00
-1.321900e-01 -9.922770e-01 2.633990e+00
-3.930990e-01 -1.049922e+00 2.460321e+00
-1.423310e-01 -1.049753e+00 2.477254e+00
-2.472620e-01 4.967330e-01 2.376511e+00
-4.173810e-01 2.282950e-01 2.556267e+00
-6.479500e-02 2.250800e-01 2.483655e+00
-2.595950e-01 2.711180e-01 2.428131e+00
-2.235600e-01 9.798200e-02 2.610775e+00
-4.318260e-01 -1.148960e-01 2.541451e+00
-1.311000e-02 -1.216080e-01 2.463355e+00
-2.003210e-01 -1.182700e-01 2.621150e+00
-4.760280e-01 -3.175100e-02 2.571826e+00
-1.140400e-02 -6.900000e-03 2.362659e+00
-4.932430e-01 -3.076090e-01 2.512271e+00
-8.654000e-03 -8.885600e-02 2.092073e+00
-4.806260e-01 -3.744400e-01 2.522016e+00
-2.681900e-02 -1.455460e-01 2.057770e+00
-3.543920e-01 -6.183060e-01 2.481986e+00
-1.014850e-01 -6.228040e-01 2.502005e+00
-3.583400e-01 -9.881810e-01 2.623381e+00
-1.369770e-01 -9.973880e-01 2.625467e+00
-3.936300e-01 -1.046229e+00 2.470549e+00
-1.513820e-01 -1.048316e+00 2.466811e+00
-2.404690e-01 4.971330e-01 2.366383e+00
-4.164650e-01 2.287330e-01 2.550720e+00
-6.292800e-02 2.264670e-01 2.482850e+00
-2.570240e-01 2.726360e-01 2.425020e+00
-2.232170e-01 9.829600e-02 2.606944e+00
-4.273790e-01 -1.128830e-01 2.540491e+00
-9.123000e-03 -1.212680e-01 2.460126e+00
-1.954300e-01 -1.155310e-01 2.618918e+00
-4.737130e-01 -3.314200e-02 2.565659e+00
-3.804000e-03 -1.342000e-02 2.377789e+00
-4.884740e-01 -3.051910e-01 2.484545e+00
-3.324800e-02 -9.225100e-02 2.106262e+00
-4.989290e-01 -3.590730e-01 2.525871e+00
-2.127600e-02 -1.400300e-01 2.058363e+00
-3.531950e-01 -6.168250e-01 2.486154e+00
-1.007240e-01 -6.221610e-01 2.503192e+00
-3.583800e-01 -9.893360e-01 2.620410e+00
-1.374040e-01 -9.939070e-01 2.634629e+00
-3.953620e-01 -1.044184e+00 2.466798e+00
-1.524640e-01 -1.048109e+00 2.477124e+00
-2.369570e-01 5.053660e-01 2.374122e+00
-4.162060e-01 2.271710e-01 2.541287e+00
-6.170200e-02 2.287530e-01 2.478645e+00
-2.555860e-01 2.705600e-01 2.416917e+00
-2.218790e-01 1.010780e-01 2.603393e+00
-4.272050e-01 -1.113340e-01 2.532760e+00
-7.621000e-03 -1.201800e-01 2.459693e+00
-1.966400e-01 -1.130720e-01 2.615191e+00
-4.719950e-01 -3.575300e-02 2.561497e+00
1.661000e-02 -2.373000e-02 2.426022e+00
-4.998720e-01 -2.967350e-01 2.449431e+00
-9.798000e-03 -1.484590e-01 2.170693e+00
-4.923950e-01 -3.578080e-01 2.480002e+00
-4.477800e-02 -1.644710e-01 2.113768e+00
-3.532050e-01 -6.159780e-01 2.491576e+00
-1.050560e-01 -6.211500e-01 2.505327e+00
-3.546010e-01 -9.899820e-01 2.621712e+00
-1.362710e-01 -9.932660e-01 2.637127e+00
-3.904630e-01 -1.043547e+00 2.467383e+00
-1.517050e-01 -1.047715e+00 2.479743e+00
-2.404420e-01 5.131070e-01 2.379235e+00
-4.146940e-01 2.288620e-01 2.544834e+00
-6.174000e-02 2.282020e-01 2.473963e+00
-2.566450e-01 2.722600e-01 2.417216e+00
-2.200510e-01 1.005190e-01 2.601062e+00
-4.307830e-01 -1.126680e-01 2.522799e+00
-9.943000e-03 -1.195440e-01 2.457120e+00
-2.016730e-01 -1.111480e-01 2.609197e+00
-4.746880e-01 -3.438800e-02 2.548480e+00
2.401100e-02 -2.784100e-02 2.472501e+00
-5.070370e-01 -2.992010e-01 2.445661e+00
-6.850000e-04 -1.804330e-01 2.231982e+00
-4.800110e-01 -3.400930e-01 2.397516e+00
-1.024400e-02 -2.418630e-01 2.202735e+00
-3.523660e-01 -6.174710e-01 2.495402e+00
-1.080160e-01 -6.209900e-01 2.505105e+00
-3.552040e-01 -9.963420e-01 2.610574e+00
-1.248640e-01 -9.943370e-01 2.636038e+00
-3.875970e-01 -1.043843e+00 2.453516e+00
-1.404770e-01 -1.048817e+00 2.478683e+00
-2.431160e-01 5.162040e-01 2.385355e+00
-4.164230e-01 2.241380e-01 2.547604e+00
-6.440800e-02 2.291230e-01 2.472366e+00
-2.605760e-01 2.712960e-01 2.418618e+00
-2.194070e-01 9.769700e-02 2.599732e+00
-4.335290e-01 -1.136180e-01 2.533610e+00
-1.690100e-02 -1.212050e-01 2.445118e+00
-2.000420e-01 -1.111630e-01 2.607342e+00
-4.786090e-01 -3.947300e-02 2.549677e+00
2.839500e-02 -2.443400e-02 2.493774e+00
-5.021790e-01 -2.990620e-01 2.430076e+00
2.523400e-02 -2.591260e-01 2.328981e+00
-4.899530e-01 -3.624940e-01 2.406681e+00
2.162400e-02 -3.268780e-01 2.318166e+00
-3.509540e-01 -6.189980e-01 2.496591e+00
-1.101100e-01 -6.219490e-01 2.504113e+00
-3.578590e-01 -9.948520e-01 2.621097e+00
-1.238550e-01 -9.984950e-01 2.625931e+00
-3.955550e-01 -1.045467e+00 2.466211e+00
-1.488900e-01 -1.048568e+00 2.468329e+00
-2.464480e-01 5.145480e-01 2.385063e+00
