-3.603920e-01 3.209280e-01 2.792285e+00
-1.788125e-01 3.270790e-01 2.775040e+00
2.767000e-03 3.332300e-01 2.757796e+00
-9.415500e-02 3.551140e-01 2.710755e+00
-1.910770e-01 3.769980e-01 2.663713e+00
-1.780820e-01 2.831410e-01 2.767062e+00
-1.650870e-01 1.892840e-01 2.870412e+00
-2.752550e-01 7.858750e-02 2.824580e+00
-3.854230e-01 -3.210900e-02 2.778748e+00
-1.799435e-01 -3.263850e-02 2.753711e+00
2.553600e-02 -3.316800e-02 2.728674e+00
-6.861700e-02 -3.788300e-02 2.811769e+00
-1.627700e-01 -4.259800e-02 2.894864e+00
-2.963870e-01 1.523500e-03 2.850485e+00
-4.300040e-01 4.564500e-02 2.806106e+00
-1.761185e-01 5.239600e-02 2.777743e+00
7.776700e-02 5.914700e-02 2.749380e+00
-1.673505e-01 -9.099650e-02 2.740545e+00
-4.124680e-01 -2.411400e-01 2.731710e+00
-1.821865e-01 -2.382330e-01 2.729442e+00
4.809500e-02 -2.353260e-01 2.727174e+00
-1.691500e-01 -2.697475e-01 2.722085e+00
-3.863950e-01 -3.041690e-01 2.716995e+00
-1.583685e-01 -3.024325e-01 2.727805e+00
6.965800e-02 -3.006960e-01 2.738614e+00
-1.118340e-01 -4.326475e-01 2.769103e+00
-2.933260e-01 -5.645990e-01 2.799592e+00
-1.771865e-01 -5.645120e-01 2.789543e+00
-6.104700e-02 -5.644250e-01 2.779495e+00
-1.774175e-01 -7.734075e-01 2.842485e+00
-2.937880e-01 -9.823900e-01 2.905475e+00
-1.813565e-01 -9.820905e-01 2.896114e+00
-6.892500e-02 -9.817910e-01 2.886752e+00
-1.925185e-01 -1.001742e+00 2.818525e+00
-3.161120e-01 -1.021693e+00 2.750299e+00
-1.993410e-01 -1.021663e+00 2.740505e+00
-8.257000e-02 -1.021634e+00 2.730711e+00
-1.220840e-01 -2.085805e-01 2.722419e+00
-1.615980e-01 6.044730e-01 2.714127e+00
-2.608730e-01 4.669320e-01 2.748528e+00
-3.601480e-01 3.293910e-01 2.782929e+00
-1.780860e-01 3.287440e-01 2.770303e+00
3.976000e-03 3.280970e-01 2.757677e+00
-9.091400e-02 3.511475e-01 2.707178e+00
-1.858040e-01 3.741980e-01 2.656679e+00
-1.786660e-01 2.845030e-01 2.764210e+00
-1.715280e-01 1.948080e-01 2.871742e+00
-2.795845e-01 8.175900e-02 2.827898e+00
-3.876410e-01 -3.129000e-02 2.784054e+00
-1.826530e-01 -3.189050e-02 2.755269e+00
2.233500e-02 -3.249100e-02 2.726484e+00
-7.028650e-02 -3.716150e-02 2.811286e+00
-1.629080e-01 -4.183200e-02 2.896087e+00
-2.961750e-01 6.552500e-03 2.847866e+00
-4.294420e-01 5.493700e-02 2.799645e+00
-1.775870e-01 5.478200e-02 2.791695e+00
7.426800e-02 5.462700e-02 2.783744e+00
-1.707070e-01 -8.943600e-02 2.759080e+00
-4.156820e-01 -2.334990e-01 2.734415e+00
-1.802425e-01 -2.362845e-01 2.743124e+00
5.519700e-02 -2.390700e-01 2.751832e+00
-1.709805e-01 -2.681230e-01 2.732270e+00
-3.971580e-01 -2.971760e-01 2.712708e+00
-1.847850e-01 -2.989825e-01 2.723645e+00
2.758800e-02 -3.007890e-01 2.734583e+00
-1.317985e-01 -4.326605e-01 2.766514e+00
-2.911850e-01 -5.645320e-01 2.798444e+00
-1.752625e-01 -5.637590e-01 2.790353e+00
-5.934000e-02 -5.629860e-01 2.782261e+00
-1.765895e-01 -7.728250e-01 2.842603e+00
-2.938390e-01 -9.826640e-01 2.902945e+00
-1.811525e-01 -9.819465e-01 2.894445e+00
-6.846600e-02 -9.812290e-01 2.885945e+00
-1.933785e-01 -1.001242e+00 2.816928e+00
-3.182910e-01 -1.021255e+00 2.747911e+00
-2.014970e-01 -1.020422e+00 2.738846e+00
-8.470300e-02 -1.019589e+00 2.729780e+00
-1.226775e-01 -2.026295e-01 2.712534e+00
-1.606520e-01 6.143300e-01 2.695289e+00
-2.611750e-01 4.715500e-01 2.736308e+00
-3.616980e-01 3.287700e-01 2.777328e+00
-1.793655e-01 3.270890e-01 2.769688e+00
2.967000e-03 3.254080e-01 2.762048e+00
-9.041500e-02 3.473530e-01 2.708347e+00
-1.837970e-01 3.692980e-01 2.654645e+00
-1.799775e-01 2.826945e-01 2.764847e+00
-1.761580e-01 1.960910e-01 2.875049e+00
-2.816085e-01 8.161750e-02 2.818852e+00
-3.870590e-01 -3.285600e-02 2.762655e+00
-1.802190e-01 -3.212950e-02 2.754550e+00
2.662100e-02 -3.140300e-02 2.746445e+00
-7.399750e-02 -3.696850e-02 2.821524e+00
-1.746160e-01 -4.253400e-02 2.896602e+00
-3.041360e-01 5.899000e-03 2.843078e+00
-4.336560e-01 5.433200e-02 2.789554e+00
-1.806070e-01 5.293750e-02 2.790072e+00
7.244200e-02 5.154300e-02 2.790591e+00
-1.703005e-01 -9.196050e-02 2.760524e+00
-4.130430e-01 -2.354640e-01 2.730456e+00
-1.790810e-01 -2.370690e-01 2.731520e+00
5.488100e-02 -2.386740e-01 2.732583e+00
-1.748830e-01 -2.694245e-01 2.719160e+00
-4.046470e-01 -3.001750e-01 2.705737e+00
-1.871885e-01 -3.019680e-01 2.716561e+00
3.027000e-02 -3.037610e-01 2.727385e+00
-1.308615e-01 -4.338330e-01 2.763757e+00
-2.919930e-01 -5.639050e-01 2.800129e+00
-1.765345e-01 -5.638780e-01 2.791646e+00
-6.107600e-02 -5.638510e-01 2.783164e+00
-1.789085e-01 -7.742710e-01 2.838222e+00
-2.967410e-01 -9.846910e-01 2.893281e+00
-1.837475e-01 -9.837890e-01 2.888414e+00
-7.075400e-02 -9.828870e-01 2.883547e+00
-1.879120e-01 -1.001188e+00 2.809607e+00
-3.050700e-01 -1.019489e+00 2.735667e+00
-1.884315e-01 -1.020003e+00 2.731017e+00
-7.179300e-02 -1.020517e+00 2.726367e+00
-1.153135e-01 -2.047255e-01 2.719644e+00
-1.588340e-01 6.110660e-01 2.712920e+00
-2.597425e-01 4.698660e-01 2.745705e+00
-3.606510e-01 3.286660e-01 2.778490e+00
-1.782485e-01 3.286330e-01 2.772528e+00
4.154000e-03 3.286000e-01 2.766567e+00
-8.889400e-02 3.520170e-01 2.712909e+00
-1.819420e-01 3.754340e-01 2.659250e+00
-1.784735e-01 2.844675e-01 2.765891e+00
-1.750050e-01 1.935010e-01 2.872531e+00
-2.822695e-01 8.077300e-02 2.816921e+00
-3.895340e-01 -3.195500e-02 2.761310e+00
-1.826275e-01 -3.153300e-02 2.755105e+00
2.427900e-02 -3.111100e-02 2.748900e+00
-7.703300e-02 -3.658450e-02 2.823047e+00
-1.783450e-01 -4.205800e-02 2.897194e+00
-3.043740e-01 5.431500e-03 2.839995e+00
-4.304030e-01 5.292100e-02 2.782797e+00
-1.798145e-01 5.272800e-02 2.782894e+00
7.077400e-02 5.253500e-02 2.782992e+00
-1.722945e-01 -9.236300e-02 2.752204e+00
-4.153630e-01 -2.372610e-01 2.721416e+00
-1.835030e-01 -2.373710e-01 2.722256e+00
4.835700e-02 -2.374810e-01 2.723096e+00
-1.742330e-01 -2.709905e-01 2.723301e+00
-3.968230e-01 -3.045000e-01 2.723507e+00
-1.826410e-01 -3.045275e-01 2.718629e+00
3.154100e-02 -3.045550e-01 2.713750e+00
-1.307745e-01 -4.339430e-01 2.756557e+00
-2.930900e-01 -5.633310e-01 2.799364e+00
-1.772610e-01 -5.634040e-01 2.790197e+00
-6.143200e-02 -5.634770e-01 2.781031e+00
-1.771475e-01 -7.737925e-01 2.836856e+00
-2.928630e-01 -9.841080e-01 2.892682e+00
-1.814590e-01 -9.827270e-01 2.889470e+00
-7.005500e-02 -9.813460e-01 2.886259e+00
-1.849960e-01 -1.000209e+00 2.810650e+00
-2.999370e-01 -1.019072e+00 2.735042e+00
-1.844180e-01 -1.019953e+00 2.732289e+00
-6.889900e-02 -1.020835e+00 2.729536e+00
-1.165655e-01 -2.064760e-01 2.720325e+00
-1.642320e-01 6.078830e-01 2.711114e+00
-2.614435e-01 4.693175e-01 2.743899e+00
-3.586550e-01 3.307520e-01 2.776683e+00
-1.763025e-01 3.264855e-01 2.770721e+00
6.050000e-03 3.222190e-01 2.764759e+00
-8.648150e-02 3.463600e-01 2.710531e+00
-1.790130e-01 3.705010e-01 2.656303e+00
-1.775195e-01 2.821835e-01 2.765192e+00
-1.760260e-01 1.938660e-01 2.874082e+00
-2.829040e-01 8.134950e-02 2.818075e+00
-3.897820e-01 -3.116700e-02 2.762069e+00
-1.828910e-01 -3.230450e-02 2.755439e+00
2.400000e-02 -3.344200e-02 2.748810e+00
-7.719650e-02 -3.790950e-02 2.823182e+00
-1.783930e-01 -4.237700e-02 2.897554e+00
-3.042365e-01 6.415500e-03 2.834797e+00
-4.300800e-01 5.520800e-02 2.772040e+00
-1.808530e-01 4.999600e-02 2.775342e+00
6.837400e-02 4.478400e-02 2.778643e+00
-1.735430e-01 -9.560350e-02 2.746496e+00
-4.154600e-01 -2.359910e-01 2.714349e+00
-1.853285e-01 -2.409875e-01 2.718046e+00
4.480300e-02 -2.459840e-01 2.721744e+00
-1.804525e-01 -2.755340e-01 2.718241e+00
-4.057080e-01 -3.050840e-01 2.714739e+00
-1.921660e-01 -3.083715e-01 2.716914e+00
2.137600e-02 -3.116590e-01 2.719089e+00
-1.350685e-01 -4.378065e-01 2.758335e+00
-2.915130e-01 -5.639540e-01 2.797581e+00
-1.765090e-01 -5.643445e-01 2.789972e+00
-6.150500e-02 -5.647350e-01 2.782362e+00
-1.772750e-01 -7.729745e-01 2.843946e+00
-2.930450e-01 -9.812140e-01 2.905529e+00
-1.803095e-01 -9.817840e-01 2.897140e+00
-6.757400e-02 -9.823540e-01 2.888752e+00
-1.842060e-01 -1.001988e+00 2.818992e+00
-3.008380e-01 -1.021621e+00 2.749231e+00
-1.838715e-01 -1.021942e+00 2.740682e+00
-6.690500e-02 -1.022263e+00 2.732133e+00
-1.123840e-01 -2.086420e-01 2.727366e+00
-1.578630e-01 6.049790e-01 2.722599e+00
-2.596360e-01 4.655660e-01 2.752152e+00
-3.614090e-01 3.261530e-01 2.781705e+00
-1.790965e-01 3.256815e-01 2.773448e+00
3.216000e-03 3.252100e-01 2.765192e+00
-9.045400e-02 3.483585e-01 2.712508e+00
-1.841240e-01 3.715070e-01 2.659823e+00
-1.794940e-01 2.814605e-01 2.767197e+00
-1.748640e-01 1.914140e-01 2.874572e+00
-2.816790e-01 7.993500e-02 2.823703e+00
-3.884940e-01 -3.154400e-02 2.772835e+00
-1.825090e-01 -3.340300e-02 2.752451e+00
2.347600e-02 -3.526200e-02 2.732066e+00
-7.255750e-02 -3.918400e-02 2.813023e+00
-1.685910e-01 -4.310600e-02 2.893980e+00
-3.014460e-01 3.854500e-03 2.830469e+00
-4.343010e-01 5.081500e-02 2.766957e+00
-1.788130e-01 5.027950e-02 2.770079e+00
7.667500e-02 4.974400e-02 2.773201e+00
-1.698605e-01 -9.499300e-02 2.738760e+00
-4.163960e-01 -2.397300e-01 2.704320e+00
-1.848230e-01 -2.408520e-01 2.712949e+00
4.675000e-02 -2.419740e-01 2.721578e+00
-1.758915e-01 -2.743860e-01 2.716548e+00
-3.985330e-01 -3.067980e-01 2.711518e+00
-1.808120e-01 -3.080785e-01 2.708939e+00
3.690900e-02 -3.093590e-01 2.706360e+00
-1.265440e-01 -4.371145e-01 2.753386e+00
-2.899970e-01 -5.648700e-01 2.800412e+00
-1.759250e-01 -5.651330e-01 2.791090e+00
-6.185300e-02 -5.653960e-01 2.781768e+00
-1.768200e-01 -7.739680e-01 2.844265e+00
-2.917870e-01 -9.825400e-01 2.906762e+00
-1.794200e-01 -9.828840e-01 2.897065e+00
-6.705300e-02 -9.832280e-01 2.887368e+00
-1.883965e-01 -1.002665e+00 2.819227e+00
-3.097400e-01 -1.022102e+00 2.751085e+00
-1.936110e-01 -1.022364e+00 2.741026e+00
-7.748200e-02 -1.022626e+00 2.730966e+00
-1.201865e-01 -2.081475e-01 2.727254e+00
-1.628910e-01 6.063310e-01 2.723542e+00
-2.623610e-01 4.656360e-01 2.756615e+00
-3.618310e-01 3.249410e-01 2.789688e+00
-1.798310e-01 3.258865e-01 2.776216e+00
2.169000e-03 3.268320e-01 2.762744e+00
-9.313300e-02 3.498510e-01 2.713012e+00
-1.884350e-01 3.728700e-01 2.663280e+00
-1.800985e-01 2.817325e-01 2.769505e+00
-1.717620e-01 1.905950e-01 2.875729e+00
-2.814255e-01 7.940700e-02 2.823573e+00
-3.910890e-01 -3.178100e-02 2.771417e+00
-1.850140e-01 -3.313650e-02 2.751913e+00
2.106100e-02 -3.449200e-02 2.732410e+00
-7.530400e-02 -3.830550e-02 2.812978e+00
-1.716690e-01 -4.211900e-02 2.893546e+00
-3.054320e-01 3.362000e-03 2.833019e+00
-4.391950e-01 4.884300e-02 2.772492e+00
-1.864525e-01 4.801450e-02 2.774646e+00
6.629000e-02 4.718600e-02 2.776800e+00
-1.730595e-01 -9.719550e-02 2.739741e+00
-4.124090e-01 -2.415770e-01 2.702682e+00
-1.844115e-01 -2.427615e-01 2.705605e+00
4.358600e-02 -2.439460e-01 2.708528e+00
-1.774095e-01 -2.769190e-01 2.706830e+00
-3.984050e-01 -3.098920e-01 2.705133e+00
-1.770550e-01 -3.036250e-01 2.684382e+00
4.429500e-02 -2.973580e-01 2.663631e+00
-1.217150e-01 -4.313175e-01 2.730796e+00
-2.877250e-01 -5.652770e-01 2.797961e+00
-1.727460e-01 -5.648090e-01 2.789987e+00
-5.776700e-02 -5.643410e-01 2.782013e+00
-1.759445e-01 -7.735135e-01 2.843584e+00
-2.941220e-01 -9.826860e-01 2.905154e+00
-1.821065e-01 -9.824280e-01 2.896092e+00
-7.009100e-02 -9.821700e-01 2.887031e+00
-1.903645e-01 -1.002304e+00 2.818199e+00
-3.106380e-01 -1.022439e+00 2.749367e+00
-1.944190e-01 -1.021866e+00 2.739895e+00
-7.820000e-02 -1.021293e+00 2.730423e+00
-1.191060e-01 -2.065375e-01 2.723156e+00
-1.600120e-01 6.082180e-01 2.715890e+00
-2.633825e-01 4.676855e-01 2.752941e+00
-3.667530e-01 3.271530e-01 2.789992e+00
-1.845100e-01 3.287535e-01 2.780447e+00
-2.267000e-03 3.303540e-01 2.770903e+00
-9.655050e-02 3.534630e-01 2.719307e+00
-1.908340e-01 3.765720e-01 2.667711e+00
-1.844920e-01 2.846510e-01 2.773397e+00
-1.781500e-01 1.927300e-01 2.879083e+00
-2.810050e-01 8.111900e-02 2.824056e+00
-3.838600e-01 -3.049200e-02 2.769029e+00
-1.772530e-01 -3.170650e-02 2.756332e+00
2.935400e-02 -3.292100e-02 2.743635e+00
-6.961400e-02 -3.692600e-02 2.820973e+00
-1.685820e-01 -4.093100e-02 2.898311e+00
-3.016035e-01 4.448000e-03 2.831208e+00
-4.346250e-01 4.982700e-02 2.764106e+00
-1.743830e-01 5.373550e-02 2.771019e+00
8.585900e-02 5.764400e-02 2.777932e+00
-1.566905e-01 -9.168100e-02 2.740424e+00
-3.992400e-01 -2.410060e-01 2.702916e+00
-1.552130e-01 -1.701525e-01 2.613008e+00
8.881400e-02 -9.929900e-02 2.523099e+00
-1.486550e-01 -2.044140e-01 2.612371e+00
-3.861240e-01 -3.095290e-01 2.701643e+00
-1.357430e-01 -2.163455e-01 2.582235e+00
1.146380e-01 -1.231620e-01 2.462826e+00
-8.807500e-02 -3.434170e-01 2.629093e+00
-2.907880e-01 -5.636720e-01 2.795360e+00
-1.755370e-01 -5.640850e-01 2.788805e+00
-6.028600e-02 -5.644980e-01 2.782249e+00
-1.764505e-01 -7.722870e-01 2.844405e+00
-2.926150e-01 -9.800760e-01 2.906560e+00
-1.809735e-01 -9.810025e-01 2.897861e+00
-6.933200e-02 -9.819290e-01 2.889163e+00
-1.876070e-01 -1.001755e+00 2.820042e+00
-3.058820e-01 -1.021581e+00 2.750920e+00
-1.897365e-01 -1.021756e+00 2.741772e+00
-7.359100e-02 -1.021931e+00 2.732624e+00
-1.247545e-01 -2.185585e-01 2.724743e+00
-1.759180e-01 5.848140e-01 2.716861e+00
-2.748225e-01 4.552020e-01 2.751826e+00
-3.737270e-01 3.255900e-01 2.786791e+00
-1.912580e-01 3.265030e-01 2.783545e+00
-8.789000e-03 3.274160e-01 2.780298e+00
-1.011470e-01 3.509820e-01 2.725524e+00
-1.935050e-01 3.745480e-01 2.670749e+00
-1.911640e-01 2.824140e-01 2.776414e+00
-1.888230e-01 1.902800e-01 2.882078e+00
-2.860675e-01 7.806400e-02 2.818570e+00
-3.833120e-01 -3.415200e-02 2.755062e+00
-1.763265e-01 -3.185750e-02 2.755895e+00
3.065900e-02 -2.956300e-02 2.756728e+00
-7.307200e-02 -3.503550e-02 2.827451e+00
-1.768030e-01 -4.050800e-02 2.898174e+00
-3.047950e-01 3.906500e-03 2.830814e+00
-4.327870e-01 4.832100e-02 2.763455e+00
-1.636535e-01 6.070050e-02 2.743742e+00
1.054800e-01 7.308000e-02 2.724030e+00
-1.491330e-01 -8.430050e-02 2.715261e+00
-4.037460e-01 -2.416810e-01 2.706491e+00
-1.375520e-01 -6.367500e-02 2.568673e+00
1.286420e-01 1.143310e-01 2.430855e+00
-1.313120e-01 -9.730250e-02 2.575568e+00
-3.912660e-01 -3.089360e-01 2.720281e+00
-1.331845e-01 -7.098900e-02 2.552735e+00
1.248970e-01 1.669580e-01 2.385189e+00
-8.183600e-02 -1.987135e-01 2.591494e+00
-2.885690e-01 -5.643850e-01 2.797799e+00
-1.743645e-01 -5.641110e-01 2.790686e+00
-6.016000e-02 -5.638370e-01 2.783572e+00
-1.762695e-01 -7.741905e-01 2.838678e+00
-2.923790e-01 -9.845440e-01 2.893784e+00
-1.817520e-01 -9.833230e-01 2.890388e+00
-7.112500e-02 -9.821020e-01 2.886991e+00
-1.826280e-01 -1.001312e+00 2.811608e+00
-2.941310e-01 -1.020522e+00 2.736224e+00
-1.797175e-01 -1.020768e+00 2.733226e+00
-6.530400e-02 -1.021015e+00 2.730228e+00
-1.259050e-01 -2.082365e-01 2.725592e+00
-1.865060e-01 6.045420e-01 2.720956e+00
-2.781540e-01 4.639615e-01 2.746539e+00
-3.698020e-01 3.233810e-01 2.772123e+00
-1.877910e-01 3.305655e-01 2.783376e+00
-5.780000e-03 3.377500e-01 2.794629e+00
-9.422000e-02 3.577230e-01 2.732460e+00
-1.826600e-01 3.776960e-01 2.670290e+00
-1.856380e-01 2.864560e-01 2.776711e+00
-1.886160e-01 1.952160e-01 2.883132e+00
-2.863150e-01 7.963900e-02 2.814442e+00
-3.840140e-01 -3.593800e-02 2.745751e+00
-1.775115e-01 -3.037850e-02 2.758977e+00
2.899100e-02 -2.481900e-02 2.772204e+00
-7.869600e-02 -3.178150e-02 2.836601e+00
-1.863830e-01 -3.874400e-02 2.900998e+00
-3.116415e-01 4.704000e-03 2.833180e+00
-4.369000e-01 4.815200e-02 2.765362e+00
-1.469640e-01 1.018795e-01 2.700945e+00
1.429720e-01 1.556070e-01 2.636527e+00
-1.298315e-01 -4.226400e-02 2.672486e+00
-4.026350e-01 -2.401350e-01 2.708444e+00
-1.385850e-01 5.922000e-02 2.565224e+00
1.254650e-01 3.585750e-01 2.422003e+00
-1.307935e-01 2.521150e-02 2.565155e+00
-3.870520e-01 -3.081520e-01 2.708308e+00
-1.313345e-01 5.627550e-02 2.549281e+00
1.243830e-01 4.207030e-01 2.390254e+00
-8.262700e-02 -7.168850e-02 2.593110e+00
-2.896370e-01 -5.640800e-01 2.795965e+00
-1.756800e-01 -5.629285e-01 2.789531e+00
-6.172300e-02 -5.617770e-01 2.783098e+00
-1.773910e-01 -7.713080e-01 2.844443e+00
-2.930590e-01 -9.808390e-01 2.905789e+00
-1.823620e-01 -9.805555e-01 2.895736e+00
-7.166500e-02 -9.802720e-01 2.885684e+00
-1.789005e-01 -1.001155e+00 2.817671e+00
-2.861360e-01 -1.022039e+00 2.749657e+00
-1.713640e-01 -1.020480e+00 2.739566e+00
-5.659200e-02 -1.018922e+00 2.729474e+00
-1.250775e-01 -2.040260e-01 2.727821e+00
-1.935630e-01 6.108700e-01 2.726168e+00
-2.805465e-01 4.649210e-01 2.758314e+00
-3.675300e-01 3.189720e-01 2.790460e+00
-1.854440e-01 3.273015e-01 2.781432e+00
-3.358000e-03 3.356310e-01 2.772404e+00
-9.829600e-02 3.557305e-01 2.720747e+00
-1.932340e-01 3.758300e-01 2.669091e+00
-1.837995e-01 2.832915e-01 2.774004e+00
-1.743650e-01 1.907530e-01 2.878917e+00
-2.765095e-01 8.171450e-02 2.821816e+00
-3.786540e-01 -2.732400e-02 2.764716e+00
-1.720085e-01 -3.125650e-02 2.753258e+00
3.463700e-02 -3.518900e-02 2.741800e+00
-6.479100e-02 -3.576500e-02 2.818649e+00
-1.642190e-01 -3.634100e-02 2.895497e+00
-2.957750e-01 4.049000e-03 2.833387e+00
-4.273310e-01 4.443900e-02 2.771278e+00
-1.360585e-01 1.566970e-01 2.660349e+00
1.552140e-01 2.689550e-01 2.549421e+00
-1.227855e-01 1.445150e-02 2.625680e+00
-4.007850e-01 -2.400520e-01 2.701940e+00
-1.544310e-01 1.542355e-01 2.592954e+00
9.192300e-02 5.485230e-01 2.483968e+00
-1.496405e-01 1.201855e-01 2.598865e+00
-3.912040e-01 -3.081520e-01 2.713762e+00
-1.576240e-01 1.537525e-01 2.604039e+00
7.595600e-02 6.156570e-01 2.494316e+00
-1.069335e-01 2.707000e-02 2.647135e+00
-2.898230e-01 -5.615170e-01 2.799954e+00
-1.756535e-01 -5.633270e-01 2.794135e+00
-6.148400e-02 -5.651370e-01 2.788316e+00
-1.777305e-01 -7.722885e-01 2.846775e+00
-2.939770e-01 -9.794400e-01 2.905234e+00
-1.817385e-01 -9.823175e-01 2.894859e+00
-6.950000e-02 -9.851950e-01 2.884483e+00
-1.879205e-01 -1.001943e+00 2.816709e+00
-3.063410e-01 -1.018691e+00 2.748935e+00
-1.906385e-01 -1.019918e+00 2.737968e+00
-7.493600e-02 -1.021145e+00 2.727001e+00
-1.313580e-01 -2.011245e-01 2.720021e+00
-1.877800e-01 6.188960e-01 2.713041e+00
-2.768065e-01 4.679540e-01 2.759025e+00
-3.658330e-01 3.170120e-01 2.805009e+00
-1.847990e-01 3.276265e-01 2.784507e+00
-3.765000e-03 3.382410e-01 2.764005e+00
-1.020380e-01 3.611625e-01 2.720386e+00
-2.003110e-01 3.840840e-01 2.676767e+00
-1.834700e-01 2.842865e-01 2.773803e+00
-1.666290e-01 1.844890e-01 2.870839e+00
-2.724910e-01 7.979050e-02 2.823069e+00
-3.783530e-01 -2.490800e-02 2.775299e+00
-1.729090e-01 -3.142150e-02 2.750819e+00
3.253500e-02 -3.793500e-02 2.726338e+00
-6.182300e-02 -3.676650e-02 2.809326e+00
-1.561810e-01 -3.559800e-02 2.892314e+00
-2.930085e-01 4.986500e-03 2.841703e+00
-4.298360e-01 4.557100e-02 2.791093e+00
-1.480725e-01 1.692340e-01 2.658155e+00
1.336910e-01 2.928970e-01 2.525217e+00
-1.324185e-01 3.131500e-02 2.613664e+00
-3.985280e-01 -2.302670e-01 2.702111e+00
-1.738860e-01 1.702250e-01 2.598480e+00
5.075600e-02 5.707170e-01 2.494849e+00
-1.697725e-01 1.360535e-01 2.592767e+00
-3.903010e-01 -2.986100e-01 2.690686e+00
-1.760170e-01 1.681080e-01 2.605048e+00
3.826700e-02 6.348260e-01 2.519411e+00
-1.251680e-01 3.679000e-02 2.659600e+00
-2.886030e-01 -5.612460e-01 2.799790e+00
-1.734185e-01 -5.633110e-01 2.792985e+00
-5.823400e-02 -5.653760e-01 2.786180e+00
-1.742305e-01 -7.726290e-01 2.844226e+00
-2.902270e-01 -9.798820e-01 2.902273e+00
-1.802780e-01 -9.824920e-01 2.892818e+00
-7.032900e-02 -9.851020e-01 2.883363e+00
-1.913515e-01 -1.001486e+00 2.815054e+00
-3.123740e-01 -1.017870e+00 2.746745e+00
-1.987550e-01 -1.019436e+00 2.736608e+00
-8.513600e-02 -1.021002e+00 2.726472e+00
-1.487390e-01 -2.055765e-01 2.718463e+00
-2.123420e-01 6.098490e-01 2.710453e+00
-2.827555e-01 4.651420e-01 2.756391e+00
-3.531690e-01 3.204350e-01 2.802329e+00
1.052500e-02 3.373780e-01 2.776554e+00
-1.816720e-01 3.910000e-01 2.684212e+00
-1.588080e-01 1.812920e-01 2.868972e+00
-3.733630e-01 -1.960600e-02 2.765488e+00
3.889500e-02 -3.727500e-02 2.731917e+00
-1.558440e-01 -3.255100e-02 2.890730e+00
-4.213170e-01 4.920800e-02 2.797627e+00
1.034950e-01 2.775280e-01 2.519641e+00
-4.031000e-01 -2.284670e-01 2.709126e+00
-4.859000e-03 5.439910e-01 2.469398e+00
-3.931660e-01 -2.959970e-01 2.694632e+00
-2.316700e-02 6.113100e-01 2.470872e+00
-2.861180e-01 -5.566970e-01 2.799212e+00
-5.611100e-02 -5.641020e-01 2.781353e+00
-2.917470e-01 -9.754600e-01 2.901032e+00
-6.622700e-02 -9.823370e-01 2.884977e+00
-3.081110e-01 -1.013242e+00 2.744740e+00
-7.491500e-02 -1.020953e+00 2.728274e+00
-1.888700e-01 6.139500e-01 2.699485e+00
-3.412540e-01 3.351130e-01 2.803940e+00
2.339100e-02 3.220830e-01 2.794482e+00
-1.593610e-01 3.925330e-01 2.694577e+00
-1.622400e-01 1.795570e-01 2.876976e+00
-3.696780e-01 -1.576900e-02 2.764879e+00
4.268700e-02 -3.759200e-02 2.735308e+00
-1.537530e-01 -3.496300e-02 2.892061e+00
-4.111190e-01 6.345400e-02 2.804990e+00
9.413100e-02 2.563060e-01 2.531138e+00
-4.064820e-01 -2.210890e-01 2.735905e+00
-1.162200e-01 3.830750e-01 2.371637e+00
-3.943740e-01 -2.888130e-01 2.724246e+00
-1.779440e-01 3.557110e-01 2.354016e+00
-2.824280e-01 -5.545580e-01 2.791579e+00
-5.054000e-02 -5.632690e-01 2.774889e+00
-2.904550e-01 -9.712230e-01 2.901520e+00
-7.103800e-02 -9.791690e-01 2.886102e+00
-3.055190e-01 -1.012008e+00 2.745853e+00
-7.571500e-02 -1.020689e+00 2.729971e+00
-2.298400e-01 6.064650e-01 2.705863e+00
-3.530110e-01 3.174310e-01 2.801409e+00
1.186800e-02 3.185770e-01 2.792064e+00
-1.734550e-01 3.816490e-01 2.691966e+00
-1.681040e-01 1.691140e-01 2.874822e+00
-3.666010e-01 -2.713800e-02 2.763297e+00
4.600200e-02 -4.410800e-02 2.733862e+00
-1.505160e-01 -4.397500e-02 2.890540e+00
-4.071260e-01 4.268500e-02 2.815862e+00
9.325500e-02 2.703670e-01 2.528106e+00
-4.012420e-01 -2.380690e-01 2.733167e+00
-1.651120e-01 3.312300e-01 2.404665e+00
-3.908170e-01 -3.067640e-01 2.726738e+00
-2.283360e-01 3.068720e-01 2.387977e+00
-2.842490e-01 -5.634710e-01 2.795510e+00
-5.155400e-02 -5.713410e-01 2.777626e+00
-2.907570e-01 -9.812370e-01 2.901296e+00
-7.397900e-02 -9.875790e-01 2.887190e+00
-3.062060e-01 -1.020503e+00 2.745276e+00
-7.967700e-02 -1.028409e+00 2.730911e+00
-2.306130e-01 6.005600e-01 2.715730e+00
-3.457010e-01 3.241680e-01 2.804614e+00
1.839700e-02 3.089080e-01 2.784003e+00
-1.664020e-01 3.867060e-01 2.693785e+00
-1.661960e-01 1.630830e-01 2.862986e+00
-3.654630e-01 -2.800800e-02 2.768990e+00
4.558700e-02 -4.555200e-02 2.722887e+00
-1.442580e-01 -4.150000e-02 2.887537e+00
-4.084710e-01 5.065300e-02 2.810477e+00
8.149000e-02 2.989340e-01 2.510681e+00
-4.008270e-01 -2.341860e-01 2.742056e+00
-1.778580e-01 4.031060e-01 2.422590e+00
-3.940770e-01 -3.026270e-01 2.730251e+00
-2.448580e-01 3.848220e-01 2.415824e+00
-2.868810e-01 -5.647480e-01 2.794856e+00
-5.123500e-02 -5.724110e-01 2.777346e+00
-2.890870e-01 -9.820690e-01 2.902556e+00
-7.365900e-02 -9.881450e-01 2.888807e+00
-3.117490e-01 -1.021946e+00 2.747575e+00
-8.572200e-02 -1.029275e+00 2.732969e+00
-2.142060e-01 6.062540e-01 2.698873e+00
-3.095920e-01 3.605840e-01 2.800210e+00
4.710700e-02 3.023440e-01 2.764811e+00
-1.303190e-01 3.950730e-01 2.677677e+00
-1.466270e-01 1.836600e-01 2.861184e+00
-3.737840e-01 -1.395100e-02 2.762418e+00
3.789600e-02 -4.010700e-02 2.727324e+00
-1.560650e-01 -3.058500e-02 2.886873e+00
-4.093670e-01 9.396300e-02 2.805191e+00
5.213400e-02 3.530690e-01 2.484689e+00
-4.151640e-01 -1.978880e-01 2.749074e+00
-1.849430e-01 5.280860e-01 2.445654e+00
-4.001930e-01 -2.600900e-01 2.721219e+00
-2.298290e-01 5.701820e-01 2.478550e+00
-2.859400e-01 -5.540080e-01 2.793168e+00
-5.748800e-02 -5.641960e-01 2.777418e+00
-2.920280e-01 -9.715030e-01 2.900040e+00
-7.056300e-02 -9.806930e-01 2.887512e+00
-3.091210e-01 -1.011126e+00 2.744282e+00
-7.913600e-02 -1.021687e+00 2.731407e+00
-2.107590e-01 6.068590e-01 2.701128e+00
-3.024460e-01 3.640740e-01 2.797622e+00
5.379500e-02 3.028750e-01 2.765543e+00
-1.226660e-01 3.930300e-01 2.674402e+00
-1.405170e-01 1.888160e-01 2.865752e+00
-3.733110e-01 -7.441000e-03 2.761867e+00
3.770300e-02 -4.405200e-02 2.728354e+00
-1.566970e-01 -3.105600e-02 2.887120e+00
-4.129110e-01 9.691500e-02 2.800557e+00
5.163100e-02 3.555100e-01 2.481272e+00
-4.156860e-01 -1.992530e-01 2.742402e+00
-1.628520e-01 5.660400e-01 2.453362e+00
-4.111850e-01 -2.633100e-01 2.715100e+00
-2.012940e-01 6.191640e-01 2.477218e+00
-2.867240e-01 -5.509240e-01 2.787625e+00
-5.971600e-02 -5.649490e-01 2.774544e+00
-2.916600e-01 -9.678620e-01 2.896711e+00
-6.837800e-02 -9.805300e-01 2.888466e+00
-3.080400e-01 -1.008380e+00 2.741107e+00
-7.658300e-02 -1.023045e+00 2.732749e+00
-2.065380e-01 6.103880e-01 2.696743e+00
-3.004230e-01 3.674470e-01 2.798536e+00
5.551600e-02 2.953400e-01 2.769406e+00
-1.192660e-01 3.891320e-01 2.675840e+00
-1.438900e-01 1.888950e-01 2.870609e+00
-3.747740e-01 -7.252000e-03 2.757088e+00
3.643400e-02 -4.498800e-02 2.727416e+00
-1.595060e-01 -3.252700e-02 2.884322e+00
-4.109310e-01 9.733200e-02 2.800550e+00
6.585500e-02 3.203950e-01 2.478814e+00
-4.184520e-01 -2.005950e-01 2.737110e+00
-1.269970e-01 5.507150e-01 2.427802e+00
-4.075140e-01 -2.643030e-01 2.710829e+00
-1.655680e-01 6.088490e-01 2.426425e+00
-2.839620e-01 -5.508720e-01 2.787483e+00
-5.717600e-02 -5.649210e-01 2.773826e+00
-2.941040e-01 -9.671020e-01 2.898888e+00
-7.111700e-02 -9.811680e-01 2.884755e+00
-3.076030e-01 -1.008438e+00 2.743222e+00
-7.720800e-02 -1.022568e+00 2.728641e+00
-2.025110e-01 6.100430e-01 2.699512e+00
-3.196920e-01 3.484970e-01 2.786305e+00
4.232800e-02 3.037270e-01 2.799042e+00
-1.278330e-01 3.830990e-01 2.684642e+00
-1.593910e-01 1.831230e-01 2.878679e+00
-3.739260e-01 -1.565200e-02 2.744729e+00
3.919600e-02 -4.243800e-02 2.741736e+00
-1.668570e-01 -3.710900e-02 2.885546e+00
-4.167770e-01 7.131900e-02 2.799225e+00
1.019900e-01 2.068600e-01 2.527975e+00
-4.129590e-01 -2.254170e-01 2.720941e+00
-3.304600e-02 3.856160e-01 2.318198e+00
-3.956850e-01 -2.925380e-01 2.712848e+00
-6.328600e-02 4.254510e-01 2.269538e+00
-2.866030e-01 -5.550210e-01 2.787788e+00
-6.160800e-02 -5.671360e-01 2.772177e+00
-2.912030e-01 -9.701470e-01 2.903590e+00
-7.196000e-02 -9.820840e-01 2.888248e+00
-2.967740e-01 -1.013492e+00 2.747986e+00
-6.859800e-02 -1.025692e+00 2.732653e+00
-2.085370e-01 6.054940e-01 2.736243e+00
-3.408500e-01 3.263790e-01 2.780263e+00
2.319300e-02 3.202570e-01 2.805963e+00
-1.502180e-01 3.797430e-01 2.684586e+00
-1.674220e-01 1.800550e-01 2.880712e+00
-3.702060e-01 -2.550300e-02 2.720901e+00
4.031900e-02 -4.135200e-02 2.772031e+00
-1.829150e-01 -4.403600e-02 2.887472e+00
-4.218930e-01 4.532100e-02 2.798282e+00
6.863800e-02 1.929070e-01 2.545957e+00
-4.075110e-01 -2.487160e-01 2.714921e+00
8.541500e-02 1.462130e-01 2.244044e+00
-3.868650e-01 -3.152220e-01 2.710489e+00
8.956400e-02 1.346540e-01 2.175355e+00
-2.895840e-01 -5.583310e-01 2.796218e+00
-6.630800e-02 -5.709120e-01 2.768770e+00
-2.923630e-01 -9.757660e-01 2.903463e+00
-6.954900e-02 -9.846870e-01 2.889358e+00
-2.769320e-01 -1.015896e+00 2.747662e+00
-4.779100e-02 -1.029654e+00 2.735646e+00
-2.023630e-01 5.881660e-01 2.745863e+00
-3.572780e-01 3.205410e-01 2.794732e+00
7.208000e-03 3.319590e-01 2.779083e+00
-1.814470e-01 3.804540e-01 2.677104e+00
-1.667160e-01 1.848360e-01 2.877486e+00
-3.775370e-01 -3.330900e-02 2.754153e+00
3.640000e-02 -3.335200e-02 2.746974e+00
-1.681050e-01 -4.395100e-02 2.892688e+00
-4.239230e-01 3.811100e-02 2.793960e+00
1.050830e-01 1.190820e-01 2.607872e+00
-4.014460e-01 -2.528200e-01 2.712479e+00
1.225680e-01 7.825800e-02 2.308184e+00
-3.963570e-01 -3.217950e-01 2.703221e+00
1.425950e-01 5.130100e-02 2.247018e+00
-2.888060e-01 -5.640480e-01 2.796579e+00
-6.292300e-02 -5.667470e-01 2.773550e+00
-2.939570e-01 -9.810030e-01 2.905587e+00
-6.894600e-02 -9.818150e-01 2.889495e+00
-3.001560e-01 -1.021783e+00 2.749314e+00
-6.735200e-02 -1.025318e+00 2.733843e+00
-1.901250e-01 6.144360e-01 2.754333e+00
-3.645780e-01 3.233580e-01 2.802014e+00
-1.982000e-03 3.279450e-01 2.760443e+00
-1.965460e-01 3.784060e-01 2.671333e+00
-1.709660e-01 1.854030e-01 2.873155e+00
-3.832610e-01 -3.506600e-02 2.771004e+00
2.911900e-02 -3.187000e-02 2.734560e+00
-1.644770e-01 -4.307900e-02 2.894442e+00
-4.302890e-01 4.506600e-02 2.785956e+00
1.219670e-01 8.765100e-02 2.666009e+00
-4.062700e-01 -2.450930e-01 2.717891e+00
1.231670e-01 5.217300e-02 2.369123e+00
-3.961630e-01 -3.137760e-01 2.710853e+00
1.496470e-01 8.895000e-03 2.321218e+00
-2.919710e-01 -5.658860e-01 2.798236e+00
-5.922000e-02 -5.648860e-01 2.778857e+00
-2.918820e-01 -9.830630e-01 2.906515e+00
-7.080800e-02 -9.821930e-01 2.886011e+00
-3.093170e-01 -1.023434e+00 2.750988e+00
-7.898900e-02 -1.022125e+00 2.729610e+00
-1.766410e-01 6.108320e-01 2.745508e+00
-3.648110e-01 3.280180e-01 2.788874e+00
-9.470000e-04 3.330330e-01 2.760533e+00
-1.923010e-01 3.784160e-01 2.662214e+00
-1.733480e-01 1.944450e-01 2.873003e+00
-3.859720e-01 -3.335900e-02 2.785775e+00
2.335800e-02 -2.778400e-02 2.724018e+00
-1.599610e-01 -4.083100e-02 2.895458e+00
-4.400370e-01 5.247900e-02 2.789885e+00
1.096870e-01 8.032800e-02 2.686492e+00
-4.106300e-01 -2.358830e-01 2.719861e+00
1.313330e-01 -9.540000e-04 2.400405e+00
-4.033310e-01 -3.051730e-01 2.723706e+00
1.293780e-01 -3.854200e-02 2.341648e+00
-2.912140e-01 -5.643570e-01 2.798361e+00
-5.851100e-02 -5.603320e-01 2.781962e+00
-2.933670e-01 -9.819690e-01 2.904927e+00
-6.756100e-02 -9.783900e-01 2.886396e+00
-3.196550e-01 -1.021273e+00 2.750373e+00
-8.542500e-02 -1.016958e+00 2.730460e+00
-1.743480e-01 6.109440e-01 2.758532e+00
-3.580110e-01 3.272630e-01 2.783433e+00
6.205000e-03 3.221950e-01 2.760077e+00
-1.824420e-01 3.731370e-01 2.659283e+00
-1.715160e-01 1.881970e-01 2.869793e+00
-3.829990e-01 -3.361100e-02 2.772364e+00
2.907100e-02 -3.248400e-02 2.732446e+00
-1.632200e-01 -4.126500e-02 2.894045e+00
-4.250040e-01 4.997400e-02 2.780984e+00
9.558600e-02 5.367500e-02 2.724144e+00
-4.123810e-01 -2.417790e-01 2.722456e+00
1.129230e-01 -1.285140e-01 2.489173e+00
-4.048230e-01 -3.097670e-01 2.708688e+00
1.016350e-01 -1.851260e-01 2.449971e+00
-2.924950e-01 -5.652030e-01 2.798554e+00
-5.932600e-02 -5.646290e-01 2.781795e+00
-2.915520e-01 -9.824130e-01 2.906702e+00
-6.987600e-02 -9.831760e-01 2.884107e+00
-3.104950e-01 -1.022729e+00 2.751337e+00
-8.008700e-02 -1.021235e+00 2.727359e+00
-1.692200e-01 5.931770e-01 2.757345e+00
-3.568340e-01 3.250450e-01 2.781060e+00
7.247000e-03 3.183420e-01 2.756063e+00
-1.817970e-01 3.663620e-01 2.654580e+00
-1.702090e-01 1.884770e-01 2.871050e+00
-3.781020e-01 -3.155500e-02 2.778407e+00
3.195800e-02 -3.822000e-02 2.721816e+00
-1.537250e-01 -4.208600e-02 2.891151e+00
-4.245920e-01 4.634400e-02 2.783200e+00
8.286200e-02 4.253100e-02 2.734151e+00
-4.086340e-01 -2.454100e-01 2.717658e+00
7.648000e-02 -2.293630e-01 2.608836e+00
-4.029980e-01 -3.145230e-01 2.709868e+00
5.684600e-02 -2.881350e-01 2.576751e+00
-2.908540e-01 -5.658700e-01 2.796359e+00
-5.698000e-02 -5.675730e-01 2.781012e+00
-2.921300e-01 -9.829240e-01 2.905107e+00
-6.955000e-02 -9.851650e-01 2.886937e+00
-3.176160e-01 -1.023121e+00 2.750648e+00
-8.613300e-02 -1.024225e+00 2.730982e+00
-1.548050e-01 5.920020e-01 2.768127e+00
-3.556970e-01 3.233680e-01 2.785028e+00
8.049000e-03 3.208700e-01 2.754899e+00
-1.828320e-01 3.696060e-01 2.657269e+00
-1.665590e-01 1.863850e-01 2.868934e+00
-3.795700e-01 -3.428400e-02 2.776473e+00
3.071300e-02 -3.944000e-02 2.721361e+00
-1.555670e-01 -4.419400e-02 2.890016e+00
-4.282940e-01 4.493400e-02 2.788061e+00
7.793200e-02 4.265100e-02 2.732192e+00
-4.004780e-01 -2.429520e-01 2.706805e+00
5.297500e-02 -2.562450e-01 2.715074e+00
-3.960740e-01 -3.125280e-01 2.703826e+00
3.348500e-02 -3.229540e-01 2.708810e+00
-2.901170e-01 -5.675960e-01 2.801605e+00
-5.748100e-02 -5.693190e-01 2.778942e+00
-2.928010e-01 -9.869710e-01 2.900995e+00
-6.896600e-02 -9.866790e-01 2.885899e+00
-3.169170e-01 -1.023680e+00 2.745453e+00
-8.478600e-02 -1.026201e+00 2.729981e+00
-1.621020e-01 5.930090e-01 2.742658e+00
-3.505810e-01 3.278860e-01 2.790236e+00
1.276600e-02 3.243760e-01 2.755712e+00
-1.790340e-01 3.758500e-01 2.661343e+00
-1.610960e-01 1.884590e-01 2.869187e+00
-3.838920e-01 -2.716600e-02 2.780912e+00
2.627500e-02 -3.934400e-02 2.726044e+00
-1.602320e-01 -4.285600e-02 2.894479e+00
-4.323860e-01 5.355700e-02 2.787917e+00
8.272800e-02 4.740200e-02 2.774271e+00
-4.087400e-01 -2.356580e-01 2.716345e+00
4.897900e-02 -2.490220e-01 2.756366e+00
-4.050840e-01 -2.972080e-01 2.749014e+00
3.696400e-02 -3.176990e-01 2.759212e+00
-2.899780e-01 -5.635970e-01 2.797597e+00
-6.256800e-02 -5.665390e-01 2.785242e+00
-2.933850e-01 -9.801330e-01 2.908264e+00
-7.007100e-02 -9.863770e-01 2.882409e+00
-3.171830e-01 -1.021001e+00 2.753712e+00
-8.738500e-02 -1.022316e+00 2.725785e+00
-1.554570e-01 6.042980e-01 2.725450e+00
