-3.982090e-01 2.868270e-01 2.663013e+00
-5.538700e-02 3.088840e-01 2.631211e+00
-2.442200e-01 3.598570e-01 2.502302e+00
-2.114720e-01 1.624950e-01 2.718442e+00
-3.600860e-01 -5.866700e-02 2.572441e+00
-1.801100e-02 -3.652200e-02 2.560472e+00
-1.849920e-01 -4.817900e-02 2.681319e+00
-4.406990e-01 1.612600e-02 2.648378e+00
4.587600e-02 5.544700e-02 2.602675e+00
-3.945540e-01 -2.663420e-01 2.603263e+00
1.011240e-01 -1.771310e-01 2.438944e+00
-3.689790e-01 -3.241790e-01 2.586262e+00
8.518400e-02 -2.378270e-01 2.420230e+00
-2.882200e-01 -5.475920e-01 2.687478e+00
-8.530800e-02 -5.416980e-01 2.674592e+00
-2.873100e-01 -9.491580e-01 2.753760e+00
-7.385000e-02 -9.433780e-01 2.739175e+00
-2.906300e-01 -9.748710e-01 2.598028e+00
-7.703700e-02 -9.685230e-01 2.583348e+00
-2.217430e-01 5.562040e-01 2.534413e+00
-3.892390e-01 2.805180e-01 2.664242e+00
-4.662700e-02 3.079810e-01 2.634444e+00
-2.355320e-01 3.571090e-01 2.504925e+00
-2.009380e-01 1.585820e-01 2.719707e+00
-3.619390e-01 -6.439100e-02 2.570583e+00
-2.015800e-02 -3.645900e-02 2.563185e+00
-1.884050e-01 -5.234400e-02 2.681773e+00
-4.401810e-01 1.017800e-02 2.649215e+00
3.818400e-02 4.622600e-02 2.620431e+00
-3.936470e-01 -2.728090e-01 2.600419e+00
1.032910e-01 -2.118450e-01 2.503008e+00
-3.821720e-01 -3.359510e-01 2.613441e+00
8.474400e-02 -2.666470e-01 2.472332e+00
-2.889930e-01 -5.506560e-01 2.688946e+00
-8.504800e-02 -5.434600e-01 2.674181e+00
-2.864890e-01 -9.522650e-01 2.754923e+00
-7.312700e-02 -9.452600e-01 2.737927e+00
-2.870200e-01 -9.778610e-01 2.599138e+00
-7.374900e-02 -9.700150e-01 2.582006e+00
-2.179550e-01 5.532570e-01 2.537675e+00
-3.887490e-01 2.755690e-01 2.656621e+00
-4.571800e-02 3.018180e-01 2.630818e+00
-2.326290e-01 3.450710e-01 2.496403e+00
-2.013430e-01 1.562910e-01 2.720287e+00
-3.636170e-01 -6.628400e-02 2.569890e+00
-2.145900e-02 -4.282500e-02 2.564724e+00
-1.906890e-01 -5.622600e-02 2.682215e+00
-4.400920e-01 4.858000e-03 2.646780e+00
3.399800e-02 3.792300e-02 2.635542e+00
-3.955490e-01 -2.788990e-01 2.599332e+00
1.084840e-01 -2.315210e-01 2.554268e+00
-3.805820e-01 -3.408380e-01 2.614425e+00
9.612000e-02 -2.889100e-01 2.525253e+00
-2.886360e-01 -5.535380e-01 2.691835e+00
-8.405800e-02 -5.482160e-01 2.675552e+00
-2.851360e-01 -9.549620e-01 2.758890e+00
-7.344300e-02 -9.503540e-01 2.737370e+00
-2.850970e-01 -9.809730e-01 2.603173e+00
-7.336100e-02 -9.743390e-01 2.581327e+00
-2.183240e-01 5.539090e-01 2.542032e+00
-3.914340e-01 2.845770e-01 2.654991e+00
-4.733800e-02 2.973030e-01 2.633520e+00
-2.306170e-01 3.424530e-01 2.494797e+00
-2.094920e-01 1.609150e-01 2.725748e+00
-3.648260e-01 -6.611400e-02 2.572491e+00
-2.286200e-02 -4.005500e-02 2.566952e+00
-1.918550e-01 -5.476300e-02 2.684628e+00
-4.372820e-01 1.232900e-02 2.646856e+00
3.720700e-02 3.447500e-02 2.641320e+00
-3.927680e-01 -2.723560e-01 2.601822e+00
1.199330e-01 -2.359440e-01 2.570009e+00
-3.933830e-01 -3.304090e-01 2.632115e+00
1.013810e-01 -2.950240e-01 2.548711e+00
-2.902980e-01 -5.537640e-01 2.689584e+00
-8.409400e-02 -5.466950e-01 2.675583e+00
-2.846520e-01 -9.558090e-01 2.752645e+00
-7.568700e-02 -9.485170e-01 2.739750e+00
-2.848310e-01 -9.802760e-01 2.596678e+00
-7.536300e-02 -9.734060e-01 2.583849e+00
-2.208270e-01 5.507380e-01 2.530656e+00
-3.953660e-01 2.837100e-01 2.654785e+00
-5.135100e-02 3.006430e-01 2.634979e+00
-2.345810e-01 3.465480e-01 2.496439e+00
-2.123420e-01 1.606600e-01 2.723798e+00
-3.595940e-01 -6.464300e-02 2.580061e+00
-1.793700e-02 -4.225000e-02 2.559609e+00
-1.817960e-01 -5.501000e-02 2.684549e+00
-4.384670e-01 1.066700e-02 2.648153e+00
4.101400e-02 4.010400e-02 2.641464e+00
-3.923850e-01 -2.741850e-01 2.603699e+00
1.287700e-01 -2.259110e-01 2.559149e+00
-3.943470e-01 -3.324160e-01 2.633592e+00
1.068480e-01 -2.839220e-01 2.538116e+00
-2.915550e-01 -5.526290e-01 2.693420e+00
-8.257400e-02 -5.470320e-01 2.676717e+00
-2.841760e-01 -9.547780e-01 2.755637e+00
-7.802200e-02 -9.489630e-01 2.740589e+00
-2.921170e-01 -9.790280e-01 2.599838e+00
-8.459000e-02 -9.737920e-01 2.584817e+00
-2.229260e-01 5.563980e-01 2.539689e+00
-3.946790e-01 2.917740e-01 2.656438e+00
-5.034900e-02 3.023080e-01 2.637703e+00
-2.322750e-01 3.528260e-01 2.499049e+00
-2.142280e-01 1.646990e-01 2.724933e+00
-3.586450e-01 -5.966800e-02 2.571070e+00
-1.606700e-02 -4.268400e-02 2.569999e+00
-1.868760e-01 -5.361600e-02 2.685443e+00
-4.374430e-01 1.832900e-02 2.649427e+00
4.325300e-02 4.176800e-02 2.634988e+00
-3.963600e-01 -2.675000e-01 2.603893e+00
1.285390e-01 -2.213550e-01 2.540374e+00
-3.877720e-01 -3.313030e-01 2.615876e+00
1.096920e-01 -2.796410e-01 2.517227e+00
-2.907120e-01 -5.485470e-01 2.693676e+00
-8.620300e-02 -5.476900e-01 2.675056e+00
-2.852420e-01 -9.510050e-01 2.754066e+00
-7.413600e-02 -9.491390e-01 2.740949e+00
-2.845850e-01 -9.744230e-01 2.597939e+00
-7.306700e-02 -9.746790e-01 2.585157e+00
-2.229060e-01 5.583930e-01 2.537091e+00
-3.966260e-01 2.843380e-01 2.666751e+00
-5.410600e-02 2.996630e-01 2.628410e+00
-2.443340e-01 3.506450e-01 2.501572e+00
-2.110460e-01 1.582240e-01 2.722041e+00
-3.613980e-01 -6.243600e-02 2.578897e+00
-1.941000e-02 -4.228800e-02 2.561936e+00
-1.845260e-01 -5.554300e-02 2.685158e+00
-4.357200e-01 1.076600e-02 2.645431e+00
4.331600e-02 4.017600e-02 2.627882e+00
-3.978180e-01 -2.776040e-01 2.612877e+00
1.203780e-01 -2.125880e-01 2.502084e+00
-3.940510e-01 -3.391980e-01 2.634791e+00
1.013300e-01 -2.730520e-01 2.485668e+00
-2.902100e-01 -5.518500e-01 2.691300e+00
-8.447000e-02 -5.469970e-01 2.674801e+00
-2.858330e-01 -9.525700e-01 2.762388e+00
-7.484500e-02 -9.483210e-01 2.741850e+00
-2.919720e-01 -9.801910e-01 2.607070e+00
-8.034700e-02 -9.744490e-01 2.586250e+00
-2.239270e-01 5.539780e-01 2.540133e+00
-3.933940e-01 2.840790e-01 2.665168e+00
-4.999100e-02 2.993690e-01 2.635750e+00
-2.368750e-01 3.530020e-01 2.505090e+00
-2.094750e-01 1.566130e-01 2.722855e+00
-3.640920e-01 -6.438100e-02 2.575733e+00
-2.210100e-02 -4.079100e-02 2.564139e+00
-1.890850e-01 -5.428700e-02 2.684789e+00
-4.376530e-01 1.013500e-02 2.652255e+00
4.453000e-02 3.870400e-02 2.618724e+00
-3.938110e-01 -2.775670e-01 2.615586e+00
1.148710e-01 -2.120770e-01 2.483814e+00
-3.861890e-01 -3.410080e-01 2.629919e+00
9.899000e-02 -2.734620e-01 2.467449e+00
-2.909530e-01 -5.521900e-01 2.692868e+00
-8.539600e-02 -5.465260e-01 2.675830e+00
-2.839210e-01 -9.536170e-01 2.759621e+00
-7.573400e-02 -9.484370e-01 2.739263e+00
-2.872930e-01 -9.795660e-01 2.603930e+00
-7.848800e-02 -9.731100e-01 2.583352e+00
-2.254330e-01 5.574530e-01 2.551171e+00
-3.836910e-01 2.720430e-01 2.662281e+00
-4.179100e-02 2.963390e-01 2.623049e+00
-2.335660e-01 3.402570e-01 2.495899e+00
-1.945890e-01 1.519090e-01 2.718938e+00
-3.631820e-01 -7.052500e-02 2.576229e+00
-2.151100e-02 -4.508400e-02 2.560024e+00
-1.868880e-01 -5.798700e-02 2.682933e+00
-4.418230e-01 7.100000e-04 2.652588e+00
4.315100e-02 3.210500e-02 2.615256e+00
-3.913110e-01 -2.844090e-01 2.606638e+00
1.171310e-01 -2.123110e-01 2.471230e+00
-3.859930e-01 -3.466260e-01 2.626362e+00
1.005400e-01 -2.614340e-01 2.431231e+00
-2.910280e-01 -5.561940e-01 2.697519e+00
-8.535700e-02 -5.506990e-01 2.676736e+00
-2.863240e-01 -9.594090e-01 2.752700e+00
-7.537100e-02 -9.526090e-01 2.740122e+00
-2.912790e-01 -9.808610e-01 2.596368e+00
-8.003200e-02 -9.773060e-01 2.584260e+00
-2.210280e-01 5.508530e-01 2.544474e+00
-3.946380e-01 2.914950e-01 2.668277e+00
-5.183300e-02 3.099290e-01 2.634075e+00
-2.410060e-01 3.621010e-01 2.506148e+00
-2.087900e-01 1.655910e-01 2.723143e+00
-3.598440e-01 -5.620600e-02 2.576408e+00
-1.768200e-02 -3.695200e-02 2.562161e+00
-1.838590e-01 -4.877500e-02 2.684095e+00
-4.367160e-01 1.705700e-02 2.652587e+00
4.526300e-02 5.082800e-02 2.606287e+00
-3.931150e-01 -2.691910e-01 2.603787e+00
1.186400e-01 -2.001080e-01 2.472616e+00
-3.899250e-01 -3.317210e-01 2.622974e+00
9.862200e-02 -2.576700e-01 2.448658e+00
-2.908330e-01 -5.456180e-01 2.690645e+00
-8.920100e-02 -5.422420e-01 2.673249e+00
-2.843210e-01 -9.465940e-01 2.760108e+00
-7.331200e-02 -9.436300e-01 2.738701e+00
-2.896350e-01 -9.736110e-01 2.604652e+00
-7.805900e-02 -9.692100e-01 2.582985e+00
-2.253090e-01 5.614300e-01 2.542572e+00
-3.963190e-01 2.855130e-01 2.663428e+00
-5.349300e-02 3.018770e-01 2.628395e+00
-2.426530e-01 3.544020e-01 2.500593e+00
-2.110460e-01 1.588850e-01 2.718573e+00
-3.593660e-01 -6.095500e-02 2.586674e+00
-1.898200e-02 -3.809400e-02 2.551103e+00
-1.770820e-01 -5.175900e-02 2.683165e+00
-4.384670e-01 1.063900e-02 2.654927e+00
4.882500e-02 4.435800e-02 2.603511e+00
-3.940440e-01 -2.761680e-01 2.609450e+00
1.305520e-01 -1.995140e-01 2.461571e+00
-3.775750e-01 -3.395090e-01 2.611673e+00
1.093430e-01 -2.614650e-01 2.460899e+00
-2.890150e-01 -5.499660e-01 2.691319e+00
-8.924600e-02 -5.436830e-01 2.671120e+00
-2.840930e-01 -9.522060e-01 2.753187e+00
-7.366200e-02 -9.444910e-01 2.740106e+00
-2.986720e-01 -9.762780e-01 2.597841e+00
-8.804300e-02 -9.717020e-01 2.585260e+00
-2.265110e-01 5.598000e-01 2.546912e+00
-3.925650e-01 2.841550e-01 2.667226e+00
-5.042400e-02 3.081450e-01 2.629958e+00
-2.415420e-01 3.566380e-01 2.503482e+00
-2.041760e-01 1.615850e-01 2.720965e+00
-3.562900e-01 -5.699900e-02 2.586264e+00
-1.577400e-02 -4.060200e-02 2.548462e+00
-1.733070e-01 -4.972200e-02 2.681588e+00
-4.403920e-01 1.071600e-02 2.653102e+00
5.554600e-02 5.438800e-02 2.589549e+00
-3.913280e-01 -2.751880e-01 2.608546e+00
1.494660e-01 -1.869920e-01 2.451533e+00
-3.857800e-01 -3.388020e-01 2.623065e+00
1.553190e-01 -2.419310e-01 2.416381e+00
-2.896590e-01 -5.483300e-01 2.689406e+00
-8.848200e-02 -5.431240e-01 2.674958e+00
-2.856590e-01 -9.506420e-01 2.750879e+00
-7.327400e-02 -9.443690e-01 2.741446e+00
-3.021320e-01 -9.745180e-01 2.595691e+00
-8.894900e-02 -9.706280e-01 2.586561e+00
-2.196340e-01 5.603760e-01 2.546121e+00
-3.916100e-01 2.808880e-01 2.664431e+00
-4.936600e-02 3.048780e-01 2.628125e+00
-2.401140e-01 3.528450e-01 2.500892e+00
-2.033400e-01 1.585850e-01 2.719185e+00
-3.575400e-01 -6.108500e-02 2.574559e+00
-1.532200e-02 -4.217000e-02 2.561222e+00
-1.818880e-01 -5.284900e-02 2.682730e+00
-4.415830e-01 8.076000e-03 2.655381e+00
6.990000e-02 5.914300e-02 2.579178e+00
-3.885630e-01 -2.755910e-01 2.604610e+00
1.699960e-01 -1.634590e-01 2.417052e+00
-3.781120e-01 -3.402350e-01 2.604148e+00
1.509500e-01 -2.260230e-01 2.413693e+00
-2.884830e-01 -5.503690e-01 2.690561e+00
-8.257900e-02 -5.463090e-01 2.675618e+00
-2.859190e-01 -9.514240e-01 2.759824e+00
-7.688800e-02 -9.478310e-01 2.741925e+00
-2.904570e-01 -9.783090e-01 2.604321e+00
-8.073500e-02 -9.736000e-01 2.586214e+00
-2.251610e-01 5.565990e-01 2.542530e+00
-3.902580e-01 2.820670e-01 2.662451e+00
-4.800500e-02 3.073400e-01 2.627107e+00
-2.386060e-01 3.556480e-01 2.499783e+00
-2.017470e-01 1.599360e-01 2.716759e+00
-3.592150e-01 -5.883300e-02 2.575400e+00
-1.722300e-02 -3.792300e-02 2.559492e+00
-1.827790e-01 -5.002100e-02 2.682241e+00
-4.368120e-01 9.621000e-03 2.648907e+00
7.212500e-02 6.465400e-02 2.570098e+00
-3.858680e-01 -2.746380e-01 2.604407e+00
1.795500e-01 -1.455610e-01 2.397913e+00
-3.816420e-01 -3.389340e-01 2.616087e+00
1.592900e-01 -2.030460e-01 2.373969e+00
-2.874470e-01 -5.476280e-01 2.690531e+00
-8.386700e-02 -5.431480e-01 2.672306e+00
-2.862710e-01 -9.485090e-01 2.760835e+00
-7.297200e-02 -9.443300e-01 2.740009e+00
-2.914970e-01 -9.757790e-01 2.605421e+00
-7.800800e-02 -9.707210e-01 2.584437e+00
-2.264640e-01 5.571080e-01 2.538980e+00
-3.937060e-01 2.819280e-01 2.656185e+00
-5.063400e-02 3.103720e-01 2.633426e+00
-2.369290e-01 3.580200e-01 2.499644e+00
-2.062160e-01 1.609960e-01 2.716391e+00
-3.558090e-01 -6.055100e-02 2.581708e+00
-1.441900e-02 -3.710600e-02 2.558209e+00
-1.770520e-01 -5.132300e-02 2.684584e+00
-4.384660e-01 1.097000e-02 2.649169e+00
8.085600e-02 8.126800e-02 2.557976e+00
-3.905590e-01 -2.719950e-01 2.606980e+00
1.971260e-01 -8.436400e-02 2.350150e+00
-3.842730e-01 -3.361780e-01 2.618350e+00
2.153090e-01 -1.256330e-01 2.302668e+00
-2.887220e-01 -5.488450e-01 2.690695e+00
-8.477600e-02 -5.436640e-01 2.671416e+00
-2.827690e-01 -9.503910e-01 2.756833e+00
-7.392200e-02 -9.447800e-01 2.739513e+00
-2.920200e-01 -9.761380e-01 2.601346e+00
-8.247200e-02 -9.713910e-01 2.584132e+00
-2.275580e-01 5.575310e-01 2.537807e+00
-3.880710e-01 2.859620e-01 2.659024e+00
-4.628400e-02 3.073740e-01 2.617211e+00
-2.386310e-01 3.525660e-01 2.491377e+00
-1.995400e-01 1.644170e-01 2.714566e+00
-3.598500e-01 -5.842700e-02 2.578401e+00
-1.763900e-02 -4.771700e-02 2.557755e+00
-1.818430e-01 -5.243200e-02 2.682805e+00
-4.418480e-01 2.201900e-02 2.650549e+00
1.115520e-01 1.154200e-01 2.512947e+00
-3.946000e-01 -2.561450e-01 2.613543e+00
2.403400e-01 1.193200e-01 2.259223e+00
-3.923960e-01 -3.202470e-01 2.626747e+00
2.702120e-01 1.196030e-01 2.200950e+00
-2.929920e-01 -5.502350e-01 2.693428e+00
-8.896400e-02 -5.498180e-01 2.674608e+00
-2.862330e-01 -9.535230e-01 2.747854e+00
-7.324600e-02 -9.512880e-01 2.739602e+00
-2.955540e-01 -9.747540e-01 2.591691e+00
-8.179100e-02 -9.768070e-01 2.584038e+00
-2.263400e-01 5.634050e-01 2.537990e+00
-3.836840e-01 2.939600e-01 2.660428e+00
-4.182900e-02 3.122050e-01 2.617679e+00
-2.340950e-01 3.594900e-01 2.492492e+00
-1.961620e-01 1.705100e-01 2.715176e+00
-3.619820e-01 -5.183800e-02 2.580320e+00
-1.981300e-02 -4.666300e-02 2.557017e+00
-1.831070e-01 -4.802400e-02 2.683334e+00
-4.420720e-01 3.324000e-02 2.655370e+00
1.292960e-01 1.724610e-01 2.467356e+00
-3.997640e-01 -2.431230e-01 2.617299e+00
2.570160e-01 2.679490e-01 2.234578e+00
-3.957740e-01 -3.084290e-01 2.620031e+00
2.654050e-01 3.234010e-01 2.200771e+00
-2.925400e-01 -5.460800e-01 2.693737e+00
-9.215800e-02 -5.481470e-01 2.670755e+00
-2.886630e-01 -9.493990e-01 2.748216e+00
-7.363200e-02 -9.485520e-01 2.741335e+00
-2.993920e-01 -9.705850e-01 2.592138e+00
-8.394200e-02 -9.763630e-01 2.586272e+00
-2.260650e-01 5.658490e-01 2.531703e+00
-3.726170e-01 2.885390e-01 2.670497e+00
-3.383700e-02 3.025550e-01 2.606808e+00
-2.328110e-01 3.529380e-01 2.493916e+00
-1.837290e-01 1.624020e-01 2.713068e+00
-3.579850e-01 -4.797300e-02 2.601144e+00
-2.153400e-02 -5.757500e-02 2.535132e+00
-1.675740e-01 -5.055300e-02 2.680890e+00
-4.423070e-01 3.248300e-02 2.660638e+00
1.288370e-01 2.498580e-01 2.403637e+00
-4.051180e-01 -2.435200e-01 2.628052e+00
2.540920e-01 3.872650e-01 2.193749e+00
-3.927260e-01 -3.070880e-01 2.618372e+00
2.649580e-01 4.432590e-01 2.161580e+00
-2.923500e-01 -5.487740e-01 2.694697e+00
-9.595600e-02 -5.521140e-01 2.672772e+00
-2.892990e-01 -9.516700e-01 2.752267e+00
-7.320200e-02 -9.523330e-01 2.743169e+00
-3.211380e-01 -9.737800e-01 2.599224e+00
-1.045240e-01 -9.808650e-01 2.591085e+00
-2.222190e-01 5.552800e-01 2.527434e+00
-3.670750e-01 3.028080e-01 2.679769e+00
-3.592800e-02 3.246050e-01 2.585475e+00
-2.455270e-01 3.691440e-01 2.490827e+00
-1.719850e-01 1.817060e-01 2.705766e+00
-3.586490e-01 -3.928100e-02 2.614745e+00
-2.927100e-02 -4.491900e-02 2.519207e+00
-1.619100e-01 -3.952900e-02 2.677322e+00
-4.443520e-01 5.033300e-02 2.688699e+00
5.857400e-02 2.976980e-01 2.340239e+00
-4.060470e-01 -2.197250e-01 2.630235e+00
1.675680e-01 4.087570e-01 2.108717e+00
-4.021360e-01 -2.850530e-01 2.632524e+00
1.871520e-01 4.533360e-01 2.064928e+00
-2.899300e-01 -5.414890e-01 2.689413e+00
-9.022200e-02 -5.401070e-01 2.664962e+00
-2.889760e-01 -9.437920e-01 2.751064e+00
-7.442400e-02 -9.392580e-01 2.742927e+00
-3.336510e-01 -9.668320e-01 2.601405e+00
-1.180200e-01 -9.700070e-01 2.594339e+00
-2.315770e-01 5.764030e-01 2.528994e+00
-3.672130e-01 2.912410e-01 2.680454e+00
-3.592700e-02 2.926640e-01 2.584157e+00
-2.431100e-01 3.485840e-01 2.490232e+00
-1.794220e-01 1.591190e-01 2.706536e+00
-3.543970e-01 -4.895900e-02 2.600552e+00
-1.963800e-02 -5.527300e-02 2.526086e+00
-1.619890e-01 -4.650100e-02 2.675356e+00
-4.382410e-01 3.693600e-02 2.689643e+00
-9.131000e-03 2.672490e-01 2.322554e+00
-3.993930e-01 -2.324870e-01 2.628614e+00
2.946800e-02 3.102640e-01 2.049639e+00
-3.919340e-01 -2.972970e-01 2.622931e+00
5.691300e-02 3.367000e-01 1.996384e+00
-2.872310e-01 -5.500450e-01 2.687379e+00
-8.512900e-02 -5.506460e-01 2.666120e+00
-2.849970e-01 -9.507680e-01 2.758549e+00
-7.459300e-02 -9.497760e-01 2.745067e+00
-3.203540e-01 -9.778650e-01 2.607089e+00
-1.086980e-01 -9.805530e-01 2.594023e+00
-2.312370e-01 5.603920e-01 2.540309e+00
-3.776980e-01 2.696100e-01 2.733725e+00
-7.287600e-02 2.990240e-01 2.574843e+00
-2.976640e-01 3.437520e-01 2.526430e+00
-1.805870e-01 1.504130e-01 2.715253e+00
-3.438350e-01 -6.550700e-02 2.645666e+00
-3.905700e-02 -6.068500e-02 2.488388e+00
-1.389060e-01 -5.654700e-02 2.669041e+00
-4.400050e-01 1.400600e-02 2.704983e+00
-5.582000e-02 2.458920e-01 2.316139e+00
-3.873390e-01 -2.474250e-01 2.621490e+00
-1.195170e-01 1.521230e-01 2.060715e+00
-3.844490e-01 -3.128310e-01 2.622873e+00
-1.579970e-01 1.208100e-01 2.017972e+00
-2.818570e-01 -5.660220e-01 2.690568e+00
-8.245600e-02 -5.538920e-01 2.668819e+00
-2.860070e-01 -9.675550e-01 2.756924e+00
-7.158900e-02 -9.541230e-01 2.741936e+00
-3.589110e-01 -9.896530e-01 2.618644e+00
-1.435810e-01 -9.812630e-01 2.604077e+00
-2.438970e-01 5.536720e-01 2.562728e+00
-3.695710e-01 2.603660e-01 2.703530e+00
-6.199700e-02 3.331920e-01 2.565256e+00
-2.868450e-01 3.420060e-01 2.500145e+00
-1.558510e-01 1.724800e-01 2.702240e+00
-3.384610e-01 -4.865700e-02 2.630448e+00
-2.563700e-02 -4.430000e-02 2.489839e+00
-1.349180e-01 -4.766000e-02 2.664965e+00
-4.349460e-01 5.036000e-03 2.710069e+00
-1.163260e-01 1.545450e-01 2.379128e+00
-3.833250e-01 -2.558770e-01 2.627859e+00
-2.774500e-01 -9.920000e-04 2.213762e+00
-3.774230e-01 -3.192870e-01 2.612610e+00
-3.133640e-01 -5.003700e-02 2.189410e+00
-2.772590e-01 -5.486940e-01 2.682483e+00
-7.811300e-02 -5.401580e-01 2.654129e+00
-2.857720e-01 -9.486300e-01 2.757503e+00
-6.916700e-02 -9.376980e-01 2.740911e+00
-3.503930e-01 -9.738570e-01 2.615686e+00
-1.321560e-01 -9.699240e-01 2.599778e+00
-2.332100e-01 5.776080e-01 2.569364e+00
-3.627820e-01 2.562400e-01 2.706698e+00
-6.045700e-02 3.297280e-01 2.557622e+00
-2.877000e-01 3.422260e-01 2.502142e+00
-1.502000e-01 1.664730e-01 2.694354e+00
-3.448970e-01 -5.485500e-02 2.634215e+00
-3.816300e-02 -4.423900e-02 2.481078e+00
-1.402170e-01 -4.864200e-02 2.660488e+00
-4.756350e-01 2.032800e-02 2.745271e+00
-1.428880e-01 1.555930e-01 2.376622e+00
-3.872250e-01 -2.231140e-01 2.641209e+00
-3.477480e-01 2.385100e-02 2.240294e+00
-3.801020e-01 -2.847780e-01 2.620350e+00
-4.028970e-01 -1.121600e-02 2.236152e+00
-2.764690e-01 -5.519190e-01 2.689337e+00
-7.627500e-02 -5.409490e-01 2.648953e+00
-2.876750e-01 -9.537900e-01 2.752764e+00
-7.089900e-02 -9.368980e-01 2.742999e+00
-3.568390e-01 -9.740320e-01 2.612297e+00
-1.385690e-01 -9.707290e-01 2.604432e+00
-2.310520e-01 5.724770e-01 2.564442e+00
-3.642840e-01 2.604550e-01 2.710934e+00
-6.658000e-02 3.345780e-01 2.553127e+00
-2.954670e-01 3.502080e-01 2.505795e+00
-1.530890e-01 1.691700e-01 2.689355e+00
-3.478890e-01 -5.434900e-02 2.642940e+00
-4.652200e-02 -4.055600e-02 2.479732e+00
-1.424810e-01 -4.719300e-02 2.662407e+00
-4.274580e-01 3.360000e-03 2.721542e+00
-1.592270e-01 1.939530e-01 2.348573e+00
-3.837410e-01 -2.568060e-01 2.628420e+00
-4.028180e-01 1.380660e-01 2.222839e+00
-3.652070e-01 -3.159160e-01 2.607190e+00
-4.664480e-01 1.231860e-01 2.218587e+00
-2.776720e-01 -5.505190e-01 2.694505e+00
-7.718900e-02 -5.378450e-01 2.648662e+00
-2.855470e-01 -9.531370e-01 2.753546e+00
-7.265600e-02 -9.339610e-01 2.742045e+00
-3.592770e-01 -9.719790e-01 2.615222e+00
-1.446490e-01 -9.669810e-01 2.605476e+00
-2.295260e-01 5.758950e-01 2.564293e+00
-3.585960e-01 2.636060e-01 2.683505e+00
-5.856100e-02 3.139520e-01 2.520811e+00
-2.864950e-01 3.157160e-01 2.466803e+00
-1.453870e-01 1.744800e-01 2.683325e+00
-3.527070e-01 -5.884900e-02 2.637814e+00
-4.877500e-02 -5.117400e-02 2.479021e+00
-1.475810e-01 -5.248400e-02 2.660289e+00
-4.297280e-01 1.154500e-02 2.715935e+00
-1.867080e-01 2.720420e-01 2.293945e+00
-3.924330e-01 -2.523960e-01 2.634728e+00
-4.368840e-01 3.357950e-01 2.189074e+00
-3.920920e-01 -3.174590e-01 2.642142e+00
-4.892190e-01 3.650670e-01 2.215389e+00
-2.879990e-01 -5.560650e-01 2.694171e+00
-8.012000e-02 -5.453540e-01 2.652741e+00
-2.844690e-01 -9.585070e-01 2.754810e+00
-7.345000e-02 -9.416190e-01 2.745366e+00
-3.577930e-01 -9.799680e-01 2.616653e+00
-1.432010e-01 -9.749670e-01 2.607717e+00
-2.156320e-01 5.763380e-01 2.545953e+00
-3.798800e-01 2.560910e-01 2.665956e+00
-6.889600e-02 2.812830e-01 2.532394e+00
-2.852370e-01 2.896270e-01 2.454315e+00
-1.723440e-01 1.579340e-01 2.692334e+00
-3.537080e-01 -7.185600e-02 2.622533e+00
-3.667600e-02 -7.251600e-02 2.491615e+00
-1.513610e-01 -6.679900e-02 2.663188e+00
-4.365320e-01 5.752000e-03 2.719128e+00
-1.699230e-01 3.164320e-01 2.293094e+00
-3.875950e-01 -2.505030e-01 2.626712e+00
-3.986400e-01 4.437340e-01 2.203176e+00
-3.806900e-01 -3.151530e-01 2.618904e+00
-4.487500e-01 4.776660e-01 2.228192e+00
-2.904650e-01 -5.685200e-01 2.701116e+00
-8.128600e-02 -5.657120e-01 2.657566e+00
-2.864790e-01 -9.712790e-01 2.759586e+00
-7.546200e-02 -9.631440e-01 2.745107e+00
-3.476430e-01 -9.927820e-01 2.615638e+00
-1.333790e-01 -9.955450e-01 2.601858e+00
-2.145910e-01 5.610730e-01 2.556772e+00
-3.730790e-01 2.533550e-01 2.686827e+00
-6.324700e-02 2.728300e-01 2.546274e+00
-2.811940e-01 3.104550e-01 2.479052e+00
-1.742430e-01 1.356600e-01 2.690592e+00
-3.519620e-01 -7.834800e-02 2.625427e+00
-3.946700e-02 -8.375900e-02 2.484123e+00
-1.483700e-01 -7.234300e-02 2.659144e+00
-4.363670e-01 -1.444000e-03 2.704725e+00
-1.446140e-01 3.306600e-01 2.302792e+00
-3.904810e-01 -2.621250e-01 2.620188e+00
-3.489160e-01 4.796600e-01 2.187613e+00
-3.898400e-01 -3.276060e-01 2.620172e+00
-3.976260e-01 5.189180e-01 2.206961e+00
-2.901140e-01 -5.755060e-01 2.705337e+00
-8.220500e-02 -5.726700e-01 2.664112e+00
-2.864660e-01 -9.786430e-01 2.761164e+00
-7.013800e-02 -9.715920e-01 2.743889e+00
-3.529340e-01 -9.988760e-01 2.619400e+00
-1.337230e-01 -1.001777e+00 2.602573e+00
-2.141890e-01 5.499460e-01 2.563967e+00
-3.728030e-01 2.620520e-01 2.694245e+00
-5.684600e-02 2.660390e-01 2.559617e+00
-2.725720e-01 3.219220e-01 2.491161e+00
-1.827670e-01 1.305830e-01 2.696258e+00
-3.525250e-01 -7.603300e-02 2.625257e+00
-3.768000e-02 -8.417000e-02 2.489407e+00
-1.495010e-01 -7.286100e-02 2.662585e+00
-4.355720e-01 5.488000e-03 2.685208e+00
-9.885800e-02 2.942160e-01 2.300218e+00
-3.945690e-01 -2.619410e-01 2.616838e+00
-2.601450e-01 4.255130e-01 2.114148e+00
-3.854680e-01 -3.254860e-01 2.603898e+00
-3.105470e-01 4.651450e-01 2.100838e+00
-2.904960e-01 -5.761940e-01 2.698750e+00
-8.317100e-02 -5.725950e-01 2.666801e+00
-2.860830e-01 -9.796960e-01 2.751817e+00
-7.400300e-02 -9.716640e-01 2.746228e+00
-3.502970e-01 -9.991920e-01 2.608915e+00
-1.354120e-01 -1.001411e+00 2.603860e+00
-2.086000e-01 5.502330e-01 2.578387e+00
-3.412200e-01 2.126080e-01 2.758238e+00
-7.927300e-02 2.744760e-01 2.542411e+00
-3.095060e-01 3.168420e-01 2.550865e+00
-1.522460e-01 1.044380e-01 2.680844e+00
-3.417130e-01 -9.371700e-02 2.673724e+00
-8.288400e-02 -7.593400e-02 2.449358e+00
-1.374050e-01 -7.813800e-02 2.648469e+00
-4.465870e-01 -1.424700e-02 2.672950e+00
-5.711100e-02 2.537480e-01 2.279888e+00
-3.871850e-01 -2.780700e-01 2.604142e+00
-1.758720e-01 3.063990e-01 2.032927e+00
-3.789180e-01 -3.425660e-01 2.611900e+00
-2.264240e-01 3.447980e-01 2.016859e+00
-2.948050e-01 -5.892800e-01 2.693836e+00
-8.373900e-02 -5.616510e-01 2.669125e+00
-2.874840e-01 -9.919320e-01 2.752717e+00
-7.171900e-02 -9.610790e-01 2.746340e+00
-3.931900e-01 -1.010779e+00 2.636978e+00
-1.817460e-01 -9.857510e-01 2.635842e+00
-2.257810e-01 5.217880e-01 2.592094e+00
-3.456490e-01 2.709250e-01 2.715822e+00
-6.683400e-02 2.624270e-01 2.512809e+00
-2.955280e-01 3.077190e-01 2.489973e+00
-1.552920e-01 1.425820e-01 2.689483e+00
-3.430810e-01 -8.877300e-02 2.665091e+00
-6.877300e-02 -9.521300e-02 2.459270e+00
-1.369290e-01 -8.782600e-02 2.654007e+00
-4.568850e-01 3.626100e-02 2.670487e+00
2.120000e-02 1.883400e-01 2.275622e+00
-4.011770e-01 -2.322320e-01 2.622621e+00
-1.860300e-02 1.156870e-01 2.009878e+00
-3.921470e-01 -2.942870e-01 2.603756e+00
-3.025700e-02 9.848300e-02 1.947777e+00
-2.973150e-01 -5.914540e-01 2.698881e+00
-8.257900e-02 -5.752530e-01 2.674331e+00
-2.868420e-01 -9.954650e-01 2.746991e+00
-7.192000e-02 -9.764990e-01 2.741689e+00
-3.848420e-01 -1.012603e+00 2.624407e+00
-1.662850e-01 -9.998870e-01 2.617299e+00
-2.209040e-01 5.474450e-01 2.549996e+00
-3.823070e-01 2.722100e-01 2.685882e+00
-5.860500e-02 3.173020e-01 2.575388e+00
-2.751710e-01 3.416640e-01 2.489484e+00
-1.770080e-01 1.680940e-01 2.706229e+00
-3.630020e-01 -5.206400e-02 2.612180e+00
-3.848700e-02 -5.083900e-02 2.501106e+00
-1.635310e-01 -5.019900e-02 2.665380e+00
-4.471870e-01 1.601000e-02 2.668572e+00
6.679600e-02 1.268700e-01 2.440638e+00
-4.009900e-01 -2.548920e-01 2.616737e+00
1.921770e-01 -8.150300e-02 2.302544e+00
-3.955110e-01 -3.186940e-01 2.603042e+00
2.205090e-01 -1.405390e-01 2.303076e+00
-2.912530e-01 -5.510590e-01 2.686651e+00
-9.065900e-02 -5.460500e-01 2.655879e+00
-2.908550e-01 -9.524690e-01 2.753879e+00
-7.582100e-02 -9.441390e-01 2.739271e+00
-3.417460e-01 -9.772030e-01 2.606492e+00
-1.252420e-01 -9.766440e-01 2.592896e+00
-2.322400e-01 5.647490e-01 2.534676e+00
-3.874850e-01 2.823660e-01 2.672487e+00
-5.499800e-02 3.167030e-01 2.587056e+00
-2.635330e-01 3.541960e-01 2.487150e+00
-1.888680e-01 1.682500e-01 2.702996e+00
-3.624080e-01 -4.966000e-02 2.600321e+00
-3.068900e-02 -4.948800e-02 2.513074e+00
-1.673130e-01 -4.954000e-02 2.667853e+00
-4.461730e-01 2.368400e-02 2.653888e+00
8.661200e-02 1.021900e-01 2.518960e+00
-4.031380e-01 -2.518560e-01 2.621367e+00
2.288460e-01 -1.293030e-01 2.448161e+00
-3.917000e-01 -3.090290e-01 2.591555e+00
2.524260e-01 -1.902850e-01 2.451812e+00
-2.916090e-01 -5.480160e-01 2.685111e+00
-9.082600e-02 -5.460170e-01 2.656088e+00
-2.906730e-01 -9.496710e-01 2.750852e+00
-7.807900e-02 -9.433150e-01 2.743497e+00
-3.307980e-01 -9.744250e-01 2.600181e+00
-1.169440e-01 -9.773820e-01 2.594321e+00
-2.342210e-01 5.659240e-01 2.529294e+00
-3.949560e-01 3.006170e-01 2.667984e+00
-5.688800e-02 3.143580e-01 2.600561e+00
-2.569180e-01 3.683610e-01 2.491265e+00
-2.062610e-01 1.725590e-01 2.705359e+00
-3.610610e-01 -4.771200e-02 2.595977e+00
-2.515000e-02 -4.105500e-02 2.526923e+00
-1.699520e-01 -4.490400e-02 2.674029e+00
-4.413660e-01 3.883900e-02 2.640525e+00
8.858100e-02 9.308400e-02 2.564341e+00
-4.087180e-01 -2.401590e-01 2.613335e+00
2.352200e-01 -1.385740e-01 2.497432e+00
-3.949950e-01 -3.007070e-01 2.592505e+00
2.615050e-01 -1.984940e-01 2.500072e+00
-2.918850e-01 -5.447290e-01 2.681758e+00
-9.351700e-02 -5.404960e-01 2.662773e+00
-2.896510e-01 -9.449230e-01 2.755844e+00
-7.685900e-02 -9.403220e-01 2.737010e+00
-3.212780e-01 -9.732500e-01 2.603785e+00
-1.073320e-01 -9.698260e-01 2.584939e+00
-2.325310e-01 5.704090e-01 2.528634e+00
-3.966420e-01 2.927600e-01 2.654872e+00
-5.532200e-02 3.087250e-01 2.607216e+00
-2.490430e-01 3.578320e-01 2.485008e+00
-2.092340e-01 1.677800e-01 2.706449e+00
-3.613350e-01 -5.189100e-02 2.575010e+00
-1.951000e-02 -3.956700e-02 2.549454e+00
-1.817660e-01 -4.820800e-02 2.676815e+00
-4.414770e-01 2.848700e-02 2.635146e+00
9.353900e-02 8.712900e-02 2.575993e+00
-3.969880e-01 -2.488080e-01 2.594281e+00
2.361840e-01 -1.416410e-01 2.487345e+00
-3.895080e-01 -3.138060e-01 2.591550e+00
2.505190e-01 -2.049370e-01 2.478605e+00
-2.908630e-01 -5.461880e-01 2.676736e+00
-8.812200e-02 -5.402110e-01 2.672758e+00
-2.871710e-01 -9.458380e-01 2.753647e+00
-7.552900e-02 -9.419800e-01 2.736575e+00
-2.983580e-01 -9.756980e-01 2.599025e+00
-8.593100e-02 -9.670100e-01 2.581044e+00
-2.274600e-01 5.623070e-01 2.522124e+00
-3.950110e-01 2.931180e-01 2.651749e+00
-5.198400e-02 3.124170e-01 2.620368e+00
-2.402440e-01 3.649510e-01 2.491247e+00
-2.093500e-01 1.672650e-01 2.707364e+00
-3.618540e-01 -5.050000e-02 2.573243e+00
-1.983900e-02 -3.456800e-02 2.552738e+00
-1.838580e-01 -4.493700e-02 2.677689e+00
-4.411200e-01 2.891500e-02 2.630884e+00
8.827500e-02 8.693200e-02 2.577378e+00
-3.940300e-01 -2.477030e-01 2.586776e+00
2.274380e-01 -1.373850e-01 2.472513e+00
-3.898620e-01 -3.119410e-01 2.598792e+00
2.415670e-01 -1.916930e-01 2.438761e+00
-2.894120e-01 -5.441600e-01 2.674931e+00
-8.655700e-02 -5.358080e-01 2.675911e+00
-2.890010e-01 -9.432770e-01 2.754644e+00
-7.730600e-02 -9.374880e-01 2.740850e+00
-2.972700e-01 -9.741640e-01 2.600041e+00
-8.479700e-02 -9.628240e-01 2.585201e+00
-2.224770e-01 5.628300e-01 2.526313e+00
-3.927170e-01 2.849790e-01 2.645571e+00
-4.889000e-02 3.088120e-01 2.630094e+00
-2.315620e-01 3.571870e-01 2.491659e+00
-2.081730e-01 1.624260e-01 2.711345e+00
-3.589980e-01 -6.109500e-02 2.572506e+00
-1.709800e-02 -3.946400e-02 2.555609e+00
-1.822600e-01 -5.211000e-02 2.678833e+00
-4.387760e-01 1.909000e-02 2.632962e+00
8.563600e-02 7.905100e-02 2.584375e+00
-3.931130e-01 -2.592980e-01 2.590782e+00
2.102300e-01 -1.413090e-01 2.452915e+00
-3.815940e-01 -3.237390e-01 2.589085e+00
2.241280e-01 -1.965090e-01 2.420540e+00
-2.886170e-01 -5.503900e-01 2.684001e+00
-8.590600e-02 -5.432540e-01 2.675585e+00
-2.864850e-01 -9.515860e-01 2.752454e+00
-7.545600e-02 -9.450800e-01 2.739426e+00
-2.923400e-01 -9.781510e-01 2.596940e+00
-8.083200e-02 -9.699740e-01 2.583619e+00
-2.199070e-01 5.590100e-01 2.531129e+00
-3.900890e-01 2.776540e-01 2.647232e+00
-4.686300e-02 3.010540e-01 2.621292e+00
-2.335040e-01 3.469610e-01 2.487384e+00
-2.036900e-01 1.562500e-01 2.709828e+00
-3.564110e-01 -6.340000e-02 2.578419e+00
-1.483700e-02 -4.730700e-02 2.551639e+00
-1.765970e-01 -5.629200e-02 2.679606e+00
-4.405840e-01 1.078200e-02 2.639537e+00
8.145300e-02 6.413100e-02 2.586195e+00
-3.864930e-01 -2.671430e-01 2.593209e+00
1.882330e-01 -1.725480e-01 2.464146e+00
-3.768930e-01 -3.316160e-01 2.599480e+00
1.745900e-01 -2.256040e-01 2.428268e+00
-2.911160e-01 -5.546100e-01 2.685378e+00
-8.621800e-02 -5.490070e-01 2.677267e+00
-2.831250e-01 -9.550290e-01 2.757836e+00
-7.555500e-02 -9.515730e-01 2.736227e+00
-2.951140e-01 -9.832910e-01 2.602974e+00
-8.604600e-02 -9.746730e-01 2.580404e+00
-2.171710e-01 5.511960e-01 2.526066e+00
-3.900030e-01 2.829530e-01 2.656655e+00
-4.720300e-02 2.958160e-01 2.619950e+00
-2.364420e-01 3.496350e-01 2.492806e+00
-2.057150e-01 1.547600e-01 2.711484e+00
-3.568500e-01 -6.283800e-02 2.571484e+00
-1.442900e-02 -4.880900e-02 2.557340e+00
-1.809090e-01 -5.550700e-02 2.679250e+00
-4.385630e-01 1.518900e-02 2.641683e+00
7.694000e-02 5.446600e-02 2.595085e+00
-3.937260e-01 -2.652850e-01 2.595423e+00
1.695440e-01 -1.933100e-01 2.481737e+00
-3.784760e-01 -3.289350e-01 2.597516e+00
1.777460e-01 -2.376300e-01 2.434232e+00
-2.918200e-01 -5.538970e-01 2.686288e+00
-8.715900e-02 -5.505760e-01 2.677679e+00
-2.854920e-01 -9.558010e-01 2.750176e+00
-7.350300e-02 -9.527300e-01 2.738787e+00
-2.915770e-01 -9.806620e-01 2.594390e+00
-7.872200e-02 -9.766080e-01 2.582815e+00
-2.173190e-01 5.528940e-01 2.533750e+00
-3.879460e-01 2.907390e-01 2.659123e+00
-4.524900e-02 3.037230e-01 2.621505e+00
-2.348170e-01 3.607160e-01 2.496247e+00
-2.037370e-01 1.609970e-01 2.710461e+00
-3.575480e-01 -5.776400e-02 2.572674e+00
-1.536900e-02 -4.097300e-02 2.555939e+00
-1.807840e-01 -5.059700e-02 2.679096e+00
-4.369090e-01 2.311500e-02 2.645075e+00
5.678300e-02 5.155700e-02 2.606693e+00
-3.958480e-01 -2.582490e-01 2.601541e+00
1.542320e-01 -2.024220e-01 2.513178e+00
-3.886530e-01 -3.223190e-01 2.613008e+00
1.479460e-01 -2.649400e-01 2.494733e+00
-2.921770e-01 -5.478050e-01 2.686128e+00
-8.573500e-02 -5.439520e-01 2.674186e+00
-2.835470e-01 -9.474980e-01 2.762420e+00
-7.501800e-02 -9.451320e-01 2.741930e+00
-2.908190e-01 -9.772180e-01 2.607538e+00
-8.085500e-02 -9.715520e-01 2.586390e+00
-2.187660e-01 5.548870e-01 2.526870e+00
-3.919160e-01 2.845130e-01 2.662117e+00
-5.136300e-02 2.894570e-01 2.607122e+00
-2.460570e-01 3.432320e-01 2.488477e+00
-2.073600e-01 1.543630e-01 2.711125e+00
-3.629840e-01 -6.739900e-02 2.589985e+00
-2.510000e-02 -4.773600e-02 2.534334e+00
-1.755670e-01 -5.411900e-02 2.675548e+00
-4.381740e-01 1.642900e-02 2.647256e+00
4.237000e-02 3.420500e-02 2.624154e+00
-3.929660e-01 -2.639660e-01 2.601482e+00
1.210230e-01 -2.316340e-01 2.547317e+00
-3.889910e-01 -3.274010e-01 2.617247e+00
1.159470e-01 -2.967770e-01 2.551656e+00
-2.901400e-01 -5.586990e-01 2.687364e+00
-8.500200e-02 -5.485670e-01 2.674790e+00
-2.876240e-01 -9.589670e-01 2.761042e+00
-7.374200e-02 -9.506660e-01 2.736748e+00
-3.116950e-01 -9.873600e-01 2.607618e+00
-9.679600e-02 -9.750810e-01 2.582485e+00
-2.169750e-01 5.516660e-01 2.532113e+00
