-3.147140e-01 3.701060e-01 2.681571e+00
-1.359845e-01 3.604050e-01 2.679965e+00
4.274500e-02 3.507040e-01 2.678358e+00
-4.569800e-02 3.802005e-01 2.632857e+00
-1.341410e-01 4.096970e-01 2.587356e+00
-1.389695e-01 3.055630e-01 2.679038e+00
-1.437980e-01 2.014290e-01 2.770720e+00
-2.147755e-01 9.105800e-02 2.702359e+00
-2.857530e-01 -1.931300e-02 2.633998e+00
-1.451525e-01 -1.917300e-02 2.636623e+00
-4.552000e-03 -1.903300e-02 2.639247e+00
-7.602100e-02 -1.467400e-02 2.700318e+00
-1.474900e-01 -1.031500e-02 2.761389e+00
-2.607275e-01 4.912350e-02 2.716101e+00
-3.739650e-01 1.085620e-01 2.670814e+00
-1.431975e-01 9.746400e-02 2.668498e+00
8.757000e-02 8.636600e-02 2.666182e+00
-1.438345e-01 -4.545200e-02 2.644500e+00
-3.752390e-01 -1.772700e-01 2.622819e+00
-1.481000e-01 -1.889735e-01 2.624888e+00
7.903900e-02 -2.006770e-01 2.626958e+00
-1.294860e-01 -2.175410e-01 2.623211e+00
-3.380110e-01 -2.344050e-01 2.619464e+00
-1.447900e-01 -2.480400e-01 2.624212e+00
4.843100e-02 -2.616750e-01 2.628960e+00
-1.170990e-01 -4.247800e-01 2.661217e+00
-2.826290e-01 -5.878850e-01 2.693474e+00
-1.641180e-01 -5.907590e-01 2.693267e+00
-4.560700e-02 -5.936330e-01 2.693060e+00
-1.722565e-01 -7.999135e-01 2.735344e+00
-2.989060e-01 -1.006194e+00 2.777628e+00
-1.810295e-01 -1.011971e+00 2.758518e+00
-6.315300e-02 -1.017748e+00 2.739408e+00
-1.832335e-01 -1.028487e+00 2.675996e+00
-3.033140e-01 -1.039225e+00 2.612584e+00
-1.798030e-01 -1.037765e+00 2.592392e+00
-5.629200e-02 -1.036305e+00 2.572200e+00
-8.682800e-02 -1.881545e-01 2.565956e+00
-1.173640e-01 6.599960e-01 2.559711e+00
-2.136965e-01 5.130370e-01 2.621561e+00
-3.100290e-01 3.660780e-01 2.683412e+00
-1.312570e-01 3.580575e-01 2.679270e+00
4.751500e-02 3.500370e-01 2.675129e+00
-4.187500e-02 3.780475e-01 2.630548e+00
-1.312650e-01 4.060580e-01 2.585968e+00
-1.337215e-01 3.031825e-01 2.679152e+00
-1.361780e-01 2.003070e-01 2.772337e+00
-2.108450e-01 9.017250e-02 2.706243e+00
-2.855120e-01 -1.996200e-02 2.640148e+00
-1.449375e-01 -1.980200e-02 2.636392e+00
-4.363000e-03 -1.964200e-02 2.632637e+00
-7.298800e-02 -1.560500e-02 2.696908e+00
-1.416130e-01 -1.156800e-02 2.761179e+00
-2.553345e-01 4.664900e-02 2.713394e+00
-3.690560e-01 1.048660e-01 2.665608e+00
-1.398905e-01 9.499700e-02 2.665068e+00
8.927500e-02 8.512800e-02 2.664527e+00
-1.431105e-01 -4.797000e-02 2.641579e+00
-3.754960e-01 -1.810680e-01 2.618631e+00
-1.477545e-01 -1.916375e-01 2.623149e+00
7.998700e-02 -2.022070e-01 2.627667e+00
-1.312015e-01 -2.194730e-01 2.633946e+00
-3.423900e-01 -2.367390e-01 2.640225e+00
-1.487855e-01 -2.486905e-01 2.632353e+00
4.481900e-02 -2.606420e-01 2.624482e+00
-1.190300e-01 -4.244100e-01 2.660654e+00
-2.828790e-01 -5.881780e-01 2.696826e+00
-1.638685e-01 -5.909580e-01 2.695912e+00
-4.485800e-02 -5.937380e-01 2.694997e+00
-1.727900e-01 -8.002985e-01 2.736890e+00
-3.007220e-01 -1.006859e+00 2.778782e+00
-1.821785e-01 -1.012259e+00 2.760697e+00
-6.363500e-02 -1.017659e+00 2.742612e+00
-1.879855e-01 -1.028155e+00 2.678228e+00
-3.123360e-01 -1.038651e+00 2.613844e+00
-1.884185e-01 -1.037533e+00 2.594565e+00
-6.450100e-02 -1.036415e+00 2.575287e+00
-9.059800e-02 -1.888445e-01 2.567512e+00
-1.166950e-01 6.587260e-01 2.559737e+00
-2.126000e-01 5.149570e-01 2.623505e+00
-3.085050e-01 3.711880e-01 2.687274e+00
-1.299640e-01 3.606040e-01 2.680060e+00
4.857700e-02 3.500200e-01 2.672845e+00
-4.114950e-02 3.793885e-01 2.629842e+00
-1.308760e-01 4.087570e-01 2.586839e+00
-1.332205e-01 3.057705e-01 2.679905e+00
-1.355650e-01 2.027840e-01 2.772970e+00
-2.099580e-01 9.096750e-02 2.706419e+00
-2.843510e-01 -2.084900e-02 2.639869e+00
-1.437615e-01 -1.999650e-02 2.636826e+00
-3.172000e-03 -1.914400e-02 2.633784e+00
-7.214300e-02 -1.525950e-02 2.697693e+00
-1.411140e-01 -1.137500e-02 2.761603e+00
-2.556515e-01 4.955950e-02 2.716260e+00
-3.701890e-01 1.104940e-01 2.670918e+00
-1.394185e-01 9.781950e-02 2.668516e+00
9.135200e-02 8.514500e-02 2.666115e+00
-1.389915e-01 -4.514550e-02 2.644793e+00
-3.693350e-01 -1.754360e-01 2.623471e+00
-1.450330e-01 -1.886625e-01 2.625601e+00
7.926900e-02 -2.018890e-01 2.627731e+00
-1.341220e-01 -2.198520e-01 2.634178e+00
-3.475130e-01 -2.378150e-01 2.640626e+00
-1.489055e-01 -2.488290e-01 2.623825e+00
4.970200e-02 -2.598430e-01 2.607025e+00
-1.153405e-01 -4.244215e-01 2.650999e+00
-2.803830e-01 -5.890000e-01 2.694973e+00
-1.632320e-01 -5.915945e-01 2.694355e+00
-4.608100e-02 -5.941890e-01 2.693736e+00
-1.736845e-01 -8.005850e-01 2.736733e+00
-3.012880e-01 -1.006981e+00 2.779729e+00
-1.805180e-01 -1.012522e+00 2.761594e+00
-5.974800e-02 -1.018064e+00 2.743458e+00
-1.858875e-01 -1.028961e+00 2.679202e+00
-3.120270e-01 -1.039858e+00 2.614945e+00
-1.862095e-01 -1.038759e+00 2.595587e+00
-6.039200e-02 -1.037660e+00 2.576229e+00
-8.823800e-02 -1.898290e-01 2.565158e+00
-1.160840e-01 6.580020e-01 2.554087e+00
-2.105830e-01 5.150135e-01 2.620391e+00
-3.050820e-01 3.720250e-01 2.686694e+00
-1.265150e-01 3.610190e-01 2.680897e+00
5.205200e-02 3.500130e-01 2.675101e+00
-3.722350e-02 3.800650e-01 2.631634e+00
-1.264990e-01 4.101170e-01 2.588167e+00
-1.299180e-01 3.061990e-01 2.680157e+00
-1.333370e-01 2.022810e-01 2.772148e+00
-2.087070e-01 9.144750e-02 2.704032e+00
-2.840770e-01 -1.938600e-02 2.635916e+00
-1.434545e-01 -1.863550e-02 2.635566e+00
-2.832000e-03 -1.788500e-02 2.635216e+00
-7.301500e-02 -1.326000e-02 2.697741e+00
-1.431980e-01 -8.635000e-03 2.760267e+00
-2.553595e-01 5.138250e-02 2.716213e+00
-3.675210e-01 1.114000e-01 2.672158e+00
-1.372990e-01 9.820550e-02 2.667739e+00
9.292300e-02 8.501100e-02 2.663321e+00
-1.409795e-01 -4.488400e-02 2.645065e+00
-3.748820e-01 -1.747790e-01 2.626808e+00
-1.466215e-01 -1.885520e-01 2.626901e+00
8.163900e-02 -2.023250e-01 2.626994e+00
-1.275560e-01 -2.168240e-01 2.628506e+00
-3.367510e-01 -2.313230e-01 2.630019e+00
-1.403445e-01 -2.469905e-01 2.618924e+00
5.606200e-02 -2.626580e-01 2.607830e+00
-1.125185e-01 -4.249900e-01 2.651060e+00
-2.810990e-01 -5.873220e-01 2.694291e+00
-1.623470e-01 -5.899395e-01 2.694368e+00
-4.359500e-02 -5.925570e-01 2.694446e+00
-1.726190e-01 -7.991490e-01 2.735700e+00
-3.016430e-01 -1.005741e+00 2.776954e+00
-1.830490e-01 -1.011353e+00 2.756749e+00
-6.445500e-02 -1.016964e+00 2.736545e+00
-1.867790e-01 -1.027477e+00 2.674205e+00
-3.091030e-01 -1.037990e+00 2.611865e+00
-1.850705e-01 -1.035868e+00 2.590454e+00
-6.103800e-02 -1.033747e+00 2.569044e+00
-8.983150e-02 -1.872380e-01 2.562997e+00
-1.186250e-01 6.592710e-01 2.556949e+00
-2.099050e-01 5.161095e-01 2.620920e+00
-3.011850e-01 3.729480e-01 2.684892e+00
-1.225670e-01 3.622335e-01 2.680222e+00
5.605100e-02 3.515190e-01 2.675552e+00
-3.301400e-02 3.812040e-01 2.631407e+00
-1.220790e-01 4.108890e-01 2.587261e+00
-1.258695e-01 3.074040e-01 2.679723e+00
-1.296600e-01 2.039190e-01 2.772185e+00
-2.079810e-01 9.254800e-02 2.707901e+00
-2.863020e-01 -1.882300e-02 2.643616e+00
-1.458405e-01 -1.762850e-02 2.636941e+00
-5.379000e-03 -1.643400e-02 2.630267e+00
-7.269050e-02 -1.222350e-02 2.695902e+00
-1.400020e-01 -8.013000e-03 2.761537e+00
-2.531415e-01 5.244600e-02 2.716579e+00
-3.662810e-01 1.129050e-01 2.671622e+00
-1.376615e-01 9.923250e-02 2.669027e+00
9.095800e-02 8.556000e-02 2.666431e+00
-1.417240e-01 -4.392100e-02 2.646821e+00
-3.744060e-01 -1.734020e-01 2.627210e+00
-1.492145e-01 -1.871500e-01 2.626038e+00
7.597700e-02 -2.008980e-01 2.624866e+00
-1.292155e-01 -2.136625e-01 2.633944e+00
-3.344080e-01 -2.264270e-01 2.643022e+00
-1.412895e-01 -2.434925e-01 2.622552e+00
5.182900e-02 -2.605580e-01 2.602081e+00
-1.134285e-01 -4.239545e-01 2.649305e+00
-2.786860e-01 -5.873510e-01 2.696529e+00
-1.610065e-01 -5.892390e-01 2.695203e+00
-4.332700e-02 -5.911270e-01 2.693878e+00
-1.735775e-01 -7.987165e-01 2.734489e+00
-3.038280e-01 -1.006306e+00 2.775101e+00
-1.819885e-01 -1.010686e+00 2.758583e+00
-6.014900e-02 -1.015066e+00 2.742065e+00
-1.888095e-01 -1.025758e+00 2.676037e+00
-3.174700e-01 -1.036449e+00 2.610009e+00
-1.909340e-01 -1.035179e+00 2.592405e+00
-6.439800e-02 -1.033909e+00 2.574802e+00
-8.645700e-02 -1.872910e-01 2.564402e+00
-1.085160e-01 6.593270e-01 2.554002e+00
-2.024585e-01 5.164660e-01 2.620426e+00
-2.964010e-01 3.736050e-01 2.686849e+00
-1.178220e-01 3.627395e-01 2.681140e+00
6.075700e-02 3.518740e-01 2.675431e+00
-2.852900e-02 3.817530e-01 2.631867e+00
-1.178150e-01 4.116320e-01 2.588302e+00
-1.211775e-01 3.079140e-01 2.680520e+00
-1.245400e-01 2.041960e-01 2.772738e+00
-2.031335e-01 9.328550e-02 2.705035e+00
-2.817270e-01 -1.762500e-02 2.637332e+00
-1.411065e-01 -1.743250e-02 2.638396e+00
-4.860000e-04 -1.724000e-02 2.639461e+00
-7.127550e-02 -1.157200e-02 2.701212e+00
-1.420650e-01 -5.904000e-03 2.762963e+00
-2.519700e-01 5.386000e-02 2.718587e+00
-3.618750e-01 1.136240e-01 2.674211e+00
-1.321825e-01 9.998600e-02 2.668081e+00
9.751000e-02 8.634800e-02 2.661950e+00
-1.349785e-01 -4.320550e-02 2.645925e+00
-3.674670e-01 -1.727590e-01 2.629899e+00
-1.422400e-01 -1.865325e-01 2.625744e+00
8.298700e-02 -2.003060e-01 2.621589e+00
-1.372990e-01 -2.202095e-01 2.623125e+00
-3.575850e-01 -2.401130e-01 2.624661e+00
-1.533195e-01 -2.465510e-01 2.608467e+00
5.094600e-02 -2.529890e-01 2.592272e+00
-1.124585e-01 -4.198845e-01 2.643533e+00
-2.758630e-01 -5.867800e-01 2.694793e+00
-1.575505e-01 -5.892105e-01 2.694516e+00
-3.923800e-02 -5.916410e-01 2.694238e+00
-1.713380e-01 -7.970560e-01 2.741338e+00
-3.034380e-01 -1.002471e+00 2.788439e+00
-1.836145e-01 -1.008982e+00 2.764117e+00
-6.379100e-02 -1.015493e+00 2.739794e+00
-1.866445e-01 -1.027281e+00 2.681998e+00
-3.094980e-01 -1.039069e+00 2.624202e+00
-1.835085e-01 -1.036451e+00 2.598370e+00
-5.751900e-02 -1.033833e+00 2.572538e+00
-8.341050e-02 -1.877425e-01 2.562207e+00
-1.093020e-01 6.583480e-01 2.551876e+00
-2.005555e-01 5.165715e-01 2.618737e+00
-2.918090e-01 3.747950e-01 2.685599e+00
-1.132050e-01 3.646460e-01 2.679379e+00
6.539900e-02 3.544970e-01 2.673158e+00
-2.421300e-02 3.829120e-01 2.629284e+00
-1.138250e-01 4.113270e-01 2.585410e+00
-1.162970e-01 3.098070e-01 2.680070e+00
-1.187690e-01 2.082870e-01 2.774730e+00
-2.008515e-01 9.680700e-02 2.710534e+00
-2.829340e-01 -1.467300e-02 2.646338e+00
-1.424400e-01 -1.515350e-02 2.640283e+00
-1.946000e-03 -1.563400e-02 2.634227e+00
-6.949350e-02 -7.701500e-03 2.699273e+00
-1.370410e-01 2.310000e-04 2.764318e+00
-2.479580e-01 5.768550e-02 2.720447e+00
-3.588750e-01 1.151400e-01 2.676577e+00
-1.293760e-01 1.022110e-01 2.664197e+00
1.001230e-01 8.928200e-02 2.651816e+00
-1.346870e-01 -4.122950e-02 2.644479e+00
-3.694970e-01 -1.717410e-01 2.637142e+00
-1.499920e-01 -1.800655e-01 2.605976e+00
6.951300e-02 -1.883900e-01 2.574810e+00
-1.335075e-01 -2.092850e-01 2.612291e+00
-3.365280e-01 -2.301800e-01 2.649773e+00
-1.565440e-01 -2.341880e-01 2.616106e+00
2.344000e-02 -2.381960e-01 2.582439e+00
-1.280655e-01 -4.109925e-01 2.639570e+00
-2.795710e-01 -5.837890e-01 2.696701e+00
-1.588115e-01 -5.863715e-01 2.696486e+00
-3.805200e-02 -5.889540e-01 2.696270e+00
-1.703800e-01 -7.962320e-01 2.733995e+00
-3.027080e-01 -1.003510e+00 2.771721e+00
-1.844475e-01 -1.007956e+00 2.757608e+00
-6.618700e-02 -1.012401e+00 2.743495e+00
-1.916180e-01 -1.022331e+00 2.674968e+00
-3.170490e-01 -1.032261e+00 2.606440e+00
-1.923160e-01 -1.031616e+00 2.591296e+00
-6.758300e-02 -1.030971e+00 2.576153e+00
-8.742650e-02 -1.842235e-01 2.564701e+00
-1.072700e-01 6.625240e-01 2.553250e+00
-2.004280e-01 5.197845e-01 2.624173e+00
-2.935860e-01 3.770450e-01 2.695096e+00
-1.149725e-01 3.729040e-01 2.684099e+00
6.364100e-02 3.687630e-01 2.673102e+00
-2.801000e-02 3.942440e-01 2.631709e+00
-1.196610e-01 4.197250e-01 2.590316e+00
-1.162075e-01 3.179900e-01 2.684713e+00
-1.127540e-01 2.162550e-01 2.779111e+00
-1.978410e-01 1.021475e-01 2.717695e+00
-2.829280e-01 -1.196000e-02 2.656280e+00
-1.424660e-01 -1.102050e-02 2.649573e+00
-2.004000e-03 -1.008100e-02 2.642866e+00
-6.931500e-02 -3.739000e-03 2.708330e+00
-1.366260e-01 2.603000e-03 2.773794e+00
-2.465040e-01 5.956000e-02 2.730476e+00
-3.563820e-01 1.165170e-01 2.687159e+00
-1.239610e-01 1.115605e-01 2.663213e+00
1.084600e-01 1.066040e-01 2.639266e+00
-1.277975e-01 -3.113150e-02 2.639095e+00
-3.640550e-01 -1.688670e-01 2.638923e+00
-1.551255e-01 -1.509475e-01 2.562579e+00
5.380400e-02 -1.330280e-01 2.486235e+00
-1.448005e-01 -1.827270e-01 2.569567e+00
-3.434050e-01 -2.324260e-01 2.652899e+00
-1.656190e-01 -2.092245e-01 2.564101e+00
1.216700e-02 -1.860230e-01 2.475302e+00
-1.324655e-01 -3.836005e-01 2.586217e+00
-2.770980e-01 -5.811780e-01 2.697132e+00
-1.566415e-01 -5.830575e-01 2.697379e+00
-3.618500e-02 -5.849370e-01 2.697625e+00
-1.709260e-01 -7.925685e-01 2.735894e+00
-3.056670e-01 -1.000200e+00 2.774163e+00
-1.861640e-01 -1.004173e+00 2.759840e+00
-6.666100e-02 -1.008147e+00 2.745517e+00
-1.937435e-01 -1.018833e+00 2.677286e+00
-3.208260e-01 -1.029519e+00 2.609055e+00
-1.943790e-01 -1.028254e+00 2.593630e+00
-6.793200e-02 -1.026989e+00 2.578205e+00
-8.844500e-02 -1.788805e-01 2.568358e+00
-1.089580e-01 6.692280e-01 2.558512e+00
-2.016040e-01 5.220540e-01 2.631146e+00
-2.942500e-01 3.748800e-01 2.703780e+00
-1.156830e-01 3.770760e-01 2.691532e+00
6.288400e-02 3.792720e-01 2.679284e+00
-2.988300e-02 4.022930e-01 2.638949e+00
-1.226500e-01 4.253140e-01 2.598613e+00
-1.150305e-01 3.221500e-01 2.691198e+00
-1.074110e-01 2.189860e-01 2.783782e+00
-1.835225e-01 1.097410e-01 2.720452e+00
-2.596340e-01 4.960000e-04 2.657123e+00
-1.193215e-01 -6.691000e-03 2.651115e+00
2.099100e-02 -1.387800e-02 2.645106e+00
-4.610100e-02 -2.257500e-03 2.710069e+00
-1.131930e-01 9.363000e-03 2.775031e+00
-2.290375e-01 6.076500e-02 2.732820e+00
-3.448820e-01 1.121670e-01 2.690609e+00
-1.107430e-01 1.236935e-01 2.638763e+00
1.233960e-01 1.352200e-01 2.586917e+00
-1.162415e-01 -1.838100e-02 2.612208e+00
-3.558790e-01 -1.719820e-01 2.637499e+00
-1.747450e-01 -8.835550e-02 2.499951e+00
6.389000e-03 -4.729000e-03 2.362404e+00
-1.655455e-01 -1.177125e-01 2.514748e+00
-3.374800e-01 -2.306960e-01 2.667091e+00
-1.945660e-01 -1.157730e-01 2.496875e+00
-5.165200e-02 -8.500000e-04 2.326658e+00
-1.619230e-01 -2.860835e-01 2.511740e+00
-2.721940e-01 -5.713170e-01 2.696821e+00
-1.529335e-01 -5.781165e-01 2.696313e+00
-3.367300e-02 -5.849160e-01 2.695805e+00
-1.680270e-01 -7.876585e-01 2.734349e+00
-3.023810e-01 -9.904010e-01 2.772893e+00
-1.814305e-01 -9.991705e-01 2.760145e+00
-6.048000e-02 -1.007940e+00 2.747396e+00
-1.897115e-01 -1.013556e+00 2.677610e+00
-3.189430e-01 -1.019172e+00 2.607824e+00
-1.910965e-01 -1.023659e+00 2.594043e+00
-6.325000e-02 -1.028147e+00 2.580261e+00
-8.573850e-02 -1.819900e-01 2.566223e+00
-1.082270e-01 6.641670e-01 2.552185e+00
-1.945180e-01 5.195150e-01 2.629625e+00
-2.808090e-01 3.748630e-01 2.707066e+00
-1.026855e-01 3.719450e-01 2.689615e+00
7.543800e-02 3.690270e-01 2.672164e+00
-1.802250e-02 3.905910e-01 2.632632e+00
-1.114830e-01 4.121550e-01 2.593099e+00
-1.031510e-01 3.171940e-01 2.694024e+00
-9.481900e-02 2.222330e-01 2.794949e+00
-1.716130e-01 1.091730e-01 2.725355e+00
-2.484070e-01 -3.887000e-03 2.655761e+00
-1.079150e-01 -8.304500e-03 2.651533e+00
3.257700e-02 -1.272200e-02 2.647304e+00
-3.551150e-02 -1.032500e-03 2.711209e+00
-1.036000e-01 1.065700e-02 2.775114e+00
-2.204645e-01 6.303850e-02 2.738614e+00
-3.373290e-01 1.154200e-01 2.702113e+00
-1.153465e-01 1.581980e-01 2.585509e+00
1.066360e-01 2.009760e-01 2.468904e+00
-1.189945e-01 1.795400e-02 2.555818e+00
-3.446250e-01 -1.650680e-01 2.642733e+00
-2.136670e-01 4.713900e-02 2.452142e+00
-8.270900e-02 2.593460e-01 2.261552e+00
-2.043720e-01 1.647650e-02 2.463926e+00
-3.260350e-01 -2.263930e-01 2.666299e+00
-2.285895e-01 2.730050e-02 2.442437e+00
-1.311440e-01 2.809940e-01 2.218576e+00
-2.034290e-01 -1.442675e-01 2.457882e+00
-2.757140e-01 -5.695290e-01 2.697189e+00
-1.528270e-01 -5.776575e-01 2.698524e+00
-2.994000e-02 -5.857860e-01 2.699860e+00
-1.652865e-01 -7.879120e-01 2.733452e+00
-3.006330e-01 -9.900380e-01 2.767045e+00
-1.794970e-01 -9.991755e-01 2.760803e+00
-5.836100e-02 -1.008313e+00 2.754562e+00
-1.885415e-01 -1.012371e+00 2.678149e+00
-3.187220e-01 -1.016428e+00 2.601737e+00
-1.892840e-01 -1.023130e+00 2.594656e+00
-5.984600e-02 -1.029832e+00 2.587574e+00
-8.556100e-02 -1.815465e-01 2.572672e+00
-1.112760e-01 6.667390e-01 2.557770e+00
-1.919935e-01 5.166315e-01 2.638460e+00
-2.727110e-01 3.665240e-01 2.719149e+00
7.671200e-02 3.604340e-01 2.641495e+00
-1.191330e-01 3.956350e-01 2.582706e+00
-7.484800e-02 2.228970e-01 2.795525e+00
-2.439610e-01 -1.930000e-03 2.695210e+00
2.903200e-02 -2.366500e-02 2.631149e+00
-7.799800e-02 1.406000e-03 2.783930e+00
-3.308650e-01 1.083190e-01 2.706518e+00
5.315100e-02 2.621220e-01 2.396565e+00
-3.442280e-01 -1.722460e-01 2.651866e+00
-1.329870e-01 4.197690e-01 2.246959e+00
-3.289940e-01 -2.209190e-01 2.697258e+00
-1.806900e-01 4.653640e-01 2.229433e+00
-2.773600e-01 -5.721270e-01 2.699796e+00
-2.873300e-02 -5.926490e-01 2.701962e+00
-3.040630e-01 -9.913750e-01 2.776264e+00
-6.007600e-02 -1.015398e+00 2.753251e+00
-3.560260e-01 -1.016903e+00 2.618155e+00
-9.529200e-02 -1.032653e+00 2.589507e+00
-1.110600e-01 6.683250e-01 2.560744e+00
-2.735640e-01 3.710330e-01 2.740615e+00
5.945200e-02 3.638360e-01 2.611522e+00
-1.420210e-01 4.008410e-01 2.582950e+00
-6.755200e-02 2.253780e-01 2.784838e+00
-2.414080e-01 2.777000e-03 2.715380e+00
2.061800e-02 -2.843700e-02 2.618068e+00
-6.581600e-02 -1.227000e-03 2.783037e+00
-3.246490e-01 1.136520e-01 2.716224e+00
-7.380000e-04 3.332860e-01 2.356780e+00
-3.371840e-01 -1.644700e-01 2.657193e+00
-1.715470e-01 5.424610e-01 2.266979e+00
-3.206530e-01 -2.245620e-01 2.685073e+00
-2.178770e-01 5.925960e-01 2.265738e+00
-2.774230e-01 -5.711190e-01 2.703613e+00
-2.750200e-02 -5.936560e-01 2.698582e+00
-3.041990e-01 -9.916730e-01 2.772508e+00
-5.759600e-02 -1.015533e+00 2.757262e+00
-3.728360e-01 -1.012264e+00 2.620143e+00
-1.123820e-01 -1.033627e+00 2.599082e+00
-1.087850e-01 6.655700e-01 2.544998e+00
-2.757640e-01 3.646720e-01 2.766833e+00
3.001200e-02 3.740870e-01 2.590115e+00
-1.720270e-01 3.979250e-01 2.590245e+00
-5.638200e-02 2.332710e-01 2.781574e+00
-2.321740e-01 6.895000e-03 2.725380e+00
1.371800e-02 -2.818400e-02 2.593442e+00
-4.900700e-02 1.658000e-03 2.768373e+00
-3.294670e-01 1.090540e-01 2.724583e+00
-7.124900e-02 3.922110e-01 2.346338e+00
-3.477110e-01 -1.736580e-01 2.687325e+00
-2.137610e-01 6.341810e-01 2.293536e+00
-3.245890e-01 -2.370280e-01 2.697867e+00
-2.438250e-01 6.954620e-01 2.291980e+00
-2.764910e-01 -5.665210e-01 2.710891e+00
-3.273900e-02 -5.917880e-01 2.694123e+00
-3.009470e-01 -9.871680e-01 2.780081e+00
-6.090600e-02 -1.012799e+00 2.759588e+00
-3.893280e-01 -1.005411e+00 2.637933e+00
-1.381940e-01 -1.030721e+00 2.611077e+00
-1.016380e-01 6.728290e-01 2.559052e+00
-2.791110e-01 3.524670e-01 2.771823e+00
2.291600e-02 3.731140e-01 2.586983e+00
-1.805730e-01 3.936950e-01 2.593943e+00
-5.751500e-02 2.240570e-01 2.776072e+00
-2.350620e-01 2.882000e-03 2.725479e+00
7.747000e-03 -2.930300e-02 2.587242e+00
-5.087800e-02 -1.751000e-03 2.763962e+00
-3.372600e-01 9.836600e-02 2.729902e+00
-9.445600e-02 3.760010e-01 2.350505e+00
-3.519610e-01 -1.829500e-01 2.685880e+00
-2.382140e-01 6.106080e-01 2.275766e+00
-3.382780e-01 -2.448660e-01 2.711196e+00
-2.645990e-01 6.711120e-01 2.293221e+00
-2.792610e-01 -5.698500e-01 2.710506e+00
-3.424300e-02 -5.941080e-01 2.685817e+00
-3.045080e-01 -9.896620e-01 2.784328e+00
-6.123700e-02 -1.014098e+00 2.757988e+00
-3.964370e-01 -1.008712e+00 2.644556e+00
-1.411850e-01 -1.034189e+00 2.611173e+00
-9.864600e-02 6.668150e-01 2.562017e+00
-2.820700e-01 3.451390e-01 2.771152e+00
2.015300e-02 3.696320e-01 2.581945e+00
-1.856350e-01 3.889360e-01 2.592736e+00
-5.982300e-02 2.177890e-01 2.771541e+00
-2.414580e-01 -3.268000e-03 2.721371e+00
-1.000000e-06 -3.467400e-02 2.580609e+00
-5.681300e-02 -6.102000e-03 2.757759e+00
-3.471540e-01 9.436500e-02 2.731742e+00
-9.726000e-02 3.387890e-01 2.349696e+00
-3.573450e-01 -1.854810e-01 2.690815e+00
-2.783270e-01 5.212960e-01 2.231381e+00
-3.295370e-01 -2.474580e-01 2.697686e+00
-3.291680e-01 5.653050e-01 2.219547e+00
-2.813290e-01 -5.764350e-01 2.710025e+00
-4.407300e-02 -5.997030e-01 2.683647e+00
-3.099390e-01 -9.964650e-01 2.781339e+00
-6.143000e-02 -1.020509e+00 2.754002e+00
-4.023110e-01 -1.013890e+00 2.641647e+00
-1.443650e-01 -1.041339e+00 2.608958e+00
-1.180890e-01 6.687770e-01 2.575159e+00
-3.244570e-01 3.396570e-01 2.767960e+00
-8.653000e-03 3.918680e-01 2.607631e+00
-2.158850e-01 4.003780e-01 2.601902e+00
-9.649400e-02 2.234120e-01 2.779441e+00
-2.558330e-01 -2.390000e-04 2.703805e+00
-2.298000e-03 -2.601500e-02 2.584821e+00
-7.513700e-02 -4.700000e-04 2.756483e+00
-3.530150e-01 8.314800e-02 2.741115e+00
-5.720200e-02 2.793500e-01 2.378904e+00
-3.661600e-01 -1.929610e-01 2.695110e+00
-2.808840e-01 2.426740e-01 2.214142e+00
-3.457720e-01 -2.572050e-01 2.706004e+00
-3.439160e-01 2.164750e-01 2.212684e+00
-2.856530e-01 -5.732730e-01 2.706696e+00
-5.280100e-02 -5.934040e-01 2.678296e+00
-3.036320e-01 -9.945540e-01 2.773991e+00
-6.349600e-02 -1.014772e+00 2.746588e+00
-3.845540e-01 -1.014471e+00 2.627686e+00
-1.334620e-01 -1.037542e+00 2.595141e+00
-1.475360e-01 6.737620e-01 2.582975e+00
-3.180410e-01 3.250860e-01 2.797801e+00
-1.922700e-02 3.901230e-01 2.611670e+00
-2.260260e-01 3.978540e-01 2.626662e+00
-9.018100e-02 2.095990e-01 2.778968e+00
-2.536180e-01 -4.435000e-03 2.707750e+00
-1.317800e-02 -3.375800e-02 2.564816e+00
-6.878200e-02 -9.194000e-03 2.742947e+00
-3.647580e-01 7.731900e-02 2.743207e+00
-1.656400e-02 2.247570e-01 2.413682e+00
-3.879230e-01 -1.981790e-01 2.708876e+00
-2.096990e-01 1.198860e-01 2.242466e+00
-3.483830e-01 -2.470800e-01 2.682290e+00
-2.595110e-01 7.512600e-02 2.229166e+00
-2.887300e-01 -5.786530e-01 2.702219e+00
-5.695800e-02 -5.990110e-01 2.673682e+00
-3.061860e-01 -9.984510e-01 2.778340e+00
-6.775000e-02 -1.020689e+00 2.740016e+00
-4.004020e-01 -1.019546e+00 2.640396e+00
-1.532110e-01 -1.041096e+00 2.596384e+00
-1.569250e-01 6.619170e-01 2.594759e+00
-3.296530e-01 3.169380e-01 2.798815e+00
-3.408200e-02 3.903020e-01 2.610615e+00
-2.408970e-01 3.924570e-01 2.627148e+00
-9.892600e-02 2.076370e-01 2.778069e+00
-2.605060e-01 -1.103800e-02 2.708938e+00
-2.047000e-02 -3.713600e-02 2.564705e+00
-7.558800e-02 -1.691400e-02 2.743532e+00
-3.736860e-01 6.540500e-02 2.751296e+00
1.037200e-02 2.241230e-01 2.416002e+00
-3.894940e-01 -2.103090e-01 2.702183e+00
-1.532540e-01 1.180710e-01 2.214360e+00
-3.921550e-01 -2.783510e-01 2.707164e+00
-1.950840e-01 7.406100e-02 2.183136e+00
-2.906040e-01 -5.858480e-01 2.702632e+00
-6.643400e-02 -6.032700e-01 2.676407e+00
-3.093470e-01 -1.004704e+00 2.783488e+00
-6.645500e-02 -1.026284e+00 2.734620e+00
-4.034070e-01 -1.027104e+00 2.645644e+00
-1.536960e-01 -1.045912e+00 2.591953e+00
-1.687670e-01 6.599950e-01 2.598834e+00
-3.355380e-01 3.224830e-01 2.781830e+00
-4.060100e-02 3.694120e-01 2.584412e+00
-2.471970e-01 3.768130e-01 2.602123e+00
-1.067370e-01 2.077610e-01 2.771781e+00
-2.694020e-01 -1.424600e-02 2.705852e+00
-3.068100e-02 -4.235100e-02 2.559824e+00
-8.430700e-02 -2.203900e-02 2.739094e+00
-3.841240e-01 7.132500e-02 2.741407e+00
5.541000e-02 2.776590e-01 2.362065e+00
-3.991580e-01 -2.066000e-01 2.713916e+00
-6.013200e-02 3.034210e-01 2.108667e+00
-4.194320e-01 -2.717680e-01 2.712019e+00
-1.011670e-01 2.906150e-01 2.055622e+00
-3.006820e-01 -5.898830e-01 2.696079e+00
-6.676000e-02 -6.057050e-01 2.680562e+00
-3.088470e-01 -1.008649e+00 2.779131e+00
-6.760200e-02 -1.029218e+00 2.735015e+00
-4.048110e-01 -1.033761e+00 2.643079e+00
-1.563640e-01 -1.047291e+00 2.593083e+00
-1.870280e-01 6.597050e-01 2.590584e+00
-3.207510e-01 3.624910e-01 2.752328e+00
-8.030000e-04 3.632840e-01 2.595296e+00
-2.032000e-01 4.010650e-01 2.585762e+00
-1.118690e-01 2.154010e-01 2.770907e+00
-2.910770e-01 -1.223500e-02 2.700111e+00
-3.838500e-02 -2.997700e-02 2.577908e+00
-1.100390e-01 -1.646500e-02 2.751427e+00
-3.914280e-01 1.140100e-01 2.749609e+00
4.459800e-02 3.679800e-01 2.341009e+00
-4.113440e-01 -1.624710e-01 2.717970e+00
2.224000e-02 5.023270e-01 2.097512e+00
-4.005510e-01 -2.288210e-01 2.729922e+00
-9.474000e-03 5.278510e-01 2.042701e+00
-3.040950e-01 -5.877780e-01 2.692945e+00
-7.130400e-02 -5.978070e-01 2.676501e+00
-3.129600e-01 -1.005425e+00 2.781380e+00
-6.476300e-02 -1.021264e+00 2.731009e+00
-3.941470e-01 -1.034331e+00 2.636731e+00
-1.379170e-01 -1.041736e+00 2.580744e+00
-1.863930e-01 6.753460e-01 2.584893e+00
-3.377690e-01 3.602440e-01 2.750643e+00
-1.976800e-02 3.732120e-01 2.602399e+00
-2.174630e-01 4.101920e-01 2.589143e+00
-1.279940e-01 2.138500e-01 2.763890e+00
-2.957870e-01 -4.767000e-03 2.693923e+00
-4.106200e-02 -2.896100e-02 2.577168e+00
-1.158930e-01 -1.094900e-02 2.748930e+00
-3.953390e-01 1.101250e-01 2.738383e+00
4.031500e-02 4.643130e-01 2.369774e+00
-4.218400e-01 -1.650750e-01 2.714689e+00
8.361500e-02 6.402870e-01 2.159638e+00
-4.021560e-01 -2.302450e-01 2.709487e+00
9.203000e-02 6.824770e-01 2.106620e+00
-3.049660e-01 -5.828190e-01 2.695799e+00
-7.915200e-02 -5.948380e-01 2.675792e+00
-3.112420e-01 -1.002002e+00 2.776890e+00
-6.513700e-02 -1.017438e+00 2.735308e+00
-3.885970e-01 -1.029289e+00 2.629847e+00
-1.357290e-01 -1.041049e+00 2.584280e+00
-1.865610e-01 6.814720e-01 2.586821e+00
-3.486980e-01 3.597420e-01 2.753121e+00
-3.381500e-02 3.748610e-01 2.604765e+00
-2.289030e-01 4.135840e-01 2.592496e+00
-1.398170e-01 2.116930e-01 2.761004e+00
-3.011130e-01 -1.625000e-03 2.688195e+00
-4.758100e-02 -2.993300e-02 2.569782e+00
-1.209860e-01 -1.069500e-02 2.742025e+00
-4.017310e-01 1.127450e-01 2.726840e+00
6.937000e-02 5.038810e-01 2.411846e+00
-4.326460e-01 -1.588770e-01 2.704485e+00
1.290850e-01 7.084810e-01 2.239201e+00
-4.188160e-01 -2.249390e-01 2.714784e+00
1.304960e-01 7.516030e-01 2.186285e+00
-3.116310e-01 -5.804940e-01 2.697771e+00
-8.252900e-02 -5.935570e-01 2.671283e+00
-3.136200e-01 -9.999240e-01 2.777796e+00
-6.494600e-02 -1.014607e+00 2.740110e+00
-3.922580e-01 -1.027467e+00 2.631483e+00
-1.365180e-01 -1.042100e+00 2.590204e+00
-1.809160e-01 6.787140e-01 2.582727e+00
-3.523030e-01 3.604790e-01 2.744971e+00
-2.902700e-02 3.778780e-01 2.613645e+00
-2.239660e-01 4.175710e-01 2.592260e+00
-1.445210e-01 2.114920e-01 2.760520e+00
-3.020680e-01 3.764000e-03 2.679553e+00
-4.318000e-02 -2.823600e-02 2.574414e+00
-1.252470e-01 -9.237000e-03 2.742729e+00
-4.088950e-01 1.130230e-01 2.728074e+00
8.984700e-02 5.002940e-01 2.424949e+00
-4.363100e-01 -1.575460e-01 2.689061e+00
1.320180e-01 7.086500e-01 2.250907e+00
-4.171350e-01 -2.220930e-01 2.700359e+00
1.244650e-01 7.510490e-01 2.197927e+00
-3.079780e-01 -5.771460e-01 2.692430e+00
-8.759200e-02 -5.918980e-01 2.663407e+00
-3.111600e-01 -9.961770e-01 2.774483e+00
-6.259000e-02 -1.011511e+00 2.738433e+00
-3.813050e-01 -1.025078e+00 2.624168e+00
-1.259300e-01 -1.042619e+00 2.585559e+00
-1.779990e-01 6.780760e-01 2.578090e+00
-3.537790e-01 3.669590e-01 2.732022e+00
-1.801400e-02 3.831610e-01 2.627095e+00
-2.128890e-01 4.245450e-01 2.591011e+00
-1.490870e-01 2.161150e-01 2.762992e+00
-3.172700e-01 5.221000e-03 2.668368e+00
-5.012300e-02 -2.091200e-02 2.584397e+00
-1.458710e-01 -4.145000e-03 2.745572e+00
-4.103690e-01 1.172770e-01 2.716599e+00
1.062860e-01 4.753360e-01 2.422560e+00
-4.185010e-01 -1.517670e-01 2.651293e+00
1.330900e-01 6.797580e-01 2.237604e+00
-4.180980e-01 -2.171420e-01 2.631609e+00
1.248240e-01 7.217050e-01 2.184371e+00
-3.046270e-01 -5.767080e-01 2.680013e+00
-8.105000e-02 -5.852580e-01 2.662167e+00
-3.103770e-01 -9.917410e-01 2.780234e+00
-6.516600e-02 -1.005189e+00 2.737897e+00
-3.664330e-01 -1.028275e+00 2.625724e+00
-1.134930e-01 -1.035583e+00 2.579497e+00
-1.770170e-01 6.834460e-01 2.581284e+00
-3.560320e-01 3.704680e-01 2.718168e+00
-7.032000e-03 3.758400e-01 2.644994e+00
-2.003540e-01 4.249190e-01 2.592272e+00
-1.607290e-01 2.116640e-01 2.765603e+00
-3.129630e-01 3.501000e-03 2.659162e+00
-3.891800e-02 -2.045800e-02 2.600622e+00
-1.498080e-01 -8.497000e-03 2.752234e+00
-4.138660e-01 1.174200e-01 2.709763e+00
1.275910e-01 4.092260e-01 2.425424e+00
-4.198500e-01 -1.519240e-01 2.631797e+00
1.459760e-01 5.830670e-01 2.206103e+00
-4.065210e-01 -2.188740e-01 2.630567e+00
1.158140e-01 6.090500e-01 2.150634e+00
-3.013330e-01 -5.774530e-01 2.676426e+00
-7.709700e-02 -5.859400e-01 2.668534e+00
-3.148000e-01 -9.939520e-01 2.769575e+00
-6.661100e-02 -1.007334e+00 2.736692e+00
-3.559090e-01 -1.028322e+00 2.609954e+00
-1.003810e-01 -1.034491e+00 2.573989e+00
-1.874430e-01 6.828950e-01 2.595942e+00
-3.522650e-01 3.696830e-01 2.701908e+00
2.307000e-03 3.742320e-01 2.652699e+00
-1.882420e-01 4.227120e-01 2.586432e+00
-1.608250e-01 2.114080e-01 2.764450e+00
-3.090350e-01 1.072000e-03 2.650158e+00
-3.142100e-02 -2.115400e-02 2.610937e+00
-1.526900e-01 -9.571000e-03 2.754413e+00
-4.117110e-01 1.153720e-01 2.691845e+00
1.473680e-01 3.286220e-01 2.440128e+00
-4.260310e-01 -1.593750e-01 2.628815e+00
1.656400e-01 4.709270e-01 2.197065e+00
-4.077110e-01 -2.251310e-01 2.630262e+00
1.295030e-01 4.849020e-01 2.140848e+00
-2.997620e-01 -5.788680e-01 2.672391e+00
-7.222500e-02 -5.872110e-01 2.675401e+00
-3.152950e-01 -9.935290e-01 2.773110e+00
-6.463100e-02 -1.009879e+00 2.735595e+00
-3.462450e-01 -1.031497e+00 2.612018e+00
-8.735500e-02 -1.033801e+00 2.570484e+00
-1.930320e-01 6.834330e-01 2.601387e+00
-3.499550e-01 3.677640e-01 2.695324e+00
6.062000e-03 3.690890e-01 2.657722e+00
-1.817830e-01 4.191150e-01 2.585181e+00
-1.620730e-01 2.079320e-01 2.764359e+00
-3.092220e-01 -3.605000e-03 2.637080e+00
-3.050500e-02 -1.953100e-02 2.602952e+00
-1.542840e-01 -4.473000e-03 2.743941e+00
-4.105090e-01 1.124030e-01 2.683747e+00
1.482720e-01 2.343230e-01 2.482723e+00
-4.262220e-01 -1.624530e-01 2.615275e+00
1.767030e-01 3.311570e-01 2.217588e+00
-4.151540e-01 -2.296450e-01 2.620204e+00
1.527970e-01 3.619400e-01 2.161530e+00
-2.990810e-01 -5.798640e-01 2.680893e+00
-7.158200e-02 -5.871240e-01 2.679374e+00
-3.121120e-01 -9.960090e-01 2.775670e+00
-6.461700e-02 -1.011031e+00 2.730205e+00
-3.398120e-01 -1.032065e+00 2.613551e+00
-8.496100e-02 -1.031260e+00 2.564292e+00
-1.890120e-01 6.813780e-01 2.596280e+00
-3.539090e-01 3.717290e-01 2.697231e+00
2.125000e-03 3.734360e-01 2.659801e+00
-1.856830e-01 4.242940e-01 2.587745e+00
-1.660730e-01 2.111110e-01 2.764548e+00
-3.040190e-01 -2.199000e-03 2.631211e+00
-2.363200e-02 -1.538600e-02 2.613577e+00
-1.555760e-01 1.310000e-04 2.746904e+00
-4.088310e-01 1.138760e-01 2.679339e+00
1.168270e-01 1.583060e-01 2.557885e+00
-4.230760e-01 -1.645710e-01 2.618553e+00
1.749350e-01 1.304480e-01 2.279896e+00
-3.934980e-01 -2.248430e-01 2.630969e+00
1.766720e-01 1.267300e-01 2.211743e+00
-3.004710e-01 -5.761490e-01 2.682053e+00
-7.021000e-02 -5.849600e-01 2.681841e+00
-3.157180e-01 -9.931100e-01 2.772830e+00
-6.339800e-02 -1.008811e+00 2.733153e+00
-3.343640e-01 -1.028057e+00 2.609180e+00
-7.360800e-02 -1.029172e+00 2.566326e+00
-1.871830e-01 6.813100e-01 2.603357e+00
-3.566940e-01 3.690320e-01 2.687654e+00
-9.500000e-05 3.832260e-01 2.659378e+00
-1.876620e-01 4.263090e-01 2.581834e+00
-1.650180e-01 2.162120e-01 2.761939e+00
-3.058310e-01 -4.456000e-03 2.635994e+00
-2.575400e-02 -1.643400e-02 2.613305e+00
-1.553210e-01 -1.073000e-03 2.748960e+00
-4.059860e-01 1.087120e-01 2.680856e+00
1.046120e-01 1.488810e-01 2.593336e+00
-4.255350e-01 -1.699640e-01 2.618596e+00
1.563510e-01 5.103000e-03 2.351325e+00
-3.997750e-01 -2.304580e-01 2.636993e+00
1.646970e-01 -5.180200e-02 2.314532e+00
-2.999300e-01 -5.781340e-01 2.687424e+00
-6.789300e-02 -5.863490e-01 2.680480e+00
-3.178740e-01 -9.935680e-01 2.784489e+00
-6.454300e-02 -1.009772e+00 2.735530e+00
-3.393030e-01 -1.030687e+00 2.621661e+00
-7.681300e-02 -1.031518e+00 2.569016e+00
-1.814880e-01 6.841440e-01 2.608734e+00
-3.472260e-01 3.697900e-01 2.683216e+00
9.954000e-03 3.737720e-01 2.659328e+00
-1.753510e-01 4.216000e-01 2.579172e+00
-1.608660e-01 2.121340e-01 2.760847e+00
-2.969130e-01 -5.382000e-03 2.631545e+00
-1.631600e-02 -1.966700e-02 2.618781e+00
-1.502890e-01 7.140000e-04 2.749402e+00
-4.009330e-01 1.096570e-01 2.677881e+00
8.358800e-02 1.206280e-01 2.626492e+00
-4.183160e-01 -1.706000e-01 2.618988e+00
1.348040e-01 -1.128050e-01 2.467747e+00
-3.887900e-01 -2.304330e-01 2.633469e+00
1.263900e-01 -1.699710e-01 2.431376e+00
-2.969720e-01 -5.788450e-01 2.685698e+00
-6.217500e-02 -5.890670e-01 2.682607e+00
-3.085800e-01 -9.944370e-01 2.783050e+00
-6.417600e-02 -1.013015e+00 2.733531e+00
-3.263250e-01 -1.032155e+00 2.619916e+00
-7.021500e-02 -1.033054e+00 2.566462e+00
-1.622880e-01 6.843740e-01 2.591928e+00
