-4.045030e-01 2.294640e-01 2.528795e+00
-2.257990e-01 2.313260e-01 2.507315e+00
-4.709500e-02 2.331880e-01 2.485836e+00
-1.421910e-01 2.559805e-01 2.450842e+00
-2.372870e-01 2.787730e-01 2.415848e+00
-2.256005e-01 1.892305e-01 2.505313e+00
-2.139140e-01 9.968800e-02 2.594778e+00
-3.237520e-01 -1.318450e-02 2.541601e+00
-4.335900e-01 -1.260570e-01 2.488424e+00
-2.209390e-01 -1.197065e-01 2.478134e+00
-8.288000e-03 -1.133560e-01 2.467843e+00
-1.118585e-01 -1.113705e-01 2.533101e+00
-2.154290e-01 -1.093850e-01 2.598360e+00
-3.435650e-01 -7.261500e-02 2.569884e+00
-4.717010e-01 -3.584500e-02 2.541409e+00
-2.200790e-01 -3.251550e-02 2.510466e+00
3.154300e-02 -2.918600e-02 2.479524e+00
-2.169575e-01 -1.684035e-01 2.459837e+00
-4.654580e-01 -3.076210e-01 2.440149e+00
-2.204495e-01 -2.983370e-01 2.395465e+00
2.455900e-02 -2.890530e-01 2.350781e+00
-2.226295e-01 -3.323685e-01 2.399612e+00
-4.698180e-01 -3.756840e-01 2.448444e+00
-2.116620e-01 -3.612265e-01 2.384545e+00
4.649400e-02 -3.467690e-01 2.320647e+00
-1.454390e-01 -4.859455e-01 2.418921e+00
-3.373720e-01 -6.251220e-01 2.517196e+00
-2.206395e-01 -6.226870e-01 2.512973e+00
-1.039070e-01 -6.202520e-01 2.508750e+00
-2.309365e-01 -8.115405e-01 2.571558e+00
-3.579660e-01 -1.002829e+00 2.634366e+00
-2.488735e-01 -9.964855e-01 2.639952e+00
-1.397810e-01 -9.901420e-01 2.645537e+00
-2.543750e-01 -1.020935e+00 2.560170e+00
-3.689690e-01 -1.051728e+00 2.474803e+00
-2.524740e-01 -1.050095e+00 2.481816e+00
-1.359790e-01 -1.048461e+00 2.488830e+00
-1.845890e-01 -2.676915e-01 2.432222e+00
-2.331990e-01 5.130780e-01 2.375615e+00
-3.192335e-01 3.706205e-01 2.453707e+00
-4.052680e-01 2.281630e-01 2.531799e+00
-2.268150e-01 2.317785e-01 2.508532e+00
-4.836200e-02 2.353940e-01 2.485264e+00
-1.440300e-01 2.570960e-01 2.451147e+00
-2.396980e-01 2.787980e-01 2.417030e+00
-2.262055e-01 1.896805e-01 2.506665e+00
-2.127130e-01 1.005630e-01 2.596300e+00
-3.235810e-01 -9.859500e-03 2.544783e+00
-4.344490e-01 -1.202820e-01 2.493266e+00
-2.219670e-01 -1.157845e-01 2.479191e+00
-9.485000e-03 -1.112870e-01 2.465117e+00
-1.118460e-01 -1.088090e-01 2.532241e+00
-2.142070e-01 -1.063310e-01 2.599366e+00
-3.429525e-01 -7.170900e-02 2.571212e+00
-4.716980e-01 -3.708700e-02 2.543059e+00
-2.203815e-01 -3.180650e-02 2.512849e+00
3.093500e-02 -2.652600e-02 2.482638e+00
-2.242155e-01 -1.684175e-01 2.464738e+00
-4.793660e-01 -3.103090e-01 2.446837e+00
-2.285900e-01 -2.994895e-01 2.403150e+00
2.218600e-02 -2.886700e-01 2.359463e+00
-2.274855e-01 -3.319805e-01 2.392049e+00
-4.771570e-01 -3.752910e-01 2.424635e+00
-2.213625e-01 -3.574400e-01 2.369813e+00
3.443200e-02 -3.395890e-01 2.314992e+00
-1.509965e-01 -4.802440e-01 2.415586e+00
-3.364250e-01 -6.208990e-01 2.516181e+00
-2.205530e-01 -6.189150e-01 2.512903e+00
-1.046810e-01 -6.169310e-01 2.509624e+00
-2.315420e-01 -8.101440e-01 2.563049e+00
-3.584030e-01 -1.003357e+00 2.616474e+00
-2.487400e-01 -9.955830e-01 2.630284e+00
-1.390770e-01 -9.878090e-01 2.644094e+00
-2.552185e-01 -1.016382e+00 2.549546e+00
-3.713600e-01 -1.044956e+00 2.454999e+00
-2.548320e-01 -1.044919e+00 2.470942e+00
-1.383040e-01 -1.044881e+00 2.486885e+00
-1.863605e-01 -2.666395e-01 2.429769e+00
-2.344170e-01 5.116020e-01 2.372654e+00
-3.189490e-01 3.683915e-01 2.455989e+00
-4.034810e-01 2.251810e-01 2.539323e+00
-2.254445e-01 2.289315e-01 2.513076e+00
-4.740800e-02 2.326820e-01 2.486829e+00
-1.436080e-01 2.550585e-01 2.454702e+00
-2.398080e-01 2.774350e-01 2.422575e+00
-2.249345e-01 1.868680e-01 2.510523e+00
-2.100610e-01 9.630100e-02 2.598471e+00
-3.212395e-01 -1.283100e-02 2.550030e+00
-4.324180e-01 -1.219630e-01 2.501589e+00
-2.205850e-01 -1.177550e-01 2.479775e+00
-8.752000e-03 -1.135470e-01 2.457961e+00
-1.085915e-01 -1.110030e-01 2.528779e+00
-2.084310e-01 -1.084590e-01 2.599597e+00
-3.394035e-01 -7.422950e-02 2.571249e+00
-4.703760e-01 -4.000000e-02 2.542900e+00
-2.188375e-01 -3.439650e-02 2.512528e+00
3.270100e-02 -2.879300e-02 2.482156e+00
-2.265940e-01 -1.744645e-01 2.476640e+00
-4.858890e-01 -3.201360e-01 2.471123e+00
-2.314495e-01 -2.998700e-01 2.404410e+00
2.299000e-02 -2.796040e-01 2.337697e+00
-2.345060e-01 -3.330440e-01 2.396028e+00
-4.920020e-01 -3.864840e-01 2.454360e+00
-2.372290e-01 -3.668350e-01 2.401584e+00
1.754400e-02 -3.471860e-01 2.348808e+00
-1.599615e-01 -4.849290e-01 2.433349e+00
-3.374670e-01 -6.226720e-01 2.517890e+00
-2.211090e-01 -6.205140e-01 2.516547e+00
-1.047510e-01 -6.183560e-01 2.515204e+00
-2.314325e-01 -8.120185e-01 2.565774e+00
-3.581140e-01 -1.005681e+00 2.616344e+00
-2.483630e-01 -9.991160e-01 2.628319e+00
-1.386120e-01 -9.925510e-01 2.640295e+00
-2.580065e-01 -1.019308e+00 2.547744e+00
-3.774010e-01 -1.046066e+00 2.455193e+00
-2.614195e-01 -1.045521e+00 2.468407e+00
-1.454380e-01 -1.044977e+00 2.481621e+00
-1.881240e-01 -2.686020e-01 2.427016e+00
-2.308100e-01 5.077730e-01 2.372412e+00
-3.169420e-01 3.674865e-01 2.453614e+00
-4.030740e-01 2.272000e-01 2.534816e+00
-2.244410e-01 2.300665e-01 2.512860e+00
-4.580800e-02 2.329330e-01 2.490903e+00
-1.411215e-01 2.552360e-01 2.456187e+00
-2.364350e-01 2.775390e-01 2.421471e+00
-2.240165e-01 1.879745e-01 2.510815e+00
-2.115980e-01 9.841000e-02 2.600159e+00
-3.219955e-01 -1.290900e-02 2.549873e+00
-4.323930e-01 -1.242280e-01 2.499587e+00
-2.203160e-01 -1.156710e-01 2.481785e+00
-8.239000e-03 -1.071140e-01 2.463984e+00
-1.094450e-01 -1.063520e-01 2.532877e+00
-2.106510e-01 -1.055900e-01 2.601770e+00
-3.407010e-01 -7.166700e-02 2.574708e+00
-4.707510e-01 -3.774400e-02 2.547646e+00
-2.195110e-01 -3.348800e-02 2.512242e+00
3.172900e-02 -2.923200e-02 2.476837e+00
-2.274720e-01 -1.723375e-01 2.471482e+00
-4.866730e-01 -3.154430e-01 2.466127e+00
-2.314870e-01 -2.805895e-01 2.375205e+00
2.369900e-02 -2.457360e-01 2.284283e+00
-2.305885e-01 -3.142025e-01 2.368173e+00
-4.848760e-01 -3.826690e-01 2.452062e+00
-2.378975e-01 -3.477575e-01 2.369033e+00
9.081000e-03 -3.128460e-01 2.286004e+00
-1.639990e-01 -4.675855e-01 2.400787e+00
-3.370790e-01 -6.223250e-01 2.515571e+00
-2.220485e-01 -6.186440e-01 2.515702e+00
-1.070180e-01 -6.149630e-01 2.515834e+00
-2.325315e-01 -8.098130e-01 2.566186e+00
-3.580450e-01 -1.004663e+00 2.616539e+00
-2.482220e-01 -9.974315e-01 2.627482e+00
-1.383990e-01 -9.902000e-01 2.638424e+00
-2.565370e-01 -1.018250e+00 2.546917e+00
-3.746750e-01 -1.046301e+00 2.455410e+00
-2.590610e-01 -1.044017e+00 2.467401e+00
-1.434470e-01 -1.041734e+00 2.479392e+00
-1.876310e-01 -2.650170e-01 2.428685e+00
-2.318150e-01 5.117000e-01 2.377978e+00
-3.181110e-01 3.700875e-01 2.454896e+00
-4.044070e-01 2.284750e-01 2.531815e+00
-2.254125e-01 2.301665e-01 2.512894e+00
-4.641800e-02 2.318580e-01 2.493974e+00
-1.410115e-01 2.540615e-01 2.457281e+00
-2.356050e-01 2.762650e-01 2.420588e+00
-2.251605e-01 1.880465e-01 2.511510e+00
-2.147160e-01 9.982800e-02 2.602433e+00
-3.252495e-01 -1.305700e-02 2.550179e+00
-4.357830e-01 -1.259420e-01 2.497924e+00
-2.233305e-01 -1.170810e-01 2.485592e+00
-1.087800e-02 -1.082200e-01 2.473260e+00
-1.137940e-01 -1.083020e-01 2.539575e+00
-2.167100e-01 -1.083840e-01 2.605891e+00
-3.452450e-01 -7.213350e-02 2.578526e+00
-4.737800e-01 -3.588300e-02 2.551160e+00
-2.156845e-01 -3.050800e-02 2.505706e+00
4.241100e-02 -2.513300e-02 2.460253e+00
-2.204935e-01 -1.679390e-01 2.459549e+00
-4.833980e-01 -3.107450e-01 2.458846e+00
-2.458250e-01 -2.434275e-01 2.338303e+00
-8.252000e-03 -1.761100e-01 2.217760e+00
-2.424490e-01 -2.724605e-01 2.356353e+00
-4.766460e-01 -3.688110e-01 2.494946e+00
-2.346125e-01 -3.033965e-01 2.343638e+00
7.421000e-03 -2.379820e-01 2.192330e+00
-1.645420e-01 -4.310665e-01 2.354782e+00
-3.365050e-01 -6.241510e-01 2.517235e+00
-2.214545e-01 -6.203270e-01 2.516704e+00
-1.064040e-01 -6.165030e-01 2.516173e+00
-2.302145e-01 -8.103155e-01 2.571764e+00
-3.540250e-01 -1.004128e+00 2.627355e+00
-2.412305e-01 -9.998460e-01 2.627986e+00
-1.284360e-01 -9.955640e-01 2.628616e+00
-2.474300e-01 -1.022795e+00 2.547810e+00
-3.664240e-01 -1.050027e+00 2.467005e+00
-2.484575e-01 -1.046520e+00 2.467629e+00
-1.304910e-01 -1.043014e+00 2.468252e+00
-1.822630e-01 -2.649405e-01 2.424066e+00
-2.340350e-01 5.131330e-01 2.379879e+00
-3.193870e-01 3.692530e-01 2.457722e+00
-4.047390e-01 2.253730e-01 2.535565e+00
-2.257235e-01 2.293835e-01 2.517200e+00
-4.670800e-02 2.333940e-01 2.498834e+00
-1.414520e-01 2.548915e-01 2.462109e+00
-2.361960e-01 2.763890e-01 2.425384e+00
-2.249705e-01 1.872870e-01 2.515346e+00
-2.137450e-01 9.818500e-02 2.605308e+00
-3.238110e-01 -1.436500e-02 2.549786e+00
-4.338770e-01 -1.269150e-01 2.494265e+00
-2.211330e-01 -1.189420e-01 2.487694e+00
-8.389000e-03 -1.109690e-01 2.481123e+00
-1.130410e-01 -1.111945e-01 2.544664e+00
-2.176930e-01 -1.114200e-01 2.608205e+00
-3.447475e-01 -7.431100e-02 2.579030e+00
-4.718020e-01 -3.720200e-02 2.549855e+00
-2.077900e-01 -1.908050e-02 2.479256e+00
5.622200e-02 -9.590000e-04 2.408657e+00
-2.123165e-01 -1.565310e-01 2.437679e+00
-4.808550e-01 -3.121030e-01 2.466702e+00
-2.527360e-01 -1.483005e-01 2.300056e+00
-2.461700e-02 1.550200e-02 2.133410e+00
-2.562865e-01 -1.808110e-01 2.289541e+00
-4.879560e-01 -3.771240e-01 2.445671e+00
-2.716275e-01 -2.032420e-01 2.268526e+00
-5.529900e-02 -2.936000e-02 2.091381e+00
-1.957815e-01 -3.272655e-01 2.307117e+00
-3.362640e-01 -6.251710e-01 2.522853e+00
-2.206535e-01 -6.220080e-01 2.521129e+00
-1.050430e-01 -6.188450e-01 2.519406e+00
-2.310130e-01 -8.139300e-01 2.568696e+00
-3.569830e-01 -1.009015e+00 2.617986e+00
-2.411395e-01 -1.003802e+00 2.623921e+00
-1.252960e-01 -9.985900e-01 2.629857e+00
-2.448045e-01 -1.023714e+00 2.542784e+00
-3.643130e-01 -1.048838e+00 2.455712e+00
-2.439525e-01 -1.047109e+00 2.462503e+00
-1.235920e-01 -1.045381e+00 2.469294e+00
-1.775145e-01 -2.690805e-01 2.422661e+00
-2.314370e-01 5.072200e-01 2.376027e+00
-3.171230e-01 3.682170e-01 2.458003e+00
-4.028090e-01 2.292140e-01 2.539979e+00
-2.236565e-01 2.315640e-01 2.522692e+00
-4.450400e-02 2.339140e-01 2.505404e+00
-1.388310e-01 2.560420e-01 2.467986e+00
-2.331580e-01 2.781700e-01 2.430567e+00
-2.232615e-01 1.894535e-01 2.521064e+00
-2.133650e-01 1.007370e-01 2.611562e+00
-3.225740e-01 -1.028550e-02 2.558339e+00
-4.317830e-01 -1.213080e-01 2.505116e+00
-2.192220e-01 -1.149795e-01 2.493094e+00
-6.661000e-03 -1.086510e-01 2.481072e+00
-1.096095e-01 -1.092870e-01 2.547335e+00
-2.125580e-01 -1.099230e-01 2.613599e+00
-3.416055e-01 -7.095850e-02 2.585347e+00
-4.706530e-01 -3.199400e-02 2.557095e+00
-2.017010e-01 1.078500e-03 2.459259e+00
6.725100e-02 3.415100e-02 2.361423e+00
-2.049675e-01 -1.330395e-01 2.409290e+00
-4.771860e-01 -3.002300e-01 2.457157e+00
-2.718615e-01 -9.772750e-02 2.287743e+00
-6.653700e-02 1.047750e-01 2.118330e+00
-2.720230e-01 -1.312115e-01 2.295419e+00
-4.775090e-01 -3.671980e-01 2.472508e+00
-2.858435e-01 -1.309925e-01 2.263970e+00
-9.417800e-02 1.052130e-01 2.055432e+00
-2.143030e-01 -2.579820e-01 2.287674e+00
-3.344280e-01 -6.211770e-01 2.519916e+00
-2.184830e-01 -6.184035e-01 2.519637e+00
-1.025380e-01 -6.156300e-01 2.519359e+00
-2.321735e-01 -8.098525e-01 2.568256e+00
-3.618090e-01 -1.004075e+00 2.617152e+00
-2.429450e-01 -9.999720e-01 2.622499e+00
-1.240810e-01 -9.958690e-01 2.627846e+00
-2.485690e-01 -1.020131e+00 2.541536e+00
-3.730570e-01 -1.044392e+00 2.455225e+00
-2.495805e-01 -1.043019e+00 2.461110e+00
-1.261040e-01 -1.041647e+00 2.466995e+00
-1.786810e-01 -2.712805e-01 2.416275e+00
-2.312580e-01 4.990860e-01 2.365555e+00
-3.129360e-01 3.640880e-01 2.447367e+00
-3.946140e-01 2.290900e-01 2.529179e+00
-2.146950e-01 2.328350e-01 2.525277e+00
-3.477600e-02 2.365800e-01 2.521374e+00
-1.262345e-01 2.590400e-01 2.477576e+00
-2.176930e-01 2.815000e-01 2.433777e+00
-2.138745e-01 1.907760e-01 2.522733e+00
-2.100560e-01 1.000520e-01 2.611688e+00
-3.184935e-01 -9.761500e-03 2.553430e+00
-4.269310e-01 -1.195750e-01 2.495172e+00
-2.140130e-01 -1.138845e-01 2.495794e+00
-1.095000e-03 -1.081940e-01 2.496417e+00
-1.077590e-01 -1.099710e-01 2.556493e+00
-2.144230e-01 -1.117480e-01 2.616569e+00
-3.406520e-01 -7.058950e-02 2.590251e+00
-4.668810e-01 -2.943100e-02 2.563933e+00
-2.146755e-01 1.637800e-02 2.445671e+00
3.753000e-02 6.218700e-02 2.327410e+00
-2.151705e-01 -1.153320e-01 2.389226e+00
-4.678710e-01 -2.928510e-01 2.451041e+00
-2.809785e-01 -5.762050e-02 2.275767e+00
-9.408600e-02 1.776100e-01 2.100494e+00
-2.903735e-01 -8.664550e-02 2.291560e+00
-4.866610e-01 -3.509010e-01 2.482626e+00
-3.114200e-01 -6.642800e-02 2.273438e+00
-1.361790e-01 2.180450e-01 2.064250e+00
-2.368135e-01 -2.004385e-01 2.291831e+00
-3.374480e-01 -6.189220e-01 2.519413e+00
-2.206570e-01 -6.173680e-01 2.516875e+00
-1.038660e-01 -6.158140e-01 2.514336e+00
-2.305040e-01 -8.084565e-01 2.567787e+00
-3.571420e-01 -1.001099e+00 2.621238e+00
-2.473760e-01 -9.959995e-01 2.629001e+00
-1.376100e-01 -9.909000e-01 2.636763e+00
-2.492520e-01 -1.017434e+00 2.548191e+00
-3.608940e-01 -1.043967e+00 2.459619e+00
-2.448450e-01 -1.043703e+00 2.468921e+00
-1.287960e-01 -1.043439e+00 2.478224e+00
-1.792050e-01 -2.751285e-01 2.417890e+00
-2.296140e-01 4.931820e-01 2.357555e+00
-3.142720e-01 3.581720e-01 2.447681e+00
-3.989300e-01 2.231620e-01 2.537806e+00
-2.195695e-01 2.299585e-01 2.524254e+00
-4.020900e-02 2.367550e-01 2.510702e+00
-1.342555e-01 2.560915e-01 2.471094e+00
-2.283020e-01 2.754280e-01 2.431487e+00
-2.180650e-01 1.878585e-01 2.523057e+00
-2.078280e-01 1.002890e-01 2.614628e+00
-3.173310e-01 -1.205550e-02 2.565084e+00
-4.268340e-01 -1.244000e-01 2.515541e+00
-2.146325e-01 -1.154755e-01 2.499491e+00
-2.431000e-03 -1.065510e-01 2.483440e+00
-1.040075e-01 -1.102740e-01 2.551689e+00
-2.055840e-01 -1.139970e-01 2.619937e+00
-3.350290e-01 -7.553850e-02 2.597067e+00
-4.644740e-01 -3.708000e-02 2.574198e+00
-2.204895e-01 2.105300e-02 2.437023e+00
2.349500e-02 7.918600e-02 2.299847e+00
-2.254460e-01 -1.101015e-01 2.379307e+00
-4.743870e-01 -2.993890e-01 2.458766e+00
-3.128910e-01 -6.663500e-02 2.274325e+00
-1.513950e-01 1.661190e-01 2.089884e+00
-2.973280e-01 -9.136900e-02 2.256267e+00
-4.432610e-01 -3.488570e-01 2.422649e+00
-3.192800e-01 -6.739800e-02 2.245148e+00
-1.952990e-01 2.140610e-01 2.067647e+00
-2.660600e-01 -2.040865e-01 2.293622e+00
-3.368210e-01 -6.222340e-01 2.519598e+00
-2.185520e-01 -6.190720e-01 2.514100e+00
-1.002830e-01 -6.159100e-01 2.508602e+00
-2.280965e-01 -8.092605e-01 2.568334e+00
-3.559100e-01 -1.002611e+00 2.628066e+00
-2.453205e-01 -9.962575e-01 2.631099e+00
-1.347310e-01 -9.899040e-01 2.634132e+00
-2.537680e-01 -1.018680e+00 2.550981e+00
-3.728050e-01 -1.047456e+00 2.467829e+00
-2.545140e-01 -1.045227e+00 2.471685e+00
-1.362230e-01 -1.042998e+00 2.475540e+00
-1.841770e-01 -2.741710e-01 2.419017e+00
-2.321310e-01 4.946560e-01 2.362494e+00
-3.190830e-01 3.570630e-01 2.457922e+00
-4.060350e-01 2.194700e-01 2.553351e+00
-2.276955e-01 2.293590e-01 2.531051e+00
-4.935600e-02 2.392480e-01 2.508751e+00
-1.455365e-01 2.581655e-01 2.474417e+00
-2.417170e-01 2.770830e-01 2.440083e+00
-2.256645e-01 1.873320e-01 2.528658e+00
-2.096120e-01 9.758100e-02 2.617233e+00
-3.199190e-01 -1.593000e-02 2.572195e+00
-4.302260e-01 -1.294410e-01 2.527157e+00
-2.189855e-01 -1.182975e-01 2.502257e+00
-7.745000e-03 -1.071540e-01 2.477358e+00
-1.063090e-01 -1.124615e-01 2.549791e+00
-2.048730e-01 -1.177690e-01 2.622224e+00
-3.364710e-01 -8.059400e-02 2.598380e+00
-4.680690e-01 -4.341900e-02 2.574536e+00
-2.189715e-01 2.101150e-02 2.437439e+00
3.012600e-02 8.544200e-02 2.300342e+00
-2.208015e-01 -1.128450e-01 2.385924e+00
-4.717290e-01 -3.111320e-01 2.471507e+00
-3.218645e-01 -1.125840e-01 2.284136e+00
-1.720000e-01 8.596400e-02 2.096766e+00
-3.194005e-01 -1.428815e-01 2.268134e+00
-4.668010e-01 -3.717270e-01 2.439501e+00
-3.465930e-01 -1.457320e-01 2.247336e+00
-2.263850e-01 8.026300e-02 2.055170e+00
-2.819965e-01 -2.730745e-01 2.283636e+00
-3.376080e-01 -6.264120e-01 2.512102e+00
-2.191490e-01 -6.218455e-01 2.511815e+00
-1.006900e-01 -6.172790e-01 2.511528e+00
-2.297260e-01 -8.125450e-01 2.564025e+00
-3.587620e-01 -1.007811e+00 2.616522e+00
-2.432440e-01 -1.002104e+00 2.619601e+00
-1.277260e-01 -9.963970e-01 2.622679e+00
-2.547285e-01 -1.023384e+00 2.539548e+00
-3.817310e-01 -1.050371e+00 2.456417e+00
-2.596130e-01 -1.046550e+00 2.459344e+00
-1.374950e-01 -1.042729e+00 2.462271e+00
-1.876935e-01 -2.759135e-01 2.414480e+00
-2.378920e-01 4.909020e-01 2.366689e+00
-3.233640e-01 3.511225e-01 2.467217e+00
-4.088360e-01 2.113430e-01 2.567744e+00
-2.339510e-01 2.259665e-01 2.527726e+00
-5.906600e-02 2.405900e-01 2.487709e+00
-1.586965e-01 2.560870e-01 2.462789e+00
-2.583270e-01 2.715840e-01 2.437869e+00
-2.308825e-01 1.839790e-01 2.525793e+00
-2.034380e-01 9.637400e-02 2.613718e+00
-3.164190e-01 -1.681500e-02 2.578604e+00
-4.294000e-01 -1.300040e-01 2.543491e+00
-2.206560e-01 -1.180545e-01 2.502871e+00
-1.191200e-02 -1.061050e-01 2.462252e+00
-1.047775e-01 -1.115475e-01 2.541850e+00
-1.976430e-01 -1.169900e-01 2.621449e+00
-3.331510e-01 -8.350350e-02 2.599730e+00
-4.686590e-01 -5.001700e-02 2.578010e+00
-2.211125e-01 1.817000e-02 2.431747e+00
2.643400e-02 8.635700e-02 2.285484e+00
-2.228450e-01 -1.150355e-01 2.382439e+00
-4.721240e-01 -3.164280e-01 2.479393e+00
-3.202240e-01 -1.580815e-01 2.288405e+00
-1.683240e-01 2.650000e-04 2.097417e+00
-3.090135e-01 -1.896015e-01 2.280600e+00
-4.497030e-01 -3.794680e-01 2.463784e+00
-3.189990e-01 -2.224230e-01 2.278827e+00
-1.882950e-01 -6.537800e-02 2.093869e+00
-2.615665e-01 -3.460400e-01 2.301572e+00
-3.348380e-01 -6.267020e-01 2.509275e+00
-2.173270e-01 -6.214410e-01 2.509659e+00
-9.981600e-02 -6.161800e-01 2.510042e+00
-2.286975e-01 -8.098715e-01 2.569396e+00
-3.575790e-01 -1.003563e+00 2.628750e+00
-2.465635e-01 -9.970540e-01 2.631424e+00
-1.355480e-01 -9.905450e-01 2.634098e+00
-2.629845e-01 -1.020932e+00 2.552981e+00
-3.904210e-01 -1.051318e+00 2.471864e+00
-2.719315e-01 -1.046315e+00 2.473805e+00
-1.534420e-01 -1.041311e+00 2.475746e+00
-1.987400e-01 -2.741735e-01 2.422178e+00
-2.440380e-01 4.929640e-01 2.368610e+00
-3.258435e-01 3.519240e-01 2.472602e+00
-4.076490e-01 2.108840e-01 2.576595e+00
-2.349690e-01 2.241260e-01 2.527542e+00
-6.228900e-02 2.373680e-01 2.478489e+00
-1.629755e-01 2.533100e-01 2.458603e+00
-2.636620e-01 2.692520e-01 2.438718e+00
-2.322510e-01 1.821075e-01 2.525767e+00
-2.008400e-01 9.496300e-02 2.612817e+00
-3.150435e-01 -1.891100e-02 2.586828e+00
-4.292470e-01 -1.327850e-01 2.560839e+00
-2.234260e-01 -1.208890e-01 2.507332e+00
-1.760500e-02 -1.089930e-01 2.453825e+00
-1.052935e-01 -1.154285e-01 2.539025e+00
-1.929820e-01 -1.218640e-01 2.624224e+00
-3.298365e-01 -8.472300e-02 2.605075e+00
-4.666910e-01 -4.758200e-02 2.585926e+00
-2.151310e-01 2.940050e-02 2.427954e+00
3.642900e-02 1.063830e-01 2.269981e+00
-2.234295e-01 -1.056840e-01 2.390423e+00
-4.832880e-01 -3.177510e-01 2.510865e+00
-2.892945e-01 -1.746420e-01 2.287312e+00
-9.530100e-02 -3.153300e-02 2.063759e+00
-2.834085e-01 -2.059645e-01 2.300133e+00
-4.715160e-01 -3.803960e-01 2.536507e+00
-2.951990e-01 -2.382300e-01 2.300029e+00
-1.188820e-01 -9.606400e-02 2.063551e+00
-2.287895e-01 -3.626485e-01 2.288250e+00
-3.386970e-01 -6.292330e-01 2.512949e+00
-2.205735e-01 -6.237835e-01 2.513223e+00
-1.024500e-01 -6.183340e-01 2.513496e+00
-2.336905e-01 -8.146840e-01 2.564104e+00
-3.649310e-01 -1.011034e+00 2.614712e+00
-2.502355e-01 -1.001776e+00 2.626768e+00
-1.355400e-01 -9.925180e-01 2.638824e+00
-2.713805e-01 -1.021253e+00 2.548240e+00
-4.072210e-01 -1.049989e+00 2.457656e+00
-2.853145e-01 -1.046331e+00 2.469690e+00
-1.634080e-01 -1.042673e+00 2.481724e+00
-2.069190e-01 -2.709855e-01 2.432764e+00
-2.504300e-01 5.007020e-01 2.383804e+00
-3.273695e-01 3.563415e-01 2.480118e+00
-4.043090e-01 2.119810e-01 2.576432e+00
-2.319480e-01 2.250135e-01 2.526213e+00
-5.958700e-02 2.380460e-01 2.475995e+00
-1.603485e-01 2.546565e-01 2.457060e+00
-2.611100e-01 2.712670e-01 2.438125e+00
-2.294330e-01 1.830060e-01 2.523944e+00
-1.977560e-01 9.474500e-02 2.609763e+00
-3.133725e-01 -1.739450e-02 2.586348e+00
-4.289890e-01 -1.295340e-01 2.562933e+00
-2.238195e-01 -1.205465e-01 2.506440e+00
-1.865000e-02 -1.115590e-01 2.449947e+00
-1.051985e-01 -1.161130e-01 2.536423e+00
-1.917470e-01 -1.206670e-01 2.622899e+00
-3.277595e-01 -8.246500e-02 2.606153e+00
-4.637720e-01 -4.426300e-02 2.589406e+00
-2.009440e-01 4.821750e-02 2.426477e+00
6.188400e-02 1.406980e-01 2.263548e+00
-2.099315e-01 -8.786850e-02 2.397472e+00
-4.817470e-01 -3.164350e-01 2.531396e+00
-2.602715e-01 -1.320310e-01 2.275173e+00
-3.879600e-02 5.237300e-02 2.018949e+00
-2.606625e-01 -1.565060e-01 2.251070e+00
-4.825290e-01 -3.653850e-01 2.483191e+00
-2.734870e-01 -1.875530e-01 2.243877e+00
-6.444500e-02 -9.721000e-03 2.004564e+00
-2.024175e-01 -3.187675e-01 2.260752e+00
-3.403900e-01 -6.278140e-01 2.516941e+00
-2.220850e-01 -6.234270e-01 2.515903e+00
-1.037800e-01 -6.190400e-01 2.514865e+00
-2.323900e-01 -8.149225e-01 2.565171e+00
-3.610000e-01 -1.010805e+00 2.615477e+00
-2.490745e-01 -1.002134e+00 2.627440e+00
-1.371490e-01 -9.934640e-01 2.639403e+00
-2.716415e-01 -1.021056e+00 2.549172e+00
-4.061340e-01 -1.048649e+00 2.458941e+00
-2.868820e-01 -1.045781e+00 2.470753e+00
-1.676300e-01 -1.042913e+00 2.482565e+00
-2.086735e-01 -2.705845e-01 2.433337e+00
-2.497170e-01 5.017440e-01 2.384110e+00
-3.261695e-01 3.591530e-01 2.473800e+00
-4.026220e-01 2.165620e-01 2.563489e+00
-2.277950e-01 2.237560e-01 2.521254e+00
-5.296800e-02 2.309500e-01 2.479019e+00
-1.522160e-01 2.499255e-01 2.454994e+00
-2.514640e-01 2.689010e-01 2.430970e+00
-2.263775e-01 1.816565e-01 2.519951e+00
-2.012910e-01 9.441200e-02 2.608932e+00
-3.157455e-01 -1.582700e-02 2.587517e+00
-4.302000e-01 -1.260660e-01 2.566102e+00
-2.260125e-01 -1.201140e-01 2.505780e+00
-2.182500e-02 -1.141620e-01 2.445457e+00
-1.068140e-01 -1.168820e-01 2.533542e+00
-1.918030e-01 -1.196020e-01 2.621628e+00
-3.283175e-01 -7.940700e-02 2.607134e+00
-4.648320e-01 -3.921200e-02 2.592641e+00
-1.882575e-01 6.288400e-02 2.428794e+00
8.831700e-02 1.649800e-01 2.264947e+00
-1.994480e-01 -7.452650e-02 2.403263e+00
-4.872130e-01 -3.140330e-01 2.541579e+00
-2.355900e-01 -7.629400e-02 2.267803e+00
1.603300e-02 1.614450e-01 1.994028e+00
-2.303540e-01 -1.088540e-01 2.277422e+00
-4.767410e-01 -3.791530e-01 2.560817e+00
-2.459335e-01 -1.333600e-01 2.259069e+00
-1.512600e-02 1.124330e-01 1.957322e+00
-1.768470e-01 -2.570700e-01 2.237830e+00
-3.385680e-01 -6.265730e-01 2.518338e+00
-2.205495e-01 -6.227410e-01 2.518905e+00
-1.025310e-01 -6.189090e-01 2.519472e+00
-2.298095e-01 -8.127560e-01 2.573791e+00
-3.570880e-01 -1.006603e+00 2.628110e+00
-2.473665e-01 -1.000689e+00 2.633599e+00
-1.376450e-01 -9.947740e-01 2.639089e+00
-2.704570e-01 -1.021952e+00 2.556089e+00
-4.032690e-01 -1.049130e+00 2.473090e+00
-2.872520e-01 -1.045367e+00 2.477585e+00
-1.712350e-01 -1.041603e+00 2.482081e+00
-2.109150e-01 -2.706375e-01 2.428806e+00
-2.505950e-01 5.003280e-01 2.375530e+00
-3.277460e-01 3.629815e-01 2.464844e+00
-4.048970e-01 2.256350e-01 2.554159e+00
-4.930000e-02 2.279550e-01 2.498077e+00
-2.413610e-01 2.792910e-01 2.437856e+00
-2.136420e-01 9.045300e-02 2.605802e+00
-4.301510e-01 -1.196200e-01 2.533921e+00
-9.686000e-03 -1.148700e-01 2.465705e+00
-2.006500e-01 -1.119390e-01 2.618943e+00
-4.655560e-01 -3.248000e-02 2.594378e+00
4.773900e-02 1.207490e-01 2.272223e+00
-4.911680e-01 -3.117940e-01 2.550133e+00
2.726000e-02 2.856550e-01 2.041969e+00
-4.824640e-01 -3.760170e-01 2.572937e+00
2.684300e-02 3.330150e-01 1.992197e+00
-3.398310e-01 -6.219160e-01 2.525728e+00
-1.068590e-01 -6.192690e-01 2.521547e+00
-3.572290e-01 -1.007112e+00 2.615932e+00
-1.295590e-01 -9.975300e-01 2.636523e+00
-3.865200e-01 -1.043402e+00 2.455316e+00
-1.479550e-01 -1.044863e+00 2.477169e+00
-2.415070e-01 4.917720e-01 2.365654e+00
-4.020380e-01 2.279860e-01 2.545638e+00
-4.459500e-02 2.251380e-01 2.502900e+00
-2.336020e-01 2.779670e-01 2.434820e+00
-2.145910e-01 9.121400e-02 2.606271e+00
-4.291600e-01 -1.209830e-01 2.529860e+00
-8.280000e-03 -1.144360e-01 2.464405e+00
-2.002830e-01 -1.111910e-01 2.616334e+00
-4.650850e-01 -3.195100e-02 2.586344e+00
4.708100e-02 1.114780e-01 2.275138e+00
-4.866810e-01 -3.114590e-01 2.527412e+00
2.763300e-02 2.966460e-01 2.057426e+00
-4.729710e-01 -3.747670e-01 2.550315e+00
2.978500e-02 3.487870e-01 2.012737e+00
-3.368350e-01 -6.228220e-01 2.523892e+00
-1.002630e-01 -6.188440e-01 2.522404e+00
-3.612110e-01 -1.007069e+00 2.616496e+00
-1.392570e-01 -9.957380e-01 2.637499e+00
-3.886590e-01 -1.044076e+00 2.455717e+00
-1.533030e-01 -1.043082e+00 2.477705e+00
-2.365800e-01 4.933240e-01 2.365449e+00
-3.990430e-01 2.302000e-01 2.537883e+00
-4.004800e-02 2.260130e-01 2.511335e+00
-2.256500e-01 2.783800e-01 2.434140e+00
-2.148980e-01 9.380400e-02 2.608639e+00
-4.275860e-01 -1.194670e-01 2.520556e+00
-4.615000e-03 -1.143520e-01 2.470191e+00
-2.019230e-01 -1.100620e-01 2.615138e+00
-4.653190e-01 -2.835000e-02 2.581150e+00
3.936000e-02 1.034380e-01 2.283777e+00
-4.812580e-01 -3.059080e-01 2.512777e+00
2.324500e-02 2.782360e-01 2.057606e+00
-4.705870e-01 -3.628400e-01 2.475826e+00
2.464500e-02 3.318490e-01 2.014663e+00
-3.351840e-01 -6.216040e-01 2.522835e+00
-1.008910e-01 -6.187280e-01 2.522362e+00
-3.559980e-01 -1.005643e+00 2.617158e+00
-1.250160e-01 -9.999610e-01 2.626740e+00
-3.781960e-01 -1.044047e+00 2.455897e+00
-1.373230e-01 -1.043283e+00 2.465667e+00
-2.373000e-01 4.942500e-01 2.364724e+00
-3.952790e-01 2.325130e-01 2.530677e+00
-3.552400e-02 2.296310e-01 2.517729e+00
-2.182340e-01 2.822810e-01 2.434098e+00
-2.135070e-01 9.590400e-02 2.606941e+00
-4.243890e-01 -1.158720e-01 2.506716e+00
6.220000e-04 -1.135790e-01 2.477945e+00
-2.037800e-01 -1.073620e-01 2.612628e+00
-4.639120e-01 -2.628800e-02 2.577067e+00
3.932300e-02 8.340000e-02 2.301270e+00
-4.803850e-01 -2.961780e-01 2.478727e+00
1.202200e-02 2.333800e-01 2.057254e+00
-4.814000e-01 -3.646170e-01 2.484684e+00
1.080000e-02 2.873760e-01 2.014789e+00
-3.366130e-01 -6.181810e-01 2.521899e+00
-1.009100e-01 -6.175430e-01 2.522146e+00
-3.591390e-01 -1.002717e+00 2.613771e+00
-1.384060e-01 -9.929350e-01 2.642523e+00
-3.737090e-01 -1.040627e+00 2.451527e+00
-1.401300e-01 -1.043846e+00 2.483219e+00
-2.306820e-01 4.973000e-01 2.364602e+00
-3.875550e-01 2.272020e-01 2.524755e+00
-2.762500e-02 2.334240e-01 2.521384e+00
-2.093290e-01 2.823210e-01 2.433394e+00
-2.044770e-01 9.442500e-02 2.604583e+00
-4.221780e-01 -1.186090e-01 2.506644e+00
2.727000e-03 -1.131710e-01 2.476754e+00
-2.013540e-01 -1.088230e-01 2.611996e+00
-4.587040e-01 -3.215400e-02 2.568260e+00
3.543600e-02 5.350900e-02 2.326770e+00
-4.764610e-01 -3.007290e-01 2.464524e+00
1.211900e-02 1.574310e-01 2.058693e+00
-4.638430e-01 -3.411520e-01 2.410421e+00
-1.687100e-02 2.097140e-01 2.024832e+00
-3.352260e-01 -6.197030e-01 2.523972e+00
-1.024890e-01 -6.181840e-01 2.521949e+00
-3.545340e-01 -1.000840e+00 2.629696e+00
-1.268780e-01 -9.988460e-01 2.628333e+00
-3.704150e-01 -1.044596e+00 2.469054e+00
-1.328230e-01 -1.043481e+00 2.467258e+00
-2.281070e-01 4.973400e-01 2.365458e+00
-4.031690e-01 2.239770e-01 2.533148e+00
-4.614100e-02 2.429730e-01 2.491079e+00
-2.379400e-01 2.792130e-01 2.420022e+00
-2.072390e-01 1.036020e-01 2.601273e+00
-4.205860e-01 -1.152000e-01 2.505104e+00
4.058000e-03 -1.047090e-01 2.472938e+00
-1.993350e-01 -1.027060e-01 2.609267e+00
-4.599970e-01 -4.054400e-02 2.557164e+00
4.760100e-02 5.081000e-03 2.399443e+00
-4.646960e-01 -2.947440e-01 2.422729e+00
-1.577200e-02 1.001200e-02 2.118958e+00
-4.389300e-01 -3.514340e-01 2.393698e+00
-6.695800e-02 -1.335300e-02 2.079530e+00
-3.371320e-01 -6.142240e-01 2.523211e+00
-1.042960e-01 -6.116290e-01 2.515047e+00
-3.568840e-01 -9.988380e-01 2.615392e+00
-1.364490e-01 -9.858700e-01 2.640451e+00
-3.736140e-01 -1.036811e+00 2.453372e+00
-1.414590e-01 -1.038598e+00 2.481810e+00
-2.340310e-01 5.154950e-01 2.380577e+00
-4.029660e-01 2.242850e-01 2.544559e+00
-5.043500e-02 2.333350e-01 2.472168e+00
-2.466170e-01 2.735210e-01 2.416965e+00
-2.050020e-01 9.985100e-02 2.597909e+00
-4.238860e-01 -1.197280e-01 2.513042e+00
-1.288000e-03 -1.107610e-01 2.460146e+00
-1.977490e-01 -1.084950e-01 2.606284e+00
-4.640280e-01 -3.905400e-02 2.552573e+00
4.284800e-02 -1.797500e-02 2.436368e+00
-4.609690e-01 -3.011130e-01 2.437187e+00
-2.237900e-02 -9.664800e-02 2.168872e+00
-4.443770e-01 -3.582330e-01 2.402802e+00
-6.943400e-02 -1.401520e-01 2.144099e+00
-3.373110e-01 -6.200120e-01 2.517289e+00
-1.040330e-01 -6.162690e-01 2.516947e+00
-3.608290e-01 -1.002286e+00 2.617933e+00
-1.355620e-01 -9.911760e-01 2.640506e+00
-3.849060e-01 -1.043038e+00 2.457521e+00
-1.477890e-01 -1.042458e+00 2.481782e+00
-2.346040e-01 5.159080e-01 2.382617e+00
-4.054660e-01 2.278870e-01 2.538445e+00
-5.088300e-02 2.331340e-01 2.476451e+00
-2.447910e-01 2.771550e-01 2.416356e+00
-2.109000e-01 9.964900e-02 2.595177e+00
-4.249710e-01 -1.202900e-01 2.514763e+00
-3.319000e-03 -1.111090e-01 2.454825e+00
-1.973620e-01 -1.074080e-01 2.604130e+00
-4.670160e-01 -3.390200e-02 2.549613e+00
3.005700e-02 -2.202200e-02 2.448325e+00
-4.562670e-01 -2.981020e-01 2.443295e+00
-2.079800e-02 -1.830130e-01 2.218725e+00
-4.611670e-01 -3.615890e-01 2.469099e+00
-5.378000e-02 -2.429420e-01 2.212307e+00
-3.375070e-01 -6.206440e-01 2.515802e+00
-1.028410e-01 -6.159920e-01 2.519904e+00
-3.634620e-01 -1.002975e+00 2.615627e+00
-1.320660e-01 -9.956690e-01 2.628561e+00
-3.897830e-01 -1.043026e+00 2.455391e+00
-1.484280e-01 -1.040300e+00 2.468209e+00
-2.353890e-01 5.156740e-01 2.377824e+00
-4.060950e-01 2.298580e-01 2.533993e+00
-5.024400e-02 2.339590e-01 2.479652e+00
-2.425870e-01 2.798500e-01 2.416030e+00
-2.134660e-01 9.979900e-02 2.593139e+00
-4.279030e-01 -1.203030e-01 2.507915e+00
-5.407000e-03 -1.071300e-01 2.455086e+00
-2.020690e-01 -1.026840e-01 2.600903e+00
-4.696000e-01 -3.174700e-02 2.551222e+00
3.231200e-02 -2.247300e-02 2.465728e+00
-4.751120e-01 -3.067780e-01 2.474364e+00
-2.290000e-04 -2.466120e-01 2.291710e+00
-4.543220e-01 -3.475760e-01 2.423141e+00
-1.916500e-02 -3.112530e-01 2.278170e+00
-3.378370e-01 -6.195220e-01 2.511002e+00
-1.027020e-01 -6.133190e-01 2.516996e+00
-3.612760e-01 -1.000647e+00 2.615934e+00
-1.386490e-01 -9.871460e-01 2.642603e+00
-3.851370e-01 -1.043222e+00 2.455963e+00
-1.490860e-01 -1.039410e+00 2.484072e+00
-2.346550e-01 5.147470e-01 2.376138e+00
-4.082370e-01 2.299030e-01 2.528384e+00
-5.108600e-02 2.370810e-01 2.483749e+00
-2.419940e-01 2.817790e-01 2.415151e+00
-2.162470e-01 1.010650e-01 2.592106e+00
-4.331610e-01 -1.248310e-01 2.501541e+00
-9.449000e-03 -1.076720e-01 2.461041e+00
-2.103510e-01 -1.042370e-01 2.600987e+00
-4.726250e-01 -3.223000e-02 2.545371e+00
2.946500e-02 -2.095700e-02 2.475019e+00
-4.746420e-01 -3.099250e-01 2.475456e+00
5.261000e-03 -2.593960e-01 2.318276e+00
-4.622490e-01 -3.755190e-01 2.491713e+00
6.124000e-03 -3.252800e-01 2.298811e+00
-3.352130e-01 -6.231020e-01 2.515789e+00
-1.061970e-01 -6.153530e-01 2.515789e+00
-3.615530e-01 -1.005167e+00 2.616530e+00
-1.384360e-01 -9.891020e-01 2.642626e+00
-3.791440e-01 -1.046438e+00 2.455409e+00
-1.443420e-01 -1.042360e+00 2.484192e+00
-2.344760e-01 5.143520e-01 2.377601e+00
-4.088540e-01 2.313370e-01 2.524940e+00
-5.113700e-02 2.376470e-01 2.484963e+00
-2.411050e-01 2.807820e-01 2.412848e+00
-2.177380e-01 1.039760e-01 2.594030e+00
-4.367060e-01 -1.218410e-01 2.501422e+00
-1.290600e-02 -1.041740e-01 2.462066e+00
-2.141300e-01 -1.021510e-01 2.601575e+00
-4.772060e-01 -3.201000e-02 2.535164e+00
2.746300e-02 -2.286700e-02 2.475915e+00
-4.845790e-01 -3.153200e-01 2.482383e+00
1.953400e-02 -2.696070e-01 2.327046e+00
-4.684290e-01 -3.820690e-01 2.484409e+00
2.768000e-03 -3.288930e-01 2.357450e+00
-3.360210e-01 -6.202520e-01 2.514473e+00
-1.044560e-01 -6.116730e-01 2.516313e+00
-3.569660e-01 -1.001640e+00 2.618973e+00
-1.289170e-01 -9.909790e-01 2.627417e+00
-3.741790e-01 -1.044723e+00 2.458287e+00
-1.358410e-01 -1.037542e+00 2.466928e+00
-2.342280e-01 5.169040e-01 2.376102e+00
-4.085380e-01 2.270070e-01 2.522674e+00
-5.102100e-02 2.367060e-01 2.481591e+00
-2.416480e-01 2.767900e-01 2.409453e+00
-2.158440e-01 1.026830e-01 2.592904e+00
-4.378140e-01 -1.274340e-01 2.506237e+00
-1.517700e-02 -1.077720e-01 2.456649e+00
-2.129940e-01 -1.064080e-01 2.600958e+00
-4.761500e-01 -3.810900e-02 2.541570e+00
2.883500e-02 -2.565800e-02 2.483366e+00
-4.889520e-01 -3.177650e-01 2.464417e+00
2.013100e-02 -2.674960e-01 2.322859e+00
-4.696750e-01 -3.816900e-01 2.480617e+00
8.535000e-03 -3.269620e-01 2.355260e+00
-3.357030e-01 -6.251780e-01 2.518859e+00
-1.054230e-01 -6.154860e-01 2.517138e+00
-3.551210e-01 -1.007396e+00 2.620584e+00
-1.363650e-01 -9.916800e-01 2.636874e+00
-3.759310e-01 -1.049089e+00 2.459956e+00
-1.454210e-01 -1.041654e+00 2.477522e+00
-2.326580e-01 5.165500e-01 2.374515e+00
