-3.821820e-01 2.873030e-01 2.671004e+00
-2.123555e-01 2.896825e-01 2.640846e+00
-4.252900e-02 2.920620e-01 2.610687e+00
-1.409250e-01 3.159745e-01 2.551824e+00
-2.393210e-01 3.398870e-01 2.492960e+00
-2.176940e-01 2.501020e-01 2.607661e+00
-1.960670e-01 1.603170e-01 2.722361e+00
-2.867230e-01 5.174850e-02 2.660776e+00
-3.773790e-01 -5.682000e-02 2.599190e+00
-2.080905e-01 -5.573800e-02 2.571760e+00
-3.880200e-02 -5.465600e-02 2.544330e+00
-1.142480e-01 -5.688150e-02 2.614747e+00
-1.896940e-01 -5.910700e-02 2.685164e+00
-3.119095e-01 -2.186250e-02 2.675994e+00
-4.341250e-01 1.538200e-02 2.666824e+00
-2.073030e-01 1.890200e-02 2.643777e+00
1.951900e-02 2.242200e-02 2.620730e+00
-1.917435e-01 -1.249095e-01 2.622737e+00
-4.030060e-01 -2.722410e-01 2.624743e+00
-1.988455e-01 -2.694175e-01 2.601915e+00
5.315000e-03 -2.665940e-01 2.579086e+00
-1.914780e-01 -3.012605e-01 2.599962e+00
-3.882710e-01 -3.359270e-01 2.620837e+00
-1.992645e-01 -3.306045e-01 2.612224e+00
-1.025800e-02 -3.252820e-01 2.603611e+00
-1.495690e-01 -4.400700e-01 2.649152e+00
-2.888800e-01 -5.548580e-01 2.694693e+00
-1.900845e-01 -5.529785e-01 2.684400e+00
-9.128900e-02 -5.510990e-01 2.674107e+00
-1.891130e-01 -7.543350e-01 2.713843e+00
-2.869370e-01 -9.575710e-01 2.753579e+00
-1.799095e-01 -9.544655e-01 2.749557e+00
-7.288200e-02 -9.513600e-01 2.745535e+00
-1.922110e-01 -9.658050e-01 2.672413e+00
-3.115400e-01 -9.802500e-01 2.599290e+00
-2.045435e-01 -9.800515e-01 2.595757e+00
-9.754700e-02 -9.798530e-01 2.592224e+00
-1.602375e-01 -2.142380e-01 2.561271e+00
-2.229280e-01 5.513770e-01 2.530318e+00
-3.054490e-01 4.188555e-01 2.609889e+00
-3.879700e-01 2.863340e-01 2.689461e+00
-2.207160e-01 2.850210e-01 2.647264e+00
-5.346200e-02 2.837080e-01 2.605067e+00
-1.550590e-01 3.119385e-01 2.554081e+00
-2.566560e-01 3.401690e-01 2.503095e+00
-2.295365e-01 2.465700e-01 2.613499e+00
-2.024170e-01 1.529710e-01 2.723903e+00
-2.901290e-01 4.622500e-02 2.666040e+00
-3.778410e-01 -6.052100e-02 2.608178e+00
-2.099750e-01 -6.065450e-02 2.573059e+00
-4.210900e-02 -6.078800e-02 2.537940e+00
-1.142775e-01 -6.192800e-02 2.611737e+00
-1.864460e-01 -6.306800e-02 2.685534e+00
-3.095605e-01 -2.403500e-02 2.672913e+00
-4.326750e-01 1.499800e-02 2.660293e+00
-2.071195e-01 1.622050e-02 2.642756e+00
1.843600e-02 1.744300e-02 2.625219e+00
-1.915195e-01 -1.279675e-01 2.625966e+00
-4.014750e-01 -2.733780e-01 2.626714e+00
-1.977885e-01 -2.723610e-01 2.605312e+00
5.898000e-03 -2.713440e-01 2.583910e+00
-1.907685e-01 -3.043125e-01 2.606680e+00
-3.874350e-01 -3.372810e-01 2.629451e+00
-1.987955e-01 -3.327290e-01 2.620827e+00
-1.015600e-02 -3.281770e-01 2.612204e+00
-1.497375e-01 -4.441300e-01 2.654485e+00
-2.893190e-01 -5.600830e-01 2.696766e+00
-1.904465e-01 -5.575205e-01 2.687152e+00
-9.157400e-02 -5.549580e-01 2.677538e+00
-1.895455e-01 -7.588890e-01 2.716516e+00
-2.875170e-01 -9.628200e-01 2.755494e+00
-1.805775e-01 -9.596095e-01 2.748814e+00
-7.363800e-02 -9.563990e-01 2.742135e+00
-1.964915e-01 -9.708355e-01 2.672317e+00
-3.193450e-01 -9.852720e-01 2.602499e+00
-2.125035e-01 -9.838125e-01 2.596118e+00
-1.056620e-01 -9.823530e-01 2.589736e+00
-1.625985e-01 -2.176405e-01 2.563700e+00
-2.195350e-01 5.470720e-01 2.537663e+00
-3.022860e-01 4.187840e-01 2.606034e+00
-3.850370e-01 2.904960e-01 2.674405e+00
-4.729700e-02 2.886590e-01 2.604028e+00
-2.467360e-01 3.374700e-01 2.491266e+00
-1.994780e-01 1.614940e-01 2.722652e+00
-3.782110e-01 -5.806600e-02 2.611407e+00
-4.304100e-02 -6.024100e-02 2.538569e+00
-1.862280e-01 -6.051700e-02 2.687296e+00
-4.342700e-01 1.897400e-02 2.665387e+00
1.756200e-02 2.125900e-02 2.626845e+00
-4.052110e-01 -2.678540e-01 2.622076e+00
6.620000e-03 -2.669270e-01 2.584190e+00
-3.937730e-01 -3.316040e-01 2.631737e+00
-1.250800e-02 -3.273080e-01 2.600818e+00
-2.890710e-01 -5.588850e-01 2.697302e+00
-8.960400e-02 -5.541410e-01 2.677135e+00
-2.860150e-01 -9.609130e-01 2.760658e+00
-7.592700e-02 -9.554850e-01 2.743354e+00
-3.192380e-01 -9.851850e-01 2.608239e+00
-1.089820e-01 -9.817120e-01 2.591223e+00
-2.223830e-01 5.530740e-01 2.530589e+00
-3.830670e-01 2.912550e-01 2.682220e+00
-4.544800e-02 2.971750e-01 2.611488e+00
-2.456040e-01 3.501290e-01 2.501911e+00
-1.960190e-01 1.617720e-01 2.722827e+00
-3.780360e-01 -5.099000e-02 2.617568e+00
-4.447200e-02 -5.575700e-02 2.537808e+00
-1.845660e-01 -5.591400e-02 2.689453e+00
-4.399550e-01 2.072900e-02 2.669226e+00
1.344000e-02 2.694100e-02 2.621224e+00
-4.059100e-01 -2.656870e-01 2.622342e+00
6.824000e-03 -2.613990e-01 2.574238e+00
-3.920230e-01 -3.295860e-01 2.618832e+00
-1.749100e-02 -3.186320e-01 2.594767e+00
-2.909520e-01 -5.537820e-01 2.695801e+00
-9.178200e-02 -5.499240e-01 2.674223e+00
-2.880380e-01 -9.562500e-01 2.756300e+00
-7.226700e-02 -9.501590e-01 2.745496e+00
-3.247230e-01 -9.793350e-01 2.604492e+00
-1.088900e-01 -9.788120e-01 2.594624e+00
-2.264100e-01 5.500250e-01 2.527904e+00
-3.808950e-01 2.902580e-01 2.687320e+00
-4.480500e-02 2.994330e-01 2.609960e+00
-2.475290e-01 3.513110e-01 2.504673e+00
-1.920040e-01 1.621350e-01 2.723465e+00
-3.800190e-01 -5.204900e-02 2.616791e+00
-4.701200e-02 -5.382400e-02 2.534620e+00
-1.859840e-01 -5.360200e-02 2.687293e+00
-4.343920e-01 1.886400e-02 2.667420e+00
1.327300e-02 2.843200e-02 2.600058e+00
-4.051510e-01 -2.695940e-01 2.626328e+00
6.292000e-03 -2.602820e-01 2.551606e+00
-3.893020e-01 -3.326780e-01 2.618747e+00
-2.318900e-02 -3.088540e-01 2.584160e+00
-2.905990e-01 -5.527040e-01 2.700394e+00
-9.422700e-02 -5.486430e-01 2.674240e+00
-2.868480e-01 -9.567010e-01 2.749604e+00
-7.313800e-02 -9.486580e-01 2.746300e+00
-3.244710e-01 -9.755850e-01 2.597444e+00
-1.105400e-01 -9.777580e-01 2.595706e+00
-2.253760e-01 5.573290e-01 2.540386e+00
-3.801330e-01 2.851240e-01 2.685298e+00
-4.410000e-02 3.107680e-01 2.611479e+00
-2.480090e-01 3.513010e-01 2.503535e+00
-1.853760e-01 1.671350e-01 2.724671e+00
-3.782130e-01 -4.838700e-02 2.614495e+00
-4.350500e-02 -5.118500e-02 2.539583e+00
-1.857610e-01 -5.042000e-02 2.689199e+00
-4.389300e-01 1.549500e-02 2.670197e+00
1.625100e-02 4.385500e-02 2.572744e+00
-4.052570e-01 -2.713790e-01 2.628566e+00
-6.537000e-03 -2.312230e-01 2.477999e+00
-3.887310e-01 -3.346870e-01 2.625865e+00
-1.438700e-02 -2.697290e-01 2.530382e+00
-2.893710e-01 -5.508980e-01 2.693797e+00
-9.238900e-02 -5.460350e-01 2.676172e+00
-2.873840e-01 -9.530940e-01 2.756112e+00
-7.673100e-02 -9.474250e-01 2.741670e+00
-3.216210e-01 -9.768560e-01 2.603837e+00
-1.109530e-01 -9.735460e-01 2.589778e+00
-2.246760e-01 5.643170e-01 2.547092e+00
-3.839620e-01 2.834340e-01 2.694756e+00
-5.061200e-02 3.130990e-01 2.610951e+00
-2.581240e-01 3.507680e-01 2.509001e+00
-1.866480e-01 1.680120e-01 2.728620e+00
-3.668040e-01 -6.370600e-02 2.621216e+00
-3.465900e-02 -4.291300e-02 2.538171e+00
-1.729910e-01 -5.105000e-02 2.691208e+00
-4.385380e-01 1.430700e-02 2.684052e+00
1.577500e-02 7.994800e-02 2.481507e+00
-3.969870e-01 -2.665280e-01 2.623994e+00
-9.071300e-02 -1.359110e-01 2.319436e+00
-3.870410e-01 -3.311280e-01 2.628013e+00
-1.190260e-01 -1.831380e-01 2.283993e+00
-2.898720e-01 -5.567790e-01 2.702121e+00
-9.296400e-02 -5.470080e-01 2.674943e+00
-2.884040e-01 -9.598050e-01 2.758837e+00
-7.565000e-02 -9.481770e-01 2.741373e+00
-3.249130e-01 -9.813390e-01 2.606758e+00
-1.122220e-01 -9.748020e-01 2.590118e+00
-2.259930e-01 5.662720e-01 2.553928e+00
-3.845970e-01 2.755170e-01 2.698193e+00
-5.328400e-02 3.196330e-01 2.612688e+00
-2.628220e-01 3.500210e-01 2.512467e+00
-1.825520e-01 1.678110e-01 2.729486e+00
-3.632370e-01 -5.990600e-02 2.617875e+00
-2.960100e-02 -4.033200e-02 2.540719e+00
-1.706330e-01 -4.820700e-02 2.691286e+00
-4.385060e-01 8.640000e-03 2.690180e+00
1.192600e-02 1.317230e-01 2.426592e+00
-3.933500e-01 -2.696120e-01 2.633106e+00
-1.435700e-01 2.743000e-03 2.221883e+00
-3.823450e-01 -3.340890e-01 2.629966e+00
-1.932100e-01 -3.397600e-02 2.200070e+00
-2.896660e-01 -5.533600e-01 2.699543e+00
-9.004100e-02 -5.443870e-01 2.674958e+00
-2.843880e-01 -9.562080e-01 2.757293e+00
-7.367000e-02 -9.447240e-01 2.746452e+00
-3.188540e-01 -9.785130e-01 2.604849e+00
-1.072920e-01 -9.731740e-01 2.594845e+00
-2.250140e-01 5.659790e-01 2.557870e+00
-3.842770e-01 2.679270e-01 2.709342e+00
-5.614800e-02 3.097510e-01 2.611324e+00
-2.691630e-01 3.499420e-01 2.522537e+00
-1.836040e-01 1.544830e-01 2.725554e+00
-3.591550e-01 -5.883200e-02 2.629193e+00
-3.160400e-02 -4.474500e-02 2.528395e+00
-1.616110e-01 -5.089300e-02 2.688653e+00
-4.256030e-01 1.413000e-03 2.690852e+00
-8.681000e-03 1.755720e-01 2.381493e+00
-3.915710e-01 -2.772660e-01 2.639294e+00
-1.852700e-01 1.379270e-01 2.160410e+00
-3.740380e-01 -3.391650e-01 2.627075e+00
-2.422350e-01 1.414930e-01 2.128309e+00
-2.908030e-01 -5.541860e-01 2.701548e+00
-8.843200e-02 -5.456680e-01 2.674252e+00
-2.880700e-01 -9.578040e-01 2.753836e+00
-7.504300e-02 -9.461800e-01 2.745384e+00
-3.340580e-01 -9.775140e-01 2.604099e+00
-1.195400e-01 -9.741090e-01 2.596507e+00
-2.218680e-01 5.546740e-01 2.560605e+00
-3.590730e-01 2.522890e-01 2.712960e+00
-3.762100e-02 2.673100e-01 2.588591e+00
-2.530360e-01 3.256030e-01 2.517372e+00
-1.678970e-01 1.224690e-01 2.712893e+00
-3.536210e-01 -7.687400e-02 2.635136e+00
-2.998900e-02 -7.332500e-02 2.521563e+00
-1.538030e-01 -7.132400e-02 2.686755e+00
-4.406300e-01 -3.511000e-03 2.716959e+00
-6.136700e-02 2.456330e-01 2.322007e+00
-3.907470e-01 -2.720480e-01 2.640889e+00
-2.393020e-01 3.334520e-01 2.119487e+00
-3.867570e-01 -3.373490e-01 2.643734e+00
-3.045140e-01 3.333820e-01 2.113512e+00
-2.923230e-01 -5.727070e-01 2.715100e+00
-8.707000e-02 -5.701010e-01 2.677036e+00
-2.864070e-01 -9.776180e-01 2.755859e+00
-7.654400e-02 -9.703350e-01 2.750189e+00
-3.400770e-01 -9.932640e-01 2.608213e+00
-1.272170e-01 -9.985070e-01 2.603345e+00
-2.109860e-01 5.410480e-01 2.592366e+00
-3.674890e-01 2.571100e-01 2.698597e+00
-4.148800e-02 2.632610e-01 2.585858e+00
-2.532540e-01 3.217590e-01 2.504575e+00
-1.783660e-01 1.248400e-01 2.710380e+00
-3.572210e-01 -7.589200e-02 2.621819e+00
-2.666200e-02 -8.179200e-02 2.530469e+00
-1.612700e-01 -7.315100e-02 2.686765e+00
-4.378900e-01 1.698000e-03 2.735188e+00
-7.783500e-02 2.822660e-01 2.321570e+00
-3.974370e-01 -2.636860e-01 2.647519e+00
-2.460100e-01 4.189020e-01 2.140465e+00
-3.899790e-01 -3.286880e-01 2.644798e+00
-3.046500e-01 4.389860e-01 2.119342e+00
-2.918570e-01 -5.726680e-01 2.719327e+00
-8.848700e-02 -5.771160e-01 2.675652e+00
-2.858840e-01 -9.781100e-01 2.754402e+00
-7.632600e-02 -9.782740e-01 2.743281e+00
-3.298620e-01 -9.918220e-01 2.603397e+00
-1.182140e-01 -1.004813e+00 2.593396e+00
-2.105750e-01 5.515110e-01 2.626236e+00
-3.630140e-01 2.570560e-01 2.690838e+00
-4.583100e-02 2.591530e-01 2.565498e+00
-2.583690e-01 3.061430e-01 2.487088e+00
-1.706270e-01 1.299570e-01 2.706179e+00
-3.526150e-01 -7.353800e-02 2.641183e+00
-3.620000e-02 -9.020100e-02 2.509833e+00
-1.501970e-01 -7.811900e-02 2.681534e+00
-4.357320e-01 3.368000e-03 2.735393e+00
-9.540300e-02 2.977680e-01 2.305340e+00
-3.874050e-01 -2.625110e-01 2.652715e+00
-2.591830e-01 4.757020e-01 2.159126e+00
-4.021570e-01 -3.222870e-01 2.675018e+00
-3.121830e-01 5.081400e-01 2.138461e+00
-2.923320e-01 -5.740100e-01 2.725022e+00
-8.769500e-02 -5.812980e-01 2.667727e+00
-2.850050e-01 -9.797120e-01 2.756664e+00
-7.360100e-02 -9.793440e-01 2.751453e+00
-3.489800e-01 -9.920830e-01 2.612863e+00
-1.342210e-01 -1.011402e+00 2.609249e+00
-2.046490e-01 5.522610e-01 2.650046e+00
-3.533530e-01 2.532790e-01 2.707543e+00
-5.132500e-02 2.588410e-01 2.549032e+00
-2.720530e-01 2.998150e-01 2.492837e+00
-1.576570e-01 1.304050e-01 2.704863e+00
-3.492780e-01 -7.605800e-02 2.653230e+00
-4.566800e-02 -9.702400e-02 2.495021e+00
-1.441220e-01 -8.103500e-02 2.675780e+00
-4.301400e-01 -2.075000e-03 2.744118e+00
-1.181340e-01 2.966490e-01 2.291066e+00
-3.998950e-01 -2.738410e-01 2.666707e+00
-2.763100e-01 4.896640e-01 2.155090e+00
-3.847780e-01 -3.354800e-01 2.650572e+00
-3.205150e-01 5.359340e-01 2.168995e+00
-2.912980e-01 -5.785420e-01 2.727206e+00
-8.792200e-02 -5.845450e-01 2.668269e+00
-2.822410e-01 -9.844070e-01 2.756208e+00
-7.595400e-02 -9.832350e-01 2.749214e+00
-3.593120e-01 -9.959380e-01 2.618907e+00
-1.490610e-01 -1.013181e+00 2.612527e+00
-1.989320e-01 5.514550e-01 2.647950e+00
-3.505100e-01 2.597360e-01 2.710557e+00
-5.247900e-02 2.630960e-01 2.539609e+00
-2.772680e-01 3.034850e-01 2.492393e+00
-1.550790e-01 1.367010e-01 2.702140e+00
-3.471620e-01 -7.377400e-02 2.659022e+00
-4.877100e-02 -9.285800e-02 2.490951e+00
-1.413630e-01 -7.802700e-02 2.674878e+00
-4.228410e-01 1.300000e-04 2.737551e+00
-1.222530e-01 2.680140e-01 2.277954e+00
-3.993560e-01 -2.789720e-01 2.679783e+00
-2.943260e-01 4.317120e-01 2.118644e+00
-3.936210e-01 -3.437050e-01 2.671725e+00
-3.221230e-01 4.909350e-01 2.121495e+00
-2.918150e-01 -5.759900e-01 2.727904e+00
-8.866700e-02 -5.813400e-01 2.665506e+00
-2.825690e-01 -9.820350e-01 2.754206e+00
-7.444300e-02 -9.787840e-01 2.752021e+00
-3.643760e-01 -9.926170e-01 2.619595e+00
-1.515710e-01 -1.010714e+00 2.618020e+00
-2.170950e-01 5.508800e-01 2.584514e+00
-3.463940e-01 2.474010e-01 2.692884e+00
-5.228800e-02 2.474980e-01 2.516304e+00
-2.794090e-01 2.678360e-01 2.469346e+00
-1.436950e-01 1.364540e-01 2.695313e+00
-3.492300e-01 -8.404000e-02 2.663335e+00
-5.401700e-02 -1.016840e-01 2.489592e+00
-1.431570e-01 -8.772300e-02 2.675284e+00
-4.296160e-01 -1.301000e-03 2.746716e+00
-1.211270e-01 2.264080e-01 2.258442e+00
-3.970890e-01 -2.716130e-01 2.670646e+00
-3.035790e-01 3.107890e-01 2.059685e+00
-3.876270e-01 -3.345940e-01 2.655411e+00
-3.419060e-01 3.600790e-01 2.039941e+00
-2.915200e-01 -5.869320e-01 2.726919e+00
-8.938800e-02 -5.896740e-01 2.667640e+00
-2.832540e-01 -9.932170e-01 2.749576e+00
-7.554500e-02 -9.869280e-01 2.755086e+00
-3.672600e-01 -1.002363e+00 2.616220e+00
-1.549250e-01 -1.018898e+00 2.622416e+00
-2.241750e-01 5.383560e-01 2.564469e+00
-3.583020e-01 2.696450e-01 2.713157e+00
-4.971400e-02 3.072690e-01 2.563548e+00
-2.747560e-01 3.318680e-01 2.503343e+00
-1.530160e-01 1.635380e-01 2.712114e+00
-3.525910e-01 -5.522200e-02 2.647961e+00
-4.366200e-02 -6.023600e-02 2.499008e+00
-1.481870e-01 -5.509000e-02 2.676971e+00
-4.247530e-01 9.576000e-03 2.739751e+00
-9.077500e-02 1.826910e-01 2.327851e+00
-4.064540e-01 -2.669430e-01 2.674002e+00
-2.163760e-01 4.608000e-02 2.111790e+00
-3.864710e-01 -3.248450e-01 2.650845e+00
-2.489120e-01 2.673000e-03 2.075109e+00
-2.901390e-01 -5.547530e-01 2.715484e+00
-9.056100e-02 -5.567430e-01 2.653634e+00
-2.862310e-01 -9.597570e-01 2.755555e+00
-7.471800e-02 -9.528030e-01 2.746015e+00
-3.563660e-01 -9.743540e-01 2.614869e+00
-1.415870e-01 -9.878210e-01 2.607354e+00
-2.215230e-01 5.656790e-01 2.559714e+00
-3.591990e-01 2.591690e-01 2.717780e+00
-6.066000e-02 3.152780e-01 2.554223e+00
-2.893100e-01 3.262420e-01 2.504495e+00
-1.481610e-01 1.656320e-01 2.707035e+00
-3.524150e-01 -5.713300e-02 2.654372e+00
-5.034900e-02 -6.178600e-02 2.491942e+00
-1.469390e-01 -5.856700e-02 2.674377e+00
-4.304220e-01 -6.210000e-04 2.735781e+00
-8.008800e-02 1.272780e-01 2.361438e+00
-3.969190e-01 -2.703750e-01 2.649906e+00
-1.545170e-01 -8.787100e-02 2.189871e+00
-3.834930e-01 -3.334750e-01 2.638666e+00
-1.698820e-01 -1.504040e-01 2.177962e+00
-2.902340e-01 -5.578520e-01 2.712393e+00
-9.000300e-02 -5.565470e-01 2.654750e+00
-2.845690e-01 -9.622340e-01 2.758139e+00
-7.664000e-02 -9.518140e-01 2.750845e+00
-3.607820e-01 -9.788290e-01 2.620878e+00
-1.491570e-01 -9.872520e-01 2.615162e+00
-2.250680e-01 5.648500e-01 2.556302e+00
-3.579900e-01 2.504670e-01 2.708763e+00
-5.996500e-02 3.170940e-01 2.548242e+00
-2.884560e-01 3.221300e-01 2.496859e+00
-1.442820e-01 1.631390e-01 2.698543e+00
-3.540000e-01 -6.110900e-02 2.653560e+00
-5.049700e-02 -6.336800e-02 2.493779e+00
-1.487090e-01 -6.262700e-02 2.675373e+00
-4.330830e-01 -1.004200e-02 2.729705e+00
-6.322000e-02 9.286900e-02 2.394441e+00
-3.971830e-01 -2.850600e-01 2.655433e+00
-1.139150e-01 -1.540000e-01 2.256871e+00
-3.892880e-01 -3.478910e-01 2.638754e+00
-1.339730e-01 -2.162880e-01 2.254400e+00
-2.915790e-01 -5.608210e-01 2.712744e+00
-9.027700e-02 -5.582720e-01 2.657022e+00
-2.854620e-01 -9.648400e-01 2.761533e+00
-7.756800e-02 -9.552120e-01 2.746049e+00
-3.602430e-01 -9.826240e-01 2.623634e+00
-1.488960e-01 -9.882060e-01 2.609125e+00
-2.243860e-01 5.645590e-01 2.558726e+00
-3.712070e-01 2.562760e-01 2.686728e+00
-5.466000e-02 3.115170e-01 2.561145e+00
-2.750430e-01 3.169650e-01 2.481928e+00
-1.594710e-01 1.659050e-01 2.706794e+00
-3.655680e-01 -7.273900e-02 2.632667e+00
-4.586000e-02 -5.724000e-02 2.509396e+00
-1.643910e-01 -6.437900e-02 2.678280e+00
-4.362410e-01 -7.376000e-03 2.726039e+00
-4.447700e-02 8.104000e-02 2.412605e+00
-3.934210e-01 -2.813850e-01 2.642224e+00
-8.657300e-02 -1.703720e-01 2.274911e+00
-3.710970e-01 -3.403680e-01 2.624591e+00
-1.176450e-01 -2.279210e-01 2.271618e+00
-2.906880e-01 -5.643310e-01 2.713170e+00
-8.875200e-02 -5.583270e-01 2.658091e+00
-2.881640e-01 -9.691570e-01 2.755111e+00
-7.539400e-02 -9.552210e-01 2.747229e+00
-3.437930e-01 -9.847260e-01 2.608184e+00
-1.289640e-01 -9.894780e-01 2.602726e+00
-2.250340e-01 5.645870e-01 2.549039e+00
-3.664430e-01 2.541890e-01 2.696338e+00
-5.309600e-02 3.181790e-01 2.566939e+00
-2.749750e-01 3.230640e-01 2.491976e+00
-1.531320e-01 1.662850e-01 2.709497e+00
-3.618290e-01 -7.285600e-02 2.636143e+00
-4.427400e-02 -5.431800e-02 2.507830e+00
-1.601540e-01 -6.064600e-02 2.678576e+00
-4.338250e-01 -1.200700e-02 2.713573e+00
-3.851900e-02 1.080230e-01 2.389965e+00
-3.877200e-01 -2.878270e-01 2.634864e+00
-6.900600e-02 -1.311160e-01 2.227853e+00
-3.743160e-01 -3.518180e-01 2.631140e+00
-1.086370e-01 -1.831000e-01 2.231780e+00
-2.900640e-01 -5.649080e-01 2.708920e+00
-8.920900e-02 -5.563240e-01 2.660119e+00
-2.855840e-01 -9.691740e-01 2.755807e+00
-7.318600e-02 -9.531680e-01 2.749044e+00
-3.438960e-01 -9.867140e-01 2.610147e+00
-1.303190e-01 -9.875410e-01 2.605940e+00
-2.230120e-01 5.629370e-01 2.548910e+00
-3.789770e-01 2.641560e-01 2.685165e+00
-5.657400e-02 3.207780e-01 2.576190e+00
-2.725890e-01 3.255430e-01 2.485698e+00
-1.682200e-01 1.745360e-01 2.716013e+00
-3.635500e-01 -6.858900e-02 2.624918e+00
-3.855900e-02 -4.445900e-02 2.517925e+00
-1.654000e-01 -5.255600e-02 2.680615e+00
-4.387300e-01 -1.561000e-03 2.709135e+00
-4.478000e-03 1.608440e-01 2.360650e+00
-3.890930e-01 -2.748560e-01 2.630478e+00
-3.607500e-02 -3.844100e-02 2.154184e+00
-3.855550e-01 -3.393230e-01 2.641424e+00
-7.555000e-02 -8.468600e-02 2.129865e+00
-2.905080e-01 -5.594150e-01 2.701613e+00
-8.651800e-02 -5.497560e-01 2.658278e+00
-2.874530e-01 -9.634000e-01 2.750970e+00
-7.487400e-02 -9.479160e-01 2.741837e+00
-3.353190e-01 -9.820010e-01 2.601680e+00
-1.221730e-01 -9.801760e-01 2.594709e+00
-2.221960e-01 5.691620e-01 2.544836e+00
-3.649010e-01 2.828620e-01 2.686120e+00
-3.566500e-02 2.947730e-01 2.583716e+00
-2.464270e-01 3.412780e-01 2.492664e+00
-1.718810e-01 1.582670e-01 2.711046e+00
-3.603140e-01 -5.427400e-02 2.619435e+00
-3.305500e-02 -5.514600e-02 2.516724e+00
-1.622670e-01 -5.439200e-02 2.677740e+00
-4.363640e-01 2.173600e-02 2.692129e+00
4.724900e-02 2.625780e-01 2.327945e+00
-3.951230e-01 -2.536070e-01 2.626995e+00
9.361800e-02 2.202120e-01 2.048996e+00
-3.931310e-01 -3.189210e-01 2.631289e+00
1.036550e-01 2.110740e-01 1.984934e+00
-2.908690e-01 -5.523890e-01 2.701720e+00
-9.449100e-02 -5.535560e-01 2.656982e+00
-2.864000e-01 -9.551420e-01 2.760193e+00
-7.385300e-02 -9.512310e-01 2.741116e+00
-3.340980e-01 -9.772840e-01 2.611333e+00
-1.200470e-01 -9.847690e-01 2.593923e+00
-2.228810e-01 5.509660e-01 2.527540e+00
-3.574350e-01 2.793160e-01 2.681102e+00
-3.220800e-02 3.137390e-01 2.572392e+00
-2.470880e-01 3.409430e-01 2.483872e+00
-1.548500e-01 1.709590e-01 2.705994e+00
-3.590420e-01 -4.115000e-02 2.621528e+00
-3.398700e-02 -5.891300e-02 2.513489e+00
-1.601890e-01 -4.845300e-02 2.676541e+00
-4.399660e-01 2.543100e-02 2.704257e+00
9.595200e-02 3.332300e-01 2.337870e+00
-4.041190e-01 -2.475060e-01 2.638850e+00
1.933000e-01 4.330120e-01 2.091649e+00
-3.905610e-01 -3.091410e-01 2.621371e+00
2.192120e-01 4.751210e-01 2.048712e+00
-2.940600e-01 -5.444480e-01 2.703515e+00
-9.581000e-02 -5.535520e-01 2.650169e+00
-2.894930e-01 -9.484130e-01 2.752913e+00
-7.886100e-02 -9.489520e-01 2.745149e+00
-3.414460e-01 -9.670870e-01 2.605006e+00
-1.287560e-01 -9.859550e-01 2.600008e+00
-2.183630e-01 5.649260e-01 2.528298e+00
-3.645780e-01 2.957380e-01 2.672719e+00
-4.874200e-02 3.074180e-01 2.551799e+00
-2.598960e-01 3.381830e-01 2.467502e+00
-1.659160e-01 1.803700e-01 2.697728e+00
-3.524750e-01 -3.250000e-02 2.619444e+00
-3.250300e-02 -6.374000e-02 2.499898e+00
-1.520570e-01 -4.559700e-02 2.667230e+00
-4.355900e-01 3.869500e-02 2.699576e+00
1.194190e-01 3.967740e-01 2.363191e+00
-4.067100e-01 -2.366970e-01 2.641125e+00
2.518560e-01 5.681220e-01 2.181005e+00
-3.971680e-01 -2.988010e-01 2.622679e+00
2.749430e-01 6.164690e-01 2.143352e+00
-2.946040e-01 -5.380910e-01 2.704582e+00
-1.019830e-01 -5.536100e-01 2.645929e+00
-2.909160e-01 -9.425160e-01 2.750146e+00
-7.915200e-02 -9.469090e-01 2.748125e+00
-3.498160e-01 -9.594450e-01 2.604651e+00
-1.357570e-01 -9.870430e-01 2.606316e+00
-2.135630e-01 5.754690e-01 2.517725e+00
-3.567600e-01 2.722920e-01 2.683850e+00
-4.630400e-02 3.199200e-01 2.554162e+00
-2.635960e-01 3.468420e-01 2.482265e+00
-1.505680e-01 1.680060e-01 2.687162e+00
-3.521290e-01 -4.055800e-02 2.622162e+00
-3.690400e-02 -5.957000e-02 2.488295e+00
-1.497020e-01 -5.212500e-02 2.661047e+00
-4.339820e-01 1.648900e-02 2.698942e+00
1.428110e-01 4.257550e-01 2.397126e+00
-4.025090e-01 -2.571740e-01 2.635895e+00
2.791460e-01 6.223590e-01 2.246736e+00
-3.933030e-01 -3.207690e-01 2.623276e+00
2.984090e-01 6.721420e-01 2.208805e+00
-2.940740e-01 -5.417140e-01 2.703111e+00
-1.001650e-01 -5.513500e-01 2.642788e+00
-2.901110e-01 -9.457840e-01 2.751697e+00
-7.638400e-02 -9.445280e-01 2.745229e+00
-3.544300e-01 -9.636180e-01 2.608625e+00
-1.380910e-01 -9.846500e-01 2.605562e+00
-2.180280e-01 5.571870e-01 2.506838e+00
-3.623070e-01 2.858470e-01 2.677552e+00
-4.434200e-02 3.045020e-01 2.564729e+00
-2.529060e-01 3.448020e-01 2.478982e+00
-1.652810e-01 1.665790e-01 2.696466e+00
-3.534320e-01 -4.055000e-02 2.614062e+00
-3.104100e-02 -6.115700e-02 2.498786e+00
-1.537030e-01 -5.356700e-02 2.664674e+00
-4.374770e-01 2.984600e-02 2.689484e+00
1.432890e-01 4.147410e-01 2.409902e+00
-4.066090e-01 -2.453950e-01 2.636415e+00
2.702770e-01 6.063550e-01 2.246546e+00
-3.954890e-01 -3.084770e-01 2.622802e+00
2.766660e-01 6.555920e-01 2.203848e+00
-2.952820e-01 -5.422310e-01 2.699774e+00
-9.923300e-02 -5.539480e-01 2.641927e+00
-2.891730e-01 -9.457010e-01 2.752915e+00
-7.913700e-02 -9.470560e-01 2.745422e+00
-3.452720e-01 -9.658060e-01 2.606719e+00
-1.326330e-01 -9.874240e-01 2.602478e+00
-2.191040e-01 5.531890e-01 2.502489e+00
-3.614410e-01 2.827220e-01 2.678133e+00
-4.053400e-02 3.198850e-01 2.566867e+00
-2.538320e-01 3.511530e-01 2.481636e+00
-1.588510e-01 1.730080e-01 2.696074e+00
-3.527130e-01 -4.026000e-02 2.613094e+00
-2.964200e-02 -6.021500e-02 2.499620e+00
-1.531270e-01 -5.092500e-02 2.664809e+00
-4.323740e-01 2.622200e-02 2.675140e+00
1.496250e-01 3.950550e-01 2.396511e+00
-4.085180e-01 -2.505750e-01 2.632865e+00
2.701560e-01 5.814170e-01 2.224133e+00
-3.957810e-01 -3.127390e-01 2.616689e+00
2.827570e-01 6.198880e-01 2.172660e+00
-2.938840e-01 -5.425950e-01 2.697220e+00
-9.670500e-02 -5.523010e-01 2.646610e+00
-2.893610e-01 -9.457010e-01 2.753203e+00
-7.811300e-02 -9.468120e-01 2.744922e+00
-3.442830e-01 -9.666670e-01 2.606682e+00
-1.309430e-01 -9.851250e-01 2.601167e+00
-2.249890e-01 5.672270e-01 2.520812e+00
-3.584200e-01 2.903930e-01 2.684572e+00
-3.066800e-02 3.211220e-01 2.581329e+00
-2.438950e-01 3.596920e-01 2.492333e+00
-1.594330e-01 1.747590e-01 2.705422e+00
-3.525090e-01 -3.692500e-02 2.611607e+00
-2.634600e-02 -5.115500e-02 2.506421e+00
-1.542110e-01 -4.550200e-02 2.668412e+00
-4.339820e-01 3.560100e-02 2.666675e+00
1.471330e-01 3.492660e-01 2.385004e+00
-4.019040e-01 -2.400320e-01 2.620846e+00
2.640580e-01 4.808610e-01 2.165654e+00
-3.877390e-01 -2.985420e-01 2.595076e+00
2.947390e-01 5.109230e-01 2.116225e+00
-2.920770e-01 -5.412630e-01 2.682562e+00
-9.269500e-02 -5.448600e-01 2.650499e+00
-2.906920e-01 -9.421990e-01 2.752548e+00
-7.560200e-02 -9.409580e-01 2.742496e+00
-3.408500e-01 -9.681080e-01 2.605112e+00
-1.242150e-01 -9.769270e-01 2.596662e+00
-2.193940e-01 5.607990e-01 2.513922e+00
-3.625780e-01 2.972880e-01 2.671391e+00
-2.557900e-02 3.163230e-01 2.600017e+00
-2.277420e-01 3.656710e-01 2.492459e+00
-1.712290e-01 1.729720e-01 2.707898e+00
-3.568600e-01 -4.204800e-02 2.594811e+00
-2.138200e-02 -4.832200e-02 2.523647e+00
-1.653050e-01 -4.694800e-02 2.671657e+00
-4.335050e-01 4.127800e-02 2.665136e+00
1.355810e-01 2.823460e-01 2.391489e+00
-4.099920e-01 -2.347570e-01 2.620666e+00
2.462120e-01 3.632510e-01 2.146661e+00
-3.951250e-01 -2.961200e-01 2.603293e+00
2.727060e-01 3.880910e-01 2.092170e+00
-2.892340e-01 -5.422730e-01 2.683745e+00
-9.329400e-02 -5.456530e-01 2.653296e+00
-2.896030e-01 -9.436390e-01 2.751230e+00
-7.163600e-02 -9.428430e-01 2.739434e+00
-3.230110e-01 -9.691930e-01 2.599060e+00
-1.043530e-01 -9.772790e-01 2.588875e+00
-2.272330e-01 5.585950e-01 2.514522e+00
-3.717130e-01 2.950100e-01 2.673436e+00
-3.411900e-02 3.148210e-01 2.605149e+00
-2.354430e-01 3.618050e-01 2.494990e+00
-1.801340e-01 1.721170e-01 2.713394e+00
-3.584780e-01 -4.472200e-02 2.594552e+00
-2.222300e-02 -4.352100e-02 2.526875e+00
-1.676690e-01 -4.604600e-02 2.673373e+00
-4.383610e-01 3.935300e-02 2.663689e+00
1.187680e-01 2.152030e-01 2.413838e+00
-4.077160e-01 -2.346340e-01 2.619836e+00
2.170670e-01 2.229120e-01 2.152671e+00
-3.923920e-01 -2.946100e-01 2.598477e+00
2.422370e-01 2.252670e-01 2.092262e+00
-2.886930e-01 -5.428940e-01 2.683248e+00
-8.943800e-02 -5.432670e-01 2.653442e+00
-2.889410e-01 -9.439920e-01 2.752311e+00
-7.465900e-02 -9.400990e-01 2.742632e+00
-3.200140e-01 -9.702390e-01 2.599766e+00
-1.047620e-01 -9.751500e-01 2.591670e+00
-2.217280e-01 5.623760e-01 2.523855e+00
-3.814910e-01 2.881620e-01 2.673059e+00
-4.523400e-02 3.114710e-01 2.599485e+00
-2.487190e-01 3.575080e-01 2.492957e+00
-1.882260e-01 1.666670e-01 2.708969e+00
-3.553440e-01 -4.922500e-02 2.599902e+00
-2.077500e-02 -5.419400e-02 2.524480e+00
-1.628120e-01 -5.347000e-02 2.674305e+00
-4.378080e-01 3.470400e-02 2.659588e+00
9.519000e-02 1.407790e-01 2.462591e+00
-4.019960e-01 -2.350890e-01 2.623643e+00
1.767490e-01 3.405400e-02 2.223174e+00
-3.924940e-01 -2.948770e-01 2.598675e+00
1.640540e-01 -1.416600e-02 2.180725e+00
-2.899950e-01 -5.497890e-01 2.683673e+00
-9.160600e-02 -5.502840e-01 2.661606e+00
-2.897320e-01 -9.513700e-01 2.749864e+00
-7.442000e-02 -9.494610e-01 2.739140e+00
-3.252020e-01 -9.764120e-01 2.598077e+00
-1.090550e-01 -9.802660e-01 2.588223e+00
-2.313450e-01 5.608210e-01 2.527638e+00
-3.887260e-01 2.940920e-01 2.682039e+00
-5.492300e-02 3.159380e-01 2.597639e+00
-2.615760e-01 3.618350e-01 2.497330e+00
-1.947390e-01 1.722890e-01 2.712610e+00
-3.558840e-01 -4.393100e-02 2.605338e+00
-2.311300e-02 -4.653800e-02 2.522238e+00
-1.616700e-01 -4.715800e-02 2.675287e+00
-4.346270e-01 3.675600e-02 2.661135e+00
7.329000e-02 1.065380e-01 2.505558e+00
-4.046130e-01 -2.353340e-01 2.619482e+00
1.427290e-01 -6.974100e-02 2.303635e+00
-3.943200e-01 -2.979660e-01 2.603371e+00
1.359210e-01 -1.269560e-01 2.272518e+00
-2.889700e-01 -5.444910e-01 2.684076e+00
-9.214500e-02 -5.440490e-01 2.658592e+00
-2.876470e-01 -9.459070e-01 2.751258e+00
-7.379100e-02 -9.421690e-01 2.741132e+00
-3.264520e-01 -9.712910e-01 2.600346e+00
-1.114610e-01 -9.749560e-01 2.591364e+00
-2.305610e-01 5.608550e-01 2.520714e+00
-3.825040e-01 2.908960e-01 2.687292e+00
-5.073800e-02 3.127580e-01 2.595214e+00
-2.593670e-01 3.645570e-01 2.502130e+00
-1.891260e-01 1.661010e-01 2.708096e+00
-3.556870e-01 -4.443700e-02 2.609230e+00
-2.524200e-02 -4.754600e-02 2.517334e+00
-1.597010e-01 -4.860000e-02 2.673993e+00
-4.339770e-01 3.133400e-02 2.665405e+00
5.889600e-02 7.761400e-02 2.538743e+00
-4.059360e-01 -2.441990e-01 2.621830e+00
1.072570e-01 -1.522320e-01 2.385656e+00
-3.912740e-01 -3.049550e-01 2.602284e+00
9.566700e-02 -2.120630e-01 2.361696e+00
-2.902640e-01 -5.449720e-01 2.685419e+00
-9.201700e-02 -5.437880e-01 2.659706e+00
-2.874590e-01 -9.463200e-01 2.752954e+00
-7.480500e-02 -9.420470e-01 2.741819e+00
-3.305110e-01 -9.718180e-01 2.603218e+00
-1.164320e-01 -9.745230e-01 2.593034e+00
-2.264580e-01 5.539920e-01 2.518759e+00
-3.760630e-01 2.832140e-01 2.664706e+00
-3.961500e-02 2.993850e-01 2.590098e+00
-2.426140e-01 3.437920e-01 2.481962e+00
-1.843070e-01 1.607830e-01 2.705231e+00
-3.649190e-01 -5.550600e-02 2.592987e+00
-2.843500e-02 -5.219400e-02 2.526531e+00
-1.743960e-01 -5.520100e-02 2.672506e+00
-4.279700e-01 1.822900e-02 2.657679e+00
3.687400e-02 4.121800e-02 2.568649e+00
-4.039550e-01 -2.640560e-01 2.624748e+00
4.822000e-02 -2.367160e-01 2.505645e+00
-3.880270e-01 -3.253550e-01 2.608103e+00
3.623100e-02 -3.010020e-01 2.509089e+00
-2.915180e-01 -5.508000e-01 2.691593e+00
-9.292600e-02 -5.514630e-01 2.656663e+00
-2.894280e-01 -9.534150e-01 2.751137e+00
-7.448100e-02 -9.495140e-01 2.739513e+00
-3.196390e-01 -9.762400e-01 2.597870e+00
-1.040200e-01 -9.824270e-01 2.587959e+00
-2.203240e-01 5.520120e-01 2.516751e+00
-3.750200e-01 2.876960e-01 2.672414e+00
-3.971500e-02 2.957580e-01 2.591602e+00
-2.432380e-01 3.497720e-01 2.488963e+00
-1.864850e-01 1.581860e-01 2.705331e+00
-3.735870e-01 -4.982400e-02 2.590576e+00
-3.626600e-02 -5.650700e-02 2.528779e+00
-1.842800e-01 -5.617000e-02 2.672704e+00
-4.313610e-01 2.158200e-02 2.667079e+00
2.218600e-02 3.107000e-02 2.580284e+00
-4.087460e-01 -2.606190e-01 2.618320e+00
7.463000e-03 -2.556170e-01 2.569341e+00
-3.910680e-01 -3.236410e-01 2.616353e+00
-6.420000e-04 -3.149370e-01 2.595868e+00
-2.920390e-01 -5.488300e-01 2.690161e+00
-9.150600e-02 -5.519660e-01 2.655126e+00
-2.868030e-01 -9.514360e-01 2.749578e+00
-7.407000e-02 -9.499570e-01 2.738484e+00
-3.158620e-01 -9.744620e-01 2.596118e+00
-1.024230e-01 -9.829840e-01 2.586728e+00
-2.216880e-01 5.497190e-01 2.518135e+00
-3.771290e-01 2.910650e-01 2.667112e+00
-4.046200e-02 2.969770e-01 2.591976e+00
-2.419700e-01 3.508590e-01 2.485369e+00
-1.897410e-01 1.610930e-01 2.704462e+00
-3.750380e-01 -4.806600e-02 2.602958e+00
-4.327900e-02 -5.752400e-02 2.516383e+00
-1.802650e-01 -5.690200e-02 2.670840e+00
-4.307170e-01 2.365200e-02 2.663398e+00
2.208000e-02 3.150300e-02 2.589308e+00
-4.091490e-01 -2.605340e-01 2.621948e+00
9.172000e-03 -2.556390e-01 2.571200e+00
-3.928160e-01 -3.191870e-01 2.597839e+00
-1.634200e-02 -3.156020e-01 2.577659e+00
-2.906100e-01 -5.497490e-01 2.688532e+00
-8.991800e-02 -5.504100e-01 2.652782e+00
-2.891610e-01 -9.521200e-01 2.749722e+00
-7.798300e-02 -9.475820e-01 2.740881e+00
-3.293210e-01 -9.752160e-01 2.598797e+00
-1.171400e-01 -9.818220e-01 2.591821e+00
-2.207560e-01 5.516290e-01 2.514544e+00
-3.731030e-01 2.820440e-01 2.672795e+00
-3.547400e-02 3.073630e-01 2.606530e+00
-2.367790e-01 3.612790e-01 2.499557e+00
-1.812490e-01 1.571900e-01 2.704508e+00
-3.745150e-01 -4.643700e-02 2.595646e+00
-3.873000e-02 -4.955600e-02 2.525734e+00
-1.832900e-01 -5.447200e-02 2.673046e+00
-4.302830e-01 1.418700e-02 2.651618e+00
2.260500e-02 3.907100e-02 2.595966e+00
-4.048020e-01 -2.735140e-01 2.624835e+00
1.026100e-02 -2.496230e-01 2.570634e+00
-3.868450e-01 -3.343090e-01 2.608412e+00
-5.800000e-03 -3.122670e-01 2.580935e+00
-2.911240e-01 -5.457100e-01 2.685733e+00
-9.154800e-02 -5.452420e-01 2.654788e+00
-2.892110e-01 -9.463610e-01 2.757320e+00
-7.420800e-02 -9.426760e-01 2.740777e+00
-3.211410e-01 -9.737030e-01 2.605144e+00
-1.056980e-01 -9.767020e-01 2.589863e+00
-2.209930e-01 5.442170e-01 2.515445e+00
-3.782050e-01 2.790000e-01 2.658667e+00
-3.909500e-02 3.055590e-01 2.601014e+00
-2.377700e-01 3.499230e-01 2.485111e+00
-1.857170e-01 1.592250e-01 2.703434e+00
-3.745650e-01 -5.115700e-02 2.590461e+00
-3.678800e-02 -5.273200e-02 2.530851e+00
-1.857430e-01 -5.697700e-02 2.673738e+00
-4.309070e-01 8.525000e-03 2.649667e+00
2.381000e-02 3.712500e-02 2.599896e+00
-3.988980e-01 -2.785120e-01 2.613111e+00
1.131400e-02 -2.513850e-01 2.563058e+00
-3.814070e-01 -3.406140e-01 2.601901e+00
-8.720000e-03 -3.134780e-01 2.568658e+00
-2.895240e-01 -5.501920e-01 2.683816e+00
-9.096000e-02 -5.491910e-01 2.657139e+00
-2.871400e-01 -9.512680e-01 2.752967e+00
-7.303400e-02 -9.475570e-01 2.738577e+00
-3.142880e-01 -9.778490e-01 2.599732e+00
-9.992800e-02 -9.798760e-01 2.586403e+00
-2.154180e-01 5.505940e-01 2.516527e+00
