-3.554880e-01 3.895310e-01 2.783742e+00
-1.442230e-01 3.807635e-01 2.695814e+00
6.704200e-02 3.719960e-01 2.607886e+00
-5.403600e-02 4.197635e-01 2.610413e+00
-1.751140e-01 4.675310e-01 2.612941e+00
-1.492900e-01 3.471210e-01 2.686993e+00
-1.234660e-01 2.267110e-01 2.761046e+00
-2.384170e-01 1.280730e-01 2.734596e+00
-3.533680e-01 2.943500e-02 2.708145e+00
-1.537860e-01 2.031800e-02 2.624706e+00
4.579600e-02 1.120100e-02 2.541267e+00
-2.557300e-02 1.380700e-02 2.651184e+00
-9.694200e-02 1.641300e-02 2.761101e+00
-2.571560e-01 7.167200e-02 2.725379e+00
-4.173700e-01 1.269310e-01 2.689658e+00
-1.481030e-01 1.119620e-01 2.676540e+00
1.211640e-01 9.699300e-02 2.663423e+00
-1.300730e-01 -4.176250e-02 2.645964e+00
-3.813100e-01 -1.805180e-01 2.628505e+00
-1.351920e-01 -1.984840e-01 2.628548e+00
1.109260e-01 -2.164500e-01 2.628591e+00
-1.233805e-01 -2.380255e-01 2.646170e+00
-3.576870e-01 -2.596010e-01 2.663749e+00
-1.538090e-01 -2.702590e-01 2.653146e+00
5.006900e-02 -2.809170e-01 2.642543e+00
-1.026045e-01 -4.405760e-01 2.656442e+00
-2.552780e-01 -6.002350e-01 2.670341e+00
-1.340150e-01 -5.982690e-01 2.673249e+00
-1.275200e-02 -5.963030e-01 2.676157e+00
-1.415655e-01 -8.444315e-01 2.706400e+00
-2.703790e-01 -1.092560e+00 2.736643e+00
-1.393990e-01 -1.090769e+00 2.739035e+00
-8.419000e-03 -1.088979e+00 2.741428e+00
-1.828415e-01 -1.103319e+00 2.635955e+00
-3.572640e-01 -1.117659e+00 2.530482e+00
-2.256915e-01 -1.117360e+00 2.532819e+00
-9.411900e-02 -1.117061e+00 2.535156e+00
-1.198525e-01 -2.080905e-01 2.555718e+00
-1.455860e-01 7.008800e-01 2.576280e+00
-2.507185e-01 5.483665e-01 2.682248e+00
-3.558510e-01 3.958530e-01 2.788216e+00
-1.444255e-01 3.862170e-01 2.700766e+00
6.700000e-02 3.765810e-01 2.613315e+00
-5.329500e-02 4.262260e-01 2.616846e+00
-1.735900e-01 4.758710e-01 2.620376e+00
-1.500045e-01 3.529350e-01 2.690943e+00
-1.264190e-01 2.299990e-01 2.761511e+00
-2.453925e-01 1.318935e-01 2.729157e+00
-3.643660e-01 3.378800e-02 2.696803e+00
-1.600555e-01 2.386250e-02 2.625833e+00
4.425500e-02 1.393700e-02 2.554863e+00
-3.378600e-02 1.612150e-02 2.660157e+00
-1.118270e-01 1.830600e-02 2.765451e+00
-2.689545e-01 7.604750e-02 2.732511e+00
-4.260820e-01 1.337890e-01 2.699571e+00
-1.518070e-01 1.187095e-01 2.687622e+00
1.224680e-01 1.036300e-01 2.675674e+00
-1.409805e-01 -3.576050e-02 2.658291e+00
-4.044290e-01 -1.751510e-01 2.640907e+00
-1.492160e-01 -1.921545e-01 2.640637e+00
1.059970e-01 -2.091580e-01 2.640368e+00
-1.273545e-01 -2.312335e-01 2.643555e+00
-3.607060e-01 -2.533090e-01 2.646743e+00
-1.598030e-01 -2.618355e-01 2.638635e+00
4.110000e-02 -2.703620e-01 2.630528e+00
-1.044030e-01 -4.335605e-01 2.650520e+00
-2.499060e-01 -5.967590e-01 2.670512e+00
-1.327120e-01 -5.947115e-01 2.675310e+00
-1.551800e-02 -5.926640e-01 2.680107e+00
-1.442665e-01 -8.401535e-01 2.712417e+00
-2.730150e-01 -1.087643e+00 2.744728e+00
-1.410675e-01 -1.086934e+00 2.741429e+00
-9.120000e-03 -1.086224e+00 2.738129e+00
-1.767770e-01 -1.101246e+00 2.635644e+00
-3.444340e-01 -1.116267e+00 2.533160e+00
-2.134255e-01 -1.114140e+00 2.529999e+00
-8.241700e-02 -1.112013e+00 2.526839e+00
-1.172285e-01 -2.059890e-01 2.547484e+00
-1.520400e-01 7.000350e-01 2.568129e+00
-2.604835e-01 5.438540e-01 2.666473e+00
-3.689270e-01 3.876730e-01 2.764818e+00
-1.535585e-01 3.809070e-01 2.687283e+00
6.181000e-02 3.741410e-01 2.609747e+00
-6.029450e-02 4.190230e-01 2.604839e+00
-1.823990e-01 4.639050e-01 2.599930e+00
-1.574400e-01 3.468605e-01 2.679472e+00
-1.324810e-01 2.298160e-01 2.759013e+00
-2.492090e-01 1.271395e-01 2.734175e+00
-3.659370e-01 2.446300e-02 2.709337e+00
-1.622570e-01 1.354100e-02 2.636721e+00
4.142300e-02 2.619000e-03 2.564104e+00
-3.580550e-02 4.362000e-03 2.670003e+00
-1.130340e-01 6.105000e-03 2.775903e+00
-2.712615e-01 6.207950e-02 2.735437e+00
-4.294890e-01 1.180540e-01 2.694970e+00
-1.488865e-01 1.093790e-01 2.672273e+00
1.317160e-01 1.007040e-01 2.649576e+00
-1.322195e-01 -4.404300e-02 2.641395e+00
-3.961550e-01 -1.887900e-01 2.633214e+00
-1.460650e-01 -1.997960e-01 2.623537e+00
1.040250e-01 -2.108020e-01 2.613859e+00
-1.203410e-01 -2.337475e-01 2.609423e+00
-3.447070e-01 -2.566930e-01 2.604987e+00
-1.515065e-01 -2.658460e-01 2.612889e+00
4.169400e-02 -2.749990e-01 2.620792e+00
-1.059075e-01 -4.409405e-01 2.646137e+00
-2.535090e-01 -6.068820e-01 2.671482e+00
-1.354620e-01 -6.054815e-01 2.676998e+00
-1.741500e-02 -6.040810e-01 2.682515e+00
-1.423440e-01 -8.508410e-01 2.715773e+00
-2.672730e-01 -1.097601e+00 2.749031e+00
-1.385330e-01 -1.097303e+00 2.747298e+00
-9.793000e-03 -1.097006e+00 2.745564e+00
-1.741990e-01 -1.112992e+00 2.641694e+00
-3.386050e-01 -1.128978e+00 2.537824e+00
-2.114710e-01 -1.127035e+00 2.536414e+00
-8.433700e-02 -1.125091e+00 2.535003e+00
-1.182915e-01 -2.088825e-01 2.552039e+00
-1.522460e-01 7.073260e-01 2.569075e+00
-2.623185e-01 5.496800e-01 2.667143e+00
-3.723910e-01 3.920340e-01 2.765211e+00
-1.567445e-01 3.819255e-01 2.688821e+00
5.890200e-02 3.718170e-01 2.612431e+00
-6.255600e-02 4.183205e-01 2.606651e+00
-1.840140e-01 4.648240e-01 2.600871e+00
-1.610480e-01 3.478925e-01 2.681175e+00
-1.380820e-01 2.309610e-01 2.761480e+00
-2.540645e-01 1.287910e-01 2.736235e+00
-3.700470e-01 2.662100e-02 2.710989e+00
-1.663060e-01 1.931850e-02 2.638090e+00
3.743500e-02 1.201600e-02 2.565190e+00
-3.962350e-02 1.332700e-02 2.671220e+00
-1.166820e-01 1.463800e-02 2.777249e+00
-2.733450e-01 6.916250e-02 2.732767e+00
-4.300080e-01 1.236870e-01 2.688284e+00
-1.526580e-01 1.098810e-01 2.665238e+00
1.246920e-01 9.607500e-02 2.642192e+00
-1.384210e-01 -4.519100e-02 2.642403e+00
-4.015340e-01 -1.864570e-01 2.642613e+00
-1.544440e-01 -1.981925e-01 2.609155e+00
9.264600e-02 -2.099280e-01 2.575698e+00
-1.331050e-01 -2.181440e-01 2.575094e+00
-3.588560e-01 -2.263600e-01 2.574490e+00
-1.653070e-01 -2.468290e-01 2.587495e+00
2.824200e-02 -2.672980e-01 2.600500e+00
-1.125380e-01 -4.349130e-01 2.637812e+00
-2.533180e-01 -6.025280e-01 2.675124e+00
-1.349080e-01 -5.997980e-01 2.678962e+00
-1.649800e-02 -5.970680e-01 2.682801e+00
-1.454465e-01 -8.457645e-01 2.712752e+00
-2.743950e-01 -1.094461e+00 2.742703e+00
-1.442415e-01 -1.092075e+00 2.745648e+00
-1.408800e-02 -1.089688e+00 2.748594e+00
-1.809120e-01 -1.105015e+00 2.640016e+00
-3.477360e-01 -1.120341e+00 2.531439e+00
-2.174355e-01 -1.119285e+00 2.534504e+00
-8.713500e-02 -1.118228e+00 2.537570e+00
-1.259340e-01 -2.051920e-01 2.553751e+00
-1.647330e-01 7.078440e-01 2.569932e+00
-2.690475e-01 5.484690e-01 2.670121e+00
-3.733620e-01 3.890940e-01 2.770309e+00
-1.567455e-01 3.858040e-01 2.696097e+00
5.987100e-02 3.825140e-01 2.621884e+00
-6.244500e-02 4.267260e-01 2.616217e+00
-1.847610e-01 4.709380e-01 2.610550e+00
-1.602690e-01 3.519560e-01 2.687314e+00
-1.357770e-01 2.329740e-01 2.764077e+00
-2.523750e-01 1.301460e-01 2.735244e+00
-3.689730e-01 2.731800e-02 2.706410e+00
-1.643085e-01 1.923900e-02 2.636230e+00
4.035600e-02 1.116000e-02 2.566051e+00
-3.807050e-02 1.347950e-02 2.671055e+00
-1.164970e-01 1.579900e-02 2.776060e+00
-2.737240e-01 6.948050e-02 2.731067e+00
-4.309510e-01 1.231620e-01 2.686074e+00
-1.577425e-01 1.131595e-01 2.653633e+00
1.154660e-01 1.031570e-01 2.621191e+00
-1.408250e-01 -4.119000e-02 2.628604e+00
-3.971160e-01 -1.855370e-01 2.636017e+00
-1.531715e-01 -1.928485e-01 2.588809e+00
9.077300e-02 -2.001600e-01 2.541601e+00
-1.286460e-01 -2.126090e-01 2.556846e+00
-3.480650e-01 -2.250580e-01 2.572092e+00
-1.671245e-01 -2.327255e-01 2.545519e+00
1.381600e-02 -2.403930e-01 2.518946e+00
-1.204650e-01 -4.212935e-01 2.597094e+00
-2.547460e-01 -6.021940e-01 2.675241e+00
-1.353745e-01 -6.001355e-01 2.677657e+00
-1.600300e-02 -5.980770e-01 2.680073e+00
-1.434540e-01 -8.467390e-01 2.707215e+00
-2.709050e-01 -1.095401e+00 2.734357e+00
-1.387855e-01 -1.093469e+00 2.736448e+00
-6.666000e-03 -1.091538e+00 2.738539e+00
-1.746870e-01 -1.105005e+00 2.630390e+00
-3.427080e-01 -1.118473e+00 2.522241e+00
-2.104515e-01 -1.118230e+00 2.524483e+00
-7.819500e-02 -1.117987e+00 2.526724e+00
-1.198835e-01 -2.065615e-01 2.546412e+00
-1.615720e-01 7.048640e-01 2.566101e+00
-2.704025e-01 5.493365e-01 2.670005e+00
-3.792330e-01 3.938090e-01 2.773908e+00
5.438700e-02 3.798410e-01 2.627134e+00
-1.888800e-01 4.717530e-01 2.614276e+00
-1.439410e-01 2.341890e-01 2.769650e+00
-3.676630e-01 2.862300e-02 2.694355e+00
4.587100e-02 1.662700e-02 2.566457e+00
-1.173620e-01 1.804600e-02 2.771593e+00
-4.310900e-01 1.198420e-01 2.713724e+00
1.013520e-01 1.014850e-01 2.586135e+00
-4.059090e-01 -1.819140e-01 2.626872e+00
6.111800e-02 -1.504270e-01 2.401322e+00
-3.511940e-01 -2.502830e-01 2.607215e+00
-2.071700e-02 -1.791630e-01 2.378264e+00
-2.552340e-01 -5.994420e-01 2.669677e+00
-1.900200e-02 -5.950340e-01 2.676123e+00
-2.738750e-01 -1.090391e+00 2.744713e+00
-1.146800e-02 -1.087461e+00 2.742961e+00
-3.396740e-01 -1.120475e+00 2.531531e+00
-7.594500e-02 -1.117440e+00 2.529360e+00
-1.670780e-01 7.056740e-01 2.574030e+00
-3.817840e-01 3.912110e-01 2.773026e+00
5.223300e-02 3.807830e-01 2.627131e+00
-1.923720e-01 4.687210e-01 2.612067e+00
-1.441030e-01 2.351130e-01 2.772361e+00
-3.593750e-01 3.028000e-02 2.691182e+00
5.715700e-02 1.686700e-02 2.573567e+00
-1.111140e-01 1.854800e-02 2.774590e+00
-4.190280e-01 1.159060e-01 2.711353e+00
1.023590e-01 1.127890e-01 2.545582e+00
-3.999720e-01 -1.849780e-01 2.622644e+00
3.619100e-02 -4.710300e-02 2.283246e+00
-3.426130e-01 -2.517030e-01 2.604979e+00
-4.850000e-02 -6.251500e-02 2.257862e+00
-2.544180e-01 -5.979010e-01 2.670100e+00
-1.769400e-02 -5.957600e-01 2.677341e+00
-2.755460e-01 -1.086346e+00 2.759452e+00
-6.988000e-03 -1.088960e+00 2.737742e+00
-3.364540e-01 -1.122794e+00 2.545810e+00
-6.731500e-02 -1.116615e+00 2.522621e+00
-1.689040e-01 7.108760e-01 2.577158e+00
-3.819200e-01 3.850370e-01 2.779613e+00
4.841500e-02 3.768800e-01 2.623058e+00
-1.968000e-01 4.639810e-01 2.614414e+00
-1.437690e-01 2.298250e-01 2.772387e+00
-3.668550e-01 1.440900e-02 2.710959e+00
3.949000e-02 1.849400e-02 2.561361e+00
-1.126070e-01 9.702000e-03 2.774709e+00
-4.381170e-01 1.147250e-01 2.715871e+00
1.442010e-01 1.381520e-01 2.504215e+00
-3.909150e-01 -1.825080e-01 2.630180e+00
-3.478100e-02 9.657300e-02 2.250926e+00
-3.432870e-01 -2.543750e-01 2.605258e+00
-8.851900e-02 1.142060e-01 2.181243e+00
-2.555940e-01 -6.086920e-01 2.665714e+00
-1.418700e-02 -5.967280e-01 2.680683e+00
-2.625760e-01 -1.099375e+00 2.744392e+00
-1.315900e-02 -1.090228e+00 2.739552e+00
-3.396910e-01 -1.131791e+00 2.535385e+00
-8.735300e-02 -1.115557e+00 2.528519e+00
-1.700520e-01 7.073370e-01 2.581522e+00
-3.586310e-01 4.007860e-01 2.745013e+00
7.713400e-02 3.591910e-01 2.610315e+00
-1.649880e-01 4.492750e-01 2.577851e+00
-1.248680e-01 2.411290e-01 2.771920e+00
-3.652180e-01 1.721600e-02 2.698109e+00
4.916600e-02 1.718100e-02 2.572419e+00
-1.151860e-01 9.113000e-03 2.776506e+00
-4.266200e-01 1.251340e-01 2.728939e+00
6.969500e-02 1.862790e-01 2.384680e+00
-4.055200e-01 -1.735680e-01 2.634326e+00
-1.222140e-01 3.511950e-01 2.198688e+00
-3.606680e-01 -2.491850e-01 2.616306e+00
-1.999570e-01 3.839200e-01 2.168037e+00
-2.520740e-01 -6.070720e-01 2.669820e+00
-1.631900e-02 -5.983810e-01 2.679850e+00
-2.663760e-01 -1.099379e+00 2.736440e+00
-1.678400e-02 -1.089266e+00 2.757571e+00
-3.315890e-01 -1.126413e+00 2.522670e+00
-7.783700e-02 -1.123096e+00 2.543540e+00
-1.807470e-01 7.200260e-01 2.600078e+00
-3.499240e-01 3.833300e-01 2.722090e+00
8.794500e-02 3.413540e-01 2.594525e+00
-1.574650e-01 4.159500e-01 2.549790e+00
-1.099900e-01 2.387820e-01 2.771047e+00
-3.630960e-01 2.198000e-03 2.694925e+00
5.163200e-02 2.675000e-03 2.570376e+00
-1.132410e-01 -3.107000e-03 2.774120e+00
-4.251900e-01 1.093970e-01 2.735813e+00
1.123400e-02 2.815570e-01 2.327257e+00
-4.001910e-01 -1.878810e-01 2.637560e+00
-1.846090e-01 4.936410e-01 2.203489e+00
-3.618250e-01 -2.639400e-01 2.609321e+00
-2.685120e-01 5.080230e-01 2.231912e+00
-2.527780e-01 -6.217260e-01 2.671069e+00
-1.608900e-02 -6.127330e-01 2.684298e+00
-2.754700e-01 -1.113593e+00 2.738602e+00
-1.027900e-02 -1.105294e+00 2.750320e+00
-3.400790e-01 -1.139999e+00 2.524570e+00
-7.254700e-02 -1.134756e+00 2.535994e+00
-1.913520e-01 7.223300e-01 2.604408e+00
-3.528350e-01 3.840170e-01 2.723797e+00
8.781800e-02 3.461640e-01 2.606607e+00
-1.546600e-01 4.278960e-01 2.560724e+00
-1.164020e-01 2.322780e-01 2.767767e+00
-3.653300e-01 9.170000e-04 2.689973e+00
5.311200e-02 -8.800000e-05 2.578540e+00
-1.181010e-01 -4.416000e-03 2.777022e+00
-4.166640e-01 1.087690e-01 2.748104e+00
-2.389000e-03 3.415810e-01 2.337780e+00
-4.062600e-01 -1.847420e-01 2.639351e+00
-2.185820e-01 5.404250e-01 2.229125e+00
-3.611600e-01 -2.572370e-01 2.611692e+00
-2.708180e-01 6.077650e-01 2.257254e+00
-2.547750e-01 -6.232760e-01 2.675838e+00
-1.345200e-02 -6.155980e-01 2.682601e+00
-2.645870e-01 -1.116402e+00 2.736990e+00
-1.246000e-02 -1.108946e+00 2.742734e+00
-3.231950e-01 -1.142003e+00 2.521141e+00
-6.747600e-02 -1.135467e+00 2.526052e+00
-1.806430e-01 7.182700e-01 2.606583e+00
-3.535150e-01 3.954140e-01 2.819663e+00
5.918000e-03 3.301890e-01 2.555992e+00
-2.226520e-01 4.323860e-01 2.597627e+00
-1.322460e-01 2.231120e-01 2.772635e+00
-3.353130e-01 4.082000e-03 2.757055e+00
1.527400e-02 -1.576600e-02 2.503665e+00
-7.357500e-02 -9.130000e-03 2.750221e+00
-4.093340e-01 1.309420e-01 2.734425e+00
-5.020600e-02 4.008810e-01 2.287330e+00
-3.837030e-01 -1.706000e-01 2.654561e+00
-2.851290e-01 6.053680e-01 2.256362e+00
-3.541650e-01 -2.535310e-01 2.637117e+00
-3.455260e-01 6.716060e-01 2.251981e+00
-2.535920e-01 -6.259150e-01 2.670693e+00
-1.363700e-02 -6.171370e-01 2.686523e+00
-2.854400e-01 -1.116434e+00 2.744078e+00
-1.267800e-02 -1.112707e+00 2.724178e+00
-4.119980e-01 -1.135918e+00 2.558916e+00
-1.446790e-01 -1.126778e+00 2.542356e+00
-1.962830e-01 7.137550e-01 2.580308e+00
-3.337130e-01 3.836990e-01 2.833820e+00
8.220000e-03 3.739750e-01 2.531332e+00
-2.312340e-01 4.434580e-01 2.602047e+00
-9.731300e-02 2.440520e-01 2.759841e+00
-3.271530e-01 1.538000e-03 2.783026e+00
-1.015700e-02 1.728000e-03 2.488026e+00
-6.796700e-02 -8.010000e-04 2.743720e+00
-3.993430e-01 1.240460e-01 2.738166e+00
-7.314600e-02 3.891310e-01 2.259254e+00
-3.882610e-01 -1.778610e-01 2.652360e+00
-3.155990e-01 5.885900e-01 2.251148e+00
-3.527280e-01 -2.602680e-01 2.653236e+00
-3.431500e-01 6.739990e-01 2.250299e+00
-2.568050e-01 -6.212210e-01 2.664634e+00
-1.377100e-02 -6.046830e-01 2.679449e+00
-2.639240e-01 -1.113246e+00 2.734415e+00
-1.204700e-02 -1.098511e+00 2.735477e+00
-4.136750e-01 -1.134724e+00 2.567698e+00
-1.621200e-01 -1.117946e+00 2.568799e+00
-2.033490e-01 7.223780e-01 2.571263e+00
-3.472740e-01 3.898780e-01 2.751981e+00
5.149600e-02 3.663090e-01 2.532177e+00
-2.007330e-01 4.227480e-01 2.539290e+00
-9.249300e-02 2.636040e-01 2.752725e+00
-3.470270e-01 4.873000e-03 2.741554e+00
2.535800e-02 2.365000e-03 2.520569e+00
-8.548500e-02 -2.174000e-03 2.758100e+00
-4.139900e-01 1.137520e-01 2.741297e+00
-6.330900e-02 3.358620e-01 2.273907e+00
-3.845420e-01 -1.856610e-01 2.651643e+00
-3.069350e-01 5.197740e-01 2.200587e+00
-3.666570e-01 -2.735720e-01 2.649157e+00
-3.774370e-01 5.202090e-01 2.145056e+00
-2.567890e-01 -6.198560e-01 2.666214e+00
-1.681300e-02 -6.086890e-01 2.674963e+00
-2.730370e-01 -1.110871e+00 2.741370e+00
-1.117300e-02 -1.102361e+00 2.732104e+00
-3.862490e-01 -1.136646e+00 2.548497e+00
-1.238670e-01 -1.126039e+00 2.538659e+00
-2.076550e-01 7.312210e-01 2.587843e+00
-4.332040e-01 3.532380e-01 2.728521e+00
4.877000e-03 4.295300e-01 2.618849e+00
-2.498490e-01 4.421150e-01 2.566429e+00
-1.661630e-01 2.714550e-01 2.781995e+00
-3.656060e-01 1.049800e-02 2.672716e+00
5.557700e-02 2.741400e-02 2.573566e+00
-1.210620e-01 1.673800e-02 2.766989e+00
-4.160570e-01 7.140500e-02 2.765789e+00
3.293200e-02 2.844750e-01 2.375365e+00
-3.944990e-01 -2.191080e-01 2.647218e+00
-1.883800e-01 3.221500e-01 2.155085e+00
-3.412970e-01 -2.913790e-01 2.646234e+00
-2.698160e-01 3.190780e-01 2.117493e+00
-2.526860e-01 -6.074870e-01 2.667922e+00
-1.911300e-02 -5.962710e-01 2.666076e+00
-2.731340e-01 -1.100210e+00 2.729683e+00
-9.111000e-03 -1.088625e+00 2.733131e+00
-3.250410e-01 -1.125333e+00 2.512069e+00
-5.736600e-02 -1.119261e+00 2.515384e+00
-1.853760e-01 7.025730e-01 2.640141e+00
-3.515430e-01 3.799250e-01 2.812940e+00
3.656700e-02 3.949900e-01 2.570232e+00
-2.142130e-01 4.556890e-01 2.605112e+00
-1.024660e-01 2.493110e-01 2.770997e+00
-3.458680e-01 2.095100e-02 2.738470e+00
2.473900e-02 3.890200e-02 2.515221e+00
-8.411700e-02 2.174000e-02 2.753094e+00
-4.122230e-01 1.085910e-01 2.741468e+00
7.668200e-02 2.310470e-01 2.338013e+00
-3.969500e-01 -1.971900e-01 2.659177e+00
-1.598020e-01 2.758130e-01 2.131668e+00
-3.429420e-01 -2.635270e-01 2.632031e+00
-2.145670e-01 2.098690e-01 2.105086e+00
-2.542310e-01 -5.970940e-01 2.658733e+00
-2.360400e-02 -5.812530e-01 2.658288e+00
-2.647580e-01 -1.085506e+00 2.750118e+00
-8.382000e-03 -1.071795e+00 2.736686e+00
-3.789900e-01 -1.118803e+00 2.559007e+00
-1.202180e-01 -1.106008e+00 2.544323e+00
-1.812230e-01 7.332290e-01 2.595841e+00
-3.546270e-01 3.679100e-01 2.825845e+00
2.416200e-02 3.985640e-01 2.570222e+00
-2.262500e-01 4.532370e-01 2.616011e+00
-1.049150e-01 2.435780e-01 2.770665e+00
-3.435640e-01 1.482500e-02 2.745930e+00
1.610900e-02 2.971400e-02 2.505253e+00
-8.142200e-02 1.252800e-02 2.747988e+00
-4.111090e-01 1.022380e-01 2.734879e+00
1.090150e-01 2.352660e-01 2.350722e+00
-3.849310e-01 -2.059830e-01 2.668736e+00
-1.165980e-01 2.655410e-01 2.131079e+00
-3.508260e-01 -2.658850e-01 2.611264e+00
-1.508220e-01 1.969270e-01 2.084440e+00
-2.577690e-01 -6.041130e-01 2.656484e+00
-2.066900e-02 -5.854340e-01 2.668374e+00
-2.666700e-01 -1.092443e+00 2.748480e+00
1.544000e-03 -1.076627e+00 2.740794e+00
-3.893180e-01 -1.125231e+00 2.562567e+00
-1.197870e-01 -1.109646e+00 2.554060e+00
-1.865540e-01 7.151280e-01 2.621745e+00
-3.401540e-01 3.860780e-01 2.728788e+00
9.717500e-02 3.698120e-01 2.593721e+00
-1.500630e-01 4.444890e-01 2.560724e+00
-9.699300e-02 2.413890e-01 2.757018e+00
-3.618670e-01 1.273200e-02 2.683875e+00
5.279200e-02 1.262500e-02 2.559096e+00
-1.120340e-01 3.183000e-03 2.762741e+00
-4.002830e-01 1.072240e-01 2.737524e+00
1.378100e-01 2.894160e-01 2.322914e+00
-3.947830e-01 -1.993300e-01 2.664525e+00
-2.542300e-02 3.817070e-01 2.069592e+00
-3.581470e-01 -2.790870e-01 2.645788e+00
-8.478400e-02 3.279220e-01 2.029121e+00
-2.540960e-01 -6.110880e-01 2.662896e+00
-1.404500e-02 -6.020560e-01 2.671620e+00
-2.704700e-01 -1.104087e+00 2.723667e+00
-7.901000e-03 -1.094252e+00 2.740281e+00
-3.357400e-01 -1.128309e+00 2.509577e+00
-7.013900e-02 -1.124905e+00 2.526113e+00
-1.909000e-01 7.109820e-01 2.615556e+00
-3.300590e-01 3.854490e-01 2.690552e+00
1.259670e-01 3.678110e-01 2.651908e+00
-1.069390e-01 4.568020e-01 2.576893e+00
-1.010750e-01 2.278950e-01 2.750572e+00
-3.632030e-01 2.057600e-02 2.645500e+00
6.605100e-02 1.252500e-02 2.589040e+00
-1.293630e-01 1.333800e-02 2.763798e+00
-4.030020e-01 1.132400e-01 2.741341e+00
1.502750e-01 3.247370e-01 2.369859e+00
-3.916470e-01 -1.920690e-01 2.659742e+00
8.989800e-02 4.722070e-01 2.096714e+00
-3.715180e-01 -2.778220e-01 2.642550e+00
2.965300e-02 4.482040e-01 2.034676e+00
-2.541150e-01 -6.048300e-01 2.665815e+00
-1.575600e-02 -6.037440e-01 2.662248e+00
-2.742450e-01 -1.095311e+00 2.743475e+00
-1.326800e-02 -1.087062e+00 2.778033e+00
-3.046220e-01 -1.128979e+00 2.522964e+00
-3.514500e-02 -1.139368e+00 2.560164e+00
-2.011080e-01 7.081800e-01 2.600248e+00
-3.145750e-01 3.982090e-01 2.672194e+00
1.391760e-01 3.677940e-01 2.636550e+00
-8.937500e-02 4.589500e-01 2.556490e+00
-8.976600e-02 2.378880e-01 2.740144e+00
-3.589620e-01 2.834600e-02 2.636643e+00
7.109700e-02 4.319000e-03 2.592099e+00
-1.286510e-01 1.728900e-02 2.761393e+00
-4.087360e-01 1.346410e-01 2.736677e+00
1.562710e-01 4.204370e-01 2.354718e+00
-3.995980e-01 -1.734240e-01 2.661728e+00
1.838210e-01 6.081320e-01 2.100521e+00
-3.676060e-01 -2.401920e-01 2.611003e+00
1.258130e-01 6.037080e-01 2.032184e+00
-2.599050e-01 -6.011380e-01 2.669122e+00
-2.293500e-02 -6.076190e-01 2.663242e+00
-2.605190e-01 -1.093157e+00 2.739305e+00
-4.846000e-03 -1.096697e+00 2.749749e+00
-2.864790e-01 -1.124704e+00 2.517919e+00
-2.624900e-02 -1.136498e+00 2.529206e+00
-1.892240e-01 7.225530e-01 2.602654e+00
-3.228490e-01 4.128060e-01 2.723398e+00
9.155300e-02 3.921280e-01 2.563239e+00
-1.435630e-01 4.711560e-01 2.543833e+00
-8.110500e-02 2.633400e-01 2.732270e+00
-3.475420e-01 3.637100e-02 2.690780e+00
5.671400e-02 7.130000e-03 2.538354e+00
-9.349300e-02 1.833800e-02 2.752923e+00
-3.929650e-01 1.331260e-01 2.720075e+00
2.280060e-01 5.586270e-01 2.371388e+00
-3.966700e-01 -1.780820e-01 2.652697e+00
3.005140e-01 8.090180e-01 2.188492e+00
-3.712580e-01 -2.469410e-01 2.601054e+00
2.804960e-01 8.820380e-01 2.140308e+00
-2.641820e-01 -5.955240e-01 2.667152e+00
-2.982400e-02 -6.008640e-01 2.661475e+00
-2.620500e-01 -1.088197e+00 2.732559e+00
-3.535000e-03 -1.091153e+00 2.738512e+00
-3.440770e-01 -1.116136e+00 2.524780e+00
-8.377600e-02 -1.127994e+00 2.531424e+00
-1.936340e-01 7.220730e-01 2.585437e+00
-3.256230e-01 4.098010e-01 2.732935e+00
8.104300e-02 3.950560e-01 2.557208e+00
-1.531980e-01 4.745420e-01 2.548897e+00
-8.383500e-02 2.602460e-01 2.727399e+00
-3.409890e-01 4.172200e-02 2.717529e+00
4.472100e-02 1.174700e-02 2.522999e+00
-8.203000e-02 2.033100e-02 2.752321e+00
-4.093270e-01 1.340240e-01 2.711158e+00
2.450010e-01 5.869830e-01 2.416441e+00
-3.809960e-01 -1.755290e-01 2.638712e+00
3.556760e-01 8.552670e-01 2.283593e+00
-3.506370e-01 -2.482210e-01 2.595717e+00
3.875670e-01 9.302370e-01 2.245952e+00
-2.651360e-01 -5.906800e-01 2.665292e+00
-3.087800e-02 -5.955100e-01 2.657387e+00
-2.669100e-01 -1.081921e+00 2.740707e+00
-3.034000e-03 -1.085034e+00 2.738631e+00
-3.694110e-01 -1.111974e+00 2.542537e+00
-1.046340e-01 -1.123536e+00 2.541460e+00
-1.996630e-01 7.193930e-01 2.579911e+00
-3.324430e-01 4.042760e-01 2.719124e+00
8.453400e-02 4.007380e-01 2.566367e+00
-1.516040e-01 4.743170e-01 2.545391e+00
-8.698300e-02 2.609210e-01 2.726727e+00
-3.436020e-01 5.059300e-02 2.692901e+00
5.990600e-02 1.093000e-02 2.540847e+00
-9.007700e-02 2.687500e-02 2.755274e+00
-4.092190e-01 1.243300e-01 2.712178e+00
2.658260e-01 5.892860e-01 2.440288e+00
-3.871270e-01 -1.850980e-01 2.630993e+00
3.809050e-01 8.726970e-01 2.344064e+00
-3.491910e-01 -2.542370e-01 2.588155e+00
4.135200e-01 9.518600e-01 2.317158e+00
-2.622290e-01 -5.847320e-01 2.659963e+00
-2.958000e-02 -5.945050e-01 2.657371e+00
-2.716350e-01 -1.066472e+00 2.781812e+00
-6.249000e-03 -1.084257e+00 2.738654e+00
-3.484090e-01 -1.116956e+00 2.576292e+00
-8.641700e-02 -1.122412e+00 2.531776e+00
-1.997630e-01 7.158200e-01 2.577825e+00
-3.410730e-01 3.882250e-01 2.707729e+00
8.815500e-02 3.984550e-01 2.584524e+00
-1.505220e-01 4.648850e-01 2.547713e+00
-9.248000e-02 2.523650e-01 2.732276e+00
-3.464270e-01 4.073900e-02 2.674095e+00
6.778100e-02 8.967000e-03 2.551889e+00
-9.765700e-02 2.261400e-02 2.754797e+00
-4.092230e-01 1.061410e-01 2.705981e+00
2.866560e-01 5.646310e-01 2.453371e+00
-3.867120e-01 -1.996450e-01 2.612723e+00
3.898730e-01 8.538450e-01 2.361657e+00
-3.394920e-01 -2.686190e-01 2.580051e+00
4.182980e-01 9.350630e-01 2.336164e+00
-2.621200e-01 -5.916090e-01 2.664571e+00
-2.618300e-02 -5.984430e-01 2.666312e+00
-2.732070e-01 -1.081668e+00 2.746598e+00
-5.225000e-03 -1.089062e+00 2.742881e+00
-3.395160e-01 -1.115724e+00 2.534173e+00
-7.010000e-02 -1.125006e+00 2.530324e+00
-1.939210e-01 7.114610e-01 2.583673e+00
-3.384230e-01 3.887270e-01 2.698748e+00
9.806700e-02 3.960420e-01 2.598000e+00
-1.391870e-01 4.641380e-01 2.549047e+00
-9.241600e-02 2.511180e-01 2.736215e+00
-3.486060e-01 3.765100e-02 2.661504e+00
7.170000e-02 8.302000e-03 2.561538e+00
-1.043860e-01 2.096300e-02 2.755345e+00
-4.059170e-01 1.059030e-01 2.697003e+00
2.967850e-01 5.457410e-01 2.447502e+00
-3.927610e-01 -2.027370e-01 2.609367e+00
3.833170e-01 8.358090e-01 2.340337e+00
-3.376680e-01 -2.719010e-01 2.594020e+00
4.072470e-01 9.170300e-01 2.310590e+00
-2.589020e-01 -5.942550e-01 2.657515e+00
-2.233200e-02 -6.008430e-01 2.660545e+00
-2.683340e-01 -1.084327e+00 2.739668e+00
-9.998000e-03 -1.090740e+00 2.743352e+00
-3.231040e-01 -1.119403e+00 2.524142e+00
-6.174300e-02 -1.128522e+00 2.527537e+00
-1.754740e-01 7.144560e-01 2.589006e+00
-3.360340e-01 3.919070e-01 2.686731e+00
1.056460e-01 3.913650e-01 2.605922e+00
-1.295340e-01 4.579170e-01 2.542537e+00
-9.309700e-02 2.552710e-01 2.743046e+00
-3.494730e-01 3.786600e-02 2.652191e+00
7.538800e-02 8.471000e-03 2.573827e+00
-1.103930e-01 2.078900e-02 2.758385e+00
-4.024190e-01 1.084240e-01 2.691726e+00
3.077140e-01 5.202600e-01 2.440547e+00
-3.962240e-01 -2.038840e-01 2.615326e+00
3.659170e-01 8.063020e-01 2.305625e+00
-3.352670e-01 -2.576500e-01 2.577275e+00
3.818520e-01 8.862460e-01 2.268082e+00
-2.561370e-01 -5.938000e-01 2.662880e+00
-1.938200e-02 -6.010280e-01 2.661471e+00
-2.635760e-01 -1.085748e+00 2.733167e+00
-7.609000e-03 -1.090632e+00 2.746079e+00
-3.070120e-01 -1.116348e+00 2.514402e+00
-4.754700e-02 -1.129291e+00 2.527924e+00
-1.804490e-01 7.147680e-01 2.601820e+00
-3.406870e-01 3.852920e-01 2.678441e+00
1.061150e-01 3.764860e-01 2.612514e+00
-1.287320e-01 4.419860e-01 2.538254e+00
-1.013080e-01 2.494240e-01 2.749830e+00
-3.487320e-01 3.228900e-02 2.647251e+00
7.856500e-02 6.260000e-04 2.584585e+00
-1.137680e-01 1.464100e-02 2.762179e+00
-4.023020e-01 1.007070e-01 2.684065e+00
3.106870e-01 4.568770e-01 2.421452e+00
-3.956830e-01 -2.072820e-01 2.591662e+00
3.276310e-01 7.377820e-01 2.265745e+00
-4.024040e-01 -2.961660e-01 2.581227e+00
3.322240e-01 8.160790e-01 2.222124e+00
-2.556670e-01 -6.003590e-01 2.656796e+00
-1.611600e-02 -6.079260e-01 2.667601e+00
-2.642690e-01 -1.088492e+00 2.749861e+00
-9.219000e-03 -1.099090e+00 2.743226e+00
-3.002930e-01 -1.129498e+00 2.531453e+00
-4.135300e-02 -1.133440e+00 2.523070e+00
-1.699390e-01 7.044950e-01 2.605087e+00
-3.427260e-01 3.872050e-01 2.677678e+00
1.119710e-01 3.792590e-01 2.623347e+00
-1.268660e-01 4.471790e-01 2.545015e+00
-1.055740e-01 2.491170e-01 2.752175e+00
-3.473280e-01 3.369300e-02 2.648733e+00
7.983900e-02 -1.262000e-03 2.586941e+00
-1.127870e-01 1.370100e-02 2.764139e+00
-4.013170e-01 1.040460e-01 2.687966e+00
3.168680e-01 3.238850e-01 2.426703e+00
-3.941340e-01 -2.005040e-01 2.591550e+00
3.054570e-01 6.044010e-01 2.274129e+00
-3.965990e-01 -2.829830e-01 2.556259e+00
2.518580e-01 6.535970e-01 2.221581e+00
-2.524190e-01 -6.000740e-01 2.659246e+00
-1.207100e-02 -6.078150e-01 2.673410e+00
-2.640670e-01 -1.090912e+00 2.736387e+00
-9.297000e-03 -1.099862e+00 2.743346e+00
-2.982320e-01 -1.124668e+00 2.516445e+00
-4.136100e-02 -1.131396e+00 2.522759e+00
-1.736280e-01 7.027170e-01 2.597692e+00
-3.400600e-01 3.901100e-01 2.678281e+00
1.150930e-01 3.732870e-01 2.630152e+00
-1.212080e-01 4.465900e-01 2.549032e+00
-1.068110e-01 2.467160e-01 2.755041e+00
-3.507000e-01 3.240000e-02 2.633984e+00
8.025000e-02 3.354000e-03 2.603158e+00
-1.247720e-01 1.649200e-02 2.766012e+00
-4.012380e-01 1.079630e-01 2.693222e+00
2.322250e-01 1.328170e-01 2.520483e+00
-3.941950e-01 -1.974140e-01 2.600394e+00
2.532350e-01 3.819200e-01 2.321918e+00
-3.459340e-01 -2.494200e-01 2.545434e+00
2.459190e-01 4.107040e-01 2.237229e+00
-2.510340e-01 -5.994260e-01 2.659748e+00
-1.367600e-02 -6.062320e-01 2.672971e+00
-2.690300e-01 -1.088297e+00 2.747442e+00
-1.185100e-02 -1.097731e+00 2.746686e+00
-2.875100e-01 -1.127252e+00 2.526484e+00
-2.647100e-02 -1.131104e+00 2.524529e+00
-1.981440e-01 6.827430e-01 2.585540e+00
-3.368750e-01 3.871540e-01 2.645399e+00
1.195680e-01 3.686970e-01 2.678315e+00
-9.846900e-02 4.457360e-01 2.558664e+00
-1.211740e-01 2.401910e-01 2.758245e+00
-3.435130e-01 2.894200e-02 2.607948e+00
8.834300e-02 3.912000e-03 2.627586e+00
-1.341120e-01 1.965600e-02 2.765405e+00
-4.027380e-01 1.120020e-01 2.702446e+00
1.469210e-01 1.040970e-01 2.566334e+00
-3.848330e-01 -1.928170e-01 2.611040e+00
2.472030e-01 2.486550e-01 2.300558e+00
-3.674130e-01 -2.238600e-01 2.528655e+00
2.217120e-01 2.545630e-01 2.214711e+00
-2.527500e-01 -5.996840e-01 2.667768e+00
-1.560700e-02 -6.094870e-01 2.665373e+00
-2.687450e-01 -1.091170e+00 2.739840e+00
-7.483000e-03 -1.100170e+00 2.743936e+00
-2.614380e-01 -1.124049e+00 2.517249e+00
4.918000e-03 -1.135507e+00 2.521948e+00
-1.835220e-01 7.017290e-01 2.591080e+00
-3.599870e-01 3.881150e-01 2.723277e+00
8.756100e-02 3.697450e-01 2.627737e+00
-1.533340e-01 4.564680e-01 2.580399e+00
-1.245920e-01 2.324390e-01 2.758112e+00
-3.494660e-01 2.027800e-02 2.666854e+00
7.350800e-02 5.535000e-03 2.575271e+00
-1.066790e-01 1.349100e-02 2.765527e+00
-4.106920e-01 1.070260e-01 2.692955e+00
1.320380e-01 8.601600e-02 2.623091e+00
-3.855980e-01 -1.980330e-01 2.609736e+00
2.111500e-01 1.392770e-01 2.320567e+00
-3.353330e-01 -2.646950e-01 2.576814e+00
2.042040e-01 8.565300e-02 2.248939e+00
-2.499270e-01 -6.074770e-01 2.665626e+00
-1.447900e-02 -6.084420e-01 2.670176e+00
-2.695080e-01 -1.099436e+00 2.733460e+00
-4.131000e-03 -1.100364e+00 2.740274e+00
-3.185500e-01 -1.127531e+00 2.515545e+00
-5.079300e-02 -1.132395e+00 2.522380e+00
-1.568680e-01 7.030840e-01 2.581428e+00
-3.714850e-01 3.880790e-01 2.753480e+00
6.424900e-02 3.762100e-01 2.612913e+00
-1.804730e-01 4.628830e-01 2.593135e+00
-1.332620e-01 2.329030e-01 2.758898e+00
-3.525930e-01 2.611800e-02 2.697881e+00
5.684300e-02 9.929000e-03 2.557838e+00
-1.001610e-01 1.483600e-02 2.767728e+00
-4.179880e-01 1.103720e-01 2.704028e+00
1.253270e-01 9.750600e-02 2.630888e+00
-3.916080e-01 -1.947700e-01 2.627437e+00
1.944530e-01 -7.476600e-02 2.375511e+00
-3.282670e-01 -2.534550e-01 2.602978e+00
1.619850e-01 -1.577490e-01 2.364830e+00
-2.509430e-01 -6.029760e-01 2.664569e+00
-1.590500e-02 -6.014870e-01 2.672746e+00
-2.748090e-01 -1.090843e+00 2.756352e+00
-7.643000e-03 -1.093498e+00 2.742499e+00
-3.464430e-01 -1.126913e+00 2.545998e+00
-7.925200e-02 -1.124636e+00 2.531350e+00
-1.603980e-01 7.142840e-01 2.579910e+00
-3.682370e-01 3.891860e-01 2.769264e+00
6.147300e-02 3.768380e-01 2.611273e+00
-1.822940e-01 4.681080e-01 2.604982e+00
-1.327020e-01 2.302340e-01 2.758454e+00
-3.537560e-01 2.701700e-02 2.695876e+00
5.509900e-02 1.039800e-02 2.554194e+00
-1.011030e-01 1.446400e-02 2.764700e+00
-4.172070e-01 1.138720e-01 2.707769e+00
1.186760e-01 9.643000e-02 2.620056e+00
-3.940740e-01 -1.942910e-01 2.640860e+00
1.524070e-01 -1.889820e-01 2.488228e+00
-3.373870e-01 -2.417420e-01 2.589973e+00
9.356300e-02 -2.549800e-01 2.503592e+00
-2.524410e-01 -6.021710e-01 2.665338e+00
-1.503800e-02 -5.997530e-01 2.674410e+00
-2.784400e-01 -1.092683e+00 2.741043e+00
-4.663000e-03 -1.092228e+00 2.740515e+00
-3.516540e-01 -1.121360e+00 2.530096e+00
-7.768500e-02 -1.122069e+00 2.529662e+00
-1.482390e-01 6.945240e-01 2.574039e+00
-3.765530e-01 3.917290e-01 2.762522e+00
5.486600e-02 3.788270e-01 2.609306e+00
-1.899930e-01 4.664850e-01 2.596995e+00
-1.388670e-01 2.356520e-01 2.760394e+00
-3.614950e-01 2.614100e-02 2.713397e+00
3.992000e-02 1.425100e-02 2.551418e+00
-1.056570e-01 1.456100e-02 2.769444e+00
-4.277160e-01 1.155260e-01 2.706525e+00
1.213800e-01 1.004880e-01 2.621331e+00
-3.902970e-01 -1.916230e-01 2.640850e+00
1.202760e-01 -2.121600e-01 2.573333e+00
-3.519410e-01 -2.272990e-01 2.567977e+00
6.121500e-02 -2.689790e-01 2.609909e+00
-2.525630e-01 -6.020570e-01 2.669100e+00
-1.573200e-02 -5.957930e-01 2.677321e+00
-2.723030e-01 -1.092227e+00 2.748803e+00
-7.588000e-03 -1.089154e+00 2.736794e+00
-3.546060e-01 -1.122624e+00 2.541479e+00
-9.038300e-02 -1.115555e+00 2.529118e+00
-1.643290e-01 7.110730e-01 2.572350e+00
-3.717520e-01 3.889910e-01 2.771183e+00
5.524400e-02 3.823380e-01 2.605672e+00
-1.906340e-01 4.678920e-01 2.601588e+00
-1.328490e-01 2.351740e-01 2.760018e+00
-3.671880e-01 2.491800e-02 2.694744e+00
4.028500e-02 1.556000e-02 2.548491e+00
-1.136130e-01 1.627800e-02 2.760723e+00
-4.291120e-01 1.170080e-01 2.703263e+00
1.099220e-01 1.092950e-01 2.671522e+00
-4.127640e-01 -1.916130e-01 2.637372e+00
1.048990e-01 -2.059920e-01 2.650930e+00
-3.571010e-01 -2.478980e-01 2.595087e+00
4.513700e-02 -2.729400e-01 2.651820e+00
-2.565340e-01 -6.021060e-01 2.670567e+00
-1.850300e-02 -5.949820e-01 2.674647e+00
-2.663930e-01 -1.094735e+00 2.735589e+00
-7.453000e-03 -1.087287e+00 2.741896e+00
-3.425140e-01 -1.120961e+00 2.525353e+00
-8.186500e-02 -1.117682e+00 2.531610e+00
-1.610040e-01 7.094550e-01 2.566913e+00
