-3.106730e-01 1.841830e-01 2.898110e+00
-1.435370e-01 2.220405e-01 2.807180e+00
2.359900e-02 2.598980e-01 2.716250e+00
-9.335350e-02 2.677285e-01 2.711492e+00
-2.103060e-01 2.755590e-01 2.706734e+00
-1.298360e-01 1.840405e-01 2.816542e+00
-4.936600e-02 9.252200e-02 2.926351e+00
-1.494505e-01 -3.312450e-02 2.864480e+00
-2.495350e-01 -1.587710e-01 2.802610e+00
-1.290385e-01 -1.636180e-01 2.736314e+00
-8.542000e-03 -1.684650e-01 2.670018e+00
-2.072300e-02 -1.819255e-01 2.791692e+00
-3.290400e-02 -1.953860e-01 2.913365e+00
-2.002530e-01 -1.065420e-01 2.822581e+00
-3.676020e-01 -1.769800e-02 2.731797e+00
-1.421475e-01 -7.813500e-03 2.737255e+00
8.330700e-02 2.071000e-03 2.742713e+00
-1.225730e-01 -1.464850e-01 2.695981e+00
-3.284530e-01 -2.950410e-01 2.649249e+00
-1.334355e-01 -2.907630e-01 2.685508e+00
6.158200e-02 -2.864850e-01 2.721767e+00
-1.230275e-01 -3.246600e-01 2.697269e+00
-3.076370e-01 -3.628350e-01 2.672771e+00
-1.305185e-01 -3.599715e-01 2.687645e+00
4.660000e-02 -3.571080e-01 2.702518e+00
1.620850e-02 -5.041515e-01 2.727513e+00
-1.418300e-02 -6.511950e-01 2.752507e+00
-1.555605e-01 -6.385450e-01 2.760572e+00
-2.969380e-01 -6.258950e-01 2.768637e+00
-1.832630e-01 -8.429530e-01 2.790938e+00
-6.958800e-02 -1.060011e+00 2.813238e+00
-1.639235e-01 -1.047977e+00 2.823547e+00
-2.582590e-01 -1.035943e+00 2.833856e+00
-1.074695e-01 -1.065654e+00 2.756052e+00
4.332000e-02 -1.095366e+00 2.678248e+00
-1.966855e-01 -1.074672e+00 2.752273e+00
-4.366910e-01 -1.053977e+00 2.826297e+00
-2.877785e-01 -2.642860e-01 2.721843e+00
-1.388660e-01 5.254050e-01 2.617388e+00
-2.258035e-01 3.541790e-01 2.759397e+00
-3.127410e-01 1.829530e-01 2.901406e+00
-1.475005e-01 2.189050e-01 2.806332e+00
1.774000e-02 2.548570e-01 2.711259e+00
-9.936900e-02 2.608855e-01 2.707930e+00
-2.164780e-01 2.669140e-01 2.704602e+00
-1.331280e-01 1.815565e-01 2.817190e+00
-4.977800e-02 9.619900e-02 2.929777e+00
-1.488270e-01 -3.486450e-02 2.867120e+00
-2.478760e-01 -1.659280e-01 2.804464e+00
-1.283185e-01 -1.711755e-01 2.736519e+00
-8.761000e-03 -1.764230e-01 2.668574e+00
-1.904450e-02 -1.872915e-01 2.790681e+00
-2.932800e-02 -1.981600e-01 2.912789e+00
-2.011765e-01 -1.087015e-01 2.822609e+00
-3.730250e-01 -1.924300e-02 2.732429e+00
-1.438595e-01 -1.144200e-02 2.737125e+00
8.530600e-02 -3.641000e-03 2.741821e+00
-1.189660e-01 -1.497370e-01 2.692495e+00
-3.232380e-01 -2.958330e-01 2.643169e+00
-1.355790e-01 -2.947415e-01 2.677950e+00
5.208000e-02 -2.936500e-01 2.712732e+00
-1.285655e-01 -3.313015e-01 2.674809e+00
-3.092110e-01 -3.689530e-01 2.636887e+00
-1.299570e-01 -3.683380e-01 2.670114e+00
4.929700e-02 -3.677230e-01 2.703342e+00
1.603400e-02 -5.141785e-01 2.727574e+00
-1.722900e-02 -6.606340e-01 2.751807e+00
-1.587565e-01 -6.456965e-01 2.760696e+00
-3.002840e-01 -6.307590e-01 2.769585e+00
-1.852810e-01 -8.501585e-01 2.791745e+00
-7.027800e-02 -1.069558e+00 2.813904e+00
-1.626805e-01 -1.055271e+00 2.821582e+00
-2.550830e-01 -1.040984e+00 2.829260e+00
-1.101250e-01 -1.072811e+00 2.750975e+00
3.483300e-02 -1.104638e+00 2.672690e+00
-1.992140e-01 -1.083128e+00 2.747533e+00
-4.332610e-01 -1.061618e+00 2.822376e+00
-2.871620e-01 -2.679830e-01 2.724444e+00
-1.410630e-01 5.256520e-01 2.626512e+00
-2.229965e-01 3.483235e-01 2.768672e+00
-3.049300e-01 1.709950e-01 2.910832e+00
-1.407400e-01 2.095035e-01 2.814944e+00
2.345000e-02 2.480120e-01 2.719055e+00
-9.332250e-02 2.592140e-01 2.719852e+00
-2.100950e-01 2.704160e-01 2.720649e+00
-1.277670e-01 1.706810e-01 2.821566e+00
-4.543900e-02 7.094600e-02 2.922482e+00
-1.460715e-01 -4.757300e-02 2.865787e+00
-2.467040e-01 -1.660920e-01 2.809091e+00
-1.295095e-01 -1.735365e-01 2.737340e+00
-1.231500e-02 -1.809810e-01 2.665589e+00
-1.889500e-02 -1.919045e-01 2.787947e+00
-2.547500e-02 -2.028280e-01 2.910305e+00
-2.011545e-01 -1.137885e-01 2.822927e+00
-3.768340e-01 -2.474900e-02 2.735549e+00
-1.441225e-01 -1.881950e-02 2.745221e+00
8.858900e-02 -1.289000e-02 2.754893e+00
-1.238695e-01 -1.575450e-01 2.696014e+00
-3.363280e-01 -3.022000e-01 2.637136e+00
-1.396135e-01 -3.033345e-01 2.676227e+00
5.710100e-02 -3.044690e-01 2.715319e+00
-1.437165e-01 -3.388700e-01 2.665456e+00
-3.445340e-01 -3.732710e-01 2.615592e+00
-1.448610e-01 -3.759315e-01 2.670016e+00
5.481200e-02 -3.785920e-01 2.724440e+00
2.032500e-02 -5.191170e-01 2.739088e+00
-1.416200e-02 -6.596420e-01 2.753736e+00
-1.594815e-01 -6.465310e-01 2.762475e+00
-3.048010e-01 -6.334200e-01 2.771214e+00
-1.883615e-01 -8.510270e-01 2.791101e+00
-7.192200e-02 -1.068634e+00 2.810989e+00
-1.641940e-01 -1.056330e+00 2.818287e+00
-2.564660e-01 -1.044026e+00 2.825584e+00
-1.069795e-01 -1.073777e+00 2.751375e+00
4.250700e-02 -1.103528e+00 2.677166e+00
-1.960525e-01 -1.084556e+00 2.749162e+00
-4.346120e-01 -1.065583e+00 2.821157e+00
-2.875675e-01 -2.754520e-01 2.723457e+00
-1.405230e-01 5.146790e-01 2.625756e+00
-2.276185e-01 3.462090e-01 2.767076e+00
-3.147140e-01 1.777390e-01 2.908396e+00
1.598400e-02 2.513420e-01 2.719279e+00
-2.181350e-01 2.655510e-01 2.713437e+00
-5.244700e-02 8.809300e-02 2.934100e+00
-2.507650e-01 -1.710880e-01 2.810106e+00
-1.196000e-02 -1.790700e-01 2.673501e+00
-3.191800e-02 -2.047740e-01 2.917380e+00
-3.689040e-01 -2.926300e-02 2.736321e+00
8.369100e-02 -1.179500e-02 2.752745e+00
-3.258310e-01 -3.108800e-01 2.643845e+00
5.191700e-02 -3.068280e-01 2.719195e+00
-3.234420e-01 -3.794260e-01 2.614208e+00
4.548600e-02 -3.809570e-01 2.725990e+00
-1.500500e-02 -6.627470e-01 2.752215e+00
-3.022950e-01 -6.350890e-01 2.771074e+00
-7.565300e-02 -1.071037e+00 2.811456e+00
-2.542800e-01 -1.044938e+00 2.831135e+00
3.678200e-02 -1.107346e+00 2.676325e+00
-4.323770e-01 -1.066625e+00 2.825522e+00
-1.459060e-01 5.226120e-01 2.634658e+00
-3.187830e-01 1.751560e-01 2.905538e+00
1.456000e-02 2.561120e-01 2.724230e+00
-2.194330e-01 2.711160e-01 2.715882e+00
-5.704600e-02 8.386000e-02 2.930828e+00
-2.497920e-01 -1.704040e-01 2.809878e+00
-9.167000e-03 -1.734990e-01 2.676304e+00
-3.196900e-02 -2.032420e-01 2.919474e+00
-3.694860e-01 -3.472600e-02 2.734610e+00
8.231500e-02 -9.038000e-03 2.748236e+00
-3.251260e-01 -3.232590e-01 2.663741e+00
4.867900e-02 -3.048630e-01 2.714144e+00
-3.187040e-01 -3.922920e-01 2.691594e+00
4.751300e-02 -3.795650e-01 2.715050e+00
-1.736700e-02 -6.629820e-01 2.750659e+00
-3.027080e-01 -6.286080e-01 2.769883e+00
-7.297000e-02 -1.071195e+00 2.815157e+00
-2.530880e-01 -1.037857e+00 2.832673e+00
2.709300e-02 -1.107655e+00 2.670664e+00
-4.312360e-01 -1.059758e+00 2.830707e+00
-1.490180e-01 5.235980e-01 2.635820e+00
-3.141150e-01 1.823850e-01 2.917425e+00
1.362400e-02 2.538430e-01 2.722425e+00
-2.198870e-01 2.765760e-01 2.724301e+00
-5.469800e-02 8.235600e-02 2.930764e+00
-2.537940e-01 -1.684850e-01 2.813158e+00
-1.872100e-02 -1.629190e-01 2.670112e+00
-3.108100e-02 -1.990040e-01 2.913179e+00
-3.704140e-01 -2.474300e-02 2.743245e+00
7.915400e-02 -1.301000e-02 2.747082e+00
-3.205430e-01 -3.145380e-01 2.676501e+00
4.141700e-02 -3.077140e-01 2.699179e+00
-3.127670e-01 -3.870390e-01 2.692801e+00
3.970600e-02 -3.824060e-01 2.700054e+00
-1.640400e-02 -6.569150e-01 2.749530e+00
-2.981920e-01 -6.259180e-01 2.769045e+00
-7.549000e-02 -1.064802e+00 2.812978e+00
-2.531930e-01 -1.035383e+00 2.833873e+00
1.169700e-02 -1.101174e+00 2.660349e+00
-4.316390e-01 -1.054289e+00 2.838320e+00
-1.493700e-01 5.240110e-01 2.649888e+00
-3.288790e-01 1.796220e-01 2.909620e+00
5.460000e-03 2.602770e-01 2.730019e+00
-2.285580e-01 2.732760e-01 2.719324e+00
-6.667700e-02 9.083900e-02 2.938749e+00
-2.586060e-01 -1.598020e-01 2.802928e+00
-1.681600e-02 -1.653030e-01 2.671551e+00
-4.241500e-02 -1.977350e-01 2.914099e+00
-3.769060e-01 -3.600800e-02 2.741136e+00
7.756100e-02 -7.535000e-03 2.722976e+00
-3.092100e-01 -3.235500e-01 2.673407e+00
4.313600e-02 -2.710010e-01 2.578092e+00
-3.144410e-01 -3.960260e-01 2.690798e+00
1.199900e-02 -3.377980e-01 2.565793e+00
-2.017000e-02 -6.497600e-01 2.744632e+00
-3.007900e-01 -6.259300e-01 2.770418e+00
-7.253500e-02 -1.058440e+00 2.808877e+00
-2.552620e-01 -1.035692e+00 2.832962e+00
4.050700e-02 -1.094114e+00 2.674085e+00
-4.336420e-01 -1.055676e+00 2.831886e+00
-1.549850e-01 5.296450e-01 2.651685e+00
-2.287680e-01 9.242600e-02 2.955165e+00
3.840600e-02 2.436240e-01 2.717887e+00
-1.851080e-01 2.519390e-01 2.788741e+00
2.046200e-02 7.767000e-03 2.864620e+00
-2.219760e-01 -1.608890e-01 2.839400e+00
-4.355600e-02 -1.594690e-01 2.629837e+00
2.085600e-02 -1.909460e-01 2.865202e+00
-3.639650e-01 -4.395500e-02 2.754693e+00
1.077240e-01 -1.903600e-02 2.662249e+00
-2.991450e-01 -3.004830e-01 2.607396e+00
1.391400e-02 -1.528580e-01 2.407719e+00
-3.117320e-01 -3.458650e-01 2.665402e+00
-5.176000e-03 -1.940390e-01 2.348370e+00
-1.705700e-02 -6.549430e-01 2.732900e+00
-2.995960e-01 -6.227900e-01 2.766416e+00
-7.386300e-02 -1.060801e+00 2.809980e+00
-2.598780e-01 -1.033836e+00 2.824316e+00
-5.607400e-02 -1.096528e+00 2.634973e+00
-4.380180e-01 -1.048762e+00 2.840552e+00
-1.676650e-01 4.802240e-01 2.677059e+00
-2.687680e-01 8.269500e-02 2.943155e+00
1.344400e-02 2.233490e-01 2.717064e+00
-2.141940e-01 2.344940e-01 2.772783e+00
-1.427700e-02 -5.568000e-03 2.872979e+00
-2.250390e-01 -1.861260e-01 2.836346e+00
-2.903300e-02 -1.718890e-01 2.643651e+00
1.509500e-02 -2.142510e-01 2.881968e+00
-3.734330e-01 -7.621400e-02 2.741016e+00
1.200500e-01 3.603100e-02 2.549926e+00
-3.003220e-01 -3.388250e-01 2.609126e+00
-3.868200e-02 2.521800e-02 2.298523e+00
-3.120800e-01 -3.771070e-01 2.672204e+00
-7.627000e-02 1.978900e-02 2.234178e+00
-1.596400e-02 -6.787090e-01 2.739973e+00
-3.011010e-01 -6.312010e-01 2.767767e+00
-8.268800e-02 -1.083719e+00 2.813485e+00
-2.579110e-01 -1.042253e+00 2.823082e+00
-7.468900e-02 -1.117019e+00 2.637283e+00
-4.347810e-01 -1.057244e+00 2.849779e+00
-1.418940e-01 4.767740e-01 2.677693e+00
-2.110190e-01 1.068280e-01 2.937877e+00
4.610800e-02 2.053410e-01 2.664520e+00
-1.690020e-01 2.419660e-01 2.750741e+00
2.166600e-02 -9.898000e-03 2.839321e+00
-2.158060e-01 -1.906540e-01 2.851137e+00
-4.140000e-02 -1.751280e-01 2.638784e+00
2.828200e-02 -2.139180e-01 2.871542e+00
-3.869090e-01 -1.942500e-02 2.768721e+00
4.437500e-02 2.094490e-01 2.393975e+00
-3.215510e-01 -2.794750e-01 2.634815e+00
-1.690060e-01 3.399490e-01 2.237263e+00
-3.207990e-01 -3.502510e-01 2.658751e+00
-2.196960e-01 3.710360e-01 2.192024e+00
-1.285500e-02 -6.816660e-01 2.734491e+00
-2.943660e-01 -6.427970e-01 2.764589e+00
-7.637200e-02 -1.085635e+00 2.816126e+00
-2.548990e-01 -1.053060e+00 2.827960e+00
-7.877400e-02 -1.120824e+00 2.640126e+00
-4.328610e-01 -1.067302e+00 2.846589e+00
-1.576410e-01 4.923190e-01 2.676767e+00
-2.080220e-01 1.601120e-01 2.937878e+00
2.085300e-02 2.098900e-01 2.634290e+00
-1.870750e-01 2.545560e-01 2.724127e+00
2.420700e-02 3.602700e-02 2.847582e+00
-2.213200e-01 -1.856880e-01 2.851872e+00
-4.962500e-02 -1.653280e-01 2.637726e+00
2.362100e-02 -2.002400e-01 2.870003e+00
-3.706740e-01 2.684000e-03 2.785195e+00
-6.677000e-03 3.329810e-01 2.395948e+00
-3.332570e-01 -2.676910e-01 2.665998e+00
-2.136030e-01 5.006770e-01 2.271101e+00
-3.157360e-01 -3.390460e-01 2.652427e+00
-2.645250e-01 5.430980e-01 2.236605e+00
-1.315700e-02 -6.724880e-01 2.723619e+00
-2.977520e-01 -6.339200e-01 2.766373e+00
-7.597000e-02 -1.076208e+00 2.807006e+00
-2.559950e-01 -1.044727e+00 2.824536e+00
-6.671300e-02 -1.113849e+00 2.631741e+00
-4.335940e-01 -1.059766e+00 2.845814e+00
-1.475520e-01 4.988790e-01 2.704257e+00
-1.897860e-01 1.340730e-01 2.940886e+00
3.323900e-02 2.079790e-01 2.637678e+00
-1.683220e-01 2.542910e-01 2.740549e+00
3.019400e-02 7.613000e-03 2.826442e+00
-2.124940e-01 -1.745500e-01 2.848681e+00
-5.960600e-02 -1.638480e-01 2.620070e+00
3.280300e-02 -1.935130e-01 2.846160e+00
-3.624300e-01 -5.874000e-03 2.790351e+00
-1.994700e-02 3.714630e-01 2.435312e+00
-3.245460e-01 -2.687190e-01 2.667007e+00
-1.891070e-01 5.858350e-01 2.338726e+00
-3.211560e-01 -3.428800e-01 2.658563e+00
-2.373900e-01 6.383270e-01 2.316453e+00
-1.570700e-02 -6.637420e-01 2.708091e+00
-2.954940e-01 -6.322620e-01 2.768966e+00
-7.921400e-02 -1.060496e+00 2.819633e+00
-2.540260e-01 -1.042245e+00 2.832870e+00
-5.461500e-02 -1.112257e+00 2.649527e+00
-4.312570e-01 -1.056318e+00 2.857592e+00
-1.279060e-01 4.703500e-01 2.676755e+00
-2.584600e-01 1.668380e-01 2.927131e+00
1.794700e-02 1.859840e-01 2.669430e+00
-1.936310e-01 2.513840e-01 2.718093e+00
-2.629500e-02 2.055400e-02 2.880426e+00
-2.264730e-01 -1.775380e-01 2.839251e+00
-3.965600e-02 -1.701980e-01 2.637265e+00
1.622200e-02 -1.953630e-01 2.875553e+00
-3.856870e-01 -1.608200e-02 2.780233e+00
-3.716400e-02 3.517130e-01 2.470923e+00
-3.202780e-01 -2.807710e-01 2.678182e+00
-1.460860e-01 6.026960e-01 2.379659e+00
-3.068110e-01 -3.542530e-01 2.676890e+00
-1.818150e-01 6.683150e-01 2.380245e+00
-9.241000e-03 -6.620980e-01 2.703424e+00
-2.997400e-01 -6.301950e-01 2.775858e+00
-8.431600e-02 -1.055588e+00 2.819260e+00
-2.520570e-01 -1.040323e+00 2.834256e+00
-5.970000e-03 -1.114772e+00 2.668995e+00
-4.296380e-01 -1.058255e+00 2.853322e+00
-2.083550e-01 4.812690e-01 2.649956e+00
-1.940100e-01 1.616120e-01 2.930936e+00
2.495500e-02 2.105790e-01 2.621040e+00
-1.759460e-01 2.632650e-01 2.720251e+00
2.703200e-02 2.846300e-02 2.826570e+00
-2.139840e-01 -1.665050e-01 2.851899e+00
-6.597800e-02 -1.478550e-01 2.620601e+00
3.197300e-02 -1.649700e-01 2.845654e+00
-3.754850e-01 2.464000e-02 2.794716e+00
-5.797000e-02 3.538900e-01 2.416651e+00
-3.327430e-01 -2.459310e-01 2.702211e+00
-1.764740e-01 6.097770e-01 2.363643e+00
-3.440830e-01 -3.075430e-01 2.661494e+00
-1.924790e-01 6.801420e-01 2.383017e+00
-1.422400e-02 -6.514400e-01 2.699017e+00
-2.917630e-01 -6.161870e-01 2.776786e+00
-7.756800e-02 -1.044250e+00 2.823824e+00
-2.520380e-01 -1.027716e+00 2.831146e+00
-4.745800e-02 -1.102227e+00 2.656635e+00
-4.287850e-01 -1.041034e+00 2.859489e+00
-1.368050e-01 4.737730e-01 2.671358e+00
-2.217440e-01 1.574710e-01 2.905920e+00
1.609000e-02 2.022240e-01 2.609691e+00
-1.980220e-01 2.370220e-01 2.686473e+00
2.317800e-02 4.571900e-02 2.835168e+00
-2.132490e-01 -1.732190e-01 2.842983e+00
-4.180000e-02 -1.709190e-01 2.627687e+00
3.175600e-02 -1.853040e-01 2.862035e+00
-3.753780e-01 -1.568500e-02 2.779513e+00
-6.585800e-02 3.024560e-01 2.381770e+00
-3.226530e-01 -2.807060e-01 2.680711e+00
-2.284630e-01 5.228190e-01 2.299554e+00
-3.178610e-01 -3.536870e-01 2.665436e+00
-2.722020e-01 5.832690e-01 2.295637e+00
-5.501000e-03 -6.606910e-01 2.701596e+00
-2.981980e-01 -6.258380e-01 2.780086e+00
-8.157000e-02 -1.051726e+00 2.824862e+00
-2.502160e-01 -1.036694e+00 2.832851e+00
-1.094200e-02 -1.113680e+00 2.671912e+00
-4.276490e-01 -1.054818e+00 2.853076e+00
-1.574300e-01 4.463890e-01 2.703123e+00
-2.010250e-01 1.728230e-01 2.879495e+00
2.892500e-02 1.933740e-01 2.567654e+00
-1.785680e-01 2.523820e-01 2.659918e+00
2.466900e-02 3.331600e-02 2.795348e+00
-2.035330e-01 -1.888220e-01 2.845798e+00
-4.691400e-02 -1.902890e-01 2.619479e+00
4.208400e-02 -2.029950e-01 2.848508e+00
-3.779680e-01 9.032000e-03 2.774771e+00
-7.578700e-02 1.448150e-01 2.333029e+00
-3.269770e-01 -2.580880e-01 2.683808e+00
-3.309640e-01 1.788880e-01 2.210220e+00
-3.230070e-01 -3.322290e-01 2.675438e+00
-3.975550e-01 1.875940e-01 2.177471e+00
-8.239000e-03 -6.803880e-01 2.701997e+00
-2.975060e-01 -6.419570e-01 2.788871e+00
-8.551500e-02 -1.066681e+00 2.838728e+00
-2.505130e-01 -1.053770e+00 2.834596e+00
-2.415600e-02 -1.133742e+00 2.683944e+00
-4.266150e-01 -1.070481e+00 2.865077e+00
-1.525430e-01 5.230050e-01 2.613745e+00
-1.804800e-01 9.468200e-02 2.883495e+00
2.229400e-02 2.213370e-01 2.577906e+00
-1.825020e-01 2.302830e-01 2.692038e+00
5.092500e-02 8.513000e-03 2.755013e+00
-1.757850e-01 -1.776150e-01 2.843271e+00
-4.395800e-02 -2.009070e-01 2.602789e+00
6.688300e-02 -2.122970e-01 2.822154e+00
-3.544910e-01 -2.451600e-02 2.730986e+00
-1.292700e-02 6.154600e-02 2.377728e+00
-2.861030e-01 -2.605720e-01 2.588807e+00
-2.326360e-01 -4.616600e-02 2.237489e+00
-2.924490e-01 -3.339850e-01 2.576441e+00
-2.928660e-01 -7.436900e-02 2.203437e+00
-1.172500e-02 -6.817130e-01 2.703218e+00
-2.991600e-01 -6.390970e-01 2.796786e+00
-8.142500e-02 -1.070289e+00 2.837529e+00
-2.514020e-01 -1.052010e+00 2.830118e+00
-3.581500e-02 -1.134256e+00 2.676134e+00
-4.256400e-01 -1.068961e+00 2.869790e+00
-1.399170e-01 4.873750e-01 2.604668e+00
-1.726150e-01 8.675300e-02 2.889863e+00
1.958600e-02 2.096210e-01 2.576006e+00
-1.802490e-01 2.220290e-01 2.698317e+00
5.199700e-02 -3.318000e-03 2.752322e+00
-1.678670e-01 -1.871230e-01 2.848637e+00
-4.453300e-02 -2.104960e-01 2.603699e+00
7.276900e-02 -2.291110e-01 2.819175e+00
-3.561530e-01 -3.146900e-02 2.748144e+00
4.299100e-02 3.863800e-02 2.383895e+00
-3.075850e-01 -2.654100e-01 2.594759e+00
-1.673970e-01 -5.863300e-02 2.223797e+00
-3.161720e-01 -3.381770e-01 2.580139e+00
-2.147420e-01 -1.152500e-01 2.235437e+00
-1.463300e-02 -6.941030e-01 2.710568e+00
-3.022330e-01 -6.442170e-01 2.806699e+00
-8.164800e-02 -1.083071e+00 2.845112e+00
-2.457540e-01 -1.056469e+00 2.834031e+00
-5.336100e-02 -1.145349e+00 2.679155e+00
-4.165820e-01 -1.076468e+00 2.885393e+00
-1.298510e-01 4.771140e-01 2.605726e+00
-1.957740e-01 1.588730e-01 2.895083e+00
2.510300e-02 2.228310e-01 2.582566e+00
-1.833370e-01 2.599020e-01 2.683692e+00
3.587300e-02 4.218500e-02 2.794065e+00
-1.979830e-01 -1.724060e-01 2.833112e+00
-4.549400e-02 -1.790200e-01 2.604081e+00
4.730500e-02 -1.915850e-01 2.831604e+00
-3.741580e-01 2.057200e-02 2.765472e+00
1.066910e-01 1.210090e-01 2.361872e+00
-3.358460e-01 -2.331100e-01 2.643852e+00
-3.483100e-02 7.759800e-02 2.124593e+00
-3.464240e-01 -3.067530e-01 2.636965e+00
-9.874000e-02 4.858800e-02 2.098967e+00
-1.604200e-02 -6.726570e-01 2.706682e+00
-2.951140e-01 -6.239330e-01 2.795547e+00
-7.512200e-02 -1.065921e+00 2.832151e+00
-2.511630e-01 -1.036307e+00 2.839196e+00
-5.039200e-02 -1.123321e+00 2.663884e+00
-4.243680e-01 -1.049994e+00 2.884286e+00
-1.300260e-01 5.112690e-01 2.588168e+00
-1.961640e-01 2.126310e-01 2.872813e+00
3.741100e-02 2.066250e-01 2.563054e+00
-1.729600e-01 2.688800e-01 2.646217e+00
3.460800e-02 7.179300e-02 2.806556e+00
-2.134890e-01 -1.767630e-01 2.836573e+00
-5.822700e-02 -1.693780e-01 2.609435e+00
3.254700e-02 -1.776450e-01 2.837970e+00
-3.667560e-01 4.561800e-02 2.769122e+00
1.374860e-01 1.615750e-01 2.331220e+00
-3.299070e-01 -2.267170e-01 2.697778e+00
8.018000e-02 2.173550e-01 2.063095e+00
-3.419740e-01 -2.935010e-01 2.666522e+00
1.825900e-02 2.220460e-01 2.021545e+00
-1.275600e-02 -6.661120e-01 2.695889e+00
-2.959110e-01 -6.245190e-01 2.786897e+00
-7.512100e-02 -1.055911e+00 2.830265e+00
-2.519790e-01 -1.035793e+00 2.839930e+00
-3.296500e-02 -1.118765e+00 2.667500e+00
-4.273650e-01 -1.049950e+00 2.875424e+00
-1.278450e-01 5.412190e-01 2.596299e+00
-1.686300e-01 1.032770e-01 2.889175e+00
2.732200e-02 2.218970e-01 2.576004e+00
-1.722970e-01 2.393190e-01 2.698055e+00
5.368100e-02 7.599000e-03 2.751681e+00
-1.672190e-01 -1.642960e-01 2.830172e+00
-4.506000e-02 -1.918860e-01 2.585084e+00
7.419000e-02 -2.010930e-01 2.800098e+00
-3.507030e-01 -2.469700e-02 2.754198e+00
1.332680e-01 2.549050e-01 2.344634e+00
-3.305990e-01 -2.442570e-01 2.575303e+00
1.625460e-01 3.602450e-01 2.086955e+00
-3.479650e-01 -2.943640e-01 2.522670e+00
1.639650e-01 4.070320e-01 2.028717e+00
-1.795600e-02 -6.725860e-01 2.688068e+00
-2.980950e-01 -6.269030e-01 2.786665e+00
-8.019900e-02 -1.057579e+00 2.835700e+00
-2.530400e-01 -1.038713e+00 2.834320e+00
-4.501800e-02 -1.125532e+00 2.673327e+00
-4.278890e-01 -1.053467e+00 2.872139e+00
-1.271880e-01 4.926580e-01 2.606690e+00
-1.703040e-01 5.103000e-02 2.888728e+00
3.488100e-02 2.111780e-01 2.600986e+00
-1.696260e-01 2.097880e-01 2.715976e+00
5.920200e-02 -2.289300e-02 2.749647e+00
-1.585200e-01 -1.917340e-01 2.821048e+00
-3.618200e-02 -2.241280e-01 2.576638e+00
8.077800e-02 -2.412640e-01 2.792423e+00
-3.462110e-01 -6.673900e-02 2.737289e+00
1.451740e-01 3.362250e-01 2.401003e+00
-3.292550e-01 -2.520400e-01 2.522836e+00
2.526570e-01 4.975300e-01 2.193402e+00
-3.466640e-01 -2.938980e-01 2.463443e+00
2.753760e-01 5.480060e-01 2.143216e+00
-2.302700e-02 -7.069310e-01 2.695686e+00
-3.066780e-01 -6.389150e-01 2.803484e+00
-8.919200e-02 -1.088727e+00 2.849773e+00
-2.412670e-01 -1.049566e+00 2.834726e+00
-6.976100e-02 -1.158396e+00 2.685491e+00
-4.074920e-01 -1.071158e+00 2.898939e+00
-1.056560e-01 4.652260e-01 2.633207e+00
-1.577630e-01 8.953000e-02 2.877207e+00
5.600700e-02 2.395650e-01 2.591121e+00
-1.512660e-01 2.430260e-01 2.699880e+00
7.502900e-02 1.017300e-02 2.746855e+00
-1.795280e-01 -1.804500e-01 2.830082e+00
-4.070800e-02 -1.832020e-01 2.592440e+00
6.416400e-02 -2.099780e-01 2.813396e+00
-3.312660e-01 -3.468800e-02 2.728165e+00
1.750500e-01 3.675550e-01 2.398505e+00
-3.194710e-01 -2.207390e-01 2.514015e+00
2.856710e-01 5.502550e-01 2.211727e+00
-3.375520e-01 -2.634030e-01 2.455402e+00
3.067740e-01 6.071450e-01 2.168128e+00
-2.153500e-02 -6.839870e-01 2.690581e+00
-2.946860e-01 -6.234730e-01 2.791312e+00
-8.389800e-02 -1.071618e+00 2.831086e+00
-2.440720e-01 -1.035121e+00 2.834593e+00
-7.869500e-02 -1.133501e+00 2.662670e+00
-4.127360e-01 -1.049583e+00 2.894290e+00
-9.494000e-02 4.935380e-01 2.605899e+00
-1.531060e-01 8.381800e-02 2.872507e+00
6.822400e-02 2.364850e-01 2.592946e+00
-1.401710e-01 2.426860e-01 2.700340e+00
7.836700e-02 1.498000e-03 2.741646e+00
-1.696400e-01 -1.756700e-01 2.827534e+00
-3.073200e-02 -1.812120e-01 2.589992e+00
7.308200e-02 -2.123440e-01 2.810876e+00
-3.298660e-01 -3.309000e-02 2.721392e+00
1.988040e-01 3.582570e-01 2.404142e+00
-3.314800e-01 -2.068550e-01 2.496855e+00
2.942180e-01 5.484640e-01 2.216874e+00
-3.522680e-01 -2.462550e-01 2.436870e+00
3.038640e-01 6.155420e-01 2.185407e+00
-1.621200e-02 -6.810000e-01 2.690652e+00
-2.935290e-01 -6.206780e-01 2.778679e+00
-7.877900e-02 -1.069297e+00 2.829216e+00
-2.519900e-01 -1.032410e+00 2.830068e+00
-7.766700e-02 -1.129783e+00 2.660218e+00
-4.235780e-01 -1.043284e+00 2.881639e+00
-7.800600e-02 4.904200e-01 2.605764e+00
-1.711150e-01 6.711600e-02 2.902956e+00
5.772700e-02 2.225540e-01 2.630900e+00
-1.555740e-01 2.233670e-01 2.728623e+00
6.879700e-02 -9.416000e-03 2.784354e+00
-1.615310e-01 -1.898690e-01 2.819841e+00
-1.511100e-02 -2.061800e-01 2.587360e+00
7.810300e-02 -2.450600e-01 2.811717e+00
-3.376790e-01 -6.284200e-02 2.750921e+00
2.125680e-01 2.852500e-01 2.425129e+00
-3.374940e-01 -2.338330e-01 2.524259e+00
2.969760e-01 4.657010e-01 2.215596e+00
-3.569910e-01 -2.741640e-01 2.464459e+00
2.744250e-01 5.172230e-01 2.166408e+00
-1.208900e-02 -6.999810e-01 2.702322e+00
-2.944580e-01 -6.348430e-01 2.782885e+00
-8.390800e-02 -1.089351e+00 2.833175e+00
-2.497350e-01 -1.047463e+00 2.823303e+00
-8.525000e-02 -1.146307e+00 2.662956e+00
-4.182430e-01 -1.059791e+00 2.883912e+00
-1.009750e-01 4.801040e-01 2.651445e+00
-1.760010e-01 7.457400e-02 2.906446e+00
6.154500e-02 2.195140e-01 2.636061e+00
-1.532490e-01 2.276600e-01 2.730108e+00
6.364400e-02 -1.030100e-02 2.793101e+00
-1.641380e-01 -1.842950e-01 2.818220e+00
-1.248400e-02 -2.010480e-01 2.589150e+00
7.609900e-02 -2.373680e-01 2.815800e+00
-3.440530e-01 -5.595300e-02 2.756553e+00
2.445750e-01 2.105270e-01 2.446216e+00
-3.540910e-01 -2.264910e-01 2.529770e+00
2.568570e-01 3.475910e-01 2.193417e+00
-3.754740e-01 -2.667670e-01 2.470582e+00
3.049910e-01 3.879770e-01 2.152985e+00
-6.490000e-03 -6.936400e-01 2.708644e+00
-2.881500e-01 -6.337970e-01 2.781252e+00
-7.697900e-02 -1.086206e+00 2.830350e+00
-2.455280e-01 -1.046501e+00 2.823065e+00
-7.929800e-02 -1.138976e+00 2.658797e+00
-4.153190e-01 -1.058258e+00 2.880100e+00
-9.686300e-02 4.835170e-01 2.654481e+00
-1.778890e-01 7.958300e-02 2.919094e+00
6.756900e-02 2.167190e-01 2.651722e+00
-1.469930e-01 2.338950e-01 2.745079e+00
5.787600e-02 -1.515000e-02 2.805421e+00
-1.670670e-01 -1.753140e-01 2.823377e+00
-1.487100e-02 -1.937980e-01 2.594800e+00
7.252000e-02 -2.312770e-01 2.821724e+00
-3.518400e-01 -4.335900e-02 2.769518e+00
2.525890e-01 1.264710e-01 2.496426e+00
-3.779780e-01 -2.062090e-01 2.538410e+00
2.458230e-01 2.108340e-01 2.228173e+00
-4.026900e-01 -2.441820e-01 2.478997e+00
2.874360e-01 2.043360e-01 2.166457e+00
-5.901000e-03 -6.837210e-01 2.715554e+00
-2.868060e-01 -6.312360e-01 2.781932e+00
-7.869400e-02 -1.077377e+00 2.832278e+00
-2.446770e-01 -1.044437e+00 2.819066e+00
-7.547100e-02 -1.128945e+00 2.660376e+00
-4.154170e-01 -1.056997e+00 2.873014e+00
-1.033870e-01 4.782160e-01 2.649297e+00
-2.023920e-01 7.492900e-02 2.931754e+00
6.502200e-02 2.033300e-01 2.681659e+00
-1.531050e-01 2.309080e-01 2.763560e+00
3.360500e-02 -3.085000e-02 2.828811e+00
-1.360610e-01 -1.627220e-01 2.818686e+00
1.718000e-02 -2.092360e-01 2.594843e+00
9.735700e-02 -2.402310e-01 2.825380e+00
-3.751940e-01 -3.868900e-02 2.773712e+00
2.383170e-01 4.289100e-02 2.581908e+00
-4.100210e-01 -1.893630e-01 2.535597e+00
2.330170e-01 -4.030200e-02 2.314972e+00
-4.358400e-01 -2.240740e-01 2.474678e+00
2.477620e-01 -1.088090e-01 2.289049e+00
-3.592000e-03 -6.837300e-01 2.726469e+00
-2.905690e-01 -6.207780e-01 2.782172e+00
-7.910600e-02 -1.079767e+00 2.832961e+00
-2.492450e-01 -1.033805e+00 2.822051e+00
-5.801700e-02 -1.129795e+00 2.661868e+00
-4.234650e-01 -1.047271e+00 2.863116e+00
-1.092400e-01 4.732660e-01 2.672744e+00
-2.068850e-01 6.042900e-02 2.928592e+00
4.994100e-02 2.097690e-01 2.679029e+00
-1.695740e-01 2.204990e-01 2.761161e+00
3.629900e-02 -2.683500e-02 2.825019e+00
-1.446980e-01 -1.844050e-01 2.828663e+00
1.214000e-02 -2.160110e-01 2.604710e+00
9.008800e-02 -2.577540e-01 2.834314e+00
-3.709060e-01 -6.783100e-02 2.772408e+00
2.016790e-01 4.105000e-03 2.642756e+00
-4.027210e-01 -2.172120e-01 2.533061e+00
2.214490e-01 -1.813920e-01 2.431820e+00
-4.273850e-01 -2.533880e-01 2.472517e+00
2.187010e-01 -2.560570e-01 2.432301e+00
-3.807000e-03 -7.011280e-01 2.738834e+00
-2.926520e-01 -6.339570e-01 2.785797e+00
-8.197100e-02 -1.098258e+00 2.839172e+00
-2.448050e-01 -1.046317e+00 2.825282e+00
-1.004540e-01 -1.138566e+00 2.665236e+00
-4.168270e-01 -1.061590e+00 2.874225e+00
-1.192430e-01 4.718800e-01 2.682687e+00
-1.946220e-01 5.538800e-02 2.941927e+00
5.600400e-02 2.267450e-01 2.700335e+00
-1.618080e-01 2.289640e-01 2.787517e+00
4.687600e-02 -2.115500e-02 2.826600e+00
-1.635080e-01 -1.750820e-01 2.838139e+00
-1.065100e-02 -1.876780e-01 2.609603e+00
7.683100e-02 -2.277070e-01 2.836056e+00
-3.609720e-01 -6.377000e-02 2.781067e+00
1.589300e-01 -6.562000e-03 2.660529e+00
-4.047440e-01 -1.914740e-01 2.531288e+00
1.942990e-01 -2.712080e-01 2.571235e+00
-4.318130e-01 -2.228170e-01 2.469099e+00
1.747660e-01 -3.427850e-01 2.562417e+00
2.630000e-04 -6.826720e-01 2.737636e+00
-2.874580e-01 -6.277440e-01 2.780367e+00
-6.584100e-02 -1.081767e+00 2.838840e+00
-2.506590e-01 -1.040512e+00 2.826816e+00
-9.862200e-02 -1.120026e+00 2.666555e+00
-4.244830e-01 -1.051113e+00 2.870326e+00
-1.259020e-01 4.690970e-01 2.686474e+00
-1.957100e-01 4.981500e-02 2.944747e+00
9.056600e-02 2.164780e-01 2.742723e+00
-1.341030e-01 2.308380e-01 2.808796e+00
4.952600e-02 -3.834900e-02 2.846934e+00
-1.576210e-01 -1.759930e-01 2.845402e+00
1.088700e-02 -1.959980e-01 2.628705e+00
7.771600e-02 -2.462550e-01 2.860102e+00
-3.992380e-01 2.399200e-02 2.784997e+00
1.361860e-01 -3.261000e-02 2.693242e+00
-3.526340e-01 -1.660110e-01 2.579621e+00
1.279500e-01 -3.136330e-01 2.706560e+00
-3.607790e-01 -2.385530e-01 2.595558e+00
9.278100e-02 -3.795020e-01 2.709213e+00
-6.381000e-03 -6.869640e-01 2.739559e+00
-2.943800e-01 -6.259340e-01 2.778724e+00
-7.754200e-02 -1.086424e+00 2.835771e+00
-2.492980e-01 -1.037377e+00 2.829432e+00
-8.292100e-02 -1.127530e+00 2.661124e+00
-4.246730e-01 -1.052249e+00 2.864680e+00
-1.151160e-01 4.538190e-01 2.690109e+00
-2.123630e-01 6.627800e-02 2.956133e+00
7.316500e-02 2.234700e-01 2.745637e+00
-1.511230e-01 2.411490e-01 2.812197e+00
3.218000e-02 -2.654600e-02 2.860933e+00
-1.852710e-01 -1.768250e-01 2.846958e+00
-6.145000e-03 -1.787290e-01 2.638001e+00
5.395900e-02 -2.289340e-01 2.871247e+00
-3.781470e-01 1.381300e-02 2.763128e+00
1.251980e-01 -2.622700e-02 2.706946e+00
-3.094480e-01 -1.719820e-01 2.560479e+00
1.122670e-01 -3.043680e-01 2.747744e+00
-2.915120e-01 -2.208480e-01 2.506878e+00
9.484400e-02 -3.711150e-01 2.719042e+00
-6.036000e-03 -6.783600e-01 2.741070e+00
-2.941930e-01 -6.241140e-01 2.777807e+00
-8.058000e-02 -1.079190e+00 2.828631e+00
-2.550780e-01 -1.036626e+00 2.824635e+00
-8.079300e-02 -1.117461e+00 2.653258e+00
-4.302280e-01 -1.049002e+00 2.861916e+00
-1.181970e-01 4.605110e-01 2.683919e+00
-2.104500e-01 6.518200e-02 2.972268e+00
8.296300e-02 2.063410e-01 2.761255e+00
-1.395510e-01 2.369710e-01 2.829056e+00
2.765800e-02 -4.149000e-02 2.875283e+00
-1.819660e-01 -1.724450e-01 2.842442e+00
-2.563000e-03 -1.796110e-01 2.633838e+00
5.739600e-02 -2.230860e-01 2.868468e+00
-3.551010e-01 1.151300e-02 2.763526e+00
1.248160e-01 -4.566800e-02 2.725560e+00
-3.074590e-01 -1.762140e-01 2.556975e+00
9.629300e-02 -3.250680e-01 2.742684e+00
-2.956620e-01 -2.259100e-01 2.502443e+00
8.029500e-02 -3.957050e-01 2.724324e+00
-1.312200e-02 -6.801090e-01 2.749161e+00
-2.934840e-01 -6.231450e-01 2.770046e+00
-7.847400e-02 -1.086310e+00 2.817121e+00
-2.538830e-01 -1.034283e+00 2.827369e+00
-1.122090e-01 -1.110109e+00 2.642433e+00
-4.310580e-01 -1.047803e+00 2.852798e+00
-1.202060e-01 4.481350e-01 2.695760e+00
-2.352740e-01 7.302800e-02 2.971956e+00
7.827200e-02 1.946720e-01 2.778472e+00
-1.450890e-01 2.400930e-01 2.834102e+00
1.080000e-04 -4.921900e-02 2.887506e+00
-1.860680e-01 -1.693400e-01 2.844100e+00
6.045000e-03 -1.830050e-01 2.647483e+00
4.956700e-02 -2.266450e-01 2.885679e+00
-3.727790e-01 5.015000e-03 2.762915e+00
1.313380e-01 -5.515600e-02 2.742709e+00
-3.074280e-01 -1.768140e-01 2.556353e+00
9.601300e-02 -3.339510e-01 2.729813e+00
-2.910580e-01 -2.248030e-01 2.501474e+00
7.413400e-02 -4.042910e-01 2.742307e+00
-1.261500e-02 -6.769120e-01 2.750417e+00
-2.935990e-01 -6.254730e-01 2.769138e+00
-7.725700e-02 -1.084379e+00 2.811088e+00
-2.536500e-01 -1.036498e+00 2.827032e+00
-7.172800e-02 -1.111660e+00 2.633759e+00
-4.318680e-01 -1.051694e+00 2.842117e+00
-1.331680e-01 4.431490e-01 2.694159e+00
-2.833940e-01 1.685960e-01 2.950926e+00
4.743900e-02 2.411970e-01 2.761657e+00
-1.834660e-01 2.816750e-01 2.771272e+00
-3.276000e-02 4.765100e-02 2.944930e+00
-2.191440e-01 -1.558480e-01 2.826514e+00
9.685000e-03 -1.797530e-01 2.675457e+00
1.069000e-03 -2.152770e-01 2.918768e+00
-3.808960e-01 1.317400e-02 2.767941e+00
9.787800e-02 -1.163200e-02 2.766883e+00
-2.718930e-01 -1.906380e-01 2.605220e+00
9.997900e-02 -2.918940e-01 2.742954e+00
-2.435960e-01 -2.446040e-01 2.561981e+00
9.316700e-02 -3.656130e-01 2.732872e+00
-1.267400e-02 -6.571850e-01 2.747648e+00
-2.945190e-01 -6.275660e-01 2.767022e+00
-7.223000e-02 -1.065111e+00 2.810406e+00
-2.554050e-01 -1.038466e+00 2.826350e+00
3.878600e-02 -1.102254e+00 2.674332e+00
-4.336970e-01 -1.056842e+00 2.816629e+00
-1.248540e-01 4.999420e-01 2.641532e+00
-3.059690e-01 1.722050e-01 2.920431e+00
2.589100e-02 2.443650e-01 2.732797e+00
-2.078140e-01 2.646320e-01 2.728414e+00
-4.596200e-02 7.514600e-02 2.941803e+00
-2.381950e-01 -1.671550e-01 2.817728e+00
-5.330000e-04 -1.824910e-01 2.679766e+00
-2.078300e-02 -2.140640e-01 2.922931e+00
-3.835980e-01 -9.955000e-03 2.746680e+00
9.024600e-02 -8.496000e-03 2.760737e+00
-3.540940e-01 -2.860360e-01 2.672601e+00
7.417600e-02 -2.934220e-01 2.738410e+00
-3.467380e-01 -3.577360e-01 2.652915e+00
6.617500e-02 -3.623590e-01 2.710726e+00
-8.913000e-03 -6.611170e-01 2.755767e+00
-2.976400e-01 -6.358020e-01 2.769956e+00
-7.386800e-02 -1.068999e+00 2.813233e+00
-2.508930e-01 -1.046280e+00 2.826625e+00
4.818100e-02 -1.106222e+00 2.686984e+00
-4.289360e-01 -1.067659e+00 2.818637e+00
-1.072400e-01 5.110390e-01 2.645760e+00
-3.093230e-01 1.707040e-01 2.920600e+00
2.065800e-02 2.474350e-01 2.731475e+00
-2.131150e-01 2.673020e-01 2.729654e+00
-4.894800e-02 7.376400e-02 2.937567e+00
-2.450210e-01 -1.692960e-01 2.822827e+00
-8.419000e-03 -1.793170e-01 2.682572e+00
-2.541700e-02 -2.097900e-01 2.926127e+00
-3.757370e-01 -2.327200e-02 2.746720e+00
8.590300e-02 -1.075200e-02 2.762379e+00
-3.523490e-01 -3.031850e-01 2.662456e+00
6.400500e-02 -3.006260e-01 2.730500e+00
-3.046420e-01 -3.543490e-01 2.688702e+00
5.930000e-02 -3.715390e-01 2.707437e+00
-1.125000e-02 -6.607210e-01 2.756050e+00
-2.966070e-01 -6.382530e-01 2.771520e+00
-7.575100e-02 -1.069500e+00 2.807317e+00
-2.538300e-01 -1.048861e+00 2.830340e+00
4.225200e-02 -1.104506e+00 2.676664e+00
-4.317850e-01 -1.069108e+00 2.818419e+00
-1.389600e-01 5.257140e-01 2.658996e+00
