-2.433630e-01 3.866870e-01 2.679479e+00
-6.579150e-02 3.701515e-01 2.694839e+00
1.117800e-01 3.536160e-01 2.710199e+00
2.897750e-02 3.811560e-01 2.654092e+00
-5.382500e-02 4.086960e-01 2.597986e+00
-7.127200e-02 3.157000e-01 2.699575e+00
-8.871900e-02 2.227040e-01 2.801163e+00
-1.514800e-01 1.111740e-01 2.729614e+00
-2.142410e-01 -3.560000e-04 2.658064e+00
-7.468850e-02 -8.359000e-03 2.673443e+00
6.486400e-02 -1.636200e-02 2.688822e+00
-1.108500e-02 -2.039500e-03 2.742516e+00
-8.703400e-02 1.228300e-02 2.796211e+00
-1.956205e-01 6.955350e-02 2.728857e+00
-3.042070e-01 1.268240e-01 2.661503e+00
-7.494250e-02 1.084095e-01 2.693719e+00
1.543220e-01 8.999500e-02 2.725935e+00
-6.659800e-02 -3.182600e-02 2.660161e+00
-2.875180e-01 -1.536470e-01 2.594387e+00
-7.903300e-02 -1.736580e-01 2.635854e+00
1.294520e-01 -1.936690e-01 2.677321e+00
-7.674300e-02 -2.067680e-01 2.643846e+00
-2.829380e-01 -2.198670e-01 2.610370e+00
-8.718000e-02 -2.352425e-01 2.628171e+00
1.085780e-01 -2.506180e-01 2.645972e+00
-8.125650e-02 -4.061425e-01 2.663947e+00
-2.710910e-01 -5.616670e-01 2.681923e+00
-1.380395e-01 -5.744360e-01 2.701417e+00
-4.988000e-03 -5.872050e-01 2.720912e+00
-1.553720e-01 -7.836615e-01 2.740233e+00
-3.057560e-01 -9.801180e-01 2.759554e+00
-1.817920e-01 -9.944550e-01 2.761451e+00
-5.782800e-02 -1.008792e+00 2.763348e+00
-1.839230e-01 -1.009635e+00 2.678671e+00
-3.100180e-01 -1.010479e+00 2.593994e+00
-1.715620e-01 -1.019508e+00 2.595983e+00
-3.310600e-02 -1.028537e+00 2.597972e+00
-2.943850e-02 -1.764065e-01 2.592649e+00
-2.577100e-02 6.757240e-01 2.587326e+00
-1.330255e-01 5.328370e-01 2.636616e+00
-2.402800e-01 3.899500e-01 2.685906e+00
-6.255600e-02 3.719280e-01 2.697322e+00
1.151680e-01 3.539060e-01 2.708737e+00
3.137900e-02 3.822110e-01 2.654507e+00
-5.241000e-02 4.105160e-01 2.600278e+00
-6.838100e-02 3.175170e-01 2.702107e+00
-8.435200e-02 2.245180e-01 2.803935e+00
-1.524550e-01 1.125470e-01 2.734476e+00
-2.205580e-01 5.760000e-04 2.665017e+00
-8.075800e-02 -8.727000e-03 2.677052e+00
5.904200e-02 -1.803000e-02 2.689088e+00
-1.552950e-02 -3.834500e-03 2.744712e+00
-9.010100e-02 1.036100e-02 2.800337e+00
-1.980845e-01 7.197300e-02 2.730796e+00
-3.060680e-01 1.335850e-01 2.661255e+00
-7.818950e-02 1.121430e-01 2.691891e+00
1.496890e-01 9.070100e-02 2.722527e+00
-7.378950e-02 -2.935850e-02 2.668250e+00
-2.972680e-01 -1.494180e-01 2.613973e+00
-8.940000e-02 -1.709415e-01 2.650603e+00
1.184680e-01 -1.924650e-01 2.687233e+00
-8.275750e-02 -2.042210e-01 2.646894e+00
-2.839830e-01 -2.159770e-01 2.606554e+00
-9.732750e-02 -2.326935e-01 2.634959e+00
8.932800e-02 -2.494100e-01 2.663364e+00
-9.124900e-02 -4.065495e-01 2.675409e+00
-2.718260e-01 -5.636890e-01 2.687455e+00
-1.408730e-01 -5.759375e-01 2.705153e+00
-9.920000e-03 -5.881860e-01 2.722850e+00
-1.599935e-01 -7.845020e-01 2.746595e+00
-3.100670e-01 -9.808180e-01 2.770340e+00
-1.823155e-01 -9.956125e-01 2.769318e+00
-5.456400e-02 -1.010407e+00 2.768297e+00
-1.855150e-01 -1.011726e+00 2.686749e+00
-3.164660e-01 -1.013045e+00 2.605201e+00
-1.755775e-01 -1.021710e+00 2.603749e+00
-3.468900e-02 -1.030376e+00 2.602296e+00
-2.768350e-02 -1.764330e-01 2.598808e+00
-2.067800e-02 6.775100e-01 2.595320e+00
-1.300495e-01 5.354920e-01 2.640652e+00
-2.394210e-01 3.934740e-01 2.685985e+00
-6.162900e-02 3.747765e-01 2.695009e+00
1.161630e-01 3.560790e-01 2.704033e+00
3.165500e-02 3.834750e-01 2.650456e+00
-5.285300e-02 4.108710e-01 2.596878e+00
-6.765050e-02 3.205345e-01 2.701249e+00
-8.244800e-02 2.301980e-01 2.805620e+00
-1.520695e-01 1.174960e-01 2.739217e+00
-2.216910e-01 4.794000e-03 2.672814e+00
-8.163500e-02 -6.159500e-03 2.679116e+00
5.842100e-02 -1.711300e-02 2.685418e+00
-1.366850e-02 -2.422500e-03 2.744101e+00
-8.575800e-02 1.226800e-02 2.802784e+00
-1.950035e-01 7.503100e-02 2.732062e+00
-3.042490e-01 1.377940e-01 2.661340e+00
-7.809300e-02 1.157730e-01 2.692039e+00
1.480630e-01 9.375200e-02 2.722738e+00
-7.666300e-02 -2.542700e-02 2.669175e+00
-3.013890e-01 -1.446060e-01 2.615612e+00
-9.004500e-02 -1.666155e-01 2.650499e+00
1.212990e-01 -1.886250e-01 2.685386e+00
-8.511450e-02 -2.003565e-01 2.648885e+00
-2.915280e-01 -2.120880e-01 2.612383e+00
-9.884650e-02 -2.311055e-01 2.643286e+00
9.383500e-02 -2.501230e-01 2.674189e+00
-8.975100e-02 -4.053515e-01 2.684322e+00
-2.733370e-01 -5.605800e-01 2.694455e+00
-1.396210e-01 -5.731820e-01 2.709710e+00
-5.905000e-03 -5.857840e-01 2.724966e+00
-1.580810e-01 -7.815920e-01 2.752218e+00
-3.102570e-01 -9.774000e-01 2.779470e+00
-1.827500e-01 -9.926535e-01 2.772876e+00
-5.524300e-02 -1.007907e+00 2.766281e+00
-1.892655e-01 -1.008873e+00 2.690523e+00
-3.232880e-01 -1.009839e+00 2.614764e+00
-1.821245e-01 -1.017870e+00 2.607122e+00
-4.096100e-02 -1.025902e+00 2.599480e+00
-2.928800e-02 -1.724895e-01 2.597287e+00
-1.761500e-02 6.809230e-01 2.595093e+00
-1.293535e-01 5.402370e-01 2.640880e+00
-2.410920e-01 3.995510e-01 2.686667e+00
-6.371950e-02 3.771880e-01 2.695613e+00
1.136530e-01 3.548250e-01 2.704560e+00
2.966500e-02 3.835870e-01 2.650881e+00
-5.432300e-02 4.123490e-01 2.597202e+00
-7.087050e-02 3.231325e-01 2.702271e+00
-8.741800e-02 2.339160e-01 2.807339e+00
-1.534170e-01 1.209650e-01 2.742515e+00
-2.194160e-01 8.014000e-03 2.677692e+00
-7.925100e-02 -2.312000e-03 2.682434e+00
6.091400e-02 -1.263800e-02 2.687175e+00
-1.064150e-02 9.780000e-04 2.746764e+00
-8.219700e-02 1.459400e-02 2.806353e+00
-1.930255e-01 7.908800e-02 2.732810e+00
-3.038540e-01 1.435820e-01 2.659266e+00
-7.723250e-02 1.182035e-01 2.690416e+00
1.493890e-01 9.282500e-02 2.721565e+00
-7.909550e-02 -2.374250e-02 2.672584e+00
-3.075800e-01 -1.403100e-01 2.623602e+00
-8.963350e-02 -1.653585e-01 2.655150e+00
1.283130e-01 -1.904070e-01 2.686698e+00
-8.289150e-02 -1.986085e-01 2.651355e+00
-2.940960e-01 -2.068100e-01 2.616012e+00
-9.764900e-02 -2.252460e-01 2.635926e+00
9.879800e-02 -2.436820e-01 2.655840e+00
-8.979800e-02 -3.992145e-01 2.677423e+00
-2.783940e-01 -5.547470e-01 2.699007e+00
-1.426930e-01 -5.686015e-01 2.711235e+00
-6.992000e-03 -5.824560e-01 2.723464e+00
-1.592285e-01 -7.779765e-01 2.749588e+00
-3.114650e-01 -9.734970e-01 2.775712e+00
-1.853905e-01 -9.890415e-01 2.768276e+00
-5.931600e-02 -1.004586e+00 2.760840e+00
-1.934530e-01 -1.003524e+00 2.685736e+00
-3.275900e-01 -1.002462e+00 2.610632e+00
-1.874025e-01 -1.011674e+00 2.602163e+00
-4.721500e-02 -1.020886e+00 2.593694e+00
-3.198950e-02 -1.707260e-01 2.591379e+00
-1.676400e-02 6.794340e-01 2.589065e+00
-1.311685e-01 5.378340e-01 2.637263e+00
-2.455730e-01 3.962340e-01 2.685460e+00
-6.815450e-02 3.743360e-01 2.694624e+00
1.092640e-01 3.524380e-01 2.703789e+00
2.531100e-02 3.813945e-01 2.650162e+00
-5.864200e-02 4.103510e-01 2.596534e+00
-7.515500e-02 3.202055e-01 2.700812e+00
-9.166800e-02 2.300600e-01 2.805090e+00
-1.571595e-01 1.178835e-01 2.739113e+00
-2.226510e-01 5.707000e-03 2.673136e+00
-8.251700e-02 -3.107500e-03 2.680893e+00
5.761700e-02 -1.192200e-02 2.688650e+00
-1.534700e-02 9.120000e-04 2.746684e+00
-8.831100e-02 1.374600e-02 2.804719e+00
-2.006095e-01 7.681900e-02 2.737493e+00
-3.129080e-01 1.398920e-01 2.670266e+00
-8.275650e-02 1.150070e-01 2.694323e+00
1.473950e-01 9.012200e-02 2.718379e+00
-7.801500e-02 -2.648500e-02 2.671843e+00
-3.034250e-01 -1.430920e-01 2.625306e+00
-8.531550e-02 -1.687110e-01 2.655529e+00
1.327940e-01 -1.943300e-01 2.685752e+00
-8.284500e-02 -2.027215e-01 2.657129e+00
-2.984840e-01 -2.111130e-01 2.628507e+00
-9.782250e-02 -2.313935e-01 2.646221e+00
1.028390e-01 -2.516740e-01 2.663934e+00
-8.953050e-02 -4.037415e-01 2.684410e+00
-2.819000e-01 -5.558090e-01 2.704887e+00
-1.471435e-01 -5.693265e-01 2.715370e+00
-1.238700e-02 -5.828440e-01 2.725853e+00
-1.647585e-01 -7.789330e-01 2.751937e+00
-3.171300e-01 -9.750220e-01 2.778022e+00
-1.856815e-01 -9.905580e-01 2.770893e+00
-5.423300e-02 -1.006094e+00 2.763764e+00
-1.909540e-01 -1.004568e+00 2.688047e+00
-3.276750e-01 -1.003042e+00 2.612330e+00
-1.841595e-01 -1.012720e+00 2.604531e+00
-4.064400e-02 -1.022399e+00 2.596732e+00
-3.330400e-02 -1.727750e-01 2.590701e+00
-2.596400e-02 6.768490e-01 2.584670e+00
-1.384150e-01 5.367390e-01 2.637322e+00
-2.508660e-01 3.966290e-01 2.689973e+00
-7.334000e-02 3.739700e-01 2.693446e+00
1.041860e-01 3.513110e-01 2.696918e+00
1.867550e-02 3.805845e-01 2.645990e+00
-6.683500e-02 4.098580e-01 2.595063e+00
-8.037100e-02 3.198760e-01 2.699910e+00
-9.390700e-02 2.298940e-01 2.804756e+00
-1.622450e-01 1.155415e-01 2.741602e+00
-2.305830e-01 1.189000e-03 2.678448e+00
-9.006250e-02 -4.104000e-03 2.679604e+00
5.045800e-02 -9.397000e-03 2.680761e+00
-2.000050e-02 1.538000e-03 2.742182e+00
-9.045900e-02 1.247300e-02 2.803603e+00
-2.060795e-01 7.654200e-02 2.739730e+00
-3.217000e-01 1.406110e-01 2.675856e+00
-8.956750e-02 1.146930e-01 2.695920e+00
1.425650e-01 8.877500e-02 2.715984e+00
-8.222550e-02 -2.621850e-02 2.669069e+00
-3.070160e-01 -1.412120e-01 2.622154e+00
-8.891600e-02 -1.686620e-01 2.651865e+00
1.291840e-01 -1.961120e-01 2.681577e+00
-8.986800e-02 -2.021735e-01 2.658305e+00
-3.089200e-01 -2.082350e-01 2.635034e+00
-1.007415e-01 -2.329370e-01 2.648265e+00
1.074370e-01 -2.576390e-01 2.661497e+00
-8.924700e-02 -4.078505e-01 2.684472e+00
-2.859310e-01 -5.580620e-01 2.707447e+00
-1.509905e-01 -5.704370e-01 2.713928e+00
-1.605000e-02 -5.828120e-01 2.720410e+00
-1.675270e-01 -7.805195e-01 2.748194e+00
-3.190040e-01 -9.782270e-01 2.775979e+00
-1.889925e-01 -9.920990e-01 2.767055e+00
-5.898100e-02 -1.005971e+00 2.758131e+00
-1.980600e-01 -1.004877e+00 2.684338e+00
-3.371390e-01 -1.003783e+00 2.610546e+00
-1.951030e-01 -1.012645e+00 2.600562e+00
-5.306700e-02 -1.021507e+00 2.590578e+00
-4.611050e-02 -1.723485e-01 2.586467e+00
-3.915400e-02 6.768100e-01 2.582356e+00
-1.487910e-01 5.343765e-01 2.636496e+00
-2.584280e-01 3.919430e-01 2.690637e+00
-8.048200e-02 3.727385e-01 2.693377e+00
9.746400e-02 3.535340e-01 2.696117e+00
1.117400e-02 3.809680e-01 2.645480e+00
-7.511600e-02 4.084020e-01 2.594844e+00
-8.643400e-02 3.185410e-01 2.700057e+00
-9.775200e-02 2.286800e-01 2.805270e+00
-1.678520e-01 1.129440e-01 2.740883e+00
-2.379520e-01 -2.792000e-03 2.676496e+00
-9.734800e-02 -5.148000e-03 2.677002e+00
4.325600e-02 -7.504000e-03 2.677509e+00
-2.712900e-02 2.050500e-03 2.739243e+00
-9.751400e-02 1.160500e-02 2.800978e+00
-2.121075e-01 7.307800e-02 2.741026e+00
-3.267010e-01 1.345510e-01 2.681074e+00
-9.428500e-02 1.125965e-01 2.696299e+00
1.381310e-01 9.064200e-02 2.711523e+00
-8.785750e-02 -2.845600e-02 2.668654e+00
-3.138460e-01 -1.475540e-01 2.625784e+00
-9.153800e-02 -1.706745e-01 2.647165e+00
1.307700e-01 -1.937950e-01 2.668547e+00
-9.712050e-02 -2.040940e-01 2.651336e+00
-3.250110e-01 -2.143930e-01 2.634124e+00
-1.086130e-01 -2.347710e-01 2.641731e+00
1.077850e-01 -2.551490e-01 2.649337e+00
-9.085350e-02 -4.077880e-01 2.679307e+00
-2.894920e-01 -5.604270e-01 2.709277e+00
-1.545865e-01 -5.715685e-01 2.713611e+00
-1.968100e-02 -5.827100e-01 2.717945e+00
-1.667705e-01 -7.820660e-01 2.747146e+00
-3.138600e-01 -9.814220e-01 2.776347e+00
-1.838810e-01 -9.937170e-01 2.769355e+00
-5.390200e-02 -1.006012e+00 2.762363e+00
-1.937695e-01 -1.006312e+00 2.686705e+00
-3.336370e-01 -1.006612e+00 2.611046e+00
-1.914900e-01 -1.015277e+00 2.603027e+00
-4.934300e-02 -1.023942e+00 2.595008e+00
-4.809150e-02 -1.740910e-01 2.587185e+00
-4.684000e-02 6.757600e-01 2.579362e+00
-1.589270e-01 5.317310e-01 2.636789e+00
-2.710140e-01 3.877020e-01 2.694217e+00
-9.292000e-02 3.697245e-01 2.693627e+00
8.517400e-02 3.517470e-01 2.693037e+00
-2.226500e-03 3.786650e-01 2.644056e+00
-8.962700e-02 4.055830e-01 2.595074e+00
-9.837400e-02 3.154760e-01 2.700322e+00
-1.071210e-01 2.253690e-01 2.805569e+00
-1.778515e-01 1.094690e-01 2.738643e+00
-2.485820e-01 -6.431000e-03 2.671717e+00
-1.079990e-01 -9.289500e-03 2.669803e+00
3.258400e-02 -1.214800e-02 2.667890e+00
-3.667050e-02 -1.100500e-03 2.730646e+00
-1.059250e-01 9.947000e-03 2.793401e+00
-2.220345e-01 6.976600e-02 2.737629e+00
-3.381440e-01 1.295850e-01 2.681858e+00
-1.055515e-01 1.088300e-01 2.688783e+00
1.270410e-01 8.807500e-02 2.695708e+00
-9.848400e-02 -3.248800e-02 2.661174e+00
-3.240090e-01 -1.530510e-01 2.626640e+00
-1.044920e-01 -1.731705e-01 2.630265e+00
1.150250e-01 -1.932900e-01 2.633889e+00
-1.031125e-01 -2.072800e-01 2.630108e+00
-3.212500e-01 -2.212700e-01 2.626327e+00
-1.202435e-01 -2.368045e-01 2.630584e+00
8.076300e-02 -2.523390e-01 2.634840e+00
-1.060975e-01 -4.092595e-01 2.670679e+00
-2.929580e-01 -5.661800e-01 2.706517e+00
-1.603690e-01 -5.764525e-01 2.704064e+00
-2.778000e-02 -5.867250e-01 2.701610e+00
-1.700725e-01 -7.863060e-01 2.742138e+00
-3.123650e-01 -9.858870e-01 2.782666e+00
-1.840885e-01 -9.969220e-01 2.774183e+00
-5.581200e-02 -1.007957e+00 2.765701e+00
-1.956075e-01 -1.011294e+00 2.692036e+00
-3.354030e-01 -1.014631e+00 2.618370e+00
-1.940425e-01 -1.024057e+00 2.608836e+00
-5.268200e-02 -1.033483e+00 2.599302e+00
-6.283550e-02 -1.783855e-01 2.592080e+00
-7.298900e-02 6.767120e-01 2.584857e+00
-1.796825e-01 5.302030e-01 2.647295e+00
-2.863760e-01 3.836940e-01 2.709732e+00
-1.081950e-01 3.699055e-01 2.699609e+00
6.998600e-02 3.561170e-01 2.689486e+00
-2.030300e-02 3.830955e-01 2.646096e+00
-1.105920e-01 4.100740e-01 2.602706e+00
-1.121625e-01 3.153060e-01 2.704143e+00
-1.137330e-01 2.205380e-01 2.805580e+00
-1.853245e-01 1.062370e-01 2.740353e+00
-2.569160e-01 -8.064000e-03 2.675126e+00
-1.166625e-01 -1.024700e-02 2.665150e+00
2.359100e-02 -1.243000e-02 2.655175e+00
-4.200000e-02 -1.306500e-03 2.721737e+00
-1.075910e-01 9.817000e-03 2.788300e+00
-2.280145e-01 6.714150e-02 2.739330e+00
-3.484380e-01 1.244660e-01 2.690359e+00
-1.153170e-01 1.089505e-01 2.684050e+00
1.178040e-01 9.343500e-02 2.677742e+00
-1.061550e-01 -3.145300e-02 2.651993e+00
-3.301140e-01 -1.563410e-01 2.626245e+00
-1.100025e-01 -1.676000e-01 2.604308e+00
1.101090e-01 -1.788590e-01 2.582371e+00
-1.142985e-01 -2.006560e-01 2.611675e+00
-3.387060e-01 -2.224530e-01 2.640979e+00
-1.384110e-01 -2.242315e-01 2.616983e+00
6.188400e-02 -2.260100e-01 2.592988e+00
-1.175630e-01 -3.969320e-01 2.650757e+00
-2.970100e-01 -5.678540e-01 2.708526e+00
-1.667735e-01 -5.776070e-01 2.702338e+00
-3.653700e-02 -5.873600e-01 2.696149e+00
-1.759875e-01 -7.877260e-01 2.739043e+00
-3.154380e-01 -9.880920e-01 2.781936e+00
-1.872585e-01 -9.985115e-01 2.771056e+00
-5.907900e-02 -1.008931e+00 2.760176e+00
-2.029445e-01 -1.012077e+00 2.689463e+00
-3.468100e-01 -1.015223e+00 2.618750e+00
-2.065935e-01 -1.024516e+00 2.606279e+00
-6.637700e-02 -1.033808e+00 2.593809e+00
-7.882850e-02 -1.797345e-01 2.589811e+00
-9.128000e-02 6.743390e-01 2.585814e+00
-1.958350e-01 5.257315e-01 2.652093e+00
-3.003900e-01 3.771240e-01 2.718371e+00
5.648900e-02 3.698350e-01 2.691026e+00
-1.283680e-01 4.168620e-01 2.609377e+00
-1.173740e-01 2.203750e-01 2.805243e+00
-2.755440e-01 -1.261600e-02 2.669277e+00
5.183000e-03 -7.250000e-03 2.653008e+00
-1.283990e-01 9.440000e-03 2.784549e+00
-3.589160e-01 1.177690e-01 2.690824e+00
1.091130e-01 1.094700e-01 2.661191e+00
-3.423280e-01 -1.633210e-01 2.627272e+00
7.536300e-02 -1.267180e-01 2.498704e+00
-3.429620e-01 -2.297940e-01 2.642843e+00
1.589900e-02 -1.602300e-01 2.497128e+00
-2.991030e-01 -5.729450e-01 2.703865e+00
-4.364000e-02 -5.847990e-01 2.692249e+00
-3.146290e-01 -9.933170e-01 2.777183e+00
-5.956800e-02 -1.006657e+00 2.756369e+00
-3.409740e-01 -1.020946e+00 2.613193e+00
-6.428300e-02 -1.031774e+00 2.589945e+00
-1.101000e-01 6.767130e-01 2.592054e+00
-3.239650e-01 3.624170e-01 2.728905e+00
3.206100e-02 3.797810e-01 2.695617e+00
-1.569530e-01 4.172720e-01 2.618685e+00
-1.294810e-01 2.152070e-01 2.807117e+00
-2.764160e-01 -7.468000e-03 2.667740e+00
3.635000e-03 -9.567000e-03 2.641883e+00
-1.248860e-01 1.124200e-02 2.777806e+00
-3.660540e-01 1.014720e-01 2.692798e+00
1.237750e-01 1.515410e-01 2.592356e+00
-3.604290e-01 -1.801260e-01 2.632231e+00
-4.455000e-03 8.728200e-02 2.342506e+00
-3.497570e-01 -2.437590e-01 2.654557e+00
-3.758500e-02 6.900300e-02 2.285674e+00
-2.963510e-01 -5.715050e-01 2.706969e+00
-5.529200e-02 -5.851620e-01 2.689416e+00
-3.185860e-01 -9.917460e-01 2.779307e+00
-6.106200e-02 -1.007789e+00 2.750102e+00
-3.468370e-01 -1.018451e+00 2.615481e+00
-7.378700e-02 -1.031482e+00 2.583888e+00
-1.420120e-01 6.757240e-01 2.609007e+00
-3.231270e-01 3.602130e-01 2.725096e+00
3.347700e-02 3.716230e-01 2.695636e+00
-1.540540e-01 4.114480e-01 2.616285e+00
-1.318960e-01 2.106120e-01 2.806719e+00
-2.743500e-01 -6.984000e-03 2.664473e+00
5.908000e-03 -1.655600e-02 2.642894e+00
-1.240680e-01 7.928000e-03 2.776807e+00
-3.702510e-01 9.914300e-02 2.703270e+00
9.321100e-02 1.928240e-01 2.507706e+00
-3.715440e-01 -1.804060e-01 2.636311e+00
-7.280400e-02 2.946690e-01 2.296284e+00
-3.532670e-01 -2.451620e-01 2.647896e+00
-1.123710e-01 3.151840e-01 2.244562e+00
-2.995260e-01 -5.729980e-01 2.704368e+00
-6.162000e-02 -5.900690e-01 2.688764e+00
-3.189820e-01 -9.938470e-01 2.773916e+00
-6.194100e-02 -1.013232e+00 2.745879e+00
-3.452890e-01 -1.019778e+00 2.609643e+00
-7.316900e-02 -1.035695e+00 2.579387e+00
-1.544870e-01 6.757860e-01 2.611914e+00
-3.259340e-01 3.636670e-01 2.731582e+00
2.873000e-02 3.674360e-01 2.682970e+00
-1.620520e-01 4.084620e-01 2.612475e+00
-1.332450e-01 2.129300e-01 2.807485e+00
-2.804420e-01 -6.073000e-03 2.679366e+00
-3.187000e-03 -2.120300e-02 2.634618e+00
-1.212220e-01 1.562000e-03 2.779448e+00
-3.763350e-01 1.027840e-01 2.709706e+00
4.489700e-02 2.858120e-01 2.429682e+00
-3.753230e-01 -1.775110e-01 2.643919e+00
-1.262040e-01 4.778520e-01 2.300301e+00
-3.765010e-01 -2.422700e-01 2.665517e+00
-1.715280e-01 5.289110e-01 2.300855e+00
-3.032470e-01 -5.760390e-01 2.698447e+00
-5.915300e-02 -5.926790e-01 2.691366e+00
-3.238490e-01 -9.969330e-01 2.767383e+00
-6.001800e-02 -1.016523e+00 2.743183e+00
-3.631550e-01 -1.021521e+00 2.605517e+00
-8.504600e-02 -1.036678e+00 2.577903e+00
-1.664270e-01 6.812420e-01 2.628878e+00
-3.392020e-01 3.585280e-01 2.764321e+00
-8.662000e-03 3.742300e-01 2.641241e+00
-2.071260e-01 4.065540e-01 2.611678e+00
-1.284760e-01 2.170250e-01 2.798719e+00
-2.900910e-01 3.201000e-03 2.706022e+00
-2.657500e-02 -2.389300e-02 2.611540e+00
-1.153710e-01 -8.860000e-04 2.775893e+00
-3.814040e-01 9.882300e-02 2.718379e+00
-5.259300e-02 4.236430e-01 2.382461e+00
-3.967410e-01 -1.809290e-01 2.649824e+00
-1.969780e-01 6.669260e-01 2.326222e+00
-3.900650e-01 -2.487410e-01 2.654126e+00
-2.256750e-01 7.236240e-01 2.301255e+00
-3.013530e-01 -5.751830e-01 2.693856e+00
-5.674400e-02 -5.885290e-01 2.691602e+00
-3.206460e-01 -9.947380e-01 2.770868e+00
-6.364200e-02 -1.012459e+00 2.742245e+00
-3.845920e-01 -1.020009e+00 2.617172e+00
-1.182590e-01 -1.030475e+00 2.583996e+00
-1.705110e-01 6.731550e-01 2.623642e+00
-3.440500e-01 3.360790e-01 2.774700e+00
-2.741700e-02 3.763220e-01 2.627316e+00
-2.279920e-01 3.952630e-01 2.613212e+00
-1.220600e-01 2.091990e-01 2.789988e+00
-2.879370e-01 -7.510000e-04 2.710850e+00
-3.176900e-02 -2.820800e-02 2.598042e+00
-1.088150e-01 -6.405000e-03 2.768378e+00
-3.851640e-01 7.708100e-02 2.722733e+00
-1.013930e-01 4.461950e-01 2.380098e+00
-4.021120e-01 -2.049900e-01 2.663572e+00
-2.351930e-01 6.953290e-01 2.321950e+00
-3.892790e-01 -2.551240e-01 2.708109e+00
-2.423710e-01 7.621080e-01 2.334224e+00
-3.027500e-01 -5.790210e-01 2.696455e+00
-6.150000e-02 -5.924380e-01 2.690753e+00
-3.205760e-01 -9.987140e-01 2.773068e+00
-6.072400e-02 -1.016592e+00 2.739969e+00
-3.950180e-01 -1.022769e+00 2.623971e+00
-1.282870e-01 -1.034490e+00 2.586787e+00
-1.806120e-01 6.722890e-01 2.636319e+00
-3.472630e-01 3.320220e-01 2.786392e+00
-3.738900e-02 3.809370e-01 2.624616e+00
-2.398000e-01 3.981130e-01 2.621667e+00
-1.237170e-01 2.069650e-01 2.786223e+00
-2.924970e-01 -5.211000e-03 2.713790e+00
-4.211900e-02 -2.974000e-02 2.588049e+00
-1.106470e-01 -9.343000e-03 2.762158e+00
-3.878640e-01 7.357700e-02 2.731207e+00
-1.350490e-01 4.397610e-01 2.382769e+00
-4.111070e-01 -2.098590e-01 2.681262e+00
-2.882550e-01 6.659230e-01 2.289230e+00
-3.753950e-01 -2.658300e-01 2.697184e+00
-3.221410e-01 7.243640e-01 2.299130e+00
-3.084840e-01 -5.823920e-01 2.695361e+00
-6.489200e-02 -5.938910e-01 2.690991e+00
-3.169550e-01 -1.001574e+00 2.776256e+00
-6.051100e-02 -1.017772e+00 2.742320e+00
-3.997640e-01 -1.027739e+00 2.632006e+00
-1.360590e-01 -1.036631e+00 2.593032e+00
-1.821720e-01 6.775470e-01 2.652360e+00
-3.502880e-01 3.312830e-01 2.794499e+00
-4.830800e-02 3.932310e-01 2.612470e+00
-2.554270e-01 3.995510e-01 2.623060e+00
-1.211280e-01 2.173350e-01 2.783847e+00
-2.881600e-01 -2.094000e-03 2.714937e+00
-4.422300e-02 -2.820600e-02 2.577408e+00
-1.043650e-01 -9.651000e-03 2.754790e+00
-3.993440e-01 7.485300e-02 2.755090e+00
-1.509810e-01 3.687820e-01 2.370444e+00
-4.076740e-01 -2.043500e-01 2.697807e+00
-3.543740e-01 4.702980e-01 2.198308e+00
-3.862020e-01 -2.687320e-01 2.690350e+00
-4.129230e-01 4.993300e-01 2.178542e+00
-3.108220e-01 -5.791580e-01 2.696736e+00
-7.383800e-02 -5.925950e-01 2.685028e+00
-3.186890e-01 -9.999460e-01 2.768881e+00
-6.288200e-02 -1.016647e+00 2.733910e+00
-4.085560e-01 -1.022374e+00 2.628272e+00
-1.465510e-01 -1.035510e+00 2.589017e+00
-2.002530e-01 6.795180e-01 2.631290e+00
-3.511340e-01 3.168790e-01 2.793192e+00
-5.327700e-02 3.814560e-01 2.605375e+00
-2.603480e-01 3.822940e-01 2.618465e+00
-1.189690e-01 2.091260e-01 2.783136e+00
-2.895350e-01 -1.004200e-02 2.709513e+00
-4.679700e-02 -3.634000e-02 2.569913e+00
-1.053840e-01 -1.722800e-02 2.747756e+00
-4.032000e-01 6.112700e-02 2.765689e+00
-1.340470e-01 2.948700e-01 2.371163e+00
-4.042700e-01 -2.134930e-01 2.695638e+00
-3.481640e-01 2.736000e-01 2.186701e+00
-3.764780e-01 -2.703780e-01 2.670078e+00
-3.956240e-01 2.255090e-01 2.176885e+00
-3.141840e-01 -5.865320e-01 2.697538e+00
-7.738500e-02 -6.009330e-01 2.677895e+00
-3.191680e-01 -1.005892e+00 2.777796e+00
-6.195700e-02 -1.023675e+00 2.736041e+00
-4.110440e-01 -1.031360e+00 2.639015e+00
-1.465480e-01 -1.046538e+00 2.592264e+00
-2.161830e-01 6.720480e-01 2.637437e+00
-3.441790e-01 3.195460e-01 2.809073e+00
-5.041100e-02 3.894120e-01 2.616763e+00
-2.567160e-01 3.969040e-01 2.637561e+00
-1.170970e-01 2.044260e-01 2.780914e+00
-2.855060e-01 -9.115000e-03 2.713519e+00
-4.878600e-02 -3.307100e-02 2.563548e+00
-1.001200e-01 -2.003600e-02 2.744160e+00
-4.029140e-01 6.563400e-02 2.774487e+00
-9.152700e-02 2.456630e-01 2.400516e+00
-4.071960e-01 -2.108430e-01 2.710079e+00
-2.858580e-01 1.614840e-01 2.211425e+00
-3.796630e-01 -2.610200e-01 2.672854e+00
-3.350280e-01 1.181400e-01 2.192315e+00
-3.134440e-01 -5.847420e-01 2.704156e+00
-8.039600e-02 -5.978600e-01 2.677191e+00
-3.197410e-01 -1.005342e+00 2.777541e+00
-6.255100e-02 -1.020895e+00 2.732443e+00
-4.173900e-01 -1.027498e+00 2.642174e+00
-1.535960e-01 -1.043007e+00 2.592544e+00
-2.237070e-01 6.699610e-01 2.637259e+00
-3.497990e-01 3.256410e-01 2.795139e+00
-4.571600e-02 3.863010e-01 2.616203e+00
-2.525480e-01 3.986890e-01 2.627042e+00
-1.243440e-01 2.050970e-01 2.779282e+00
-3.023200e-01 -1.497700e-02 2.707494e+00
-5.858000e-02 -2.734000e-02 2.567709e+00
-1.181460e-01 -1.921300e-02 2.746068e+00
-4.152060e-01 7.240800e-02 2.792737e+00
-4.429500e-02 2.782920e-01 2.377995e+00
-4.141820e-01 -2.055120e-01 2.742318e+00
-2.022820e-01 2.654060e-01 2.144208e+00
-4.245560e-01 -2.693930e-01 2.720566e+00
-2.543750e-01 2.461020e-01 2.104519e+00
-3.136360e-01 -5.889050e-01 2.704875e+00
-8.018400e-02 -5.943650e-01 2.681238e+00
-3.201460e-01 -1.009644e+00 2.777440e+00
-6.622400e-02 -1.018299e+00 2.730373e+00
-4.107720e-01 -1.032399e+00 2.637371e+00
-1.501090e-01 -1.037830e+00 2.585694e+00
-2.248750e-01 6.711230e-01 2.624831e+00
-3.420770e-01 3.313860e-01 2.789922e+00
-5.427400e-02 3.706270e-01 2.580652e+00
-2.595370e-01 3.850550e-01 2.607282e+00
-1.181580e-01 2.088250e-01 2.768671e+00
-2.934200e-01 -1.507400e-02 2.722373e+00
-6.223600e-02 -3.495700e-02 2.563439e+00
-1.070110e-01 -2.592300e-02 2.746030e+00
-4.174860e-01 8.279100e-02 2.795626e+00
-1.810300e-02 3.436930e-01 2.324753e+00
-4.267230e-01 -1.969200e-01 2.775177e+00
-1.287450e-01 4.368260e-01 2.084282e+00
-4.438180e-01 -2.626680e-01 2.768347e+00
-1.824410e-01 4.189340e-01 2.046097e+00
-3.206900e-01 -5.901680e-01 2.704679e+00
-7.830200e-02 -5.979610e-01 2.686777e+00
-3.201120e-01 -1.010708e+00 2.778671e+00
-6.002400e-02 -1.022711e+00 2.726559e+00
-4.230450e-01 -1.033935e+00 2.647464e+00
-1.566980e-01 -1.039684e+00 2.589752e+00
-2.188800e-01 6.730920e-01 2.620263e+00
-3.524030e-01 3.439170e-01 2.773421e+00
-4.824600e-02 3.724690e-01 2.596764e+00
-2.499690e-01 3.957500e-01 2.600589e+00
-1.327300e-01 2.121770e-01 2.772773e+00
-3.065570e-01 -1.534400e-02 2.709751e+00
-6.156700e-02 -3.199800e-02 2.572623e+00
-1.229010e-01 -2.251200e-02 2.750313e+00
-4.163400e-01 9.419300e-02 2.789785e+00
-1.438900e-02 4.358240e-01 2.348655e+00
-4.358370e-01 -1.838720e-01 2.779391e+00
-4.213900e-02 5.902490e-01 2.118023e+00
-4.299690e-01 -2.518460e-01 2.776802e+00
-5.145300e-02 6.249190e-01 2.059947e+00
-3.196070e-01 -5.904780e-01 2.709191e+00
-7.962000e-02 -5.962500e-01 2.688704e+00
-3.197310e-01 -1.011381e+00 2.781091e+00
-6.189000e-02 -1.020572e+00 2.733046e+00
-4.094950e-01 -1.035342e+00 2.640670e+00
-1.450560e-01 -1.039221e+00 2.587837e+00
-2.153480e-01 6.775200e-01 2.606419e+00
-3.604330e-01 3.565600e-01 2.765729e+00
-5.508300e-02 3.829920e-01 2.600425e+00
-2.525120e-01 4.085280e-01 2.596309e+00
-1.420780e-01 2.227340e-01 2.770597e+00
-3.128890e-01 -9.977000e-03 2.705119e+00
-6.415100e-02 -2.452600e-02 2.574661e+00
-1.302880e-01 -1.409600e-02 2.750568e+00
-4.090380e-01 1.024600e-01 2.769382e+00
3.814000e-02 5.121560e-01 2.396541e+00
-4.440800e-01 -1.745570e-01 2.779566e+00
6.827800e-02 7.204680e-01 2.212782e+00
-4.212640e-01 -2.362140e-01 2.761140e+00
6.531300e-02 7.652520e-01 2.161331e+00
-3.173540e-01 -5.851590e-01 2.711986e+00
-8.353700e-02 -5.908450e-01 2.682691e+00
-3.182470e-01 -1.005531e+00 2.786924e+00
-6.871700e-02 -1.013932e+00 2.738434e+00
-4.032850e-01 -1.030860e+00 2.643826e+00
-1.468180e-01 -1.036102e+00 2.590925e+00
-2.075930e-01 6.849360e-01 2.593401e+00
-3.592970e-01 3.575890e-01 2.755616e+00
-4.705100e-02 3.837150e-01 2.606229e+00
-2.427520e-01 4.119310e-01 2.592782e+00
-1.430030e-01 2.209190e-01 2.767871e+00
-3.125100e-01 -1.012000e-03 2.702429e+00
-5.806400e-02 -2.010600e-02 2.584131e+00
-1.324790e-01 -9.438000e-03 2.756684e+00
-4.102060e-01 1.026890e-01 2.748581e+00
5.785000e-02 5.282240e-01 2.417211e+00
-4.419060e-01 -1.762320e-01 2.741359e+00
1.018510e-01 7.395280e-01 2.237576e+00
-4.174050e-01 -2.389340e-01 2.729966e+00
1.023540e-01 7.858440e-01 2.187414e+00
-3.150020e-01 -5.786100e-01 2.706286e+00
-8.172900e-02 -5.856950e-01 2.680692e+00
-3.224480e-01 -9.975340e-01 2.788605e+00
-6.394900e-02 -1.008362e+00 2.738703e+00
-3.994900e-01 -1.025081e+00 2.641446e+00
-1.349520e-01 -1.032050e+00 2.587879e+00
-2.031060e-01 6.840510e-01 2.585141e+00
-3.599130e-01 3.619650e-01 2.745019e+00
-3.833700e-02 3.867170e-01 2.614790e+00
-2.332860e-01 4.165810e-01 2.589993e+00
-1.458200e-01 2.234440e-01 2.769266e+00
-3.132250e-01 4.667000e-03 2.694203e+00
-5.219000e-02 -1.480300e-02 2.591328e+00
-1.368710e-01 -5.575000e-03 2.759167e+00
-4.113960e-01 1.072850e-01 2.733938e+00
6.797100e-02 5.235940e-01 2.420888e+00
-4.364040e-01 -1.719980e-01 2.718032e+00
1.118670e-01 7.245730e-01 2.229686e+00
-4.098260e-01 -2.341210e-01 2.708237e+00
1.055370e-01 7.703910e-01 2.179465e+00
-3.144190e-01 -5.734830e-01 2.696129e+00
-8.254700e-02 -5.806880e-01 2.681645e+00
-3.230510e-01 -9.918200e-01 2.781266e+00
-5.991800e-02 -1.003030e+00 2.740337e+00
-3.912420e-01 -1.021169e+00 2.630141e+00
-1.220430e-01 -1.027831e+00 2.585820e+00
-2.009580e-01 6.840470e-01 2.582742e+00
-3.539580e-01 3.619880e-01 2.732149e+00
-1.547700e-02 3.804050e-01 2.636940e+00
-2.098200e-01 4.162000e-01 2.593097e+00
-1.475160e-01 2.168400e-01 2.776031e+00
-3.133840e-01 9.703000e-03 2.677519e+00
-4.382100e-02 -2.099400e-02 2.603390e+00
-1.451740e-01 -3.157000e-03 2.760982e+00
-4.075200e-01 1.056340e-01 2.717043e+00
9.224800e-02 4.680090e-01 2.414375e+00
-4.253170e-01 -1.700020e-01 2.654105e+00
1.226020e-01 6.525000e-01 2.201548e+00
-4.067590e-01 -2.356660e-01 2.656434e+00
1.011860e-01 6.939270e-01 2.151682e+00
-3.029450e-01 -5.737160e-01 2.685884e+00
-6.664000e-02 -5.814340e-01 2.681213e+00
-3.241100e-01 -9.926520e-01 2.765717e+00
-6.664800e-02 -1.003540e+00 2.745679e+00
-3.728640e-01 -1.020440e+00 2.606968e+00
-1.084870e-01 -1.028162e+00 2.584455e+00
-1.884930e-01 6.824960e-01 2.592160e+00
-3.427440e-01 3.654310e-01 2.722502e+00
7.568000e-03 3.813650e-01 2.650451e+00
-1.885220e-01 4.205990e-01 2.595135e+00
-1.417460e-01 2.164460e-01 2.777412e+00
-3.065160e-01 7.674000e-03 2.670947e+00
-3.256700e-02 -2.289400e-02 2.615095e+00
-1.444390e-01 -6.569000e-03 2.765575e+00
-4.018320e-01 1.095630e-01 2.701012e+00
1.195940e-01 3.955390e-01 2.412395e+00
-4.141810e-01 -1.652490e-01 2.628304e+00
1.250360e-01 5.563140e-01 2.177699e+00
-4.031090e-01 -2.324530e-01 2.623551e+00
9.461900e-02 5.988210e-01 2.133772e+00
-3.014990e-01 -5.744900e-01 2.689889e+00
-6.747900e-02 -5.844830e-01 2.689409e+00
-3.181670e-01 -9.927560e-01 2.774179e+00
-6.316000e-02 -1.007477e+00 2.747603e+00
-3.577430e-01 -1.023570e+00 2.613449e+00
-9.622000e-02 -1.030310e+00 2.584092e+00
-1.792940e-01 6.830270e-01 2.590944e+00
-3.388990e-01 3.644800e-01 2.716244e+00
1.134400e-02 3.709630e-01 2.642409e+00
-1.842500e-01 4.111400e-01 2.586025e+00
-1.403240e-01 2.145740e-01 2.777136e+00
-2.960190e-01 5.910000e-03 2.670841e+00
-2.220800e-02 -2.600800e-02 2.615071e+00
-1.338640e-01 -7.484000e-03 2.765457e+00
-3.926060e-01 1.066300e-01 2.692924e+00
1.362830e-01 2.861590e-01 2.425352e+00
-4.054460e-01 -1.681850e-01 2.616448e+00
1.417530e-01 4.006480e-01 2.163821e+00
-3.939000e-01 -2.354410e-01 2.618661e+00
1.312860e-01 4.478400e-01 2.115602e+00
-3.014020e-01 -5.750680e-01 2.689770e+00
-6.594500e-02 -5.886570e-01 2.687780e+00
-3.217320e-01 -9.944330e-01 2.767544e+00
-6.342300e-02 -1.012763e+00 2.737354e+00
-3.620630e-01 -1.022350e+00 2.606472e+00
-9.728100e-02 -1.032110e+00 2.573557e+00
-1.777090e-01 6.810610e-01 2.589114e+00
-3.410200e-01 3.599650e-01 2.727172e+00
1.104300e-02 3.909930e-01 2.670144e+00
-1.839760e-01 4.307160e-01 2.611493e+00
-1.381140e-01 2.111820e-01 2.775178e+00
-2.830940e-01 9.099000e-03 2.668031e+00
-8.015000e-03 -2.297500e-02 2.619000e+00
-1.233230e-01 -4.431000e-03 2.766601e+00
-3.791840e-01 1.007610e-01 2.684233e+00
1.012640e-01 1.716360e-01 2.550855e+00
-3.962200e-01 -1.724960e-01 2.599118e+00
1.698380e-01 5.041400e-02 2.300243e+00
-3.905090e-01 -2.357110e-01 2.573963e+00
1.255880e-01 3.119800e-02 2.251929e+00
-2.999220e-01 -5.696500e-01 2.690635e+00
-6.247100e-02 -5.870170e-01 2.686706e+00
-3.181240e-01 -9.895740e-01 2.765878e+00
-6.117900e-02 -1.010179e+00 2.743816e+00
-3.564120e-01 -1.016883e+00 2.604204e+00
-9.083600e-02 -1.032436e+00 2.579574e+00
-1.710720e-01 6.788310e-01 2.601149e+00
-3.251300e-01 3.602780e-01 2.713801e+00
2.905600e-02 3.740390e-01 2.663534e+00
-1.628230e-01 4.190810e-01 2.598696e+00
-1.297780e-01 2.055700e-01 2.773087e+00
-2.778960e-01 -9.420000e-04 2.670556e+00
-1.458000e-03 -3.268600e-02 2.629617e+00
-1.208560e-01 -1.230400e-02 2.773682e+00
-3.712820e-01 1.005160e-01 2.679537e+00
9.132600e-02 1.212730e-01 2.608650e+00
-3.837880e-01 -1.744040e-01 2.597021e+00
1.187150e-01 -1.204510e-01 2.455792e+00
-3.678980e-01 -2.400500e-01 2.587038e+00
1.064640e-01 -1.817390e-01 2.428309e+00
-2.971630e-01 -5.791210e-01 2.693546e+00
-5.816200e-02 -5.978920e-01 2.686885e+00
-3.249770e-01 -9.988310e-01 2.767020e+00
-6.170900e-02 -1.021619e+00 2.739538e+00
-3.579580e-01 -1.025180e+00 2.604023e+00
-8.548800e-02 -1.041978e+00 2.574099e+00
-1.555110e-01 6.752660e-01 2.589625e+00
-3.151500e-01 3.628590e-01 2.712138e+00
3.852500e-02 3.626400e-01 2.656660e+00
-1.524960e-01 4.137020e-01 2.593778e+00
-1.247840e-01 2.020010e-01 2.771277e+00
-2.830410e-01 -1.166600e-02 2.666792e+00
-7.150000e-03 -2.312300e-02 2.613363e+00
-1.209090e-01 -3.923000e-03 2.762078e+00
-3.677990e-01 1.047670e-01 2.671695e+00
8.490600e-02 1.007450e-01 2.639967e+00
-3.657060e-01 -1.770140e-01 2.613222e+00
7.356600e-02 -1.855300e-01 2.612728e+00
-3.606600e-01 -2.433550e-01 2.597892e+00
6.222600e-02 -2.527230e-01 2.608470e+00
-2.954870e-01 -5.823320e-01 2.694494e+00
-5.548300e-02 -5.949010e-01 2.682264e+00
-3.252130e-01 -1.001889e+00 2.768095e+00
-6.378700e-02 -1.017339e+00 2.743957e+00
-3.659520e-01 -1.027313e+00 2.606713e+00
-9.315200e-02 -1.040733e+00 2.579821e+00
-1.410820e-01 6.728840e-01 2.589068e+00
