-2.906070e-01 1.041270e-01 2.952554e+00
-1.304330e-01 1.516495e-01 2.853954e+00
2.974100e-02 1.991720e-01 2.755355e+00
-8.358300e-02 2.232900e-01 2.773738e+00
-1.969070e-01 2.474080e-01 2.792121e+00
-1.229955e-01 1.115095e-01 2.846690e+00
-4.908400e-02 -2.438900e-02 2.901258e+00
-1.248755e-01 -9.822500e-02 2.864445e+00
-2.006670e-01 -1.720610e-01 2.827631e+00
-9.726900e-02 -1.868090e-01 2.738024e+00
6.129000e-03 -2.015570e-01 2.648417e+00
1.917800e-02 -2.096365e-01 2.770477e+00
3.222700e-02 -2.177160e-01 2.892536e+00
-2.469750e-01 -6.092850e-02 2.868550e+00
-5.261770e-01 9.585900e-02 2.844564e+00
-2.041960e-01 2.674600e-02 2.807475e+00
1.177850e-01 -4.236700e-02 2.770386e+00
-1.220885e-01 -5.872600e-02 2.730334e+00
-3.619620e-01 -7.508500e-02 2.690282e+00
-1.268150e-01 -1.986010e-01 2.742222e+00
1.083320e-01 -3.221170e-01 2.794162e+00
-1.125400e-01 -2.206285e-01 2.715639e+00
-3.334120e-01 -1.191400e-01 2.637116e+00
-9.004350e-02 -2.495945e-01 2.708531e+00
1.533250e-01 -3.800490e-01 2.779947e+00
7.325450e-02 -5.293690e-01 2.763124e+00
-6.816000e-03 -6.786890e-01 2.746302e+00
-1.529630e-01 -6.583715e-01 2.758037e+00
-2.991100e-01 -6.380540e-01 2.769773e+00
-1.915095e-01 -8.587740e-01 2.800760e+00
-8.390900e-02 -1.079494e+00 2.831747e+00
-1.654650e-01 -1.063487e+00 2.830539e+00
-2.470210e-01 -1.047479e+00 2.829330e+00
-1.199815e-01 -1.087888e+00 2.757116e+00
7.058000e-03 -1.128297e+00 2.684901e+00
-2.089620e-01 -1.099474e+00 2.755294e+00
-4.249820e-01 -1.070651e+00 2.825687e+00
-2.833870e-01 -3.082550e-01 2.739573e+00
-1.417920e-01 4.541410e-01 2.653459e+00
-2.269250e-01 3.011310e-01 2.785171e+00
-3.120580e-01 1.481210e-01 2.916883e+00
-1.396120e-01 1.825280e-01 2.834941e+00
3.283400e-02 2.169350e-01 2.752999e+00
-8.206550e-02 2.404910e-01 2.750735e+00
-1.969650e-01 2.640470e-01 2.748471e+00
-1.310230e-01 1.419760e-01 2.835989e+00
-6.508100e-02 1.990500e-02 2.923506e+00
-1.510790e-01 -6.706350e-02 2.870282e+00
-2.370770e-01 -1.540320e-01 2.817058e+00
-1.181670e-01 -1.677190e-01 2.749153e+00
7.430000e-04 -1.814060e-01 2.681248e+00
-1.026200e-02 -1.911550e-01 2.803387e+00
-2.126700e-02 -2.009040e-01 2.925526e+00
-2.052815e-01 -1.040090e-01 2.824981e+00
-3.892960e-01 -7.114000e-03 2.724436e+00
-1.528040e-01 -1.966450e-02 2.759104e+00
8.368800e-02 -3.221500e-02 2.793773e+00
-1.164605e-01 -1.511815e-01 2.722452e+00
-3.166090e-01 -2.701480e-01 2.651131e+00
-1.140730e-01 -2.915835e-01 2.725903e+00
8.846300e-02 -3.130190e-01 2.800674e+00
-1.170705e-01 -3.268855e-01 2.714052e+00
-3.226040e-01 -3.407520e-01 2.627430e+00
-1.254650e-01 -3.533645e-01 2.689070e+00
7.167400e-02 -3.659770e-01 2.750711e+00
2.809900e-02 -5.095045e-01 2.753951e+00
-1.547600e-02 -6.530320e-01 2.757191e+00
-1.591065e-01 -6.416205e-01 2.760423e+00
-3.027370e-01 -6.302090e-01 2.763656e+00
-1.868300e-01 -8.458795e-01 2.791760e+00
-7.092300e-02 -1.061550e+00 2.819863e+00
-1.654015e-01 -1.050678e+00 2.824483e+00
-2.598800e-01 -1.039806e+00 2.829102e+00
-1.018205e-01 -1.068627e+00 2.763734e+00
5.623900e-02 -1.097448e+00 2.698367e+00
-1.897220e-01 -1.080069e+00 2.749683e+00
-4.356830e-01 -1.062690e+00 2.801000e+00
-2.861460e-01 -2.980890e-01 2.702625e+00
-1.366090e-01 4.665120e-01 2.604250e+00
-2.213550e-01 3.217490e-01 2.756009e+00
-3.061010e-01 1.769860e-01 2.907767e+00
-1.303465e-01 1.963505e-01 2.827946e+00
4.540800e-02 2.157150e-01 2.748125e+00
-6.772100e-02 2.461855e-01 2.742176e+00
-1.808500e-01 2.766560e-01 2.736227e+00
-1.243465e-01 1.554540e-01 2.831236e+00
-6.784300e-02 3.425200e-02 2.926244e+00
-1.599185e-01 -6.815150e-02 2.868185e+00
-2.519940e-01 -1.705550e-01 2.810126e+00
-1.289870e-01 -1.768605e-01 2.748744e+00
-5.980000e-03 -1.831660e-01 2.687363e+00
-2.323550e-02 -1.965770e-01 2.808427e+00
-4.049100e-02 -2.099880e-01 2.929491e+00
-2.187415e-01 -9.538850e-02 2.826606e+00
-3.969920e-01 1.921100e-02 2.723720e+00
-1.572645e-01 -7.324500e-03 2.761741e+00
8.246300e-02 -3.386000e-02 2.799762e+00
-1.104295e-01 -1.390860e-01 2.742126e+00
-3.033220e-01 -2.443120e-01 2.684490e+00
-1.195265e-01 -2.781600e-01 2.724607e+00
6.426900e-02 -3.120080e-01 2.764723e+00
-1.072250e-01 -3.131780e-01 2.720358e+00
-2.787190e-01 -3.143480e-01 2.675993e+00
-1.004570e-01 -3.497875e-01 2.723457e+00
7.780500e-02 -3.852270e-01 2.770921e+00
3.679400e-02 -5.214865e-01 2.765575e+00
-4.217000e-03 -6.577460e-01 2.760229e+00
-1.542460e-01 -6.478410e-01 2.762291e+00
-3.042750e-01 -6.379360e-01 2.764353e+00
-1.901440e-01 -8.515140e-01 2.788763e+00
-7.601300e-02 -1.065092e+00 2.813173e+00
-1.657700e-01 -1.055646e+00 2.823523e+00
-2.555270e-01 -1.046200e+00 2.833872e+00
-9.566950e-02 -1.074845e+00 2.770869e+00
6.418800e-02 -1.103490e+00 2.707866e+00
-1.840315e-01 -1.087078e+00 2.760991e+00
-4.322510e-01 -1.070666e+00 2.814116e+00
-2.903705e-01 -2.950545e-01 2.703376e+00
-1.484900e-01 4.805570e-01 2.592636e+00
-2.250760e-01 3.382230e-01 2.747612e+00
-3.016620e-01 1.958890e-01 2.902589e+00
5.066700e-02 2.052520e-01 2.740353e+00
-1.700160e-01 2.841930e-01 2.729617e+00
-7.557100e-02 3.449000e-02 2.920313e+00
-2.525720e-01 -1.689970e-01 2.809675e+00
-5.435000e-03 -1.833190e-01 2.689382e+00
-4.246800e-02 -2.091710e-01 2.931242e+00
-3.945010e-01 3.283400e-02 2.724387e+00
8.118200e-02 -4.435900e-02 2.795973e+00
-3.095580e-01 -2.341910e-01 2.690300e+00
6.400600e-02 -3.210880e-01 2.750644e+00
-2.956660e-01 -3.052490e-01 2.671851e+00
8.026900e-02 -3.936830e-01 2.757588e+00
-6.781000e-03 -6.573940e-01 2.759584e+00
-3.067030e-01 -6.365290e-01 2.763488e+00
-7.900800e-02 -1.064755e+00 2.811827e+00
-2.511760e-01 -1.043041e+00 2.838011e+00
6.212600e-02 -1.103125e+00 2.707764e+00
-4.271440e-01 -1.071054e+00 2.816317e+00
-1.433640e-01 4.922680e-01 2.601409e+00
-3.345440e-01 1.977380e-01 2.906091e+00
5.358000e-03 2.617290e-01 2.730262e+00
-2.273450e-01 2.892940e-01 2.718545e+00
-7.847800e-02 9.240900e-02 2.934672e+00
-2.592890e-01 -1.573910e-01 2.807858e+00
-1.638000e-02 -1.592560e-01 2.678461e+00
-4.289300e-02 -1.844920e-01 2.921764e+00
-3.906910e-01 9.496000e-03 2.734046e+00
6.587400e-02 1.194800e-02 2.770470e+00
-3.215040e-01 -2.595230e-01 2.670966e+00
6.927100e-02 -2.711890e-01 2.788994e+00
-3.155820e-01 -3.302780e-01 2.647699e+00
6.464400e-02 -3.349060e-01 2.750246e+00
-1.182800e-02 -6.440540e-01 2.756577e+00
-3.015430e-01 -6.202330e-01 2.766806e+00
-7.084700e-02 -1.053120e+00 2.811992e+00
-2.503870e-01 -1.026728e+00 2.844483e+00
4.598800e-02 -1.087828e+00 2.680215e+00
-4.275350e-01 -1.051795e+00 2.829972e+00
-1.509400e-01 5.039860e-01 2.581415e+00
-3.424600e-01 1.915210e-01 2.905937e+00
-5.583000e-03 2.614490e-01 2.726583e+00
-2.389150e-01 2.839880e-01 2.716792e+00
-8.396600e-02 9.185400e-02 2.932919e+00
-2.653430e-01 -1.633130e-01 2.804429e+00
-2.355000e-02 -1.548780e-01 2.673214e+00
-4.738200e-02 -1.882930e-01 2.915808e+00
-3.935260e-01 -8.750000e-04 2.730476e+00
6.813900e-02 1.000500e-02 2.762993e+00
-3.220320e-01 -2.746720e-01 2.669586e+00
7.265100e-02 -2.774040e-01 2.737454e+00
-2.887950e-01 -3.415180e-01 2.666486e+00
7.805300e-02 -3.516830e-01 2.731445e+00
-1.060800e-02 -6.451260e-01 2.756316e+00
-3.020150e-01 -6.194970e-01 2.767884e+00
-7.415700e-02 -1.052963e+00 2.815639e+00
-2.491500e-01 -1.025703e+00 2.845930e+00
3.455200e-02 -1.089970e+00 2.677678e+00
-4.271240e-01 -1.049042e+00 2.845007e+00
-1.547160e-01 4.985850e-01 2.579614e+00
-3.501130e-01 1.718700e-01 2.906004e+00
-1.467500e-02 2.571490e-01 2.730640e+00
-2.485940e-01 2.713610e-01 2.719341e+00
-8.836400e-02 8.120400e-02 2.933357e+00
-2.621790e-01 -1.658230e-01 2.801171e+00
-1.974900e-02 -1.580790e-01 2.671094e+00
-4.493900e-02 -1.940030e-01 2.913192e+00
-3.975960e-01 -1.825300e-02 2.722344e+00
8.704400e-02 9.840000e-03 2.747193e+00
-3.292210e-01 -2.973930e-01 2.665447e+00
1.187800e-01 -2.668560e-01 2.658602e+00
-2.875070e-01 -3.582960e-01 2.653896e+00
1.074250e-01 -3.299620e-01 2.620245e+00
-1.435900e-02 -6.509640e-01 2.760107e+00
-3.026140e-01 -6.200140e-01 2.767289e+00
-7.464700e-02 -1.060381e+00 2.811410e+00
-2.545050e-01 -1.028812e+00 2.834061e+00
2.027800e-02 -1.093006e+00 2.662597e+00
-4.327910e-01 -1.048866e+00 2.839745e+00
-1.585090e-01 4.915400e-01 2.591753e+00
-3.650230e-01 1.667790e-01 2.907687e+00
-2.873400e-02 2.602640e-01 2.738234e+00
-2.626940e-01 2.680830e-01 2.722446e+00
-1.014900e-01 8.336700e-02 2.940458e+00
-2.641830e-01 -1.617980e-01 2.797382e+00
-1.947100e-02 -1.594590e-01 2.671433e+00
-4.921000e-02 -1.894400e-01 2.913824e+00
-3.934210e-01 -2.786200e-02 2.724739e+00
1.183590e-01 3.745800e-02 2.713185e+00
-3.227630e-01 -3.038800e-01 2.656272e+00
1.582120e-01 -9.835500e-02 2.457196e+00
-3.235030e-01 -3.740260e-01 2.681997e+00
1.439690e-01 -1.471970e-01 2.402477e+00
-1.320000e-02 -6.467270e-01 2.759929e+00
-3.024140e-01 -6.226020e-01 2.758530e+00
-7.218300e-02 -1.056698e+00 2.808237e+00
-2.562790e-01 -1.030696e+00 2.830778e+00
3.935200e-02 -1.088877e+00 2.671325e+00
-4.341740e-01 -1.052545e+00 2.820960e+00
-1.431210e-01 4.780690e-01 2.598500e+00
-3.649570e-01 1.499230e-01 2.916064e+00
-3.294900e-02 2.567070e-01 2.746028e+00
-2.672080e-01 2.666460e-01 2.737546e+00
-1.011020e-01 6.310000e-02 2.934050e+00
-2.615920e-01 -1.612250e-01 2.801998e+00
-2.085000e-02 -1.617890e-01 2.668599e+00
-4.351500e-02 -1.917600e-01 2.911754e+00
-3.934820e-01 -3.224700e-02 2.721395e+00
1.305730e-01 7.273400e-02 2.640657e+00
-3.147430e-01 -3.051040e-01 2.651402e+00
1.504200e-01 4.940100e-02 2.350198e+00
-2.771490e-01 -3.685330e-01 2.639318e+00
1.424980e-01 7.437200e-02 2.280224e+00
-1.366200e-02 -6.472720e-01 2.762168e+00
-3.025180e-01 -6.251940e-01 2.756710e+00
-6.795600e-02 -1.057804e+00 2.811203e+00
-2.566390e-01 -1.033733e+00 2.826567e+00
3.851800e-02 -1.088746e+00 2.670043e+00
-4.344300e-01 -1.055651e+00 2.815152e+00
-1.462310e-01 4.756860e-01 2.615990e+00
-3.712420e-01 1.623130e-01 2.910372e+00
-3.191200e-02 2.555790e-01 2.746971e+00
-2.655570e-01 2.676250e-01 2.729298e+00
-1.093810e-01 7.372300e-02 2.942950e+00
-2.644000e-01 -1.667170e-01 2.797220e+00
-1.834300e-02 -1.609380e-01 2.674032e+00
-5.060900e-02 -1.960860e-01 2.915403e+00
-3.974630e-01 -2.457300e-02 2.721483e+00
9.822000e-02 8.163400e-02 2.592288e+00
-3.150350e-01 -2.924110e-01 2.642095e+00
1.540820e-01 1.781560e-01 2.323610e+00
-3.024170e-01 -3.636090e-01 2.660917e+00
1.301120e-01 2.086880e-01 2.259768e+00
-1.517400e-02 -6.519140e-01 2.762288e+00
-3.019600e-01 -6.244490e-01 2.759356e+00
-7.113000e-02 -1.062415e+00 2.809692e+00
-2.583490e-01 -1.034198e+00 2.823327e+00
3.021600e-02 -1.092970e+00 2.664725e+00
-4.367570e-01 -1.053696e+00 2.820068e+00
-1.551370e-01 4.993920e-01 2.630548e+00
-3.086140e-01 1.931410e-01 2.900797e+00
3.084200e-02 2.220680e-01 2.715117e+00
-1.966400e-01 2.794910e-01 2.713571e+00
-6.743100e-02 5.488200e-02 2.914798e+00
-2.586060e-01 -1.727920e-01 2.813961e+00
-1.917600e-02 -1.711040e-01 2.678230e+00
-3.975800e-02 -2.087120e-01 2.920507e+00
-3.919010e-01 6.252000e-03 2.731344e+00
1.457370e-01 1.743050e-01 2.480710e+00
-3.327940e-01 -2.674850e-01 2.656794e+00
1.367940e-01 3.460810e-01 2.247862e+00
-3.208850e-01 -3.365410e-01 2.630870e+00
1.265380e-01 3.785050e-01 2.181333e+00
-1.546400e-02 -6.596100e-01 2.760090e+00
-3.074560e-01 -6.317880e-01 2.760556e+00
-7.454000e-02 -1.069331e+00 2.810363e+00
-2.561830e-01 -1.040229e+00 2.827156e+00
2.880700e-02 -1.101794e+00 2.667234e+00
-4.340960e-01 -1.063435e+00 2.821808e+00
-1.734720e-01 5.146370e-01 2.622392e+00
-2.877610e-01 1.889520e-01 2.897179e+00
4.433500e-02 2.183580e-01 2.698706e+00
-1.830890e-01 2.755790e-01 2.705901e+00
-4.610100e-02 5.089500e-02 2.901828e+00
-2.554600e-01 -1.738850e-01 2.827571e+00
-2.110700e-02 -1.748680e-01 2.683244e+00
-3.314900e-02 -2.106760e-01 2.926368e+00
-4.028720e-01 1.209100e-02 2.737083e+00
1.292860e-01 1.893580e-01 2.449771e+00
-3.206710e-01 -2.580640e-01 2.675877e+00
1.624630e-01 3.599870e-01 2.219312e+00
-3.047900e-01 -3.277860e-01 2.654214e+00
1.666300e-01 4.152820e-01 2.169235e+00
-1.863600e-02 -6.623030e-01 2.755042e+00
-3.094260e-01 -6.338550e-01 2.772898e+00
-8.028900e-02 -1.071152e+00 2.809177e+00
-2.571820e-01 -1.043460e+00 2.831065e+00
2.487100e-02 -1.105719e+00 2.667874e+00
-4.352030e-01 -1.066399e+00 2.829419e+00
-1.742850e-01 5.207890e-01 2.630228e+00
-2.824300e-01 1.931730e-01 2.892135e+00
4.676200e-02 2.122140e-01 2.687651e+00
-1.803130e-01 2.707000e-01 2.695642e+00
-4.124500e-02 5.440000e-02 2.899383e+00
-2.502800e-01 -1.696480e-01 2.832017e+00
-1.871900e-02 -1.838020e-01 2.683925e+00
-2.752000e-02 -2.099150e-01 2.928418e+00
-3.983840e-01 1.680000e-04 2.753970e+00
9.890000e-02 1.778970e-01 2.431197e+00
-3.321180e-01 -2.739200e-01 2.694600e+00
1.829760e-01 2.788900e-01 2.175019e+00
-3.170630e-01 -3.384300e-01 2.660041e+00
1.893320e-01 3.403990e-01 2.133081e+00
-2.430500e-02 -6.634750e-01 2.751996e+00
-3.121630e-01 -6.357690e-01 2.789546e+00
-7.993800e-02 -1.071364e+00 2.818482e+00
-2.572650e-01 -1.046796e+00 2.833498e+00
3.265900e-02 -1.108681e+00 2.683762e+00
-4.352020e-01 -1.070357e+00 2.835415e+00
-1.965950e-01 5.306290e-01 2.647271e+00
-2.126040e-01 1.112680e-01 2.907685e+00
7.415000e-02 1.756430e-01 2.654364e+00
-1.386450e-01 2.420910e-01 2.727509e+00
6.657000e-03 -3.676200e-02 2.821126e+00
-2.191250e-01 -1.787960e-01 2.861743e+00
-3.251000e-02 -1.913500e-01 2.659828e+00
2.228700e-02 -2.081360e-01 2.899102e+00
-4.223890e-01 2.121000e-03 2.792063e+00
3.174500e-02 1.665620e-01 2.394927e+00
-3.164610e-01 -2.292940e-01 2.659101e+00
1.011420e-01 1.278920e-01 2.119215e+00
-3.327090e-01 -2.992370e-01 2.679754e+00
1.579770e-01 8.336000e-02 2.099998e+00
-1.349800e-02 -6.729300e-01 2.739967e+00
-3.100040e-01 -6.399360e-01 2.797086e+00
-8.613800e-02 -1.075005e+00 2.823321e+00
-2.502060e-01 -1.050675e+00 2.837173e+00
-4.399000e-03 -1.121471e+00 2.670416e+00
-4.276170e-01 -1.075365e+00 2.848841e+00
-1.912700e-01 4.784970e-01 2.669902e+00
-2.059440e-01 1.197690e-01 2.900671e+00
6.907700e-02 1.751580e-01 2.632643e+00
-1.411670e-01 2.428910e-01 2.711746e+00
1.111300e-02 -3.001100e-02 2.811604e+00
-2.200510e-01 -1.901920e-01 2.870217e+00
-3.340300e-02 -1.846070e-01 2.668019e+00
2.262200e-02 -2.085570e-01 2.906397e+00
-4.145550e-01 -6.377000e-03 2.802838e+00
3.770000e-03 1.308180e-01 2.382287e+00
-3.286990e-01 -2.459560e-01 2.671160e+00
9.090000e-04 6.414000e-03 2.124386e+00
-3.207940e-01 -3.199210e-01 2.664139e+00
-2.494000e-03 -6.770400e-02 2.115582e+00
-1.409200e-02 -6.769910e-01 2.723467e+00
-3.064350e-01 -6.373310e-01 2.801359e+00
-8.418300e-02 -1.073945e+00 2.830252e+00
-2.502310e-01 -1.048980e+00 2.837065e+00
-1.294800e-02 -1.128359e+00 2.674737e+00
-4.270790e-01 -1.071291e+00 2.858212e+00
-2.029230e-01 4.836090e-01 2.673713e+00
-2.195880e-01 1.235530e-01 2.897980e+00
3.553300e-02 1.651250e-01 2.608619e+00
-1.727420e-01 2.306140e-01 2.694531e+00
-9.190000e-04 -2.416900e-02 2.809418e+00
-2.049800e-01 -1.822820e-01 2.863358e+00
-3.339600e-02 -1.952780e-01 2.648550e+00
3.882900e-02 -2.086060e-01 2.883374e+00
-4.262340e-01 -1.392900e-02 2.811966e+00
-5.371700e-02 8.137400e-02 2.376933e+00
-3.354490e-01 -2.615360e-01 2.699907e+00
-1.791840e-01 -6.004800e-02 2.162558e+00
-3.320230e-01 -3.349580e-01 2.713325e+00
-2.116930e-01 -9.702500e-02 2.106358e+00
-1.599300e-02 -6.737440e-01 2.704843e+00
-3.010100e-01 -6.454740e-01 2.793769e+00
-8.036100e-02 -1.065292e+00 2.833044e+00
-2.461880e-01 -1.056431e+00 2.838473e+00
-3.956000e-03 -1.127042e+00 2.682813e+00
-4.239470e-01 -1.078986e+00 2.849120e+00
-2.073550e-01 4.884260e-01 2.674277e+00
-2.160830e-01 1.147540e-01 2.905128e+00
-1.731300e-02 2.164180e-01 2.587798e+00
-2.243740e-01 2.243570e-01 2.697845e+00
2.345900e-02 3.062000e-02 2.791016e+00
-2.060560e-01 -2.012080e-01 2.866512e+00
-6.402900e-02 -1.986320e-01 2.630770e+00
3.961700e-02 -2.056540e-01 2.853805e+00
-3.792110e-01 -5.216600e-02 2.785672e+00
-1.524310e-01 1.551280e-01 2.372590e+00
-3.064150e-01 -2.837040e-01 2.634380e+00
-3.946590e-01 1.168340e-01 2.227109e+00
-2.833660e-01 -3.448810e-01 2.598204e+00
-4.579590e-01 1.065030e-01 2.188783e+00
-1.689900e-02 -6.870670e-01 2.695214e+00
-3.007690e-01 -6.585830e-01 2.785676e+00
-8.238500e-02 -1.069906e+00 2.846986e+00
-2.355910e-01 -1.068315e+00 2.827635e+00
-2.452600e-02 -1.140988e+00 2.692649e+00
-4.121430e-01 -1.094438e+00 2.846797e+00
-1.913020e-01 5.061950e-01 2.676249e+00
-2.122610e-01 1.556830e-01 2.919038e+00
-1.964500e-02 2.270300e-01 2.589869e+00
-2.232100e-01 2.496180e-01 2.704319e+00
2.144000e-02 5.584000e-02 2.805477e+00
-2.135700e-01 -1.884900e-01 2.858444e+00
-7.699300e-02 -1.816120e-01 2.619590e+00
3.178600e-02 -1.862700e-01 2.840229e+00
-3.824070e-01 -1.098400e-02 2.809426e+00
-1.665470e-01 2.590250e-01 2.376490e+00
-3.295040e-01 -2.627560e-01 2.684483e+00
-4.300730e-01 3.060790e-01 2.279458e+00
-2.789440e-01 -3.040300e-01 2.648113e+00
-4.992710e-01 3.184260e-01 2.254124e+00
-2.092800e-02 -6.745550e-01 2.694375e+00
-2.985230e-01 -6.471780e-01 2.780443e+00
-8.326800e-02 -1.056404e+00 2.849919e+00
-2.419250e-01 -1.057870e+00 2.825359e+00
-3.395700e-02 -1.128359e+00 2.693039e+00
-4.187620e-01 -1.079884e+00 2.846904e+00
-1.915480e-01 5.302000e-01 2.671926e+00
-1.957840e-01 1.120130e-01 2.906874e+00
1.126800e-02 2.347250e-01 2.606015e+00
-1.945550e-01 2.447740e-01 2.713429e+00
3.892600e-02 2.559100e-02 2.784713e+00
-2.065880e-01 -1.800710e-01 2.850756e+00
-6.483800e-02 -1.834250e-01 2.614858e+00
3.906400e-02 -1.851430e-01 2.837878e+00
-3.682790e-01 -2.658800e-02 2.766241e+00
-1.260450e-01 3.351840e-01 2.410726e+00
-3.285850e-01 -2.470430e-01 2.588414e+00
-3.549120e-01 4.697770e-01 2.314129e+00
-2.818760e-01 -2.823830e-01 2.542024e+00
-4.224620e-01 4.919980e-01 2.291198e+00
-2.421700e-02 -6.706520e-01 2.685291e+00
-3.044430e-01 -6.391260e-01 2.775405e+00
-8.325300e-02 -1.051173e+00 2.845316e+00
-2.481930e-01 -1.048989e+00 2.827728e+00
-3.082800e-02 -1.124571e+00 2.690124e+00
-4.256420e-01 -1.071406e+00 2.842889e+00
-1.395450e-01 5.180130e-01 2.687004e+00
-1.909910e-01 7.644000e-02 2.907118e+00
2.454900e-02 2.266040e-01 2.627699e+00
-1.831580e-01 2.284840e-01 2.728599e+00
4.637300e-02 4.980000e-04 2.783134e+00
-1.936440e-01 -1.838030e-01 2.847194e+00
-4.994000e-02 -1.908440e-01 2.612562e+00
5.041900e-02 -2.129070e-01 2.836119e+00
-3.624780e-01 -4.947900e-02 2.753889e+00
-5.630100e-02 3.816610e-01 2.436908e+00
-3.343670e-01 -2.416280e-01 2.543919e+00
-1.842130e-01 6.152290e-01 2.343168e+00
-2.926980e-01 -2.709600e-01 2.489276e+00
-2.185100e-01 6.809820e-01 2.334064e+00
-2.733000e-02 -6.819310e-01 2.690633e+00
-3.132680e-01 -6.358860e-01 2.778989e+00
-8.667700e-02 -1.064015e+00 2.846771e+00
-2.507920e-01 -1.045460e+00 2.826264e+00
-4.260200e-02 -1.135660e+00 2.688201e+00
-4.260090e-01 -1.068564e+00 2.857654e+00
-1.362670e-01 4.871290e-01 2.654905e+00
-2.118890e-01 7.477200e-02 2.932597e+00
-2.987000e-03 2.102490e-01 2.638916e+00
-2.072140e-01 2.205920e-01 2.748851e+00
1.829500e-02 -1.166600e-02 2.802120e+00
-1.931800e-01 -1.851410e-01 2.840570e+00
-5.940800e-02 -2.000990e-01 2.600500e+00
5.013800e-02 -2.154840e-01 2.820271e+00
-3.933900e-01 -5.428200e-02 2.794231e+00
8.211000e-03 3.648350e-01 2.431799e+00
-3.887990e-01 -2.484800e-01 2.584316e+00
-4.652900e-02 6.122990e-01 2.307723e+00
-3.544170e-01 -2.798000e-01 2.525839e+00
-7.086200e-02 6.807500e-01 2.290259e+00
-2.767300e-02 -6.859120e-01 2.691227e+00
-3.150470e-01 -6.414330e-01 2.786783e+00
-9.063900e-02 -1.068908e+00 2.843670e+00
-2.481720e-01 -1.050858e+00 2.829064e+00
-4.610500e-02 -1.139484e+00 2.684748e+00
-4.216400e-01 -1.075140e+00 2.868301e+00
-1.560880e-01 4.787200e-01 2.670909e+00
-2.048480e-01 5.853600e-02 2.927746e+00
-8.333000e-03 2.127030e-01 2.630831e+00
-2.098150e-01 2.128150e-01 2.751051e+00
2.158900e-02 -1.730300e-02 2.784724e+00
-1.904580e-01 -1.930200e-01 2.847058e+00
-6.924200e-02 -2.091910e-01 2.600486e+00
5.165000e-02 -2.222220e-01 2.814383e+00
-3.896730e-01 -7.046000e-02 2.793797e+00
7.838700e-02 3.186360e-01 2.408971e+00
-4.001630e-01 -2.496520e-01 2.571135e+00
9.183800e-02 5.456550e-01 2.238226e+00
-3.719920e-01 -2.766750e-01 2.507426e+00
7.711800e-02 6.168630e-01 2.221039e+00
-2.825900e-02 -6.948000e-01 2.698677e+00
-3.182170e-01 -6.495500e-01 2.795027e+00
-8.897700e-02 -1.079982e+00 2.846451e+00
-2.463230e-01 -1.058849e+00 2.829578e+00
-5.536400e-02 -1.147734e+00 2.683662e+00
-4.181910e-01 -1.085279e+00 2.874110e+00
-1.650390e-01 4.740120e-01 2.679904e+00
-2.031980e-01 5.101300e-02 2.927565e+00
-7.507000e-03 2.091270e-01 2.632186e+00
-2.105310e-01 2.038020e-01 2.749661e+00
2.743800e-02 -1.873300e-02 2.788197e+00
-1.872180e-01 -2.002730e-01 2.849239e+00
-6.197800e-02 -2.134820e-01 2.604509e+00
5.424400e-02 -2.374220e-01 2.820045e+00
-3.821310e-01 -8.914000e-02 2.796863e+00
1.275980e-01 2.097570e-01 2.409955e+00
-3.992240e-01 -2.644270e-01 2.571517e+00
2.138290e-01 2.725300e-01 2.147066e+00
-3.759760e-01 -2.901680e-01 2.505339e+00
2.592640e-01 3.155470e-01 2.106227e+00
-2.789500e-02 -7.043100e-01 2.711749e+00
-3.147040e-01 -6.491240e-01 2.813108e+00
-8.712200e-02 -1.093433e+00 2.849460e+00
-2.371120e-01 -1.058195e+00 2.836107e+00
-7.570100e-02 -1.154740e+00 2.681141e+00
-4.026360e-01 -1.086015e+00 2.899733e+00
-1.628170e-01 4.676090e-01 2.681300e+00
-2.005050e-01 5.131800e-02 2.923732e+00
-5.744000e-03 2.120720e-01 2.629163e+00
-2.105800e-01 2.005890e-01 2.742998e+00
3.533400e-02 -1.146200e-02 2.789869e+00
-1.810890e-01 -2.032110e-01 2.854711e+00
-4.947800e-02 -2.102970e-01 2.613090e+00
6.072600e-02 -2.418110e-01 2.830802e+00
-3.709210e-01 -1.010460e-01 2.795334e+00
1.234850e-01 1.635790e-01 2.413898e+00
-3.865960e-01 -2.780590e-01 2.571238e+00
2.036090e-01 1.720560e-01 2.146844e+00
-3.653920e-01 -3.037870e-01 2.504371e+00
2.616540e-01 1.425550e-01 2.110195e+00
-2.625900e-02 -7.063680e-01 2.710205e+00
-3.105110e-01 -6.447720e-01 2.815866e+00
-8.886200e-02 -1.095338e+00 2.846849e+00
-2.370270e-01 -1.054713e+00 2.836771e+00
-7.924700e-02 -1.156122e+00 2.678228e+00
-4.017200e-01 -1.080847e+00 2.903206e+00
-1.608400e-01 4.663130e-01 2.674315e+00
-2.054550e-01 5.291900e-02 2.922591e+00
3.469000e-03 2.086170e-01 2.635097e+00
-2.062050e-01 2.003200e-01 2.740053e+00
3.531500e-02 -1.355200e-02 2.799741e+00
-1.794040e-01 -2.048370e-01 2.853205e+00
-3.784200e-02 -2.165590e-01 2.617461e+00
6.257300e-02 -2.473570e-01 2.839957e+00
-3.713950e-01 -1.019570e-01 2.791366e+00
1.124560e-01 1.389410e-01 2.414299e+00
-3.885670e-01 -2.789460e-01 2.567360e+00
1.900670e-01 1.578080e-01 2.146825e+00
-3.688830e-01 -3.054960e-01 2.500351e+00
2.300250e-01 1.120970e-01 2.103277e+00
-1.998800e-02 -7.089990e-01 2.716055e+00
-3.101350e-01 -6.459310e-01 2.817405e+00
-9.210000e-02 -1.096853e+00 2.851179e+00
-2.393490e-01 -1.056562e+00 2.833545e+00
-6.593400e-02 -1.159595e+00 2.685050e+00
-4.046850e-01 -1.082513e+00 2.898436e+00
-1.587500e-01 4.621750e-01 2.663165e+00
-1.881920e-01 5.795500e-02 2.916916e+00
7.980000e-03 2.168680e-01 2.622286e+00
-1.971050e-01 2.068460e-01 2.735809e+00
4.749900e-02 -6.513000e-03 2.783594e+00
-1.767300e-01 -1.975710e-01 2.859768e+00
-4.476700e-02 -2.074500e-01 2.618437e+00
6.426000e-02 -2.413130e-01 2.836388e+00
-3.579870e-01 -1.005620e-01 2.795326e+00
1.191050e-01 1.393270e-01 2.404921e+00
-3.972630e-01 -2.732720e-01 2.570766e+00
1.894940e-01 1.687700e-01 2.136131e+00
-3.863090e-01 -2.992710e-01 2.501580e+00
1.910120e-01 2.212230e-01 2.082942e+00
-1.959500e-02 -7.011660e-01 2.721267e+00
-3.084350e-01 -6.440840e-01 2.813185e+00
-8.811200e-02 -1.092838e+00 2.846914e+00
-2.418030e-01 -1.054876e+00 2.839620e+00
-7.988400e-02 -1.148915e+00 2.676597e+00
-4.093930e-01 -1.078204e+00 2.899534e+00
-1.477230e-01 4.716920e-01 2.665145e+00
-1.877470e-01 6.363000e-02 2.914124e+00
1.443000e-02 2.156280e-01 2.619905e+00
-1.915700e-01 2.116630e-01 2.732136e+00
4.701000e-02 -7.786000e-03 2.782710e+00
-1.689090e-01 -1.922820e-01 2.854986e+00
-3.670100e-02 -2.099520e-01 2.614234e+00
7.058000e-02 -2.442200e-01 2.832987e+00
-3.602220e-01 -9.365300e-02 2.794722e+00
1.328900e-01 1.439250e-01 2.404249e+00
-4.109780e-01 -2.651850e-01 2.571565e+00
1.800070e-01 2.407330e-01 2.146248e+00
-4.040800e-01 -2.919550e-01 2.502150e+00
1.816450e-01 2.840290e-01 2.085376e+00
-2.071400e-02 -6.981920e-01 2.711621e+00
-3.077820e-01 -6.416430e-01 2.810312e+00
-8.696600e-02 -1.086721e+00 2.847801e+00
-2.427110e-01 -1.052684e+00 2.836783e+00
-6.181100e-02 -1.149313e+00 2.681458e+00
-4.110150e-01 -1.075589e+00 2.894830e+00
-1.404450e-01 4.752470e-01 2.661640e+00
-1.903450e-01 6.616100e-02 2.915883e+00
1.524700e-02 2.210400e-01 2.625560e+00
-1.928360e-01 2.140110e-01 2.733724e+00
4.800800e-02 -1.757000e-03 2.789172e+00
-1.753160e-01 -1.924910e-01 2.850419e+00
-3.679900e-02 -2.017150e-01 2.612763e+00
6.578700e-02 -2.384810e-01 2.833356e+00
-3.572720e-01 -9.629600e-02 2.795526e+00
1.513190e-01 1.407030e-01 2.423625e+00
-4.089760e-01 -2.678490e-01 2.572603e+00
1.694310e-01 2.718950e-01 2.177260e+00
-4.039370e-01 -2.948090e-01 2.503102e+00
1.944350e-01 2.952830e-01 2.110850e+00
-2.064100e-02 -6.957170e-01 2.706048e+00
-3.040140e-01 -6.387410e-01 2.803732e+00
-8.517000e-02 -1.081121e+00 2.851613e+00
-2.434000e-01 -1.049913e+00 2.837687e+00
-6.232500e-02 -1.147363e+00 2.686355e+00
-4.119280e-01 -1.069929e+00 2.896151e+00
-1.434340e-01 4.771970e-01 2.660818e+00
-1.901800e-01 5.110700e-02 2.922120e+00
1.942000e-02 2.207950e-01 2.643161e+00
-1.896700e-01 2.094570e-01 2.748993e+00
4.863900e-02 -1.157400e-02 2.793600e+00
-1.716400e-01 -1.952330e-01 2.845986e+00
-3.356300e-02 -2.033890e-01 2.608035e+00
6.939100e-02 -2.413390e-01 2.828255e+00
-3.563050e-01 -1.060920e-01 2.793926e+00
1.653180e-01 1.049440e-01 2.470422e+00
-4.187260e-01 -2.630560e-01 2.563135e+00
2.021630e-01 2.111120e-01 2.217092e+00
-4.184300e-01 -2.864280e-01 2.492168e+00
2.449520e-01 2.023890e-01 2.156465e+00
-1.853800e-02 -6.997560e-01 2.707025e+00
-3.064980e-01 -6.369910e-01 2.797904e+00
-8.607500e-02 -1.084859e+00 2.852021e+00
-2.461070e-01 -1.048140e+00 2.832515e+00
-7.252300e-02 -1.150004e+00 2.685309e+00
-4.146740e-01 -1.067983e+00 2.890924e+00
-1.405830e-01 4.721490e-01 2.679775e+00
-1.956750e-01 3.611500e-02 2.932635e+00
2.286000e-02 2.009140e-01 2.657629e+00
-1.859050e-01 1.996670e-01 2.764697e+00
3.782200e-02 -3.764400e-02 2.800272e+00
-1.759830e-01 -2.093490e-01 2.843163e+00
-4.003300e-02 -2.161780e-01 2.603949e+00
6.452200e-02 -2.571200e-01 2.822875e+00
-3.716140e-01 -1.082610e-01 2.802468e+00
1.838220e-01 7.584600e-02 2.508764e+00
-4.522270e-01 -2.528530e-01 2.569244e+00
2.387390e-01 9.636200e-02 2.239736e+00
-4.570560e-01 -2.741250e-01 2.497782e+00
2.702830e-01 6.706200e-02 2.178669e+00
-1.626400e-02 -7.128460e-01 2.714090e+00
-3.071400e-01 -6.510930e-01 2.801363e+00
-9.206500e-02 -1.094064e+00 2.865139e+00
-2.428540e-01 -1.062097e+00 2.830210e+00
-7.944500e-02 -1.162185e+00 2.699548e+00
-4.081350e-01 -1.083265e+00 2.896950e+00
-1.403150e-01 4.578630e-01 2.693164e+00
-2.018010e-01 4.942500e-02 2.946742e+00
2.902500e-02 1.997730e-01 2.673504e+00
-1.819760e-01 2.088020e-01 2.775705e+00
3.158000e-02 -3.602900e-02 2.821395e+00
-1.848090e-01 -2.042900e-01 2.840973e+00
-4.168200e-02 -2.128160e-01 2.606038e+00
5.713100e-02 -2.473150e-01 2.828709e+00
-3.795070e-01 -9.335100e-02 2.817212e+00
1.855780e-01 3.126700e-02 2.568316e+00
-4.668050e-01 -2.394330e-01 2.587348e+00
2.586340e-01 -4.258800e-02 2.312728e+00
-4.738820e-01 -2.622870e-01 2.516565e+00
2.748980e-01 -1.091560e-01 2.282950e+00
-1.633800e-02 -7.067360e-01 2.714225e+00
-3.044300e-01 -6.507700e-01 2.802539e+00
-9.269300e-02 -1.087618e+00 2.865842e+00
-2.433730e-01 -1.062367e+00 2.829897e+00
-6.439100e-02 -1.158043e+00 2.703178e+00
-4.099060e-01 -1.082832e+00 2.893679e+00
-1.437620e-01 4.605650e-01 2.692452e+00
-2.083600e-01 6.206700e-02 2.954116e+00
2.930100e-02 1.993480e-01 2.679862e+00
-1.819700e-01 2.174230e-01 2.780288e+00
2.284800e-02 -3.356800e-02 2.832142e+00
-1.851200e-01 -1.885570e-01 2.836880e+00
-4.081600e-02 -2.070830e-01 2.603244e+00
5.666000e-02 -2.332080e-01 2.827637e+00
-3.888590e-01 -8.049800e-02 2.828268e+00
1.533470e-01 -2.026900e-02 2.649021e+00
-4.883390e-01 -2.274980e-01 2.604006e+00
2.260600e-01 -2.486660e-01 2.509804e+00
-4.999350e-01 -2.518010e-01 2.534310e+00
2.385680e-01 -3.216640e-01 2.519680e+00
-1.441900e-02 -6.948860e-01 2.729738e+00
-3.013830e-01 -6.451180e-01 2.801097e+00
-9.071300e-02 -1.086959e+00 2.849516e+00
-2.513560e-01 -1.058203e+00 2.828434e+00
-7.831400e-02 -1.141481e+00 2.678947e+00
-4.210700e-01 -1.075051e+00 2.884413e+00
-1.432440e-01 4.621240e-01 2.683809e+00
-2.035220e-01 6.126500e-02 2.957840e+00
5.279700e-02 2.078330e-01 2.706121e+00
-1.626030e-01 2.271960e-01 2.797091e+00
3.010400e-02 -3.469400e-02 2.840829e+00
-1.863840e-01 -1.814420e-01 2.835155e+00
-3.305000e-02 -1.955910e-01 2.607030e+00
5.543500e-02 -2.268280e-01 2.834475e+00
-3.816610e-01 -6.725000e-02 2.814687e+00
1.271330e-01 -3.313900e-02 2.672208e+00
-4.801680e-01 -1.942550e-01 2.578119e+00
1.824490e-01 -3.025610e-01 2.634902e+00
-4.916560e-01 -2.134490e-01 2.506829e+00
1.682520e-01 -3.753670e-01 2.643867e+00
-1.381900e-02 -6.871400e-01 2.731093e+00
-2.999160e-01 -6.356700e-01 2.793095e+00
-8.717200e-02 -1.083859e+00 2.836556e+00
-2.524800e-01 -1.048780e+00 2.824381e+00
-8.800700e-02 -1.129831e+00 2.663045e+00
-4.233930e-01 -1.064424e+00 2.876957e+00
-1.414930e-01 4.558460e-01 2.679639e+00
-2.165410e-01 6.211000e-02 2.949321e+00
6.257300e-02 2.162240e-01 2.728214e+00
-1.600020e-01 2.342140e-01 2.800219e+00
2.594200e-02 -3.151100e-02 2.849731e+00
-1.860160e-01 -1.821390e-01 2.836657e+00
-1.422500e-02 -1.916130e-01 2.621831e+00
5.475600e-02 -2.293590e-01 2.854968e+00
-3.814930e-01 -6.043300e-02 2.786482e+00
1.108320e-01 -3.082000e-02 2.688967e+00
-4.646200e-01 -1.764850e-01 2.538651e+00
1.121120e-01 -3.071070e-01 2.718797e+00
-4.723080e-01 -1.928720e-01 2.466159e+00
1.053280e-01 -3.814490e-01 2.721949e+00
-7.534000e-03 -6.859940e-01 2.733203e+00
-2.976660e-01 -6.302350e-01 2.787978e+00
-8.814100e-02 -1.081000e+00 2.839792e+00
-2.556190e-01 -1.043249e+00 2.827225e+00
-6.777400e-02 -1.131324e+00 2.668699e+00
-4.286230e-01 -1.056492e+00 2.873210e+00
-1.422290e-01 4.567840e-01 2.678523e+00
-2.738580e-01 1.508280e-01 2.924587e+00
5.699100e-02 2.372950e-01 2.741266e+00
-1.725120e-01 2.826720e-01 2.759076e+00
-2.696500e-02 2.464400e-02 2.900050e+00
-2.209320e-01 -1.516240e-01 2.817281e+00
1.487000e-03 -1.796230e-01 2.657599e+00
3.468000e-03 -2.061170e-01 2.902202e+00
-3.697910e-01 -9.613000e-03 2.741679e+00
9.111100e-02 -1.557400e-02 2.740841e+00
-2.995490e-01 -2.697720e-01 2.648009e+00
9.680400e-02 -2.917960e-01 2.774624e+00
-3.091890e-01 -3.438040e-01 2.645014e+00
8.761900e-02 -3.549230e-01 2.735723e+00
-1.601200e-02 -6.542550e-01 2.739048e+00
-2.982570e-01 -6.255600e-01 2.768197e+00
-7.420300e-02 -1.059043e+00 2.820591e+00
-2.532770e-01 -1.036135e+00 2.825591e+00
3.445500e-02 -1.102107e+00 2.684358e+00
-4.315590e-01 -1.056378e+00 2.820504e+00
-1.445420e-01 4.893020e-01 2.617625e+00
-2.773740e-01 1.681620e-01 2.911675e+00
6.469700e-02 2.133260e-01 2.734216e+00
-1.621130e-01 2.733260e-01 2.736452e+00
-3.789700e-02 2.628300e-02 2.913019e+00
-2.347910e-01 -1.609520e-01 2.809365e+00
1.283000e-03 -1.841860e-01 2.669789e+00
-1.838200e-02 -2.152600e-01 2.913066e+00
-3.707200e-01 -2.310000e-03 2.737247e+00
9.563200e-02 -3.811800e-02 2.766579e+00
-3.147070e-01 -2.706620e-01 2.659775e+00
8.416700e-02 -3.154950e-01 2.743178e+00
-2.982510e-01 -3.392330e-01 2.635080e+00
8.321400e-02 -3.875490e-01 2.762924e+00
-1.179800e-02 -6.574650e-01 2.742524e+00
-2.979420e-01 -6.356300e-01 2.761147e+00
-7.482300e-02 -1.062752e+00 2.817756e+00
-2.532270e-01 -1.044529e+00 2.829639e+00
5.308000e-02 -1.104686e+00 2.699002e+00
-4.308300e-01 -1.066331e+00 2.815424e+00
-1.608240e-01 4.894490e-01 2.609408e+00
-2.775660e-01 1.806300e-01 2.907576e+00
7.321500e-02 1.942410e-01 2.742315e+00
-1.482370e-01 2.713070e-01 2.734084e+00
-4.992200e-02 2.111100e-02 2.922159e+00
-2.429030e-01 -1.724940e-01 2.801341e+00
1.900000e-03 -1.915310e-01 2.676997e+00
-3.220600e-02 -2.206550e-01 2.918917e+00
-3.738350e-01 8.517000e-03 2.736907e+00
9.927100e-02 -5.619200e-02 2.786385e+00
-3.253720e-01 -2.607790e-01 2.659008e+00
8.572000e-02 -3.289440e-01 2.730079e+00
-3.130570e-01 -3.331810e-01 2.645264e+00
7.692700e-02 -3.928380e-01 2.767800e+00
-8.452000e-03 -6.658870e-01 2.753014e+00
-2.983800e-01 -6.449770e-01 2.754671e+00
-8.007900e-02 -1.072350e+00 2.812567e+00
-2.508510e-01 -1.052601e+00 2.828653e+00
5.642800e-02 -1.112441e+00 2.703121e+00
-4.273520e-01 -1.077104e+00 2.807036e+00
-1.585400e-01 4.875290e-01 2.612662e+00
