-3.905650e-01 3.028860e-01 2.682298e+00
-1.599900e-02 3.142420e-01 2.696309e+00
-2.014200e-01 1.610340e-01 2.759101e+00
-5.968300e-02 -4.583400e-02 2.641870e+00
-4.649210e-01 2.525800e-02 2.705650e+00
-4.232090e-01 -2.655020e-01 2.626208e+00
-4.035570e-01 -3.292200e-01 2.599245e+00
-3.148070e-01 -6.017020e-01 2.681873e+00
-3.252510e-01 -1.028651e+00 2.731930e+00
-3.188700e-01 -1.049330e+00 2.556888e+00
-2.022920e-01 5.887260e-01 2.618386e+00
-1.876500e-02 3.150150e-01 2.699976e+00
-2.045870e-01 1.612680e-01 2.760214e+00
-5.933500e-02 -5.219600e-02 2.650785e+00
-4.631330e-01 2.517800e-02 2.710873e+00
-4.228850e-01 -2.627420e-01 2.623294e+00
-4.055460e-01 -3.264790e-01 2.594828e+00
-3.151060e-01 -6.050580e-01 2.682957e+00
-3.178160e-01 -1.032087e+00 2.733346e+00
-3.016570e-01 -1.052770e+00 2.558935e+00
-2.057550e-01 5.883910e-01 2.612725e+00
-1.589900e-02 3.127040e-01 2.699814e+00
-2.025090e-01 1.597010e-01 2.759508e+00
-6.198400e-02 -4.395300e-02 2.653415e+00
-4.673390e-01 2.715400e-02 2.712790e+00
-4.197440e-01 -2.586740e-01 2.625463e+00
-4.030690e-01 -3.271300e-01 2.611003e+00
-3.140450e-01 -6.013080e-01 2.680090e+00
-3.178390e-01 -1.027657e+00 2.735880e+00
-2.984780e-01 -1.050573e+00 2.562075e+00
-2.017300e-01 5.842470e-01 2.620836e+00
-1.966900e-02 3.160560e-01 2.697599e+00
-2.038920e-01 1.617900e-01 2.761320e+00
-5.849800e-02 -5.038900e-02 2.642122e+00
-4.663020e-01 2.405700e-02 2.713810e+00
-4.186410e-01 -2.609510e-01 2.620906e+00
-4.071800e-01 -3.305530e-01 2.606851e+00
-3.154910e-01 -6.052730e-01 2.682344e+00
-3.153750e-01 -1.032528e+00 2.730853e+00
-3.089880e-01 -1.052410e+00 2.555718e+00
-2.101040e-01 5.846270e-01 2.623246e+00
-2.348600e-02 3.149550e-01 2.698696e+00
-2.087680e-01 1.613950e-01 2.761036e+00
-5.806400e-02 -5.401200e-02 2.644248e+00
-4.656250e-01 2.326900e-02 2.714349e+00
-4.245670e-01 -2.659470e-01 2.626943e+00
-4.094410e-01 -3.232960e-01 2.586255e+00
-3.144950e-01 -6.073920e-01 2.677883e+00
-2.608790e-01 -1.028214e+00 2.748127e+00
-2.597680e-01 -1.057115e+00 2.574140e+00
-2.085940e-01 5.847010e-01 2.617755e+00
-2.020100e-02 3.135260e-01 2.695944e+00
-2.049670e-01 1.608880e-01 2.761973e+00
-5.756300e-02 -4.440800e-02 2.639612e+00
-4.690210e-01 2.301900e-02 2.708425e+00
-4.212020e-01 -2.677930e-01 2.624500e+00
-4.099440e-01 -3.353250e-01 2.602451e+00
-3.131650e-01 -6.003600e-01 2.677274e+00
-3.139080e-01 -1.023545e+00 2.753527e+00
-3.130750e-01 -1.054823e+00 2.579949e+00
-2.151110e-01 5.871260e-01 2.625409e+00
-2.187700e-02 3.139080e-01 2.698438e+00
-2.096460e-01 3.673170e-01 2.628083e+00
-2.056900e-01 1.586860e-01 2.761012e+00
-3.638820e-01 -6.178400e-02 2.639230e+00
-5.006200e-02 -5.413800e-02 2.646611e+00
-2.095310e-01 -6.800800e-02 2.762089e+00
-4.667820e-01 1.783900e-02 2.713003e+00
4.341200e-02 2.891000e-02 2.689855e+00
-4.201900e-01 -2.736870e-01 2.622919e+00
4.630000e-03 -2.479530e-01 2.559024e+00
-4.031520e-01 -3.435120e-01 2.620159e+00
7.136000e-03 -3.069730e-01 2.517991e+00
-3.172580e-01 -6.113040e-01 2.680800e+00
-7.728900e-02 -6.043220e-01 2.701323e+00
-3.174170e-01 -1.036934e+00 2.741952e+00
-8.938600e-02 -1.030141e+00 2.759907e+00
-3.162960e-01 -1.062017e+00 2.567374e+00
-7.900700e-02 -1.054428e+00 2.585520e+00
-2.114350e-01 5.844380e-01 2.630679e+00
-3.995580e-01 2.992500e-01 2.695174e+00
-2.479900e-02 3.123020e-01 2.698436e+00
-2.137420e-01 3.668280e-01 2.632202e+00
-2.075270e-01 1.560410e-01 2.761597e+00
-3.654010e-01 -5.885600e-02 2.639262e+00
-5.193500e-02 -4.077600e-02 2.642119e+00
-2.091310e-01 -6.061500e-02 2.759821e+00
-4.652220e-01 1.320700e-02 2.710500e+00
4.195300e-02 2.642100e-02 2.684877e+00
-4.164100e-01 -2.776900e-01 2.614741e+00
1.177600e-02 -2.515160e-01 2.550662e+00
-3.855250e-01 -3.406990e-01 2.598952e+00
2.117000e-03 -3.168740e-01 2.522230e+00
-3.161320e-01 -6.047420e-01 2.679929e+00
-7.901900e-02 -5.955670e-01 2.689406e+00
-3.190050e-01 -1.030833e+00 2.737710e+00
-1.017530e-01 -1.018191e+00 2.765381e+00
-3.193880e-01 -1.054531e+00 2.562934e+00
-9.061300e-02 -1.049916e+00 2.592241e+00
-2.145140e-01 5.861360e-01 2.623864e+00
-3.974330e-01 2.998290e-01 2.693624e+00
-2.274200e-02 3.149090e-01 2.695808e+00
-2.121060e-01 3.670570e-01 2.628865e+00
-2.045140e-01 1.590380e-01 2.762592e+00
-3.644900e-01 -5.940400e-02 2.639237e+00
-5.105100e-02 -4.083700e-02 2.641839e+00
-2.080780e-01 -6.162100e-02 2.759603e+00
-4.671040e-01 1.447300e-02 2.717676e+00
4.527200e-02 2.901000e-02 2.673526e+00
-4.106480e-01 -2.742420e-01 2.616788e+00
1.292600e-02 -2.489570e-01 2.537841e+00
-4.029230e-01 -3.456100e-01 2.621279e+00
1.014500e-02 -3.207940e-01 2.535609e+00
-3.164580e-01 -6.047600e-01 2.680606e+00
-7.924700e-02 -5.952810e-01 2.693297e+00
-3.219440e-01 -1.031547e+00 2.732791e+00
-9.257400e-02 -1.019486e+00 2.762386e+00
-3.218720e-01 -1.052954e+00 2.557720e+00
-8.395400e-02 -1.048068e+00 2.588556e+00
-2.152130e-01 5.870490e-01 2.631421e+00
-4.030790e-01 2.996030e-01 2.699176e+00
-2.829300e-02 3.090930e-01 2.690790e+00
-2.186640e-01 3.629420e-01 2.628192e+00
-2.103860e-01 1.571130e-01 2.765227e+00
-3.674720e-01 -5.882000e-02 2.642570e+00
-5.384700e-02 -4.482400e-02 2.636285e+00
-2.078130e-01 -6.212200e-02 2.758569e+00
-4.675320e-01 1.202500e-02 2.713630e+00
4.382200e-02 3.001600e-02 2.627703e+00
-4.144390e-01 -2.812480e-01 2.623516e+00
-4.403000e-03 -2.298000e-01 2.463027e+00
-4.030430e-01 -3.520520e-01 2.629022e+00
-3.551200e-02 -2.894860e-01 2.437666e+00
-3.138750e-01 -6.068620e-01 2.679621e+00
-7.927000e-02 -5.964010e-01 2.698089e+00
-3.182430e-01 -1.033260e+00 2.734992e+00
-1.004510e-01 -1.021656e+00 2.758167e+00
-3.232690e-01 -1.055913e+00 2.560150e+00
-9.596300e-02 -1.046540e+00 2.583614e+00
-2.155840e-01 5.863130e-01 2.628645e+00
-4.042490e-01 2.945080e-01 2.706402e+00
-3.012400e-02 3.139750e-01 2.689773e+00
-2.231960e-01 3.628680e-01 2.631529e+00
-2.064290e-01 1.570610e-01 2.767820e+00
-3.758100e-01 -7.356400e-02 2.640944e+00
-6.521300e-02 -2.869100e-02 2.630367e+00
-2.150230e-01 -6.104700e-02 2.754736e+00
-4.664070e-01 5.777000e-03 2.720526e+00
3.389700e-02 4.434900e-02 2.586663e+00
-4.094660e-01 -2.829150e-01 2.616751e+00
-5.260200e-02 -1.869150e-01 2.395904e+00
-4.040610e-01 -3.520450e-01 2.635859e+00
-8.592900e-02 -2.326520e-01 2.351511e+00
-3.157580e-01 -6.099340e-01 2.682568e+00
-7.880500e-02 -5.878930e-01 2.697648e+00
-3.207700e-01 -1.036936e+00 2.733009e+00
-1.018620e-01 -1.012902e+00 2.758773e+00
-3.259910e-01 -1.057558e+00 2.557922e+00
-9.696000e-02 -1.038261e+00 2.584299e+00
-2.208810e-01 5.850880e-01 2.633352e+00
-4.065250e-01 2.937640e-01 2.718625e+00
-3.338100e-02 3.221040e-01 2.694433e+00
-2.287330e-01 3.684940e-01 2.642041e+00
-2.044380e-01 1.588920e-01 2.771230e+00
-3.709460e-01 -7.876300e-02 2.640821e+00
-6.303300e-02 -1.902300e-02 2.626084e+00
-2.097140e-01 -5.700700e-02 2.752574e+00
-4.665250e-01 5.126000e-03 2.720884e+00
4.982000e-03 7.706700e-02 2.535052e+00
-4.047390e-01 -2.801880e-01 2.613348e+00
-1.243520e-01 -1.235450e-01 2.335520e+00
-4.001280e-01 -3.505200e-01 2.627684e+00
-1.573280e-01 -1.688060e-01 2.290384e+00
-3.122060e-01 -6.088020e-01 2.683009e+00
-7.737600e-02 -5.815910e-01 2.702746e+00
-3.031270e-01 -1.036263e+00 2.728781e+00
-9.448300e-02 -1.007887e+00 2.756410e+00
-3.118910e-01 -1.055203e+00 2.553646e+00
-9.659300e-02 -1.029831e+00 2.581418e+00
-2.246420e-01 5.844540e-01 2.632010e+00
-4.071160e-01 2.927450e-01 2.728425e+00
-3.605800e-02 3.249200e-01 2.684774e+00
-2.343590e-01 3.688070e-01 2.642233e+00
-2.010930e-01 1.604580e-01 2.771447e+00
-3.599910e-01 -8.709100e-02 2.651674e+00
-5.295900e-02 -2.957200e-02 2.619757e+00
-1.938990e-01 -5.946000e-02 2.754666e+00
-4.600900e-01 4.666000e-03 2.714982e+00
-6.587700e-02 1.473790e-01 2.453330e+00
-3.869710e-01 -2.759890e-01 2.607169e+00
-2.564470e-01 1.878200e-02 2.246247e+00
-3.634610e-01 -3.426660e-01 2.593948e+00
-3.221300e-01 -3.077000e-03 2.226722e+00
-3.110520e-01 -6.180970e-01 2.678934e+00
-7.703700e-02 -5.919880e-01 2.711577e+00
-3.245060e-01 -1.044826e+00 2.730133e+00
-9.390500e-02 -1.018563e+00 2.763047e+00
-3.447780e-01 -1.065068e+00 2.556100e+00
-1.119710e-01 -1.038876e+00 2.588780e+00
-2.278530e-01 5.951830e-01 2.638904e+00
-4.058380e-01 2.904970e-01 2.739451e+00
-3.924500e-02 3.375170e-01 2.676016e+00
-2.411560e-01 3.730160e-01 2.643901e+00
-1.925670e-01 1.669910e-01 2.771984e+00
-3.559440e-01 -7.363600e-02 2.663333e+00
-5.215700e-02 -1.221500e-02 2.612967e+00
-1.843690e-01 -4.351700e-02 2.756138e+00
-4.602150e-01 4.525000e-03 2.714504e+00
-1.103340e-01 2.213560e-01 2.417537e+00
-3.836500e-01 -2.762800e-01 2.612836e+00
-3.439600e-01 1.541730e-01 2.227917e+00
-3.645030e-01 -3.426290e-01 2.592725e+00
-3.968830e-01 1.371040e-01 2.182298e+00
-3.106630e-01 -6.032200e-01 2.671451e+00
-7.574900e-02 -5.763270e-01 2.705808e+00
-3.259960e-01 -1.027994e+00 2.736504e+00
-8.860600e-02 -1.003451e+00 2.753767e+00
-3.606140e-01 -1.052953e+00 2.565370e+00
-1.240610e-01 -1.021675e+00 2.581957e+00
-2.316890e-01 5.969860e-01 2.657789e+00
-4.144040e-01 2.945390e-01 2.721910e+00
-4.726600e-02 3.305930e-01 2.654569e+00
-2.488220e-01 3.624280e-01 2.616872e+00
-2.020010e-01 1.755160e-01 2.772063e+00
-3.506830e-01 -7.060000e-02 2.675931e+00
-4.754300e-02 -1.081000e-02 2.620004e+00
-1.770050e-01 -4.284900e-02 2.765506e+00
-4.603120e-01 6.982000e-03 2.719216e+00
-1.457980e-01 3.034680e-01 2.381880e+00
-3.872020e-01 -2.744950e-01 2.619934e+00
-3.933980e-01 3.165250e-01 2.200344e+00
-3.702620e-01 -3.422430e-01 2.602713e+00
-4.619490e-01 2.986940e-01 2.187853e+00
-3.116570e-01 -6.003640e-01 2.670078e+00
-7.842500e-02 -5.764560e-01 2.705382e+00
-3.249340e-01 -1.026013e+00 2.729636e+00
-8.840400e-02 -1.003415e+00 2.755449e+00
-3.651710e-01 -1.048577e+00 2.559401e+00
-1.312230e-01 -1.022354e+00 2.585402e+00
-2.187400e-01 6.134230e-01 2.648425e+00
-4.039590e-01 2.960700e-01 2.744722e+00
-4.304400e-02 3.387230e-01 2.670047e+00
-2.416730e-01 3.763550e-01 2.643347e+00
-1.909010e-01 1.707910e-01 2.771323e+00
-3.478670e-01 -5.502600e-02 2.671325e+00
-4.256300e-02 -1.259000e-02 2.611456e+00
-1.719030e-01 -3.603100e-02 2.758695e+00
-4.552890e-01 1.233900e-02 2.714142e+00
-1.282600e-01 4.146430e-01 2.403499e+00
-3.840440e-01 -2.689750e-01 2.617162e+00
-3.485130e-01 5.375430e-01 2.230286e+00
-3.664320e-01 -3.354520e-01 2.596090e+00
-4.004760e-01 5.270210e-01 2.181681e+00
-3.081470e-01 -5.923050e-01 2.667075e+00
-7.855400e-02 -5.743490e-01 2.696706e+00
-3.245940e-01 -1.015822e+00 2.739622e+00
-8.274400e-02 -1.000336e+00 2.755164e+00
-3.656760e-01 -1.043231e+00 2.570302e+00
-1.170230e-01 -1.023527e+00 2.583714e+00
-2.532320e-01 5.806420e-01 2.681858e+00
-4.013450e-01 3.077570e-01 2.745402e+00
-4.270100e-02 3.414320e-01 2.670269e+00
-2.374850e-01 3.840290e-01 2.643462e+00
-1.912550e-01 1.774730e-01 2.771563e+00
-3.534500e-01 -5.277300e-02 2.675965e+00
-5.065400e-02 -9.571000e-03 2.604944e+00
-1.741980e-01 -3.527600e-02 2.756713e+00
-4.568180e-01 2.571800e-02 2.713411e+00
-9.504100e-02 4.687800e-01 2.415928e+00
-3.894600e-01 -2.576700e-01 2.622322e+00
-2.868780e-01 6.392910e-01 2.250798e+00
-3.783290e-01 -3.238280e-01 2.596388e+00
-3.452990e-01 6.586270e-01 2.213563e+00
-3.116170e-01 -5.901830e-01 2.669463e+00
-7.993900e-02 -5.707560e-01 2.692272e+00
-3.284310e-01 -1.014808e+00 2.735123e+00
-8.426800e-02 -9.951710e-01 2.761216e+00
-3.744050e-01 -1.039049e+00 2.566579e+00
-1.225350e-01 -1.022397e+00 2.591209e+00
-2.811410e-01 5.803930e-01 2.651926e+00
-4.107150e-01 3.070450e-01 2.746903e+00
-5.264200e-02 3.337790e-01 2.673244e+00
-2.448780e-01 3.820550e-01 2.647248e+00
-2.039630e-01 1.708850e-01 2.769503e+00
-3.531780e-01 -4.784900e-02 2.681003e+00
-5.098600e-02 -1.846200e-02 2.600924e+00
-1.711040e-01 -3.705200e-02 2.756436e+00
-4.595560e-01 2.392600e-02 2.711953e+00
-4.662900e-02 4.947490e-01 2.432795e+00
-3.941380e-01 -2.582640e-01 2.615193e+00
-2.027000e-01 7.063000e-01 2.277355e+00
-3.806240e-01 -3.260440e-01 2.595276e+00
-2.409380e-01 7.277670e-01 2.220344e+00
-3.154590e-01 -5.904190e-01 2.668736e+00
-8.047800e-02 -5.757620e-01 2.691097e+00
-3.245600e-01 -1.014938e+00 2.736571e+00
-8.299500e-02 -1.000044e+00 2.760944e+00
-3.763870e-01 -1.040456e+00 2.569925e+00
-1.229320e-01 -1.027719e+00 2.591393e+00
-2.297730e-01 5.863220e-01 2.661900e+00
-4.154540e-01 2.988300e-01 2.731871e+00
-5.331000e-02 3.261500e-01 2.681521e+00
-2.436580e-01 3.737450e-01 2.642802e+00
-2.102880e-01 1.633660e-01 2.768659e+00
-3.547970e-01 -5.902700e-02 2.671926e+00
-4.824900e-02 -3.828700e-02 2.607160e+00
-1.765510e-01 -5.265000e-02 2.756459e+00
-4.669470e-01 1.675100e-02 2.707893e+00
4.303900e-02 4.848800e-01 2.461711e+00
-3.991740e-01 -2.650170e-01 2.617295e+00
-3.364600e-02 7.284100e-01 2.297372e+00
-3.785520e-01 -3.299600e-01 2.594264e+00
-6.418800e-02 7.507610e-01 2.236209e+00
-3.201400e-01 -6.042410e-01 2.668231e+00
-9.157600e-02 -5.929800e-01 2.701496e+00
-3.237660e-01 -1.028709e+00 2.736886e+00
-8.923700e-02 -1.017936e+00 2.767121e+00
-3.676650e-01 -1.055619e+00 2.568194e+00
-1.222770e-01 -1.044555e+00 2.595925e+00
-2.286990e-01 5.966940e-01 2.654464e+00
-4.175970e-01 2.928820e-01 2.711508e+00
-5.132700e-02 3.265540e-01 2.687234e+00
-2.410590e-01 3.685590e-01 2.632981e+00
-2.132230e-01 1.631530e-01 2.768060e+00
-3.600060e-01 -4.471700e-02 2.650952e+00
-4.696600e-02 -3.690000e-02 2.627702e+00
-1.945070e-01 -4.592200e-02 2.758499e+00
-4.720300e-01 9.324000e-03 2.706525e+00
9.466200e-02 4.554000e-01 2.473977e+00
-4.061260e-01 -2.741800e-01 2.616291e+00
6.361000e-02 7.042510e-01 2.300860e+00
-4.139850e-01 -3.453520e-01 2.609501e+00
7.289000e-02 7.546690e-01 2.250410e+00
-3.178610e-01 -5.954320e-01 2.664961e+00
-8.738700e-02 -5.886860e-01 2.698766e+00
-3.286240e-01 -1.017906e+00 2.744335e+00
-8.788600e-02 -1.013352e+00 2.766287e+00
-3.474300e-01 -1.049824e+00 2.571894e+00
-9.756500e-02 -1.040994e+00 2.592360e+00
-2.308860e-01 6.060870e-01 2.634703e+00
-4.110430e-01 2.956090e-01 2.693901e+00
-3.774100e-02 3.166090e-01 2.692441e+00
-2.273100e-01 3.630720e-01 2.624979e+00
-2.153750e-01 1.607860e-01 2.766931e+00
-3.635280e-01 -5.816300e-02 2.651778e+00
-5.092900e-02 -4.250500e-02 2.626619e+00
-1.973920e-01 -5.533900e-02 2.758308e+00
-4.763110e-01 1.523600e-02 2.706541e+00
1.699660e-01 3.577220e-01 2.497002e+00
-4.121420e-01 -2.687850e-01 2.618963e+00
2.069730e-01 5.780330e-01 2.290729e+00
-4.265830e-01 -3.362100e-01 2.598502e+00
2.166950e-01 6.072850e-01 2.225743e+00
-3.183020e-01 -6.061980e-01 2.669157e+00
-8.567000e-02 -5.963040e-01 2.697632e+00
-3.243000e-01 -1.030515e+00 2.738576e+00
-9.230500e-02 -1.022250e+00 2.756166e+00
-3.433890e-01 -1.058562e+00 2.565495e+00
-1.019440e-01 -1.046078e+00 2.581674e+00
-2.374030e-01 6.031870e-01 2.647933e+00
-4.134260e-01 2.973390e-01 2.691372e+00
-3.902100e-02 3.124400e-01 2.706132e+00
-2.260970e-01 3.654100e-01 2.633633e+00
-2.228130e-01 1.557080e-01 2.764884e+00
-3.607590e-01 -6.164600e-02 2.631545e+00
-4.712700e-02 -5.202600e-02 2.643294e+00
-2.083220e-01 -6.001000e-02 2.756917e+00
-4.779740e-01 1.751500e-02 2.705069e+00
1.824690e-01 2.427460e-01 2.536601e+00
-4.157300e-01 -2.670200e-01 2.620188e+00
2.434600e-01 4.359990e-01 2.310830e+00
-4.093760e-01 -3.378650e-01 2.609508e+00
2.846980e-01 4.595380e-01 2.256804e+00
-3.194440e-01 -6.103180e-01 2.676740e+00
-8.774000e-02 -6.044410e-01 2.705737e+00
-3.227820e-01 -1.036648e+00 2.732700e+00
-9.153100e-02 -1.030475e+00 2.763882e+00
-3.194730e-01 -1.059624e+00 2.557859e+00
-8.154300e-02 -1.054375e+00 2.589420e+00
-2.331090e-01 5.922190e-01 2.653251e+00
-4.147740e-01 2.997970e-01 2.687994e+00
-4.132400e-02 3.075380e-01 2.721160e+00
-2.237100e-01 3.658600e-01 2.641201e+00
-2.304420e-01 1.527670e-01 2.766735e+00
-3.564180e-01 -6.008400e-02 2.626544e+00
-4.365000e-02 -5.525100e-02 2.653906e+00
-2.104070e-01 -6.081700e-02 2.759352e+00
-4.842040e-01 2.243300e-02 2.698144e+00
1.452860e-01 1.589060e-01 2.563238e+00
-4.212630e-01 -2.624250e-01 2.620414e+00
2.352640e-01 2.816050e-01 2.302476e+00
-4.139760e-01 -3.337190e-01 2.614303e+00
2.857730e-01 2.896620e-01 2.251907e+00
-3.187290e-01 -6.101480e-01 2.675551e+00
-8.651600e-02 -6.069070e-01 2.707601e+00
-3.161750e-01 -1.036877e+00 2.728424e+00
-1.013720e-01 -1.033012e+00 2.763400e+00
-3.049070e-01 -1.058454e+00 2.553736e+00
-8.162700e-02 -1.056446e+00 2.589708e+00
-2.364780e-01 5.886150e-01 2.635725e+00
-4.195610e-01 2.988320e-01 2.685174e+00
-4.745100e-02 3.151100e-01 2.728689e+00
-2.288880e-01 3.696030e-01 2.644010e+00
-2.340590e-01 1.557090e-01 2.768249e+00
-3.549120e-01 -5.683400e-02 2.619619e+00
-4.700900e-02 -3.629600e-02 2.677670e+00
-2.226430e-01 -5.343600e-02 2.766081e+00
-4.804990e-01 2.077300e-02 2.697395e+00
6.439600e-02 7.693800e-02 2.619402e+00
-4.170060e-01 -2.627480e-01 2.620062e+00
1.318730e-01 8.094300e-02 2.326441e+00
-4.125960e-01 -3.345080e-01 2.622159e+00
1.616430e-01 5.713100e-02 2.265449e+00
-3.149360e-01 -6.019290e-01 2.670939e+00
-8.665000e-02 -5.951330e-01 2.700996e+00
-3.213710e-01 -1.026359e+00 2.739625e+00
-9.804100e-02 -1.020635e+00 2.761976e+00
-2.929190e-01 -1.054587e+00 2.567864e+00
-6.052700e-02 -1.046068e+00 2.591523e+00
-2.292380e-01 5.894660e-01 2.644989e+00
-4.154930e-01 3.014370e-01 2.686591e+00
-4.421300e-02 3.151990e-01 2.737449e+00
-2.238950e-01 3.727730e-01 2.651083e+00
-2.319590e-01 1.553070e-01 2.768795e+00
-3.590230e-01 -6.131800e-02 2.626830e+00
-5.015900e-02 -2.866100e-02 2.673012e+00
-2.214170e-01 -5.295300e-02 2.768083e+00
-4.831850e-01 2.335500e-02 2.700322e+00
2.707000e-02 6.370000e-02 2.620116e+00
-4.185630e-01 -2.607320e-01 2.619452e+00
2.723700e-02 -1.451500e-02 2.328048e+00
-4.040910e-01 -3.311170e-01 2.622589e+00
2.556800e-02 -4.233300e-02 2.261740e+00
-3.148130e-01 -6.022150e-01 2.673482e+00
-8.215900e-02 -5.902360e-01 2.700814e+00
-3.253200e-01 -1.027674e+00 2.734914e+00
-9.181300e-02 -1.015894e+00 2.761000e+00
-3.019170e-01 -1.053223e+00 2.561976e+00
-6.015000e-02 -1.040890e+00 2.589300e+00
-2.233720e-01 5.836630e-01 2.634743e+00
-4.114410e-01 3.051960e-01 2.687626e+00
-4.024500e-02 3.124720e-01 2.740405e+00
-2.183950e-01 3.728740e-01 2.652807e+00
-2.310250e-01 1.561630e-01 2.771504e+00
-3.692030e-01 -6.780400e-02 2.616111e+00
-6.337300e-02 -1.920600e-02 2.668098e+00
-2.351960e-01 -5.063600e-02 2.760005e+00
-4.774130e-01 2.485600e-02 2.700177e+00
-4.046000e-03 5.800200e-02 2.609884e+00
-4.179210e-01 -2.621330e-01 2.618730e+00
-6.147300e-02 -2.890500e-02 2.324079e+00
-4.125050e-01 -3.337220e-01 2.614381e+00
-7.467200e-02 -7.814900e-02 2.273342e+00
-3.153330e-01 -6.032840e-01 2.671677e+00
-8.174500e-02 -5.838510e-01 2.697394e+00
-3.199290e-01 -1.027957e+00 2.738993e+00
-9.612900e-02 -1.008364e+00 2.764344e+00
-2.919580e-01 -1.055516e+00 2.567045e+00
-5.880200e-02 -1.036451e+00 2.594267e+00
-2.209580e-01 5.809920e-01 2.643265e+00
-4.096690e-01 3.019990e-01 2.689708e+00
-3.760500e-02 3.185880e-01 2.733511e+00
-2.190520e-01 3.731150e-01 2.648875e+00
-2.240520e-01 1.588520e-01 2.772483e+00
-3.619950e-01 -5.859900e-02 2.634975e+00
-5.333100e-02 -1.819900e-02 2.676087e+00
-2.214570e-01 -5.301100e-02 2.773451e+00
-4.784550e-01 2.175900e-02 2.700115e+00
-2.454900e-02 6.938700e-02 2.588241e+00
-4.048400e-01 -2.622760e-01 2.617982e+00
-1.480070e-01 -4.592000e-02 2.334661e+00
-4.026350e-01 -3.341010e-01 2.621082e+00
-1.897980e-01 -6.900600e-02 2.280866e+00
-3.156600e-01 -5.966210e-01 2.667712e+00
-8.190000e-02 -5.819320e-01 2.693820e+00
-3.207940e-01 -1.020849e+00 2.737745e+00
-1.023440e-01 -1.006234e+00 2.760524e+00
-3.023150e-01 -1.049636e+00 2.564719e+00
-7.161000e-02 -1.034651e+00 2.589188e+00
-2.151720e-01 5.882330e-01 2.638748e+00
-4.092280e-01 3.017870e-01 2.697324e+00
-3.576200e-02 3.159250e-01 2.728122e+00
-2.197630e-01 3.722720e-01 2.650481e+00
-2.216360e-01 1.568210e-01 2.772095e+00
-3.618990e-01 -6.812300e-02 2.634274e+00
-5.334600e-02 -1.971200e-02 2.666633e+00
-2.182780e-01 -5.527900e-02 2.769054e+00
-4.722560e-01 1.909800e-02 2.699944e+00
-2.448600e-02 6.720600e-02 2.580124e+00
-4.076560e-01 -2.683420e-01 2.618571e+00
-1.690660e-01 -3.058900e-02 2.329227e+00
-4.027510e-01 -3.392150e-01 2.629807e+00
-2.074820e-01 -5.410600e-02 2.273152e+00
-3.161230e-01 -6.023060e-01 2.676680e+00
-8.345900e-02 -5.851520e-01 2.699297e+00
-3.168630e-01 -1.027782e+00 2.738886e+00
-9.541900e-02 -1.009473e+00 2.767921e+00
-3.016680e-01 -1.053229e+00 2.565019e+00
-7.240400e-02 -1.038023e+00 2.595401e+00
-2.162450e-01 5.865510e-01 2.637705e+00
-4.108770e-01 3.001930e-01 2.700530e+00
-3.708900e-02 3.152530e-01 2.726619e+00
-2.222430e-01 3.715990e-01 2.651768e+00
-2.219050e-01 1.552630e-01 2.771816e+00
-3.577100e-01 -6.538300e-02 2.636329e+00
-4.669400e-02 -3.107300e-02 2.662552e+00
-2.111430e-01 -5.803800e-02 2.768321e+00
-4.699230e-01 1.629700e-02 2.709846e+00
-1.866800e-02 6.886000e-02 2.574563e+00
-4.068230e-01 -2.698640e-01 2.621211e+00
-1.638440e-01 -1.617600e-02 2.318792e+00
-4.018780e-01 -3.413610e-01 2.627303e+00
-2.062430e-01 -3.931900e-02 2.265499e+00
-3.191680e-01 -6.037920e-01 2.683102e+00
-8.627900e-02 -5.923990e-01 2.706229e+00
-3.216530e-01 -1.030304e+00 2.737706e+00
-9.139000e-02 -1.019131e+00 2.758898e+00
-3.096480e-01 -1.052718e+00 2.563173e+00
-7.242800e-02 -1.040834e+00 2.584893e+00
-2.214860e-01 5.870050e-01 2.637469e+00
-4.105740e-01 3.019880e-01 2.698856e+00
-3.705400e-02 3.175350e-01 2.728292e+00
-2.215440e-01 3.731580e-01 2.651294e+00
-2.221710e-01 1.577590e-01 2.773012e+00
-3.589460e-01 -6.144100e-02 2.639772e+00
-4.892600e-02 -2.131600e-02 2.669321e+00
-2.137770e-01 -5.273500e-02 2.773218e+00
-4.707510e-01 1.968100e-02 2.712487e+00
-7.936000e-03 6.450800e-02 2.591786e+00
-4.085470e-01 -2.654220e-01 2.623990e+00
-1.136740e-01 -8.102000e-03 2.315141e+00
-4.041630e-01 -3.371050e-01 2.627949e+00
-1.548920e-01 -3.374400e-02 2.262066e+00
-3.190310e-01 -5.988240e-01 2.671326e+00
-8.633400e-02 -5.851710e-01 2.701550e+00
-3.205330e-01 -1.023156e+00 2.740898e+00
-8.990200e-02 -1.010871e+00 2.762100e+00
-3.101870e-01 -1.051679e+00 2.567152e+00
-6.932800e-02 -1.035708e+00 2.588699e+00
-2.188680e-01 5.884860e-01 2.645038e+00
-4.103100e-01 3.022490e-01 2.699463e+00
-3.686900e-02 3.160930e-01 2.730693e+00
-2.208300e-01 3.733500e-01 2.653624e+00
-2.227350e-01 1.564160e-01 2.772573e+00
-3.592390e-01 -5.816600e-02 2.639754e+00
-4.829900e-02 -2.608800e-02 2.669475e+00
-2.137400e-01 -5.525300e-02 2.773093e+00
-4.725930e-01 2.035000e-02 2.713481e+00
1.244000e-02 6.638500e-02 2.593737e+00
-4.082560e-01 -2.642070e-01 2.624514e+00
-7.668800e-02 -2.120100e-02 2.315506e+00
-4.116420e-01 -3.345620e-01 2.639072e+00
-1.153590e-01 -5.463100e-02 2.264906e+00
-3.150860e-01 -5.990750e-01 2.673240e+00
-8.335800e-02 -5.866070e-01 2.705237e+00
-3.250820e-01 -1.022601e+00 2.746898e+00
-9.188600e-02 -1.013105e+00 2.759334e+00
-3.128390e-01 -1.053029e+00 2.573600e+00
-7.020400e-02 -1.035557e+00 2.585742e+00
-2.154440e-01 5.839140e-01 2.636435e+00
-4.107440e-01 3.003070e-01 2.698783e+00
-3.768600e-02 3.191460e-01 2.731915e+00
-2.219960e-01 3.739010e-01 2.653868e+00
-2.216190e-01 1.570300e-01 2.772946e+00
-3.742570e-01 -7.612400e-02 2.626029e+00
-6.720200e-02 -2.074900e-02 2.661333e+00
-2.330110e-01 -5.604200e-02 2.762425e+00
-4.692960e-01 1.641500e-02 2.709996e+00
2.007700e-02 6.215900e-02 2.610384e+00
-4.132880e-01 -2.712830e-01 2.621706e+00
-4.006700e-02 -6.214800e-02 2.337194e+00
-4.101360e-01 -3.403120e-01 2.641669e+00
-7.184600e-02 -8.454700e-02 2.276682e+00
-3.154570e-01 -6.090210e-01 2.678632e+00
-8.136000e-02 -5.860600e-01 2.700697e+00
-3.124530e-01 -1.034564e+00 2.740311e+00
-1.001030e-01 -1.011734e+00 2.758581e+00
-2.932720e-01 -1.059582e+00 2.566776e+00
-7.213700e-02 -1.036407e+00 2.586195e+00
-2.141280e-01 5.831920e-01 2.644638e+00
-4.105380e-01 2.991570e-01 2.695933e+00
-3.697800e-02 3.173880e-01 2.723235e+00
-2.221920e-01 3.707970e-01 2.646406e+00
-2.208810e-01 1.571370e-01 2.771147e+00
-3.667590e-01 -6.735300e-02 2.633487e+00
-5.720500e-02 -2.261800e-02 2.661259e+00
-2.210770e-01 -5.579400e-02 2.766156e+00
-4.712800e-01 1.482100e-02 2.706300e+00
4.327700e-02 5.140300e-02 2.636894e+00
-4.062080e-01 -2.725680e-01 2.620122e+00
9.754000e-03 -1.416680e-01 2.400560e+00
-4.018000e-01 -3.435220e-01 2.631053e+00
5.993000e-03 -2.019120e-01 2.361448e+00
-3.160470e-01 -6.029300e-01 2.683983e+00
-8.274100e-02 -5.862150e-01 2.698138e+00
-3.178020e-01 -1.029781e+00 2.735899e+00
-9.530700e-02 -1.010555e+00 2.766534e+00
-3.025090e-01 -1.051058e+00 2.561481e+00
-7.253400e-02 -1.039043e+00 2.593971e+00
-2.160010e-01 5.854430e-01 2.645527e+00
-4.090350e-01 3.007330e-01 2.694784e+00
-3.512100e-02 3.136480e-01 2.720201e+00
-2.199230e-01 3.695060e-01 2.644126e+00
-2.210770e-01 1.562040e-01 2.769480e+00
-3.608440e-01 -6.682200e-02 2.637172e+00
-4.959600e-02 -3.356900e-02 2.661964e+00
-2.137230e-01 -5.930700e-02 2.768537e+00
-4.733700e-01 1.669500e-02 2.709419e+00
4.594900e-02 3.997100e-02 2.660533e+00
-4.079050e-01 -2.692370e-01 2.616455e+00
1.508100e-02 -2.004070e-01 2.470927e+00
-4.023670e-01 -3.404540e-01 2.624870e+00
2.488800e-02 -2.577620e-01 2.428647e+00
-3.206010e-01 -6.059000e-01 2.684738e+00
-8.225500e-02 -5.944420e-01 2.702112e+00
-3.134470e-01 -1.031667e+00 2.744493e+00
-9.665200e-02 -1.020054e+00 2.761672e+00
-3.037480e-01 -1.055984e+00 2.570072e+00
-7.643000e-02 -1.045007e+00 2.588246e+00
-2.075550e-01 5.857980e-01 2.628929e+00
-4.083440e-01 2.984150e-01 2.695374e+00
-3.411200e-02 3.152370e-01 2.712475e+00
-2.210320e-01 3.680230e-01 2.639442e+00
-2.174440e-01 1.569800e-01 2.768518e+00
-3.682550e-01 -7.364500e-02 2.637461e+00
-5.769600e-02 -3.114900e-02 2.655990e+00
-2.191310e-01 -5.940800e-02 2.765980e+00
-4.696960e-01 1.229100e-02 2.704687e+00
2.583700e-02 2.929800e-02 2.693418e+00
-4.106560e-01 -2.802460e-01 2.624773e+00
2.941100e-02 -2.400320e-01 2.542097e+00
-4.041420e-01 -3.491890e-01 2.644208e+00
2.003200e-02 -2.950510e-01 2.496729e+00
-3.180730e-01 -6.106070e-01 2.684375e+00
-8.201800e-02 -5.937290e-01 2.701147e+00
-3.194150e-01 -1.037709e+00 2.734201e+00
-1.015400e-01 -1.019100e+00 2.760969e+00
-3.100890e-01 -1.058146e+00 2.559263e+00
-8.290700e-02 -1.044363e+00 2.587410e+00
-2.160010e-01 5.891590e-01 2.629307e+00
-4.059180e-01 3.005310e-01 2.692335e+00
-3.136200e-02 3.103720e-01 2.707709e+00
-2.175420e-01 3.657310e-01 2.634689e+00
-2.174620e-01 1.564730e-01 2.766688e+00
-3.799660e-01 -6.628500e-02 2.627717e+00
-6.789300e-02 -3.978500e-02 2.650178e+00
-2.318960e-01 -6.019300e-02 2.758086e+00
-4.709340e-01 1.464300e-02 2.710027e+00
1.016300e-02 1.960200e-02 2.707861e+00
-4.150740e-01 -2.761980e-01 2.618608e+00
-7.257000e-03 -2.761840e-01 2.616900e+00
-4.060350e-01 -3.462320e-01 2.632278e+00
1.165200e-02 -3.276080e-01 2.570303e+00
-3.157620e-01 -6.101260e-01 2.684747e+00
-7.792300e-02 -5.945610e-01 2.698533e+00
-3.121980e-01 -1.037490e+00 2.732152e+00
-1.059120e-01 -1.018722e+00 2.763373e+00
-2.993510e-01 -1.056778e+00 2.557307e+00
-8.025800e-02 -1.046744e+00 2.591139e+00
-2.154920e-01 5.877020e-01 2.634162e+00
-4.061930e-01 2.994340e-01 2.695123e+00
-3.141500e-02 3.083360e-01 2.704475e+00
-2.185950e-01 3.639470e-01 2.634258e+00
-2.169460e-01 1.551230e-01 2.766932e+00
-3.796110e-01 -5.706400e-02 2.628380e+00
-6.623600e-02 -4.708200e-02 2.645484e+00
-2.291670e-01 -6.026500e-02 2.756107e+00
-4.693680e-01 1.279900e-02 2.705075e+00
1.098400e-02 1.782900e-02 2.712069e+00
-4.205360e-01 -2.827260e-01 2.625562e+00
-2.022000e-02 -2.768270e-01 2.621261e+00
-4.048690e-01 -3.508760e-01 2.642398e+00
-9.512000e-03 -3.477640e-01 2.626419e+00
-3.142500e-01 -6.068870e-01 2.682034e+00
-7.839200e-02 -5.953730e-01 2.701150e+00
-3.205510e-01 -1.033766e+00 2.733369e+00
-1.083090e-01 -1.019005e+00 2.768538e+00
-3.109850e-01 -1.054932e+00 2.558530e+00
-8.545500e-02 -1.048053e+00 2.596079e+00
-2.073630e-01 5.820590e-01 2.627858e+00
-4.056240e-01 2.997630e-01 2.689512e+00
-3.114900e-02 3.086510e-01 2.707249e+00
-2.166850e-01 3.639130e-01 2.632536e+00
-2.180840e-01 1.558100e-01 2.766342e+00
-3.825350e-01 -5.408700e-02 2.635093e+00
-6.866900e-02 -4.546700e-02 2.638174e+00
-2.264780e-01 -6.047000e-02 2.755771e+00
-4.717130e-01 1.589100e-02 2.712684e+00
1.244900e-02 1.954600e-02 2.709641e+00
-4.247680e-01 -2.741730e-01 2.618594e+00
-2.393800e-02 -2.743350e-01 2.623014e+00
-4.113720e-01 -3.446540e-01 2.623722e+00
-2.068900e-02 -3.459560e-01 2.628775e+00
-3.103250e-01 -6.047790e-01 2.681583e+00
-8.055900e-02 -5.914890e-01 2.705186e+00
-3.203410e-01 -1.031918e+00 2.730090e+00
-1.024060e-01 -1.016492e+00 2.766794e+00
-3.182360e-01 -1.051866e+00 2.554859e+00
-9.019200e-02 -1.042349e+00 2.592752e+00
-2.068550e-01 5.871110e-01 2.621671e+00
-4.029800e-01 3.028750e-01 2.691532e+00
-2.834900e-02 3.117370e-01 2.705619e+00
-2.146200e-01 3.673500e-01 2.633025e+00
-2.146730e-01 1.585630e-01 2.765768e+00
-3.763280e-01 -5.377100e-02 2.624382e+00
-6.337600e-02 -5.687900e-02 2.649837e+00
-2.296100e-01 -6.419300e-02 2.756000e+00
-4.692760e-01 1.968900e-02 2.701797e+00
1.505700e-02 2.399100e-02 2.709125e+00
-4.249620e-01 -2.737080e-01 2.622649e+00
-2.566400e-02 -2.684410e-01 2.624651e+00
-4.149230e-01 -3.449130e-01 2.624201e+00
-2.014800e-02 -3.400690e-01 2.621142e+00
-3.142110e-01 -6.073340e-01 2.682685e+00
-7.739100e-02 -5.997790e-01 2.707728e+00
-3.235560e-01 -1.034111e+00 2.734394e+00
-9.219800e-02 -1.026374e+00 2.759672e+00
-3.099340e-01 -1.055557e+00 2.559858e+00
-6.947300e-02 -1.048292e+00 2.586146e+00
-2.116000e-01 5.855700e-01 2.638548e+00
-4.041820e-01 2.988250e-01 2.689162e+00
-2.990700e-02 3.143190e-01 2.706567e+00
-2.164670e-01 3.664390e-01 2.632147e+00
-2.140420e-01 1.580600e-01 2.765507e+00
-3.736960e-01 -5.487700e-02 2.626675e+00
-6.068500e-02 -5.917000e-02 2.651202e+00
-2.266190e-01 -6.452500e-02 2.757950e+00
-4.716870e-01 1.567200e-02 2.701574e+00
1.803600e-02 2.693700e-02 2.706635e+00
-4.230650e-01 -2.763650e-01 2.618662e+00
-2.331700e-02 -2.660170e-01 2.623015e+00
-4.204070e-01 -3.481010e-01 2.623161e+00
-1.761800e-02 -3.376050e-01 2.627015e+00
-3.132750e-01 -6.086560e-01 2.686701e+00
-7.923800e-02 -6.025800e-01 2.710129e+00
-3.252530e-01 -1.035824e+00 2.734493e+00
-1.035490e-01 -1.028334e+00 2.765290e+00
-3.120570e-01 -1.055745e+00 2.559744e+00
-8.003700e-02 -1.052114e+00 2.592114e+00
-2.111670e-01 5.845590e-01 2.633676e+00
-4.037260e-01 3.002650e-01 2.690556e+00
-2.900700e-02 3.105090e-01 2.700828e+00
-2.161510e-01 3.642740e-01 2.629093e+00
-2.142460e-01 1.578490e-01 2.765467e+00
-3.747380e-01 -5.475100e-02 2.626895e+00
-6.158700e-02 -5.633600e-02 2.649914e+00
-2.269520e-01 -6.415000e-02 2.757390e+00
-4.730570e-01 1.787500e-02 2.701832e+00
1.693000e-02 2.327700e-02 2.708910e+00
-4.213150e-01 -2.745410e-01 2.623686e+00
-2.360000e-02 -2.694740e-01 2.625573e+00
-4.104330e-01 -3.441890e-01 2.637970e+00
-1.658900e-02 -3.405760e-01 2.617279e+00
-3.154240e-01 -6.077210e-01 2.683864e+00
-8.013500e-02 -6.009170e-01 2.707220e+00
-3.240230e-01 -1.033825e+00 2.740979e+00
-9.466600e-02 -1.027401e+00 2.760139e+00
-3.120410e-01 -1.057440e+00 2.566603e+00
-7.414300e-02 -1.049660e+00 2.586382e+00
-2.127040e-01 5.861510e-01 2.641987e+00
-4.031540e-01 3.017270e-01 2.690257e+00
-2.850800e-02 3.127060e-01 2.702299e+00
-2.154030e-01 3.658770e-01 2.629480e+00
-2.137740e-01 1.599220e-01 2.766567e+00
-3.781050e-01 -5.559100e-02 2.626130e+00
-6.491700e-02 -5.496700e-02 2.648688e+00
-2.300620e-01 -6.436000e-02 2.756376e+00
-4.737260e-01 2.166500e-02 2.711231e+00
1.163200e-02 2.596500e-02 2.707137e+00
-4.257750e-01 -2.680520e-01 2.626732e+00
-2.440000e-02 -2.650870e-01 2.621313e+00
-4.110460e-01 -3.383060e-01 2.622187e+00
-1.608200e-02 -3.363150e-01 2.626857e+00
-3.138790e-01 -6.080500e-01 2.683648e+00
-7.958300e-02 -5.993210e-01 2.707737e+00
-3.231570e-01 -1.034107e+00 2.741002e+00
-1.017740e-01 -1.024959e+00 2.764656e+00
-3.110380e-01 -1.057841e+00 2.566652e+00
-7.902200e-02 -1.049306e+00 2.591458e+00
-2.190700e-01 5.877460e-01 2.635391e+00
-4.042640e-01 3.003660e-01 2.693938e+00
-2.971800e-02 3.152810e-01 2.704802e+00
-2.174640e-01 3.676260e-01 2.633593e+00
-2.130440e-01 1.593720e-01 2.767097e+00
-3.763250e-01 -5.473200e-02 2.623888e+00
-6.344700e-02 -5.705900e-02 2.650306e+00
-2.299870e-01 -6.372000e-02 2.756032e+00
-4.741820e-01 1.974600e-02 2.711750e+00
1.381100e-02 2.882500e-02 2.706109e+00
-4.224780e-01 -2.673100e-01 2.620040e+00
-2.522700e-02 -2.641380e-01 2.627793e+00
-4.113460e-01 -3.383290e-01 2.622423e+00
-1.703200e-02 -3.355200e-01 2.624518e+00
-3.143000e-01 -6.074420e-01 2.688320e+00
-7.903400e-02 -6.006820e-01 2.708315e+00
-3.236000e-01 -1.035636e+00 2.726574e+00
-9.945500e-02 -1.027002e+00 2.760612e+00
-3.090300e-01 -1.051591e+00 2.551528e+00
-7.521500e-02 -1.049416e+00 2.587355e+00
-2.137690e-01 5.860040e-01 2.625422e+00
