-3.785880e-01 2.794720e-01 2.665838e+00
-2.095890e-01 2.860255e-01 2.631889e+00
-4.059000e-02 2.925790e-01 2.597940e+00
-1.408695e-01 3.127805e-01 2.540893e+00
-2.411490e-01 3.329820e-01 2.483846e+00
-2.145395e-01 2.457625e-01 2.599474e+00
-1.879300e-01 1.585430e-01 2.715103e+00
-2.824075e-01 5.106250e-02 2.660135e+00
-3.768850e-01 -5.641800e-02 2.605167e+00
-2.097665e-01 -5.856200e-02 2.566708e+00
-4.264800e-02 -6.070600e-02 2.528249e+00
-1.133470e-01 -6.143300e-02 2.603460e+00
-1.840460e-01 -6.216000e-02 2.678671e+00
-3.092905e-01 -2.753500e-02 2.673945e+00
-4.345350e-01 7.090000e-03 2.669219e+00
-2.074635e-01 1.442150e-02 2.643106e+00
1.960800e-02 2.175300e-02 2.616993e+00
-1.948015e-01 -1.296895e-01 2.618066e+00
-4.092110e-01 -2.811320e-01 2.619139e+00
-2.002210e-01 -2.763250e-01 2.613164e+00
8.769000e-03 -2.715180e-01 2.607189e+00
-1.858800e-01 -3.056245e-01 2.610342e+00
-3.805290e-01 -3.397310e-01 2.613496e+00
-1.954530e-01 -3.343040e-01 2.622909e+00
-1.037700e-02 -3.288770e-01 2.632322e+00
-1.501905e-01 -4.429265e-01 2.662207e+00
-2.900040e-01 -5.569760e-01 2.692092e+00
-1.897040e-01 -5.550610e-01 2.680821e+00
-8.940400e-02 -5.531460e-01 2.669550e+00
-1.879855e-01 -7.557575e-01 2.714442e+00
-2.865670e-01 -9.583690e-01 2.759334e+00
-1.806070e-01 -9.558500e-01 2.750784e+00
-7.464700e-02 -9.533310e-01 2.742235e+00
-1.982420e-01 -9.687090e-01 2.674924e+00
-3.218370e-01 -9.840870e-01 2.607614e+00
-2.157680e-01 -9.830885e-01 2.599312e+00
-1.096990e-01 -9.820900e-01 2.591010e+00
-1.662975e-01 -2.150080e-01 2.560382e+00
-2.228960e-01 5.520740e-01 2.529753e+00
-3.008235e-01 4.153435e-01 2.601827e+00
-3.787510e-01 2.786130e-01 2.673900e+00
-2.102095e-01 2.844740e-01 2.637628e+00
-4.166800e-02 2.903350e-01 2.601356e+00
-1.425450e-01 3.135505e-01 2.546553e+00
-2.434220e-01 3.367660e-01 2.491751e+00
-2.160980e-01 2.453900e-01 2.603952e+00
-1.887740e-01 1.540140e-01 2.716153e+00
-2.831085e-01 4.801750e-02 2.658231e+00
-3.774430e-01 -5.797900e-02 2.600310e+00
-2.092995e-01 -5.917500e-02 2.566567e+00
-4.115600e-02 -6.037100e-02 2.532825e+00
-1.139365e-01 -6.139900e-02 2.606020e+00
-1.867170e-01 -6.242700e-02 2.679216e+00
-3.097645e-01 -2.860350e-02 2.674516e+00
-4.328120e-01 5.220000e-03 2.669816e+00
-2.079340e-01 1.164850e-02 2.641139e+00
1.694400e-02 1.807700e-02 2.612462e+00
-1.927970e-01 -1.324380e-01 2.615395e+00
-4.025380e-01 -2.829530e-01 2.618329e+00
-1.973760e-01 -2.795030e-01 2.613463e+00
7.786000e-03 -2.760530e-01 2.608598e+00
-1.864795e-01 -3.103580e-01 2.612324e+00
-3.807450e-01 -3.446630e-01 2.616049e+00
-1.948230e-01 -3.382830e-01 2.627245e+00
-8.901000e-03 -3.319030e-01 2.638440e+00
-1.495980e-01 -4.441525e-01 2.667220e+00
-2.902950e-01 -5.564020e-01 2.696001e+00
-1.919690e-01 -5.556890e-01 2.682120e+00
-9.364300e-02 -5.549760e-01 2.668240e+00
-1.900435e-01 -7.568170e-01 2.713043e+00
-2.864440e-01 -9.586580e-01 2.757846e+00
-1.791750e-01 -9.564565e-01 2.750967e+00
-7.190600e-02 -9.542550e-01 2.744089e+00
-1.946130e-01 -9.683645e-01 2.674475e+00
-3.173200e-01 -9.824740e-01 2.604862e+00
-2.100660e-01 -9.836225e-01 2.598584e+00
-1.028120e-01 -9.847710e-01 2.592306e+00
-1.625510e-01 -2.193385e-01 2.560326e+00
-2.222900e-01 5.460940e-01 2.528346e+00
-2.995130e-01 4.170770e-01 2.602161e+00
-3.767360e-01 2.880600e-01 2.675975e+00
-2.086920e-01 2.890190e-01 2.637033e+00
-4.064800e-02 2.899780e-01 2.598091e+00
-1.417750e-01 3.145890e-01 2.544369e+00
-2.429020e-01 3.392000e-01 2.490646e+00
-2.160630e-01 2.494290e-01 2.604251e+00
-1.892240e-01 1.596580e-01 2.717856e+00
-2.831975e-01 5.250750e-02 2.659510e+00
-3.771710e-01 -5.464300e-02 2.601164e+00
-2.086275e-01 -5.633700e-02 2.569500e+00
-4.008400e-02 -5.803100e-02 2.537837e+00
-1.137650e-01 -5.878950e-02 2.610130e+00
-1.874460e-01 -5.954800e-02 2.682422e+00
-3.105365e-01 -2.204950e-02 2.675114e+00
-4.336270e-01 1.544900e-02 2.667805e+00
-2.085470e-01 1.662450e-02 2.641152e+00
1.653300e-02 1.780000e-02 2.614499e+00
-1.946495e-01 -1.283235e-01 2.620367e+00
-4.058320e-01 -2.744470e-01 2.626234e+00
-1.978975e-01 -2.752935e-01 2.615410e+00
1.003700e-02 -2.761400e-01 2.604586e+00
-1.862430e-01 -3.043960e-01 2.605961e+00
-3.825230e-01 -3.326520e-01 2.607335e+00
-1.970460e-01 -3.339865e-01 2.614891e+00
-1.156900e-02 -3.353210e-01 2.622446e+00
-1.516305e-01 -4.446795e-01 2.658957e+00
-2.916920e-01 -5.540380e-01 2.695469e+00
-1.921340e-01 -5.536570e-01 2.681878e+00
-9.257600e-02 -5.532760e-01 2.668287e+00
-1.899375e-01 -7.552435e-01 2.709631e+00
-2.872990e-01 -9.572110e-01 2.750975e+00
-1.797660e-01 -9.552410e-01 2.745824e+00
-7.223300e-02 -9.532710e-01 2.740673e+00
-1.944025e-01 -9.659770e-01 2.669002e+00
-3.165720e-01 -9.786830e-01 2.597330e+00
-2.089835e-01 -9.805095e-01 2.592796e+00
-1.013950e-01 -9.823360e-01 2.588261e+00
-1.589810e-01 -2.153455e-01 2.558128e+00
-2.165670e-01 5.516450e-01 2.527994e+00
-2.976795e-01 4.165400e-01 2.599221e+00
-3.787920e-01 2.814350e-01 2.670447e+00
-2.097575e-01 2.862880e-01 2.636387e+00
-4.072300e-02 2.911410e-01 2.602327e+00
-1.407735e-01 3.139500e-01 2.545863e+00
-2.408240e-01 3.367590e-01 2.489400e+00
-2.153205e-01 2.467825e-01 2.603150e+00
-1.898170e-01 1.568060e-01 2.716900e+00
-2.836545e-01 5.148400e-02 2.657811e+00
-3.774920e-01 -5.383800e-02 2.598722e+00
-2.085060e-01 -5.670150e-02 2.569608e+00
-3.952000e-02 -5.956500e-02 2.540493e+00
-1.142730e-01 -5.909400e-02 2.611679e+00
-1.890260e-01 -5.862300e-02 2.682864e+00
-3.132780e-01 -2.472350e-02 2.675520e+00
-4.375300e-01 9.176000e-03 2.668175e+00
-2.090520e-01 1.440050e-02 2.643025e+00
1.942600e-02 1.962500e-02 2.617875e+00
-1.934945e-01 -1.301160e-01 2.620730e+00
-4.064150e-01 -2.798570e-01 2.623584e+00
-1.974975e-01 -2.769950e-01 2.614852e+00
1.142000e-02 -2.741330e-01 2.606119e+00
-1.860985e-01 -3.075295e-01 2.611724e+00
-3.836170e-01 -3.409260e-01 2.617329e+00
-1.970350e-01 -3.370420e-01 2.620751e+00
-1.045300e-02 -3.331580e-01 2.624173e+00
-1.507215e-01 -4.434430e-01 2.660286e+00
-2.909900e-01 -5.537280e-01 2.696399e+00
-1.919745e-01 -5.540355e-01 2.682892e+00
-9.295900e-02 -5.543430e-01 2.669384e+00
-1.903435e-01 -7.556365e-01 2.710582e+00
-2.877280e-01 -9.569300e-01 2.751780e+00
-1.810120e-01 -9.554905e-01 2.747780e+00
-7.429600e-02 -9.540510e-01 2.743780e+00
-1.945775e-01 -9.661795e-01 2.670755e+00
-3.148590e-01 -9.783080e-01 2.597730e+00
-2.080810e-01 -9.810200e-01 2.594410e+00
-1.013030e-01 -9.837320e-01 2.591090e+00
-1.584070e-01 -2.185550e-01 2.557225e+00
-2.155110e-01 5.466220e-01 2.523359e+00
-2.982675e-01 4.165785e-01 2.602861e+00
-3.810240e-01 2.865350e-01 2.682364e+00
-2.128285e-01 2.915300e-01 2.644395e+00
-4.463300e-02 2.965250e-01 2.606426e+00
-1.458880e-01 3.212210e-01 2.552984e+00
-2.471430e-01 3.459170e-01 2.499543e+00
-2.193795e-01 2.529215e-01 2.610296e+00
-1.916160e-01 1.599260e-01 2.721049e+00
-2.847545e-01 5.355200e-02 2.661455e+00
-3.778930e-01 -5.282200e-02 2.601861e+00
-2.092230e-01 -5.463650e-02 2.570885e+00
-4.055300e-02 -5.645100e-02 2.539909e+00
-1.145265e-01 -5.703600e-02 2.611903e+00
-1.885000e-01 -5.762100e-02 2.683897e+00
-3.107120e-01 -2.166400e-02 2.670331e+00
-4.329240e-01 1.429300e-02 2.656765e+00
-2.088615e-01 1.953100e-02 2.634469e+00
1.520100e-02 2.476900e-02 2.612172e+00
-1.970535e-01 -1.261750e-01 2.619566e+00
-4.093080e-01 -2.771190e-01 2.626959e+00
-1.984295e-01 -2.730305e-01 2.614737e+00
1.244900e-02 -2.689420e-01 2.602515e+00
-1.860175e-01 -3.029230e-01 2.609794e+00
-3.844840e-01 -3.369040e-01 2.617072e+00
-1.982925e-01 -3.328745e-01 2.614723e+00
-1.210100e-02 -3.288450e-01 2.612374e+00
-1.524910e-01 -4.403600e-01 2.655289e+00
-2.928810e-01 -5.518750e-01 2.698203e+00
-1.928580e-01 -5.518445e-01 2.683702e+00
-9.283500e-02 -5.518140e-01 2.669201e+00
-1.898560e-01 -7.531395e-01 2.713426e+00
-2.868770e-01 -9.544650e-01 2.757651e+00
-1.812925e-01 -9.531450e-01 2.749988e+00
-7.570800e-02 -9.518250e-01 2.742325e+00
-1.956645e-01 -9.646935e-01 2.673234e+00
-3.156210e-01 -9.775620e-01 2.604142e+00
-2.098535e-01 -9.792445e-01 2.596958e+00
-1.040860e-01 -9.809270e-01 2.589773e+00
-1.624820e-01 -2.167390e-01 2.557229e+00
-2.208780e-01 5.474490e-01 2.524685e+00
-2.992795e-01 4.174780e-01 2.600892e+00
-3.776810e-01 2.875070e-01 2.677099e+00
-4.181700e-02 2.880770e-01 2.598231e+00
-2.442870e-01 3.367450e-01 2.490939e+00
-1.902980e-01 1.591130e-01 2.719573e+00
-3.794540e-01 -5.521000e-02 2.602261e+00
-4.163300e-02 -5.751700e-02 2.542925e+00
-1.906850e-01 -5.919800e-02 2.685764e+00
-4.369780e-01 1.566300e-02 2.668568e+00
1.416200e-02 1.539700e-02 2.597960e+00
-4.098710e-01 -2.732910e-01 2.622041e+00
8.941000e-03 -2.775650e-01 2.574723e+00
-3.938690e-01 -3.366850e-01 2.618376e+00
-1.988500e-02 -3.266100e-01 2.607157e+00
-2.920490e-01 -5.546050e-01 2.696934e+00
-9.337100e-02 -5.531500e-01 2.671792e+00
-2.896480e-01 -9.578100e-01 2.752329e+00
-7.685100e-02 -9.531750e-01 2.744980e+00
-3.168360e-01 -9.791360e-01 2.598282e+00
-1.038570e-01 -9.822480e-01 2.592173e+00
-2.147430e-01 5.457190e-01 2.519502e+00
-3.809140e-01 2.724460e-01 2.677814e+00
-4.602900e-02 2.967790e-01 2.598536e+00
-2.515660e-01 3.306740e-01 2.491394e+00
-1.848130e-01 1.578170e-01 2.720316e+00
-3.767310e-01 -6.049100e-02 2.610939e+00
-4.240400e-02 -6.127000e-02 2.534299e+00
-1.838900e-01 -6.202200e-02 2.684644e+00
-4.394160e-01 -4.290000e-04 2.671009e+00
1.812200e-02 3.027200e-02 2.545732e+00
-4.033860e-01 -2.890210e-01 2.623023e+00
1.004100e-02 -2.572050e-01 2.481096e+00
-3.887530e-01 -3.524300e-01 2.630337e+00
-5.772000e-03 -3.110640e-01 2.514821e+00
-2.922740e-01 -5.588230e-01 2.703010e+00
-9.351800e-02 -5.563440e-01 2.673772e+00
-2.857010e-01 -9.617730e-01 2.759909e+00
-7.947400e-02 -9.576060e-01 2.740409e+00
-3.209010e-01 -9.838540e-01 2.607600e+00
-1.141600e-01 -9.840190e-01 2.588673e+00
-2.248490e-01 5.459510e-01 2.526450e+00
-3.771180e-01 2.752380e-01 2.680615e+00
-4.273000e-02 2.963570e-01 2.598375e+00
-2.488240e-01 3.351790e-01 2.494010e+00
-1.822590e-01 1.570690e-01 2.718925e+00
-3.752150e-01 -6.327200e-02 2.617362e+00
-4.293000e-02 -6.200700e-02 2.532308e+00
-1.805730e-01 -6.242700e-02 2.686181e+00
-4.333740e-01 2.717000e-03 2.682666e+00
5.158000e-03 4.481400e-02 2.489428e+00
-4.063410e-01 -2.839670e-01 2.624206e+00
-9.236000e-03 -2.270740e-01 2.378947e+00
-3.815590e-01 -3.445490e-01 2.626181e+00
-4.132800e-02 -2.834030e-01 2.369706e+00
-2.902660e-01 -5.614640e-01 2.705571e+00
-9.081800e-02 -5.572330e-01 2.675844e+00
-2.887730e-01 -9.649870e-01 2.758642e+00
-7.621100e-02 -9.582870e-01 2.743603e+00
-3.273050e-01 -9.850910e-01 2.606867e+00
-1.143750e-01 -9.851590e-01 2.592786e+00
-2.213050e-01 5.505330e-01 2.533754e+00
-3.813090e-01 2.846400e-01 2.690545e+00
-5.104200e-02 3.046490e-01 2.592827e+00
-2.618060e-01 3.390790e-01 2.496562e+00
-1.842140e-01 1.687020e-01 2.723920e+00
-3.670280e-01 -6.874900e-02 2.620846e+00
-3.491900e-02 -4.949400e-02 2.537288e+00
-1.730380e-01 -5.721000e-02 2.690540e+00
-4.298680e-01 1.172100e-02 2.690934e+00
-8.792000e-03 8.043300e-02 2.435394e+00
-3.992050e-01 -2.732890e-01 2.631742e+00
-5.878800e-02 -1.614750e-01 2.278375e+00
-3.816170e-01 -3.358180e-01 2.623434e+00
-8.189400e-02 -2.223440e-01 2.271348e+00
-2.876350e-01 -5.618110e-01 2.704581e+00
-8.915200e-02 -5.538480e-01 2.669794e+00
-2.874250e-01 -9.653930e-01 2.757219e+00
-7.599800e-02 -9.539290e-01 2.743355e+00
-3.239550e-01 -9.852760e-01 2.604921e+00
-1.119090e-01 -9.828710e-01 2.592367e+00
-2.281790e-01 5.598890e-01 2.535473e+00
-3.747090e-01 2.593830e-01 2.700630e+00
-5.597400e-02 3.092180e-01 2.578362e+00
-2.753790e-01 3.181380e-01 2.496779e+00
-1.647080e-01 1.655920e-01 2.723104e+00
-3.556200e-01 -6.603600e-02 2.634334e+00
-3.446000e-02 -5.493400e-02 2.514407e+00
-1.549790e-01 -5.647600e-02 2.682024e+00
-4.294790e-01 -1.026300e-02 2.705057e+00
-4.380900e-02 1.391450e-01 2.362364e+00
-3.865220e-01 -2.881040e-01 2.631640e+00
-1.349230e-01 -5.384400e-02 2.165172e+00
-3.692540e-01 -3.502850e-01 2.620526e+00
-1.588090e-01 -1.060730e-01 2.133710e+00
-2.903300e-01 -5.614920e-01 2.704571e+00
-8.593700e-02 -5.553990e-01 2.664607e+00
-2.866330e-01 -9.643190e-01 2.762590e+00
-7.627700e-02 -9.541230e-01 2.745696e+00
-3.419990e-01 -9.858940e-01 2.616324e+00
-1.293810e-01 -9.849870e-01 2.600259e+00
-2.283690e-01 5.533330e-01 2.538099e+00
-3.742040e-01 2.592940e-01 2.708822e+00
-6.269600e-02 3.250850e-01 2.575933e+00
-2.854020e-01 3.284330e-01 2.503376e+00
-1.602030e-01 1.727770e-01 2.719795e+00
-3.552870e-01 -6.141400e-02 2.639463e+00
-3.911500e-02 -4.307500e-02 2.507751e+00
-1.531990e-01 -4.869100e-02 2.679727e+00
-4.344370e-01 -8.656000e-03 2.720193e+00
-6.735700e-02 1.871240e-01 2.338237e+00
-3.883220e-01 -2.839530e-01 2.640680e+00
-1.808470e-01 3.478900e-02 2.118803e+00
-3.793780e-01 -3.481970e-01 2.631686e+00
-2.158390e-01 -1.776000e-03 2.077249e+00
-2.875480e-01 -5.543190e-01 2.706706e+00
-8.673000e-02 -5.459360e-01 2.658914e+00
-2.859000e-01 -9.583320e-01 2.755900e+00
-7.620300e-02 -9.441920e-01 2.742167e+00
-3.459720e-01 -9.762210e-01 2.611000e+00
-1.358190e-01 -9.756130e-01 2.599398e+00
-2.351010e-01 5.617830e-01 2.543191e+00
-3.739870e-01 2.576320e-01 2.721902e+00
-6.933100e-02 3.244450e-01 2.574439e+00
-2.960250e-01 3.503110e-01 2.521387e+00
-1.659140e-01 1.588100e-01 2.703429e+00
-3.491460e-01 -5.533700e-02 2.648776e+00
-4.286900e-02 -3.897100e-02 2.495234e+00
-1.446100e-01 -4.479700e-02 2.674781e+00
-4.296790e-01 -9.772000e-03 2.726868e+00
-9.403100e-02 2.258690e-01 2.320857e+00
-3.879040e-01 -2.820700e-01 2.641327e+00
-2.331870e-01 1.123050e-01 2.095142e+00
-3.821530e-01 -3.473010e-01 2.640960e+00
-2.739600e-01 8.105000e-02 2.054535e+00
-2.863500e-01 -5.500610e-01 2.702771e+00
-8.672500e-02 -5.405350e-01 2.654503e+00
-2.839310e-01 -9.536000e-01 2.755684e+00
-7.490600e-02 -9.370990e-01 2.745313e+00
-3.548050e-01 -9.723580e-01 2.615864e+00
-1.452910e-01 -9.706320e-01 2.608033e+00
-2.346610e-01 5.519730e-01 2.540605e+00
-3.253600e-01 2.374070e-01 2.737963e+00
-7.833100e-02 2.682960e-01 2.501855e+00
-3.109010e-01 2.783700e-01 2.507775e+00
-1.227450e-01 1.389700e-01 2.686397e+00
-3.203630e-01 -7.147000e-02 2.686405e+00
-6.807200e-02 -9.259000e-02 2.454992e+00
-1.164490e-01 -8.011700e-02 2.655308e+00
-4.264980e-01 -1.366900e-02 2.725560e+00
-1.602710e-01 2.608950e-01 2.243683e+00
-3.860190e-01 -2.816780e-01 2.633951e+00
-3.460800e-01 1.789690e-01 2.042132e+00
-3.812880e-01 -3.469540e-01 2.636162e+00
-3.789670e-01 1.629190e-01 1.987827e+00
-2.854800e-01 -5.789840e-01 2.711133e+00
-8.079500e-02 -5.716770e-01 2.669997e+00
-2.815930e-01 -9.835820e-01 2.755112e+00
-7.406400e-02 -9.713860e-01 2.746396e+00
-3.914690e-01 -9.968750e-01 2.642528e+00
-1.805700e-01 -9.949920e-01 2.632274e+00
-2.240920e-01 5.335150e-01 2.544329e+00
-2.879300e-01 2.200210e-01 2.767704e+00
-7.987200e-02 2.476130e-01 2.498831e+00
-3.055020e-01 2.766860e-01 2.541089e+00
-1.058930e-01 1.091950e-01 2.678362e+00
-2.870430e-01 -7.529900e-02 2.703742e+00
-7.789100e-02 -1.240160e-01 2.436289e+00
-9.193700e-02 -9.975300e-02 2.640829e+00
-4.352630e-01 1.888000e-03 2.709155e+00
-1.681640e-01 3.070440e-01 2.251062e+00
-3.832050e-01 -2.666370e-01 2.630043e+00
-3.622830e-01 2.819880e-01 2.044267e+00
-3.764030e-01 -3.309580e-01 2.619807e+00
-4.182790e-01 2.740270e-01 2.011261e+00
-2.959250e-01 -5.887680e-01 2.710359e+00
-8.094100e-02 -5.897950e-01 2.678361e+00
-2.788250e-01 -9.911520e-01 2.769042e+00
-6.922700e-02 -9.869830e-01 2.766418e+00
-4.085350e-01 -1.009513e+00 2.680937e+00
-1.949040e-01 -1.011182e+00 2.673983e+00
-2.161170e-01 5.184910e-01 2.580485e+00
-3.497140e-01 2.556750e-01 2.739090e+00
-7.144500e-02 2.617660e-01 2.546652e+00
-2.934350e-01 3.126370e-01 2.518950e+00
-1.604540e-01 1.274320e-01 2.705380e+00
-3.402430e-01 -7.441200e-02 2.655851e+00
-5.857700e-02 -8.535200e-02 2.460419e+00
-1.340170e-01 -6.574400e-02 2.651592e+00
-4.327710e-01 4.262000e-03 2.696068e+00
-1.387630e-01 3.321200e-01 2.296700e+00
-3.919580e-01 -2.688140e-01 2.632892e+00
-2.927520e-01 4.028460e-01 2.069736e+00
-3.766830e-01 -3.296700e-01 2.614143e+00
-3.413010e-01 3.925070e-01 2.027023e+00
-2.917330e-01 -5.758470e-01 2.703409e+00
-8.276500e-02 -5.685940e-01 2.667527e+00
-2.798380e-01 -9.787590e-01 2.759710e+00
-7.039300e-02 -9.633020e-01 2.766026e+00
-3.736180e-01 -9.990470e-01 2.634338e+00
-1.594780e-01 -9.974820e-01 2.640248e+00
-2.115030e-01 5.515510e-01 2.628535e+00
-3.708270e-01 3.069490e-01 2.677205e+00
-6.961800e-02 2.766600e-01 2.540606e+00
-2.766630e-01 3.179520e-01 2.462995e+00
-1.819300e-01 1.764100e-01 2.703271e+00
-3.583600e-01 -5.517400e-02 2.631897e+00
-5.115300e-02 -7.067200e-02 2.480132e+00
-1.536500e-01 -5.499200e-02 2.658657e+00
-4.278470e-01 4.558900e-02 2.684827e+00
-6.929200e-02 3.878990e-01 2.297205e+00
-4.099980e-01 -2.306730e-01 2.628168e+00
-1.568830e-01 5.273560e-01 2.067577e+00
-3.986640e-01 -2.942760e-01 2.617473e+00
-2.042870e-01 5.330370e-01 2.022758e+00
-2.920460e-01 -5.598170e-01 2.694064e+00
-9.052200e-02 -5.565750e-01 2.662158e+00
-2.854550e-01 -9.624540e-01 2.753131e+00
-7.204900e-02 -9.552100e-01 2.742145e+00
-3.570570e-01 -9.840230e-01 2.614089e+00
-1.418200e-01 -9.861720e-01 2.603950e+00
-2.257510e-01 5.686940e-01 2.548057e+00
-3.849470e-01 2.928110e-01 2.677735e+00
-7.553600e-02 2.985420e-01 2.546735e+00
-2.875680e-01 3.199170e-01 2.466415e+00
-1.839010e-01 1.822420e-01 2.705244e+00
-3.593620e-01 -4.587600e-02 2.617499e+00
-4.333900e-02 -6.073100e-02 2.484993e+00
-1.567460e-01 -4.816400e-02 2.657049e+00
-4.342200e-01 3.166800e-02 2.675570e+00
2.830000e-03 3.906960e-01 2.310102e+00
-4.094090e-01 -2.446110e-01 2.633143e+00
-1.906000e-02 5.371850e-01 2.071760e+00
-3.953260e-01 -3.073970e-01 2.620986e+00
-4.547200e-02 5.634740e-01 2.017912e+00
-2.921050e-01 -5.480960e-01 2.694541e+00
-9.395600e-02 -5.484650e-01 2.657639e+00
-2.894970e-01 -9.500210e-01 2.758559e+00
-7.318300e-02 -9.452150e-01 2.745998e+00
-3.518160e-01 -9.732320e-01 2.615373e+00
-1.341800e-01 -9.799040e-01 2.604575e+00
-2.265660e-01 5.717970e-01 2.517436e+00
-3.822060e-01 3.007740e-01 2.675533e+00
-6.358300e-02 3.130910e-01 2.553682e+00
-2.775130e-01 3.434210e-01 2.470364e+00
-1.833680e-01 1.857230e-01 2.700600e+00
-3.609090e-01 -3.712200e-02 2.612648e+00
-4.029300e-02 -5.547500e-02 2.492159e+00
-1.599660e-01 -4.158200e-02 2.659813e+00
-4.363440e-01 4.308700e-02 2.671540e+00
7.661300e-02 3.565860e-01 2.335044e+00
-4.160700e-01 -2.319430e-01 2.635942e+00
1.519420e-01 4.758490e-01 2.095416e+00
-4.067860e-01 -2.967430e-01 2.634214e+00
1.786510e-01 5.097900e-01 2.046193e+00
-2.938640e-01 -5.408060e-01 2.691821e+00
-9.672200e-02 -5.454460e-01 2.650730e+00
-2.914680e-01 -9.435730e-01 2.750319e+00
-7.923000e-02 -9.409590e-01 2.745137e+00
-3.486730e-01 -9.650560e-01 2.604749e+00
-1.350680e-01 -9.775760e-01 2.602078e+00
-2.449030e-01 5.740060e-01 2.510480e+00
-3.813310e-01 2.861770e-01 2.673206e+00
-6.072400e-02 3.343240e-01 2.555230e+00
-2.793020e-01 3.518320e-01 2.472823e+00
-1.736190e-01 1.867850e-01 2.692667e+00
-3.652630e-01 -3.743500e-02 2.611738e+00
-4.289900e-02 -4.457800e-02 2.494781e+00
-1.648480e-01 -3.900200e-02 2.661273e+00
-4.452640e-01 3.099800e-02 2.676019e+00
1.392540e-01 2.538730e-01 2.404405e+00
-4.150990e-01 -2.425310e-01 2.638097e+00
3.074710e-01 2.466310e-01 2.183460e+00
-4.089810e-01 -3.075910e-01 2.633841e+00
3.571680e-01 2.136180e-01 2.156466e+00
-2.951780e-01 -5.379450e-01 2.689737e+00
-1.028600e-01 -5.407680e-01 2.641504e+00
-2.921680e-01 -9.407390e-01 2.748019e+00
-8.290400e-02 -9.347690e-01 2.741572e+00
-3.467180e-01 -9.623540e-01 2.601453e+00
-1.356730e-01 -9.739020e-01 2.598015e+00
-2.667150e-01 5.712500e-01 2.506636e+00
-3.769910e-01 2.792600e-01 2.681289e+00
-6.013800e-02 3.335380e-01 2.556058e+00
-2.808480e-01 3.471770e-01 2.478761e+00
-1.670930e-01 1.836740e-01 2.695712e+00
-3.656150e-01 -3.770500e-02 2.616324e+00
-4.600800e-02 -4.861300e-02 2.492303e+00
-1.641870e-01 -4.146100e-02 2.661433e+00
-4.518610e-01 3.008300e-02 2.693488e+00
1.186320e-01 1.807910e-01 2.444019e+00
-4.168140e-01 -2.366090e-01 2.636154e+00
2.901760e-01 3.793100e-02 2.283382e+00
-4.053600e-01 -2.992140e-01 2.620737e+00
3.149170e-01 -2.083000e-02 2.268439e+00
-2.971300e-01 -5.398310e-01 2.690412e+00
-1.004230e-01 -5.431810e-01 2.641127e+00
-2.897920e-01 -9.416770e-01 2.754562e+00
-8.166000e-02 -9.376840e-01 2.739436e+00
-3.482110e-01 -9.658370e-01 2.609897e+00
-1.379360e-01 -9.758660e-01 2.596959e+00
-2.721770e-01 5.665330e-01 2.513065e+00
-3.809310e-01 2.824310e-01 2.685370e+00
-6.548200e-02 3.338000e-01 2.555455e+00
-2.871610e-01 3.489700e-01 2.481279e+00
-1.716140e-01 1.852150e-01 2.697089e+00
-3.637510e-01 -4.376300e-02 2.618076e+00
-4.594700e-02 -4.487300e-02 2.489047e+00
-1.616110e-01 -4.344700e-02 2.660051e+00
-4.460290e-01 2.796300e-02 2.688730e+00
5.919500e-02 1.243550e-01 2.457521e+00
-4.110650e-01 -2.414080e-01 2.632606e+00
1.705700e-01 -1.069650e-01 2.352545e+00
-4.110690e-01 -3.068170e-01 2.635746e+00
1.686140e-01 -1.717830e-01 2.343432e+00
-2.949300e-01 -5.422100e-01 2.691767e+00
-9.983900e-02 -5.414010e-01 2.642944e+00
-2.928220e-01 -9.452020e-01 2.748707e+00
-8.053600e-02 -9.353260e-01 2.743442e+00
-3.524330e-01 -9.659600e-01 2.604000e+00
-1.379660e-01 -9.743150e-01 2.601646e+00
-2.617380e-01 5.700390e-01 2.512162e+00
-3.768130e-01 2.637000e-01 2.680750e+00
-6.345800e-02 3.174500e-01 2.546793e+00
-2.862020e-01 3.315010e-01 2.475649e+00
-1.667660e-01 1.677380e-01 2.689326e+00
-3.663640e-01 -6.393500e-02 2.621864e+00
-5.051700e-02 -5.509500e-02 2.488404e+00
-1.637390e-01 -5.816500e-02 2.661012e+00
-4.424450e-01 6.353000e-03 2.684524e+00
-3.236800e-02 7.328500e-02 2.446965e+00
-4.037230e-01 -2.659130e-01 2.629488e+00
-7.500100e-02 -1.813710e-01 2.337466e+00
-3.876830e-01 -3.291290e-01 2.623593e+00
-1.060540e-01 -2.388920e-01 2.333558e+00
-2.900090e-01 -5.598320e-01 2.692743e+00
-9.163600e-02 -5.508450e-01 2.652552e+00
-2.889430e-01 -9.623440e-01 2.753012e+00
-7.726800e-02 -9.483390e-01 2.738813e+00
-3.492760e-01 -9.841040e-01 2.608752e+00
-1.358650e-01 -9.814480e-01 2.596003e+00
-2.467320e-01 5.597740e-01 2.518089e+00
-3.718440e-01 2.719270e-01 2.681179e+00
-5.722400e-02 3.173530e-01 2.547106e+00
-2.795390e-01 3.369370e-01 2.475929e+00
-1.643190e-01 1.706460e-01 2.689967e+00
-3.616530e-01 -5.780300e-02 2.622384e+00
-4.574800e-02 -5.359900e-02 2.488834e+00
-1.590040e-01 -5.231700e-02 2.661443e+00
-4.380310e-01 1.304700e-02 2.677835e+00
-7.580400e-02 7.938200e-02 2.426961e+00
-4.020690e-01 -2.618080e-01 2.625118e+00
-2.266710e-01 -1.114140e-01 2.283942e+00
-3.869580e-01 -3.209370e-01 2.601376e+00
-2.764210e-01 -1.443570e-01 2.256963e+00
-2.906260e-01 -5.561680e-01 2.688808e+00
-8.735700e-02 -5.465750e-01 2.659140e+00
-2.857950e-01 -9.582140e-01 2.751935e+00
-7.499900e-02 -9.454790e-01 2.738963e+00
-3.472890e-01 -9.814900e-01 2.608404e+00
-1.340440e-01 -9.759650e-01 2.595754e+00
-2.312930e-01 5.682130e-01 2.525060e+00
-3.688310e-01 2.778820e-01 2.667301e+00
-4.675200e-02 3.222840e-01 2.551893e+00
-2.644180e-01 3.413480e-01 2.467441e+00
-1.622500e-01 1.766570e-01 2.689205e+00
-3.582720e-01 -5.107800e-02 2.610606e+00
-3.492000e-02 -5.078600e-02 2.496183e+00
-1.583110e-01 -4.496300e-02 2.661602e+00
-4.461300e-01 2.351500e-02 2.682535e+00
-1.107550e-01 1.230270e-01 2.387241e+00
-4.008470e-01 -2.473810e-01 2.622333e+00
-3.080420e-01 6.281000e-03 2.224430e+00
-3.894330e-01 -3.109980e-01 2.611807e+00
-3.662580e-01 -1.736600e-02 2.205991e+00
-2.889210e-01 -5.496130e-01 2.687561e+00
-8.732800e-02 -5.446540e-01 2.658303e+00
-2.867620e-01 -9.516670e-01 2.750785e+00
-7.369300e-02 -9.439300e-01 2.736036e+00
-3.396880e-01 -9.750500e-01 2.603895e+00
-1.248360e-01 -9.741530e-01 2.589764e+00
-2.237930e-01 5.719500e-01 2.516065e+00
-3.466680e-01 2.704850e-01 2.712488e+00
-4.360100e-02 3.214810e-01 2.555724e+00
-2.705180e-01 3.532100e-01 2.506985e+00
-1.425300e-01 1.639740e-01 2.692860e+00
-3.541970e-01 -5.215900e-02 2.636729e+00
-5.114200e-02 -4.313200e-02 2.476338e+00
-1.489850e-01 -4.487400e-02 2.658124e+00
-4.331180e-01 1.739100e-02 2.670681e+00
-1.027670e-01 1.608000e-01 2.346060e+00
-3.919130e-01 -2.607950e-01 2.619550e+00
-3.312990e-01 1.729030e-01 2.174811e+00
-3.794430e-01 -3.230850e-01 2.603653e+00
-3.939660e-01 1.885270e-01 2.163995e+00
-2.891650e-01 -5.503710e-01 2.686210e+00
-8.585800e-02 -5.367700e-01 2.655243e+00
-2.852870e-01 -9.514970e-01 2.755002e+00
-7.335200e-02 -9.347550e-01 2.739509e+00
-3.593830e-01 -9.757560e-01 2.617722e+00
-1.452270e-01 -9.660290e-01 2.602468e+00
-2.091280e-01 5.523930e-01 2.516739e+00
-3.426240e-01 2.509470e-01 2.713624e+00
-4.263600e-02 3.018020e-01 2.551001e+00
-2.701280e-01 3.383340e-01 2.508730e+00
-1.407250e-01 1.419650e-01 2.686029e+00
-3.578670e-01 -6.717000e-02 2.638155e+00
-5.849000e-02 -5.100100e-02 2.471539e+00
-1.523820e-01 -5.696000e-02 2.655308e+00
-4.363560e-01 -1.996000e-03 2.674428e+00
-9.229900e-02 1.734140e-01 2.315731e+00
-3.924380e-01 -2.803040e-01 2.615623e+00
-3.187140e-01 2.437670e-01 2.152549e+00
-3.760680e-01 -3.435760e-01 2.611510e+00
-3.812000e-01 2.599600e-01 2.141527e+00
-2.911520e-01 -5.619110e-01 2.690232e+00
-8.363700e-02 -5.438750e-01 2.656941e+00
-2.864240e-01 -9.635480e-01 2.755917e+00
-7.380800e-02 -9.417790e-01 2.741941e+00
-3.628480e-01 -9.867200e-01 2.619730e+00
-1.482540e-01 -9.726200e-01 2.606179e+00
-2.036920e-01 5.379870e-01 2.526161e+00
-3.454780e-01 2.411610e-01 2.713738e+00
-4.301800e-02 2.984880e-01 2.557993e+00
-2.702500e-01 3.293790e-01 2.510189e+00
-1.404410e-01 1.369280e-01 2.691444e+00
-3.563300e-01 -7.477800e-02 2.634368e+00
-5.351900e-02 -5.649200e-02 2.474304e+00
-1.513260e-01 -6.344000e-02 2.655986e+00
-4.362920e-01 -1.015400e-02 2.658115e+00
-5.359600e-02 1.705620e-01 2.317113e+00
-3.926830e-01 -2.923080e-01 2.618755e+00
-2.773590e-01 2.642600e-01 2.161508e+00
-3.778860e-01 -3.558880e-01 2.623941e+00
-3.423580e-01 2.687840e-01 2.168061e+00
-2.892210e-01 -5.680930e-01 2.691168e+00
-8.289200e-02 -5.500590e-01 2.658901e+00
-2.875220e-01 -9.703650e-01 2.753002e+00
-7.408700e-02 -9.452670e-01 2.755765e+00
-3.605320e-01 -9.919330e-01 2.614694e+00
-1.456530e-01 -9.802680e-01 2.619465e+00
-2.029440e-01 5.296680e-01 2.525989e+00
-3.384030e-01 2.405980e-01 2.696272e+00
-2.684000e-02 2.900910e-01 2.556617e+00
-2.503650e-01 3.274160e-01 2.497311e+00
-1.354220e-01 1.308180e-01 2.684068e+00
-3.586510e-01 -8.009500e-02 2.627535e+00
-4.758700e-02 -6.977000e-02 2.483377e+00
-1.548730e-01 -7.237000e-02 2.659744e+00
-4.358800e-01 -1.094200e-02 2.666925e+00
-2.965000e-03 1.402470e-01 2.331646e+00
-3.939160e-01 -2.895960e-01 2.615072e+00
-2.274240e-01 2.182500e-01 2.171548e+00
-3.813950e-01 -3.532560e-01 2.623951e+00
-2.856520e-01 2.297250e-01 2.143869e+00
-2.904420e-01 -5.749490e-01 2.695111e+00
-8.408600e-02 -5.605120e-01 2.667377e+00
-2.870300e-01 -9.774520e-01 2.755354e+00
-7.327300e-02 -9.593430e-01 2.747791e+00
-3.530540e-01 -9.992260e-01 2.613610e+00
-1.370600e-01 -9.895460e-01 2.606570e+00
-2.050150e-01 5.323130e-01 2.533851e+00
-3.651310e-01 2.633540e-01 2.700463e+00
-5.038000e-02 3.133100e-01 2.568321e+00
-2.725120e-01 3.490510e-01 2.503102e+00
-1.613820e-01 1.544980e-01 2.694256e+00
-3.572800e-01 -6.756200e-02 2.623036e+00
-4.270500e-02 -5.213500e-02 2.487193e+00
-1.544350e-01 -5.965400e-02 2.660635e+00
-4.325920e-01 3.650000e-03 2.662696e+00
4.901200e-02 1.247100e-01 2.401065e+00
-3.905350e-01 -2.752140e-01 2.614449e+00
-1.528070e-01 1.323840e-01 2.198403e+00
-3.789720e-01 -3.393640e-01 2.608174e+00
-2.142000e-01 1.356390e-01 2.175852e+00
-2.890960e-01 -5.617810e-01 2.687484e+00
-8.328100e-02 -5.462310e-01 2.662663e+00
-2.873510e-01 -9.633950e-01 2.753456e+00
-7.589800e-02 -9.450760e-01 2.743392e+00
-3.490870e-01 -9.872090e-01 2.610117e+00
-1.358020e-01 -9.751180e-01 2.600446e+00
-2.093030e-01 5.441800e-01 2.517768e+00
-3.767790e-01 2.865090e-01 2.688519e+00
-4.696300e-02 3.197780e-01 2.592916e+00
-2.579440e-01 3.727380e-01 2.505990e+00
-1.808670e-01 1.644360e-01 2.699408e+00
-3.614190e-01 -4.975500e-02 2.596246e+00
-2.815400e-02 -3.567800e-02 2.516336e+00
-1.679190e-01 -4.450300e-02 2.668028e+00
-4.262140e-01 2.345300e-02 2.648134e+00
6.148700e-02 1.131250e-01 2.455779e+00
-4.011750e-01 -2.599250e-01 2.620488e+00
-1.031940e-01 3.355200e-02 2.236136e+00
-3.851430e-01 -3.193750e-01 2.598197e+00
-1.514940e-01 1.339300e-02 2.196779e+00
-2.858170e-01 -5.441320e-01 2.680522e+00
-8.705300e-02 -5.365230e-01 2.654983e+00
-2.896260e-01 -9.454920e-01 2.747937e+00
-7.296300e-02 -9.346000e-01 2.738563e+00
-3.246150e-01 -9.706700e-01 2.596061e+00
-1.072100e-01 -9.674270e-01 2.587984e+00
-2.105390e-01 5.453760e-01 2.505778e+00
-3.745140e-01 2.603460e-01 2.674154e+00
-4.326400e-02 3.074450e-01 2.590011e+00
-2.531100e-01 3.500170e-01 2.495006e+00
-1.738840e-01 1.473060e-01 2.693431e+00
-3.620480e-01 -6.553500e-02 2.594474e+00
-3.057300e-02 -4.249500e-02 2.509368e+00
-1.675580e-01 -5.673500e-02 2.663169e+00
-4.293670e-01 -5.095000e-03 2.646387e+00
4.992700e-02 5.762900e-02 2.533915e+00
-3.940810e-01 -2.873590e-01 2.603342e+00
-1.146100e-02 -1.513870e-01 2.345992e+00
-3.751910e-01 -3.500600e-01 2.603379e+00
-4.829700e-02 -1.994600e-01 2.321085e+00
-2.864460e-01 -5.549100e-01 2.683445e+00
-8.774900e-02 -5.434030e-01 2.657403e+00
-2.855160e-01 -9.550510e-01 2.757848e+00
-7.463500e-02 -9.415370e-01 2.740867e+00
-3.221350e-01 -9.832070e-01 2.606882e+00
-1.112910e-01 -9.742000e-01 2.590820e+00
-2.138360e-01 5.345910e-01 2.508980e+00
-3.761210e-01 2.841040e-01 2.670150e+00
-4.122700e-02 3.009720e-01 2.588993e+00
-2.459990e-01 3.539380e-01 2.488312e+00
-1.850400e-01 1.573870e-01 2.699007e+00
-3.683670e-01 -5.430500e-02 2.580962e+00
-3.023900e-02 -4.728200e-02 2.523788e+00
-1.800530e-01 -5.612000e-02 2.665562e+00
-4.288590e-01 1.575400e-02 2.651437e+00
3.359500e-02 3.833000e-02 2.565242e+00
-3.963900e-01 -2.687280e-01 2.609066e+00
3.283000e-02 -2.387420e-01 2.481518e+00
-3.848960e-01 -3.328010e-01 2.601944e+00
2.378200e-02 -3.032950e-01 2.487790e+00
-2.859540e-01 -5.482370e-01 2.682519e+00
-8.655700e-02 -5.456840e-01 2.652977e+00
-2.861000e-01 -9.485470e-01 2.756013e+00
-7.694300e-02 -9.435720e-01 2.738075e+00
-3.110020e-01 -9.766890e-01 2.602676e+00
-1.013410e-01 -9.767580e-01 2.585668e+00
-2.168810e-01 5.455810e-01 2.507929e+00
-3.736650e-01 2.870550e-01 2.667500e+00
-3.763300e-02 2.930770e-01 2.589578e+00
-2.394380e-01 3.546730e-01 2.487820e+00
-1.874850e-01 1.532280e-01 2.696294e+00
-3.701420e-01 -5.109500e-02 2.580178e+00
-3.162800e-02 -5.222300e-02 2.524895e+00
-1.824080e-01 -5.791800e-02 2.665805e+00
-4.296790e-01 1.782400e-02 2.647969e+00
2.338000e-02 2.433300e-02 2.581958e+00
-4.021930e-01 -2.699740e-01 2.613971e+00
2.284500e-02 -2.667520e-01 2.578980e+00
-3.888010e-01 -3.315110e-01 2.596023e+00
8.358000e-03 -3.227050e-01 2.609764e+00
-2.847380e-01 -5.479550e-01 2.681418e+00
-8.473800e-02 -5.473850e-01 2.653769e+00
-2.851620e-01 -9.491230e-01 2.750072e+00
-7.394200e-02 -9.455920e-01 2.737221e+00
-3.100880e-01 -9.753930e-01 2.596406e+00
-9.843300e-02 -9.782180e-01 2.584708e+00
-2.158450e-01 5.412620e-01 2.505278e+00
-3.717920e-01 2.839490e-01 2.661171e+00
-3.412200e-02 2.910900e-01 2.590794e+00
-2.338030e-01 3.519820e-01 2.484524e+00
-1.858540e-01 1.507570e-01 2.694167e+00
-3.700140e-01 -5.163900e-02 2.582888e+00
-3.327600e-02 -6.181700e-02 2.518444e+00
-1.801980e-01 -6.149400e-02 2.663483e+00
-4.273970e-01 1.380600e-02 2.647003e+00
2.983200e-02 2.426700e-02 2.622181e+00
-4.037760e-01 -2.733560e-01 2.602112e+00
1.961000e-02 -2.671620e-01 2.621954e+00
-3.889500e-01 -3.366330e-01 2.594086e+00
9.490000e-04 -3.291810e-01 2.631634e+00
-2.853170e-01 -5.517270e-01 2.681251e+00
-8.866100e-02 -5.515470e-01 2.661183e+00
-2.892630e-01 -9.512880e-01 2.758611e+00
-7.313700e-02 -9.503950e-01 2.740735e+00
-3.191600e-01 -9.804700e-01 2.606364e+00
-1.034670e-01 -9.818350e-01 2.589024e+00
-2.126070e-01 5.401050e-01 2.504640e+00
-3.755050e-01 2.887810e-01 2.665552e+00
-3.752700e-02 2.930990e-01 2.596435e+00
-2.362190e-01 3.566200e-01 2.489851e+00
-1.909890e-01 1.535770e-01 2.698342e+00
-3.662380e-01 -4.874600e-02 2.577525e+00
-2.722200e-02 -5.891500e-02 2.526400e+00
-1.797590e-01 -5.897300e-02 2.665522e+00
-4.311640e-01 1.858200e-02 2.648131e+00
3.302900e-02 2.753400e-02 2.626535e+00
-4.041690e-01 -2.696450e-01 2.610895e+00
2.552900e-02 -2.642420e-01 2.625892e+00
-3.903050e-01 -3.305450e-01 2.591217e+00
4.113000e-03 -3.243550e-01 2.640594e+00
-2.864410e-01 -5.485960e-01 2.679572e+00
-8.860200e-02 -5.504150e-01 2.660722e+00
-2.887390e-01 -9.493820e-01 2.750383e+00
-7.049600e-02 -9.490640e-01 2.740725e+00
-3.128550e-01 -9.763940e-01 2.596717e+00
-9.500600e-02 -9.808210e-01 2.588032e+00
-2.093790e-01 5.437030e-01 2.509466e+00
