-3.147680e-01 1.671690e-01 2.913508e+00
1.762600e-02 2.503490e-01 2.731466e+00
-5.095100e-02 8.363200e-02 2.943558e+00
-7.911000e-03 -1.780950e-01 2.684970e+00
-3.725520e-01 -3.655500e-02 2.743447e+00
-3.250170e-01 -3.216240e-01 2.678258e+00
-3.131480e-01 -3.941410e-01 2.691787e+00
-9.963000e-03 -6.664120e-01 2.757365e+00
-7.578700e-02 -1.074563e+00 2.811854e+00
3.458900e-02 -1.110638e+00 2.674974e+00
-1.455170e-01 5.233920e-01 2.656242e+00
2.676200e-02 2.397200e-01 2.735035e+00
-4.802600e-02 6.151500e-02 2.935361e+00
-6.306000e-03 -1.777400e-01 2.690991e+00
-3.694100e-01 -4.547800e-02 2.745094e+00
-3.114800e-01 -3.328980e-01 2.688078e+00
-3.052770e-01 -4.055210e-01 2.704509e+00
-6.738000e-03 -6.744030e-01 2.757728e+00
-7.988600e-02 -1.081413e+00 2.811404e+00
1.713200e-02 -1.118168e+00 2.664923e+00
-1.462570e-01 5.239960e-01 2.675114e+00
2.409800e-02 2.404500e-01 2.734570e+00
-4.716400e-02 6.227400e-02 2.936203e+00
-4.304000e-03 -1.839420e-01 2.688805e+00
-3.692610e-01 -5.014600e-02 2.748188e+00
-3.074720e-01 -3.372700e-01 2.682398e+00
-3.064070e-01 -4.098390e-01 2.700153e+00
-1.126200e-02 -6.734780e-01 2.755934e+00
-8.035000e-02 -1.080769e+00 2.812770e+00
2.541900e-02 -1.118260e+00 2.672672e+00
-1.452530e-01 5.185920e-01 2.664799e+00
2.694400e-02 2.378670e-01 2.732656e+00
-4.580100e-02 6.106100e-02 2.934963e+00
-7.475000e-03 -1.853390e-01 2.691380e+00
-3.738110e-01 -4.907400e-02 2.752226e+00
-3.133140e-01 -3.390580e-01 2.691837e+00
-3.121770e-01 -4.132620e-01 2.700498e+00
-1.210300e-02 -6.715550e-01 2.752855e+00
-7.868700e-02 -1.079270e+00 2.809631e+00
3.365700e-02 -1.116414e+00 2.674651e+00
-1.421470e-01 5.221490e-01 2.672898e+00
3.048500e-02 2.243390e-01 2.736151e+00
-3.403000e-02 3.572800e-02 2.930430e+00
-1.245800e-02 -1.881290e-01 2.680996e+00
-3.711950e-01 -5.069800e-02 2.749376e+00
-3.009330e-01 -3.374220e-01 2.681217e+00
-3.145830e-01 -4.084700e-01 2.699884e+00
-1.435300e-02 -6.729500e-01 2.756015e+00
-8.001000e-02 -1.080714e+00 2.813517e+00
2.408900e-02 -1.117436e+00 2.671971e+00
-1.401840e-01 5.031260e-01 2.673500e+00
2.510400e-02 2.320790e-01 2.726614e+00
-4.618500e-02 5.593500e-02 2.930016e+00
-1.150500e-02 -1.873560e-01 2.686709e+00
-3.735860e-01 -5.605300e-02 2.747697e+00
-3.072000e-01 -3.480300e-01 2.693694e+00
-3.091660e-01 -4.226450e-01 2.697055e+00
-1.246500e-02 -6.741580e-01 2.755051e+00
-7.954000e-02 -1.081124e+00 2.816438e+00
3.115600e-02 -1.119866e+00 2.680549e+00
-1.435810e-01 5.185510e-01 2.668886e+00
2.661100e-02 2.143030e-01 2.728109e+00
-3.480000e-02 2.088700e-02 2.918634e+00
-1.646400e-02 -1.931630e-01 2.678484e+00
-3.691690e-01 -6.508500e-02 2.753762e+00
-3.026470e-01 -3.540990e-01 2.683572e+00
-3.063730e-01 -4.266100e-01 2.701203e+00
-9.963000e-03 -6.864310e-01 2.757226e+00
-8.566900e-02 -1.092239e+00 2.816196e+00
2.250000e-04 -1.130482e+00 2.663291e+00
-1.352070e-01 4.944360e-01 2.669702e+00
2.131400e-02 2.219510e-01 2.728032e+00
-4.764800e-02 4.041200e-02 2.927452e+00
-1.842700e-02 -1.864560e-01 2.685872e+00
-3.724980e-01 -5.200700e-02 2.752510e+00
-3.052360e-01 -3.420530e-01 2.688848e+00
-3.115290e-01 -4.159020e-01 2.698302e+00
-1.215600e-02 -6.784190e-01 2.760859e+00
-8.200200e-02 -1.085651e+00 2.817187e+00
1.111600e-02 -1.122236e+00 2.668153e+00
-1.349200e-01 5.067150e-01 2.665029e+00
2.103100e-02 2.361720e-01 2.732879e+00
-4.176400e-02 4.146400e-02 2.921628e+00
-2.048800e-02 -1.789680e-01 2.677809e+00
-3.698170e-01 -5.373700e-02 2.760211e+00
-3.005120e-01 -3.408500e-01 2.687930e+00
-3.175530e-01 -4.104210e-01 2.709192e+00
-9.623000e-03 -6.645570e-01 2.755603e+00
-8.233500e-02 -1.070487e+00 2.817434e+00
2.272300e-02 -1.110615e+00 2.677531e+00
-1.382200e-01 5.065510e-01 2.655101e+00
2.266600e-02 2.213740e-01 2.727935e+00
-4.535900e-02 3.876200e-02 2.926697e+00
-2.320100e-02 -1.807600e-01 2.678298e+00
-3.737740e-01 -4.899700e-02 2.752671e+00
-3.071350e-01 -3.393700e-01 2.689245e+00
-3.094670e-01 -4.132510e-01 2.700138e+00
-1.288200e-02 -6.721300e-01 2.758009e+00
-8.456300e-02 -1.078676e+00 2.816925e+00
9.797000e-03 -1.116743e+00 2.669048e+00
-1.353710e-01 5.064250e-01 2.667386e+00
2.054900e-02 2.209040e-01 2.727610e+00
-5.099700e-02 3.934500e-02 2.926101e+00
-2.378200e-02 -1.765720e-01 2.678692e+00
-3.618660e-01 -5.352000e-02 2.752181e+00
-3.004920e-01 -3.459860e-01 2.691660e+00
-3.123910e-01 -4.191370e-01 2.701143e+00
-9.075000e-03 -6.682820e-01 2.764261e+00
-8.086600e-02 -1.076391e+00 2.810979e+00
1.340600e-02 -1.110031e+00 2.661978e+00
-1.432970e-01 5.112030e-01 2.671881e+00
2.069000e-02 2.251670e-01 2.726057e+00
-4.357000e-02 3.676400e-02 2.920623e+00
-1.964000e-02 -1.826590e-01 2.678440e+00
-3.705190e-01 -5.545400e-02 2.747919e+00
-3.059230e-01 -3.462390e-01 2.685153e+00
-3.151020e-01 -4.180220e-01 2.703741e+00
-8.159000e-03 -6.733410e-01 2.758564e+00
-8.289600e-02 -1.080022e+00 2.812544e+00
1.344500e-02 -1.117215e+00 2.665727e+00
-1.432590e-01 5.065610e-01 2.665566e+00
1.799200e-02 2.239080e-01 2.726030e+00
-4.763000e-02 4.148800e-02 2.925773e+00
-1.889700e-02 -1.796120e-01 2.680706e+00
-3.698850e-01 -6.054300e-02 2.747777e+00
-3.055580e-01 -3.526180e-01 2.689698e+00
-3.151930e-01 -4.241690e-01 2.708941e+00
-5.352000e-03 -6.767750e-01 2.758901e+00
-8.748800e-02 -1.081802e+00 2.814546e+00
5.028000e-03 -1.120998e+00 2.665802e+00
-1.410620e-01 5.025230e-01 2.657837e+00
1.945400e-02 2.339280e-01 2.727343e+00
-4.647300e-02 5.570300e-02 2.930741e+00
-1.709000e-02 -1.816420e-01 2.680637e+00
-3.681720e-01 -5.769700e-02 2.748019e+00
-3.039860e-01 -3.490800e-01 2.683729e+00
-3.121850e-01 -4.215020e-01 2.700173e+00
-1.398300e-02 -6.740300e-01 2.758791e+00
-8.197800e-02 -1.080979e+00 2.819278e+00
1.185600e-02 -1.118699e+00 2.670979e+00
-1.422860e-01 5.100360e-01 2.654968e+00
1.631600e-02 2.323340e-01 2.723515e+00
-4.267400e-02 5.058400e-02 2.925920e+00
-2.140400e-02 -1.814720e-01 2.676908e+00
-3.746130e-01 -6.195400e-02 2.749155e+00
-3.079490e-01 -3.531900e-01 2.686456e+00
-3.210530e-01 -4.233290e-01 2.708622e+00
-1.184700e-02 -6.753820e-01 2.758196e+00
-8.059700e-02 -1.082054e+00 2.819684e+00
7.443000e-03 -1.119887e+00 2.667902e+00
-1.465950e-01 5.006060e-01 2.645406e+00
1.104900e-02 2.341580e-01 2.733077e+00
-5.354400e-02 4.718900e-02 2.928912e+00
-2.546000e-02 -1.756550e-01 2.678450e+00
-3.744170e-01 -5.060800e-02 2.748610e+00
-3.048410e-01 -3.410990e-01 2.687502e+00
-3.192110e-01 -4.116210e-01 2.707572e+00
-1.685900e-02 -6.627330e-01 2.760573e+00
-8.079300e-02 -1.071505e+00 2.812605e+00
1.795100e-02 -1.105531e+00 2.666618e+00
-1.520230e-01 5.012390e-01 2.644676e+00
6.468000e-03 2.344760e-01 2.724981e+00
-5.711900e-02 6.203500e-02 2.934030e+00
-1.844900e-02 -1.841310e-01 2.678571e+00
-3.765760e-01 -5.661700e-02 2.748715e+00
-3.190500e-01 -3.503620e-01 2.691222e+00
-3.138750e-01 -4.235590e-01 2.705293e+00
-1.078800e-02 -6.705830e-01 2.754730e+00
-8.581700e-02 -1.076503e+00 2.813796e+00
2.734600e-02 -1.116827e+00 2.680423e+00
-1.573210e-01 5.039410e-01 2.640321e+00
8.698000e-03 2.386930e-01 2.725022e+00
-5.864400e-02 5.931000e-02 2.926932e+00
-1.813800e-02 -1.800910e-01 2.688913e+00
-3.792180e-01 -6.380000e-02 2.747288e+00
-3.144050e-01 -3.567820e-01 2.692415e+00
-3.199050e-01 -4.291920e-01 2.710001e+00
-1.029200e-02 -6.721000e-01 2.755846e+00
-8.303300e-02 -1.078402e+00 2.815146e+00
2.319600e-02 -1.117743e+00 2.675906e+00
-1.586690e-01 5.160620e-01 2.656075e+00
6.785000e-03 2.219010e-01 2.730639e+00
-5.887200e-02 3.436600e-02 2.925577e+00
-1.849200e-02 -1.813230e-01 2.671888e+00
-3.796410e-01 -5.239200e-02 2.753411e+00
-3.142830e-01 -3.429960e-01 2.688882e+00
-3.164430e-01 -4.162990e-01 2.703189e+00
-1.219900e-02 -6.623250e-01 2.756826e+00
-8.077800e-02 -1.069648e+00 2.814046e+00
2.849500e-02 -1.107337e+00 2.676717e+00
-1.542680e-01 4.993600e-01 2.657777e+00
-5.482000e-03 2.251310e-01 2.751270e+00
-8.507100e-02 3.602700e-02 2.939382e+00
-1.165800e-02 -1.829440e-01 2.684621e+00
-3.841150e-01 -5.753000e-02 2.741823e+00
-3.040700e-01 -3.402010e-01 2.683608e+00
-3.184050e-01 -4.114860e-01 2.700798e+00
-1.427200e-02 -6.647680e-01 2.760844e+00
-8.099900e-02 -1.073076e+00 2.813007e+00
3.885200e-02 -1.109102e+00 2.684329e+00
-1.610580e-01 4.966590e-01 2.658328e+00
1.952500e-02 2.244440e-01 2.723088e+00
-2.174600e-02 3.335000e-03 2.887066e+00
-3.856500e-02 -1.791930e-01 2.659644e+00
-3.570540e-01 -4.632600e-02 2.750608e+00
-2.977900e-01 -3.166010e-01 2.641397e+00
-3.153830e-01 -3.722390e-01 2.688061e+00
-1.029600e-02 -6.711670e-01 2.764503e+00
-8.072800e-02 -1.079357e+00 2.812560e+00
-3.273500e-02 -1.107726e+00 2.641937e+00
-1.526570e-01 4.850540e-01 2.667664e+00
4.531500e-02 2.197110e-01 2.722133e+00
-2.634100e-02 1.032500e-02 2.890965e+00
-2.326500e-02 -1.831410e-01 2.674335e+00
-3.856500e-01 -2.176500e-02 2.740116e+00
-2.592850e-01 -2.743630e-01 2.652016e+00
-1.907130e-01 -2.881110e-01 2.625718e+00
-1.464000e-02 -6.664600e-01 2.761051e+00
-8.124200e-02 -1.073933e+00 2.819525e+00
1.407000e-02 -1.110692e+00 2.671928e+00
-1.498470e-01 5.062600e-01 2.665881e+00
4.140800e-02 2.352080e-01 2.711524e+00
-1.865950e-01 2.829570e-01 2.733219e+00
-3.204700e-02 5.043800e-02 2.905516e+00
-2.429920e-01 -1.598410e-01 2.833123e+00
-1.983200e-02 -1.730750e-01 2.672572e+00
-1.633200e-02 -2.074150e-01 2.916180e+00
-3.818300e-01 -8.670000e-04 2.754724e+00
1.703090e-01 3.254010e-01 2.496128e+00
-3.293020e-01 -2.781330e-01 2.683838e+00
1.150610e-01 5.382480e-01 2.305597e+00
-2.965950e-01 -3.452840e-01 2.681928e+00
1.026330e-01 5.931590e-01 2.256475e+00
-1.131300e-02 -6.495460e-01 2.753580e+00
-3.066850e-01 -6.304760e-01 2.770581e+00
-7.668700e-02 -1.056799e+00 2.814900e+00
-2.533930e-01 -1.039401e+00 2.832466e+00
4.093800e-02 -1.095258e+00 2.684879e+00
-4.311510e-01 -1.063529e+00 2.826104e+00
-1.609010e-01 5.329490e-01 2.661362e+00
-2.997330e-01 1.849400e-01 2.912733e+00
2.065500e-02 2.493960e-01 2.708260e+00
-2.099590e-01 2.781290e-01 2.717018e+00
-4.250800e-02 7.862900e-02 2.916508e+00
-2.436050e-01 -1.568700e-01 2.826108e+00
-1.440900e-02 -1.689910e-01 2.674206e+00
-1.943500e-02 -1.989830e-01 2.918360e+00
-3.919900e-01 -5.747000e-03 2.751834e+00
1.648430e-01 3.307510e-01 2.500052e+00
-3.363150e-01 -2.848280e-01 2.695138e+00
1.408680e-01 5.632900e-01 2.328151e+00
-3.120340e-01 -3.554080e-01 2.691742e+00
1.182960e-01 6.332750e-01 2.341387e+00
-1.339800e-02 -6.488120e-01 2.752317e+00
-3.035840e-01 -6.244110e-01 2.776545e+00
-7.384500e-02 -1.056380e+00 2.816535e+00
-2.567170e-01 -1.035013e+00 2.832207e+00
3.886100e-02 -1.094282e+00 2.682070e+00
-4.350000e-01 -1.055714e+00 2.829616e+00
-1.643900e-01 5.395810e-01 2.672970e+00
-2.994880e-01 1.866150e-01 2.909822e+00
1.623600e-02 2.496940e-01 2.694939e+00
-2.153870e-01 2.778970e-01 2.710717e+00
-4.206100e-02 8.075300e-02 2.907512e+00
-2.453030e-01 -1.583130e-01 2.831648e+00
-1.995900e-02 -1.663940e-01 2.673828e+00
-1.795400e-02 -1.952390e-01 2.918165e+00
-3.977130e-01 -4.317000e-03 2.753640e+00
1.665120e-01 3.158170e-01 2.486278e+00
-3.243680e-01 -2.789420e-01 2.698079e+00
1.803690e-01 5.416690e-01 2.305495e+00
-2.927530e-01 -3.465130e-01 2.693919e+00
1.590740e-01 6.119010e-01 2.291470e+00
-1.613200e-02 -6.495080e-01 2.749238e+00
-3.065160e-01 -6.224340e-01 2.778759e+00
-7.255600e-02 -1.056614e+00 2.819735e+00
-2.549320e-01 -1.032575e+00 2.833644e+00
3.016400e-02 -1.095439e+00 2.677744e+00
-4.330270e-01 -1.054991e+00 2.833525e+00
-1.833730e-01 5.389040e-01 2.673567e+00
-2.310410e-01 8.277400e-02 2.942178e+00
3.242000e-03 2.277520e-01 2.668981e+00
-2.115250e-01 2.333120e-01 2.763278e+00
1.002800e-02 6.680000e-04 2.829817e+00
-2.090720e-01 -1.822250e-01 2.865824e+00
-5.513200e-02 -1.873710e-01 2.637727e+00
3.427200e-02 -2.185470e-01 2.864820e+00
-3.903320e-01 -5.539800e-02 2.781490e+00
1.525300e-01 2.667250e-01 2.454079e+00
-3.483450e-01 -2.953710e-01 2.625651e+00
2.571830e-01 3.940640e-01 2.217194e+00
-3.242420e-01 -3.623720e-01 2.648291e+00
2.806690e-01 4.416200e-01 2.164569e+00
-1.747300e-02 -6.789920e-01 2.750867e+00
-3.103580e-01 -6.444770e-01 2.790949e+00
-8.236000e-02 -1.083504e+00 2.828638e+00
-2.528860e-01 -1.055214e+00 2.834317e+00
-8.028200e-02 -1.117713e+00 2.652440e+00
-4.289420e-01 -1.076953e+00 2.861742e+00
-1.800080e-01 4.886720e-01 2.683669e+00
-2.256450e-01 7.540500e-02 2.939333e+00
-1.559700e-02 2.344370e-01 2.654496e+00
-2.255840e-01 2.251880e-01 2.758744e+00
1.534200e-02 1.006500e-02 2.816300e+00
-1.988310e-01 -1.839300e-01 2.861869e+00
-5.595200e-02 -1.861650e-01 2.626640e+00
4.431100e-02 -2.192800e-01 2.848872e+00
-3.824070e-01 -7.885100e-02 2.791290e+00
1.276200e-01 2.055180e-01 2.434762e+00
-3.374770e-01 -3.120930e-01 2.626321e+00
2.414800e-01 2.207920e-01 2.170834e+00
-3.058460e-01 -3.778940e-01 2.642206e+00
3.060350e-01 2.313440e-01 2.134724e+00
-1.837300e-02 -6.844130e-01 2.754383e+00
-3.074630e-01 -6.383410e-01 2.801353e+00
-7.597700e-02 -1.090309e+00 2.830671e+00
-2.537080e-01 -1.050437e+00 2.835650e+00
-1.311440e-01 -1.114266e+00 2.661547e+00
-4.258250e-01 -1.068937e+00 2.883126e+00
-1.860820e-01 4.866630e-01 2.682216e+00
-2.099230e-01 6.122800e-02 2.935064e+00
-2.599400e-02 2.319860e-01 2.639166e+00
-2.280440e-01 2.127770e-01 2.756872e+00
2.487700e-02 7.427000e-03 2.795582e+00
-1.883830e-01 -1.899010e-01 2.871564e+00
-6.193000e-02 -1.931610e-01 2.627123e+00
5.238600e-02 -2.308340e-01 2.841713e+00
-3.829720e-01 -8.696000e-02 2.799488e+00
9.218800e-02 1.528320e-01 2.417636e+00
-3.001310e-01 -3.121240e-01 2.638015e+00
1.936490e-01 1.050750e-01 2.153257e+00
-2.902020e-01 -3.709880e-01 2.682949e+00
1.886890e-01 3.258100e-02 2.135861e+00
-1.638700e-02 -6.904220e-01 2.755012e+00
-3.067580e-01 -6.456850e-01 2.810256e+00
-5.529400e-02 -1.096141e+00 2.843142e+00
-2.508320e-01 -1.057915e+00 2.839033e+00
-1.301460e-01 -1.123886e+00 2.682370e+00
-4.205940e-01 -1.077101e+00 2.894107e+00
-1.913350e-01 4.767990e-01 2.679463e+00
-1.501960e-01 8.752300e-02 2.963307e+00
-3.297200e-02 2.367310e-01 2.624871e+00
-2.025770e-01 2.331300e-01 2.786948e+00
4.282400e-02 1.565300e-02 2.776067e+00
-1.596460e-01 -1.770370e-01 2.883715e+00
-9.335500e-02 -1.875710e-01 2.616794e+00
6.750900e-02 -2.208780e-01 2.799961e+00
-3.620210e-01 -2.073700e-02 2.847951e+00
1.287800e-02 8.892300e-02 2.412917e+00
-2.752250e-01 -2.211610e-01 2.659618e+00
9.505000e-03 -8.439700e-02 2.185093e+00
-2.896340e-01 -2.922590e-01 2.677510e+00
-4.177700e-02 -1.322960e-01 2.159432e+00
-2.559500e-02 -6.845670e-01 2.751252e+00
-2.960390e-01 -6.510600e-01 2.813388e+00
-5.659000e-02 -1.088787e+00 2.848896e+00
-2.456600e-01 -1.063830e+00 2.844556e+00
-1.798380e-01 -1.110424e+00 2.720202e+00
-4.159570e-01 -1.080521e+00 2.898783e+00
-1.992420e-01 4.810570e-01 2.674445e+00
-1.878610e-01 1.163780e-01 2.956224e+00
-2.325200e-02 2.246350e-01 2.621966e+00
-2.154510e-01 2.356590e-01 2.756078e+00
3.268700e-02 2.820400e-02 2.811086e+00
-1.843640e-01 -1.671280e-01 2.876216e+00
-7.246200e-02 -1.777180e-01 2.624983e+00
5.452500e-02 -2.077490e-01 2.833570e+00
-3.790770e-01 -1.525400e-02 2.829708e+00
-4.714800e-02 7.401000e-02 2.410051e+00
-2.744530e-01 -2.342030e-01 2.673862e+00
-1.596420e-01 -8.209300e-02 2.200074e+00
-2.884900e-01 -3.042610e-01 2.695713e+00
-2.237030e-01 -1.131070e-01 2.177335e+00
-1.593100e-02 -6.677840e-01 2.747633e+00
-2.881820e-01 -6.432320e-01 2.808709e+00
-5.696800e-02 -1.072237e+00 2.840491e+00
-2.459700e-01 -1.056230e+00 2.847945e+00
-1.090330e-01 -1.105641e+00 2.671987e+00
-4.200210e-01 -1.070062e+00 2.889600e+00
-1.991480e-01 4.884420e-01 2.662645e+00
-2.418120e-01 1.418070e-01 2.922355e+00
-1.541400e-02 2.473220e-01 2.625446e+00
-2.298850e-01 2.595830e-01 2.719785e+00
2.407000e-03 5.228300e-02 2.823242e+00
-2.045130e-01 -1.581180e-01 2.853421e+00
-4.633500e-02 -1.666510e-01 2.628345e+00
4.078600e-02 -1.766040e-01 2.858230e+00
-4.094110e-01 -2.391000e-03 2.779459e+00
-9.552300e-02 1.155320e-01 2.415288e+00
-2.791090e-01 -2.149190e-01 2.636919e+00
-2.957200e-01 3.129300e-02 2.231756e+00
-2.570740e-01 -2.836580e-01 2.617631e+00
-3.663160e-01 1.014600e-02 2.219445e+00
-1.106000e-02 -6.568480e-01 2.738503e+00
-2.788970e-01 -6.285240e-01 2.799100e+00
-6.059100e-02 -1.060593e+00 2.830296e+00
-2.409840e-01 -1.042295e+00 2.834386e+00
-4.509700e-02 -1.102044e+00 2.656337e+00
-4.183170e-01 -1.056506e+00 2.858287e+00
-2.094850e-01 5.250630e-01 2.672022e+00
-2.035140e-01 1.788470e-01 2.935802e+00
-3.276200e-02 2.198390e-01 2.589814e+00
-2.283730e-01 2.537510e-01 2.714850e+00
2.213000e-02 6.784500e-02 2.816454e+00
-2.004160e-01 -1.709140e-01 2.866925e+00
-7.932100e-02 -1.723440e-01 2.619769e+00
4.326400e-02 -1.742950e-01 2.833089e+00
-3.645580e-01 1.028700e-02 2.817991e+00
-1.720200e-01 2.516660e-01 2.374233e+00
-3.103050e-01 -2.461680e-01 2.706310e+00
-4.351990e-01 2.792020e-01 2.276447e+00
-3.049440e-01 -3.157800e-01 2.679701e+00
-5.036140e-01 3.012800e-01 2.256083e+00
-9.227000e-03 -6.571510e-01 2.700027e+00
-2.847540e-01 -6.424850e-01 2.786805e+00
-6.508800e-02 -1.046140e+00 2.839511e+00
-2.363750e-01 -1.054047e+00 2.833335e+00
-1.854900e-02 -1.110539e+00 2.678555e+00
-4.140190e-01 -1.072953e+00 2.850818e+00
-2.121890e-01 5.274960e-01 2.683372e+00
-1.820270e-01 1.150560e-01 2.901992e+00
1.785800e-02 2.556630e-01 2.602938e+00
-1.879860e-01 2.531160e-01 2.712383e+00
5.551400e-02 4.271100e-02 2.776208e+00
-1.920000e-01 -1.683630e-01 2.860279e+00
-5.193100e-02 -1.617340e-01 2.623448e+00
5.327800e-02 -1.803710e-01 2.845079e+00
-3.778090e-01 -1.135200e-02 2.787147e+00
-1.326950e-01 3.333880e-01 2.409658e+00
-3.207810e-01 -2.414690e-01 2.631862e+00
-3.686280e-01 4.529920e-01 2.316693e+00
-3.039280e-01 -3.138270e-01 2.623935e+00
-4.400640e-01 4.651060e-01 2.298455e+00
-1.165800e-02 -6.577480e-01 2.693062e+00
-2.869630e-01 -6.251350e-01 2.778803e+00
-6.993000e-02 -1.043738e+00 2.839708e+00
-2.424550e-01 -1.036932e+00 2.827093e+00
-2.884500e-02 -1.111181e+00 2.678514e+00
-4.195980e-01 -1.053269e+00 2.851041e+00
-1.541470e-01 5.228400e-01 2.701194e+00
-1.573870e-01 1.102300e-01 2.915915e+00
5.464200e-02 2.442870e-01 2.621495e+00
-1.487000e-01 2.599310e-01 2.735465e+00
6.751200e-02 1.736200e-02 2.780724e+00
-2.082560e-01 -1.678510e-01 2.863061e+00
-6.698400e-02 -1.424880e-01 2.628218e+00
3.741900e-02 -1.670680e-01 2.849651e+00
-3.685880e-01 1.125600e-02 2.805112e+00
-7.584000e-02 3.726670e-01 2.446186e+00
-3.310840e-01 -2.174070e-01 2.644958e+00
-2.552530e-01 5.594550e-01 2.349424e+00
-3.390450e-01 -2.841320e-01 2.677622e+00
-3.088890e-01 6.011910e-01 2.318379e+00
-1.201600e-02 -6.475530e-01 2.690315e+00
-2.913100e-01 -6.145000e-01 2.774475e+00
-7.375500e-02 -1.034988e+00 2.831634e+00
-2.485490e-01 -1.025702e+00 2.829005e+00
-3.505600e-02 -1.100461e+00 2.669043e+00
-4.251040e-01 -1.040223e+00 2.857949e+00
-8.681600e-02 5.002310e-01 2.734103e+00
-1.800380e-01 8.688100e-02 2.926731e+00
2.346300e-02 2.266340e-01 2.632137e+00
-1.762150e-01 2.397350e-01 2.748774e+00
4.255600e-02 -2.024000e-03 2.785209e+00
-1.848060e-01 -1.711570e-01 2.857272e+00
-5.762300e-02 -1.766470e-01 2.613251e+00
5.691600e-02 -2.071980e-01 2.828852e+00
-3.606890e-01 -3.500400e-02 2.788267e+00
-1.548200e-02 3.971840e-01 2.447919e+00
-3.301630e-01 -2.644040e-01 2.627744e+00
-8.684400e-02 6.427700e-01 2.341180e+00
-3.161490e-01 -3.349080e-01 2.607361e+00
-1.322260e-01 7.020950e-01 2.339280e+00
-1.797700e-02 -6.653850e-01 2.692222e+00
-3.018510e-01 -6.321800e-01 2.783829e+00
-8.031000e-02 -1.051885e+00 2.835823e+00
-2.515020e-01 -1.043282e+00 2.832300e+00
-3.763200e-02 -1.118615e+00 2.674745e+00
-4.265790e-01 -1.060520e+00 2.867956e+00
-1.354340e-01 4.905920e-01 2.661826e+00
-1.936380e-01 8.004500e-02 2.916490e+00
2.311100e-02 2.141830e-01 2.628808e+00
-1.821620e-01 2.284740e-01 2.735148e+00
3.629500e-02 -1.044700e-02 2.788338e+00
-1.901730e-01 -1.848530e-01 2.852637e+00
-4.933800e-02 -1.878310e-01 2.616186e+00
5.352300e-02 -2.154180e-01 2.837986e+00
-3.835680e-01 -4.675900e-02 2.791943e+00
5.023800e-02 3.789070e-01 2.433998e+00
-2.749250e-01 -2.609020e-01 2.640764e+00
3.123400e-02 6.294810e-01 2.310817e+00
-2.422760e-01 -3.279640e-01 2.645174e+00
1.021000e-02 6.984530e-01 2.291231e+00
-1.933400e-02 -6.816620e-01 2.700367e+00
-3.053880e-01 -6.349240e-01 2.793550e+00
-8.473700e-02 -1.066455e+00 2.847152e+00
-2.524770e-01 -1.047310e+00 2.825611e+00
-4.607200e-02 -1.134628e+00 2.685666e+00
-4.248520e-01 -1.065809e+00 2.872140e+00
-1.340260e-01 4.823050e-01 2.654274e+00
-1.948450e-01 4.287900e-02 2.920400e+00
5.145000e-03 2.134900e-01 2.635023e+00
-1.971240e-01 2.080570e-01 2.753790e+00
3.178900e-02 -2.607300e-02 2.774237e+00
-1.822010e-01 -2.042520e-01 2.854048e+00
-6.052800e-02 -2.103360e-01 2.607247e+00
5.846600e-02 -2.425680e-01 2.820174e+00
-3.864760e-01 -8.264200e-02 2.797166e+00
1.023710e-01 3.254230e-01 2.425521e+00
-2.908580e-01 -2.755690e-01 2.612361e+00
1.548810e-01 5.297830e-01 2.241499e+00
-2.566940e-01 -3.414820e-01 2.603940e+00
1.462750e-01 5.996690e-01 2.216509e+00
-1.558400e-02 -7.023230e-01 2.707322e+00
-3.107650e-01 -6.534090e-01 2.803207e+00
-9.248100e-02 -1.083161e+00 2.858776e+00
-2.432440e-01 -1.063913e+00 2.831789e+00
-5.965800e-02 -1.154057e+00 2.697169e+00
-4.108540e-01 -1.087316e+00 2.891616e+00
-1.536560e-01 4.672060e-01 2.680903e+00
-1.909170e-01 4.022900e-02 2.926630e+00
3.844000e-03 2.057570e-01 2.634718e+00
-1.987520e-01 1.975760e-01 2.752767e+00
3.913600e-02 -2.609500e-02 2.784651e+00
-1.765560e-01 -2.085280e-01 2.853717e+00
-5.110700e-02 -2.140800e-01 2.608800e+00
6.277200e-02 -2.564750e-01 2.822741e+00
-3.981280e-01 -3.079200e-02 2.786563e+00
1.331590e-01 2.422880e-01 2.415891e+00
-2.466570e-01 -2.107710e-01 2.628125e+00
2.543170e-01 3.073510e-01 2.171855e+00
-2.499390e-01 -2.843250e-01 2.640838e+00
2.937660e-01 3.231020e-01 2.110387e+00
-1.403200e-02 -7.087480e-01 2.717155e+00
-3.077650e-01 -6.520260e-01 2.813416e+00
-9.132800e-02 -1.093782e+00 2.857380e+00
-2.414400e-01 -1.063275e+00 2.832492e+00
-7.964700e-02 -1.157143e+00 2.689841e+00
-4.035650e-01 -1.086007e+00 2.906106e+00
-1.457440e-01 4.604020e-01 2.682600e+00
-1.940790e-01 5.756500e-02 2.934422e+00
8.810000e-03 2.005160e-01 2.636185e+00
-1.939080e-01 2.076630e-01 2.754093e+00
3.224400e-02 -2.633100e-02 2.795785e+00
-1.871450e-01 -2.025430e-01 2.856856e+00
-5.954400e-02 -2.102490e-01 2.613112e+00
5.412100e-02 -2.419370e-01 2.829012e+00
-4.055740e-01 -3.292000e-03 2.796422e+00
1.382530e-01 2.061140e-01 2.414385e+00
-2.487390e-01 -1.697350e-01 2.629111e+00
2.472620e-01 2.144820e-01 2.156390e+00
-2.471230e-01 -2.436930e-01 2.618609e+00
3.042630e-01 2.032740e-01 2.109401e+00
-1.574000e-02 -7.018030e-01 2.721965e+00
-3.058560e-01 -6.543510e-01 2.814710e+00
-8.967700e-02 -1.090711e+00 2.853010e+00
-2.426710e-01 -1.066039e+00 2.834952e+00
-7.122500e-02 -1.150865e+00 2.684899e+00
-4.082470e-01 -1.088223e+00 2.900623e+00
-1.377150e-01 4.683430e-01 2.683271e+00
-1.827810e-01 6.069000e-02 2.938675e+00
1.356600e-02 2.089680e-01 2.638666e+00
-1.877650e-01 2.116170e-01 2.759109e+00
4.337700e-02 -1.813600e-02 2.796830e+00
-1.804290e-01 -1.966360e-01 2.859230e+00
-5.551200e-02 -2.016630e-01 2.614030e+00
6.160800e-02 -2.286290e-01 2.828721e+00
-3.962160e-01 -6.105000e-03 2.806533e+00
1.332970e-01 1.829420e-01 2.412820e+00
-2.531480e-01 -1.655950e-01 2.621092e+00
2.294970e-01 2.093840e-01 2.150896e+00
-2.504080e-01 -2.387610e-01 2.606195e+00
2.765260e-01 1.755550e-01 2.103711e+00
-1.485200e-02 -6.982730e-01 2.725436e+00
-3.017010e-01 -6.462860e-01 2.810535e+00
-8.619600e-02 -1.092780e+00 2.840168e+00
-2.457590e-01 -1.058850e+00 2.834007e+00
-9.529100e-02 -1.141323e+00 2.667596e+00
-4.139570e-01 -1.078265e+00 2.893613e+00
-1.331050e-01 4.670590e-01 2.671302e+00
-1.803100e-01 6.640900e-02 2.940794e+00
1.823200e-02 2.037320e-01 2.637038e+00
-1.838900e-01 2.108820e-01 2.755964e+00
4.667400e-02 -1.765900e-02 2.803346e+00
-1.714860e-01 -1.914460e-01 2.855905e+00
-4.538200e-02 -2.058890e-01 2.611689e+00
7.010800e-02 -2.285410e-01 2.827757e+00
-3.949990e-01 -8.724000e-03 2.815329e+00
1.346900e-01 2.015220e-01 2.407909e+00
-2.739230e-01 -1.695520e-01 2.615908e+00
2.340840e-01 2.364700e-01 2.148073e+00
-2.718180e-01 -2.420180e-01 2.597832e+00
2.383470e-01 2.835700e-01 2.090229e+00
-1.499700e-02 -6.977410e-01 2.724290e+00
-2.974690e-01 -6.462570e-01 2.808997e+00
-8.703300e-02 -1.091529e+00 2.841040e+00
-2.497120e-01 -1.059631e+00 2.836018e+00
-8.600800e-02 -1.142724e+00 2.668998e+00
-4.204780e-01 -1.075904e+00 2.888881e+00
-1.333430e-01 4.716710e-01 2.680931e+00
-1.780910e-01 7.037500e-02 2.939795e+00
2.767300e-02 1.996530e-01 2.637318e+00
-1.758060e-01 2.128270e-01 2.753381e+00
4.868800e-02 -2.047400e-02 2.806384e+00
-1.706570e-01 -1.953720e-01 2.858313e+00
-4.082000e-02 -2.120150e-01 2.616202e+00
7.087900e-02 -2.355410e-01 2.834161e+00
-3.941130e-01 -3.973000e-03 2.816163e+00
1.455420e-01 2.081480e-01 2.408997e+00
-2.896800e-01 -1.652500e-01 2.607891e+00
2.235270e-01 2.905030e-01 2.152511e+00
-2.896300e-01 -2.369710e-01 2.586946e+00
2.231230e-01 3.406990e-01 2.097169e+00
-1.087800e-02 -7.009170e-01 2.726716e+00
-2.970510e-01 -6.522970e-01 2.808687e+00
-8.786800e-02 -1.093492e+00 2.844388e+00
-2.449040e-01 -1.065355e+00 2.832189e+00
-7.101300e-02 -1.147827e+00 2.674141e+00
-4.162400e-01 -1.084134e+00 2.882308e+00
-1.207660e-01 4.713810e-01 2.675641e+00
-1.748630e-01 6.306200e-02 2.936277e+00
2.818800e-02 2.099500e-01 2.640071e+00
-1.763540e-01 2.119910e-01 2.754989e+00
5.577500e-02 -1.514400e-02 2.801478e+00
-1.658320e-01 -1.920430e-01 2.854216e+00
-3.677000e-02 -2.089010e-01 2.611706e+00
7.465100e-02 -2.376250e-01 2.829185e+00
-3.885050e-01 -1.755400e-02 2.812439e+00
1.629420e-01 1.889900e-01 2.422073e+00
-2.931010e-01 -1.628500e-01 2.588653e+00
2.034860e-01 3.256640e-01 2.180503e+00
-2.912230e-01 -2.325280e-01 2.561745e+00
2.120300e-01 3.593310e-01 2.114351e+00
-1.514900e-02 -7.001090e-01 2.724125e+00
-2.967340e-01 -6.472210e-01 2.805771e+00
-8.462600e-02 -1.093198e+00 2.844722e+00
-2.418220e-01 -1.059441e+00 2.836573e+00
-8.447300e-02 -1.145870e+00 2.673124e+00
-4.124930e-01 -1.078266e+00 2.888892e+00
-1.240040e-01 4.738680e-01 2.683661e+00
-1.737850e-01 6.438700e-02 2.930276e+00
4.036400e-02 2.146770e-01 2.643750e+00
-1.686750e-01 2.148080e-01 2.750289e+00
6.251500e-02 -1.161800e-02 2.804314e+00
-1.655880e-01 -1.932910e-01 2.850548e+00
-2.724200e-02 -2.093810e-01 2.613159e+00
7.507100e-02 -2.419070e-01 2.834542e+00
-3.834120e-01 -2.162200e-02 2.803245e+00
1.877130e-01 1.381230e-01 2.447325e+00
-3.019870e-01 -1.568760e-01 2.567937e+00
2.058240e-01 2.674700e-01 2.199009e+00
-3.000000e-01 -2.242570e-01 2.535711e+00
2.195210e-01 3.097200e-01 2.138927e+00
-1.153500e-02 -7.004970e-01 2.721281e+00
-2.934510e-01 -6.484580e-01 2.799056e+00
-8.783600e-02 -1.092267e+00 2.842042e+00
-2.450300e-01 -1.061425e+00 2.830723e+00
-7.466800e-02 -1.147337e+00 2.671707e+00
-4.167510e-01 -1.077752e+00 2.880378e+00
-1.206920e-01 4.774210e-01 2.683088e+00
-1.744240e-01 7.063900e-02 2.930390e+00
4.573800e-02 2.194960e-01 2.647698e+00
-1.646820e-01 2.220770e-01 2.751450e+00
6.239000e-02 -8.092000e-03 2.807095e+00
-1.704420e-01 -1.904600e-01 2.849560e+00
-2.784100e-02 -2.007100e-01 2.614375e+00
7.121300e-02 -2.349680e-01 2.836975e+00
-3.840690e-01 -1.340400e-02 2.802080e+00
1.927320e-01 1.144520e-01 2.464604e+00
-3.094170e-01 -1.456160e-01 2.562830e+00
2.224460e-01 2.107190e-01 2.202723e+00
-3.084900e-01 -2.120710e-01 2.528691e+00
2.078880e-01 2.605360e-01 2.148974e+00
-1.214400e-02 -6.958450e-01 2.719651e+00
-2.920900e-01 -6.432640e-01 2.795614e+00
-8.555000e-02 -1.086362e+00 2.846132e+00
-2.460310e-01 -1.056044e+00 2.832768e+00
-7.541100e-02 -1.143304e+00 2.676205e+00
-4.180490e-01 -1.070817e+00 2.881879e+00
-1.177580e-01 4.808680e-01 2.676291e+00
-1.816000e-01 6.121300e-02 2.963427e+00
4.565700e-02 1.997090e-01 2.681085e+00
-1.624860e-01 2.159850e-01 2.788133e+00
4.663400e-02 -3.250900e-02 2.834561e+00
-1.740030e-01 -1.906000e-01 2.844651e+00
-3.556900e-02 -2.033640e-01 2.607110e+00
6.716600e-02 -2.364660e-01 2.828212e+00
-4.004320e-01 -9.261000e-03 2.842499e+00
2.201900e-01 4.794000e-02 2.568404e+00
-3.629390e-01 -1.302810e-01 2.589039e+00
2.105110e-01 9.515300e-02 2.291924e+00
-3.692440e-01 -1.931400e-01 2.549143e+00
2.103910e-01 1.052910e-01 2.217898e+00
-7.871000e-03 -6.941520e-01 2.718855e+00
-2.959840e-01 -6.470310e-01 2.790578e+00
-8.724100e-02 -1.083324e+00 2.845876e+00
-2.416770e-01 -1.058569e+00 2.830284e+00
-6.682700e-02 -1.142406e+00 2.677612e+00
-4.137600e-01 -1.076670e+00 2.878031e+00
-1.323130e-01 4.663710e-01 2.703357e+00
-1.858680e-01 5.966800e-02 2.969578e+00
3.611000e-02 2.038270e-01 2.685874e+00
-1.698780e-01 2.181210e-01 2.797285e+00
3.963500e-02 -3.161700e-02 2.834315e+00
-1.656800e-01 -1.827410e-01 2.832989e+00
-3.606400e-02 -2.031560e-01 2.591048e+00
7.400300e-02 -2.329080e-01 2.809078e+00
-4.080340e-01 -1.505300e-02 2.857610e+00
1.907300e-01 1.242000e-03 2.649249e+00
-3.992680e-01 -1.205260e-01 2.594756e+00
2.138120e-01 -1.859900e-01 2.441184e+00
-4.083790e-01 -1.797760e-01 2.550157e+00
2.322370e-01 -2.575200e-01 2.452435e+00
-9.391000e-03 -6.916900e-01 2.719275e+00
-2.895110e-01 -6.440660e-01 2.790525e+00
-8.075700e-02 -1.080838e+00 2.851032e+00
-2.478820e-01 -1.057089e+00 2.830128e+00
-8.402300e-02 -1.137855e+00 2.680860e+00
-4.190440e-01 -1.069289e+00 2.882809e+00
-1.411030e-01 4.631690e-01 2.699708e+00
-1.925100e-01 6.790500e-02 2.985569e+00
4.328800e-02 2.025940e-01 2.708437e+00
-1.651950e-01 2.252190e-01 2.813656e+00
3.314400e-02 -3.247100e-02 2.857173e+00
-1.723170e-01 -1.683420e-01 2.832970e+00
-3.398400e-02 -1.889930e-01 2.595926e+00
6.658400e-02 -2.251290e-01 2.817549e+00
-4.145840e-01 -3.459000e-03 2.871254e+00
1.525720e-01 -2.828500e-02 2.676073e+00
-4.174680e-01 -1.028610e-01 2.605916e+00
2.091610e-01 -2.918190e-01 2.597110e+00
-4.288390e-01 -1.599310e-01 2.559050e+00
1.992150e-01 -3.592870e-01 2.627635e+00
-9.204000e-03 -6.755330e-01 2.726345e+00
-2.877150e-01 -6.352300e-01 2.785918e+00
-7.273100e-02 -1.071685e+00 2.839998e+00
-2.499200e-01 -1.048604e+00 2.825699e+00
-8.665100e-02 -1.118970e+00 2.667399e+00
-4.220780e-01 -1.059570e+00 2.875314e+00
-1.438130e-01 4.543130e-01 2.690578e+00
-2.040630e-01 7.839300e-02 2.989159e+00
5.202200e-02 2.045040e-01 2.726365e+00
-1.604840e-01 2.358280e-01 2.820745e+00
2.323200e-02 -3.118100e-02 2.871639e+00
-1.725510e-01 -1.552370e-01 2.830495e+00
-2.537400e-02 -1.857100e-01 2.599925e+00
6.596200e-02 -2.155010e-01 2.826434e+00
-4.235300e-01 1.291600e-02 2.866583e+00
1.199850e-01 -4.202400e-02 2.696252e+00
-4.317090e-01 -7.666000e-02 2.597877e+00
1.710520e-01 -3.165620e-01 2.726512e+00
-4.443570e-01 -1.307740e-01 2.547934e+00
1.678100e-01 -3.909720e-01 2.720569e+00
-8.326000e-03 -6.647550e-01 2.729130e+00
-2.867590e-01 -6.309940e-01 2.778656e+00
-7.428600e-02 -1.063258e+00 2.832731e+00
-2.505580e-01 -1.043522e+00 2.827636e+00
-5.851700e-02 -1.110688e+00 2.660330e+00
-4.271300e-01 -1.055454e+00 2.857644e+00
-1.479920e-01 4.550890e-01 2.689535e+00
-2.133140e-01 7.648800e-02 2.990163e+00
5.725700e-02 2.040990e-01 2.743078e+00
-1.573880e-01 2.394990e-01 2.830954e+00
1.403800e-02 -3.656500e-02 2.876097e+00
-1.858260e-01 -1.588640e-01 2.838839e+00
-2.422900e-02 -1.696380e-01 2.616302e+00
5.549300e-02 -2.062770e-01 2.846168e+00
-4.488320e-01 3.474200e-02 2.889120e+00
1.067770e-01 -4.601100e-02 2.707023e+00
-4.020290e-01 -7.663200e-02 2.632932e+00
1.267120e-01 -3.157630e-01 2.782772e+00
-3.872630e-01 -1.058360e-01 2.565763e+00
1.142410e-01 -3.887060e-01 2.793087e+00
-4.284000e-03 -6.604870e-01 2.730379e+00
-2.878170e-01 -6.239260e-01 2.768534e+00
-7.355800e-02 -1.059667e+00 2.829099e+00
-2.504420e-01 -1.035095e+00 2.827118e+00
-6.087900e-02 -1.104723e+00 2.655809e+00
-4.278350e-01 -1.047754e+00 2.851443e+00
-1.484370e-01 4.440750e-01 2.684545e+00
-2.311730e-01 6.598100e-02 3.012900e+00
3.446500e-02 1.863600e-01 2.756992e+00
-1.756360e-01 2.281470e-01 2.852695e+00
-1.186100e-02 -5.365400e-02 2.890138e+00
-1.787430e-01 -1.758190e-01 2.848710e+00
-2.362600e-02 -1.872730e-01 2.621642e+00
6.267300e-02 -2.233030e-01 2.849218e+00
-4.367830e-01 3.309100e-02 2.858109e+00
1.189160e-01 -5.691300e-02 2.756049e+00
-3.593560e-01 -8.322200e-02 2.611981e+00
1.278530e-01 -3.233280e-01 2.844663e+00
-3.349370e-01 -1.138750e-01 2.548367e+00
1.314800e-01 -3.971280e-01 2.855757e+00
-2.344000e-03 -6.790120e-01 2.740965e+00
-2.953810e-01 -6.357000e-01 2.773239e+00
-8.275100e-02 -1.077623e+00 2.833337e+00
-2.480500e-01 -1.046216e+00 2.829141e+00
-7.865300e-02 -1.118920e+00 2.658700e+00
-4.250610e-01 -1.063303e+00 2.853536e+00
-1.449090e-01 4.158200e-01 2.681259e+00
