-3.322050e-01 3.513490e-01 2.796114e+00
4.710400e-02 3.620400e-01 2.606942e+00
-1.049840e-01 2.297290e-01 2.769679e+00
-1.171300e-02 5.947900e-02 2.564644e+00
-3.860400e-01 7.788300e-02 2.720791e+00
-3.939450e-01 -2.330590e-01 2.673371e+00
-3.659720e-01 -3.098730e-01 2.662672e+00
-2.761890e-01 -5.293390e-01 2.712693e+00
-2.978780e-01 -9.851310e-01 2.752026e+00
-3.940600e-01 -9.974150e-01 2.556637e+00
-1.592810e-01 6.689760e-01 2.603520e+00
4.994200e-02 3.587170e-01 2.610118e+00
-1.051020e-01 2.274340e-01 2.770886e+00
-1.020200e-02 5.858500e-02 2.566180e+00
-3.865160e-01 7.897300e-02 2.721881e+00
-3.929290e-01 -2.312000e-01 2.667605e+00
-3.709700e-01 -3.096720e-01 2.655062e+00
-2.766480e-01 -5.319370e-01 2.718342e+00
-2.999700e-01 -9.869780e-01 2.764796e+00
-3.932390e-01 -1.002266e+00 2.568211e+00
-1.610550e-01 6.656800e-01 2.610175e+00
4.683000e-02 3.631140e-01 2.615684e+00
-1.067890e-01 2.270870e-01 2.773855e+00
-7.407000e-03 5.862900e-02 2.567840e+00
-3.837900e-01 7.329700e-02 2.725404e+00
-3.904080e-01 -2.365600e-01 2.666012e+00
-3.650730e-01 -3.147090e-01 2.672957e+00
-2.770370e-01 -5.343020e-01 2.716184e+00
-2.855970e-01 -9.892440e-01 2.768322e+00
-3.797220e-01 -1.009899e+00 2.572638e+00
-1.591020e-01 6.650030e-01 2.604337e+00
4.816400e-02 3.639150e-01 2.617801e+00
-1.070000e-01 2.282480e-01 2.774768e+00
-6.583000e-03 6.111400e-02 2.570670e+00
-3.858390e-01 7.596000e-02 2.723156e+00
-3.888280e-01 -2.348680e-01 2.669071e+00
-3.743430e-01 -3.130610e-01 2.690830e+00
-2.779490e-01 -5.346200e-01 2.717582e+00
-2.729560e-01 -9.898690e-01 2.767457e+00
-3.667470e-01 -1.012332e+00 2.571811e+00
-1.582480e-01 6.652240e-01 2.605237e+00
5.288800e-02 3.609220e-01 2.616639e+00
-1.032220e-01 2.261770e-01 2.773462e+00
-3.205000e-03 6.204800e-02 2.574701e+00
-3.818530e-01 7.213500e-02 2.724688e+00
-3.963370e-01 -2.392030e-01 2.676389e+00
-3.673750e-01 -3.147420e-01 2.692282e+00
-2.796460e-01 -5.344830e-01 2.718849e+00
-2.974540e-01 -9.892790e-01 2.769916e+00
-3.852420e-01 -1.008162e+00 2.571132e+00
-1.531890e-01 6.641460e-01 2.606775e+00
4.852300e-02 3.613690e-01 2.620829e+00
-1.068150e-01 2.245010e-01 2.776576e+00
-9.490000e-03 5.376300e-02 2.565899e+00
-3.812910e-01 7.452900e-02 2.728426e+00
-3.977440e-01 -2.358130e-01 2.674590e+00
-3.492810e-01 -2.968510e-01 2.647701e+00
-2.613720e-01 -5.181000e-01 2.739567e+00
-3.310870e-01 -9.337540e-01 2.918831e+00
-4.216020e-01 -9.993530e-01 2.731528e+00
-1.520690e-01 6.618370e-01 2.604613e+00
4.601000e-02 3.687280e-01 2.623085e+00
-1.037920e-01 2.283420e-01 2.781109e+00
-1.059700e-02 5.714700e-02 2.568581e+00
-3.824230e-01 7.301400e-02 2.729535e+00
-3.937570e-01 -2.383200e-01 2.679492e+00
-3.650430e-01 -3.155670e-01 2.681891e+00
-2.728370e-01 -5.300500e-01 2.714758e+00
-3.261730e-01 -9.474280e-01 2.895631e+00
-4.166530e-01 -1.016499e+00 2.709563e+00
-1.543290e-01 6.665640e-01 2.613582e+00
4.847700e-02 3.640210e-01 2.625919e+00
-1.031380e-01 2.239060e-01 2.782447e+00
-8.989000e-03 6.258100e-02 2.569663e+00
-3.807630e-01 6.902700e-02 2.734755e+00
-3.935540e-01 -2.414370e-01 2.679897e+00
-3.672970e-01 -3.195810e-01 2.678705e+00
-2.769500e-01 -5.328450e-01 2.720776e+00
-3.061630e-01 -9.733320e-01 2.842767e+00
-4.049780e-01 -1.019119e+00 2.653776e+00
-1.492590e-01 6.646280e-01 2.623708e+00
4.587900e-02 3.659440e-01 2.624261e+00
-1.014610e-01 2.261900e-01 2.785133e+00
-2.915000e-03 6.756700e-02 2.580094e+00
-3.794450e-01 6.872800e-02 2.737222e+00
-3.883510e-01 -2.404890e-01 2.677577e+00
-3.670500e-01 -3.193520e-01 2.688726e+00
-2.784320e-01 -5.298490e-01 2.721545e+00
-3.086210e-01 -9.747310e-01 2.826104e+00
-3.972560e-01 -1.014611e+00 2.630829e+00
-1.475410e-01 6.671640e-01 2.637537e+00
4.611700e-02 3.658400e-01 2.625204e+00
-9.851200e-02 2.216150e-01 2.784583e+00
-7.485000e-03 6.188700e-02 2.570433e+00
-3.819510e-01 6.338100e-02 2.741481e+00
-3.896190e-01 -2.451070e-01 2.676563e+00
-3.626830e-01 -3.209860e-01 2.694291e+00
-2.786360e-01 -5.363180e-01 2.721108e+00
-2.978960e-01 -9.880820e-01 2.793928e+00
-4.023010e-01 -1.014212e+00 2.604203e+00
-1.499390e-01 6.624990e-01 2.633328e+00
4.420400e-02 3.649730e-01 2.626295e+00
-9.965400e-02 2.214670e-01 2.787015e+00
-4.843000e-03 6.024900e-02 2.575375e+00
-3.806420e-01 7.024400e-02 2.747198e+00
-3.876350e-01 -2.381590e-01 2.687026e+00
-3.715440e-01 -3.189940e-01 2.689089e+00
-2.797650e-01 -5.370470e-01 2.725527e+00
-2.954410e-01 -9.922190e-01 2.773865e+00
-3.971540e-01 -1.009129e+00 2.581649e+00
-1.514610e-01 6.637320e-01 2.628340e+00
3.195000e-02 3.749250e-01 2.628050e+00
-1.019080e-01 2.263840e-01 2.792785e+00
-6.730000e-03 6.063400e-02 2.577260e+00
-3.808510e-01 6.103200e-02 2.750332e+00
-3.873680e-01 -2.470930e-01 2.690577e+00
-3.575840e-01 -3.208040e-01 2.712419e+00
-2.787690e-01 -5.379800e-01 2.725209e+00
-2.841940e-01 -9.941350e-01 2.765916e+00
-3.853080e-01 -1.010121e+00 2.573305e+00
-1.506390e-01 6.673030e-01 2.629318e+00
8.909000e-03 3.881480e-01 2.629156e+00
-1.058440e-01 2.279520e-01 2.797349e+00
-2.578900e-02 7.202200e-02 2.565011e+00
-3.837540e-01 6.603300e-02 2.749349e+00
-3.876450e-01 -2.432550e-01 2.697595e+00
-3.799530e-01 -3.252930e-01 2.700444e+00
-2.821730e-01 -5.370570e-01 2.724871e+00
-2.884870e-01 -9.928190e-01 2.769647e+00
-4.087940e-01 -1.008957e+00 2.588417e+00
-1.532150e-01 6.580470e-01 2.625064e+00
-3.410000e-04 3.935610e-01 2.631706e+00
-1.100160e-01 2.337430e-01 2.803607e+00
-3.583300e-02 7.723500e-02 2.562998e+00
-3.851660e-01 6.571600e-02 2.749499e+00
-3.909830e-01 -2.452490e-01 2.703432e+00
-3.673230e-01 -3.182420e-01 2.673271e+00
-2.833100e-01 -5.375560e-01 2.725888e+00
-2.806770e-01 -9.948740e-01 2.750730e+00
-4.113730e-01 -1.005096e+00 2.576395e+00
-1.423710e-01 6.444550e-01 2.592155e+00
-1.261000e-03 3.934130e-01 2.634419e+00
-1.119820e-01 2.330820e-01 2.805168e+00
-3.714300e-02 7.664900e-02 2.563967e+00
-3.870500e-01 6.310900e-02 2.751925e+00
-3.919560e-01 -2.474390e-01 2.695654e+00
-3.664060e-01 -3.242060e-01 2.711514e+00
-2.832220e-01 -5.359740e-01 2.727620e+00
-2.793000e-01 -9.930420e-01 2.756556e+00
-4.078430e-01 -1.005274e+00 2.580756e+00
-1.371610e-01 6.413600e-01 2.590797e+00
-4.987000e-03 3.928250e-01 2.634935e+00
-1.139040e-01 2.315410e-01 2.805946e+00
-3.789400e-02 7.513100e-02 2.568184e+00
-3.872950e-01 6.298000e-02 2.744497e+00
-3.936310e-01 -2.510910e-01 2.696714e+00
-3.554240e-01 -3.231450e-01 2.684637e+00
-2.838060e-01 -5.382110e-01 2.727053e+00
-2.871580e-01 -9.950160e-01 2.759946e+00
-4.157330e-01 -1.006732e+00 2.584134e+00
-1.453010e-01 6.484940e-01 2.603959e+00
6.570000e-04 3.948290e-01 2.646464e+00
-1.142300e-01 2.314860e-01 2.811511e+00
-3.231200e-02 8.208800e-02 2.566448e+00
-3.851810e-01 6.257800e-02 2.735571e+00
-3.946620e-01 -2.497890e-01 2.689629e+00
-3.523230e-01 -3.187570e-01 2.673875e+00
-2.805570e-01 -5.382810e-01 2.723638e+00
-2.818380e-01 -9.947170e-01 2.761425e+00
-4.104900e-01 -1.008892e+00 2.585851e+00
-1.387500e-01 6.442830e-01 2.603888e+00
-1.368000e-03 3.933220e-01 2.660346e+00
-1.221230e-01 2.251900e-01 2.816134e+00
-2.961400e-02 8.004000e-02 2.573440e+00
-3.880090e-01 7.467100e-02 2.733208e+00
-4.054720e-01 -2.310310e-01 2.685865e+00
-3.701950e-01 -3.049290e-01 2.695451e+00
-2.837500e-01 -5.387250e-01 2.717122e+00
-2.897250e-01 -9.937310e-01 2.769060e+00
-4.120060e-01 -1.012631e+00 2.589425e+00
-1.466450e-01 6.468850e-01 2.625136e+00
7.083000e-03 3.996840e-01 2.667087e+00
-1.183270e-01 2.393180e-01 2.827322e+00
-2.818300e-02 1.170780e-01 2.562559e+00
-3.834350e-01 1.153600e-01 2.724495e+00
-4.071980e-01 -1.916690e-01 2.690614e+00
-3.897910e-01 -2.718170e-01 2.682201e+00
-2.883870e-01 -4.970080e-01 2.702772e+00
-2.200710e-01 -9.460970e-01 2.761221e+00
-3.597720e-01 -9.884430e-01 2.599144e+00
-1.592260e-01 6.498720e-01 2.617946e+00
7.531500e-02 4.052190e-01 2.653582e+00
-7.204300e-02 2.629840e-01 2.812247e+00
2.074200e-02 8.962200e-02 2.583552e+00
-3.850740e-01 1.045220e-01 2.737787e+00
-3.992480e-01 -2.006810e-01 2.674328e+00
-3.751830e-01 -2.747610e-01 2.647301e+00
-2.824410e-01 -4.946110e-01 2.711235e+00
-2.845550e-01 -9.484020e-01 2.773148e+00
-3.832040e-01 -9.742490e-01 2.580330e+00
-1.467320e-01 6.778560e-01 2.610373e+00
1.095640e-01 3.796090e-01 2.652926e+00
-6.043300e-02 2.668750e-01 2.812652e+00
3.904000e-02 8.012100e-02 2.597594e+00
-3.801470e-01 1.313980e-01 2.741568e+00
-3.995150e-01 -1.803150e-01 2.687829e+00
-3.870700e-01 -2.503020e-01 2.646063e+00
-2.879980e-01 -4.802210e-01 2.707320e+00
-2.968290e-01 -9.344120e-01 2.765599e+00
-3.728870e-01 -9.589750e-01 2.562645e+00
-1.579600e-01 6.829030e-01 2.639923e+00
1.042590e-01 3.650990e-01 2.668388e+00
-7.054700e-02 2.414360e-01 2.814232e+00
2.345900e-02 9.803000e-02 2.586841e+00
-3.688860e-01 1.341970e-01 2.731610e+00
-4.037650e-01 -1.836350e-01 2.699211e+00
-3.886570e-01 -2.486970e-01 2.650877e+00
-2.911600e-01 -4.745030e-01 2.704824e+00
-2.779920e-01 -9.282720e-01 2.765524e+00
-3.749380e-01 -9.569400e-01 2.572241e+00
-1.564810e-01 6.631330e-01 2.662777e+00
8.628500e-02 3.682350e-01 2.654709e+00
-7.645700e-02 2.433520e-01 2.812947e+00
8.798000e-03 8.503600e-02 2.592338e+00
-3.896570e-01 1.029470e-01 2.785297e+00
-3.998530e-01 -2.074900e-01 2.695894e+00
-3.853040e-01 -2.859540e-01 2.675178e+00
-2.882030e-01 -4.970880e-01 2.717091e+00
-2.917150e-01 -9.524560e-01 2.765994e+00
-3.812640e-01 -9.730110e-01 2.568163e+00
-1.853290e-01 6.809530e-01 2.671964e+00
8.290000e-02 3.618910e-01 2.656473e+00
-7.582700e-02 2.344610e-01 2.816747e+00
1.209900e-02 6.683000e-02 2.589646e+00
-3.914670e-01 6.954100e-02 2.788768e+00
-4.021260e-01 -2.408990e-01 2.702387e+00
-3.700990e-01 -3.163160e-01 2.711546e+00
-2.895380e-01 -5.087770e-01 2.719610e+00
-2.909010e-01 -9.653950e-01 2.755143e+00
-3.780010e-01 -9.806520e-01 2.555746e+00
-1.818630e-01 6.770430e-01 2.679709e+00
8.203800e-02 3.500130e-01 2.653882e+00
-7.798700e-02 2.273700e-01 2.816580e+00
1.509800e-02 5.219700e-02 2.596698e+00
-3.950840e-01 6.864400e-02 2.805646e+00
-3.978890e-01 -2.395280e-01 2.713397e+00
-3.851940e-01 -3.191930e-01 2.730421e+00
-2.914590e-01 -5.236640e-01 2.718924e+00
-2.950030e-01 -9.806490e-01 2.749185e+00
-3.745880e-01 -9.934540e-01 2.546500e+00
-1.852580e-01 6.741070e-01 2.684780e+00
4.566500e-02 3.664830e-01 2.662267e+00
-1.029750e-01 2.368040e-01 2.830224e+00
9.475000e-03 8.125700e-02 2.593945e+00
-3.941280e-01 5.972600e-02 2.808697e+00
-4.110660e-01 -2.498480e-01 2.730268e+00
-3.762950e-01 -3.202170e-01 2.705039e+00
-2.978830e-01 -5.226760e-01 2.715590e+00
-2.879060e-01 -9.795770e-01 2.745689e+00
-3.906090e-01 -9.944590e-01 2.553832e+00
-1.960330e-01 6.803550e-01 2.681301e+00
3.029600e-02 3.439550e-01 2.642161e+00
-2.137340e-01 4.045310e-01 2.647447e+00
-1.034660e-01 2.256160e-01 2.829840e+00
-2.895970e-01 4.065100e-02 2.754700e+00
6.478000e-03 5.918500e-02 2.578572e+00
-7.476000e-02 1.951400e-02 2.775728e+00
-3.954600e-01 5.768500e-02 2.807789e+00
-3.691000e-02 2.420950e-01 2.376297e+00
-4.123270e-01 -2.523210e-01 2.735369e+00
-2.633900e-01 2.213450e-01 2.152894e+00
-4.025260e-01 -3.337940e-01 2.727405e+00
-3.277610e-01 2.106310e-01 2.102505e+00
-2.987970e-01 -5.326170e-01 2.715768e+00
-6.043600e-02 -5.306420e-01 2.664245e+00
-2.992250e-01 -9.895380e-01 2.747183e+00
4.887000e-03 -9.742470e-01 2.757582e+00
-4.204870e-01 -1.001861e+00 2.566290e+00
-1.045060e-01 -1.028392e+00 2.576805e+00
-1.961030e-01 6.749350e-01 2.696435e+00
-3.064290e-01 3.245730e-01 2.850255e+00
1.911800e-02 3.217310e-01 2.578617e+00
-2.252220e-01 3.679110e-01 2.616214e+00
-7.417800e-02 2.219670e-01 2.798761e+00
-2.822040e-01 2.457700e-02 2.764421e+00
-8.740000e-03 2.567200e-02 2.554085e+00
-6.644700e-02 2.527000e-03 2.761879e+00
-4.005090e-01 5.020500e-02 2.802261e+00
-1.171640e-01 2.584110e-01 2.325932e+00
-4.102840e-01 -2.619170e-01 2.730606e+00
-3.714910e-01 2.728240e-01 2.131611e+00
-4.025650e-01 -3.410900e-01 2.708941e+00
-4.514800e-01 2.597440e-01 2.116509e+00
-3.008830e-01 -5.563260e-01 2.722555e+00
-5.316700e-02 -5.570360e-01 2.674273e+00
-2.940480e-01 -1.013182e+00 2.754175e+00
3.456000e-03 -1.002505e+00 2.764357e+00
-4.369520e-01 -1.026687e+00 2.589936e+00
-1.259230e-01 -1.052965e+00 2.596150e+00
-1.943280e-01 6.695230e-01 2.693706e+00
-3.424120e-01 3.216650e-01 2.857697e+00
-1.532300e-02 3.856290e-01 2.595596e+00
-2.641540e-01 3.960360e-01 2.630557e+00
-9.790200e-02 2.552150e-01 2.803666e+00
-3.002400e-01 2.612500e-02 2.762388e+00
-2.152200e-02 5.975800e-02 2.561864e+00
-8.339500e-02 2.415300e-02 2.766676e+00
-3.949240e-01 3.950700e-02 2.802950e+00
-1.384330e-01 3.203970e-01 2.338776e+00
-4.107060e-01 -2.674050e-01 2.719628e+00
-4.011030e-01 3.952970e-01 2.175127e+00
-4.251430e-01 -3.443830e-01 2.693872e+00
-4.833000e-01 3.942940e-01 2.168796e+00
-2.968760e-01 -5.452600e-01 2.729698e+00
-5.217400e-02 -5.323020e-01 2.674937e+00
-2.940740e-01 -1.002430e+00 2.757112e+00
-2.889700e-02 -9.815930e-01 2.760725e+00
-4.299160e-01 -1.013475e+00 2.586808e+00
-1.554540e-01 -1.021217e+00 2.587543e+00
-1.937340e-01 6.996690e-01 2.692040e+00
-3.290260e-01 3.411040e-01 2.883082e+00
-2.240400e-02 4.075280e-01 2.597869e+00
-2.671650e-01 4.231000e-01 2.653522e+00
-9.181100e-02 2.705030e-01 2.806500e+00
-2.865090e-01 6.592800e-02 2.777598e+00
-3.725300e-02 9.674100e-02 2.541066e+00
-7.121300e-02 5.965800e-02 2.752053e+00
-3.884360e-01 6.705200e-02 2.803905e+00
-1.436440e-01 3.624190e-01 2.336777e+00
-4.046890e-01 -2.396760e-01 2.723361e+00
-4.002630e-01 4.918020e-01 2.201721e+00
-4.083610e-01 -3.107270e-01 2.681699e+00
-4.601830e-01 4.644660e-01 2.152126e+00
-2.942350e-01 -5.075940e-01 2.723065e+00
-5.627000e-02 -4.930960e-01 2.663368e+00
-2.690030e-01 -9.631710e-01 2.762779e+00
-4.455400e-02 -9.427600e-01 2.749563e+00
-4.289150e-01 -9.848210e-01 2.616020e+00
-1.930600e-01 -9.765610e-01 2.593416e+00
-1.880740e-01 7.014980e-01 2.708440e+00
-2.757780e-01 3.238780e-01 2.895308e+00
-2.614500e-02 3.486640e-01 2.559414e+00
-2.502300e-01 3.927230e-01 2.654776e+00
-6.585100e-02 2.257210e-01 2.779482e+00
-2.551340e-01 3.158200e-02 2.806679e+00
-5.299900e-02 6.143900e-02 2.528695e+00
-4.813000e-02 2.430200e-02 2.742333e+00
-3.890620e-01 7.108900e-02 2.807284e+00
-1.746470e-01 4.372110e-01 2.325768e+00
-4.031460e-01 -2.329710e-01 2.719616e+00
-4.247970e-01 5.699240e-01 2.183823e+00
-4.055400e-01 -3.108900e-01 2.692778e+00
-4.768810e-01 5.934150e-01 2.124385e+00
-3.009660e-01 -5.394730e-01 2.728121e+00
-5.183900e-02 -5.244060e-01 2.676034e+00
-2.745010e-01 -9.947710e-01 2.770162e+00
-4.663600e-02 -9.729510e-01 2.768469e+00
-4.603030e-01 -1.015939e+00 2.657876e+00
-2.240820e-01 -1.000525e+00 2.644650e+00
-1.540690e-01 6.737070e-01 2.706141e+00
-2.857090e-01 3.171480e-01 2.895788e+00
-1.867700e-02 3.535370e-01 2.576309e+00
-2.435410e-01 4.040140e-01 2.663573e+00
-7.635800e-02 2.156080e-01 2.781851e+00
-2.696350e-01 4.316100e-02 2.789498e+00
-5.801700e-02 5.929000e-02 2.517500e+00
-6.019300e-02 3.810800e-02 2.733348e+00
-3.894170e-01 6.137200e-02 2.807723e+00
-1.319410e-01 4.792250e-01 2.341136e+00
-3.960030e-01 -2.411940e-01 2.717767e+00
-3.512670e-01 6.538440e-01 2.195927e+00
-3.802310e-01 -3.172880e-01 2.690228e+00
-4.061580e-01 6.624770e-01 2.135018e+00
-2.995850e-01 -5.343650e-01 2.734005e+00
-4.841700e-02 -5.219050e-01 2.677616e+00
-2.836110e-01 -9.916350e-01 2.754325e+00
-3.538400e-02 -9.701160e-01 2.770897e+00
-4.648170e-01 -1.003335e+00 2.633470e+00
-2.053190e-01 -1.002698e+00 2.638085e+00
-1.210240e-01 6.663980e-01 2.714764e+00
-2.867800e-01 3.472810e-01 2.899876e+00
-1.146300e-02 3.534030e-01 2.586020e+00
-2.284030e-01 4.328720e-01 2.670716e+00
-9.155100e-02 2.200900e-01 2.786613e+00
-2.888390e-01 3.929900e-02 2.783435e+00
-5.699400e-02 8.350300e-02 2.531803e+00
-7.556300e-02 4.389000e-02 2.744241e+00
-3.780890e-01 9.162400e-02 2.800316e+00
-9.922400e-02 4.913190e-01 2.347510e+00
-3.974230e-01 -2.160490e-01 2.735028e+00
-2.959890e-01 6.825140e-01 2.192503e+00
-3.899700e-01 -2.925350e-01 2.705168e+00
-3.409600e-01 7.061480e-01 2.127569e+00
-2.999710e-01 -5.283530e-01 2.736501e+00
-5.515700e-02 -5.063360e-01 2.671537e+00
-2.792460e-01 -9.856030e-01 2.752534e+00
-3.329900e-02 -9.531870e-01 2.769569e+00
-4.506290e-01 -9.980820e-01 2.618181e+00
-1.969410e-01 -9.916830e-01 2.630581e+00
-9.649300e-02 6.878560e-01 2.748328e+00
-2.851560e-01 3.294130e-01 2.895225e+00
-1.642300e-02 3.751100e-01 2.579628e+00
-2.407510e-01 4.244880e-01 2.666671e+00
-7.602600e-02 2.302530e-01 2.778811e+00
-2.674300e-01 3.786400e-02 2.791277e+00
-6.325500e-02 7.755800e-02 2.516027e+00
-5.942500e-02 4.195300e-02 2.729947e+00
-3.865700e-01 7.202400e-02 2.812848e+00
-7.456800e-02 5.070930e-01 2.329589e+00
-3.991030e-01 -2.323550e-01 2.734424e+00
-2.568420e-01 7.078990e-01 2.170195e+00
-3.763210e-01 -2.984570e-01 2.690733e+00
-2.788350e-01 7.296010e-01 2.093757e+00
-2.995120e-01 -5.297950e-01 2.737983e+00
-5.094300e-02 -5.077400e-01 2.679039e+00
-2.900360e-01 -9.876410e-01 2.745188e+00
-4.164500e-02 -9.571310e-01 2.766930e+00
-4.758260e-01 -9.932820e-01 2.631044e+00
-2.244930e-01 -9.835920e-01 2.650979e+00
-9.267900e-02 6.557910e-01 2.742810e+00
-2.897180e-01 3.580620e-01 2.888569e+00
-2.118000e-03 3.712900e-01 2.585842e+00
-2.253780e-01 4.432230e-01 2.660850e+00
-8.529600e-02 2.372680e-01 2.784933e+00
-2.772010e-01 6.869800e-02 2.780130e+00
-4.476800e-02 9.155700e-02 2.526206e+00
-6.432000e-02 5.896600e-02 2.739747e+00
-3.814610e-01 9.903300e-02 2.802403e+00
-2.752200e-02 4.930010e-01 2.326076e+00
-4.006310e-01 -2.085190e-01 2.742876e+00
-1.558920e-01 6.849860e-01 2.113562e+00
-3.873740e-01 -2.868400e-01 2.720797e+00
-1.884430e-01 7.199340e-01 2.046357e+00
-2.946030e-01 -5.073040e-01 2.723582e+00
-4.895600e-02 -4.920220e-01 2.668953e+00
-2.920720e-01 -9.642410e-01 2.754659e+00
-4.341900e-02 -9.401730e-01 2.763261e+00
-4.598580e-01 -9.746230e-01 2.615669e+00
-2.005090e-01 -9.731930e-01 2.615576e+00
-1.276770e-01 6.526260e-01 2.701008e+00
-2.857470e-01 3.476460e-01 2.888479e+00
2.452100e-02 3.782330e-01 2.603426e+00
-2.015010e-01 4.557110e-01 2.677594e+00
-8.318500e-02 2.263950e-01 2.781770e+00
-2.765280e-01 7.531800e-02 2.771188e+00
-2.855400e-02 9.782500e-02 2.532385e+00
-6.227300e-02 5.715900e-02 2.742749e+00
-3.848140e-01 9.089000e-02 2.804961e+00
9.724000e-03 4.603350e-01 2.328193e+00
-4.006720e-01 -2.165310e-01 2.746017e+00
-9.581500e-02 6.380230e-01 2.092561e+00
-3.891530e-01 -2.930680e-01 2.717615e+00
-1.124090e-01 6.696240e-01 2.018241e+00
-2.980070e-01 -4.980480e-01 2.717477e+00
-4.856900e-02 -4.841160e-01 2.668963e+00
-2.900320e-01 -9.539420e-01 2.760626e+00
-5.377100e-02 -9.311040e-01 2.768659e+00
-4.498240e-01 -9.707000e-01 2.613098e+00
-2.001650e-01 -9.646800e-01 2.610482e+00
-1.442150e-01 6.626740e-01 2.695415e+00
-2.950080e-01 3.515150e-01 2.863379e+00
5.368400e-02 3.897420e-01 2.625201e+00
-1.825710e-01 4.641860e-01 2.668671e+00
-7.822400e-02 2.336480e-01 2.784434e+00
-2.847950e-01 8.901900e-02 2.749736e+00
-7.497000e-03 9.743900e-02 2.544652e+00
-7.001400e-02 5.882300e-02 2.748721e+00
-3.801130e-01 8.692100e-02 2.790860e+00
3.969800e-02 4.193340e-01 2.339823e+00
-4.024600e-01 -2.219390e-01 2.745037e+00
-4.413000e-02 5.746140e-01 2.081260e+00
-3.804480e-01 -2.940890e-01 2.711760e+00
-4.823100e-02 5.962350e-01 2.001805e+00
-2.925160e-01 -4.869260e-01 2.721770e+00
-4.994700e-02 -4.801130e-01 2.671458e+00
-2.950350e-01 -9.441300e-01 2.748655e+00
-3.849400e-02 -9.282080e-01 2.765499e+00
-4.309410e-01 -9.533980e-01 2.578295e+00
-1.639200e-01 -9.679260e-01 2.591518e+00
-1.453620e-01 6.575740e-01 2.668471e+00
-2.816240e-01 3.635650e-01 2.859183e+00
6.999500e-02 3.909060e-01 2.623826e+00
-1.679100e-01 4.645330e-01 2.658877e+00
-6.204500e-02 2.439320e-01 2.791409e+00
-2.815390e-01 8.934700e-02 2.754962e+00
6.480000e-04 8.584800e-02 2.556510e+00
-6.828400e-02 4.997900e-02 2.759008e+00
-3.945120e-01 1.061830e-01 2.802117e+00
7.496600e-02 3.496950e-01 2.340061e+00
-3.964820e-01 -1.984740e-01 2.732415e+00
-8.627000e-03 4.706580e-01 2.064275e+00
-3.994420e-01 -2.774610e-01 2.708969e+00
-6.436000e-03 4.759750e-01 1.982029e+00
-2.958710e-01 -4.901820e-01 2.717401e+00
-5.183900e-02 -4.892740e-01 2.673194e+00
-2.917960e-01 -9.462940e-01 2.758749e+00
-5.350500e-02 -9.392440e-01 2.758565e+00
-4.248370e-01 -9.630780e-01 2.586712e+00
-1.755420e-01 -9.725070e-01 2.580860e+00
-1.837280e-01 6.597520e-01 2.679866e+00
-2.830860e-01 3.950310e-01 2.810074e+00
1.083640e-01 3.755180e-01 2.648326e+00
-1.266040e-01 4.620760e-01 2.624963e+00
-6.269900e-02 2.589640e-01 2.804123e+00
-2.981740e-01 1.080580e-01 2.709470e+00
2.729000e-02 8.592800e-02 2.597183e+00
-9.593600e-02 6.404600e-02 2.774328e+00
-3.913940e-01 1.248940e-01 2.797673e+00
8.548500e-02 3.067070e-01 2.366191e+00
-4.046490e-01 -1.854970e-01 2.732383e+00
6.070000e-04 3.832160e-01 2.070010e+00
-4.110700e-01 -2.676130e-01 2.728741e+00
-3.626000e-03 3.909470e-01 1.988036e+00
-3.014520e-01 -4.743070e-01 2.719091e+00
-5.741500e-02 -4.901060e-01 2.670926e+00
-2.503660e-01 -9.288410e-01 2.742605e+00
-4.563800e-02 -9.424510e-01 2.741703e+00
-3.439800e-01 -9.494990e-01 2.546676e+00
-1.177400e-01 -9.761050e-01 2.538609e+00
-2.077680e-01 6.703120e-01 2.687626e+00
-3.030110e-01 3.625990e-01 2.810980e+00
8.692400e-02 3.593500e-01 2.644497e+00
-1.525320e-01 4.328920e-01 2.622133e+00
-7.587100e-02 2.381090e-01 2.805490e+00
-2.941180e-01 8.371700e-02 2.722593e+00
2.174500e-02 6.199000e-02 2.585539e+00
-8.699700e-02 4.268900e-02 2.772211e+00
-3.983780e-01 8.526500e-02 2.795943e+00
9.090200e-02 2.790370e-01 2.362063e+00
-4.077030e-01 -2.247160e-01 2.716944e+00
-2.572500e-02 3.183000e-01 2.066644e+00
-3.972290e-01 -3.064740e-01 2.715129e+00
-1.809500e-02 3.304710e-01 1.985459e+00
-2.985130e-01 -5.011540e-01 2.719172e+00
-5.317700e-02 -5.127450e-01 2.680103e+00
-2.830650e-01 -9.574930e-01 2.754950e+00
-4.776900e-02 -9.651590e-01 2.751213e+00
-3.811740e-01 -9.760190e-01 2.561017e+00
-1.351970e-01 -9.972080e-01 2.553963e+00
-1.760870e-01 6.829120e-01 2.686596e+00
-3.023340e-01 3.542800e-01 2.815016e+00
8.216900e-02 3.467250e-01 2.636477e+00
-1.567540e-01 4.239120e-01 2.622128e+00
-7.733400e-02 2.265580e-01 2.801518e+00
-2.968280e-01 6.295600e-02 2.730402e+00
1.324400e-02 4.580300e-02 2.580115e+00
-8.671100e-02 2.863900e-02 2.771840e+00
-4.052740e-01 8.018400e-02 2.793684e+00
6.293600e-02 2.581550e-01 2.357254e+00
-4.084850e-01 -2.293840e-01 2.713012e+00
-6.568500e-02 2.658490e-01 2.064425e+00
-3.983280e-01 -3.106840e-01 2.722210e+00
-9.826000e-02 2.734630e-01 1.989071e+00
-2.940660e-01 -5.230000e-01 2.724892e+00
-5.117600e-02 -5.293400e-01 2.690739e+00
-3.076600e-01 -9.793260e-01 2.761578e+00
-3.921300e-02 -9.818940e-01 2.760138e+00
-4.074820e-01 -9.919120e-01 2.568043e+00
-1.346550e-01 -1.014086e+00 2.566662e+00
-1.817690e-01 6.738500e-01 2.683460e+00
-3.089600e-01 3.585740e-01 2.820057e+00
7.429300e-02 3.502970e-01 2.638880e+00
-1.642860e-01 4.289150e-01 2.626745e+00
-8.477200e-02 2.297190e-01 2.804045e+00
-3.026340e-01 5.175400e-02 2.733975e+00
8.022000e-03 6.335100e-02 2.584365e+00
-9.075300e-02 2.901100e-02 2.774387e+00
-4.075470e-01 8.226300e-02 2.795382e+00
5.868500e-02 2.434300e-01 2.364996e+00
-4.126990e-01 -2.269870e-01 2.710071e+00
-8.963000e-02 2.443150e-01 2.080493e+00
-3.919230e-01 -3.065440e-01 2.716106e+00
-1.202610e-01 2.604070e-01 2.005659e+00
-2.922300e-01 -5.244070e-01 2.724674e+00
-4.783000e-02 -5.196350e-01 2.688894e+00
-3.034300e-01 -9.810140e-01 2.758570e+00
-6.358900e-02 -9.745350e-01 2.739709e+00
-4.023720e-01 -9.929900e-01 2.564545e+00
-1.541620e-01 -9.934620e-01 2.542182e+00
-1.819750e-01 6.782830e-01 2.670705e+00
-3.151900e-01 3.517780e-01 2.838558e+00
5.437500e-02 3.437600e-01 2.630873e+00
-1.845610e-01 4.220950e-01 2.635483e+00
-9.253000e-02 2.231630e-01 2.806928e+00
-3.026800e-01 4.407400e-02 2.741212e+00
3.637000e-03 5.141500e-02 2.582652e+00
-8.979600e-02 2.155800e-02 2.776102e+00
-4.014940e-01 7.650600e-02 2.778280e+00
5.302400e-02 2.310640e-01 2.358560e+00
-4.101660e-01 -2.365360e-01 2.706982e+00
-8.976100e-02 2.335670e-01 2.070879e+00
-3.864280e-01 -3.149110e-01 2.697429e+00
-1.349370e-01 2.500810e-01 2.003918e+00
-2.961320e-01 -5.341290e-01 2.728946e+00
-5.079300e-02 -5.307290e-01 2.692911e+00
-2.867610e-01 -9.911670e-01 2.757085e+00
-6.939000e-02 -9.846510e-01 2.750986e+00
-3.955490e-01 -1.005007e+00 2.568533e+00
-1.654270e-01 -1.005629e+00 2.556268e+00
-1.739170e-01 6.771030e-01 2.681630e+00
-3.146500e-01 3.530980e-01 2.831435e+00
5.542400e-02 3.254090e-01 2.626364e+00
-1.795980e-01 4.148970e-01 2.628483e+00
-9.807500e-02 2.138420e-01 2.802746e+00
-3.067260e-01 5.102300e-02 2.744219e+00
-5.594000e-03 5.327100e-02 2.575876e+00
-9.312100e-02 2.614700e-02 2.772465e+00
-3.977340e-01 7.554100e-02 2.774376e+00
6.172500e-02 2.025430e-01 2.357922e+00
-4.132330e-01 -2.380800e-01 2.703951e+00
-6.345000e-02 2.018410e-01 2.061462e+00
-3.776050e-01 -3.118820e-01 2.712973e+00
-1.169930e-01 2.341750e-01 2.007749e+00
-3.076720e-01 -5.275680e-01 2.734717e+00
-5.341200e-02 -5.271170e-01 2.687649e+00
-2.573820e-01 -9.827170e-01 2.726098e+00
-4.008400e-02 -9.796880e-01 2.756686e+00
-3.856370e-01 -9.935530e-01 2.549996e+00
-1.441490e-01 -1.011587e+00 2.567658e+00
-1.724300e-01 6.672020e-01 2.674610e+00
-3.100840e-01 3.598940e-01 2.837430e+00
5.286800e-02 3.312420e-01 2.620126e+00
-1.813310e-01 4.222860e-01 2.630602e+00
-9.553900e-02 2.194040e-01 2.800647e+00
-3.085160e-01 3.716600e-02 2.751182e+00
-1.020000e-02 4.297800e-02 2.577981e+00
-9.427900e-02 1.390800e-02 2.775793e+00
-3.996460e-01 8.539300e-02 2.775569e+00
6.738800e-02 1.855880e-01 2.363663e+00
-4.083360e-01 -2.307800e-01 2.716240e+00
-4.504000e-02 1.877000e-01 2.062140e+00
-3.830990e-01 -3.026750e-01 2.684751e+00
-7.469500e-02 1.894630e-01 1.985232e+00
-2.976830e-01 -5.420730e-01 2.740910e+00
-5.249700e-02 -5.375790e-01 2.692433e+00
-2.815630e-01 -9.997880e-01 2.741955e+00
-2.498500e-02 -9.906080e-01 2.753850e+00
-4.003480e-01 -1.004389e+00 2.559069e+00
-1.323330e-01 -1.022504e+00 2.566667e+00
-1.955470e-01 6.354860e-01 2.695030e+00
-3.154940e-01 3.552280e-01 2.835484e+00
5.414700e-02 3.367070e-01 2.628607e+00
-1.808880e-01 4.259430e-01 2.635163e+00
-9.895100e-02 2.174360e-01 2.800232e+00
-3.135340e-01 4.026600e-02 2.745983e+00
-1.329900e-02 5.040200e-02 2.576333e+00
-9.928700e-02 2.016600e-02 2.773147e+00
-3.943120e-01 7.928500e-02 2.768646e+00
9.054100e-02 1.616580e-01 2.394390e+00
-4.035340e-01 -2.376020e-01 2.717528e+00
-6.258000e-03 1.165090e-01 2.091558e+00
-3.718910e-01 -3.090580e-01 2.691258e+00
-2.387800e-02 1.713400e-01 2.032562e+00
-2.957060e-01 -5.374610e-01 2.743164e+00
-5.152300e-02 -5.308960e-01 2.691647e+00
-2.799850e-01 -9.951750e-01 2.746965e+00
-2.145100e-02 -9.805090e-01 2.773554e+00
-3.954830e-01 -1.000678e+00 2.562009e+00
-1.250620e-01 -1.021595e+00 2.586057e+00
-1.786960e-01 6.659470e-01 2.664975e+00
-3.298170e-01 3.450200e-01 2.854895e+00
2.953600e-02 3.639710e-01 2.630657e+00
-2.119850e-01 4.313150e-01 2.650160e+00
-1.037110e-01 2.281660e-01 2.806506e+00
-3.152760e-01 3.969800e-02 2.764704e+00
-3.430300e-02 6.157300e-02 2.565705e+00
-9.879500e-02 2.735500e-02 2.769945e+00
-4.031680e-01 7.072600e-02 2.783598e+00
8.819200e-02 1.228230e-01 2.475391e+00
-4.027330e-01 -2.418930e-01 2.719957e+00
7.994500e-02 2.680900e-02 2.171262e+00
-3.738510e-01 -3.151210e-01 2.695445e+00
2.708200e-02 2.571000e-03 2.112820e+00
-2.928240e-01 -5.368710e-01 2.745155e+00
-4.592000e-02 -5.208760e-01 2.687812e+00
-2.921640e-01 -9.948440e-01 2.750128e+00
-2.770300e-02 -9.707470e-01 2.771764e+00
-4.223650e-01 -9.969310e-01 2.575136e+00
-1.471460e-01 -1.008892e+00 2.593279e+00
-1.827600e-01 6.730850e-01 2.664015e+00
-3.335090e-01 3.455720e-01 2.861173e+00
1.785500e-02 3.616990e-01 2.624404e+00
-2.221850e-01 4.312370e-01 2.652567e+00
-1.103570e-01 2.267370e-01 2.804591e+00
-3.231230e-01 5.880900e-02 2.757074e+00
-3.134800e-02 6.799800e-02 2.573204e+00
-1.086260e-01 3.050200e-02 2.772367e+00
-3.973950e-01 7.576000e-02 2.770344e+00
1.010670e-01 9.696900e-02 2.534272e+00
-4.060560e-01 -2.388270e-01 2.724923e+00
8.438300e-02 -4.756200e-02 2.251542e+00
-3.841230e-01 -3.165480e-01 2.708313e+00
8.091700e-02 -1.196140e-01 2.211618e+00
-3.188820e-01 -4.956630e-01 2.825643e+00
-5.834300e-02 -5.098450e-01 2.682868e+00
-1.940300e-01 -8.721630e-01 2.596682e+00
-3.757600e-02 -9.594260e-01 2.767781e+00
-3.223740e-01 -9.929050e-01 2.725242e+00
-1.489070e-01 -9.991900e-01 2.584470e+00
-1.787250e-01 6.682640e-01 2.655024e+00
-3.385960e-01 3.312550e-01 2.867301e+00
3.705000e-03 3.774080e-01 2.621383e+00
-2.398810e-01 4.285300e-01 2.657442e+00
-1.090460e-01 2.302260e-01 2.802338e+00
-3.184280e-01 4.121200e-02 2.771304e+00
-4.414400e-02 6.645100e-02 2.563562e+00
-1.022530e-01 2.381400e-02 2.768133e+00
-3.971840e-01 6.133800e-02 2.769777e+00
8.206900e-02 9.797600e-02 2.581692e+00
-4.054230e-01 -2.535620e-01 2.718127e+00
1.056330e-01 -1.488380e-01 2.380632e+00
-3.769400e-01 -3.302400e-01 2.728453e+00
8.041900e-02 -2.072270e-01 2.328169e+00
-2.943660e-01 -5.319390e-01 2.754832e+00
-4.668700e-02 -5.129760e-01 2.684486e+00
-2.548860e-01 -9.469960e-01 2.565272e+00
-4.124400e-02 -9.637510e-01 2.765337e+00
-4.543340e-01 -9.267120e-01 2.479320e+00
-1.642680e-01 -9.969880e-01 2.588309e+00
-1.788000e-01 6.682470e-01 2.643140e+00
-3.357280e-01 3.282070e-01 2.874122e+00
4.000000e-03 3.739360e-01 2.624583e+00
-2.372550e-01 4.310380e-01 2.666814e+00
-1.105300e-01 2.229060e-01 2.801198e+00
-3.194680e-01 3.990000e-02 2.771182e+00
-4.633200e-02 6.976500e-02 2.562544e+00
-1.029340e-01 2.786900e-02 2.767690e+00
-3.967840e-01 6.057900e-02 2.762452e+00
6.863300e-02 8.558300e-02 2.602280e+00
-4.022850e-01 -2.593570e-01 2.718725e+00
9.668100e-02 -2.329030e-01 2.556651e+00
-3.683120e-01 -3.342220e-01 2.712525e+00
8.607900e-02 -3.106250e-01 2.531270e+00
-2.914120e-01 -5.357660e-01 2.732814e+00
-4.270500e-02 -5.122880e-01 2.678643e+00
-2.917960e-01 -9.919340e-01 2.773742e+00
-4.124800e-02 -9.610890e-01 2.769961e+00
-4.262650e-01 -1.007169e+00 2.602674e+00
-1.625680e-01 -9.976110e-01 2.592405e+00
-1.755370e-01 6.614420e-01 2.633225e+00
-3.397480e-01 3.199990e-01 2.857785e+00
9.620000e-03 3.752790e-01 2.623985e+00
-2.346220e-01 4.262540e-01 2.655531e+00
-1.089750e-01 2.206030e-01 2.794663e+00
-3.185460e-01 3.727400e-02 2.764638e+00
-3.700600e-02 6.075900e-02 2.566626e+00
-1.019800e-01 2.701600e-02 2.770792e+00
-3.952230e-01 4.861100e-02 2.750585e+00
7.190800e-02 8.494400e-02 2.630855e+00
-3.959490e-01 -2.733560e-01 2.717236e+00
5.637200e-02 -2.382640e-01 2.622483e+00
-3.597050e-01 -3.472630e-01 2.712605e+00
3.754400e-02 -3.175600e-01 2.634937e+00
-2.912200e-01 -5.411530e-01 2.732003e+00
-4.047800e-02 -5.225630e-01 2.680949e+00
-2.924740e-01 -9.970520e-01 2.775802e+00
-4.057800e-02 -9.716160e-01 2.771036e+00
-4.207690e-01 -1.013572e+00 2.600172e+00
-1.559990e-01 -1.007997e+00 2.589562e+00
-1.719180e-01 6.634820e-01 2.626946e+00
-3.407600e-01 3.126500e-01 2.855503e+00
8.608000e-03 3.867540e-01 2.626972e+00
-2.378190e-01 4.272240e-01 2.656697e+00
-1.054950e-01 2.239250e-01 2.793067e+00
-3.148690e-01 3.960600e-02 2.759501e+00
-3.072000e-02 5.788700e-02 2.564693e+00
-9.843200e-02 2.890200e-02 2.768700e+00
-3.943660e-01 4.359300e-02 2.745810e+00
7.135200e-02 9.867700e-02 2.646284e+00
-3.933150e-01 -2.768060e-01 2.713839e+00
5.130500e-02 -2.225190e-01 2.635789e+00
-3.833900e-01 -3.584810e-01 2.708529e+00
3.034700e-02 -3.015680e-01 2.646250e+00
-2.900590e-01 -5.408660e-01 2.726940e+00
-4.021900e-02 -5.250710e-01 2.682291e+00
-2.796920e-01 -9.967890e-01 2.769254e+00
-4.158600e-02 -9.747230e-01 2.769327e+00
-4.076990e-01 -1.015995e+00 2.593687e+00
-1.563000e-01 -1.009642e+00 2.587119e+00
-1.776650e-01 6.594210e-01 2.617850e+00
-3.446970e-01 3.116360e-01 2.849860e+00
1.144200e-02 3.834380e-01 2.631261e+00
-2.355960e-01 4.249160e-01 2.653614e+00
-1.080410e-01 2.217910e-01 2.794705e+00
-3.165330e-01 3.629700e-02 2.755394e+00
-2.660300e-02 5.606500e-02 2.569450e+00
-1.004400e-01 2.644800e-02 2.771229e+00
-3.949550e-01 4.288400e-02 2.741668e+00
7.185500e-02 9.666900e-02 2.655196e+00
-3.994820e-01 -2.763950e-01 2.714776e+00
5.479000e-02 -2.226340e-01 2.634281e+00
-3.648810e-01 -3.480260e-01 2.693116e+00
3.246000e-02 -3.007180e-01 2.648479e+00
-2.937800e-01 -5.429960e-01 2.725940e+00
-4.151300e-02 -5.280570e-01 2.684687e+00
-2.895700e-01 -9.998650e-01 2.757830e+00
-6.134500e-02 -9.774320e-01 2.770898e+00
-4.120900e-01 -1.013554e+00 2.577886e+00
-1.685960e-01 -1.008642e+00 2.583543e+00
-1.752300e-01 6.477470e-01 2.598915e+00
