-3.664590e-01 3.170710e-01 2.791636e+00
-1.854955e-01 3.224475e-01 2.768626e+00
-4.532000e-03 3.278240e-01 2.745617e+00
-1.028585e-01 3.479545e-01 2.700759e+00
-2.011850e-01 3.680850e-01 2.655901e+00
-1.849845e-01 2.782365e-01 2.762315e+00
-1.687840e-01 1.883880e-01 2.868729e+00
-2.809540e-01 7.531500e-02 2.822885e+00
-3.931240e-01 -3.775800e-02 2.777041e+00
-1.875895e-01 -3.759750e-02 2.752455e+00
1.794500e-02 -3.743700e-02 2.727869e+00
-7.638500e-02 -4.376050e-02 2.810656e+00
-1.707150e-01 -5.008400e-02 2.893443e+00
-3.040780e-01 -4.271000e-03 2.848280e+00
-4.374410e-01 4.154200e-02 2.803118e+00
-1.846810e-01 4.760500e-02 2.787136e+00
6.807900e-02 5.366800e-02 2.771155e+00
-1.766895e-01 -9.687050e-02 2.753105e+00
-4.214580e-01 -2.474090e-01 2.735055e+00
-1.852045e-01 -2.452715e-01 2.753284e+00
5.104900e-02 -2.431340e-01 2.771512e+00
-1.813355e-01 -2.799215e-01 2.751985e+00
-4.137200e-01 -3.167090e-01 2.732458e+00
-1.895085e-01 -3.076445e-01 2.732443e+00
3.470300e-02 -2.985800e-01 2.732428e+00
-1.315890e-01 -4.343545e-01 2.763168e+00
-2.978810e-01 -5.701290e-01 2.793908e+00
-1.831380e-01 -5.691045e-01 2.789302e+00
-6.839500e-02 -5.680800e-01 2.784696e+00
-1.797380e-01 -7.774775e-01 2.844161e+00
-2.910810e-01 -9.868750e-01 2.903625e+00
-1.814925e-01 -9.877715e-01 2.891210e+00
-7.190400e-02 -9.886680e-01 2.878795e+00
-1.926170e-01 -1.008320e+00 2.813849e+00
-3.133300e-01 -1.027971e+00 2.748903e+00
-2.002305e-01 -1.025825e+00 2.735323e+00
-8.713100e-02 -1.023678e+00 2.721744e+00
-1.408350e-01 -2.056675e-01 2.710579e+00
-1.945390e-01 6.123430e-01 2.699413e+00
-2.802760e-01 4.663375e-01 2.741614e+00
-3.660130e-01 3.203320e-01 2.783816e+00
-1.842810e-01 3.253940e-01 2.767875e+00
-2.549000e-03 3.304560e-01 2.751933e+00
-9.902350e-02 3.499220e-01 2.702950e+00
-1.954980e-01 3.693880e-01 2.653967e+00
-1.835420e-01 2.810960e-01 2.762230e+00
-1.715860e-01 1.928040e-01 2.870492e+00
-2.816450e-01 7.778600e-02 2.820685e+00
-3.917040e-01 -3.723200e-02 2.770878e+00
-1.854120e-01 -3.593800e-02 2.753819e+00
2.088000e-02 -3.464400e-02 2.736761e+00
-7.637600e-02 -4.157600e-02 2.816039e+00
-1.736320e-01 -4.850800e-02 2.895317e+00
-3.049340e-01 -1.390000e-03 2.846987e+00
-4.362360e-01 4.572800e-02 2.798657e+00
-1.834690e-01 5.113950e-02 2.784953e+00
6.929800e-02 5.655100e-02 2.771249e+00
-1.737945e-01 -9.312150e-02 2.752598e+00
-4.168870e-01 -2.427940e-01 2.733946e+00
-1.840435e-01 -2.408340e-01 2.747348e+00
4.880000e-02 -2.388740e-01 2.760749e+00
-1.799575e-01 -2.747545e-01 2.754417e+00
-4.087150e-01 -3.106350e-01 2.748085e+00
-1.907190e-01 -3.061010e-01 2.743515e+00
2.727700e-02 -3.015670e-01 2.738945e+00
-1.350300e-01 -4.348205e-01 2.768968e+00
-2.973370e-01 -5.680740e-01 2.798992e+00
-1.817945e-01 -5.674305e-01 2.790688e+00
-6.625200e-02 -5.667870e-01 2.782384e+00
-1.783690e-01 -7.765560e-01 2.842602e+00
-2.904860e-01 -9.863250e-01 2.902820e+00
-1.813805e-01 -9.864080e-01 2.891524e+00
-7.227500e-02 -9.864910e-01 2.880228e+00
-1.895735e-01 -1.005904e+00 2.813528e+00
-3.068720e-01 -1.025318e+00 2.746828e+00
-1.938685e-01 -1.024168e+00 2.734923e+00
-8.086500e-02 -1.023018e+00 2.723018e+00
-1.361775e-01 -2.064060e-01 2.716669e+00
-1.914900e-01 6.102060e-01 2.710320e+00
-2.784085e-01 4.660035e-01 2.750402e+00
-3.653270e-01 3.218010e-01 2.790483e+00
-1.837685e-01 3.266180e-01 2.772608e+00
-2.210000e-03 3.314350e-01 2.754732e+00
-9.915100e-02 3.528045e-01 2.707495e+00
-1.960920e-01 3.741740e-01 2.660257e+00
-1.832900e-01 2.825140e-01 2.765584e+00
-1.704880e-01 1.908540e-01 2.870911e+00
-2.800435e-01 7.847450e-02 2.824962e+00
-3.895990e-01 -3.390500e-02 2.779014e+00
-1.841265e-01 -3.314350e-02 2.753926e+00
2.134600e-02 -3.238200e-02 2.728837e+00
-7.276050e-02 -3.874550e-02 2.811875e+00
-1.668670e-01 -4.510900e-02 2.894912e+00
-3.020090e-01 7.900000e-04 2.841134e+00
-4.371510e-01 4.668900e-02 2.787357e+00
-1.825240e-01 5.182850e-02 2.770621e+00
7.210300e-02 5.696800e-02 2.753885e+00
-1.718825e-01 -9.349500e-02 2.742336e+00
-4.158680e-01 -2.439580e-01 2.730786e+00
-1.845350e-01 -2.408875e-01 2.730186e+00
4.679800e-02 -2.378170e-01 2.729585e+00
-1.789245e-01 -2.752700e-01 2.728280e+00
-4.046470e-01 -3.127230e-01 2.726974e+00
-1.871790e-01 -3.089240e-01 2.724210e+00
3.028900e-02 -3.051250e-01 2.721446e+00
-1.336335e-01 -4.354460e-01 2.758367e+00
-2.975560e-01 -5.657670e-01 2.795289e+00
-1.823590e-01 -5.653350e-01 2.784656e+00
-6.716200e-02 -5.649030e-01 2.774023e+00
-1.792755e-01 -7.736490e-01 2.839756e+00
-2.913890e-01 -9.823950e-01 2.905489e+00
-1.794450e-01 -9.814090e-01 2.896992e+00
-6.750100e-02 -9.804230e-01 2.888495e+00
-1.909800e-01 -1.002021e+00 2.819708e+00
-3.144590e-01 -1.023620e+00 2.750922e+00
-1.978230e-01 -1.023403e+00 2.742077e+00
-8.118700e-02 -1.023186e+00 2.733232e+00
-1.388880e-01 -2.102020e-01 2.721558e+00
-1.965890e-01 6.027820e-01 2.709885e+00
-2.816405e-01 4.603995e-01 2.748142e+00
-3.666920e-01 3.180170e-01 2.786399e+00
-1.850195e-01 3.250530e-01 2.770526e+00
-3.347000e-03 3.320890e-01 2.754653e+00
-1.000080e-01 3.502875e-01 2.705550e+00
-1.966690e-01 3.684860e-01 2.656447e+00
-1.837820e-01 2.807450e-01 2.765050e+00
-1.708950e-01 1.930040e-01 2.873653e+00
-2.800730e-01 7.866250e-02 2.821448e+00
-3.892510e-01 -3.567900e-02 2.769244e+00
-1.829465e-01 -3.466300e-02 2.752317e+00
2.335800e-02 -3.364700e-02 2.735390e+00
-7.395750e-02 -4.011200e-02 2.814635e+00
-1.712730e-01 -4.657700e-02 2.893880e+00
-3.037615e-01 -1.872500e-03 2.839873e+00
-4.362500e-01 4.283200e-02 2.785867e+00
-1.830935e-01 5.041200e-02 2.766835e+00
7.006300e-02 5.799200e-02 2.747803e+00
-1.719535e-01 -9.407550e-02 2.735970e+00
-4.139700e-01 -2.461430e-01 2.724137e+00
-1.826795e-01 -2.415400e-01 2.726346e+00
4.861100e-02 -2.369370e-01 2.728555e+00
-1.783895e-01 -2.747910e-01 2.716689e+00
-4.053900e-01 -3.126450e-01 2.704823e+00
-1.886340e-01 -3.068075e-01 2.707347e+00
2.812200e-02 -3.009700e-01 2.709871e+00
-1.343335e-01 -4.337815e-01 2.753922e+00
-2.967890e-01 -5.665930e-01 2.797974e+00
-1.815840e-01 -5.665835e-01 2.785937e+00
-6.637900e-02 -5.665740e-01 2.773900e+00
-1.794005e-01 -7.755710e-01 2.838471e+00
-2.924220e-01 -9.845680e-01 2.903043e+00
-1.814775e-01 -9.832555e-01 2.895945e+00
-7.053300e-02 -9.819430e-01 2.888847e+00
-1.896780e-01 -1.002935e+00 2.817996e+00
-3.088230e-01 -1.023928e+00 2.747144e+00
-1.933070e-01 -1.024434e+00 2.740179e+00
-7.779100e-02 -1.024939e+00 2.733215e+00
-1.342235e-01 -2.051850e-01 2.721495e+00
-1.906560e-01 6.145690e-01 2.709775e+00
-2.776365e-01 4.665315e-01 2.751511e+00
-3.646170e-01 3.184940e-01 2.793247e+00
-1.833235e-01 3.238700e-01 2.772998e+00
-2.030000e-03 3.292460e-01 2.752750e+00
-9.965400e-02 3.498300e-01 2.706582e+00
-1.972780e-01 3.704140e-01 2.660415e+00
-1.827570e-01 2.797095e-01 2.766344e+00
-1.682360e-01 1.890050e-01 2.872274e+00
-2.776585e-01 7.623400e-02 2.824688e+00
-3.870810e-01 -3.653700e-02 2.777101e+00
-1.813100e-01 -3.661300e-02 2.754577e+00
2.446100e-02 -3.668900e-02 2.732053e+00
-7.069750e-02 -4.248650e-02 2.813925e+00
-1.658560e-01 -4.828400e-02 2.895797e+00
-3.018485e-01 -2.027000e-03 2.842813e+00
-4.378410e-01 4.423000e-02 2.789829e+00
-1.836255e-01 4.957150e-02 2.767351e+00
7.059000e-02 5.491300e-02 2.744873e+00
-1.685195e-01 -9.319050e-02 2.730583e+00
-4.076290e-01 -2.412940e-01 2.716293e+00
-1.776075e-01 -2.408400e-01 2.721742e+00
5.241400e-02 -2.403860e-01 2.727192e+00
-1.690185e-01 -2.746355e-01 2.720569e+00
-3.904510e-01 -3.088850e-01 2.713947e+00
-1.792070e-01 -3.065810e-01 2.710928e+00
3.203700e-02 -3.042770e-01 2.707909e+00
-1.325575e-01 -4.364050e-01 2.752795e+00
-2.971520e-01 -5.685330e-01 2.797681e+00
-1.823295e-01 -5.688980e-01 2.785036e+00
-6.750700e-02 -5.692630e-01 2.772391e+00
-1.797980e-01 -7.779515e-01 2.837290e+00
-2.920890e-01 -9.866400e-01 2.902189e+00
-1.813145e-01 -9.854480e-01 2.895455e+00
-7.054000e-02 -9.842560e-01 2.888722e+00
-1.918765e-01 -1.004997e+00 2.817757e+00
-3.132130e-01 -1.025737e+00 2.746793e+00
-1.976995e-01 -1.026712e+00 2.740136e+00
-8.218600e-02 -1.027688e+00 2.733478e+00
-1.353890e-01 -2.083110e-01 2.720295e+00
-1.885920e-01 6.110660e-01 2.707111e+00
-2.778665e-01 4.647550e-01 2.750992e+00
-3.671410e-01 3.184440e-01 2.794872e+00
-1.861525e-01 3.256265e-01 2.772559e+00
-5.164000e-03 3.328090e-01 2.750246e+00
-1.035180e-01 3.514255e-01 2.704798e+00
-2.018720e-01 3.700420e-01 2.659350e+00
-1.851235e-01 2.813675e-01 2.766660e+00
-1.683750e-01 1.926930e-01 2.873970e+00
-2.743175e-01 7.847800e-02 2.826789e+00
-3.802600e-01 -3.573700e-02 2.779608e+00
-1.748245e-01 -3.739100e-02 2.754258e+00
3.061100e-02 -3.904500e-02 2.728908e+00
-6.343000e-02 -4.261650e-02 2.812187e+00
-1.574710e-01 -4.618800e-02 2.895466e+00
-2.937110e-01 -2.719500e-03 2.843758e+00
-4.299510e-01 4.074900e-02 2.792050e+00
-1.801195e-01 4.958150e-02 2.764663e+00
6.971200e-02 5.841400e-02 2.737276e+00
-1.663375e-01 -9.247500e-02 2.723189e+00
-4.023870e-01 -2.433640e-01 2.709101e+00
-1.662770e-01 -2.408100e-01 2.713867e+00
6.983300e-02 -2.382560e-01 2.718633e+00
-1.611465e-01 -2.752705e-01 2.715717e+00
-3.921260e-01 -3.122850e-01 2.712801e+00
-1.702005e-01 -3.072395e-01 2.705074e+00
5.172500e-02 -3.021940e-01 2.697347e+00
-1.230000e-01 -4.353530e-01 2.747693e+00
-2.977250e-01 -5.685120e-01 2.798038e+00
-1.819035e-01 -5.699470e-01 2.783788e+00
-6.608200e-02 -5.713820e-01 2.769538e+00
-1.789120e-01 -7.788540e-01 2.836602e+00
-2.917420e-01 -9.863260e-01 2.903666e+00
-1.803100e-01 -9.858685e-01 2.896463e+00
-6.887800e-02 -9.854110e-01 2.889259e+00
-1.925630e-01 -1.005612e+00 2.819063e+00
-3.162480e-01 -1.025812e+00 2.748867e+00
-1.995720e-01 -1.027932e+00 2.741711e+00
-8.289600e-02 -1.030051e+00 2.734555e+00
-1.390335e-01 -2.108050e-01 2.721066e+00
-1.951710e-01 6.084410e-01 2.707577e+00
-2.813965e-01 4.630070e-01 2.751974e+00
-3.676220e-01 3.175730e-01 2.796371e+00
-1.868295e-01 3.222870e-01 2.771918e+00
-6.037000e-03 3.270010e-01 2.747465e+00
-1.046760e-01 3.462755e-01 2.702919e+00
-2.033150e-01 3.655500e-01 2.658372e+00
-1.864010e-01 2.779525e-01 2.766538e+00
-1.694870e-01 1.903550e-01 2.874703e+00
-2.747315e-01 7.913650e-02 2.827139e+00
-3.799760e-01 -3.208200e-02 2.779576e+00
-1.748380e-01 -3.714400e-02 2.752344e+00
3.030000e-02 -4.220600e-02 2.725111e+00
-6.302950e-02 -4.452900e-02 2.809230e+00
-1.563590e-01 -4.685200e-02 2.893349e+00
-2.937435e-01 -4.623000e-03 2.844943e+00
-4.311280e-01 3.760600e-02 2.796536e+00
-1.805255e-01 4.401000e-02 2.766508e+00
7.007700e-02 5.041400e-02 2.736479e+00
-1.655945e-01 -9.932950e-02 2.725423e+00
-4.012660e-01 -2.490730e-01 2.714366e+00
-1.642670e-01 -2.474215e-01 2.702526e+00
7.273200e-02 -2.457700e-01 2.690686e+00
-1.672130e-01 -2.815560e-01 2.695937e+00
-4.071580e-01 -3.173420e-01 2.701187e+00
-1.743470e-01 -3.147010e-01 2.687705e+00
5.846400e-02 -3.120600e-01 2.674222e+00
-1.204065e-01 -4.393785e-01 2.736165e+00
-2.992770e-01 -5.666970e-01 2.798107e+00
-1.853285e-01 -5.695905e-01 2.783298e+00
-7.138000e-02 -5.724840e-01 2.768490e+00
-1.818815e-01 -7.785170e-01 2.836006e+00
-2.923830e-01 -9.845500e-01 2.903523e+00
-1.821985e-01 -9.848080e-01 2.898331e+00
-7.201400e-02 -9.850660e-01 2.893138e+00
-1.952485e-01 -1.004519e+00 2.821052e+00
-3.184830e-01 -1.023972e+00 2.748967e+00
-2.033095e-01 -1.027763e+00 2.744076e+00
-8.813600e-02 -1.031553e+00 2.739184e+00
-1.443585e-01 -2.137720e-01 2.732282e+00
-2.005810e-01 6.040090e-01 2.725380e+00
-2.833880e-01 4.607240e-01 2.762881e+00
-3.661950e-01 3.174390e-01 2.800383e+00
-1.859660e-01 3.205670e-01 2.771854e+00
-5.737000e-03 3.236950e-01 2.743324e+00
-1.051980e-01 3.435005e-01 2.700888e+00
-2.046590e-01 3.633060e-01 2.658451e+00
-1.860075e-01 2.762000e-01 2.766728e+00
-1.673560e-01 1.890940e-01 2.875004e+00
-2.724730e-01 7.830150e-02 2.831384e+00
-3.775900e-01 -3.249100e-02 2.787763e+00
-1.734855e-01 -3.847600e-02 2.753786e+00
3.061900e-02 -4.446100e-02 2.719809e+00
-5.990350e-02 -4.651900e-02 2.806948e+00
-1.504260e-01 -4.857700e-02 2.894088e+00
-2.903770e-01 -6.262500e-03 2.850293e+00
-4.303280e-01 3.605200e-02 2.806498e+00
-1.810505e-01 4.042550e-02 2.770573e+00
6.822700e-02 4.479900e-02 2.734647e+00
-1.668105e-01 -1.032965e-01 2.727589e+00
-4.018480e-01 -2.513920e-01 2.720531e+00
-1.589655e-01 -2.446615e-01 2.676007e+00
8.391700e-02 -2.379310e-01 2.631482e+00
-1.647565e-01 -2.787385e-01 2.671265e+00
-4.134300e-01 -3.195460e-01 2.711047e+00
-1.625490e-01 -3.093695e-01 2.654707e+00
8.833200e-02 -2.991930e-01 2.598367e+00
-1.046810e-01 -4.335305e-01 2.699234e+00
-2.976940e-01 -5.678680e-01 2.800101e+00
-1.836405e-01 -5.708940e-01 2.784523e+00
-6.958700e-02 -5.739200e-01 2.768945e+00
-1.807015e-01 -7.798050e-01 2.837322e+00
-2.918160e-01 -9.856900e-01 2.905700e+00
-1.820940e-01 -9.862810e-01 2.899015e+00
-7.237200e-02 -9.868720e-01 2.892331e+00
-1.976315e-01 -1.005919e+00 2.822181e+00
-3.228910e-01 -1.024966e+00 2.752031e+00
-2.081085e-01 -1.028795e+00 2.745385e+00
-9.332600e-02 -1.032623e+00 2.738739e+00
-1.449765e-01 -2.133350e-01 2.728934e+00
-1.966270e-01 6.059530e-01 2.719130e+00
-2.818160e-01 4.605730e-01 2.763561e+00
-3.670050e-01 3.151930e-01 2.807992e+00
-1.874735e-01 3.218645e-01 2.775895e+00
-7.942000e-03 3.285360e-01 2.743799e+00
-1.085840e-01 3.467655e-01 2.703494e+00
-2.092260e-01 3.649950e-01 2.663189e+00
-1.867980e-01 2.775395e-01 2.770462e+00
-1.643700e-01 1.900840e-01 2.877736e+00
-2.703050e-01 7.961100e-02 2.834706e+00
-3.762400e-01 -3.086200e-02 2.791675e+00
-1.727045e-01 -3.832200e-02 2.754707e+00
3.083100e-02 -4.578200e-02 2.717738e+00
-5.839300e-02 -4.672000e-02 2.806226e+00
-1.476170e-01 -4.765800e-02 2.894713e+00
-2.872580e-01 -7.467500e-03 2.850429e+00
-4.268990e-01 3.272300e-02 2.806145e+00
-1.770095e-01 4.268550e-02 2.761433e+00
7.288000e-02 5.264800e-02 2.716722e+00
-1.661635e-01 -1.029500e-01 2.724113e+00
-4.052070e-01 -2.585480e-01 2.731503e+00
-1.641395e-01 -2.286510e-01 2.640953e+00
7.692800e-02 -1.987540e-01 2.550403e+00
-1.581110e-01 -2.630065e-01 2.641744e+00
-3.931500e-01 -3.272590e-01 2.733086e+00
-1.500280e-01 -2.922205e-01 2.624468e+00
9.309400e-02 -2.571820e-01 2.515849e+00
-1.021335e-01 -4.122415e-01 2.658479e+00
-2.973610e-01 -5.673010e-01 2.801108e+00
-1.839505e-01 -5.708305e-01 2.785588e+00
-7.054000e-02 -5.743600e-01 2.770067e+00
-1.814935e-01 -7.799015e-01 2.837775e+00
-2.924470e-01 -9.854430e-01 2.905483e+00
-1.820145e-01 -9.864995e-01 2.899071e+00
-7.158200e-02 -9.875560e-01 2.892659e+00
-1.986615e-01 -1.005835e+00 2.822392e+00
-3.257410e-01 -1.024115e+00 2.752125e+00
-2.104930e-01 -1.028547e+00 2.745744e+00
-9.524500e-02 -1.032978e+00 2.739363e+00
-1.501695e-01 -2.172455e-01 2.736346e+00
-2.050940e-01 5.984870e-01 2.733329e+00
-2.855065e-01 4.576710e-01 2.775859e+00
-3.659190e-01 3.168550e-01 2.818388e+00
-1.872395e-01 3.229275e-01 2.781740e+00
-8.560000e-03 3.290000e-01 2.745092e+00
-1.100410e-01 3.495000e-01 2.708120e+00
-2.115220e-01 3.700000e-01 2.671148e+00
-1.871580e-01 2.788040e-01 2.774824e+00
-1.627940e-01 1.876080e-01 2.878500e+00
-2.682075e-01 7.899200e-02 2.839837e+00
-3.736210e-01 -2.962400e-02 2.801175e+00
-1.718375e-01 -3.613150e-02 2.755458e+00
2.994600e-02 -4.263900e-02 2.709740e+00
-5.538500e-02 -4.429500e-02 2.801977e+00
-1.407160e-01 -4.595100e-02 2.894214e+00
-2.830180e-01 -5.874000e-03 2.850219e+00
-4.253200e-01 3.420300e-02 2.806224e+00
-1.777310e-01 4.627800e-02 2.743371e+00
6.985800e-02 5.835300e-02 2.680518e+00
-1.655805e-01 -1.000070e-01 2.708373e+00
-4.010190e-01 -2.583670e-01 2.736228e+00
-1.753985e-01 -2.177795e-01 2.614539e+00
5.022200e-02 -1.771920e-01 2.492849e+00
-1.696030e-01 -2.481680e-01 2.630670e+00
-3.894280e-01 -3.191440e-01 2.768491e+00
-1.685920e-01 -2.812305e-01 2.619575e+00
5.224400e-02 -2.433170e-01 2.470658e+00
-1.231495e-01 -4.045635e-01 2.634028e+00
-2.985430e-01 -5.658100e-01 2.797398e+00
-1.848000e-01 -5.687355e-01 2.783250e+00
-7.105700e-02 -5.716610e-01 2.769103e+00
-1.815205e-01 -7.772220e-01 2.837684e+00
-2.919840e-01 -9.827830e-01 2.906265e+00
-1.814160e-01 -9.841015e-01 2.898027e+00
-7.084800e-02 -9.854200e-01 2.889789e+00
-2.016645e-01 -1.004163e+00 2.822408e+00
-3.324810e-01 -1.022906e+00 2.755028e+00
-2.169945e-01 -1.026388e+00 2.746239e+00
-1.015080e-01 -1.029870e+00 2.737451e+00
-1.560990e-01 -2.105590e-01 2.732984e+00
-2.106900e-01 6.087520e-01 2.728518e+00
-2.895455e-01 4.606360e-01 2.774489e+00
-3.684010e-01 3.125200e-01 2.820460e+00
-1.897305e-01 3.215245e-01 2.784376e+00
-1.106000e-02 3.305290e-01 2.748293e+00
-1.127805e-01 3.482705e-01 2.710560e+00
-2.145010e-01 3.660120e-01 2.672827e+00
-1.887300e-01 2.772895e-01 2.778294e+00
-1.629590e-01 1.885670e-01 2.883761e+00
-2.679675e-01 7.752350e-02 2.843056e+00
-3.729760e-01 -3.352000e-02 2.802351e+00
-1.709415e-01 -3.653550e-02 2.757385e+00
3.109300e-02 -3.955100e-02 2.712420e+00
-5.457100e-02 -4.372350e-02 2.804268e+00
-1.402350e-01 -4.789600e-02 2.896116e+00
-2.821165e-01 -9.703500e-03 2.851197e+00
-4.239980e-01 2.848900e-02 2.806278e+00
-1.823200e-01 5.209500e-02 2.717977e+00
5.935800e-02 7.570100e-02 2.629677e+00
-1.706985e-01 -9.447850e-02 2.682465e+00
-4.007550e-01 -2.646580e-01 2.735252e+00
-2.025680e-01 -2.066800e-01 2.586156e+00
-4.381000e-03 -1.487020e-01 2.437061e+00
-1.969125e-01 -2.381245e-01 2.600176e+00
-3.894440e-01 -3.275470e-01 2.763292e+00
-2.137085e-01 -2.640930e-01 2.584027e+00
-3.797300e-02 -2.006390e-01 2.404762e+00
-1.671350e-01 -3.841390e-01 2.600640e+00
-2.962970e-01 -5.676390e-01 2.796518e+00
-1.835115e-01 -5.691565e-01 2.783618e+00
-7.072600e-02 -5.706740e-01 2.770718e+00
-1.814645e-01 -7.774315e-01 2.838914e+00
-2.922030e-01 -9.841890e-01 2.907110e+00
-1.799540e-01 -9.845280e-01 2.898489e+00
-6.770500e-02 -9.848670e-01 2.889867e+00
-1.997820e-01 -1.004813e+00 2.822818e+00
-3.318590e-01 -1.024759e+00 2.755769e+00
-2.150525e-01 -1.026854e+00 2.746584e+00
-9.824600e-02 -1.028949e+00 2.737399e+00
-1.528030e-01 -2.096500e-01 2.734421e+00
-2.073600e-01 6.096490e-01 2.731443e+00
-2.901885e-01 4.624400e-01 2.776363e+00
-3.730170e-01 3.152310e-01 2.821282e+00
-1.928715e-01 3.246270e-01 2.793613e+00
-1.272600e-02 3.340230e-01 2.765944e+00
-1.125660e-01 3.545165e-01 2.724742e+00
-2.124060e-01 3.750100e-01 2.683540e+00
-1.918615e-01 2.807585e-01 2.785293e+00
-1.713170e-01 1.865070e-01 2.887047e+00
-2.758320e-01 7.596150e-02 2.837929e+00
-3.803470e-01 -3.458400e-02 2.788811e+00
-1.754930e-01 -3.382250e-02 2.759094e+00
2.936100e-02 -3.306100e-02 2.729377e+00
-6.284200e-02 -3.853800e-02 2.814585e+00
-1.550450e-01 -4.401500e-02 2.899794e+00
-2.930480e-01 -4.646000e-03 2.851070e+00
-4.310510e-01 3.472300e-02 2.802346e+00
-1.939870e-01 9.089700e-02 2.678853e+00
4.307700e-02 1.470710e-01 2.555360e+00
-1.799000e-01 -5.372700e-02 2.642225e+00
-4.028770e-01 -2.545250e-01 2.729090e+00
-2.715010e-01 -1.058555e-01 2.535698e+00
-1.401250e-01 4.281400e-02 2.342305e+00
-2.623150e-01 -1.386920e-01 2.528303e+00
-3.845050e-01 -3.201980e-01 2.714301e+00
-2.823025e-01 -1.472050e-01 2.501003e+00
-1.801000e-01 2.578800e-02 2.287704e+00
-2.337025e-01 -2.708030e-01 2.540932e+00
-2.873050e-01 -5.673940e-01 2.794160e+00
-1.732120e-01 -5.664655e-01 2.787308e+00
-5.911900e-02 -5.655370e-01 2.780457e+00
-1.755265e-01 -7.749135e-01 2.841938e+00
-2.919340e-01 -9.842900e-01 2.903418e+00
-1.799225e-01 -9.843270e-01 2.892603e+00
-6.791100e-02 -9.843640e-01 2.881788e+00
-1.927650e-01 -1.004420e+00 2.815389e+00
-3.176190e-01 -1.024477e+00 2.748990e+00
-2.016265e-01 -1.023134e+00 2.737274e+00
-8.563400e-02 -1.021790e+00 2.725558e+00
-1.490380e-01 -2.061260e-01 2.728668e+00
-2.124420e-01 6.095380e-01 2.731777e+00
-2.939360e-01 4.635415e-01 2.779446e+00
-3.754300e-01 3.175450e-01 2.827115e+00
-1.499900e-02 3.492340e-01 2.779045e+00
-2.144650e-01 3.897760e-01 2.695907e+00
-1.712700e-01 1.905130e-01 2.888429e+00
-3.809890e-01 -2.732400e-02 2.788110e+00
2.903100e-02 -2.625900e-02 2.730852e+00
-1.562790e-01 -3.535100e-02 2.900396e+00
-4.338490e-01 3.794500e-02 2.797284e+00
1.741800e-02 2.246540e-01 2.522321e+00
-3.972230e-01 -2.491850e-01 2.719096e+00
-2.002180e-01 2.044240e-01 2.317079e+00
-3.894750e-01 -3.184450e-01 2.715609e+00
-2.630280e-01 2.121240e-01 2.287673e+00
-2.852490e-01 -5.606240e-01 2.793565e+00
-5.920100e-02 -5.584570e-01 2.784455e+00
-2.924870e-01 -9.779730e-01 2.900935e+00
-6.806300e-02 -9.778700e-01 2.883328e+00
-3.168280e-01 -1.017387e+00 2.746091e+00
-8.528300e-02 -1.014399e+00 2.726830e+00
-1.968460e-01 6.110900e-01 2.717118e+00
-3.547580e-01 3.417870e-01 2.801390e+00
8.903000e-03 3.378120e-01 2.770411e+00
-1.818220e-01 3.911460e-01 2.674902e+00
-1.664150e-01 2.007370e-01 2.880192e+00
-3.775080e-01 -2.035400e-02 2.768295e+00
3.589400e-02 -2.515800e-02 2.746584e+00
-1.634090e-01 -2.884000e-02 2.899660e+00
-4.270470e-01 6.441400e-02 2.794126e+00
7.249000e-03 2.946580e-01 2.486951e+00
-4.032460e-01 -2.238830e-01 2.717122e+00
-2.299640e-01 3.765050e-01 2.323728e+00
-3.916580e-01 -2.922620e-01 2.709436e+00
-2.963930e-01 3.682370e-01 2.304032e+00
-2.870340e-01 -5.543460e-01 2.796288e+00
-6.187600e-02 -5.571240e-01 2.780905e+00
-2.908890e-01 -9.716900e-01 2.903854e+00
-6.733600e-02 -9.745470e-01 2.888093e+00
-3.029390e-01 -1.011812e+00 2.747752e+00
-7.136800e-02 -1.014684e+00 2.731583e+00
-1.935160e-01 6.192450e-01 2.725653e+00
-3.408250e-01 3.482270e-01 2.793541e+00
2.210000e-02 3.241000e-01 2.783642e+00
-1.580080e-01 3.926090e-01 2.679741e+00
-1.659080e-01 1.930180e-01 2.876559e+00
-3.776250e-01 -2.060600e-02 2.764968e+00
3.607600e-02 -2.596900e-02 2.750201e+00
-1.657660e-01 -2.889000e-02 2.899929e+00
-4.271030e-01 7.306500e-02 2.793042e+00
1.613800e-02 3.646620e-01 2.498199e+00
-4.034630e-01 -2.166450e-01 2.714626e+00
-1.847300e-01 5.521670e-01 2.375179e+00
-3.924220e-01 -2.843820e-01 2.702023e+00
-2.368460e-01 5.966980e-01 2.362145e+00
-2.887650e-01 -5.545440e-01 2.796546e+00
-6.564600e-02 -5.584480e-01 2.775978e+00
-2.940940e-01 -9.712030e-01 2.906673e+00
-6.971600e-02 -9.749760e-01 2.886652e+00
-3.037480e-01 -1.012315e+00 2.750663e+00
-7.131400e-02 -1.016464e+00 2.730451e+00
-1.875310e-01 6.021790e-01 2.743816e+00
-3.307750e-01 3.645900e-01 2.795331e+00
2.935500e-02 3.192920e-01 2.784115e+00
-1.460230e-01 3.986450e-01 2.681097e+00
-1.650310e-01 1.989950e-01 2.877094e+00
-3.850630e-01 -1.372700e-02 2.762750e+00
2.871800e-02 -2.288400e-02 2.752882e+00
-1.749590e-01 -2.640300e-02 2.900092e+00
-4.290590e-01 9.394800e-02 2.792945e+00
3.881700e-02 3.540540e-01 2.498432e+00
-4.149300e-01 -1.985840e-01 2.725139e+00
-1.068320e-01 6.027570e-01 2.412959e+00
-3.966370e-01 -2.610040e-01 2.699878e+00
-1.214240e-01 6.707610e-01 2.407344e+00
-2.903520e-01 -5.487550e-01 2.798515e+00
-6.801200e-02 -5.538190e-01 2.774331e+00
-2.940300e-01 -9.655710e-01 2.908112e+00
-7.090100e-02 -9.707270e-01 2.883602e+00
-3.010390e-01 -1.006575e+00 2.751932e+00
-6.993800e-02 -1.011710e+00 2.727262e+00
-1.898090e-01 5.998950e-01 2.715471e+00
-3.569300e-01 3.341580e-01 2.797869e+00
7.383000e-03 3.231340e-01 2.778393e+00
-1.787860e-01 3.867100e-01 2.680203e+00
-1.745550e-01 1.841000e-01 2.874027e+00
-3.839920e-01 -2.523700e-02 2.773346e+00
2.872700e-02 -2.758000e-02 2.740884e+00
-1.665110e-01 -3.369800e-02 2.899036e+00
-4.314350e-01 5.649300e-02 2.791316e+00
6.292000e-02 3.033840e-01 2.496938e+00
-4.052490e-01 -2.318940e-01 2.712082e+00
-9.570000e-04 5.875430e-01 2.424110e+00
-3.889160e-01 -2.993040e-01 2.704455e+00
-1.668200e-02 6.550990e-01 2.431732e+00
-2.952620e-01 -5.577370e-01 2.803156e+00
-6.860900e-02 -5.606340e-01 2.772086e+00
-2.956100e-01 -9.753860e-01 2.909601e+00
-6.872000e-02 -9.754490e-01 2.889090e+00
-3.118550e-01 -1.015088e+00 2.753773e+00
-7.622400e-02 -1.019276e+00 2.733701e+00
-1.848360e-01 6.078660e-01 2.690741e+00
-3.670090e-01 3.240490e-01 2.795810e+00
-2.631000e-03 3.296200e-01 2.775256e+00
-1.918380e-01 3.812780e-01 2.675884e+00
-1.775600e-01 1.851880e-01 2.875838e+00
-3.854010e-01 -3.354700e-02 2.773823e+00
2.685000e-02 -2.816200e-02 2.736199e+00
-1.662360e-01 -3.895300e-02 2.896725e+00
-4.346250e-01 4.558300e-02 2.801087e+00
6.055000e-02 2.071220e-01 2.523968e+00
-4.048190e-01 -2.400850e-01 2.717188e+00
8.850000e-02 4.850320e-01 2.416647e+00
-4.103850e-01 -3.062260e-01 2.695660e+00
9.525100e-02 5.526370e-01 2.432557e+00
-2.991270e-01 -5.628980e-01 2.805449e+00
-7.239900e-02 -5.632960e-01 2.774595e+00
-2.908440e-01 -9.811980e-01 2.908975e+00
-6.891500e-02 -9.787290e-01 2.889331e+00
-3.096730e-01 -1.020114e+00 2.753240e+00
-7.949300e-02 -1.021747e+00 2.733895e+00
-2.059570e-01 6.130930e-01 2.690312e+00
-3.710280e-01 3.235930e-01 2.796415e+00
-6.868000e-03 3.326430e-01 2.773375e+00
-1.972320e-01 3.827550e-01 2.675432e+00
-1.797360e-01 1.863290e-01 2.874799e+00
-3.900010e-01 -3.414900e-02 2.769288e+00
2.321300e-02 -2.745600e-02 2.744681e+00
-1.747900e-01 -4.002400e-02 2.898968e+00
-4.344520e-01 4.548500e-02 2.801220e+00
1.641200e-02 1.165930e-01 2.588525e+00
-4.123330e-01 -2.419400e-01 2.726328e+00
9.342600e-02 2.847320e-01 2.355052e+00
-4.002520e-01 -3.105590e-01 2.722499e+00
1.255260e-01 3.340280e-01 2.317521e+00
-3.032920e-01 -5.635640e-01 2.799043e+00
-7.107500e-02 -5.631440e-01 2.770833e+00
-2.885280e-01 -9.808360e-01 2.905939e+00
-7.041400e-02 -9.772430e-01 2.890346e+00
-3.035440e-01 -1.021271e+00 2.750175e+00
-7.454800e-02 -1.022051e+00 2.735111e+00
-2.038530e-01 6.167280e-01 2.703452e+00
-3.690540e-01 3.224770e-01 2.788230e+00
-4.278000e-03 3.306470e-01 2.778392e+00
-1.908380e-01 3.800680e-01 2.673058e+00
-1.810390e-01 1.857040e-01 2.874956e+00
-3.864920e-01 -3.384800e-02 2.766717e+00
2.681200e-02 -3.123000e-02 2.742861e+00
-1.715880e-01 -4.068500e-02 2.896859e+00
-4.326500e-01 4.542200e-02 2.799157e+00
2.978400e-02 1.074260e-01 2.605374e+00
-4.110880e-01 -2.417690e-01 2.726631e+00
-1.641100e-02 1.908010e-01 2.324094e+00
-4.047550e-01 -3.102630e-01 2.714906e+00
-2.293100e-02 2.303940e-01 2.267006e+00
-2.967010e-01 -5.644890e-01 2.801283e+00
-6.637800e-02 -5.654280e-01 2.772537e+00
-2.908090e-01 -9.829700e-01 2.904239e+00
-7.096800e-02 -9.801940e-01 2.889625e+00
-3.038700e-01 -1.021629e+00 2.747850e+00
-7.439000e-02 -1.024059e+00 2.734104e+00
-2.066010e-01 6.150660e-01 2.707290e+00
-3.728050e-01 3.221520e-01 2.786487e+00
-8.148000e-03 3.340480e-01 2.776048e+00
-1.952690e-01 3.760680e-01 2.668519e+00
-1.832180e-01 1.919940e-01 2.879725e+00
-3.896100e-01 -3.088200e-02 2.765474e+00
2.384600e-02 -3.503100e-02 2.744660e+00
-1.758330e-01 -4.294300e-02 2.897085e+00
-4.316050e-01 4.409000e-02 2.797337e+00
1.370000e-02 1.337290e-01 2.575328e+00
-4.219950e-01 -2.442580e-01 2.727085e+00
-1.563560e-01 2.453970e-01 2.359034e+00
-4.039040e-01 -3.111190e-01 2.735535e+00
-2.103070e-01 2.805010e-01 2.332088e+00
-2.923630e-01 -5.642380e-01 2.798568e+00
-6.417600e-02 -5.661290e-01 2.778321e+00
-2.944220e-01 -9.815530e-01 2.906297e+00
-7.009400e-02 -9.828660e-01 2.888122e+00
-3.051360e-01 -1.021813e+00 2.750134e+00
-7.223400e-02 -1.024013e+00 2.731837e+00
-2.064420e-01 6.178400e-01 2.703061e+00
-3.694310e-01 3.175150e-01 2.780161e+00
-4.917000e-03 3.339980e-01 2.771053e+00
-1.921920e-01 3.746330e-01 2.663260e+00
-1.785540e-01 1.889040e-01 2.872915e+00
-3.896420e-01 -2.961400e-02 2.762565e+00
2.385200e-02 -3.623200e-02 2.743198e+00
-1.763480e-01 -4.009500e-02 2.895093e+00
-4.339100e-01 4.096200e-02 2.804019e+00
1.811300e-02 1.449220e-01 2.559090e+00
-4.186880e-01 -2.452590e-01 2.724268e+00
-1.692890e-01 2.796740e-01 2.371377e+00
-4.110280e-01 -3.111930e-01 2.745788e+00
-2.223220e-01 3.148580e-01 2.342765e+00
-2.940930e-01 -5.636120e-01 2.799341e+00
-6.541700e-02 -5.666850e-01 2.779362e+00
-2.926340e-01 -9.816740e-01 2.904143e+00
-7.014200e-02 -9.840790e-01 2.886697e+00
-3.031370e-01 -1.020926e+00 2.747709e+00
-7.228500e-02 -1.024306e+00 2.730172e+00
-1.845450e-01 6.049640e-01 2.706758e+00
-3.693930e-01 3.221070e-01 2.783944e+00
-4.936000e-03 3.336500e-01 2.767719e+00
-1.937200e-01 3.775400e-01 2.663908e+00
-1.785210e-01 1.902990e-01 2.872106e+00
-3.908060e-01 -2.884200e-02 2.768544e+00
2.174300e-02 -3.722900e-02 2.734941e+00
-1.731020e-01 -3.947100e-02 2.893681e+00
-4.372290e-01 4.474100e-02 2.801831e+00
2.668600e-02 1.447530e-01 2.555183e+00
-4.197430e-01 -2.415640e-01 2.718520e+00
-1.524230e-01 2.787640e-01 2.357247e+00
-4.118470e-01 -3.101150e-01 2.728889e+00
-2.046780e-01 3.201990e-01 2.336714e+00
-2.966710e-01 -5.636180e-01 2.799160e+00
-6.743400e-02 -5.669290e-01 2.778457e+00
-2.903770e-01 -9.817690e-01 2.903425e+00
-6.821700e-02 -9.847490e-01 2.884226e+00
-3.067740e-01 -1.020903e+00 2.747469e+00
-7.636800e-02 -1.024347e+00 2.727739e+00
-2.159840e-01 6.090780e-01 2.726720e+00
-3.708480e-01 3.209940e-01 2.788679e+00
-6.560000e-03 3.275580e-01 2.766852e+00
-1.962740e-01 3.768430e-01 2.667242e+00
-1.806290e-01 1.841940e-01 2.870411e+00
-3.903120e-01 -3.362500e-02 2.769400e+00
2.214300e-02 -3.661000e-02 2.733792e+00
-1.718940e-01 -4.249700e-02 2.893424e+00
-4.382510e-01 4.210700e-02 2.796395e+00
5.018200e-02 1.204580e-01 2.576406e+00
-4.159200e-01 -2.459470e-01 2.716908e+00
-1.107760e-01 1.907890e-01 2.333635e+00
-4.025900e-01 -3.112510e-01 2.696251e+00
-1.619460e-01 2.106050e-01 2.290530e+00
-3.019730e-01 -5.664680e-01 2.796609e+00
-7.338800e-02 -5.688890e-01 2.772509e+00
-2.931220e-01 -9.846840e-01 2.900428e+00
-7.001600e-02 -9.839450e-01 2.888605e+00
-3.112800e-01 -1.023740e+00 2.744647e+00
-7.915200e-02 -1.027481e+00 2.733222e+00
-2.111480e-01 6.067060e-01 2.733549e+00
-3.824620e-01 3.193760e-01 2.795993e+00
-1.979100e-02 3.339140e-01 2.757475e+00
-2.148920e-01 3.806630e-01 2.667515e+00
-1.859100e-01 1.854150e-01 2.866700e+00
-3.899790e-01 -3.259600e-02 2.776199e+00
2.082100e-02 -3.381300e-02 2.724843e+00
-1.669560e-01 -4.196000e-02 2.891699e+00
-4.392350e-01 4.007000e-02 2.792256e+00
5.874400e-02 1.024940e-01 2.610757e+00
-4.146960e-01 -2.478430e-01 2.721101e+00
-6.983600e-02 4.107600e-02 2.349503e+00
-3.984380e-01 -3.116580e-01 2.698029e+00
-1.121370e-01 4.985500e-02 2.294706e+00
-2.994100e-01 -5.655890e-01 2.791947e+00
-7.172900e-02 -5.659350e-01 2.773010e+00
-2.926750e-01 -9.825240e-01 2.900949e+00
-6.940800e-02 -9.813590e-01 2.887807e+00
-3.165090e-01 -1.023318e+00 2.746383e+00
-8.437600e-02 -1.024301e+00 2.732711e+00
-2.172660e-01 6.054220e-01 2.718082e+00
-3.840680e-01 3.167310e-01 2.795576e+00
-2.192000e-02 3.298210e-01 2.751961e+00
-2.181220e-01 3.753000e-01 2.663765e+00
-1.868270e-01 1.836970e-01 2.866114e+00
-3.891670e-01 -3.243400e-02 2.770424e+00
2.251100e-02 -3.636000e-02 2.726811e+00
-1.684220e-01 -4.311700e-02 2.890110e+00
-4.382150e-01 3.677300e-02 2.786174e+00
5.486700e-02 7.279000e-02 2.654822e+00
-4.136870e-01 -2.520420e-01 2.717591e+00
-2.223500e-02 -1.240660e-01 2.445006e+00
-3.992120e-01 -3.202790e-01 2.715752e+00
-6.196700e-02 -1.624710e-01 2.402398e+00
-3.010640e-01 -5.656870e-01 2.792824e+00
-7.030500e-02 -5.678840e-01 2.769702e+00
-2.935160e-01 -9.827590e-01 2.901245e+00
-7.133900e-02 -9.816140e-01 2.890482e+00
-3.147770e-01 -1.023431e+00 2.746272e+00
-8.248600e-02 -1.026773e+00 2.735695e+00
-2.005110e-01 5.974800e-01 2.722015e+00
-3.812790e-01 3.193770e-01 2.787898e+00
-1.877800e-02 3.287380e-01 2.746298e+00
-2.141110e-01 3.722450e-01 2.655224e+00
-1.853390e-01 1.877400e-01 2.864429e+00
-3.970210e-01 -3.939200e-02 2.774830e+00
1.225400e-02 -3.221600e-02 2.712874e+00
-1.709170e-01 -4.805300e-02 2.884236e+00
-4.441340e-01 4.177600e-02 2.784861e+00
5.062600e-02 5.560600e-02 2.706244e+00
-4.203580e-01 -2.456800e-01 2.713340e+00
3.230600e-02 -2.390630e-01 2.672392e+00
-4.107670e-01 -3.145520e-01 2.719146e+00
-8.600000e-03 -2.953630e-01 2.677499e+00
-3.012170e-01 -5.695130e-01 2.789558e+00
-6.816200e-02 -5.657110e-01 2.762400e+00
-2.937520e-01 -9.857630e-01 2.901098e+00
-7.380000e-02 -9.774080e-01 2.889816e+00
-3.206360e-01 -1.027464e+00 2.747277e+00
-8.899800e-02 -1.024792e+00 2.736041e+00
-1.906470e-01 6.014510e-01 2.740334e+00
-3.781950e-01 3.203400e-01 2.790108e+00
-1.686800e-02 3.259940e-01 2.738767e+00
-2.141070e-01 3.719100e-01 2.653147e+00
-1.816880e-01 1.863470e-01 2.860878e+00
-4.008180e-01 -3.728500e-02 2.771269e+00
9.417000e-03 -3.622800e-02 2.715570e+00
-1.765710e-01 -4.984300e-02 2.884065e+00
-4.469280e-01 4.484100e-02 2.783368e+00
5.292000e-02 5.067900e-02 2.737823e+00
-4.248380e-01 -2.409250e-01 2.707361e+00
3.486000e-02 -2.452810e-01 2.734904e+00
-4.114560e-01 -3.085600e-01 2.718110e+00
3.718000e-02 -3.147570e-01 2.740969e+00
-2.979890e-01 -5.695750e-01 2.788321e+00
-7.180200e-02 -5.664520e-01 2.775084e+00
-2.967660e-01 -9.862250e-01 2.898602e+00
-7.644000e-02 -9.838230e-01 2.882516e+00
-3.199430e-01 -1.027217e+00 2.743989e+00
-9.245300e-02 -1.023747e+00 2.726721e+00
-1.885070e-01 5.996320e-01 2.736091e+00
