-3.788740e-01 2.804840e-01 2.675967e+00
-2.092445e-01 2.925135e-01 2.647029e+00
-3.961500e-02 3.045430e-01 2.618090e+00
-1.388260e-01 3.281560e-01 2.560487e+00
-2.380370e-01 3.517690e-01 2.502885e+00
-2.127230e-01 2.551720e-01 2.611114e+00
-1.874090e-01 1.585750e-01 2.719342e+00
-2.858205e-01 5.190150e-02 2.660927e+00
-3.842320e-01 -5.477200e-02 2.602512e+00
-2.016045e-01 -5.390700e-02 2.570415e+00
-1.897700e-02 -5.304200e-02 2.538318e+00
-1.003410e-01 -5.595800e-02 2.610912e+00
-1.817050e-01 -5.887400e-02 2.683506e+00
-3.097905e-01 -2.241100e-02 2.685403e+00
-4.378760e-01 1.405200e-02 2.687300e+00
-2.039950e-01 2.800200e-02 2.666936e+00
2.988600e-02 4.195200e-02 2.646572e+00
-1.927420e-01 -1.141370e-01 2.645443e+00
-4.153700e-01 -2.702260e-01 2.644315e+00
-2.009165e-01 -2.578350e-01 2.636716e+00
1.353700e-02 -2.454440e-01 2.629116e+00
-2.023275e-01 -2.905210e-01 2.638018e+00
-4.181920e-01 -3.355980e-01 2.646919e+00
-2.093460e-01 -3.224660e-01 2.639538e+00
-5.000000e-04 -3.093340e-01 2.632156e+00
-1.476420e-01 -4.294750e-01 2.669644e+00
-2.947840e-01 -5.496160e-01 2.707131e+00
-1.927850e-01 -5.481660e-01 2.695391e+00
-9.078600e-02 -5.467160e-01 2.683650e+00
-1.938375e-01 -7.486935e-01 2.730030e+00
-2.968890e-01 -9.506710e-01 2.776411e+00
-1.854265e-01 -9.477420e-01 2.771518e+00
-7.396400e-02 -9.448130e-01 2.766625e+00
-1.985560e-01 -9.609250e-01 2.694805e+00
-3.231480e-01 -9.770370e-01 2.622984e+00
-2.118495e-01 -9.773395e-01 2.618746e+00
-1.005510e-01 -9.776420e-01 2.614507e+00
-1.612660e-01 -2.211935e-01 2.562037e+00
-2.219810e-01 5.352550e-01 2.509567e+00
-2.979825e-01 4.056100e-01 2.588821e+00
-3.739840e-01 2.759650e-01 2.668076e+00
-3.316600e-02 3.000000e-01 2.620218e+00
-2.280870e-01 3.458740e-01 2.498664e+00
-1.837640e-01 1.547440e-01 2.718313e+00
-3.774280e-01 -6.240300e-02 2.596355e+00
-1.099700e-02 -4.398000e-02 2.542282e+00
-1.770630e-01 -6.164900e-02 2.682652e+00
-4.319210e-01 9.267000e-03 2.673173e+00
3.614600e-02 3.783000e-02 2.651415e+00
-4.010560e-01 -2.733610e-01 2.625822e+00
2.035400e-02 -2.492030e-01 2.630518e+00
-4.265460e-01 -3.331830e-01 2.633556e+00
1.453600e-02 -3.136050e-01 2.620186e+00
-2.962790e-01 -5.496130e-01 2.707246e+00
-9.203800e-02 -5.435730e-01 2.679716e+00
-2.982760e-01 -9.505380e-01 2.777277e+00
-7.176200e-02 -9.366270e-01 2.783382e+00
-3.184570e-01 -9.773830e-01 2.623015e+00
-9.284900e-02 -9.775440e-01 2.632367e+00
-2.163310e-01 5.336950e-01 2.510431e+00
-3.757280e-01 2.781760e-01 2.671898e+00
-3.553200e-02 3.079030e-01 2.622828e+00
-2.316600e-01 3.517970e-01 2.502492e+00
-1.834410e-01 1.594900e-01 2.720285e+00
-3.847490e-01 -5.370800e-02 2.606083e+00
-1.804800e-02 -5.050600e-02 2.550806e+00
-1.842390e-01 -5.785500e-02 2.691947e+00
-4.451050e-01 1.276800e-02 2.681355e+00
4.414100e-02 4.588900e-02 2.641404e+00
-4.265830e-01 -2.724030e-01 2.633004e+00
3.512700e-02 -2.425510e-01 2.614492e+00
-4.105260e-01 -3.338400e-01 2.649002e+00
8.229000e-03 -3.022350e-01 2.612886e+00
-2.954380e-01 -5.481790e-01 2.712403e+00
-9.394700e-02 -5.461990e-01 2.688657e+00
-2.973750e-01 -9.504410e-01 2.774293e+00
-6.878100e-02 -9.434280e-01 2.773656e+00
-3.198280e-01 -9.740990e-01 2.619824e+00
-9.173300e-02 -9.775000e-01 2.621220e+00
-2.205140e-01 5.354850e-01 2.509409e+00
-3.759480e-01 2.801720e-01 2.666967e+00
-3.444000e-02 3.095110e-01 2.627769e+00
-2.269380e-01 3.532700e-01 2.501660e+00
-1.852570e-01 1.614500e-01 2.721224e+00
-3.818630e-01 -5.190700e-02 2.600537e+00
-1.371800e-02 -5.031100e-02 2.555795e+00
-1.839170e-01 -5.348800e-02 2.692236e+00
-4.462010e-01 1.336300e-02 2.674538e+00
4.421700e-02 4.526300e-02 2.640661e+00
-4.564140e-01 -2.760050e-01 2.641424e+00
3.628700e-02 -2.449320e-01 2.615000e+00
-4.366540e-01 -3.348940e-01 2.662158e+00
9.909000e-03 -3.048520e-01 2.616431e+00
-2.942870e-01 -5.469030e-01 2.711701e+00
-9.196100e-02 -5.471710e-01 2.687796e+00
-2.985520e-01 -9.491500e-01 2.773576e+00
-7.013700e-02 -9.461150e-01 2.765363e+00
-3.167110e-01 -9.728050e-01 2.618543e+00
-8.901800e-02 -9.770250e-01 2.611699e+00
-2.168130e-01 5.411750e-01 2.514541e+00
-3.735880e-01 2.791890e-01 2.671891e+00
-3.285800e-02 3.047820e-01 2.624214e+00
-2.279330e-01 3.503630e-01 2.502797e+00
-1.828950e-01 1.585310e-01 2.721688e+00
-3.827690e-01 -5.348600e-02 2.606822e+00
-1.578200e-02 -5.500600e-02 2.553400e+00
-1.827360e-01 -5.708400e-02 2.693815e+00
-4.460140e-01 1.147600e-02 2.677992e+00
3.975900e-02 3.885200e-02 2.655216e+00
-4.615320e-01 -2.787060e-01 2.641242e+00
3.506400e-02 -2.509050e-01 2.612609e+00
-4.392670e-01 -3.398700e-01 2.648416e+00
1.255400e-02 -3.122070e-01 2.607742e+00
-2.954720e-01 -5.498260e-01 2.713866e+00
-9.106500e-02 -5.507300e-01 2.687775e+00
-2.999300e-01 -9.529760e-01 2.769540e+00
-7.210000e-02 -9.490890e-01 2.769012e+00
-3.220810e-01 -9.741190e-01 2.614663e+00
-9.474400e-02 -9.813430e-01 2.616135e+00
-2.211200e-01 5.350100e-01 2.511040e+00
-3.772540e-01 2.834680e-01 2.677238e+00
-3.743000e-02 2.947480e-01 2.618776e+00
-2.342360e-01 3.465100e-01 2.502751e+00
-1.900370e-01 1.559270e-01 2.722899e+00
-3.910110e-01 -5.500700e-02 2.615920e+00
-2.658600e-02 -5.649800e-02 2.547160e+00
-1.874940e-01 -5.683300e-02 2.694479e+00
-4.454580e-01 1.318700e-02 2.666541e+00
3.840300e-02 2.718800e-02 2.640654e+00
-4.360160e-01 -2.788740e-01 2.629499e+00
2.621200e-02 -2.648640e-01 2.604346e+00
-4.222920e-01 -3.307690e-01 2.667006e+00
1.053200e-02 -3.262290e-01 2.620981e+00
-2.935040e-01 -5.538050e-01 2.711898e+00
-8.929800e-02 -5.507120e-01 2.688862e+00
-3.012110e-01 -9.557810e-01 2.775187e+00
-7.278000e-02 -9.486950e-01 2.772445e+00
-3.295580e-01 -9.794050e-01 2.621685e+00
-1.015370e-01 -9.817430e-01 2.620770e+00
-2.218940e-01 5.330290e-01 2.511542e+00
-3.756770e-01 2.760010e-01 2.668897e+00
-3.437400e-02 3.004720e-01 2.624870e+00
-2.279860e-01 3.466250e-01 2.501346e+00
-1.859210e-01 1.547510e-01 2.720790e+00
-3.888250e-01 -5.204400e-02 2.602242e+00
-2.143100e-02 -5.872100e-02 2.552120e+00
-1.895960e-01 -5.562900e-02 2.691062e+00
-4.418070e-01 4.508000e-03 2.668662e+00
4.084800e-02 3.188600e-02 2.641744e+00
-4.283850e-01 -2.872600e-01 2.626871e+00
2.103300e-02 -2.595100e-01 2.599895e+00
-4.054460e-01 -3.445900e-01 2.648672e+00
1.178100e-02 -3.223890e-01 2.615669e+00
-2.947340e-01 -5.507740e-01 2.709599e+00
-9.229400e-02 -5.517890e-01 2.689852e+00
-2.975910e-01 -9.514770e-01 2.780860e+00
-7.477700e-02 -9.502590e-01 2.770871e+00
-3.189320e-01 -9.787190e-01 2.626824e+00
-9.665600e-02 -9.823350e-01 2.617845e+00
-2.174740e-01 5.354830e-01 2.515422e+00
-3.785400e-01 2.783000e-01 2.666946e+00
-3.708400e-02 2.941320e-01 2.620234e+00
-2.304600e-01 3.409710e-01 2.496599e+00
-1.910970e-01 1.544800e-01 2.721125e+00
-3.877720e-01 -5.569500e-02 2.601774e+00
-2.011600e-02 -6.013600e-02 2.553349e+00
-1.889580e-01 -5.970500e-02 2.691502e+00
-4.428780e-01 6.093000e-03 2.664756e+00
3.994400e-02 2.628400e-02 2.644010e+00
-4.261290e-01 -2.856260e-01 2.621714e+00
2.437100e-02 -2.655900e-01 2.601584e+00
-4.415170e-01 -3.488060e-01 2.613986e+00
3.608000e-03 -3.276900e-01 2.602444e+00
-2.949860e-01 -5.530440e-01 2.711133e+00
-9.195000e-02 -5.536450e-01 2.690697e+00
-3.012160e-01 -9.543960e-01 2.778414e+00
-7.225700e-02 -9.526430e-01 2.768555e+00
-3.214430e-01 -9.799780e-01 2.623945e+00
-9.334300e-02 -9.836100e-01 2.615189e+00
-2.179080e-01 5.351800e-01 2.513294e+00
-3.753150e-01 2.833230e-01 2.670995e+00
-3.375900e-02 2.805610e-01 2.622448e+00
-2.248660e-01 3.394030e-01 2.500425e+00
-1.947970e-01 1.486780e-01 2.722823e+00
-3.880560e-01 -5.842600e-02 2.595890e+00
-1.903200e-02 -5.433900e-02 2.559289e+00
-1.921780e-01 -5.856500e-02 2.691941e+00
-4.454840e-01 1.201400e-02 2.662196e+00
3.647400e-02 9.748000e-03 2.640808e+00
-4.238920e-01 -2.802030e-01 2.619928e+00
4.081800e-02 -2.835320e-01 2.600659e+00
-3.997850e-01 -3.369960e-01 2.641875e+00
5.500000e-03 -3.215360e-01 2.640617e+00
-2.968660e-01 -5.520170e-01 2.712203e+00
-9.141000e-02 -5.521150e-01 2.686892e+00
-2.982210e-01 -9.538780e-01 2.776662e+00
-7.136200e-02 -9.500710e-01 2.769825e+00
-3.128080e-01 -9.787270e-01 2.621439e+00
-8.642100e-02 -9.828600e-01 2.616128e+00
-2.146090e-01 5.314930e-01 2.517984e+00
-3.737670e-01 2.828340e-01 2.668142e+00
-3.236600e-02 2.882450e-01 2.618734e+00
-2.250990e-01 3.433480e-01 2.497526e+00
-1.900530e-01 1.521050e-01 2.718747e+00
-3.871720e-01 -5.897900e-02 2.595380e+00
-1.825900e-02 -5.792100e-02 2.557479e+00
-1.909690e-01 -5.849100e-02 2.690764e+00
-4.476180e-01 1.235000e-02 2.666102e+00
4.520700e-02 2.015200e-02 2.645728e+00
-4.487390e-01 -2.790170e-01 2.613571e+00
7.935600e-02 -2.690590e-01 2.592377e+00
-4.267400e-01 -3.399760e-01 2.604174e+00
3.231500e-02 -3.129750e-01 2.604492e+00
-2.952150e-01 -5.531370e-01 2.713854e+00
-9.315300e-02 -5.540250e-01 2.690214e+00
-3.012180e-01 -9.565880e-01 2.767151e+00
-7.592700e-02 -9.532740e-01 2.767369e+00
-3.164280e-01 -9.769460e-01 2.611335e+00
-9.193600e-02 -9.837400e-01 2.613291e+00
-2.134660e-01 5.353680e-01 2.515124e+00
-3.757100e-01 2.853610e-01 2.664712e+00
-3.394500e-02 2.959930e-01 2.618794e+00
-2.263150e-01 3.447940e-01 2.494351e+00
-1.902000e-01 1.592220e-01 2.720182e+00
-3.849530e-01 -5.698000e-02 2.597323e+00
-1.628100e-02 -5.639800e-02 2.557131e+00
-1.881600e-01 -5.846000e-02 2.691472e+00
-4.530800e-01 1.539300e-02 2.665349e+00
5.327100e-02 3.022900e-02 2.643931e+00
-4.801940e-01 -2.769380e-01 2.623624e+00
1.229850e-01 -2.538510e-01 2.595227e+00
-4.600050e-01 -3.302700e-01 2.655817e+00
7.520100e-02 -2.971000e-01 2.606821e+00
-2.965290e-01 -5.517720e-01 2.712030e+00
-9.372900e-02 -5.536040e-01 2.685681e+00
-2.971320e-01 -9.533510e-01 2.778239e+00
-7.487200e-02 -9.520210e-01 2.766662e+00
-3.137000e-01 -9.788670e-01 2.623323e+00
-9.181800e-02 -9.840550e-01 2.613003e+00
-2.126910e-01 5.362300e-01 2.505920e+00
-3.765430e-01 2.724870e-01 2.659851e+00
-3.515400e-02 3.017160e-01 2.619551e+00
-2.277980e-01 3.394270e-01 2.491722e+00
-1.853480e-01 1.569320e-01 2.718954e+00
-3.829760e-01 -5.472000e-02 2.598544e+00
-1.484800e-02 -5.704200e-02 2.553690e+00
-1.850290e-01 -5.837000e-02 2.690184e+00
-4.853290e-01 1.316100e-02 2.672868e+00
9.407200e-02 5.273700e-02 2.643285e+00
-5.607710e-01 -2.732410e-01 2.647484e+00
2.083170e-01 -2.194990e-01 2.608673e+00
-5.254920e-01 -3.140350e-01 2.684625e+00
1.597340e-01 -2.577590e-01 2.587132e+00
-2.974560e-01 -5.500870e-01 2.712077e+00
-9.411300e-02 -5.528500e-01 2.685562e+00
-3.012470e-01 -9.529830e-01 2.769608e+00
-7.136700e-02 -9.504050e-01 2.769715e+00
-3.199580e-01 -9.749700e-01 2.614395e+00
-9.060700e-02 -9.839080e-01 2.616640e+00
-2.214730e-01 5.354590e-01 2.508352e+00
-3.770400e-01 2.810300e-01 2.661831e+00
-3.580700e-02 3.058670e-01 2.617472e+00
-2.294670e-01 3.465370e-01 2.492111e+00
-1.866940e-01 1.627630e-01 2.718249e+00
-3.830080e-01 -5.233800e-02 2.592806e+00
-1.961200e-02 -4.885600e-02 2.551729e+00
-1.883880e-01 -5.205400e-02 2.686465e+00
-5.109260e-01 3.444600e-02 2.673886e+00
1.221370e-01 7.459300e-02 2.638462e+00
-6.251520e-01 -2.391310e-01 2.666998e+00
2.746090e-01 -1.789720e-01 2.618554e+00
-5.983410e-01 -2.849930e-01 2.705288e+00
2.295610e-01 -2.262350e-01 2.613546e+00
-2.966400e-01 -5.458860e-01 2.708859e+00
-9.524700e-02 -5.465800e-01 2.681928e+00
-2.981880e-01 -9.480560e-01 2.771356e+00
-7.175300e-02 -9.422110e-01 2.774519e+00
-3.149600e-01 -9.720980e-01 2.616226e+00
-8.879300e-02 -9.789350e-01 2.621923e+00
-2.180280e-01 5.377390e-01 2.502187e+00
-3.776330e-01 2.847030e-01 2.658475e+00
-3.604400e-02 3.052180e-01 2.614651e+00
-2.289530e-01 3.466610e-01 2.488389e+00
-1.887550e-01 1.649440e-01 2.716652e+00
-3.815050e-01 -5.362700e-02 2.592604e+00
-1.869400e-02 -5.200100e-02 2.546543e+00
-1.856210e-01 -5.357700e-02 2.683591e+00
-5.408920e-01 6.048600e-02 2.680656e+00
1.546610e-01 1.034480e-01 2.633075e+00
-7.078370e-01 -1.811140e-01 2.689306e+00
3.463610e-01 -1.181310e-01 2.611398e+00
-6.773270e-01 -2.383610e-01 2.698259e+00
3.074440e-01 -1.692160e-01 2.624203e+00
-2.971870e-01 -5.463840e-01 2.711757e+00
-9.375500e-02 -5.483220e-01 2.681569e+00
-3.006330e-01 -9.495270e-01 2.767549e+00
-7.367700e-02 -9.456890e-01 2.767275e+00
-3.196250e-01 -9.708530e-01 2.612278e+00
-9.313100e-02 -9.796600e-01 2.614331e+00
-2.162490e-01 5.398900e-01 2.499310e+00
-3.776800e-01 3.016770e-01 2.665962e+00
-3.741200e-02 3.149160e-01 2.610573e+00
-2.336410e-01 3.554780e-01 2.489235e+00
-1.889470e-01 1.806880e-01 2.722027e+00
-3.828320e-01 -4.423400e-02 2.599482e+00
-2.046400e-02 -4.264200e-02 2.550060e+00
-1.861080e-01 -4.679300e-02 2.688602e+00
-5.969920e-01 1.341250e-01 2.661341e+00
1.937390e-01 1.640590e-01 2.608440e+00
-8.318070e-01 -3.544700e-02 2.693848e+00
4.332360e-01 3.730000e-04 2.580208e+00
-8.849190e-01 -7.317100e-02 2.700501e+00
4.276110e-01 -6.345200e-02 2.593735e+00
-2.943120e-01 -5.402240e-01 2.705948e+00
-9.531500e-02 -5.412650e-01 2.675967e+00
-2.988080e-01 -9.413880e-01 2.774479e+00
-7.671200e-02 -9.372020e-01 2.768360e+00
-3.191600e-01 -9.675290e-01 2.620119e+00
-9.735600e-02 -9.736900e-01 2.616153e+00
-2.236510e-01 5.489180e-01 2.494123e+00
-3.784240e-01 3.064220e-01 2.669487e+00
-3.910800e-02 3.272550e-01 2.610705e+00
-2.373320e-01 3.574250e-01 2.489583e+00
-1.858480e-01 1.931670e-01 2.728558e+00
-3.850190e-01 -3.546000e-02 2.599831e+00
-1.784700e-02 -3.086300e-02 2.556752e+00
-1.879920e-01 -3.794800e-02 2.692338e+00
-6.189440e-01 1.801140e-01 2.647565e+00
2.030510e-01 2.079150e-01 2.573277e+00
-8.730250e-01 4.685900e-02 2.625046e+00
4.627000e-01 9.140900e-02 2.530504e+00
-9.054870e-01 -9.005000e-03 2.635710e+00
5.039250e-01 4.270100e-02 2.545213e+00
-2.942030e-01 -5.322600e-01 2.700888e+00
-9.343500e-02 -5.321960e-01 2.672415e+00
-2.984840e-01 -9.330980e-01 2.771311e+00
-7.738500e-02 -9.281400e-01 2.765257e+00
-3.157410e-01 -9.600740e-01 2.616718e+00
-9.478100e-02 -9.646300e-01 2.612645e+00
-2.218360e-01 5.625630e-01 2.500072e+00
-3.801360e-01 3.158510e-01 2.667256e+00
-3.990900e-02 3.260110e-01 2.610977e+00
-2.362670e-01 3.556890e-01 2.486733e+00
-1.909010e-01 2.006590e-01 2.733002e+00
-3.913440e-01 -3.492900e-02 2.605332e+00
-1.995700e-02 -1.768200e-02 2.556697e+00
-1.905220e-01 -3.106000e-02 2.694851e+00
-6.330080e-01 2.200050e-01 2.624969e+00
2.045820e-01 2.323930e-01 2.531114e+00
-9.039770e-01 1.448070e-01 2.558264e+00
4.756750e-01 1.725610e-01 2.450755e+00
-9.601760e-01 1.111940e-01 2.558491e+00
5.328060e-01 1.519500e-01 2.475237e+00
-2.931580e-01 -5.295040e-01 2.698665e+00
-9.476300e-02 -5.235510e-01 2.669502e+00
-3.000420e-01 -9.303690e-01 2.768731e+00
-7.722900e-02 -9.198470e-01 2.760558e+00
-3.180600e-01 -9.570730e-01 2.614178e+00
-9.556500e-02 -9.557320e-01 2.607913e+00
-2.171600e-01 5.683290e-01 2.499194e+00
-3.755780e-01 2.922250e-01 2.658259e+00
-3.609400e-02 3.155990e-01 2.611231e+00
-2.299270e-01 3.334300e-01 2.480906e+00
-1.849970e-01 1.870440e-01 2.732488e+00
-3.898850e-01 -4.686800e-02 2.596880e+00
-1.080600e-02 -2.748000e-02 2.559096e+00
-1.889380e-01 -3.734100e-02 2.692356e+00
-6.254260e-01 2.784420e-01 2.541031e+00
1.816570e-01 2.873090e-01 2.443478e+00
-8.883470e-01 2.704660e-01 2.414773e+00
4.248280e-01 2.946270e-01 2.282401e+00
-9.527600e-01 2.721970e-01 2.403102e+00
4.872780e-01 3.140550e-01 2.285685e+00
-2.918180e-01 -5.383200e-01 2.704514e+00
-9.362900e-02 -5.332470e-01 2.676111e+00
-2.980110e-01 -9.393910e-01 2.773453e+00
-7.355800e-02 -9.304420e-01 2.762615e+00
-3.109280e-01 -9.658520e-01 2.618348e+00
-8.738800e-02 -9.645750e-01 2.609096e+00
-2.131490e-01 5.755260e-01 2.535007e+00
-3.726090e-01 3.007860e-01 2.663836e+00
-3.345500e-02 3.176360e-01 2.617161e+00
-2.269320e-01 3.450400e-01 2.487974e+00
-1.853130e-01 1.882660e-01 2.733800e+00
-3.911380e-01 -4.434300e-02 2.590855e+00
-8.688000e-03 -2.879400e-02 2.563229e+00
-1.917110e-01 -3.465100e-02 2.691669e+00
-5.846350e-01 3.089200e-01 2.485116e+00
1.271170e-01 3.102140e-01 2.391057e+00
-8.089520e-01 3.393640e-01 2.299207e+00
3.169140e-01 3.648520e-01 2.174726e+00
-8.649730e-01 3.390250e-01 2.265299e+00
3.746510e-01 3.836120e-01 2.150177e+00
-2.906190e-01 -5.365690e-01 2.704399e+00
-9.230100e-02 -5.337010e-01 2.677337e+00
-2.967120e-01 -9.378030e-01 2.772392e+00
-7.004500e-02 -9.303980e-01 2.765571e+00
-3.058330e-01 -9.640020e-01 2.616973e+00
-7.973500e-02 -9.651280e-01 2.611868e+00
-2.148410e-01 5.801790e-01 2.541308e+00
-3.723460e-01 2.932040e-01 2.671642e+00
-2.975700e-02 3.037240e-01 2.632313e+00
-2.196550e-01 3.546400e-01 2.504955e+00
-1.881560e-01 1.659160e-01 2.728856e+00
-3.900600e-01 -5.148600e-02 2.599901e+00
-9.120000e-03 -3.612900e-02 2.556056e+00
-1.866270e-01 -3.953400e-02 2.692101e+00
-5.207140e-01 3.111030e-01 2.439662e+00
5.719700e-02 3.088000e-01 2.370471e+00
-6.929840e-01 3.697230e-01 2.212096e+00
1.735460e-01 3.893740e-01 2.115774e+00
-7.469540e-01 3.788420e-01 2.176147e+00
2.101060e-01 4.118990e-01 2.066335e+00
-2.932390e-01 -5.440590e-01 2.707817e+00
-9.183600e-02 -5.403270e-01 2.678355e+00
-2.962530e-01 -9.453440e-01 2.775721e+00
-7.227800e-02 -9.365480e-01 2.769325e+00
-3.121940e-01 -9.714330e-01 2.620835e+00
-8.850900e-02 -9.724490e-01 2.616445e+00
-2.101930e-01 5.726140e-01 2.567984e+00
-3.768490e-01 2.816470e-01 2.672149e+00
-3.644100e-02 2.816250e-01 2.616047e+00
-2.307850e-01 3.370840e-01 2.497605e+00
-1.938850e-01 1.494240e-01 2.721575e+00
-3.842530e-01 -6.389000e-02 2.609756e+00
-1.647000e-02 -5.412900e-02 2.548088e+00
-1.815150e-01 -5.362100e-02 2.692174e+00
-4.140950e-01 2.993130e-01 2.401943e+00
-7.699000e-03 2.835020e-01 2.344236e+00
-4.809500e-01 3.692730e-01 2.130037e+00
-6.588300e-02 3.712340e-01 2.075509e+00
-5.042200e-01 3.854530e-01 2.071003e+00
-8.010000e-02 3.925360e-01 2.015240e+00
-2.930480e-01 -5.581240e-01 2.713490e+00
-9.171600e-02 -5.551170e-01 2.681415e+00
-2.985480e-01 -9.597810e-01 2.778995e+00
-6.936000e-02 -9.526260e-01 2.765890e+00
-3.228240e-01 -9.845660e-01 2.624979e+00
-9.399500e-02 -9.863650e-01 2.613642e+00
-2.089190e-01 5.637230e-01 2.580853e+00
-3.968380e-01 2.465590e-01 2.659613e+00
-5.622200e-02 2.746700e-01 2.612545e+00
-2.512860e-01 3.144470e-01 2.489087e+00
-2.049980e-01 1.296040e-01 2.713655e+00
-3.766740e-01 -7.486300e-02 2.606537e+00
-1.437200e-02 -7.974200e-02 2.554679e+00
-1.791830e-01 -7.169400e-02 2.694238e+00
-3.588700e-01 2.742260e-01 2.391906e+00
-7.722400e-02 2.892880e-01 2.341954e+00
-3.396190e-01 3.595340e-01 2.118563e+00
-1.802820e-01 3.673740e-01 2.085738e+00
-3.427260e-01 3.712340e-01 2.054207e+00
-2.036450e-01 3.980710e-01 2.032822e+00
-2.923550e-01 -5.713510e-01 2.721131e+00
-8.936700e-02 -5.756430e-01 2.689078e+00
-2.980020e-01 -9.745430e-01 2.776391e+00
-7.088600e-02 -9.729100e-01 2.775602e+00
-3.201240e-01 -9.954650e-01 2.621480e+00
-9.336200e-02 -1.007163e+00 2.623135e+00
-2.102570e-01 5.474830e-01 2.592007e+00
-3.521440e-01 2.121520e-01 2.759410e+00
-8.470400e-02 2.688610e-01 2.548970e+00
-3.163360e-01 3.037280e-01 2.546794e+00
-1.571190e-01 1.057600e-01 2.695788e+00
-3.583770e-01 -9.293700e-02 2.707213e+00
-7.519700e-02 -9.214800e-02 2.475298e+00
-1.441480e-01 -8.464900e-02 2.679977e+00
-3.497490e-01 2.510470e-01 2.491818e+00
-1.334500e-01 2.982070e-01 2.284609e+00
-2.946600e-01 2.904990e-01 2.214444e+00
-2.848500e-01 3.796260e-01 2.056625e+00
-2.613530e-01 2.698970e-01 2.161961e+00
-3.283910e-01 3.975810e-01 2.011127e+00
-2.979090e-01 -5.971100e-01 2.722466e+00
-8.466100e-02 -5.746160e-01 2.693675e+00
-2.975260e-01 -1.001363e+00 2.769674e+00
-7.403000e-02 -9.755310e-01 2.762980e+00
-3.983940e-01 -1.015544e+00 2.649054e+00
-1.762410e-01 -9.986530e-01 2.644900e+00
-2.062160e-01 5.255540e-01 2.607320e+00
-3.716740e-01 1.987050e-01 2.748889e+00
-9.105100e-02 2.426560e-01 2.555469e+00
-3.203410e-01 2.805320e-01 2.535480e+00
-1.745330e-01 8.717100e-02 2.703089e+00
-3.712430e-01 -1.062000e-01 2.703563e+00
-6.280300e-02 -1.162060e-01 2.484334e+00
-1.504070e-01 -1.043550e-01 2.687360e+00
-3.487700e-01 2.368220e-01 2.484009e+00
-1.021450e-01 2.896500e-01 2.291259e+00
-3.349380e-01 2.943280e-01 2.206645e+00
-2.419330e-01 3.578610e-01 2.054118e+00
-3.288410e-01 3.169820e-01 2.145507e+00
-2.831680e-01 3.803830e-01 2.008503e+00
-2.952010e-01 -6.135950e-01 2.726955e+00
-8.683900e-02 -5.964320e-01 2.700888e+00
-2.968420e-01 -1.019184e+00 2.760772e+00
-7.596800e-02 -9.977320e-01 2.767893e+00
-3.888370e-01 -1.029475e+00 2.632883e+00
-1.671710e-01 -1.021354e+00 2.641210e+00
-2.085240e-01 5.095690e-01 2.621180e+00
-3.999110e-01 2.061990e-01 2.653419e+00
-7.297700e-02 2.373220e-01 2.583618e+00
-2.724070e-01 2.497380e-01 2.466722e+00
-2.057180e-01 1.060280e-01 2.714998e+00
-3.891030e-01 -1.101380e-01 2.629072e+00
-1.705700e-02 -1.150690e-01 2.554864e+00
-1.805530e-01 -1.067960e-01 2.704525e+00
-3.710070e-01 2.683610e-01 2.394837e+00
-5.976700e-02 2.738040e-01 2.318932e+00
-3.585990e-01 3.356880e-01 2.120789e+00
-1.545630e-01 3.446410e-01 2.062446e+00
-3.597580e-01 3.499900e-01 2.056896e+00
-1.798590e-01 3.636000e-01 2.005097e+00
-2.907760e-01 -6.098920e-01 2.726151e+00
-8.775100e-02 -6.083500e-01 2.703098e+00
-2.982150e-01 -1.014277e+00 2.771609e+00
-7.353200e-02 -1.009067e+00 2.772904e+00
-3.286060e-01 -1.031031e+00 2.617595e+00
-1.044950e-01 -1.036701e+00 2.620582e+00
-2.050280e-01 5.110830e-01 2.594161e+00
-3.767970e-01 2.236650e-01 2.650144e+00
-4.755100e-02 2.362210e-01 2.580296e+00
-2.464500e-01 2.581400e-01 2.463073e+00
-1.879180e-01 1.137930e-01 2.713031e+00
-3.814780e-01 -1.041640e-01 2.631395e+00
-2.019300e-02 -1.111790e-01 2.539586e+00
-1.724560e-01 -1.014890e-01 2.696696e+00
-3.998270e-01 2.735840e-01 2.389326e+00
-1.734600e-02 2.694750e-01 2.317560e+00
-4.322470e-01 3.336580e-01 2.116281e+00
-6.613600e-02 3.471990e-01 2.051492e+00
-4.454260e-01 3.395970e-01 2.052412e+00
-9.377500e-02 3.690800e-01 1.996306e+00
-2.939750e-01 -6.037890e-01 2.725430e+00
-8.981300e-02 -6.025410e-01 2.698356e+00
-3.002120e-01 -1.008402e+00 2.769010e+00
-7.599600e-02 -1.002102e+00 2.774573e+00
-3.388900e-01 -1.024203e+00 2.616764e+00
-1.147970e-01 -1.032070e+00 2.624503e+00
-2.204010e-01 5.185430e-01 2.585114e+00
-3.617790e-01 2.644850e-01 2.703880e+00
-3.423800e-02 2.495810e-01 2.596549e+00
-2.404430e-01 3.214520e-01 2.511770e+00
-1.817530e-01 1.203670e-01 2.718799e+00
-3.812910e-01 -8.025800e-02 2.627610e+00
-2.386200e-02 -8.624600e-02 2.530484e+00
-1.724010e-01 -8.020800e-02 2.689909e+00
-4.516950e-01 2.844810e-01 2.455113e+00
4.476800e-02 2.765790e-01 2.344759e+00
-5.498230e-01 3.209490e-01 2.195311e+00
7.298200e-02 3.171480e-01 2.069051e+00
-5.733760e-01 3.370200e-01 2.136359e+00
5.366800e-02 3.351060e-01 2.009112e+00
-2.913880e-01 -5.806910e-01 2.715472e+00
-8.805100e-02 -5.774690e-01 2.689568e+00
-2.980680e-01 -9.839820e-01 2.769886e+00
-7.405200e-02 -9.761570e-01 2.770200e+00
-3.389550e-01 -1.003706e+00 2.618679e+00
-1.150410e-01 -1.007761e+00 2.621050e+00
-2.001470e-01 5.312550e-01 2.572549e+00
-3.603890e-01 2.870710e-01 2.700706e+00
-2.512000e-02 2.851290e-01 2.619368e+00
-2.266440e-01 3.495830e-01 2.518832e+00
-1.767200e-01 1.497940e-01 2.729385e+00
-3.824640e-01 -6.716900e-02 2.616698e+00
-1.953500e-02 -6.603700e-02 2.542496e+00
-1.779850e-01 -6.487500e-02 2.692192e+00
-4.981370e-01 2.804350e-01 2.474665e+00
8.286200e-02 2.789710e-01 2.377676e+00
-6.292220e-01 3.102340e-01 2.229511e+00
1.541620e-01 2.899610e-01 2.107552e+00
-6.645820e-01 3.173530e-01 2.174856e+00
1.480400e-01 3.155890e-01 2.047602e+00
-2.915550e-01 -5.657620e-01 2.709365e+00
-9.015700e-02 -5.624710e-01 2.684791e+00
-2.999730e-01 -9.680980e-01 2.770231e+00
-6.967200e-02 -9.606980e-01 2.766310e+00
-3.304620e-01 -9.906440e-01 2.616978e+00
-1.005850e-01 -9.932710e-01 2.614957e+00
-2.038380e-01 5.549300e-01 2.567619e+00
-3.695030e-01 3.021000e-01 2.688618e+00
-2.861300e-02 3.055000e-01 2.635632e+00
-2.220900e-01 3.653390e-01 2.517903e+00
-1.865300e-01 1.684600e-01 2.734039e+00
-3.881380e-01 -4.784600e-02 2.610083e+00
-1.773200e-02 -4.028600e-02 2.544724e+00
-1.829580e-01 -4.432600e-02 2.690590e+00
-5.412840e-01 2.794350e-01 2.487762e+00
1.111860e-01 2.811420e-01 2.411515e+00
-7.189100e-01 2.769470e-01 2.271210e+00
2.085360e-01 2.866370e-01 2.148941e+00
-7.524920e-01 2.933130e-01 2.217426e+00
2.294940e-01 2.696330e-01 2.089277e+00
-2.907460e-01 -5.453810e-01 2.700944e+00
-9.041300e-02 -5.405250e-01 2.676064e+00
-3.012210e-01 -9.455520e-01 2.774449e+00
-7.696700e-02 -9.376910e-01 2.763974e+00
-3.269660e-01 -9.730400e-01 2.621132e+00
-1.028340e-01 -9.721830e-01 2.612100e+00
-2.032460e-01 5.670780e-01 2.557240e+00
-3.821850e-01 3.029740e-01 2.684301e+00
-4.117900e-02 3.154470e-01 2.633460e+00
-2.355020e-01 3.673050e-01 2.513364e+00
-1.956810e-01 1.756840e-01 2.733446e+00
-3.879460e-01 -4.732100e-02 2.598347e+00
-1.137600e-02 -3.106600e-02 2.555245e+00
-1.864550e-01 -4.250600e-02 2.690923e+00
-5.870020e-01 2.482620e-01 2.524730e+00
1.453530e-01 2.589380e-01 2.453408e+00
-8.078810e-01 2.034630e-01 2.358287e+00
3.044050e-01 2.387060e-01 2.223645e+00
-8.670330e-01 1.976370e-01 2.330803e+00
3.244070e-01 2.005480e-01 2.174329e+00
-2.914270e-01 -5.402810e-01 2.700589e+00
-9.157700e-02 -5.355690e-01 2.673054e+00
-2.984850e-01 -9.393650e-01 2.780160e+00
-6.962400e-02 -9.311760e-01 2.766124e+00
-3.140080e-01 -9.698220e-01 2.626031e+00
-8.557200e-02 -9.679830e-01 2.613430e+00
-2.091740e-01 5.698580e-01 2.547235e+00
-3.764460e-01 3.041270e-01 2.675724e+00
-3.501300e-02 3.091640e-01 2.626498e+00
-2.277900e-01 3.601530e-01 2.503572e+00
-1.923850e-01 1.754800e-01 2.730250e+00
-3.851120e-01 -5.001200e-02 2.603345e+00
-1.474400e-02 -3.544300e-02 2.547836e+00
-1.828220e-01 -4.460800e-02 2.689231e+00
-5.973170e-01 2.114270e-01 2.561419e+00
1.710090e-01 2.351720e-01 2.476422e+00
-8.287030e-01 1.351920e-01 2.422901e+00
3.473760e-01 1.918000e-01 2.262992e+00
-8.858980e-01 1.165230e-01 2.397048e+00
3.644700e-01 1.633860e-01 2.206524e+00
-2.894170e-01 -5.442350e-01 2.700478e+00
-9.105700e-02 -5.383770e-01 2.673754e+00
-3.025700e-01 -9.445240e-01 2.772904e+00
-7.278900e-02 -9.335750e-01 2.769328e+00
-3.234120e-01 -9.717230e-01 2.618793e+00
-9.412000e-02 -9.712760e-01 2.617512e+00
-2.068760e-01 5.684410e-01 2.539800e+00
-3.734400e-01 3.011730e-01 2.680489e+00
-3.348200e-02 2.986990e-01 2.621776e+00
-2.285830e-01 3.517790e-01 2.503489e+00
-1.904790e-01 1.696630e-01 2.731793e+00
-3.871270e-01 -5.462900e-02 2.606287e+00
-1.802700e-02 -3.561400e-02 2.544081e+00
-1.833610e-01 -4.749100e-02 2.688478e+00
-5.855190e-01 1.738470e-01 2.587753e+00
1.748180e-01 1.894330e-01 2.501521e+00
-8.192500e-01 5.837000e-02 2.488532e+00
3.639950e-01 1.140020e-01 2.310910e+00
-8.668390e-01 1.551500e-02 2.474856e+00
4.052310e-01 9.465800e-02 2.263860e+00
-2.906350e-01 -5.477420e-01 2.700047e+00
-9.131900e-02 -5.388640e-01 2.674465e+00
-3.003770e-01 -9.481130e-01 2.772554e+00
-7.166300e-02 -9.347030e-01 2.767064e+00
-3.236860e-01 -9.753880e-01 2.618809e+00
-9.563400e-02 -9.713750e-01 2.615390e+00
-2.058030e-01 5.617540e-01 2.538890e+00
-3.721540e-01 2.893420e-01 2.668563e+00
-3.132400e-02 2.904610e-01 2.615098e+00
-2.254290e-01 3.349840e-01 2.491751e+00
-1.877820e-01 1.634180e-01 2.728158e+00
-3.851920e-01 -6.095600e-02 2.612930e+00
-2.171400e-02 -4.617100e-02 2.535897e+00
-1.795860e-01 -5.453800e-02 2.686840e+00
-5.520560e-01 1.047920e-01 2.630270e+00
1.616070e-01 1.285140e-01 2.548457e+00
-7.568450e-01 -6.482800e-02 2.559680e+00
3.303900e-01 -1.234400e-02 2.383037e+00
-7.934250e-01 -1.179300e-01 2.548261e+00
3.372130e-01 -6.825500e-02 2.349635e+00
-2.919210e-01 -5.550530e-01 2.704381e+00
-9.347600e-02 -5.456230e-01 2.680619e+00
-2.987370e-01 -9.549540e-01 2.779758e+00
-7.778500e-02 -9.420340e-01 2.771510e+00
-3.289510e-01 -9.831590e-01 2.627390e+00
-1.084740e-01 -9.777970e-01 2.620832e+00
-2.064180e-01 5.590240e-01 2.541906e+00
-3.741070e-01 2.875490e-01 2.677953e+00
-3.524600e-02 2.983880e-01 2.614074e+00
-2.341190e-01 3.416450e-01 2.498091e+00
-1.850730e-01 1.644930e-01 2.728205e+00
-3.812350e-01 -5.524300e-02 2.595083e+00
-1.225200e-02 -4.834300e-02 2.549555e+00
-1.826540e-01 -5.261700e-02 2.686385e+00
-5.225470e-01 7.387300e-02 2.648181e+00
1.261980e-01 9.680700e-02 2.570727e+00
-6.913700e-01 -1.387960e-01 2.595930e+00
2.799630e-01 -9.763300e-02 2.448216e+00
-7.099140e-01 -2.015600e-01 2.593695e+00
2.873980e-01 -1.595590e-01 2.428263e+00
-2.931850e-01 -5.491950e-01 2.704672e+00
-9.076800e-02 -5.468840e-01 2.682166e+00
-2.979770e-01 -9.490670e-01 2.780358e+00
-7.151500e-02 -9.440930e-01 2.768789e+00
-3.158330e-01 -9.780330e-01 2.626193e+00
-8.978200e-02 -9.783500e-01 2.615762e+00
-2.082830e-01 5.541320e-01 2.532011e+00
-3.753660e-01 2.990960e-01 2.687900e+00
-3.648400e-02 3.091450e-01 2.624005e+00
-2.347830e-01 3.649010e-01 2.512458e+00
-1.884130e-01 1.692010e-01 2.727614e+00
-3.832080e-01 -5.408300e-02 2.610425e+00
-1.823000e-02 -3.485300e-02 2.541939e+00
-1.793250e-01 -4.861100e-02 2.689033e+00
-4.868950e-01 6.076400e-02 2.660999e+00
9.070300e-02 7.966800e-02 2.590420e+00
-6.077290e-01 -1.899190e-01 2.637288e+00
2.213800e-01 -1.553910e-01 2.515079e+00
-6.233040e-01 -2.534600e-01 2.634408e+00
2.253870e-01 -2.162400e-01 2.491212e+00
-2.943900e-01 -5.458190e-01 2.705207e+00
-9.178400e-02 -5.371560e-01 2.676812e+00
-2.980400e-01 -9.467460e-01 2.775161e+00
-6.870100e-02 -9.320560e-01 2.772574e+00
-3.243510e-01 -9.732700e-01 2.621771e+00
-9.574100e-02 -9.702030e-01 2.621782e+00
-2.120820e-01 5.530550e-01 2.526843e+00
-3.749360e-01 2.792210e-01 2.671664e+00
-3.513900e-02 2.954670e-01 2.614223e+00
-2.323760e-01 3.416330e-01 2.496578e+00
-1.856760e-01 1.558620e-01 2.720295e+00
-3.836390e-01 -6.056200e-02 2.602174e+00
-1.616700e-02 -5.051900e-02 2.546209e+00
-1.825350e-01 -5.806100e-02 2.687779e+00
-4.514260e-01 2.088300e-02 2.681863e+00
5.071400e-02 4.066000e-02 2.634123e+00
-4.827680e-01 -2.605890e-01 2.652905e+00
1.100310e-01 -2.319610e-01 2.577492e+00
-4.822170e-01 -3.235190e-01 2.671008e+00
1.031860e-01 -2.959300e-01 2.565270e+00
-2.925000e-01 -5.532040e-01 2.709338e+00
-9.240700e-02 -5.493720e-01 2.682367e+00
-3.006920e-01 -9.549110e-01 2.774251e+00
-7.057900e-02 -9.470510e-01 2.766176e+00
-3.222430e-01 -9.794320e-01 2.619789e+00
-9.290600e-02 -9.804530e-01 2.613498e+00
-2.115310e-01 5.419880e-01 2.521017e+00
-3.746260e-01 2.804570e-01 2.668012e+00
-3.324100e-02 2.994960e-01 2.621979e+00
-2.268170e-01 3.489050e-01 2.499664e+00
-1.865380e-01 1.561100e-01 2.718635e+00
-3.841700e-01 -5.611800e-02 2.598257e+00
-1.522700e-02 -5.550900e-02 2.551890e+00
-1.853660e-01 -5.793800e-02 2.689092e+00
-4.358540e-01 1.591400e-02 2.687047e+00
3.787500e-02 3.853900e-02 2.652603e+00
-4.161220e-01 -2.681930e-01 2.648285e+00
3.543100e-02 -2.470170e-01 2.620029e+00
-4.160610e-01 -3.314640e-01 2.665168e+00
1.944300e-02 -3.105060e-01 2.621341e+00
-2.926530e-01 -5.514500e-01 2.709366e+00
-9.180700e-02 -5.518260e-01 2.684922e+00
-3.022340e-01 -9.530820e-01 2.774551e+00
-6.946400e-02 -9.495360e-01 2.768447e+00
-3.207950e-01 -9.777680e-01 2.619726e+00
-8.894700e-02 -9.827840e-01 2.615347e+00
-2.153390e-01 5.433000e-01 2.522844e+00
-3.783830e-01 2.875940e-01 2.678770e+00
-3.901700e-02 3.087170e-01 2.620384e+00
-2.372090e-01 3.558080e-01 2.504729e+00
-1.876880e-01 1.649840e-01 2.723531e+00
-3.766000e-01 -5.243500e-02 2.599571e+00
-8.962000e-03 -4.501600e-02 2.544287e+00
-1.755700e-01 -5.706200e-02 2.685263e+00
-4.315100e-01 2.388200e-02 2.687573e+00
3.806400e-02 5.243200e-02 2.649031e+00
-4.043040e-01 -2.529500e-01 2.629322e+00
2.110700e-02 -2.307490e-01 2.631989e+00
-4.331060e-01 -3.116780e-01 2.632443e+00
-3.023000e-03 -2.828920e-01 2.600571e+00
-2.948770e-01 -5.447870e-01 2.704983e+00
-9.147100e-02 -5.420800e-01 2.680776e+00
-2.975400e-01 -9.460000e-01 2.773319e+00
-7.756200e-02 -9.393560e-01 2.768111e+00
-3.195260e-01 -9.721080e-01 2.619177e+00
-9.967600e-02 -9.736570e-01 2.615602e+00
-2.088730e-01 5.474090e-01 2.520058e+00
-3.764440e-01 2.958490e-01 2.673126e+00
-3.417900e-02 3.061560e-01 2.631016e+00
-2.250380e-01 3.591660e-01 2.505970e+00
-1.920600e-01 1.674180e-01 2.727072e+00
-3.895450e-01 -4.898100e-02 2.598989e+00
-2.014500e-02 -4.213000e-02 2.556969e+00
-1.917570e-01 -5.205300e-02 2.691982e+00
-4.374520e-01 3.225800e-02 2.679337e+00
3.791200e-02 4.556800e-02 2.642718e+00
-4.179690e-01 -2.503770e-01 2.641978e+00
2.903800e-02 -2.392120e-01 2.620828e+00
-4.215210e-01 -3.156710e-01 2.645477e+00
1.376200e-02 -3.025620e-01 2.614369e+00
-2.936120e-01 -5.426360e-01 2.708131e+00
-9.115000e-02 -5.404860e-01 2.683445e+00
-3.011990e-01 -9.448260e-01 2.770057e+00
-7.103500e-02 -9.376030e-01 2.770295e+00
-3.172920e-01 -9.684290e-01 2.614788e+00
-8.787200e-02 -9.719540e-01 2.617126e+00
-2.151220e-01 5.535130e-01 2.527195e+00
