-3.415760e-01 3.535850e-01 2.799348e+00
-1.514105e-01 3.648665e-01 2.706323e+00
3.875500e-02 3.761480e-01 2.613298e+00
-8.227500e-02 4.102175e-01 2.611584e+00
-2.033050e-01 4.442870e-01 2.609870e+00
-1.576805e-01 3.405190e-01 2.690553e+00
-1.120560e-01 2.367510e-01 2.771236e+00
-2.163150e-01 1.417420e-01 2.740165e+00
-3.205740e-01 4.673300e-02 2.709093e+00
-1.665240e-01 5.863650e-02 2.632391e+00
-1.247400e-02 7.054000e-02 2.555689e+00
-5.998000e-02 5.983300e-02 2.652589e+00
-1.074860e-01 4.912600e-02 2.749488e+00
-2.452930e-01 6.527350e-02 2.738606e+00
-3.831000e-01 8.142100e-02 2.727723e+00
-1.525990e-01 8.874350e-02 2.685914e+00
7.790200e-02 9.606600e-02 2.644105e+00
-1.521595e-01 -6.607850e-02 2.678295e+00
-3.822210e-01 -2.282230e-01 2.712486e+00
-1.568250e-01 -2.210065e-01 2.676381e+00
6.857100e-02 -2.137900e-01 2.640275e+00
-1.542980e-01 -2.621455e-01 2.677105e+00
-3.771670e-01 -3.105010e-01 2.713935e+00
-1.699160e-01 -3.001595e-01 2.680320e+00
3.733500e-02 -2.898180e-01 2.646705e+00
-1.243045e-01 -4.101725e-01 2.678789e+00
-2.859440e-01 -5.305270e-01 2.710872e+00
-1.536945e-01 -5.234350e-01 2.687043e+00
-2.144500e-02 -5.163430e-01 2.663214e+00
1.839100e-02 -6.010080e-01 2.557390e+00
5.822700e-02 -6.856730e-01 2.451565e+00
-1.585365e-01 -7.349535e-01 2.613924e+00
-3.753000e-01 -7.842340e-01 2.776283e+00
-1.868245e-01 -8.375505e-01 2.637763e+00
1.651000e-03 -8.908670e-01 2.499242e+00
-1.232770e-01 -9.256395e-01 2.627930e+00
-2.482050e-01 -9.604120e-01 2.756618e+00
-2.021080e-01 -1.491620e-01 2.672188e+00
-1.560110e-01 6.620880e-01 2.587758e+00
-2.487605e-01 5.074885e-01 2.689439e+00
-3.415100e-01 3.528890e-01 2.791120e+00
-1.495810e-01 3.619160e-01 2.701534e+00
4.234800e-02 3.709430e-01 2.611947e+00
-7.845150e-02 4.055765e-01 2.607479e+00
-1.992510e-01 4.402100e-01 2.603010e+00
-1.556800e-01 3.373780e-01 2.685995e+00
-1.121090e-01 2.345460e-01 2.768979e+00
-2.170530e-01 1.392705e-01 2.738175e+00
-3.219970e-01 4.399500e-02 2.707370e+00
-1.669000e-01 5.600600e-02 2.632826e+00
-1.180300e-02 6.801700e-02 2.558281e+00
-6.065000e-02 5.730050e-02 2.654510e+00
-1.094970e-01 4.658400e-02 2.750740e+00
-2.461110e-01 6.335400e-02 2.739083e+00
-3.827250e-01 8.012400e-02 2.727426e+00
-1.527065e-01 8.619000e-02 2.687486e+00
7.731200e-02 9.225600e-02 2.647546e+00
-1.572185e-01 -6.787200e-02 2.680878e+00
-3.917490e-01 -2.280000e-01 2.714211e+00
-1.607245e-01 -2.220515e-01 2.676952e+00
7.030000e-02 -2.161030e-01 2.639693e+00
-1.552585e-01 -2.629095e-01 2.677270e+00
-3.808170e-01 -3.097160e-01 2.714847e+00
-1.721085e-01 -3.002435e-01 2.681918e+00
3.660000e-02 -2.907710e-01 2.648989e+00
-1.261560e-01 -4.118060e-01 2.679820e+00
-2.889120e-01 -5.328410e-01 2.710651e+00
-1.514120e-01 -5.255645e-01 2.685460e+00
-1.391200e-02 -5.182880e-01 2.660269e+00
2.154200e-02 -6.012445e-01 2.555844e+00
5.699600e-02 -6.842010e-01 2.451419e+00
-1.565305e-01 -7.357470e-01 2.607228e+00
-3.700570e-01 -7.872930e-01 2.763037e+00
-1.842720e-01 -8.386675e-01 2.630304e+00
1.513000e-03 -8.900420e-01 2.497571e+00
-1.200565e-01 -9.265095e-01 2.622910e+00
-2.416260e-01 -9.629770e-01 2.748250e+00
-1.987700e-01 -1.523150e-01 2.665517e+00
-1.559140e-01 6.583470e-01 2.582784e+00
-2.485020e-01 5.044755e-01 2.689176e+00
-3.410900e-01 3.506040e-01 2.795567e+00
-1.503335e-01 3.613630e-01 2.703696e+00
4.042300e-02 3.721220e-01 2.611826e+00
-8.045550e-02 4.066900e-01 2.609492e+00
-2.013340e-01 4.412580e-01 2.607158e+00
-1.566095e-01 3.370845e-01 2.687823e+00
-1.118850e-01 2.329110e-01 2.768488e+00
-2.173355e-01 1.376475e-01 2.737170e+00
-3.227860e-01 4.238400e-02 2.705851e+00
-1.678470e-01 5.512850e-02 2.631099e+00
-1.290800e-02 6.787300e-02 2.556348e+00
-6.156600e-02 5.665650e-02 2.652616e+00
-1.102240e-01 4.544000e-02 2.748885e+00
-2.477275e-01 6.384750e-02 2.736264e+00
-3.852310e-01 8.225500e-02 2.723644e+00
-1.550640e-01 8.872150e-02 2.685324e+00
7.510300e-02 9.518800e-02 2.647004e+00
-1.579440e-01 -6.442000e-02 2.679456e+00
-3.909910e-01 -2.240280e-01 2.711908e+00
-1.597675e-01 -2.176475e-01 2.675836e+00
7.145600e-02 -2.112670e-01 2.639765e+00
-1.572965e-01 -2.587475e-01 2.673820e+00
-3.860490e-01 -3.062280e-01 2.707874e+00
-1.754270e-01 -2.956350e-01 2.676976e+00
3.519500e-02 -2.850420e-01 2.646077e+00
-1.259390e-01 -4.096170e-01 2.677636e+00
-2.870730e-01 -5.341920e-01 2.709195e+00
-1.553755e-01 -5.269580e-01 2.685956e+00
-2.367800e-02 -5.197240e-01 2.662717e+00
1.730100e-02 -6.012625e-01 2.555178e+00
5.828000e-02 -6.828010e-01 2.447639e+00
-1.540620e-01 -7.434205e-01 2.608722e+00
-3.664040e-01 -8.040400e-01 2.769805e+00
-1.809280e-01 -8.465605e-01 2.631850e+00
4.548000e-03 -8.890810e-01 2.493896e+00
-1.149505e-01 -9.319830e-01 2.616211e+00
-2.344490e-01 -9.748850e-01 2.738525e+00
-1.964590e-01 -1.568230e-01 2.660443e+00
-1.584690e-01 6.612390e-01 2.582362e+00
-2.505625e-01 5.069220e-01 2.686850e+00
-3.426560e-01 3.526050e-01 2.791337e+00
-1.505460e-01 3.620475e-01 2.702183e+00
4.156400e-02 3.714900e-01 2.613028e+00
-7.926100e-02 4.060105e-01 2.608386e+00
-2.000860e-01 4.405310e-01 2.603745e+00
-1.565865e-01 3.375410e-01 2.686571e+00
-1.130870e-01 2.345510e-01 2.769396e+00
-2.184790e-01 1.388865e-01 2.737182e+00
-3.238710e-01 4.322200e-02 2.704967e+00
-1.691155e-01 5.559800e-02 2.629775e+00
-1.436000e-02 6.797400e-02 2.554583e+00
-6.278300e-02 5.725450e-02 2.651026e+00
-1.112060e-01 4.653500e-02 2.747470e+00
-2.492015e-01 6.553350e-02 2.734252e+00
-3.871970e-01 8.453200e-02 2.721034e+00
-1.563450e-01 8.956100e-02 2.683083e+00
7.450700e-02 9.459000e-02 2.645132e+00
-1.604115e-01 -6.332600e-02 2.681547e+00
-3.953300e-01 -2.212420e-01 2.717962e+00
-1.625060e-01 -2.162215e-01 2.678070e+00
7.031800e-02 -2.112010e-01 2.638177e+00
-1.457760e-01 -2.534880e-01 2.672531e+00
-3.618700e-01 -2.957750e-01 2.706886e+00
-1.639955e-01 -2.903420e-01 2.675558e+00
3.387900e-02 -2.849090e-01 2.644230e+00
-1.248065e-01 -4.097250e-01 2.675472e+00
-2.834920e-01 -5.345410e-01 2.706714e+00
-1.520495e-01 -5.267405e-01 2.683507e+00
-2.060700e-02 -5.189400e-01 2.660299e+00
2.073150e-02 -6.011805e-01 2.552944e+00
6.207000e-02 -6.834210e-01 2.445589e+00
-1.554605e-01 -7.362410e-01 2.609123e+00
-3.729910e-01 -7.890610e-01 2.772658e+00
-1.822520e-01 -8.393540e-01 2.632459e+00
8.487000e-03 -8.896470e-01 2.492260e+00
-1.182195e-01 -9.270665e-01 2.622410e+00
-2.449260e-01 -9.644860e-01 2.752561e+00
-2.040645e-01 -1.511975e-01 2.666949e+00
-1.632030e-01 6.620910e-01 2.581337e+00
-2.514745e-01 5.045800e-01 2.689567e+00
-3.397460e-01 3.470690e-01 2.797797e+00
-1.487200e-01 3.600225e-01 2.706773e+00
4.230600e-02 3.729760e-01 2.615749e+00
-7.851800e-02 4.077685e-01 2.614015e+00
-1.993420e-01 4.425610e-01 2.612282e+00
-1.549845e-01 3.361895e-01 2.690235e+00
-1.106270e-01 2.298180e-01 2.768188e+00
-2.170510e-01 1.377170e-01 2.737782e+00
-3.234750e-01 4.561600e-02 2.707376e+00
-1.694765e-01 5.759200e-02 2.630581e+00
-1.547800e-02 6.956800e-02 2.553787e+00
-6.291300e-02 5.856450e-02 2.650688e+00
-1.103480e-01 4.756100e-02 2.747589e+00
-2.475765e-01 6.383450e-02 2.736053e+00
-3.848050e-01 8.010800e-02 2.724517e+00
-1.545400e-01 8.789900e-02 2.683018e+00
7.572500e-02 9.569000e-02 2.641518e+00
-1.586340e-01 -6.479000e-02 2.677850e+00
-3.929930e-01 -2.252700e-01 2.714183e+00
-1.614510e-01 -2.175955e-01 2.677799e+00
7.009100e-02 -2.099210e-01 2.641414e+00
-1.568340e-01 -2.583020e-01 2.673215e+00
-3.837590e-01 -3.066830e-01 2.705017e+00
-1.708040e-01 -2.964605e-01 2.680153e+00
4.215100e-02 -2.862380e-01 2.655290e+00
-1.213495e-01 -4.093170e-01 2.680902e+00
-2.848500e-01 -5.323960e-01 2.706513e+00
-1.467930e-01 -5.233405e-01 2.683454e+00
-8.736000e-03 -5.142850e-01 2.660395e+00
2.628400e-02 -5.983825e-01 2.553631e+00
6.130400e-02 -6.824800e-01 2.446867e+00
-1.537300e-01 -7.301200e-01 2.605412e+00
-3.687640e-01 -7.777600e-01 2.763958e+00
-1.809445e-01 -8.331380e-01 2.628679e+00
6.875000e-03 -8.885160e-01 2.493399e+00
-1.171100e-01 -9.215190e-01 2.625745e+00
-2.410950e-01 -9.545220e-01 2.758090e+00
-2.019415e-01 -1.490585e-01 2.668194e+00
-1.627880e-01 6.564050e-01 2.578297e+00
-2.534055e-01 5.025690e-01 2.684487e+00
-3.440230e-01 3.487330e-01 2.790676e+00
4.098900e-02 3.719020e-01 2.614596e+00
-2.011230e-01 4.391970e-01 2.604548e+00
-1.134550e-01 2.325830e-01 2.769053e+00
-3.229110e-01 4.199200e-02 2.707717e+00
-1.492300e-02 6.782300e-02 2.554414e+00
-1.097430e-01 4.195000e-02 2.747763e+00
-3.866160e-01 8.124000e-02 2.720185e+00
7.614500e-02 9.580000e-02 2.644042e+00
-3.894230e-01 -2.235740e-01 2.709447e+00
7.957300e-02 -2.091630e-01 2.639505e+00
-3.683730e-01 -3.024430e-01 2.697871e+00
4.622000e-02 -2.843380e-01 2.645309e+00
-2.836120e-01 -5.348750e-01 2.707452e+00
-2.188800e-02 -5.180640e-01 2.662815e+00
6.141300e-02 -6.816140e-01 2.444413e+00
-3.720350e-01 -7.900060e-01 2.777744e+00
9.595000e-03 -8.881580e-01 2.491665e+00
-2.428550e-01 -9.646570e-01 2.758051e+00
-1.599140e-01 6.603860e-01 2.576222e+00
-3.458580e-01 3.513250e-01 2.795511e+00
3.924100e-02 3.688450e-01 2.618966e+00
-2.012250e-01 4.420470e-01 2.610853e+00
-1.181580e-01 2.301920e-01 2.771022e+00
-3.225490e-01 4.245700e-02 2.705107e+00
-1.166600e-02 6.827100e-02 2.557764e+00
-1.101700e-01 4.143900e-02 2.749130e+00
-3.902990e-01 8.294800e-02 2.721853e+00
7.922100e-02 9.071000e-02 2.640622e+00
-4.029120e-01 -2.238930e-01 2.717454e+00
9.142700e-02 -2.161560e-01 2.636811e+00
-3.834810e-01 -3.034200e-01 2.707692e+00
8.579000e-02 -2.983500e-01 2.639936e+00
-2.869860e-01 -5.342330e-01 2.702047e+00
-2.276800e-02 -5.198870e-01 2.652429e+00
6.146500e-02 -6.816400e-01 2.443944e+00
-3.761490e-01 -7.819150e-01 2.779811e+00
7.435000e-03 -8.881240e-01 2.488927e+00
-2.526010e-01 -9.600970e-01 2.756032e+00
-1.627140e-01 6.633160e-01 2.596068e+00
-3.454790e-01 3.510960e-01 2.787632e+00
4.737700e-02 3.639890e-01 2.628655e+00
-1.919340e-01 4.387020e-01 2.608755e+00
-1.177810e-01 2.281650e-01 2.774925e+00
-3.255360e-01 4.348600e-02 2.695985e+00
-6.633000e-03 6.533300e-02 2.566182e+00
-1.159520e-01 3.894800e-02 2.751647e+00
-3.965590e-01 7.543000e-02 2.723535e+00
9.840900e-02 8.096100e-02 2.628266e+00
-4.504790e-01 -2.330940e-01 2.711939e+00
1.592970e-01 -2.249800e-01 2.597910e+00
-4.693480e-01 -3.122610e-01 2.698746e+00
1.721500e-01 -3.056970e-01 2.587095e+00
-2.864440e-01 -5.340190e-01 2.702220e+00
-2.645500e-02 -5.215190e-01 2.660973e+00
6.179300e-02 -6.812850e-01 2.443747e+00
-3.729690e-01 -7.956010e-01 2.781684e+00
9.342000e-03 -8.877360e-01 2.490707e+00
-2.456390e-01 -9.700460e-01 2.751109e+00
-1.568170e-01 6.615420e-01 2.598379e+00
-3.501740e-01 3.518570e-01 2.764726e+00
5.712300e-02 3.628860e-01 2.647408e+00
-1.798660e-01 4.304290e-01 2.597187e+00
-1.204920e-01 2.336960e-01 2.784823e+00
-3.168230e-01 5.071800e-02 2.698224e+00
6.710000e-03 5.724200e-02 2.578603e+00
-1.098030e-01 2.991800e-02 2.759495e+00
-4.483810e-01 7.743700e-02 2.723888e+00
1.552270e-01 9.243700e-02 2.585349e+00
-6.122600e-01 -1.860710e-01 2.642777e+00
3.106380e-01 -1.705610e-01 2.487618e+00
-6.568130e-01 -2.526010e-01 2.623127e+00
3.486090e-01 -2.412020e-01 2.468501e+00
-2.860340e-01 -5.303420e-01 2.700075e+00
-2.968200e-02 -5.251700e-01 2.663798e+00
6.144600e-02 -6.804510e-01 2.442221e+00
-3.908760e-01 -7.833010e-01 2.776364e+00
7.289000e-03 -8.864640e-01 2.489170e+00
-2.687150e-01 -9.629100e-01 2.756475e+00
-1.496630e-01 6.662830e-01 2.611057e+00
-3.463710e-01 3.470800e-01 2.768562e+00
6.215300e-02 3.655060e-01 2.656560e+00
-1.750220e-01 4.312400e-01 2.604841e+00
-1.155120e-01 2.312950e-01 2.789008e+00
-3.061830e-01 6.420200e-02 2.689580e+00
2.475900e-02 4.566000e-02 2.593880e+00
-1.064250e-01 2.738000e-02 2.765637e+00
-4.889610e-01 1.001860e-01 2.686262e+00
1.982020e-01 1.272970e-01 2.543384e+00
-7.139660e-01 -1.008650e-01 2.569915e+00
3.870430e-01 -8.644300e-02 2.390939e+00
-7.717540e-01 -1.461880e-01 2.532446e+00
4.316170e-01 -1.449210e-01 2.353643e+00
-2.853690e-01 -5.219510e-01 2.704869e+00
-3.199100e-02 -5.302690e-01 2.667015e+00
7.704000e-02 -6.635570e-01 2.463268e+00
-3.920460e-01 -7.878650e-01 2.784355e+00
2.643000e-02 -8.707840e-01 2.508810e+00
-2.722360e-01 -9.680040e-01 2.756532e+00
-1.577010e-01 6.651150e-01 2.605499e+00
-3.446370e-01 3.493490e-01 2.765787e+00
6.436700e-02 3.620190e-01 2.654743e+00
-1.724090e-01 4.262610e-01 2.599444e+00
-1.142080e-01 2.338380e-01 2.791858e+00
-3.220750e-01 5.475300e-02 2.698099e+00
1.117100e-02 4.617800e-02 2.609224e+00
-1.229010e-01 2.399300e-02 2.778270e+00
-5.251250e-01 1.531010e-01 2.633969e+00
2.160120e-01 1.669660e-01 2.489142e+00
-7.737550e-01 1.445800e-02 2.478963e+00
4.238980e-01 1.830000e-02 2.289776e+00
-8.354040e-01 -1.064600e-02 2.430316e+00
4.738800e-01 -2.371800e-02 2.239440e+00
-2.866590e-01 -5.315280e-01 2.704547e+00
-2.362300e-02 -5.324760e-01 2.665270e+00
7.916200e-02 -6.627220e-01 2.462211e+00
-3.809870e-01 -8.007660e-01 2.765645e+00
3.158700e-02 -8.715620e-01 2.503452e+00
-2.556040e-01 -9.773930e-01 2.739945e+00
-1.512640e-01 6.760870e-01 2.627223e+00
-3.415990e-01 3.430130e-01 2.754704e+00
6.999700e-02 3.571550e-01 2.653881e+00
-1.662370e-01 4.140220e-01 2.589012e+00
-1.100570e-01 2.332770e-01 2.793002e+00
-3.189440e-01 7.269200e-02 2.691304e+00
1.464900e-02 4.525400e-02 2.607711e+00
-1.213540e-01 4.594600e-02 2.776668e+00
-5.447820e-01 2.460420e-01 2.559685e+00
2.077820e-01 2.386480e-01 2.417892e+00
-7.830740e-01 2.080930e-01 2.342560e+00
3.969830e-01 1.900440e-01 2.158649e+00
-8.409080e-01 2.103130e-01 2.283843e+00
4.438210e-01 1.807270e-01 2.091442e+00
-2.783310e-01 -5.142950e-01 2.757069e+00
-2.556000e-02 -5.324870e-01 2.605842e+00
5.493600e-02 -8.284120e-01 2.751837e+00
-3.979190e-01 -7.553620e-01 2.752263e+00
-9.468500e-02 -9.871050e-01 2.748867e+00
-3.006320e-01 -9.458850e-01 2.709665e+00
-1.471260e-01 6.849740e-01 2.642888e+00
-3.339880e-01 3.468240e-01 2.742506e+00
7.986200e-02 3.507850e-01 2.650372e+00
-1.526670e-01 4.203550e-01 2.584506e+00
-1.075760e-01 2.262110e-01 2.778701e+00
-3.344050e-01 6.463900e-02 2.675430e+00
2.897000e-03 4.657800e-02 2.605242e+00
-1.395100e-01 4.635400e-02 2.768840e+00
-5.224990e-01 3.037080e-01 2.512974e+00
1.825820e-01 2.746900e-01 2.378824e+00
-7.313100e-01 3.192110e-01 2.261697e+00
3.351810e-01 2.886620e-01 2.089859e+00
-7.847980e-01 3.306390e-01 2.200006e+00
3.614580e-01 3.066920e-01 2.013820e+00
-2.775660e-01 -5.197130e-01 2.753451e+00
-1.741400e-02 -5.319240e-01 2.620605e+00
5.303800e-02 -8.344430e-01 2.791006e+00
-4.057460e-01 -7.398280e-01 2.746059e+00
-9.437000e-02 -9.926820e-01 2.762545e+00
-3.088470e-01 -9.340200e-01 2.724184e+00
-1.508330e-01 6.904320e-01 2.665708e+00
-3.274640e-01 3.556710e-01 2.736975e+00
8.126600e-02 3.361100e-01 2.625920e+00
-1.513840e-01 4.104640e-01 2.565974e+00
-1.043000e-01 2.286270e-01 2.771291e+00
-3.268930e-01 6.708000e-02 2.681031e+00
5.814000e-03 3.660600e-02 2.594994e+00
-1.285500e-01 4.209200e-02 2.765171e+00
-4.816090e-01 3.389300e-01 2.480223e+00
1.436220e-01 3.086270e-01 2.333825e+00
-6.484450e-01 3.980620e-01 2.205427e+00
2.454480e-01 3.692170e-01 2.029188e+00
-6.910320e-01 4.162650e-01 2.137218e+00
2.671650e-01 3.939760e-01 1.953606e+00
-2.772360e-01 -5.232560e-01 2.743398e+00
-7.129000e-03 -5.354340e-01 2.616173e+00
5.039300e-02 -8.325830e-01 2.825496e+00
-3.990890e-01 -7.328810e-01 2.747116e+00
-8.995100e-02 -9.932760e-01 2.780111e+00
-3.058970e-01 -9.293380e-01 2.729839e+00
-1.564470e-01 6.920060e-01 2.670239e+00
-3.315440e-01 3.829200e-01 2.755131e+00
7.404900e-02 3.549530e-01 2.634763e+00
-1.562210e-01 4.430560e-01 2.585149e+00
-1.134170e-01 2.446210e-01 2.775487e+00
-3.183560e-01 1.121970e-01 2.692595e+00
3.319000e-03 4.103100e-02 2.590197e+00
-1.197750e-01 6.657300e-02 2.766944e+00
-3.989030e-01 3.679600e-01 2.465574e+00
6.688600e-02 3.159060e-01 2.339757e+00
-4.932830e-01 4.333820e-01 2.162189e+00
6.136400e-02 4.157310e-01 2.031156e+00
-5.161380e-01 4.596780e-01 2.087465e+00
8.097000e-02 4.515230e-01 1.959519e+00
-2.442240e-01 -4.919030e-01 2.742115e+00
-3.143000e-03 -5.109430e-01 2.593706e+00
5.481900e-02 -8.383240e-01 2.760282e+00
-3.997350e-01 -6.898110e-01 2.736834e+00
-8.402900e-02 -9.640430e-01 2.648503e+00
-3.173170e-01 -8.905140e-01 2.714383e+00
-1.423290e-01 7.035390e-01 2.687774e+00
-3.424820e-01 4.063190e-01 2.710073e+00
7.246000e-02 3.730200e-01 2.629511e+00
-1.563830e-01 4.308330e-01 2.542699e+00
-1.212440e-01 2.917780e-01 2.781164e+00
-3.393690e-01 8.803200e-02 2.671127e+00
3.890000e-04 7.169700e-02 2.613485e+00
-1.477360e-01 7.507000e-02 2.771888e+00
-3.624640e-01 3.335130e-01 2.423520e+00
3.184700e-02 3.265960e-01 2.339669e+00
-4.154490e-01 4.294050e-01 2.119731e+00
-6.517000e-02 4.254200e-01 2.047930e+00
-4.290970e-01 4.557200e-01 2.042799e+00
-6.495600e-02 4.538850e-01 1.970554e+00
-2.641310e-01 -5.026420e-01 2.729771e+00
7.308000e-03 -5.015080e-01 2.625693e+00
5.997300e-02 -8.240000e-01 2.767845e+00
-4.203790e-01 -6.566750e-01 2.678330e+00
-8.225500e-02 -9.753420e-01 2.701175e+00
-3.463950e-01 -8.618380e-01 2.674675e+00
-1.527730e-01 7.270550e-01 2.696031e+00
-3.637370e-01 3.921190e-01 2.725226e+00
3.791200e-02 3.836390e-01 2.593562e+00
-2.025150e-01 4.213810e-01 2.534440e+00
-1.274270e-01 2.965530e-01 2.771541e+00
-3.295930e-01 7.484600e-02 2.703154e+00
-2.350000e-04 7.675700e-02 2.600469e+00
-1.258070e-01 6.795600e-02 2.777098e+00
-3.244670e-01 3.288090e-01 2.439654e+00
-3.161900e-02 3.301210e-01 2.311777e+00
-3.276450e-01 4.168980e-01 2.130339e+00
-1.861030e-01 4.444290e-01 2.053874e+00
-3.293950e-01 4.430130e-01 2.052158e+00
-1.849400e-01 4.859100e-01 1.982633e+00
-2.682430e-01 -5.126460e-01 2.722186e+00
1.015000e-02 -5.032830e-01 2.628047e+00
8.123000e-02 -8.024470e-01 2.782590e+00
-4.087230e-01 -6.825530e-01 2.674652e+00
-5.211500e-02 -9.710060e-01 2.745369e+00
-3.231690e-01 -8.831800e-01 2.671859e+00
-1.657590e-01 7.295040e-01 2.697581e+00
-3.867800e-01 3.858390e-01 2.733100e+00
1.822900e-02 4.062500e-01 2.609298e+00
-2.240910e-01 4.309510e-01 2.546699e+00
-1.459210e-01 3.035440e-01 2.781420e+00
-3.318220e-01 1.086660e-01 2.688090e+00
-4.960000e-04 8.934800e-02 2.593880e+00
-1.305380e-01 9.333500e-02 2.767423e+00
-3.255690e-01 3.330370e-01 2.450908e+00
-7.234400e-02 3.424340e-01 2.337468e+00
-2.656100e-01 3.976060e-01 2.143384e+00
-2.269370e-01 4.414580e-01 2.075493e+00
-2.568900e-01 4.147530e-01 2.063213e+00
-2.568900e-01 4.723010e-01 2.005145e+00
-2.766100e-01 -4.869840e-01 2.696298e+00
3.059300e-02 -4.761170e-01 2.614807e+00
4.513000e-02 -7.838880e-01 2.830818e+00
-3.925160e-01 -6.456760e-01 2.659436e+00
-7.719900e-02 -9.492940e-01 2.758327e+00
-3.117510e-01 -8.482580e-01 2.655466e+00
-1.767630e-01 7.084110e-01 2.708662e+00
-3.858410e-01 4.104930e-01 2.739316e+00
1.562800e-02 4.048380e-01 2.603058e+00
-2.259420e-01 4.493840e-01 2.549139e+00
-1.504760e-01 3.091040e-01 2.777313e+00
-3.211090e-01 1.202860e-01 2.688628e+00
8.669000e-03 9.412400e-02 2.590713e+00
-1.190910e-01 1.033810e-01 2.765744e+00
-3.352970e-01 3.187700e-01 2.466088e+00
-7.098000e-02 3.380730e-01 2.331649e+00
-2.890630e-01 3.875440e-01 2.158158e+00
-2.431840e-01 4.338970e-01 2.080946e+00
-2.736290e-01 4.069700e-01 2.079534e+00
-2.738840e-01 4.600510e-01 2.009038e+00
-2.769200e-01 -4.768460e-01 2.694705e+00
2.464000e-03 -4.787150e-01 2.604687e+00
2.391400e-02 -7.679920e-01 2.880440e+00
-3.627920e-01 -7.204630e-01 2.738519e+00
-9.063300e-02 -9.362990e-01 2.802143e+00
-2.539260e-01 -9.057170e-01 2.701003e+00
-1.809870e-01 7.186630e-01 2.720358e+00
-4.006800e-01 4.094350e-01 2.751066e+00
2.250000e-04 4.118830e-01 2.613061e+00
-2.432530e-01 4.417770e-01 2.557627e+00
-1.609190e-01 3.214940e-01 2.794672e+00
-3.143360e-01 1.384220e-01 2.691968e+00
1.273600e-02 1.046100e-01 2.587539e+00
-1.107880e-01 1.217370e-01 2.765000e+00
-3.254240e-01 3.198420e-01 2.483782e+00
-6.712600e-02 3.322180e-01 2.340575e+00
-3.109780e-01 3.767740e-01 2.171284e+00
-2.395270e-01 4.238970e-01 2.089621e+00
-2.807210e-01 4.019050e-01 2.098825e+00
-2.717500e-01 4.525800e-01 2.019362e+00
-2.764090e-01 -4.611010e-01 2.689950e+00
-1.666200e-02 -4.700520e-01 2.602579e+00
1.630400e-02 -7.483820e-01 2.893795e+00
-3.707790e-01 -7.181740e-01 2.753578e+00
-9.419200e-02 -9.182450e-01 2.813073e+00
-2.651800e-01 -9.014010e-01 2.700145e+00
-1.669360e-01 7.116410e-01 2.719705e+00
-3.963530e-01 4.053630e-01 2.751755e+00
2.322000e-03 4.070690e-01 2.607425e+00
-2.418340e-01 4.388400e-01 2.556176e+00
-1.564230e-01 3.156910e-01 2.790647e+00
-3.100530e-01 1.390140e-01 2.685441e+00
1.378900e-02 8.228500e-02 2.580878e+00
-1.071840e-01 1.141970e-01 2.758053e+00
-3.236580e-01 3.032770e-01 2.489496e+00
-7.044200e-02 3.293130e-01 2.336972e+00
-3.058260e-01 3.784320e-01 2.182296e+00
-2.453180e-01 4.084410e-01 2.084990e+00
-3.023500e-01 3.995750e-01 2.102683e+00
-2.748140e-01 4.372240e-01 2.013582e+00
-2.762130e-01 -4.669020e-01 2.681419e+00
-1.528200e-02 -4.834710e-01 2.626565e+00
4.659800e-02 -7.663790e-01 2.807396e+00
-4.024630e-01 -7.267200e-01 2.652738e+00
-7.554200e-02 -9.301660e-01 2.731014e+00
-2.874300e-01 -9.114360e-01 2.637702e+00
-1.621080e-01 7.035840e-01 2.728948e+00
-3.986870e-01 4.132290e-01 2.744541e+00
2.141000e-03 4.073510e-01 2.606415e+00
-2.393570e-01 4.544560e-01 2.554377e+00
-1.638450e-01 3.096180e-01 2.779670e+00
-3.127910e-01 1.388960e-01 2.691385e+00
9.630000e-03 7.371200e-02 2.587360e+00
-1.106730e-01 1.092900e-01 2.764294e+00
-3.224880e-01 3.065100e-01 2.485866e+00
-6.864500e-02 3.232150e-01 2.338052e+00
-3.081200e-01 3.761090e-01 2.177905e+00
-2.464100e-01 4.063490e-01 2.090305e+00
-3.045350e-01 3.965300e-01 2.098108e+00
-2.771970e-01 4.291710e-01 2.017307e+00
-2.739690e-01 -4.687160e-01 2.706507e+00
-2.728000e-03 -4.827060e-01 2.588831e+00
3.790900e-02 -7.776230e-01 2.837167e+00
-3.721940e-01 -7.068160e-01 2.740600e+00
-8.384600e-02 -9.368990e-01 2.751228e+00
-2.745090e-01 -8.970290e-01 2.697525e+00
-1.575690e-01 7.018210e-01 2.737267e+00
-4.033790e-01 4.114220e-01 2.749977e+00
2.522000e-03 4.136580e-01 2.627440e+00
-2.384670e-01 4.462280e-01 2.563321e+00
-1.660070e-01 3.210590e-01 2.801059e+00
-3.246500e-01 1.425160e-01 2.688327e+00
5.595000e-03 1.010820e-01 2.597514e+00
-1.245240e-01 1.230230e-01 2.769652e+00
-3.280390e-01 3.146940e-01 2.487802e+00
-6.080900e-02 3.313530e-01 2.357285e+00
-3.074440e-01 3.747050e-01 2.178834e+00
-2.306870e-01 3.985520e-01 2.100162e+00
-3.078300e-01 3.914960e-01 2.098116e+00
-2.643970e-01 4.213260e-01 2.028452e+00
-2.679470e-01 -4.607940e-01 2.688921e+00
1.410500e-02 -4.613500e-01 2.608131e+00
4.815100e-02 -7.666490e-01 2.816586e+00
-3.916680e-01 -6.658560e-01 2.665483e+00
-6.978300e-02 -9.262930e-01 2.726120e+00
-2.958560e-01 -8.609900e-01 2.647559e+00
-1.449330e-01 7.002350e-01 2.742298e+00
-4.096940e-01 4.105680e-01 2.748979e+00
-5.168000e-03 4.162000e-01 2.622084e+00
-2.469000e-01 4.496880e-01 2.561321e+00
-1.716280e-01 3.195740e-01 2.795503e+00
-3.189710e-01 1.406610e-01 2.685571e+00
9.398000e-03 9.015700e-02 2.592577e+00
-1.183460e-01 1.198700e-01 2.765327e+00
-3.268330e-01 2.993960e-01 2.495807e+00
-5.833500e-02 3.280120e-01 2.352423e+00
-3.072710e-01 3.727510e-01 2.190534e+00
-2.296560e-01 4.011820e-01 2.098946e+00
-3.007420e-01 3.979250e-01 2.112297e+00
-2.637870e-01 4.255380e-01 2.027958e+00
-2.727590e-01 -4.646700e-01 2.678145e+00
-4.302500e-02 -4.818170e-01 2.638635e+00
3.815400e-02 -7.753970e-01 2.806777e+00
-4.138560e-01 -7.466430e-01 2.592637e+00
-8.017700e-02 -9.327010e-01 2.712800e+00
-2.863010e-01 -9.231820e-01 2.580702e+00
-1.331960e-01 6.903930e-01 2.737456e+00
-4.020020e-01 4.074200e-01 2.748792e+00
-2.784000e-03 4.110010e-01 2.606005e+00
-2.464680e-01 4.467140e-01 2.555109e+00
-1.629840e-01 3.143360e-01 2.785203e+00
-3.141180e-01 1.398350e-01 2.686894e+00
8.628000e-03 7.564800e-02 2.583260e+00
-1.114180e-01 1.142930e-01 2.759724e+00
-3.286580e-01 3.037550e-01 2.490077e+00
-4.943700e-02 3.254240e-01 2.334787e+00
-3.286690e-01 3.693420e-01 2.182924e+00
-2.277970e-01 4.091430e-01 2.090199e+00
-3.023270e-01 3.958920e-01 2.109449e+00
-2.700150e-01 4.329330e-01 2.023498e+00
-2.833940e-01 -4.671750e-01 2.695571e+00
-1.131200e-02 -4.844840e-01 2.608051e+00
3.593700e-02 -7.600850e-01 2.843881e+00
-3.427210e-01 -7.682520e-01 2.747362e+00
-8.279700e-02 -9.272290e-01 2.769425e+00
-2.230170e-01 -9.392020e-01 2.683914e+00
-1.290620e-01 6.842720e-01 2.736183e+00
-4.060010e-01 4.049650e-01 2.711723e+00
5.310000e-03 4.034340e-01 2.612480e+00
-2.312670e-01 4.232580e-01 2.531776e+00
-1.704360e-01 3.262060e-01 2.785385e+00
-3.236800e-01 1.130700e-01 2.686197e+00
1.061100e-02 9.196400e-02 2.603562e+00
-1.248650e-01 1.045490e-01 2.772475e+00
-3.615480e-01 3.343670e-01 2.436291e+00
-1.435300e-02 3.134430e-01 2.339830e+00
-3.700470e-01 4.031150e-01 2.130406e+00
-1.628880e-01 4.066180e-01 2.079792e+00
-3.686830e-01 4.315240e-01 2.053020e+00
-1.898900e-01 4.386160e-01 2.008767e+00
-2.756710e-01 -4.826000e-01 2.701483e+00
-1.541900e-02 -4.864340e-01 2.605757e+00
4.770600e-02 -7.570290e-01 2.874343e+00
-3.762580e-01 -7.269850e-01 2.753046e+00
-6.598000e-02 -9.316410e-01 2.809809e+00
-2.734280e-01 -9.124650e-01 2.702042e+00
-1.454110e-01 6.828630e-01 2.737727e+00
-3.901030e-01 4.000890e-01 2.708263e+00
2.684400e-02 4.290160e-01 2.636887e+00
-2.060630e-01 4.508270e-01 2.544547e+00
-1.558100e-01 3.209060e-01 2.785446e+00
-3.325590e-01 9.334700e-02 2.680007e+00
8.383000e-03 9.513200e-02 2.627280e+00
-1.419830e-01 9.115100e-02 2.783543e+00
-4.186680e-01 2.919260e-01 2.443693e+00
7.834000e-02 2.882370e-01 2.391853e+00
-5.069580e-01 3.492100e-01 2.148874e+00
-2.174600e-02 3.424520e-01 2.100239e+00
-5.199830e-01 3.735130e-01 2.071175e+00
-4.883600e-02 3.582370e-01 2.023987e+00
-2.831730e-01 -4.944980e-01 2.701240e+00
-1.878500e-02 -4.913210e-01 2.609287e+00
4.916000e-02 -7.423000e-01 2.895953e+00
-3.865000e-01 -7.212380e-01 2.756556e+00
-5.765100e-02 -9.255450e-01 2.845049e+00
-2.887080e-01 -9.096860e-01 2.706527e+00
-1.598210e-01 7.283820e-01 2.686484e+00
-3.600870e-01 3.648130e-01 2.783698e+00
3.829600e-02 3.906900e-01 2.640878e+00
-2.026670e-01 4.556870e-01 2.609891e+00
-1.275000e-01 2.507010e-01 2.782424e+00
-3.453410e-01 8.304700e-02 2.717010e+00
-2.290600e-02 6.917100e-02 2.595075e+00
-1.378890e-01 7.012800e-02 2.778982e+00
-4.453300e-01 2.905890e-01 2.519965e+00
9.741000e-03 1.527630e-01 2.483061e+00
-5.732330e-01 2.734650e-01 2.235138e+00
8.525900e-02 2.556400e-01 2.197593e+00
-6.013600e-01 2.822500e-01 2.158137e+00
8.512000e-02 2.861450e-01 2.120998e+00
-2.891100e-01 -5.119740e-01 2.706270e+00
-6.788000e-03 -5.035350e-01 2.615354e+00
5.384700e-02 -7.346700e-01 2.912549e+00
-3.826290e-01 -7.222960e-01 2.759060e+00
-4.111800e-02 -9.251450e-01 2.864803e+00
-2.812950e-01 -9.136570e-01 2.732775e+00
-1.632350e-01 6.990440e-01 2.674356e+00
-3.118850e-01 3.507920e-01 2.746080e+00
9.289500e-02 3.342360e-01 2.620959e+00
-1.403530e-01 4.157140e-01 2.574005e+00
-8.969300e-02 2.187640e-01 2.763955e+00
-3.583940e-01 6.294500e-02 2.709843e+00
-2.553900e-02 5.896400e-02 2.619198e+00
-1.579260e-01 4.335900e-02 2.790295e+00
-4.857830e-01 2.335030e-01 2.549274e+00
1.067250e-01 1.948230e-01 2.369756e+00
-6.417470e-01 1.739500e-01 2.283979e+00
1.925490e-01 1.725230e-01 2.069107e+00
-6.802190e-01 1.618090e-01 2.212076e+00
1.485050e-01 2.238120e-01 2.021916e+00
-2.765230e-01 -5.286390e-01 2.704719e+00
1.750000e-02 -5.066550e-01 2.610648e+00
6.656400e-02 -7.342520e-01 2.927829e+00
-3.507070e-01 -7.350100e-01 2.759113e+00
-1.775800e-02 -9.291260e-01 2.877903e+00
-2.439980e-01 -9.235540e-01 2.733762e+00
-1.513290e-01 6.829260e-01 2.658887e+00
-3.457830e-01 3.550430e-01 2.766934e+00
6.289500e-02 3.653060e-01 2.654451e+00
-1.713680e-01 4.451050e-01 2.609721e+00
-1.200460e-01 2.282640e-01 2.776403e+00
-3.530410e-01 5.490200e-02 2.700668e+00
-1.970600e-02 5.189400e-02 2.611764e+00
-1.530840e-01 3.274400e-02 2.781727e+00
-4.843330e-01 1.349970e-01 2.639861e+00
1.205190e-01 1.356080e-01 2.488070e+00
-6.695410e-01 -1.175300e-02 2.430950e+00
2.359320e-01 1.331100e-02 2.221228e+00
-7.083320e-01 -3.664100e-02 2.362589e+00
2.535500e-01 -2.689200e-02 2.151438e+00
-2.837100e-01 -5.344910e-01 2.703210e+00
-1.046000e-03 -5.214330e-01 2.628367e+00
6.293800e-02 -7.237350e-01 2.935128e+00
-3.842890e-01 -7.389990e-01 2.753081e+00
-2.069200e-02 -9.218300e-01 2.898485e+00
-2.799350e-01 -9.301190e-01 2.740345e+00
-1.597590e-01 6.737900e-01 2.631432e+00
-3.529880e-01 3.514030e-01 2.767113e+00
5.255200e-02 3.655640e-01 2.644180e+00
-1.838240e-01 4.416480e-01 2.604363e+00
-1.253830e-01 2.277620e-01 2.772514e+00
-3.260310e-01 5.521600e-02 2.684946e+00
3.413000e-03 4.797100e-02 2.582774e+00
-1.231340e-01 3.288200e-02 2.758279e+00
-4.545290e-01 8.985500e-02 2.683039e+00
1.241170e-01 1.019210e-01 2.538549e+00
-6.351260e-01 -1.169820e-01 2.520290e+00
2.449990e-01 -1.147110e-01 2.337697e+00
-6.767550e-01 -1.694430e-01 2.472204e+00
2.581760e-01 -1.770040e-01 2.285319e+00
-2.841490e-01 -5.318190e-01 2.701569e+00
-4.480000e-03 -5.292040e-01 2.636948e+00
6.135100e-02 -7.197890e-01 2.936219e+00
-3.705170e-01 -7.660270e-01 2.777292e+00
-2.992400e-02 -9.165340e-01 2.913007e+00
-2.567100e-01 -9.514190e-01 2.761276e+00
-1.516310e-01 6.710830e-01 2.629334e+00
-3.478100e-01 3.477000e-01 2.760782e+00
5.376000e-02 3.540840e-01 2.624852e+00
-1.828850e-01 4.320600e-01 2.590691e+00
-1.215620e-01 2.214830e-01 2.761962e+00
-3.072020e-01 5.966200e-02 2.679641e+00
1.694600e-02 3.623400e-02 2.563864e+00
-1.027350e-01 2.766000e-02 2.744549e+00
-4.285050e-01 6.751900e-02 2.711204e+00
1.309370e-01 7.359900e-02 2.571532e+00
-5.691810e-01 -1.997030e-01 2.598569e+00
2.058370e-01 -2.200460e-01 2.461775e+00
-5.915710e-01 -2.744800e-01 2.572026e+00
2.208120e-01 -2.909040e-01 2.422376e+00
-2.890780e-01 -5.287770e-01 2.700101e+00
-1.665700e-02 -5.357950e-01 2.653646e+00
5.606800e-02 -7.116920e-01 2.939225e+00
-3.915350e-01 -7.736770e-01 2.766082e+00
-3.777400e-02 -9.080450e-01 2.924479e+00
-2.754380e-01 -9.583050e-01 2.762550e+00
-1.484280e-01 6.672360e-01 2.618225e+00
-3.488790e-01 3.372440e-01 2.756593e+00
5.076800e-02 3.629770e-01 2.617322e+00
-1.886140e-01 4.347130e-01 2.589072e+00
-1.187020e-01 2.185340e-01 2.749746e+00
-3.202330e-01 3.885300e-02 2.678273e+00
7.250000e-04 4.079300e-02 2.551754e+00
-1.116460e-01 2.886600e-02 2.736888e+00
-4.056360e-01 4.575000e-02 2.723556e+00
8.292100e-02 6.604500e-02 2.608443e+00
-4.456710e-01 -2.753340e-01 2.686989e+00
9.211300e-02 -2.594500e-01 2.606524e+00
-4.589750e-01 -3.548670e-01 2.704159e+00
1.056130e-01 -3.387710e-01 2.588545e+00
-2.902050e-01 -5.431040e-01 2.703511e+00
-1.078300e-02 -5.391300e-01 2.646863e+00
6.063400e-02 -7.097470e-01 2.946217e+00
-3.829140e-01 -7.697990e-01 2.781301e+00
-2.798600e-02 -9.088720e-01 2.937600e+00
-2.692540e-01 -9.559110e-01 2.776587e+00
-1.581530e-01 6.646830e-01 2.596903e+00
-3.419460e-01 3.379630e-01 2.783056e+00
4.414800e-02 3.720080e-01 2.611161e+00
-1.963900e-01 4.453660e-01 2.608340e+00
-1.139010e-01 2.198440e-01 2.748953e+00
-3.250090e-01 3.794200e-02 2.683697e+00
-9.855000e-03 5.179100e-02 2.544015e+00
-1.139950e-01 3.910300e-02 2.733851e+00
-3.789140e-01 5.255300e-02 2.708735e+00
7.513100e-02 7.745500e-02 2.636213e+00
-3.900460e-01 -2.711580e-01 2.712506e+00
6.160400e-02 -2.461870e-01 2.636871e+00
-3.669700e-01 -3.498020e-01 2.721448e+00
2.706700e-02 -3.210100e-01 2.639339e+00
-2.899900e-01 -5.418290e-01 2.700960e+00
-5.850000e-03 -5.304510e-01 2.645128e+00
5.951300e-02 -7.058400e-01 2.947357e+00
-3.763990e-01 -7.679570e-01 2.771810e+00
-2.673900e-02 -9.058960e-01 2.936538e+00
-2.594950e-01 -9.520800e-01 2.768559e+00
-1.591740e-01 6.584250e-01 2.587425e+00
-3.430780e-01 3.577980e-01 2.782399e+00
4.226300e-02 3.726960e-01 2.606142e+00
-1.958050e-01 4.536790e-01 2.602495e+00
-1.192870e-01 2.311090e-01 2.750969e+00
-3.279210e-01 4.648000e-02 2.688808e+00
-1.763600e-02 6.637000e-02 2.539301e+00
-1.153840e-01 4.799900e-02 2.732049e+00
-3.815090e-01 7.829600e-02 2.705127e+00
6.274400e-02 8.243600e-02 2.636126e+00
-3.910110e-01 -2.403140e-01 2.709908e+00
6.630500e-02 -2.363050e-01 2.631998e+00
-4.036070e-01 -3.216780e-01 2.714223e+00
2.856100e-02 -3.084520e-01 2.644943e+00
-2.882850e-01 -5.323730e-01 2.696590e+00
-7.575000e-03 -5.155930e-01 2.646174e+00
5.571100e-02 -6.992280e-01 2.948760e+00
-3.738490e-01 -7.640880e-01 2.763894e+00
-2.994100e-02 -8.992340e-01 2.933263e+00
-2.516760e-01 -9.447840e-01 2.762590e+00
-1.610690e-01 6.593450e-01 2.579622e+00
