-3.224660e-01 3.417580e-01 2.767747e+00
-1.787095e-01 3.419365e-01 2.753108e+00
-3.495300e-02 3.421150e-01 2.738470e+00
-1.125135e-01 3.599835e-01 2.690204e+00
-1.900740e-01 3.778520e-01 2.641938e+00
-1.796875e-01 2.904040e-01 2.742873e+00
-1.693010e-01 2.029560e-01 2.843809e+00
-2.630635e-01 9.189750e-02 2.798619e+00
-3.568260e-01 -1.916100e-02 2.753429e+00
-1.819095e-01 -2.514350e-02 2.727360e+00
-6.993000e-03 -3.112600e-02 2.701291e+00
-8.624950e-02 -2.368550e-02 2.768336e+00
-1.655060e-01 -1.624500e-02 2.835381e+00
-2.743755e-01 2.829650e-02 2.810595e+00
-3.832450e-01 7.283800e-02 2.785809e+00
-1.755135e-01 7.503900e-02 2.782559e+00
3.221800e-02 7.724000e-02 2.779309e+00
-1.841955e-01 -6.787150e-02 2.783993e+00
-4.006090e-01 -2.129830e-01 2.788677e+00
-1.809660e-01 -2.109490e-01 2.779600e+00
3.867700e-02 -2.089150e-01 2.770523e+00
-1.862870e-01 -2.366890e-01 2.774733e+00
-4.112510e-01 -2.644630e-01 2.778944e+00
-1.866740e-01 -2.630930e-01 2.778879e+00
3.790300e-02 -2.617230e-01 2.778814e+00
-1.248070e-01 -3.875860e-01 2.790674e+00
-2.875170e-01 -5.134490e-01 2.802533e+00
-1.772385e-01 -5.153270e-01 2.791319e+00
-6.696000e-02 -5.172050e-01 2.780104e+00
-1.959895e-01 -7.081585e-01 2.808485e+00
-3.250190e-01 -8.991120e-01 2.836865e+00
-1.945590e-01 -9.008415e-01 2.834973e+00
-6.409900e-02 -9.025710e-01 2.833081e+00
-2.026050e-01 -9.048835e-01 2.780778e+00
-3.411110e-01 -9.071960e-01 2.728476e+00
-2.102420e-01 -9.123480e-01 2.726889e+00
-7.937300e-02 -9.175000e-01 2.725302e+00
-1.291185e-01 -1.597020e-01 2.692692e+00
-1.788640e-01 5.980960e-01 2.660081e+00
-2.527440e-01 4.654295e-01 2.715769e+00
-3.266240e-01 3.327630e-01 2.771457e+00
-1.831670e-01 3.403560e-01 2.755877e+00
-3.971000e-02 3.479490e-01 2.740297e+00
-1.184055e-01 3.618695e-01 2.692571e+00
-1.971010e-01 3.757900e-01 2.644845e+00
-1.815615e-01 2.888555e-01 2.745561e+00
-1.660220e-01 2.019210e-01 2.846278e+00
-2.599760e-01 8.981800e-02 2.793399e+00
-3.539300e-01 -2.228500e-02 2.740520e+00
-1.776015e-01 -2.514700e-02 2.725982e+00
-1.273000e-03 -2.800900e-02 2.711444e+00
-8.487600e-02 -2.204700e-02 2.773145e+00
-1.684790e-01 -1.608500e-02 2.834846e+00
-2.783825e-01 2.360250e-02 2.812974e+00
-3.882860e-01 6.329000e-02 2.791103e+00
-1.774125e-01 7.309850e-02 2.783038e+00
3.346100e-02 8.290700e-02 2.774973e+00
-1.875645e-01 -7.015850e-02 2.782555e+00
-4.085900e-01 -2.232240e-01 2.790137e+00
-1.810590e-01 -2.136160e-01 2.780722e+00
4.647200e-02 -2.040080e-01 2.771307e+00
-1.887180e-01 -2.386255e-01 2.786234e+00
-4.239080e-01 -2.732430e-01 2.801161e+00
-1.927035e-01 -2.647090e-01 2.790512e+00
3.850100e-02 -2.561750e-01 2.779862e+00
-1.251060e-01 -3.848035e-01 2.790873e+00
-2.887130e-01 -5.134320e-01 2.801884e+00
-1.766080e-01 -5.150825e-01 2.791021e+00
-6.450300e-02 -5.167330e-01 2.780158e+00
-1.941030e-01 -7.079770e-01 2.808797e+00
-3.237030e-01 -8.992210e-01 2.837436e+00
-1.944355e-01 -9.007080e-01 2.834968e+00
-6.516800e-02 -9.021950e-01 2.832499e+00
-1.987885e-01 -9.053420e-01 2.780399e+00
-3.324090e-01 -9.084890e-01 2.728299e+00
-2.026320e-01 -9.127095e-01 2.726094e+00
-7.285500e-02 -9.169300e-01 2.723888e+00
-1.283135e-01 -1.601160e-01 2.693700e+00
-1.837720e-01 5.966980e-01 2.663511e+00
-2.562325e-01 4.631245e-01 2.722556e+00
-3.286930e-01 3.295510e-01 2.781600e+00
-1.857880e-01 3.375630e-01 2.761745e+00
-4.288300e-02 3.455750e-01 2.741890e+00
-1.230285e-01 3.617660e-01 2.697402e+00
-2.031740e-01 3.779570e-01 2.652915e+00
-1.846875e-01 2.865730e-01 2.749093e+00
-1.662010e-01 1.951890e-01 2.845270e+00
-2.598310e-01 8.629200e-02 2.798545e+00
-3.534610e-01 -2.260500e-02 2.751820e+00
-1.781435e-01 -2.455250e-02 2.727920e+00
-2.826000e-03 -2.650000e-02 2.704021e+00
-8.305750e-02 -2.143250e-02 2.770121e+00
-1.632890e-01 -1.636500e-02 2.836221e+00
-2.785485e-01 2.155650e-02 2.815311e+00
-3.938080e-01 5.947800e-02 2.794402e+00
-1.776055e-01 7.072400e-02 2.785586e+00
3.859700e-02 8.197000e-02 2.776771e+00
-1.914505e-01 -7.272700e-02 2.784675e+00
-4.214980e-01 -2.274240e-01 2.792579e+00
-1.806005e-01 -2.164380e-01 2.784899e+00
6.029700e-02 -2.054520e-01 2.777219e+00
-1.721965e-01 -2.405400e-01 2.776962e+00
-4.046900e-01 -2.756280e-01 2.776706e+00
-1.823740e-01 -2.652140e-01 2.778427e+00
3.994200e-02 -2.548000e-01 2.780148e+00
-1.246530e-01 -3.842780e-01 2.791267e+00
-2.892480e-01 -5.137560e-01 2.802386e+00
-1.768440e-01 -5.147005e-01 2.791003e+00
-6.444000e-02 -5.156450e-01 2.779619e+00
-1.941245e-01 -7.076060e-01 2.808865e+00
-3.238090e-01 -8.995670e-01 2.838112e+00
-1.939305e-01 -9.002765e-01 2.835479e+00
-6.405200e-02 -9.009860e-01 2.832847e+00
-2.012020e-01 -9.046515e-01 2.781201e+00
-3.383520e-01 -9.083170e-01 2.729556e+00
-2.079890e-01 -9.121180e-01 2.727199e+00
-7.762600e-02 -9.159190e-01 2.724841e+00
-1.315260e-01 -1.616830e-01 2.696011e+00
-1.854260e-01 5.925530e-01 2.667181e+00
-2.554015e-01 4.555230e-01 2.724257e+00
-3.253770e-01 3.184930e-01 2.781333e+00
-1.826565e-01 3.304960e-01 2.762174e+00
-3.993600e-02 3.424990e-01 2.743014e+00
-1.202920e-01 3.566630e-01 2.698217e+00
-2.006480e-01 3.708270e-01 2.653419e+00
-1.801000e-01 2.796055e-01 2.749332e+00
-1.595520e-01 1.883840e-01 2.845246e+00
-2.562640e-01 8.154900e-02 2.798911e+00
-3.529760e-01 -2.528600e-02 2.752576e+00
-1.777145e-01 -2.965850e-02 2.728587e+00
-2.453000e-03 -3.403100e-02 2.704597e+00
-8.257000e-02 -2.768950e-02 2.770726e+00
-1.626870e-01 -2.134800e-02 2.836854e+00
-2.772155e-01 1.347650e-02 2.816361e+00
-3.917440e-01 4.830100e-02 2.795867e+00
-1.756780e-01 6.346950e-02 2.789093e+00
4.038800e-02 7.863800e-02 2.782320e+00
-1.966960e-01 -7.937000e-02 2.789176e+00
-4.337800e-01 -2.373780e-01 2.796032e+00
-1.783010e-01 -2.225015e-01 2.784706e+00
7.717800e-02 -2.076250e-01 2.773379e+00
-1.724655e-01 -2.484785e-01 2.787088e+00
-4.221090e-01 -2.893320e-01 2.800796e+00
-1.701850e-01 -2.745805e-01 2.792378e+00
8.173900e-02 -2.598290e-01 2.783961e+00
-1.034065e-01 -3.889425e-01 2.793527e+00
-2.885520e-01 -5.180560e-01 2.803092e+00
-1.769570e-01 -5.197165e-01 2.793023e+00
-6.536200e-02 -5.213770e-01 2.782955e+00
-1.957845e-01 -7.125205e-01 2.810411e+00
-3.262070e-01 -9.036640e-01 2.837867e+00
-1.948240e-01 -9.055795e-01 2.834026e+00
-6.344100e-02 -9.074950e-01 2.830184e+00
-2.021740e-01 -9.097570e-01 2.779742e+00
-3.409070e-01 -9.120190e-01 2.729300e+00
-2.092845e-01 -9.164055e-01 2.725674e+00
-7.766200e-02 -9.207920e-01 2.722048e+00
-1.312010e-01 -1.658320e-01 2.699445e+00
-1.847400e-01 5.891280e-01 2.676841e+00
-2.550330e-01 4.537925e-01 2.724280e+00
-3.253260e-01 3.184570e-01 2.771720e+00
-1.820765e-01 3.306070e-01 2.757154e+00
-3.882700e-02 3.427570e-01 2.742588e+00
-1.176475e-01 3.553910e-01 2.694711e+00
-1.964680e-01 3.680250e-01 2.646833e+00
-1.788955e-01 2.794135e-01 2.745737e+00
-1.613230e-01 1.908020e-01 2.844642e+00
-2.565380e-01 8.097250e-02 2.793849e+00
-3.517530e-01 -2.885700e-02 2.743055e+00
-1.757290e-01 -3.164450e-02 2.725199e+00
2.950000e-04 -3.443200e-02 2.707344e+00
-8.212850e-02 -2.776600e-02 2.770541e+00
-1.645520e-01 -2.110000e-02 2.833738e+00
-2.804865e-01 1.443850e-02 2.816030e+00
-3.964210e-01 4.997700e-02 2.798322e+00
-1.753580e-01 6.501850e-02 2.791000e+00
4.570500e-02 8.006000e-02 2.783678e+00
-2.072575e-01 -7.600250e-02 2.791810e+00
-4.602200e-01 -2.320650e-01 2.799943e+00
-1.744655e-01 -2.167565e-01 2.796074e+00
1.112890e-01 -2.014480e-01 2.792205e+00
-1.745010e-01 -2.434245e-01 2.794246e+00
-4.602910e-01 -2.854010e-01 2.796287e+00
-1.707515e-01 -2.695965e-01 2.790307e+00
1.187880e-01 -2.537920e-01 2.784328e+00
-8.450950e-02 -3.867970e-01 2.793350e+00
-2.878070e-01 -5.198020e-01 2.802372e+00
-1.752135e-01 -5.212800e-01 2.792046e+00
-6.262000e-02 -5.227580e-01 2.781720e+00
-1.934335e-01 -7.137975e-01 2.812908e+00
-3.242470e-01 -9.048370e-01 2.844097e+00
-1.949290e-01 -9.062655e-01 2.840911e+00
-6.561100e-02 -9.076940e-01 2.837724e+00
-2.003895e-01 -9.116440e-01 2.786510e+00
-3.351680e-01 -9.155940e-01 2.735296e+00
-2.051755e-01 -9.194870e-01 2.732347e+00
-7.518300e-02 -9.233800e-01 2.729397e+00
-1.313110e-01 -1.677965e-01 2.698604e+00
-1.874390e-01 5.877870e-01 2.667811e+00
-2.553735e-01 4.499645e-01 2.717255e+00
-3.233080e-01 3.121420e-01 2.766699e+00
-1.800475e-01 3.279980e-01 2.756435e+00
-3.678700e-02 3.438540e-01 2.746171e+00
-1.143610e-01 3.536065e-01 2.695657e+00
-1.919350e-01 3.633590e-01 2.645142e+00
-1.751275e-01 2.767460e-01 2.745932e+00
-1.583200e-01 1.901330e-01 2.846722e+00
-2.549665e-01 8.006750e-02 2.792842e+00
-3.516130e-01 -2.999800e-02 2.738961e+00
-1.727930e-01 -3.311250e-02 2.726608e+00
6.027000e-03 -3.622700e-02 2.714254e+00
-7.953400e-02 -2.961800e-02 2.774872e+00
-1.650950e-01 -2.300900e-02 2.835490e+00
-2.995720e-01 1.729050e-02 2.817246e+00
-4.340490e-01 5.759000e-02 2.799002e+00
-1.759505e-01 7.537350e-02 2.789237e+00
8.214800e-02 9.315700e-02 2.779471e+00
-2.348085e-01 -5.693850e-02 2.787220e+00
-5.517650e-01 -2.070340e-01 2.794969e+00
-1.677240e-01 -1.850695e-01 2.794772e+00
2.163170e-01 -1.631050e-01 2.794575e+00
-1.764360e-01 -2.092215e-01 2.802210e+00
-5.691890e-01 -2.553380e-01 2.809844e+00
-1.586715e-01 -2.290055e-01 2.799462e+00
2.518460e-01 -2.026730e-01 2.789079e+00
-1.896300e-02 -3.616035e-01 2.795898e+00
-2.897720e-01 -5.205340e-01 2.802717e+00
-1.767195e-01 -5.229205e-01 2.791548e+00
-6.366700e-02 -5.253070e-01 2.780379e+00
-1.935590e-01 -7.159015e-01 2.809013e+00
-3.234510e-01 -9.064960e-01 2.837648e+00
-1.944595e-01 -9.080755e-01 2.838988e+00
-6.546800e-02 -9.096550e-01 2.840328e+00
-1.981185e-01 -9.126995e-01 2.784368e+00
-3.307690e-01 -9.157440e-01 2.728408e+00
-2.011250e-01 -9.211400e-01 2.730166e+00
-7.148100e-02 -9.265360e-01 2.731924e+00
-1.282590e-01 -1.700910e-01 2.700927e+00
-1.850370e-01 5.863540e-01 2.669929e+00
-2.543645e-01 4.508465e-01 2.716134e+00
-3.236920e-01 3.153390e-01 2.762338e+00
-1.799645e-01 3.278795e-01 2.754252e+00
-3.623700e-02 3.404200e-01 2.746167e+00
-1.127445e-01 3.513075e-01 2.694276e+00
-1.892520e-01 3.621950e-01 2.642386e+00
-1.760270e-01 2.764115e-01 2.744412e+00
-1.628020e-01 1.906280e-01 2.846438e+00
-2.561250e-01 7.877500e-02 2.790788e+00
-3.494480e-01 -3.307800e-02 2.735138e+00
-1.692220e-01 -3.672400e-02 2.725582e+00
1.100400e-02 -4.037000e-02 2.716027e+00
-7.611850e-02 -3.356150e-02 2.775305e+00
-1.632410e-01 -2.675300e-02 2.834584e+00
-3.144850e-01 2.472200e-02 2.813232e+00
-4.657290e-01 7.619700e-02 2.791880e+00
-1.733085e-01 9.266000e-02 2.781316e+00
1.191120e-01 1.091230e-01 2.770753e+00
-2.502140e-01 -3.002700e-02 2.787953e+00
-6.195400e-01 -1.691770e-01 2.805154e+00
-1.646840e-01 -1.463890e-01 2.800407e+00
2.901720e-01 -1.236010e-01 2.795659e+00
-1.758630e-01 -1.649130e-01 2.816104e+00
-6.418980e-01 -2.062250e-01 2.836549e+00
-1.587565e-01 -1.831280e-01 2.825596e+00
3.243850e-01 -1.600310e-01 2.814643e+00
1.777950e-02 -3.418490e-01 2.807850e+00
-2.888260e-01 -5.236670e-01 2.801056e+00
-1.770870e-01 -5.267545e-01 2.789689e+00
-6.534800e-02 -5.298420e-01 2.778322e+00
-1.945375e-01 -7.193915e-01 2.810102e+00
-3.237270e-01 -9.089410e-01 2.841882e+00
-1.942330e-01 -9.116675e-01 2.839428e+00
-6.473900e-02 -9.143940e-01 2.836973e+00
-1.971025e-01 -9.171915e-01 2.784844e+00
-3.294660e-01 -9.199890e-01 2.732715e+00
-1.994600e-01 -9.254710e-01 2.730586e+00
-6.945400e-02 -9.309530e-01 2.728456e+00
-1.269825e-01 -1.704635e-01 2.703161e+00
-1.845110e-01 5.900260e-01 2.677866e+00
-2.560695e-01 4.528490e-01 2.722867e+00
-3.276280e-01 3.156720e-01 2.767869e+00
-1.839825e-01 3.259595e-01 2.756018e+00
-4.033700e-02 3.362470e-01 2.744167e+00
-1.180345e-01 3.491610e-01 2.694559e+00
-1.957320e-01 3.620750e-01 2.644952e+00
-1.811845e-01 2.745855e-01 2.745336e+00
-1.666370e-01 1.870960e-01 2.845720e+00
-2.597240e-01 7.595850e-02 2.792788e+00
-3.528110e-01 -3.517900e-02 2.739857e+00
-1.729080e-01 -3.786900e-02 2.725240e+00
6.995000e-03 -4.055900e-02 2.710624e+00
-7.846050e-02 -3.402150e-02 2.772311e+00
-1.639160e-01 -2.748400e-02 2.833997e+00
-3.321425e-01 3.453650e-02 2.812034e+00
-5.003690e-01 9.655700e-02 2.790071e+00
-1.754195e-01 1.138825e-01 2.775077e+00
1.495300e-01 1.312080e-01 2.760083e+00
-2.736770e-01 7.223000e-03 2.778010e+00
-6.968840e-01 -1.167620e-01 2.795936e+00
-1.697990e-01 -9.314300e-02 2.791252e+00
3.572860e-01 -6.952400e-02 2.786568e+00
-1.827300e-01 -1.091700e-01 2.808294e+00
-7.227460e-01 -1.488160e-01 2.830021e+00
-1.626655e-01 -1.266560e-01 2.810787e+00
3.974150e-01 -1.044960e-01 2.791554e+00
5.448900e-02 -3.148605e-01 2.798213e+00
-2.884370e-01 -5.252250e-01 2.804872e+00
-1.767735e-01 -5.275330e-01 2.792598e+00
-6.511000e-02 -5.298410e-01 2.780323e+00
-1.946230e-01 -7.203945e-01 2.810380e+00
-3.241360e-01 -9.109480e-01 2.840438e+00
-1.931420e-01 -9.121495e-01 2.842908e+00
-6.214800e-02 -9.133510e-01 2.845378e+00
-1.973940e-01 -9.167880e-01 2.788332e+00
-3.326400e-01 -9.202250e-01 2.731286e+00
-2.011760e-01 -9.259825e-01 2.734302e+00
-6.971200e-02 -9.317400e-01 2.737318e+00
-1.269495e-01 -1.718290e-01 2.708499e+00
-1.841870e-01 5.880820e-01 2.679680e+00
-2.567710e-01 4.496070e-01 2.722797e+00
-3.293550e-01 3.111320e-01 2.765915e+00
-1.857730e-01 3.221530e-01 2.753956e+00
-4.219100e-02 3.331740e-01 2.741996e+00
-1.199000e-01 3.438950e-01 2.691887e+00
-1.976090e-01 3.546160e-01 2.641778e+00
-1.825600e-01 2.704875e-01 2.744922e+00
-1.675110e-01 1.863590e-01 2.848067e+00
-2.602510e-01 7.448650e-02 2.794480e+00
-3.529910e-01 -3.738600e-02 2.740894e+00
-1.730555e-01 -4.010200e-02 2.726684e+00
6.880000e-03 -4.281800e-02 2.712473e+00
-7.871100e-02 -3.582450e-02 2.773922e+00
-1.643020e-01 -2.883100e-02 2.835371e+00
-3.572760e-01 5.585450e-02 2.796686e+00
-5.502500e-01 1.405400e-01 2.758002e+00
-1.868595e-01 1.501195e-01 2.747455e+00
1.765310e-01 1.596990e-01 2.736908e+00
-3.024945e-01 6.315650e-02 2.746057e+00
-7.815200e-01 -3.338600e-02 2.755206e+00
-1.807835e-01 -1.472200e-02 2.738479e+00
4.199530e-01 3.942000e-03 2.721751e+00
-1.988125e-01 -2.841500e-02 2.752692e+00
-8.175780e-01 -6.077200e-02 2.783632e+00
-1.784395e-01 -4.412300e-02 2.759951e+00
4.606990e-01 -2.747400e-02 2.736271e+00
8.665250e-02 -2.775205e-01 2.771239e+00
-2.873940e-01 -5.275670e-01 2.806207e+00
-1.765415e-01 -5.298295e-01 2.794070e+00
-6.568900e-02 -5.320920e-01 2.781933e+00
-1.958945e-01 -7.226635e-01 2.810524e+00
-3.261000e-01 -9.132350e-01 2.839115e+00
-1.942855e-01 -9.150375e-01 2.839158e+00
-6.247100e-02 -9.168400e-01 2.839202e+00
-1.983570e-01 -9.192900e-01 2.784537e+00
-3.342430e-01 -9.217400e-01 2.729873e+00
-2.021765e-01 -9.273895e-01 2.730334e+00
-7.011000e-02 -9.330390e-01 2.730796e+00
-1.247730e-01 -1.737530e-01 2.705989e+00
-1.794360e-01 5.855330e-01 2.681182e+00
-2.527365e-01 4.464780e-01 2.721086e+00
-3.260370e-01 3.074230e-01 2.760989e+00
-1.818235e-01 3.128780e-01 2.753708e+00
-3.761000e-02 3.183330e-01 2.746427e+00
-1.131255e-01 3.298800e-01 2.693243e+00
-1.886410e-01 3.414270e-01 2.640058e+00
-1.802075e-01 2.608230e-01 2.746711e+00
-1.717740e-01 1.802190e-01 2.853363e+00
-2.627405e-01 6.960250e-02 2.799794e+00
-3.537070e-01 -4.101400e-02 2.746225e+00
-1.750420e-01 -4.476300e-02 2.730176e+00
3.623000e-03 -4.851200e-02 2.714128e+00
-8.070850e-02 -4.045750e-02 2.776383e+00
-1.650400e-01 -3.240300e-02 2.838638e+00
-3.672360e-01 7.262000e-02 2.779778e+00
-5.694320e-01 1.776430e-01 2.720919e+00
-1.840325e-01 1.793040e-01 2.712998e+00
2.013670e-01 1.809650e-01 2.705077e+00
-3.087870e-01 1.085305e-01 2.695935e+00
-8.189410e-01 3.609600e-02 2.686793e+00
-1.827000e-01 4.468300e-02 2.666114e+00
4.535410e-01 5.327000e-02 2.645435e+00
-2.074705e-01 3.659350e-02 2.672074e+00
-8.684820e-01 1.991700e-02 2.698713e+00
-1.889195e-01 1.831600e-02 2.678101e+00
4.906430e-01 1.671500e-02 2.657488e+00
9.982050e-02 -2.577010e-01 2.732271e+00
-2.910020e-01 -5.321170e-01 2.807054e+00
-1.774750e-01 -5.343275e-01 2.796596e+00
-6.394800e-02 -5.365380e-01 2.786137e+00
-1.956060e-01 -7.272715e-01 2.813153e+00
-3.272640e-01 -9.180050e-01 2.840168e+00
-1.961785e-01 -9.192495e-01 2.844367e+00
-6.509300e-02 -9.204940e-01 2.848565e+00
-2.009640e-01 -9.234820e-01 2.789802e+00
-3.368350e-01 -9.264700e-01 2.731039e+00
-2.050685e-01 -9.322620e-01 2.735727e+00
-7.330200e-02 -9.380540e-01 2.740414e+00
-1.260400e-01 -1.809880e-01 2.710457e+00
-1.787780e-01 5.760780e-01 2.680500e+00
-2.523705e-01 4.425675e-01 2.722386e+00
-3.259630e-01 3.090570e-01 2.764272e+00
-1.817635e-01 3.099040e-01 2.754989e+00
-3.756400e-02 3.107510e-01 2.745707e+00
-1.134205e-01 3.228555e-01 2.693135e+00
-1.892770e-01 3.349600e-01 2.640562e+00
-1.817985e-01 2.576255e-01 2.749678e+00
-1.743200e-01 1.802910e-01 2.858795e+00
-2.667190e-01 6.518400e-02 2.802485e+00
-3.591180e-01 -4.992300e-02 2.746175e+00
-1.801970e-01 -4.935100e-02 2.732767e+00
-1.276000e-03 -4.877900e-02 2.719359e+00
-8.669450e-02 -4.221600e-02 2.780293e+00
-1.721130e-01 -3.565300e-02 2.841228e+00
-3.689265e-01 8.560700e-02 2.754047e+00
-5.657400e-01 2.068670e-01 2.666865e+00
-1.837870e-01 2.075275e-01 2.653050e+00
1.981660e-01 2.081880e-01 2.639236e+00
-3.077090e-01 1.572810e-01 2.599096e+00
-8.135840e-01 1.063740e-01 2.558956e+00
-1.834930e-01 1.032355e-01 2.549679e+00
4.465980e-01 1.000970e-01 2.540403e+00
-2.063185e-01 9.139650e-02 2.556985e+00
-8.592350e-01 8.269600e-02 2.573568e+00
-1.825335e-01 7.936500e-02 2.558997e+00
4.941680e-01 7.603400e-02 2.544425e+00
1.025915e-01 -2.313465e-01 2.677172e+00
-2.889850e-01 -5.387270e-01 2.809919e+00
-1.775085e-01 -5.390390e-01 2.799397e+00
-6.603200e-02 -5.393510e-01 2.788874e+00
-1.961980e-01 -7.321425e-01 2.813250e+00
-3.263640e-01 -9.249340e-01 2.837625e+00
-1.949010e-01 -9.247685e-01 2.840153e+00
-6.343800e-02 -9.246030e-01 2.842680e+00
-1.986205e-01 -9.283325e-01 2.785457e+00
-3.338030e-01 -9.320620e-01 2.728234e+00
-2.019850e-01 -9.359395e-01 2.731153e+00
-7.016700e-02 -9.398170e-01 2.734072e+00
-1.247850e-01 -1.827565e-01 2.710535e+00
-1.794030e-01 5.743040e-01 2.686998e+00
-2.521290e-01 4.392970e-01 2.723902e+00
-3.248550e-01 3.042900e-01 2.760807e+00
-1.804875e-01 3.041290e-01 2.754620e+00
-3.612000e-02 3.039680e-01 2.748433e+00
-1.107805e-01 3.125290e-01 2.693506e+00
-1.854410e-01 3.210900e-01 2.638578e+00
-1.806150e-01 2.516065e-01 2.752997e+00
-1.757890e-01 1.821230e-01 2.867416e+00
-2.677090e-01 6.526450e-02 2.807022e+00
-3.596290e-01 -5.159400e-02 2.746627e+00
-1.805650e-01 -5.201600e-02 2.735285e+00
-1.501000e-03 -5.243800e-02 2.723943e+00
-8.758650e-02 -4.423100e-02 2.783728e+00
-1.736720e-01 -3.602400e-02 2.843513e+00
-3.388735e-01 1.096230e-01 2.699127e+00
-5.040750e-01 2.552700e-01 2.554741e+00
-1.851165e-01 2.528155e-01 2.545256e+00
1.338420e-01 2.503610e-01 2.535771e+00
-2.847600e-01 2.259130e-01 2.445145e+00
-7.033620e-01 2.014650e-01 2.354520e+00
-1.886520e-01 1.879855e-01 2.345147e+00
3.260580e-01 1.745060e-01 2.335775e+00
-2.114425e-01 1.764725e-01 2.337237e+00
-7.489430e-01 1.784390e-01 2.338700e+00
-1.873420e-01 1.693260e-01 2.328149e+00
3.742590e-01 1.602130e-01 2.317597e+00
4.369750e-02 -1.902990e-01 2.565885e+00
-2.868640e-01 -5.408110e-01 2.814173e+00
-1.738625e-01 -5.411890e-01 2.802878e+00
-6.086100e-02 -5.415670e-01 2.791583e+00
-1.943670e-01 -7.342200e-01 2.815081e+00
-3.278730e-01 -9.268730e-01 2.838580e+00
-1.963775e-01 -9.266845e-01 2.843074e+00
-6.488200e-02 -9.264960e-01 2.847568e+00
-1.994160e-01 -9.298240e-01 2.788310e+00
-3.339500e-01 -9.331520e-01 2.729053e+00
-2.016215e-01 -9.377020e-01 2.733986e+00
-6.929300e-02 -9.422520e-01 2.738918e+00
-1.241365e-01 -1.853880e-01 2.718886e+00
-1.789800e-01 5.714760e-01 2.698854e+00
-2.507460e-01 4.319180e-01 2.728921e+00
-3.225120e-01 2.923600e-01 2.758987e+00
-3.753600e-02 2.933020e-01 2.746390e+00
-1.850340e-01 3.147920e-01 2.637491e+00
-1.747030e-01 1.660650e-01 2.860079e+00
-3.588140e-01 -6.023300e-02 2.757837e+00
-1.882000e-03 -6.361600e-02 2.720969e+00
-1.690580e-01 -4.549600e-02 2.847196e+00
-4.245650e-01 2.799940e-01 2.505870e+00
5.450800e-02 2.834630e-01 2.489355e+00
-5.514860e-01 2.561890e-01 2.253881e+00
1.746080e-01 2.568150e-01 2.234325e+00
-5.831660e-01 2.508110e-01 2.211154e+00
2.047480e-01 2.486940e-01 2.190923e+00
-2.875540e-01 -5.509940e-01 2.813748e+00
-6.118300e-02 -5.514810e-01 2.797604e+00
-3.285990e-01 -9.371120e-01 2.837187e+00
-6.502500e-02 -9.370500e-01 2.849006e+00
-3.392950e-01 -9.426050e-01 2.727972e+00
-7.435800e-02 -9.514260e-01 2.740476e+00
-1.765970e-01 5.650670e-01 2.712405e+00
-3.151780e-01 2.803760e-01 2.746652e+00
-3.311000e-02 2.795670e-01 2.744666e+00
-1.758380e-01 3.005900e-01 2.630113e+00
-1.746760e-01 1.544690e-01 2.854656e+00
-3.524920e-01 -6.992000e-02 2.740393e+00
4.036000e-03 -7.596400e-02 2.738753e+00
-1.734390e-01 -5.575400e-02 2.847835e+00
-3.418120e-01 2.951850e-01 2.476928e+00
5.436000e-03 2.710080e-01 2.476112e+00
-3.921570e-01 2.904330e-01 2.200177e+00
3.527000e-02 2.520020e-01 2.197012e+00
-4.049380e-01 2.972370e-01 2.148714e+00
4.048900e-02 2.479470e-01 2.143961e+00
-2.887690e-01 -5.597780e-01 2.816125e+00
-6.121500e-02 -5.634230e-01 2.804037e+00
-3.287920e-01 -9.462470e-01 2.835115e+00
-6.350000e-02 -9.484100e-01 2.859718e+00
-3.285400e-01 -9.516650e-01 2.725374e+00
-6.219200e-02 -9.641450e-01 2.750983e+00
-1.781010e-01 5.545890e-01 2.734157e+00
-3.067320e-01 2.564970e-01 2.745661e+00
-2.643700e-02 2.573590e-01 2.729639e+00
-1.731120e-01 2.803100e-01 2.622808e+00
-1.600370e-01 1.288440e-01 2.843396e+00
-3.503850e-01 -9.098300e-02 2.751689e+00
1.964100e-02 -9.663000e-02 2.731717e+00
-1.592700e-01 -7.580600e-02 2.849663e+00
-3.469220e-01 2.757750e-01 2.480254e+00
-6.288500e-02 2.776690e-01 2.463769e+00
-3.892010e-01 2.923990e-01 2.205046e+00
-1.986740e-01 2.719330e-01 2.220188e+00
-3.972120e-01 2.947260e-01 2.152240e+00
-1.917000e-01 2.733220e-01 2.167202e+00
-2.918590e-01 -5.789150e-01 2.822549e+00
-5.765200e-02 -5.849550e-01 2.800843e+00
-3.262470e-01 -9.657090e-01 2.845544e+00
-6.362700e-02 -9.692450e-01 2.860893e+00
-3.317330e-01 -9.717350e-01 2.735971e+00
-6.767700e-02 -9.861360e-01 2.752399e+00
-1.662160e-01 5.340920e-01 2.741936e+00
-3.047590e-01 2.555690e-01 2.778351e+00
-3.179200e-02 2.500340e-01 2.701975e+00
-1.989920e-01 2.810320e-01 2.630446e+00
-1.442490e-01 1.203870e-01 2.837734e+00
-3.552720e-01 -9.125900e-02 2.785933e+00
3.283000e-03 -1.029660e-01 2.692921e+00
-1.483000e-01 -7.851100e-02 2.843848e+00
-3.437650e-01 2.715370e-01 2.513923e+00
-9.323600e-02 2.559970e-01 2.441421e+00
-3.835720e-01 2.903750e-01 2.239914e+00
-1.821340e-01 2.855500e-01 2.180186e+00
-3.916040e-01 2.937890e-01 2.187170e+00
-2.085790e-01 2.854940e-01 2.133723e+00
-2.907400e-01 -5.840260e-01 2.814305e+00
-5.790400e-02 -5.862180e-01 2.801058e+00
-3.331510e-01 -9.698150e-01 2.840551e+00
-6.236800e-02 -9.708820e-01 2.858801e+00
-3.607500e-01 -9.740100e-01 2.734281e+00
-8.865400e-02 -9.864210e-01 2.753254e+00
-1.639800e-01 5.296960e-01 2.745308e+00
-3.045540e-01 2.480380e-01 2.778839e+00
-3.524200e-02 2.353410e-01 2.695921e+00
-2.028190e-01 2.672310e-01 2.627645e+00
-1.453450e-01 1.117710e-01 2.838122e+00
-3.620650e-01 -1.003800e-01 2.781102e+00
-2.408000e-03 -1.079480e-01 2.691999e+00
-1.559100e-01 -8.467400e-02 2.841163e+00
-3.424570e-01 2.692780e-01 2.515863e+00
-5.663300e-02 2.505580e-01 2.430675e+00
-3.820900e-01 2.910350e-01 2.243333e+00
-1.153340e-01 2.717480e-01 2.161562e+00
-3.902730e-01 2.944680e-01 2.190613e+00
-1.275820e-01 2.755230e-01 2.109660e+00
-2.894420e-01 -5.921690e-01 2.814524e+00
-5.804100e-02 -5.913370e-01 2.801689e+00
-3.331270e-01 -9.781820e-01 2.834681e+00
-6.712000e-02 -9.768730e-01 2.852685e+00
-3.591500e-01 -9.808090e-01 2.727964e+00
-9.172300e-02 -9.903460e-01 2.746451e+00
-1.787720e-01 5.174080e-01 2.749615e+00
-3.126230e-01 2.456950e-01 2.760041e+00
-3.264200e-02 2.359530e-01 2.710660e+00
-1.917140e-01 2.627050e-01 2.621618e+00
-1.580090e-01 1.141790e-01 2.842017e+00
-3.555360e-01 -9.995900e-02 2.769770e+00
2.407000e-03 -1.114950e-01 2.706012e+00
-1.570410e-01 -8.814200e-02 2.844316e+00
-3.836520e-01 2.463180e-01 2.504817e+00
-1.306900e-02 2.352160e-01 2.446461e+00
-4.620420e-01 2.255930e-01 2.242484e+00
4.343100e-02 2.224010e-01 2.178064e+00
-4.798160e-01 2.284570e-01 2.192145e+00
5.957100e-02 1.997970e-01 2.132384e+00
-2.902620e-01 -5.923110e-01 2.816671e+00
-6.112600e-02 -5.968710e-01 2.790905e+00
-3.289890e-01 -9.787840e-01 2.838121e+00
-5.968100e-02 -9.808450e-01 2.853218e+00
-3.479580e-01 -9.828850e-01 2.729974e+00
-7.717800e-02 -9.982850e-01 2.746156e+00
-1.718610e-01 5.179070e-01 2.750080e+00
-3.156060e-01 2.761750e-01 2.759139e+00
-3.089800e-02 2.568440e-01 2.726603e+00
-1.836340e-01 2.922800e-01 2.628824e+00
-1.693750e-01 1.363770e-01 2.846223e+00
-3.612190e-01 -8.552600e-02 2.759303e+00
-2.656000e-03 -9.040300e-02 2.714686e+00
-1.683330e-01 -7.182100e-02 2.844563e+00
-4.502170e-01 2.516040e-01 2.536452e+00
7.031800e-02 2.448080e-01 2.485929e+00
-5.784350e-01 2.082270e-01 2.301799e+00
1.621310e-01 2.179460e-01 2.232488e+00
-6.100300e-01 1.989680e-01 2.259678e+00
1.846130e-01 2.131000e-01 2.184226e+00
-2.910950e-01 -5.765450e-01 2.811760e+00
-6.337900e-02 -5.786880e-01 2.784337e+00
-3.273950e-01 -9.631770e-01 2.834547e+00
-6.124300e-02 -9.609550e-01 2.856365e+00
-3.405110e-01 -9.683680e-01 2.725581e+00
-7.161200e-02 -9.812650e-01 2.748883e+00
-1.771700e-01 5.423750e-01 2.726375e+00
-3.260680e-01 2.911480e-01 2.754205e+00
-3.746600e-02 2.914640e-01 2.739047e+00
-1.878000e-01 3.172380e-01 2.632306e+00
-1.762190e-01 1.609000e-01 2.849553e+00
-3.630080e-01 -6.640500e-02 2.740106e+00
-2.491000e-03 -6.573800e-02 2.715432e+00
-1.753920e-01 -4.864700e-02 2.835746e+00
-5.077450e-01 2.293040e-01 2.579342e+00
1.191250e-01 2.540170e-01 2.535369e+00
-6.791440e-01 1.788920e-01 2.378117e+00
2.569600e-01 2.105700e-01 2.308379e+00
-7.161090e-01 1.644400e-01 2.342300e+00
2.823500e-01 2.060230e-01 2.261552e+00
-2.918370e-01 -5.546020e-01 2.807143e+00
-6.917300e-02 -5.561500e-01 2.780471e+00
-3.273550e-01 -9.409470e-01 2.835380e+00
-6.331000e-02 -9.387520e-01 2.850491e+00
-3.341860e-01 -9.483160e-01 2.725965e+00
-6.837700e-02 -9.585860e-01 2.742540e+00
-1.771280e-01 5.604150e-01 2.697011e+00
-3.288570e-01 3.108140e-01 2.751297e+00
-4.045400e-02 3.095050e-01 2.732786e+00
-1.917700e-01 3.410190e-01 2.629015e+00
-1.790300e-01 1.754170e-01 2.839218e+00
-3.607020e-01 -5.117200e-02 2.731840e+00
-2.070000e-03 -5.172900e-02 2.715051e+00
-1.762870e-01 -3.609200e-02 2.831865e+00
-5.539960e-01 1.979640e-01 2.672302e+00
1.671500e-01 2.149910e-01 2.600006e+00
-7.634610e-01 1.036390e-01 2.523776e+00
3.660510e-01 1.311180e-01 2.431968e+00
-8.025800e-01 9.244700e-02 2.489098e+00
3.961110e-01 1.168650e-01 2.390119e+00
-2.917510e-01 -5.396210e-01 2.802992e+00
-7.037600e-02 -5.421400e-01 2.778136e+00
-3.279970e-01 -9.254150e-01 2.837206e+00
-6.580300e-02 -9.261670e-01 2.839973e+00
-3.325620e-01 -9.346870e-01 2.727818e+00
-6.913800e-02 -9.436650e-01 2.731552e+00
-1.862820e-01 5.762290e-01 2.679160e+00
-3.321460e-01 3.148330e-01 2.750248e+00
-4.381000e-02 3.161680e-01 2.730709e+00
-1.957370e-01 3.490910e-01 2.628276e+00
-1.809870e-01 1.784430e-01 2.834270e+00
-3.602570e-01 -4.946500e-02 2.722056e+00
-5.351000e-03 -4.400000e-02 2.715681e+00
-1.810640e-01 -3.290200e-02 2.827599e+00
-5.542380e-01 1.717160e-01 2.710891e+00
1.696410e-01 1.832380e-01 2.640573e+00
-7.783240e-01 3.269300e-02 2.626571e+00
3.860850e-01 4.857000e-02 2.532554e+00
-8.238630e-01 5.908000e-03 2.618396e+00
4.234810e-01 3.326600e-02 2.497548e+00
-2.924870e-01 -5.355770e-01 2.800101e+00
-6.824600e-02 -5.362280e-01 2.774597e+00
-3.252500e-01 -9.214980e-01 2.836330e+00
-6.241600e-02 -9.188720e-01 2.844388e+00
-3.263630e-01 -9.316730e-01 2.726933e+00
-6.198800e-02 -9.385810e-01 2.736296e+00
-1.853260e-01 5.801770e-01 2.671991e+00
-3.302460e-01 3.108460e-01 2.744739e+00
-4.205800e-02 3.174310e-01 2.724117e+00
-1.949400e-01 3.461520e-01 2.621841e+00
-1.762190e-01 1.784370e-01 2.829910e+00
-3.589910e-01 -4.772000e-02 2.718044e+00
-4.055000e-03 -4.499400e-02 2.711580e+00
-1.796450e-01 -3.298800e-02 2.823598e+00
-5.399600e-01 1.416360e-01 2.742097e+00
1.560690e-01 1.414480e-01 2.675190e+00
-7.469030e-01 -4.473800e-02 2.720952e+00
3.579590e-01 -4.446000e-02 2.623357e+00
-7.793280e-01 -8.724200e-02 2.721258e+00
4.055790e-01 -6.845000e-02 2.619490e+00
-2.918660e-01 -5.345910e-01 2.796892e+00
-6.768800e-02 -5.357840e-01 2.776896e+00
-3.251920e-01 -9.200490e-01 2.837291e+00
-6.421500e-02 -9.185990e-01 2.845899e+00
-3.265190e-01 -9.313880e-01 2.728010e+00
-6.412300e-02 -9.380890e-01 2.737767e+00
-1.842930e-01 5.775990e-01 2.661280e+00
-3.297840e-01 3.048070e-01 2.749158e+00
-4.274900e-02 3.155040e-01 2.717266e+00
-1.999220e-01 3.437670e-01 2.621580e+00
-1.708430e-01 1.731530e-01 2.826072e+00
-3.582630e-01 -4.874900e-02 2.719259e+00
-3.633000e-03 -4.988500e-02 2.702979e+00
-1.759170e-01 -3.546800e-02 2.819745e+00
-4.896420e-01 8.881900e-02 2.794597e+00
1.149360e-01 9.325000e-02 2.720154e+00
-6.511500e-01 -1.428790e-01 2.798156e+00
2.605200e-01 -1.487780e-01 2.717105e+00
-6.627110e-01 -1.950610e-01 2.799362e+00
3.038170e-01 -1.780400e-01 2.705826e+00
-2.924890e-01 -5.355380e-01 2.802015e+00
-6.747500e-02 -5.387360e-01 2.777157e+00
-3.274200e-01 -9.212330e-01 2.838621e+00
-6.515200e-02 -9.222170e-01 2.842410e+00
-3.316600e-01 -9.312260e-01 2.729284e+00
-6.855000e-02 -9.406590e-01 2.734147e+00
-1.880990e-01 5.717510e-01 2.654565e+00
-3.316750e-01 2.944790e-01 2.751088e+00
-4.572300e-02 3.181550e-01 2.716566e+00
-2.049000e-01 3.395420e-01 2.622419e+00
-1.662590e-01 1.699300e-01 2.826161e+00
-3.543690e-01 -5.155200e-02 2.731492e+00
-1.807000e-03 -5.755700e-02 2.690344e+00
-1.652490e-01 -4.035400e-02 2.818854e+00
-4.560150e-01 5.670600e-02 2.806989e+00
7.690400e-02 7.385700e-02 2.736617e+00
-5.690920e-01 -2.037430e-01 2.815672e+00
1.805420e-01 -1.896750e-01 2.759112e+00
-5.707730e-01 -2.541100e-01 2.833519e+00
2.077760e-01 -2.304010e-01 2.737715e+00
-2.932370e-01 -5.398670e-01 2.803824e+00
-7.080200e-02 -5.446260e-01 2.778372e+00
-3.272760e-01 -9.258690e-01 2.837956e+00
-6.737400e-02 -9.274850e-01 2.847133e+00
-3.394850e-01 -9.344180e-01 2.729096e+00
-7.915400e-02 -9.468980e-01 2.739630e+00
-1.891970e-01 5.672300e-01 2.653014e+00
-3.306030e-01 2.922190e-01 2.751190e+00
-4.400000e-02 3.144380e-01 2.721422e+00
-2.014930e-01 3.369010e-01 2.624729e+00
-1.671100e-01 1.666070e-01 2.828664e+00
-3.589580e-01 -5.454100e-02 2.731831e+00
-5.760000e-03 -5.892300e-02 2.696327e+00
-1.713120e-01 -4.322100e-02 2.822301e+00
-4.226520e-01 3.854400e-02 2.805868e+00
4.938200e-02 5.747700e-02 2.754053e+00
-4.858090e-01 -2.395060e-01 2.817675e+00
1.026100e-01 -2.211870e-01 2.784925e+00
-4.775920e-01 -2.885140e-01 2.837395e+00
1.150460e-01 -2.717150e-01 2.772658e+00
-2.927130e-01 -5.426490e-01 2.807380e+00
-7.184900e-02 -5.466730e-01 2.779445e+00
-3.306110e-01 -9.288600e-01 2.834331e+00
-6.521400e-02 -9.298590e-01 2.846116e+00
-3.406300e-01 -9.354980e-01 2.725115e+00
-7.515400e-02 -9.487830e-01 2.738340e+00
-1.891440e-01 5.640850e-01 2.654769e+00
-3.323000e-01 3.174050e-01 2.742079e+00
-4.447900e-02 3.330170e-01 2.721192e+00
-1.982130e-01 3.549710e-01 2.618517e+00
-1.740430e-01 1.915760e-01 2.829443e+00
-3.583680e-01 -4.074900e-02 2.718055e+00
-3.473000e-03 -4.318600e-02 2.709553e+00
-1.782180e-01 -2.714100e-02 2.822383e+00
-4.004900e-01 5.497700e-02 2.797249e+00
3.028100e-02 6.738500e-02 2.741508e+00
-4.128720e-01 -2.314020e-01 2.788437e+00
3.473900e-02 -2.175810e-01 2.773423e+00
-4.133690e-01 -2.848300e-01 2.790232e+00
3.420100e-02 -2.709140e-01 2.769766e+00
-2.946260e-01 -5.274750e-01 2.804802e+00
-7.166300e-02 -5.325890e-01 2.776128e+00
-3.282040e-01 -9.135800e-01 2.838221e+00
-6.507000e-02 -9.162720e-01 2.839884e+00
-3.300740e-01 -9.228920e-01 2.728758e+00
-6.636100e-02 -9.343030e-01 2.731506e+00
-1.878200e-01 5.843140e-01 2.644774e+00
-3.301050e-01 3.361200e-01 2.742647e+00
-4.157400e-02 3.458200e-01 2.729357e+00
-1.920930e-01 3.721570e-01 2.623014e+00
-1.768520e-01 2.060070e-01 2.832618e+00
-3.601400e-01 -2.583300e-02 2.715322e+00
-5.221000e-03 -3.346200e-02 2.713724e+00
-1.819210e-01 -1.715700e-02 2.823427e+00
-4.016050e-01 7.749800e-02 2.791344e+00
2.376100e-02 8.141200e-02 2.743094e+00
-4.025430e-01 -2.050060e-01 2.782482e+00
2.901900e-02 -2.011040e-01 2.749806e+00
-4.020680e-01 -2.584100e-01 2.780041e+00
5.216900e-02 -2.461940e-01 2.766806e+00
-2.953020e-01 -5.151440e-01 2.800079e+00
-7.042400e-02 -5.214740e-01 2.773317e+00
-3.220950e-01 -9.014000e-01 2.837624e+00
-6.402900e-02 -9.056930e-01 2.833777e+00
-3.224330e-01 -9.120060e-01 2.728263e+00
-6.305800e-02 -9.227560e-01 2.725240e+00
-1.864590e-01 5.928690e-01 2.632149e+00
