-4.230610e-01 2.229450e-01 2.515543e+00
-3.333652e-01 2.259613e-01 2.508794e+00
-2.436695e-01 2.289775e-01 2.502045e+00
-6.427800e-02 2.350100e-01 2.488548e+00
-1.582315e-01 2.532320e-01 2.448199e+00
-2.521850e-01 2.714540e-01 2.407851e+00
-2.422410e-01 1.868585e-01 2.502207e+00
-2.322970e-01 1.022630e-01 2.596563e+00
-3.422360e-01 -1.125000e-02 2.545691e+00
-4.521750e-01 -1.247630e-01 2.494818e+00
-2.351375e-01 -1.191135e-01 2.488053e+00
-1.810000e-02 -1.134640e-01 2.481289e+00
-1.249380e-01 -1.090835e-01 2.544614e+00
-2.317760e-01 -1.047030e-01 2.607939e+00
-3.650905e-01 -7.187550e-02 2.553272e+00
-4.984050e-01 -3.904800e-02 2.498605e+00
-2.390960e-01 -3.186400e-02 2.496136e+00
2.021300e-02 -2.468000e-02 2.493668e+00
-2.208375e-01 -1.656965e-01 2.444510e+00
-4.618880e-01 -3.067130e-01 2.395353e+00
-2.284765e-01 -2.930365e-01 2.376424e+00
4.935000e-03 -2.793600e-01 2.357494e+00
-2.261725e-01 -3.246455e-01 2.363170e+00
-4.572800e-01 -3.699310e-01 2.368847e+00
-2.333100e-01 -3.567860e-01 2.372975e+00
-9.340000e-03 -3.436410e-01 2.377104e+00
-1.771000e-01 -4.841395e-01 2.452745e+00
-3.448600e-01 -6.246380e-01 2.528387e+00
-2.277950e-01 -6.221235e-01 2.523572e+00
-1.107300e-01 -6.196090e-01 2.518757e+00
-2.360720e-01 -8.151005e-01 2.567108e+00
-3.614140e-01 -1.010592e+00 2.615458e+00
-2.506585e-01 -1.002473e+00 2.629419e+00
-1.399030e-01 -9.943540e-01 2.643380e+00
-2.539010e-01 -1.020730e+00 2.547876e+00
-3.678990e-01 -1.047107e+00 2.452372e+00
-2.508350e-01 -1.047316e+00 2.468649e+00
-1.337710e-01 -1.047526e+00 2.484926e+00
-1.903565e-01 -2.622890e-01 2.435201e+00
-2.469420e-01 5.229480e-01 2.385477e+00
-3.347855e-01 3.732200e-01 2.452658e+00
-4.226290e-01 2.234920e-01 2.519839e+00
-2.434240e-01 2.294615e-01 2.504028e+00
-6.421900e-02 2.354310e-01 2.488216e+00
-1.586785e-01 2.538230e-01 2.449146e+00
-2.531380e-01 2.722150e-01 2.410075e+00
-2.420195e-01 1.873410e-01 2.504049e+00
-2.309010e-01 1.024670e-01 2.598023e+00
-3.437965e-01 -1.088950e-02 2.551336e+00
-4.566920e-01 -1.242460e-01 2.504649e+00
-2.399150e-01 -1.232265e-01 2.490881e+00
-2.313800e-02 -1.222070e-01 2.477112e+00
-1.277575e-01 -1.156575e-01 2.543861e+00
-2.323770e-01 -1.091080e-01 2.610610e+00
-3.663520e-01 -7.282350e-02 2.552068e+00
-5.003270e-01 -3.653900e-02 2.493527e+00
-2.390200e-01 -2.971050e-02 2.496713e+00
2.228700e-02 -2.288200e-02 2.499899e+00
-2.194775e-01 -1.667700e-01 2.455847e+00
-4.612420e-01 -3.106580e-01 2.411796e+00
-2.320510e-01 -2.992045e-01 2.399810e+00
-2.860000e-03 -2.877510e-01 2.387824e+00
-2.395520e-01 -3.300160e-01 2.386600e+00
-4.762440e-01 -3.722810e-01 2.385376e+00
-2.460750e-01 -3.623855e-01 2.377126e+00
-1.590600e-02 -3.524900e-01 2.368875e+00
-1.788730e-01 -4.899915e-01 2.449909e+00
-3.418400e-01 -6.274930e-01 2.530943e+00
-2.251650e-01 -6.261595e-01 2.525335e+00
-1.084900e-01 -6.248260e-01 2.519727e+00
-2.332550e-01 -8.189400e-01 2.569767e+00
-3.580200e-01 -1.013054e+00 2.619806e+00
-2.418740e-01 -1.009030e+00 2.624499e+00
-1.257280e-01 -1.005005e+00 2.629192e+00
-2.472225e-01 -1.027559e+00 2.543128e+00
-3.687170e-01 -1.050114e+00 2.457065e+00
-2.473035e-01 -1.050694e+00 2.462767e+00
-1.258900e-01 -1.051274e+00 2.468470e+00
-1.888145e-01 -2.643140e-01 2.427211e+00
-2.517390e-01 5.226460e-01 2.385951e+00
-3.370520e-01 3.733465e-01 2.453124e+00
-4.223650e-01 2.240470e-01 2.520298e+00
-2.430760e-01 2.290695e-01 2.505127e+00
-6.378700e-02 2.340920e-01 2.489955e+00
-1.580070e-01 2.530585e-01 2.450582e+00
-2.522270e-01 2.720250e-01 2.411209e+00
-2.418995e-01 1.869430e-01 2.505085e+00
-2.315720e-01 1.018610e-01 2.598962e+00
-3.437860e-01 -1.034800e-02 2.551152e+00
-4.560000e-01 -1.225570e-01 2.503343e+00
-2.391845e-01 -1.224380e-01 2.490159e+00
-2.236900e-02 -1.223190e-01 2.476974e+00
-1.271400e-01 -1.152735e-01 2.543434e+00
-2.319110e-01 -1.082280e-01 2.609894e+00
-3.690535e-01 -7.178150e-02 2.561142e+00
-5.061960e-01 -3.533500e-02 2.512391e+00
-2.420440e-01 -2.996800e-02 2.505336e+00
2.210800e-02 -2.460100e-02 2.498281e+00
-2.216345e-01 -1.631150e-01 2.453381e+00
-4.653770e-01 -3.016290e-01 2.408482e+00
-2.324750e-01 -2.925870e-01 2.390426e+00
4.270000e-04 -2.835450e-01 2.372369e+00
-2.359485e-01 -3.253675e-01 2.380756e+00
-4.723240e-01 -3.671900e-01 2.389144e+00
-2.464825e-01 -3.575850e-01 2.386339e+00
-2.064100e-02 -3.479800e-01 2.383534e+00
-1.804225e-01 -4.872310e-01 2.455810e+00
-3.402040e-01 -6.264820e-01 2.528086e+00
-2.241175e-01 -6.254330e-01 2.523766e+00
-1.080310e-01 -6.243840e-01 2.519445e+00
-2.342965e-01 -8.180905e-01 2.568300e+00
-3.605620e-01 -1.011797e+00 2.617155e+00
-2.479215e-01 -1.006353e+00 2.628095e+00
-1.352810e-01 -1.000909e+00 2.639036e+00
-2.528220e-01 -1.024909e+00 2.546702e+00
-3.703630e-01 -1.048909e+00 2.454369e+00
-2.513575e-01 -1.050316e+00 2.467044e+00
-1.323520e-01 -1.051723e+00 2.479719e+00
-1.921060e-01 -2.649655e-01 2.432783e+00
-2.518600e-01 5.217920e-01 2.385846e+00
-3.372655e-01 3.739410e-01 2.458794e+00
-4.226710e-01 2.260900e-01 2.531743e+00
-2.439275e-01 2.311245e-01 2.511118e+00
-6.518400e-02 2.361590e-01 2.490492e+00
-1.605355e-01 2.561020e-01 2.454467e+00
-2.558870e-01 2.760450e-01 2.418443e+00
-2.428515e-01 1.890055e-01 2.510163e+00
-2.298160e-01 1.019660e-01 2.601884e+00
-3.424290e-01 -8.447000e-03 2.561379e+00
-4.550420e-01 -1.188600e-01 2.520873e+00
-2.396300e-01 -1.225690e-01 2.493184e+00
-2.421800e-02 -1.262780e-01 2.465495e+00
-1.241615e-01 -1.187060e-01 2.538963e+00
-2.241050e-01 -1.111340e-01 2.612430e+00
-3.609380e-01 -7.264100e-02 2.557510e+00
-4.977710e-01 -3.414800e-02 2.502591e+00
-2.364855e-01 -2.751850e-02 2.499801e+00
2.480000e-02 -2.088900e-02 2.497010e+00
-2.179695e-01 -1.607720e-01 2.447830e+00
-4.607390e-01 -3.006550e-01 2.398650e+00
-2.361615e-01 -2.854475e-01 2.377649e+00
-1.158400e-02 -2.702400e-01 2.356647e+00
-2.350115e-01 -3.162730e-01 2.362530e+00
-4.584390e-01 -3.623060e-01 2.368413e+00
-2.442700e-01 -3.465740e-01 2.375806e+00
-3.010100e-02 -3.308420e-01 2.383199e+00
-1.844160e-01 -4.781345e-01 2.457509e+00
-3.387310e-01 -6.254270e-01 2.531819e+00
-2.238135e-01 -6.254315e-01 2.527521e+00
-1.088960e-01 -6.254360e-01 2.523222e+00
-2.353915e-01 -8.183425e-01 2.570594e+00
-3.618870e-01 -1.011249e+00 2.617967e+00
-2.449680e-01 -1.008896e+00 2.623524e+00
-1.280490e-01 -1.006543e+00 2.629082e+00
-2.549670e-01 -1.026416e+00 2.542369e+00
-3.818850e-01 -1.046290e+00 2.455656e+00
-2.606390e-01 -1.048481e+00 2.461907e+00
-1.393930e-01 -1.050673e+00 2.468158e+00
-1.949460e-01 -2.639275e-01 2.430903e+00
-2.504990e-01 5.228180e-01 2.393648e+00
-3.191955e-01 3.850385e-01 2.464553e+00
-3.878920e-01 2.472590e-01 2.535458e+00
-2.080185e-01 2.417860e-01 2.531506e+00
-2.814500e-02 2.363130e-01 2.527555e+00
-1.182855e-01 2.648285e-01 2.484556e+00
-2.084260e-01 2.933440e-01 2.441557e+00
-2.093790e-01 1.998395e-01 2.527664e+00
-2.103320e-01 1.063350e-01 2.613770e+00
-3.217510e-01 3.714500e-03 2.560122e+00
-4.331700e-01 -9.890600e-02 2.506473e+00
-2.195940e-01 -1.038965e-01 2.497860e+00
-6.018000e-03 -1.088870e-01 2.489246e+00
-1.103320e-01 -1.046310e-01 2.553874e+00
-2.146460e-01 -1.003750e-01 2.618502e+00
-3.615690e-01 -3.297500e-02 2.525088e+00
-5.084920e-01 3.442500e-02 2.431674e+00
-2.042765e-01 1.285530e-01 2.363401e+00
9.993900e-02 2.226810e-01 2.295128e+00
-2.817335e-01 1.461250e-01 2.247284e+00
-6.634060e-01 6.956900e-02 2.199440e+00
-4.040100e-01 1.965790e-01 2.199386e+00
-1.446140e-01 3.235890e-01 2.199332e+00
-4.280980e-01 1.747740e-01 2.188232e+00
-7.115820e-01 2.595900e-02 2.177133e+00
-4.605190e-01 1.686605e-01 2.178661e+00
-2.094560e-01 3.113620e-01 2.180188e+00
-2.749150e-01 -1.469070e-01 2.354279e+00
-3.403740e-01 -6.051760e-01 2.528370e+00
-2.258145e-01 -6.075605e-01 2.524205e+00
-1.112550e-01 -6.099450e-01 2.520040e+00
-2.324150e-01 -7.986380e-01 2.575680e+00
-3.535750e-01 -9.873310e-01 2.631320e+00
-2.460980e-01 -9.861615e-01 2.637742e+00
-1.386210e-01 -9.849920e-01 2.644164e+00
-2.510260e-01 -1.007718e+00 2.557093e+00
-3.634310e-01 -1.030443e+00 2.470023e+00
-2.505100e-01 -1.034026e+00 2.477716e+00
-1.375890e-01 -1.037608e+00 2.485409e+00
-1.819385e-01 -2.551580e-01 2.454570e+00
-2.262880e-01 5.272920e-01 2.423731e+00
-3.285165e-01 3.852565e-01 2.486435e+00
-4.307450e-01 2.432210e-01 2.549139e+00
-2.573575e-01 2.357515e-01 2.519403e+00
-8.397000e-02 2.282820e-01 2.489667e+00
-1.757815e-01 2.537485e-01 2.457709e+00
-2.675930e-01 2.792150e-01 2.425751e+00
-2.553290e-01 1.934810e-01 2.518797e+00
-2.430650e-01 1.077470e-01 2.611844e+00
-3.433465e-01 -4.434500e-03 2.567874e+00
-4.436280e-01 -1.166160e-01 2.523904e+00
-2.382095e-01 -1.123105e-01 2.489215e+00
-3.279100e-02 -1.080050e-01 2.454525e+00
-1.255615e-01 -1.057040e-01 2.531277e+00
-2.183320e-01 -1.034030e-01 2.608029e+00
-3.912115e-01 6.293350e-02 2.465458e+00
-5.640910e-01 2.292700e-01 2.322886e+00
-2.442340e-01 2.706585e-01 2.310517e+00
7.562300e-02 3.120470e-01 2.298147e+00
-2.418550e-01 3.976115e-01 2.253394e+00
-5.593330e-01 4.831760e-01 2.208640e+00
-3.047010e-01 5.159975e-01 2.215699e+00
-5.006900e-02 5.488190e-01 2.222759e+00
-3.315515e-01 5.359220e-01 2.207816e+00
-6.130340e-01 5.230250e-01 2.192874e+00
-3.430325e-01 5.682990e-01 2.207672e+00
-7.303100e-02 6.135730e-01 2.222470e+00
-2.064640e-01 -2.446000e-03 2.376418e+00
-3.398970e-01 -6.184650e-01 2.530365e+00
-2.258390e-01 -6.148690e-01 2.528209e+00
-1.117810e-01 -6.112730e-01 2.526054e+00
-2.363750e-01 -8.077245e-01 2.571795e+00
-3.609690e-01 -1.004176e+00 2.617535e+00
-2.430685e-01 -9.990005e-01 2.622516e+00
-1.251680e-01 -9.938250e-01 2.627497e+00
-2.565975e-01 -1.016488e+00 2.541867e+00
-3.880270e-01 -1.039151e+00 2.456236e+00
-2.671715e-01 -1.037405e+00 2.461593e+00
-1.463160e-01 -1.035658e+00 2.466950e+00
-1.736910e-01 -2.535450e-01 2.441101e+00
-2.010660e-01 5.285680e-01 2.415252e+00
-3.124155e-01 3.854975e-01 2.476788e+00
-4.237650e-01 2.424270e-01 2.538324e+00
-2.524470e-01 2.375925e-01 2.513839e+00
-8.112900e-02 2.327580e-01 2.489353e+00
-1.730725e-01 2.562995e-01 2.454674e+00
-2.650160e-01 2.798410e-01 2.419995e+00
-2.539000e-01 1.954765e-01 2.514428e+00
-2.427840e-01 1.111120e-01 2.608860e+00
-3.425745e-01 -4.162500e-03 2.561636e+00
-4.423650e-01 -1.194370e-01 2.514412e+00
-2.362040e-01 -1.110645e-01 2.485321e+00
-3.004300e-02 -1.026920e-01 2.456230e+00
-1.249640e-01 -1.008980e-01 2.530320e+00
-2.198850e-01 -9.910400e-02 2.604409e+00
-3.861295e-01 1.103930e-01 2.463503e+00
-5.523740e-01 3.198900e-01 2.322598e+00
-2.372495e-01 3.095650e-01 2.306758e+00
7.787500e-02 2.992400e-01 2.290918e+00
-1.768790e-01 4.283000e-01 2.266526e+00
-4.316330e-01 5.573600e-01 2.242134e+00
-1.946430e-01 5.611350e-01 2.229104e+00
4.234700e-02 5.649100e-01 2.216074e+00
-1.916255e-01 5.940975e-01 2.238295e+00
-4.255980e-01 6.232850e-01 2.260517e+00
-1.693805e-01 6.185880e-01 2.229050e+00
8.683700e-02 6.138910e-01 2.197583e+00
-1.252890e-01 -2.217000e-03 2.365228e+00
-3.374150e-01 -6.183250e-01 2.532872e+00
-2.235825e-01 -6.136720e-01 2.526460e+00
-1.097500e-01 -6.090190e-01 2.520048e+00
-2.356040e-01 -8.068860e-01 2.568027e+00
-3.614580e-01 -1.004753e+00 2.616006e+00
-2.478675e-01 -9.958205e-01 2.625968e+00
-1.342770e-01 -9.868880e-01 2.635931e+00
-2.592060e-01 -1.012571e+00 2.544827e+00
-3.841350e-01 -1.038255e+00 2.453722e+00
-2.659210e-01 -1.036612e+00 2.465013e+00
-1.477070e-01 -1.034969e+00 2.476305e+00
-1.894135e-01 -2.523735e-01 2.442127e+00
-2.311200e-01 5.302220e-01 2.407950e+00
-3.185790e-01 3.848675e-01 2.467615e+00
-4.060380e-01 2.395130e-01 2.527280e+00
-2.355660e-01 2.450455e-01 2.512232e+00
-6.509400e-02 2.505780e-01 2.497185e+00
-1.569235e-01 2.702745e-01 2.458422e+00
-2.487530e-01 2.899710e-01 2.419659e+00
-2.378135e-01 2.028185e-01 2.511546e+00
-2.268740e-01 1.156660e-01 2.603433e+00
-3.298800e-01 1.948500e-03 2.544550e+00
-4.328860e-01 -1.117690e-01 2.485666e+00
-2.291445e-01 -1.036895e-01 2.478664e+00
-2.540300e-02 -9.561000e-02 2.471661e+00
-1.255110e-01 -9.218000e-02 2.535070e+00
-2.256190e-01 -8.875000e-02 2.598479e+00
-3.629450e-01 1.453630e-01 2.460542e+00
-5.002710e-01 3.794760e-01 2.322605e+00
-2.081465e-01 3.460680e-01 2.304675e+00
8.397800e-02 3.126600e-01 2.286745e+00
-1.008860e-01 4.281210e-01 2.266162e+00
-2.857500e-01 5.435820e-01 2.245579e+00
-4.150850e-02 5.349010e-01 2.196929e+00
2.027330e-01 5.262200e-01 2.148280e+00
-1.929900e-02 5.564025e-01 2.211914e+00
-2.413310e-01 5.865850e-01 2.275549e+00
1.099200e-02 5.548885e-01 2.195781e+00
2.633150e-01 5.231920e-01 2.116014e+00
-3.991500e-02 -4.321300e-02 2.320759e+00
-3.431450e-01 -6.096180e-01 2.525505e+00
-2.267905e-01 -6.064420e-01 2.518228e+00
-1.104360e-01 -6.032660e-01 2.510951e+00
-2.340645e-01 -7.988480e-01 2.564392e+00
-3.576930e-01 -9.944300e-01 2.617832e+00
-2.479920e-01 -9.859350e-01 2.627704e+00
-1.382910e-01 -9.774400e-01 2.637576e+00
-2.517595e-01 -1.005291e+00 2.546437e+00
-3.652280e-01 -1.033142e+00 2.455299e+00
-2.499470e-01 -1.032212e+00 2.467285e+00
-1.346660e-01 -1.031282e+00 2.479271e+00
-1.972055e-01 -2.441255e-01 2.448853e+00
-2.597450e-01 5.430310e-01 2.418434e+00
-3.311690e-01 3.924600e-01 2.472704e+00
-4.025930e-01 2.418890e-01 2.526974e+00
-2.322985e-01 2.439815e-01 2.511292e+00
-6.200400e-02 2.460740e-01 2.495610e+00
-1.530855e-01 2.674820e-01 2.457084e+00
-2.441670e-01 2.888900e-01 2.418559e+00
-2.346145e-01 2.018150e-01 2.510674e+00
-2.250620e-01 1.147400e-01 2.602788e+00
-3.301410e-01 2.037000e-03 2.544801e+00
-4.352200e-01 -1.106660e-01 2.486813e+00
-2.300895e-01 -1.020845e-01 2.479631e+00
-2.495900e-02 -9.350300e-02 2.472450e+00
-1.257110e-01 -9.095300e-02 2.536022e+00
-2.264630e-01 -8.840300e-02 2.599594e+00
-3.650670e-01 1.442290e-01 2.460685e+00
-5.036710e-01 3.768610e-01 2.321775e+00
-2.110080e-01 3.471915e-01 2.302865e+00
8.165500e-02 3.175220e-01 2.283955e+00
-1.107510e-01 4.361925e-01 2.260458e+00
-3.031570e-01 5.548630e-01 2.236961e+00
-5.952800e-02 5.508705e-01 2.197243e+00
1.841010e-01 5.468780e-01 2.157525e+00
-4.437950e-02 5.805080e-01 2.205742e+00
-2.728600e-01 6.141380e-01 2.253960e+00
-1.537350e-02 5.813410e-01 2.187356e+00
2.421130e-01 5.485440e-01 2.120752e+00
-5.023450e-02 -2.991450e-02 2.323190e+00
-3.425820e-01 -6.083730e-01 2.525628e+00
-2.265830e-01 -6.049095e-01 2.518768e+00
-1.105840e-01 -6.014460e-01 2.511908e+00
-2.331685e-01 -7.971765e-01 2.565609e+00
-3.557530e-01 -9.929070e-01 2.619311e+00
-2.470140e-01 -9.844215e-01 2.628470e+00
-1.382750e-01 -9.759360e-01 2.637629e+00
-2.507975e-01 -1.004073e+00 2.547275e+00
-3.633200e-01 -1.032210e+00 2.456921e+00
-2.490275e-01 -1.030799e+00 2.468056e+00
-1.347350e-01 -1.029388e+00 2.479190e+00
-1.967875e-01 -2.438885e-01 2.449237e+00
-2.588400e-01 5.416110e-01 2.419284e+00
-3.288015e-01 3.878280e-01 2.461109e+00
-3.987630e-01 2.340450e-01 2.502934e+00
-2.313525e-01 2.399265e-01 2.497407e+00
-6.394200e-02 2.458080e-01 2.491880e+00
-1.508820e-01 2.615555e-01 2.446388e+00
-2.378220e-01 2.773030e-01 2.400895e+00
-2.317605e-01 1.978135e-01 2.499906e+00
-2.256990e-01 1.183240e-01 2.598917e+00
-3.301425e-01 2.423500e-03 2.542243e+00
-4.345860e-01 -1.134770e-01 2.485569e+00
-2.280350e-01 -1.056480e-01 2.481263e+00
-2.148400e-02 -9.781900e-02 2.476957e+00
-1.237725e-01 -9.478200e-02 2.539098e+00
-2.260610e-01 -9.174500e-02 2.601238e+00
-3.706190e-01 1.464920e-01 2.458472e+00
-5.151770e-01 3.847290e-01 2.315706e+00
-2.236430e-01 3.733820e-01 2.303265e+00
6.789100e-02 3.620350e-01 2.290824e+00
-2.338665e-01 4.956120e-01 2.232962e+00
-5.356240e-01 6.291890e-01 2.175100e+00
-2.945620e-01 6.211475e-01 2.209637e+00
-5.350000e-02 6.131060e-01 2.244174e+00
-3.183050e-01 6.457275e-01 2.206146e+00
-5.831100e-01 6.783490e-01 2.168118e+00
-3.176520e-01 6.778675e-01 2.218257e+00
-5.219400e-02 6.773860e-01 2.268397e+00
-1.968665e-01 3.305050e-02 2.398820e+00
-3.415390e-01 -6.112850e-01 2.529243e+00
-2.256735e-01 -6.083015e-01 2.522857e+00
-1.098080e-01 -6.053180e-01 2.516470e+00
-2.319485e-01 -8.011275e-01 2.567385e+00
-3.540890e-01 -9.969370e-01 2.618301e+00
-2.454445e-01 -9.891265e-01 2.628034e+00
-1.368000e-01 -9.813160e-01 2.637767e+00
-2.479915e-01 -1.007855e+00 2.546573e+00
-3.591830e-01 -1.034394e+00 2.455379e+00
-2.455175e-01 -1.033679e+00 2.467074e+00
-1.318520e-01 -1.032964e+00 2.478769e+00
-1.908275e-01 -2.465850e-01 2.442374e+00
-2.498030e-01 5.397940e-01 2.405980e+00
-3.243710e-01 3.901240e-01 2.452144e+00
-3.989390e-01 2.404540e-01 2.498307e+00
-2.318875e-01 2.406950e-01 2.493603e+00
-6.483600e-02 2.409360e-01 2.488899e+00
-1.501300e-01 2.581005e-01 2.442408e+00
-2.354240e-01 2.752650e-01 2.395918e+00
-2.324575e-01 1.987165e-01 2.497357e+00
-2.294910e-01 1.221680e-01 2.598796e+00
-3.316920e-01 3.330000e-03 2.542058e+00
-4.338930e-01 -1.155080e-01 2.485321e+00
-2.273535e-01 -1.072185e-01 2.481333e+00
-2.081400e-02 -9.892900e-02 2.477345e+00
-1.232040e-01 -9.613800e-02 2.539331e+00
-2.255940e-01 -9.334700e-02 2.601316e+00
-3.742390e-01 1.444925e-01 2.456304e+00
-5.228840e-01 3.823320e-01 2.311292e+00
-2.282390e-01 3.754995e-01 2.304015e+00
6.640600e-02 3.686670e-01 2.296737e+00
-2.461535e-01 4.956180e-01 2.233300e+00
-5.587130e-01 6.225690e-01 2.169864e+00
-3.243675e-01 6.100315e-01 2.210018e+00
-9.002200e-02 5.974940e-01 2.250171e+00
-3.537520e-01 6.257350e-01 2.201649e+00
-6.174820e-01 6.539760e-01 2.153126e+00
-3.683615e-01 6.535225e-01 2.215596e+00
-1.192410e-01 6.530690e-01 2.278065e+00
-2.301270e-01 2.002700e-02 2.403666e+00
-3.410130e-01 -6.130150e-01 2.529267e+00
-2.242440e-01 -6.098265e-01 2.522642e+00
-1.074750e-01 -6.066380e-01 2.516017e+00
-2.318125e-01 -8.026175e-01 2.567119e+00
-3.561500e-01 -9.985970e-01 2.618222e+00
-2.477535e-01 -9.896450e-01 2.630132e+00
-1.393570e-01 -9.806930e-01 2.642042e+00
-2.500975e-01 -1.008349e+00 2.548659e+00
-3.608380e-01 -1.036005e+00 2.455276e+00
-2.467765e-01 -1.035281e+00 2.469559e+00
-1.327150e-01 -1.034558e+00 2.483843e+00
-1.911165e-01 -2.456125e-01 2.441396e+00
-2.495180e-01 5.433330e-01 2.398948e+00
-3.302805e-01 3.961120e-01 2.454349e+00
-4.110430e-01 2.488910e-01 2.509750e+00
-2.395295e-01 2.418915e-01 2.496356e+00
-6.801600e-02 2.348920e-01 2.482962e+00
-1.565980e-01 2.562895e-01 2.441089e+00
-2.451800e-01 2.776870e-01 2.399215e+00
-2.405135e-01 1.998840e-01 2.499631e+00
-2.358470e-01 1.220810e-01 2.600047e+00
-3.379485e-01 4.029500e-03 2.550730e+00
-4.400500e-01 -1.140220e-01 2.501413e+00
-2.313685e-01 -1.082390e-01 2.484496e+00
-2.268700e-02 -1.024560e-01 2.467579e+00
-1.223455e-01 -9.911850e-02 2.535930e+00
-2.220040e-01 -9.578100e-02 2.604281e+00
-3.921550e-01 1.125900e-01 2.452814e+00
-5.623060e-01 3.209610e-01 2.301347e+00
-2.404300e-01 3.161895e-01 2.288098e+00
8.144600e-02 3.114180e-01 2.274848e+00
-2.438770e-01 4.316685e-01 2.206278e+00
-5.692000e-01 5.519190e-01 2.137709e+00
-3.492500e-01 5.243005e-01 2.187371e+00
-1.293000e-01 4.966820e-01 2.237032e+00
-3.764450e-01 5.450360e-01 2.184118e+00
-6.235900e-01 5.933900e-01 2.131204e+00
-3.954180e-01 5.733370e-01 2.179740e+00
-1.672460e-01 5.532840e-01 2.228275e+00
-2.535380e-01 -3.025500e-02 2.380154e+00
-3.398300e-01 -6.137940e-01 2.532034e+00
-2.249370e-01 -6.110970e-01 2.524666e+00
-1.100440e-01 -6.084000e-01 2.517298e+00
-2.341425e-01 -8.042365e-01 2.567286e+00
-3.582410e-01 -1.000073e+00 2.617274e+00
-2.476280e-01 -9.921435e-01 2.628221e+00
-1.370150e-01 -9.842140e-01 2.639167e+00
-2.546705e-01 -1.009779e+00 2.546780e+00
-3.723260e-01 -1.035344e+00 2.454393e+00
-2.565000e-01 -1.035449e+00 2.467214e+00
-1.406740e-01 -1.035555e+00 2.480035e+00
-1.775510e-01 -2.462240e-01 2.437657e+00
-2.144280e-01 5.431070e-01 2.395279e+00
-3.182030e-01 3.902155e-01 2.459735e+00
-4.219780e-01 2.373240e-01 2.524192e+00
-2.427675e-01 2.407210e-01 2.507699e+00
-6.355700e-02 2.441180e-01 2.491205e+00
-1.578365e-01 2.659885e-01 2.453517e+00
-2.521160e-01 2.878590e-01 2.415829e+00
-2.421435e-01 1.986245e-01 2.505807e+00
-2.321710e-01 1.093900e-01 2.595786e+00
-3.391830e-01 2.432000e-03 2.540048e+00
-4.461950e-01 -1.045260e-01 2.484309e+00
-2.322300e-01 -1.001240e-01 2.476789e+00
-1.826500e-02 -9.572200e-02 2.469268e+00
-1.232495e-01 -9.236400e-02 2.533136e+00
-2.282340e-01 -8.900600e-02 2.597005e+00
-3.627760e-01 -5.108600e-02 2.546801e+00
-4.973180e-01 -1.316600e-02 2.496598e+00
-2.232480e-01 -1.892500e-03 2.478092e+00
5.082200e-02 9.381000e-03 2.459587e+00
-2.086950e-01 2.112000e-03 2.339664e+00
-4.682120e-01 -5.157000e-03 2.219740e+00
-2.736140e-01 -3.436000e-03 2.216598e+00
-7.901600e-02 -1.715000e-03 2.213456e+00
-2.718460e-01 -6.212500e-03 2.182403e+00
-4.646760e-01 -1.071000e-02 2.151350e+00
-2.894340e-01 -2.433900e-02 2.159118e+00
-1.141920e-01 -3.796800e-02 2.166886e+00
-2.282810e-01 -3.214360e-01 2.344305e+00
-3.423700e-01 -6.049040e-01 2.521724e+00
-2.267480e-01 -6.030440e-01 2.515987e+00
-1.111260e-01 -6.011840e-01 2.510249e+00
-2.354400e-01 -7.950865e-01 2.563401e+00
-3.597540e-01 -9.889890e-01 2.616553e+00
-2.489835e-01 -9.817965e-01 2.627897e+00
-1.382130e-01 -9.746040e-01 2.639241e+00
-2.524615e-01 -1.001675e+00 2.546744e+00
-3.667100e-01 -1.028747e+00 2.454247e+00
-2.503505e-01 -1.029107e+00 2.467774e+00
-1.339910e-01 -1.029468e+00 2.481302e+00
-1.901495e-01 -2.516685e-01 2.432371e+00
-2.463080e-01 5.261310e-01 2.383440e+00
-3.365375e-01 3.794160e-01 2.454111e+00
-4.267670e-01 2.327010e-01 2.524781e+00
-2.478550e-01 2.370595e-01 2.505508e+00
-6.894300e-02 2.414180e-01 2.486234e+00
-1.638570e-01 2.644515e-01 2.450906e+00
-2.587710e-01 2.874850e-01 2.415577e+00
-2.472015e-01 1.950610e-01 2.502077e+00
-2.356320e-01 1.026370e-01 2.588578e+00
-3.379465e-01 -2.403500e-03 2.546496e+00
-4.402610e-01 -1.074440e-01 2.504415e+00
-2.274380e-01 -1.055440e-01 2.480762e+00
-1.461500e-02 -1.036440e-01 2.457108e+00
-1.144230e-01 -9.951750e-02 2.528755e+00
-2.142310e-01 -9.539100e-02 2.600402e+00
-3.514210e-01 -5.821500e-02 2.547557e+00
-4.886110e-01 -2.103900e-02 2.494712e+00
-2.284930e-01 -1.124800e-02 2.492084e+00
3.162500e-02 -1.457000e-03 2.489456e+00
-2.096325e-01 -7.586000e-02 2.370264e+00
-4.508900e-01 -1.502630e-01 2.251071e+00
-2.526955e-01 -1.421095e-01 2.255689e+00
-5.450100e-02 -1.339560e-01 2.260308e+00
-2.544380e-01 -1.753560e-01 2.247219e+00
-4.543750e-01 -2.167560e-01 2.234130e+00
-2.623915e-01 -2.059420e-01 2.233753e+00
-7.040800e-02 -1.951280e-01 2.233376e+00
-2.080500e-01 -4.022925e-01 2.378518e+00
-3.456920e-01 -6.094570e-01 2.523660e+00
-2.304720e-01 -6.086660e-01 2.517015e+00
-1.152520e-01 -6.078750e-01 2.510369e+00
-2.356625e-01 -8.014515e-01 2.561856e+00
-3.560730e-01 -9.950280e-01 2.613343e+00
-2.448925e-01 -9.885930e-01 2.625863e+00
-1.337120e-01 -9.821580e-01 2.638383e+00
-2.553280e-01 -1.007124e+00 2.544987e+00
-3.769440e-01 -1.032089e+00 2.451592e+00
-2.606980e-01 -1.033893e+00 2.465945e+00
-1.444520e-01 -1.035697e+00 2.480298e+00
-1.961740e-01 -2.569120e-01 2.430617e+00
-2.478960e-01 5.218730e-01 2.380936e+00
-3.368405e-01 3.747645e-01 2.450546e+00
-4.257850e-01 2.276560e-01 2.520156e+00
-2.472415e-01 2.343695e-01 2.498309e+00
-6.869800e-02 2.410830e-01 2.476462e+00
-1.644055e-01 2.628935e-01 2.442524e+00
-2.601130e-01 2.847040e-01 2.408587e+00
-2.460880e-01 1.923850e-01 2.494835e+00
-2.320630e-01 1.000660e-01 2.581084e+00
-3.467875e-01 -1.271600e-02 2.539834e+00
-4.615120e-01 -1.254980e-01 2.498585e+00
-2.482580e-01 -1.190610e-01 2.480195e+00
-3.500400e-02 -1.126240e-01 2.461805e+00
-1.367450e-01 -1.074285e-01 2.530609e+00
-2.384860e-01 -1.022330e-01 2.599412e+00
-3.729365e-01 -6.197400e-02 2.543835e+00
-5.073870e-01 -2.171500e-02 2.488258e+00
-2.457405e-01 -1.459450e-02 2.497553e+00
1.590600e-02 -7.474000e-03 2.506847e+00
-2.135350e-01 -1.432015e-01 2.452789e+00
-4.429760e-01 -2.789290e-01 2.398730e+00
-2.346900e-01 -2.626730e-01 2.383077e+00
-2.640400e-02 -2.464170e-01 2.367423e+00
-2.411320e-01 -2.833925e-01 2.356444e+00
-4.558600e-01 -3.203680e-01 2.345465e+00
-2.317845e-01 -3.160335e-01 2.351219e+00
-7.709000e-03 -3.116990e-01 2.356972e+00
-1.763330e-01 -4.685745e-01 2.440582e+00
-3.449570e-01 -6.254500e-01 2.524191e+00
-2.277080e-01 -6.214445e-01 2.518957e+00
-1.104590e-01 -6.174390e-01 2.513724e+00
-2.336780e-01 -8.136120e-01 2.566287e+00
-3.568970e-01 -1.009785e+00 2.618850e+00
-2.478000e-01 -1.000303e+00 2.630715e+00
-1.387030e-01 -9.908210e-01 2.642580e+00
-2.547740e-01 -1.020027e+00 2.549749e+00
-3.708450e-01 -1.049234e+00 2.456919e+00
-2.543205e-01 -1.047338e+00 2.470712e+00
-1.377960e-01 -1.045443e+00 2.484504e+00
-1.949960e-01 -2.622885e-01 2.431510e+00
-2.521960e-01 5.208660e-01 2.378515e+00
-3.390725e-01 3.724630e-01 2.441975e+00
-4.259490e-01 2.240600e-01 2.505434e+00
-2.468550e-01 2.333855e-01 2.489998e+00
-6.776100e-02 2.427110e-01 2.474562e+00
-1.624775e-01 2.602800e-01 2.435735e+00
-2.571940e-01 2.778490e-01 2.396909e+00
-2.447350e-01 1.913030e-01 2.489174e+00
-2.322760e-01 1.047570e-01 2.581440e+00
-3.408175e-01 -2.299000e-03 2.538713e+00
-4.493590e-01 -1.093550e-01 2.495986e+00
-2.359695e-01 -1.124300e-01 2.478318e+00
-2.258000e-02 -1.155050e-01 2.460649e+00
-1.242240e-01 -1.068720e-01 2.529250e+00
-2.258680e-01 -9.823900e-02 2.597850e+00
-3.581055e-01 -6.912250e-02 2.562434e+00
-4.903430e-01 -4.000600e-02 2.527018e+00
-2.334195e-01 -2.586150e-02 2.518683e+00
2.350400e-02 -1.171700e-02 2.510347e+00
-2.333265e-01 -1.659350e-01 2.483810e+00
-4.901570e-01 -3.201530e-01 2.457273e+00
-2.380880e-01 -3.043765e-01 2.443214e+00
1.398100e-02 -2.886000e-01 2.429156e+00
-2.387090e-01 -3.340340e-01 2.460540e+00
-4.913990e-01 -3.794680e-01 2.491923e+00
-2.435210e-01 -3.678545e-01 2.464160e+00
4.357000e-03 -3.562410e-01 2.436397e+00
-1.702255e-01 -4.854620e-01 2.479109e+00
-3.448080e-01 -6.146830e-01 2.521822e+00
-2.278050e-01 -6.151260e-01 2.518115e+00
-1.108020e-01 -6.155690e-01 2.514407e+00
-2.339750e-01 -8.067255e-01 2.567668e+00
-3.571480e-01 -9.978820e-01 2.620929e+00
-2.484720e-01 -9.936765e-01 2.631252e+00
-1.397960e-01 -9.894710e-01 2.641575e+00
-2.558980e-01 -1.014308e+00 2.550553e+00
-3.720000e-01 -1.039146e+00 2.459531e+00
-2.567715e-01 -1.041173e+00 2.471366e+00
-1.415430e-01 -1.043201e+00 2.483200e+00
-1.997185e-01 -2.592205e-01 2.429845e+00
-2.578940e-01 5.247600e-01 2.376490e+00
-3.426455e-01 3.765040e-01 2.442433e+00
-4.273970e-01 2.282480e-01 2.508376e+00
-2.482030e-01 2.343620e-01 2.492497e+00
-6.900900e-02 2.404760e-01 2.476618e+00
-1.634940e-01 2.593870e-01 2.437858e+00
-2.579790e-01 2.782980e-01 2.399097e+00
-2.468115e-01 1.922445e-01 2.491987e+00
-2.356440e-01 1.061910e-01 2.584877e+00
-3.422865e-01 -5.615000e-04 2.535984e+00
-4.489290e-01 -1.073140e-01 2.487092e+00
-2.349845e-01 -1.113305e-01 2.478817e+00
-2.104000e-02 -1.153470e-01 2.470542e+00
-1.255655e-01 -1.065465e-01 2.534644e+00
-2.300910e-01 -9.774600e-02 2.598746e+00
-3.601940e-01 -6.766200e-02 2.563510e+00
-4.902970e-01 -3.757800e-02 2.528274e+00
-2.337685e-01 -2.679150e-02 2.516687e+00
2.276000e-02 -1.600500e-02 2.505101e+00
-2.347425e-01 -1.652005e-01 2.473478e+00
-4.922450e-01 -3.143960e-01 2.441856e+00
-2.430350e-01 -3.053285e-01 2.437141e+00
6.175000e-03 -2.962610e-01 2.432426e+00
-2.417950e-01 -3.370590e-01 2.450246e+00
-4.897650e-01 -3.778570e-01 2.468066e+00
-2.453815e-01 -3.700885e-01 2.441510e+00
-9.980000e-04 -3.623200e-01 2.414955e+00
-1.726860e-01 -4.876260e-01 2.468554e+00
-3.443740e-01 -6.129320e-01 2.522153e+00
-2.287955e-01 -6.143160e-01 2.516582e+00
-1.132170e-01 -6.157000e-01 2.511011e+00
-2.350960e-01 -8.048210e-01 2.570175e+00
-3.569750e-01 -9.939420e-01 2.629338e+00
-2.462760e-01 -9.918130e-01 2.634306e+00
-1.355770e-01 -9.896840e-01 2.639274e+00
-2.502305e-01 -1.014312e+00 2.553862e+00
-3.648840e-01 -1.038941e+00 2.468450e+00
-2.482405e-01 -1.041540e+00 2.474819e+00
-1.315970e-01 -1.044140e+00 2.481188e+00
-1.953280e-01 -2.603905e-01 2.426011e+00
-2.590590e-01 5.233590e-01 2.370833e+00
-3.424420e-01 3.744285e-01 2.442346e+00
-4.258250e-01 2.254980e-01 2.513858e+00
-2.467055e-01 2.292325e-01 2.496472e+00
-6.758600e-02 2.329670e-01 2.479085e+00
-1.621310e-01 2.532570e-01 2.441178e+00
-2.566760e-01 2.735470e-01 2.403271e+00
-2.458885e-01 1.871015e-01 2.495842e+00
-2.351010e-01 1.006560e-01 2.588412e+00
-3.441030e-01 -5.404500e-03 2.536557e+00
-4.531050e-01 -1.114650e-01 2.484702e+00
-2.390920e-01 -1.140650e-01 2.477733e+00
-2.507900e-02 -1.166650e-01 2.470763e+00
-1.300520e-01 -1.088340e-01 2.534257e+00
-2.350250e-01 -1.010030e-01 2.597750e+00
-3.649250e-01 -7.053700e-02 2.556419e+00
-4.948250e-01 -4.007100e-02 2.515088e+00
-2.366930e-01 -3.284350e-02 2.508247e+00
2.143900e-02 -2.561600e-02 2.501405e+00
-2.287840e-01 -1.645420e-01 2.447463e+00
-4.790070e-01 -3.034680e-01 2.393520e+00
-2.428570e-01 -3.014345e-01 2.400942e+00
-6.707000e-03 -2.994010e-01 2.408364e+00
-2.477255e-01 -3.339195e-01 2.390886e+00
-4.887440e-01 -3.684380e-01 2.373408e+00
-2.558480e-01 -3.670795e-01 2.394698e+00
-2.295200e-02 -3.657210e-01 2.415989e+00
-1.855080e-01 -4.908680e-01 2.469834e+00
-3.480640e-01 -6.160150e-01 2.523678e+00
-2.316545e-01 -6.168340e-01 2.517625e+00
-1.152450e-01 -6.176530e-01 2.511573e+00
-2.351205e-01 -8.065965e-01 2.574035e+00
-3.549960e-01 -9.955400e-01 2.636498e+00
-2.471410e-01 -9.928380e-01 2.640168e+00
-1.392860e-01 -9.901360e-01 2.643838e+00
-2.508515e-01 -1.016581e+00 2.560071e+00
-3.624170e-01 -1.043026e+00 2.476303e+00
-2.479465e-01 -1.044713e+00 2.481373e+00
-1.334760e-01 -1.046401e+00 2.486443e+00
-1.945525e-01 -2.637780e-01 2.430638e+00
-2.556290e-01 5.188450e-01 2.374833e+00
-3.416735e-01 3.714845e-01 2.444240e+00
-4.277180e-01 2.241240e-01 2.513647e+00
-2.484245e-01 2.295180e-01 2.498657e+00
-6.913100e-02 2.349120e-01 2.483666e+00
-1.633395e-01 2.548070e-01 2.444727e+00
-2.575480e-01 2.747020e-01 2.405788e+00
-2.472445e-01 1.874040e-01 2.497610e+00
-2.369410e-01 1.001060e-01 2.589432e+00
-3.457555e-01 -6.466500e-03 2.538328e+00
-4.545700e-01 -1.130390e-01 2.487225e+00
-2.406970e-01 -1.147095e-01 2.476623e+00
-2.682400e-02 -1.163800e-01 2.466021e+00
-1.307350e-01 -1.081910e-01 2.531194e+00
-2.346460e-01 -1.000020e-01 2.596366e+00
-3.673880e-01 -6.999100e-02 2.553010e+00
-5.001300e-01 -3.998000e-02 2.509654e+00
-2.400880e-01 -3.178900e-02 2.504511e+00
1.995400e-02 -2.359800e-02 2.499367e+00
-2.268185e-01 -1.670035e-01 2.453868e+00
-4.735910e-01 -3.104090e-01 2.408369e+00
-2.402210e-01 -3.036630e-01 2.407304e+00
-6.851000e-03 -2.969170e-01 2.406239e+00
-2.468675e-01 -3.334475e-01 2.391530e+00
-4.868840e-01 -3.699780e-01 2.376821e+00
-2.544290e-01 -3.669190e-01 2.393138e+00
-2.197400e-02 -3.638600e-01 2.409455e+00
-1.844485e-01 -4.904580e-01 2.467242e+00
-3.469230e-01 -6.170560e-01 2.525029e+00
-2.319515e-01 -6.173445e-01 2.519082e+00
-1.169800e-01 -6.176330e-01 2.513135e+00
-2.350410e-01 -8.089865e-01 2.568760e+00
-3.531020e-01 -1.000340e+00 2.624385e+00
-2.407935e-01 -9.983895e-01 2.626182e+00
-1.284850e-01 -9.964390e-01 2.627980e+00
-2.455925e-01 -1.019267e+00 2.545348e+00
-3.627000e-01 -1.042094e+00 2.462715e+00
-2.458350e-01 -1.043522e+00 2.465318e+00
-1.289700e-01 -1.044950e+00 2.467920e+00
-1.914265e-01 -2.631805e-01 2.421571e+00
-2.538830e-01 5.185890e-01 2.375222e+00
-3.412270e-01 3.700460e-01 2.445487e+00
-4.285710e-01 2.215030e-01 2.515752e+00
-2.493910e-01 2.300300e-01 2.500854e+00
-7.021100e-02 2.385570e-01 2.485957e+00
-1.647355e-01 2.572040e-01 2.447166e+00
-2.592600e-01 2.758510e-01 2.408375e+00
-2.475055e-01 1.879520e-01 2.499446e+00
-2.357510e-01 1.000530e-01 2.590518e+00
-3.461190e-01 -8.052000e-03 2.537656e+00
-4.564870e-01 -1.161570e-01 2.484795e+00
-2.424275e-01 -1.146355e-01 2.479045e+00
-2.836800e-02 -1.131140e-01 2.473295e+00
-1.338475e-01 -1.058075e-01 2.536006e+00
-2.393270e-01 -9.850100e-02 2.598717e+00
-3.720520e-01 -6.953550e-02 2.553216e+00
-5.047770e-01 -4.057000e-02 2.507715e+00
-2.428470e-01 -2.965850e-02 2.506528e+00
1.908300e-02 -1.874700e-02 2.505340e+00
-2.248495e-01 -1.638250e-01 2.455820e+00
-4.687820e-01 -3.089030e-01 2.406300e+00
-2.387520e-01 -3.008660e-01 2.411976e+00
-8.722000e-03 -2.928290e-01 2.417652e+00
-2.358730e-01 -3.328925e-01 2.399888e+00
-4.630240e-01 -3.729560e-01 2.382124e+00
-2.400745e-01 -3.635845e-01 2.385040e+00
-1.712500e-02 -3.542130e-01 2.387956e+00
-1.827205e-01 -4.861720e-01 2.457568e+00
-3.483160e-01 -6.181310e-01 2.527179e+00
-2.331370e-01 -6.172610e-01 2.521202e+00
-1.179580e-01 -6.163910e-01 2.515224e+00
-2.378130e-01 -8.098985e-01 2.566733e+00
-3.576680e-01 -1.003406e+00 2.618241e+00
-2.410495e-01 -1.000003e+00 2.621993e+00
-1.244310e-01 -9.966000e-01 2.625746e+00
-2.438215e-01 -1.019164e+00 2.540640e+00
-3.632120e-01 -1.041728e+00 2.455535e+00
-2.426200e-01 -1.042523e+00 2.460354e+00
-1.220280e-01 -1.043318e+00 2.465172e+00
-1.883900e-01 -2.617520e-01 2.422798e+00
-2.547520e-01 5.198140e-01 2.380425e+00
