-3.673540e-01 2.961090e-01 2.706943e+00
-4.373500e-02 2.804110e-01 2.706303e+00
-2.117080e-01 1.606920e-01 2.719134e+00
-4.205200e-02 3.016000e-03 2.601797e+00
-4.453680e-01 3.421400e-02 2.675545e+00
-5.116670e-01 -2.026680e-01 2.527564e+00
-5.165020e-01 -2.601140e-01 2.507698e+00
-2.800250e-01 -4.786780e-01 2.701245e+00
-3.202830e-01 -8.625650e-01 2.769615e+00
-3.177860e-01 -8.886120e-01 2.624836e+00
-1.858570e-01 5.097610e-01 2.640734e+00
-4.724400e-02 2.801470e-01 2.700872e+00
-2.132330e-01 1.584580e-01 2.719615e+00
-4.727700e-02 -7.938000e-03 2.603279e+00
-4.256290e-01 2.131400e-02 2.683751e+00
-4.588620e-01 -2.345340e-01 2.555731e+00
-4.651040e-01 -2.942910e-01 2.545327e+00
-2.836470e-01 -4.765780e-01 2.700969e+00
-3.215870e-01 -8.607450e-01 2.769087e+00
-3.172630e-01 -8.868350e-01 2.624358e+00
-1.849550e-01 5.064380e-01 2.633977e+00
-4.495600e-02 2.753570e-01 2.703458e+00
-2.130350e-01 1.557220e-01 2.715665e+00
-3.362600e-02 -2.834000e-03 2.600311e+00
-3.995890e-01 1.581000e-02 2.691428e+00
-4.147900e-01 -2.593290e-01 2.603961e+00
-4.101550e-01 -3.175400e-01 2.586406e+00
-3.008750e-01 -4.764510e-01 2.693604e+00
-3.150230e-01 -8.594930e-01 2.775718e+00
-3.099510e-01 -8.904930e-01 2.631986e+00
-1.871700e-01 5.057020e-01 2.637740e+00
-4.305600e-02 2.751450e-01 2.700646e+00
-2.095340e-01 1.535230e-01 2.714973e+00
-3.114800e-02 6.178000e-03 2.599174e+00
-4.020240e-01 1.240400e-02 2.691062e+00
-4.085970e-01 -2.624080e-01 2.599730e+00
-4.438310e-01 -3.118940e-01 2.594459e+00
-3.029280e-01 -4.706720e-01 2.691651e+00
-3.121270e-01 -8.533070e-01 2.776324e+00
-3.102460e-01 -8.851360e-01 2.632696e+00
-1.859400e-01 5.060700e-01 2.645957e+00
-4.271000e-02 2.732160e-01 2.698814e+00
-2.072250e-01 1.495110e-01 2.717358e+00
-3.974400e-02 -6.410000e-03 2.595874e+00
-4.223600e-01 1.505000e-02 2.655717e+00
-4.550570e-01 -2.479230e-01 2.537625e+00
-4.509830e-01 -3.083410e-01 2.544777e+00
-3.007860e-01 -4.787010e-01 2.692205e+00
-3.118150e-01 -8.604470e-01 2.780596e+00
-3.127230e-01 -8.936090e-01 2.637260e+00
-1.946290e-01 5.057370e-01 2.656547e+00
-4.751200e-02 2.868810e-01 2.696279e+00
-2.088510e-01 1.626550e-01 2.731628e+00
-4.847700e-02 1.540000e-03 2.587367e+00
-4.618270e-01 9.321000e-02 2.567145e+00
-5.521560e-01 -9.425700e-02 2.368495e+00
-5.798080e-01 -1.275840e-01 2.325567e+00
-2.977730e-01 -4.802840e-01 2.695655e+00
-3.172380e-01 -8.643710e-01 2.771567e+00
-3.300310e-01 -8.921650e-01 2.627659e+00
-2.005910e-01 5.158650e-01 2.655221e+00
-4.732400e-02 2.899120e-01 2.708601e+00
-2.085030e-01 1.638740e-01 2.737716e+00
-4.452400e-02 4.485000e-03 2.599080e+00
-4.712100e-01 1.815260e-01 2.522949e+00
-5.769970e-01 7.728900e-02 2.287436e+00
-6.002480e-01 5.429700e-02 2.235969e+00
-2.994360e-01 -4.718250e-01 2.688442e+00
-3.123750e-01 -8.547840e-01 2.771141e+00
-3.189590e-01 -8.855960e-01 2.627429e+00
-2.005390e-01 5.154280e-01 2.663461e+00
-4.293100e-02 2.924410e-01 2.709636e+00
-2.011950e-01 1.619250e-01 2.734731e+00
-4.957700e-02 1.675500e-02 2.580237e+00
-4.582600e-01 2.725660e-01 2.511830e+00
-5.638350e-01 2.485820e-01 2.260091e+00
-5.869880e-01 2.434700e-01 2.203914e+00
-2.985290e-01 -4.695520e-01 2.687130e+00
-3.121710e-01 -8.524880e-01 2.769824e+00
-3.345050e-01 -8.824220e-01 2.627518e+00
-1.991920e-01 5.107530e-01 2.668364e+00
-4.634300e-02 2.974740e-01 2.696952e+00
-2.080030e-01 1.721040e-01 2.726284e+00
-5.095700e-02 1.969800e-02 2.577627e+00
-4.280510e-01 3.975060e-01 2.516950e+00
-4.839680e-01 5.064680e-01 2.273170e+00
-4.935790e-01 5.327240e-01 2.218982e+00
-2.947240e-01 -4.651860e-01 2.689824e+00
-3.125410e-01 -8.488530e-01 2.768224e+00
-3.316200e-01 -8.772090e-01 2.625124e+00
-2.160220e-01 5.199050e-01 2.659501e+00
-6.243400e-02 3.186120e-01 2.676088e+00
-2.199100e-01 1.960150e-01 2.727001e+00
-6.664500e-02 4.698200e-02 2.558119e+00
-4.146390e-01 4.567410e-01 2.541812e+00
-4.418110e-01 6.207760e-01 2.320928e+00
-4.423000e-01 6.611020e-01 2.275194e+00
-2.920230e-01 -4.530630e-01 2.682163e+00
-3.140210e-01 -8.353690e-01 2.765962e+00
-3.473500e-01 -8.642190e-01 2.625596e+00
-2.147670e-01 5.426050e-01 2.654304e+00
-5.663700e-02 3.437200e-01 2.665197e+00
-2.001810e-01 2.079970e-01 2.714845e+00
-6.669700e-02 5.753800e-02 2.545089e+00
-4.031680e-01 4.945620e-01 2.549537e+00
-4.017230e-01 6.987830e-01 2.361806e+00
-3.913070e-01 7.480770e-01 2.327459e+00
-2.875640e-01 -4.405600e-01 2.676838e+00
-3.206710e-01 -8.205370e-01 2.767310e+00
-3.599190e-01 -8.501350e-01 2.628640e+00
-2.170050e-01 5.449880e-01 2.621866e+00
-5.731200e-02 3.634870e-01 2.661725e+00
-1.972130e-01 2.266970e-01 2.705952e+00
-6.173400e-02 6.497700e-02 2.541628e+00
-4.017360e-01 5.427750e-01 2.563520e+00
-3.618180e-01 7.731160e-01 2.419436e+00
-3.251700e-01 8.217170e-01 2.415834e+00
-2.867840e-01 -4.222340e-01 2.669230e+00
-3.252400e-01 -8.017960e-01 2.759328e+00
-3.603410e-01 -8.314190e-01 2.619556e+00
-2.108470e-01 5.512010e-01 2.606094e+00
-5.979800e-02 3.540360e-01 2.659284e+00
-2.024210e-01 2.199110e-01 2.696334e+00
-5.845000e-02 8.646900e-02 2.546052e+00
-4.089380e-01 5.524370e-01 2.574817e+00
-3.993710e-01 7.918710e-01 2.442515e+00
-3.613900e-01 8.371600e-01 2.427537e+00
-2.886900e-01 -4.115910e-01 2.662954e+00
-3.295730e-01 -7.887270e-01 2.761752e+00
-3.502300e-01 -8.235430e-01 2.620306e+00
-2.063810e-01 5.462950e-01 2.618018e+00
-5.890100e-02 3.530030e-01 2.657043e+00
-1.989320e-01 2.153160e-01 2.688486e+00
-5.883800e-02 8.369100e-02 2.538055e+00
-4.317350e-01 5.510580e-01 2.586248e+00
-4.752350e-01 8.008900e-01 2.485367e+00
-4.533980e-01 8.552570e-01 2.468471e+00
-2.973610e-01 -4.117430e-01 2.661543e+00
-3.251450e-01 -7.892140e-01 2.763561e+00
-3.461850e-01 -8.257600e-01 2.622609e+00
-2.041710e-01 5.439750e-01 2.617723e+00
-5.984300e-02 3.451950e-01 2.650310e+00
-2.082240e-01 2.171830e-01 2.682400e+00
-5.711800e-02 8.023200e-02 2.534104e+00
-4.777430e-01 5.499710e-01 2.601932e+00
-5.973550e-01 7.801810e-01 2.540240e+00
-6.221780e-01 8.352070e-01 2.548841e+00
-3.004070e-01 -4.061130e-01 2.660655e+00
-3.222810e-01 -7.835430e-01 2.764252e+00
-3.389090e-01 -8.213390e-01 2.623040e+00
-2.058280e-01 5.490750e-01 2.628053e+00
-6.085500e-02 3.470950e-01 2.641400e+00
-2.045680e-01 2.153600e-01 2.680040e+00
-6.317600e-02 8.000000e-02 2.529739e+00
-4.959480e-01 5.329030e-01 2.604005e+00
-6.616430e-01 7.391720e-01 2.569008e+00
-7.091730e-01 7.762910e-01 2.578013e+00
-2.954110e-01 -4.120520e-01 2.667061e+00
-3.236630e-01 -7.908640e-01 2.763844e+00
-3.429030e-01 -8.256220e-01 2.622184e+00
-2.009750e-01 5.447580e-01 2.633199e+00
-6.635600e-02 3.411830e-01 2.642782e+00
-2.138590e-01 2.143210e-01 2.682063e+00
-6.337400e-02 7.315700e-02 2.528412e+00
-5.059520e-01 5.310970e-01 2.591518e+00
-6.811060e-01 7.321010e-01 2.567452e+00
-7.339760e-01 7.605020e-01 2.578230e+00
-2.988370e-01 -4.156990e-01 2.663813e+00
-3.231800e-01 -7.938590e-01 2.764143e+00
-3.423750e-01 -8.301090e-01 2.622851e+00
-1.903910e-01 5.470750e-01 2.629598e+00
-6.030700e-02 3.317480e-01 2.658800e+00
-2.087890e-01 2.003940e-01 2.687306e+00
-6.619200e-02 7.367000e-02 2.534621e+00
-4.676200e-01 5.255030e-01 2.583345e+00
-5.806960e-01 7.537670e-01 2.495952e+00
-6.164140e-01 8.030220e-01 2.491921e+00
-2.948990e-01 -4.176660e-01 2.657043e+00
-3.252600e-01 -7.932610e-01 2.765073e+00
-3.434830e-01 -8.322530e-01 2.624384e+00
-1.952210e-01 5.309730e-01 2.640359e+00
-6.251200e-02 3.347910e-01 2.658990e+00
-2.077590e-01 2.011120e-01 2.691960e+00
-7.427500e-02 7.959800e-02 2.529158e+00
-4.304800e-01 5.234680e-01 2.571778e+00
-4.735840e-01 7.591310e-01 2.445338e+00
-4.890110e-01 8.135130e-01 2.422474e+00
-2.899620e-01 -4.214120e-01 2.664435e+00
-3.285050e-01 -7.986040e-01 2.763957e+00
-3.528120e-01 -8.332950e-01 2.623062e+00
-1.883530e-01 5.310970e-01 2.638406e+00
-6.467300e-02 3.265930e-01 2.663647e+00
-2.189690e-01 2.047740e-01 2.692762e+00
-6.830700e-02 7.337000e-02 2.541534e+00
-4.058680e-01 5.413430e-01 2.561053e+00
-3.860180e-01 7.634840e-01 2.408225e+00
-3.670450e-01 8.112780e-01 2.375455e+00
-3.017930e-01 -4.183820e-01 2.660183e+00
-3.236700e-01 -7.955610e-01 2.764685e+00
-3.416000e-01 -8.335850e-01 2.623694e+00
-1.847320e-01 5.355690e-01 2.652105e+00
-6.140500e-02 3.396010e-01 2.660069e+00
-2.059340e-01 2.056520e-01 2.688214e+00
-7.230100e-02 7.697600e-02 2.538803e+00
-3.827190e-01 5.370950e-01 2.564954e+00
-3.540960e-01 7.667130e-01 2.424030e+00
-3.276700e-01 8.162180e-01 2.400177e+00
-3.053630e-01 -4.250730e-01 2.668363e+00
-3.332950e-01 -8.064750e-01 2.754482e+00
-3.551740e-01 -8.369930e-01 2.612229e+00
-1.836830e-01 5.388350e-01 2.638672e+00
-6.546600e-02 3.306160e-01 2.659826e+00
-2.242810e-01 2.151170e-01 2.684136e+00
-5.994600e-02 7.257200e-02 2.550481e+00
-4.161390e-01 5.608480e-01 2.554651e+00
-4.294010e-01 8.073550e-01 2.444310e+00
-4.086040e-01 8.625360e-01 2.428800e+00
-2.987530e-01 -4.130120e-01 2.666062e+00
-3.289060e-01 -7.907590e-01 2.766372e+00
-3.411160e-01 -8.274780e-01 2.624427e+00
-1.878900e-01 5.477810e-01 2.628411e+00
-5.313500e-02 3.448060e-01 2.654220e+00
-2.018190e-01 2.143280e-01 2.677418e+00
-6.015200e-02 8.271700e-02 2.545419e+00
-4.495640e-01 5.505280e-01 2.576839e+00
-5.396220e-01 7.887030e-01 2.489805e+00
-5.537270e-01 8.475090e-01 2.481992e+00
-2.994370e-01 -4.074100e-01 2.666895e+00
-3.293100e-01 -7.878300e-01 2.756628e+00
-3.382630e-01 -8.208780e-01 2.613543e+00
-1.955650e-01 5.459790e-01 2.619492e+00
-6.046500e-02 3.530870e-01 2.651126e+00
-2.047230e-01 2.183550e-01 2.680579e+00
-5.999600e-02 7.793100e-02 2.532930e+00
-4.991410e-01 5.271030e-01 2.586298e+00
-6.674860e-01 7.309210e-01 2.558588e+00
-7.180760e-01 7.644540e-01 2.564438e+00
-3.003860e-01 -4.087820e-01 2.659682e+00
-3.256630e-01 -7.853630e-01 2.765567e+00
-3.413240e-01 -8.239850e-01 2.624468e+00
-1.728800e-01 5.466290e-01 2.612106e+00
-6.018900e-02 3.488920e-01 2.646407e+00
-1.964950e-01 2.049000e-01 2.677349e+00
-6.751200e-02 7.384500e-02 2.523907e+00
-5.055430e-01 5.016540e-01 2.599029e+00
-6.896480e-01 6.873050e-01 2.556607e+00
-7.406710e-01 7.198340e-01 2.564132e+00
-3.025310e-01 -4.191050e-01 2.657137e+00
-3.197430e-01 -7.962660e-01 2.762576e+00
-3.419660e-01 -8.344810e-01 2.622250e+00
-1.738570e-01 5.374110e-01 2.623503e+00
-5.213400e-02 3.391960e-01 2.663072e+00
-1.960100e-01 1.991780e-01 2.684640e+00
-5.990600e-02 6.352900e-02 2.542739e+00
-5.032120e-01 4.986520e-01 2.597351e+00
-6.703090e-01 6.971780e-01 2.539616e+00
-7.190670e-01 7.337310e-01 2.541757e+00
-2.989090e-01 -4.251800e-01 2.654858e+00
-3.177230e-01 -8.014070e-01 2.763317e+00
-3.258260e-01 -8.417240e-01 2.622056e+00
-1.729640e-01 5.328520e-01 2.643108e+00
-5.251400e-02 3.412460e-01 2.674200e+00
-2.265650e-01 4.285030e-01 2.593735e+00
-1.981130e-01 2.014720e-01 2.693868e+00
-3.758270e-01 4.974700e-02 2.576454e+00
-6.584100e-02 7.885300e-02 2.542155e+00
-2.139820e-01 6.724700e-02 2.623729e+00
-4.682460e-01 5.099720e-01 2.585618e+00
4.837100e-02 5.079050e-01 2.513154e+00
-5.645350e-01 7.297000e-01 2.475918e+00
9.581000e-02 7.317900e-01 2.381962e+00
-5.935400e-01 7.810670e-01 2.460483e+00
1.038920e-01 7.919390e-01 2.376062e+00
-2.998820e-01 -4.237040e-01 2.648405e+00
-1.105610e-01 -4.103340e-01 2.634188e+00
-3.204440e-01 -7.978280e-01 2.763612e+00
-6.941600e-02 -7.844260e-01 2.743853e+00
-3.351130e-01 -8.401740e-01 2.623478e+00
-8.251800e-02 -8.269750e-01 2.603626e+00
-1.851240e-01 5.304310e-01 2.654990e+00
-3.629850e-01 3.229590e-01 2.717857e+00
-5.811000e-02 3.396640e-01 2.673475e+00
-2.315040e-01 4.307310e-01 2.598683e+00
-2.045820e-01 2.031350e-01 2.697952e+00
-3.761510e-01 5.423700e-02 2.576177e+00
-6.537500e-02 7.547100e-02 2.543285e+00
-2.141100e-01 6.734200e-02 2.624195e+00
-4.360580e-01 5.232860e-01 2.573435e+00
1.917300e-02 5.204670e-01 2.507145e+00
-4.773410e-01 7.512270e-01 2.437123e+00
-3.243000e-03 7.463300e-01 2.363178e+00
-4.877590e-01 8.050220e-01 2.410372e+00
-1.606900e-02 8.049930e-01 2.352590e+00
-3.015410e-01 -4.221920e-01 2.645930e+00
-1.130830e-01 -4.108660e-01 2.639916e+00
-3.165650e-01 -7.949880e-01 2.766186e+00
-6.625400e-02 -7.848400e-01 2.747688e+00
-3.314760e-01 -8.393790e-01 2.626713e+00
-7.876400e-02 -8.268770e-01 2.607252e+00
-1.943800e-01 5.345190e-01 2.649472e+00
-3.594080e-01 3.257130e-01 2.720339e+00
-5.373300e-02 3.363520e-01 2.680440e+00
-2.238980e-01 4.329700e-01 2.605323e+00
-2.035320e-01 2.027340e-01 2.699958e+00
-3.744530e-01 5.844500e-02 2.572003e+00
-6.256000e-02 7.772500e-02 2.550426e+00
-2.141160e-01 6.945900e-02 2.625906e+00
-4.028030e-01 5.295790e-01 2.568779e+00
-1.188300e-02 5.259170e-01 2.510944e+00
-3.964180e-01 7.477360e-01 2.411604e+00
-9.198000e-02 7.425820e-01 2.373183e+00
-3.804330e-01 7.913840e-01 2.372140e+00
-1.199090e-01 7.964940e-01 2.378794e+00
-2.991520e-01 -4.175440e-01 2.651563e+00
-1.124640e-01 -4.087710e-01 2.640612e+00
-3.149800e-01 -7.912170e-01 2.768959e+00
-6.857400e-02 -7.831580e-01 2.748183e+00
-3.243360e-01 -8.348630e-01 2.628769e+00
-7.603300e-02 -8.245420e-01 2.607196e+00
-1.957350e-01 5.326060e-01 2.642454e+00
-3.677080e-01 3.110770e-01 2.751693e+00
-8.207400e-02 3.421840e-01 2.641228e+00
-2.683610e-01 4.270660e-01 2.608411e+00
-2.109120e-01 1.991130e-01 2.692768e+00
-3.805610e-01 4.575100e-02 2.624324e+00
-8.731000e-02 9.540400e-02 2.516483e+00
-2.118480e-01 7.249800e-02 2.631351e+00
-3.692940e-01 5.059010e-01 2.583725e+00
-3.276900e-02 5.568160e-01 2.508284e+00
-3.354720e-01 7.206840e-01 2.426255e+00
-1.732500e-01 7.480330e-01 2.382691e+00
-3.116970e-01 7.674510e-01 2.395180e+00
-2.109570e-01 7.946860e-01 2.371747e+00
-3.003320e-01 -4.232660e-01 2.654266e+00
-1.135490e-01 -3.946840e-01 2.643569e+00
-3.174860e-01 -7.988310e-01 2.765262e+00
-7.020200e-02 -7.719570e-01 2.740777e+00
-3.657520e-01 -8.361900e-01 2.631394e+00
-1.273030e-01 -8.119040e-01 2.611203e+00
-1.796500e-01 5.186790e-01 2.626338e+00
-3.755130e-01 3.194200e-01 2.769877e+00
-1.022900e-01 3.233320e-01 2.632555e+00
-2.803310e-01 4.235450e-01 2.614130e+00
-2.344680e-01 1.931020e-01 2.698817e+00
-3.817670e-01 4.517800e-02 2.635570e+00
-8.849100e-02 8.792700e-02 2.512014e+00
-2.100860e-01 6.762900e-02 2.633607e+00
-3.669960e-01 5.020280e-01 2.589291e+00
-3.399100e-02 5.456080e-01 2.523202e+00
-3.401410e-01 7.195230e-01 2.434720e+00
-1.525140e-01 7.586700e-01 2.411514e+00
-3.227860e-01 7.660740e-01 2.399367e+00
-1.994540e-01 7.956780e-01 2.423558e+00
-3.015960e-01 -4.263870e-01 2.658696e+00
-1.104610e-01 -3.983050e-01 2.650147e+00
-3.180720e-01 -8.028040e-01 2.766876e+00
-6.949400e-02 -7.777830e-01 2.739490e+00
-3.729250e-01 -8.382890e-01 2.635051e+00
-1.280610e-01 -8.146710e-01 2.609664e+00
-1.916580e-01 5.073300e-01 2.613888e+00
-3.612650e-01 3.444420e-01 2.729064e+00
-8.187000e-02 2.870770e-01 2.635596e+00
-2.300390e-01 4.145490e-01 2.582760e+00
-2.406490e-01 1.889890e-01 2.689480e+00
-3.864670e-01 4.069400e-02 2.604608e+00
-6.770300e-02 5.432900e-02 2.540736e+00
-2.143370e-01 4.735600e-02 2.636261e+00
-3.881910e-01 5.443830e-01 2.570319e+00
-1.655700e-02 5.195310e-01 2.548414e+00
-3.883660e-01 7.744740e-01 2.433077e+00
-6.401900e-02 7.519110e-01 2.423819e+00
-3.680670e-01 8.226780e-01 2.401735e+00
-1.003380e-01 8.000600e-01 2.414835e+00
-2.986140e-01 -4.373430e-01 2.670035e+00
-1.070420e-01 -4.259140e-01 2.658180e+00
-3.180350e-01 -8.164790e-01 2.767723e+00
-6.905900e-02 -8.059430e-01 2.746490e+00
-3.453540e-01 -8.512360e-01 2.627397e+00
-9.558600e-02 -8.412090e-01 2.606139e+00
-1.812780e-01 5.192550e-01 2.631629e+00
-3.697160e-01 3.455020e-01 2.731554e+00
-8.594000e-02 3.098480e-01 2.636928e+00
-2.447680e-01 4.255970e-01 2.584918e+00
-2.375610e-01 1.998750e-01 2.691581e+00
-3.930640e-01 4.657800e-02 2.618186e+00
-6.744700e-02 5.889300e-02 2.537392e+00
-2.146720e-01 5.367200e-02 2.640737e+00
-4.409160e-01 5.425030e-01 2.577486e+00
2.722100e-02 5.269650e-01 2.549346e+00
-5.385010e-01 7.778310e-01 2.483979e+00
9.037900e-02 7.644820e-01 2.434271e+00
-5.586630e-01 8.349790e-01 2.477224e+00
8.829400e-02 8.248000e-01 2.425584e+00
-2.948980e-01 -4.333070e-01 2.669960e+00
-1.059900e-01 -4.206170e-01 2.659953e+00
-3.205840e-01 -8.123040e-01 2.766736e+00
-6.812700e-02 -8.023680e-01 2.740553e+00
-3.539230e-01 -8.456320e-01 2.627368e+00
-1.014320e-01 -8.351270e-01 2.601041e+00
-1.633670e-01 5.139640e-01 2.612120e+00
-3.723810e-01 3.599430e-01 2.709158e+00
-7.668700e-02 3.221530e-01 2.647215e+00
-2.314290e-01 4.343420e-01 2.573376e+00
-2.351230e-01 2.137010e-01 2.690350e+00
-3.900760e-01 5.673600e-02 2.599432e+00
-6.089300e-02 6.452300e-02 2.553058e+00
-2.164730e-01 6.208500e-02 2.640454e+00
-4.930960e-01 5.474370e-01 2.577361e+00
6.263800e-02 5.162330e-01 2.547123e+00
-6.488460e-01 7.626120e-01 2.527145e+00
1.906510e-01 7.361280e-01 2.455808e+00
-6.897180e-01 8.071720e-01 2.535010e+00
2.200870e-01 7.894850e-01 2.457958e+00
-2.943860e-01 -4.242750e-01 2.664233e+00
-1.053240e-01 -4.166190e-01 2.653553e+00
-3.244250e-01 -8.018630e-01 2.765175e+00
-6.759200e-02 -7.956040e-01 2.746348e+00
-3.431250e-01 -8.381610e-01 2.623829e+00
-8.572500e-02 -8.320280e-01 2.604961e+00
-1.719670e-01 5.326230e-01 2.607606e+00
-3.703370e-01 3.518690e-01 2.697790e+00
-6.928300e-02 3.373770e-01 2.650311e+00
-2.315610e-01 4.330710e-01 2.565573e+00
-2.221100e-01 2.174770e-01 2.691307e+00
-3.842990e-01 6.378000e-02 2.593559e+00
-5.405000e-02 5.023000e-02 2.557165e+00
-2.120270e-01 5.809500e-02 2.639812e+00
-5.246040e-01 5.283280e-01 2.588300e+00
9.440200e-02 5.080890e-01 2.545484e+00
-7.155600e-01 7.152390e-01 2.549677e+00
2.635580e-01 7.057520e-01 2.473324e+00
-7.710100e-01 7.316420e-01 2.569022e+00
3.092410e-01 7.442070e-01 2.485667e+00
-2.911710e-01 -4.223330e-01 2.669394e+00
-1.070800e-01 -4.241250e-01 2.658321e+00
-3.259770e-01 -8.008700e-01 2.765113e+00
-6.793100e-02 -8.046730e-01 2.743846e+00
-3.415000e-01 -8.353940e-01 2.622941e+00
-8.434800e-02 -8.383370e-01 2.601568e+00
-1.725330e-01 5.409600e-01 2.610137e+00
-3.580030e-01 3.238670e-01 2.696972e+00
-5.273300e-02 3.455170e-01 2.659134e+00
-2.267410e-01 4.241210e-01 2.571862e+00
-1.964400e-01 2.074650e-01 2.692365e+00
-3.786110e-01 5.120800e-02 2.601586e+00
-5.540400e-02 3.659100e-02 2.546343e+00
-2.060500e-01 4.462400e-02 2.637883e+00
-5.349920e-01 4.901960e-01 2.613125e+00
1.295590e-01 4.890580e-01 2.548744e+00
-7.247740e-01 6.735180e-01 2.565339e+00
3.204870e-01 6.688680e-01 2.492867e+00
-7.812020e-01 6.964040e-01 2.562155e+00
3.750370e-01 6.890080e-01 2.511219e+00
-2.950880e-01 -4.352160e-01 2.671082e+00
-1.063450e-01 -4.360400e-01 2.660719e+00
-3.275000e-01 -8.144370e-01 2.764917e+00
-6.360800e-02 -8.175690e-01 2.739920e+00
-3.524060e-01 -8.472560e-01 2.623678e+00
-8.940100e-02 -8.497740e-01 2.598699e+00
-1.714260e-01 5.384450e-01 2.612842e+00
-3.577080e-01 3.301880e-01 2.691242e+00
-4.975800e-02 3.372160e-01 2.668033e+00
-2.156180e-01 4.207570e-01 2.570046e+00
-2.010960e-01 2.066980e-01 2.697901e+00
-3.755590e-01 4.764800e-02 2.589464e+00
-5.273200e-02 3.150100e-02 2.562237e+00
-2.087340e-01 3.879200e-02 2.640474e+00
-5.416190e-01 4.895580e-01 2.611902e+00
1.409010e-01 4.692230e-01 2.559681e+00
-7.252110e-01 6.758260e-01 2.557524e+00
3.229920e-01 6.533290e-01 2.494056e+00
-7.785680e-01 7.048340e-01 2.562967e+00
3.746690e-01 6.824960e-01 2.508085e+00
-2.938880e-01 -4.373260e-01 2.675889e+00
-1.061400e-01 -4.420300e-01 2.661787e+00
-3.252390e-01 -8.179000e-01 2.764461e+00
-6.200300e-02 -8.231760e-01 2.742055e+00
-3.383530e-01 -8.500910e-01 2.621501e+00
-7.557900e-02 -8.548700e-01 2.599027e+00
-1.693800e-01 5.401050e-01 2.607476e+00
-3.580010e-01 3.343660e-01 2.694869e+00
-4.669700e-02 3.346480e-01 2.675847e+00
-2.105040e-01 4.239620e-01 2.577372e+00
-2.027470e-01 2.071400e-01 2.701095e+00
-3.730130e-01 5.424600e-02 2.591548e+00
-5.262700e-02 3.188700e-02 2.563586e+00
-2.073390e-01 4.084300e-02 2.642151e+00
-5.584380e-01 4.770050e-01 2.617084e+00
1.563320e-01 4.486560e-01 2.564705e+00
-7.471870e-01 6.540920e-01 2.542781e+00
3.435030e-01 6.247300e-01 2.484253e+00
-7.780450e-01 7.045840e-01 2.557494e+00
3.927780e-01 6.591840e-01 2.494402e+00
-2.985840e-01 -4.340630e-01 2.668315e+00
-1.065190e-01 -4.399450e-01 2.661252e+00
-3.229400e-01 -8.121800e-01 2.768804e+00
-6.314200e-02 -8.195550e-01 2.748880e+00
-3.371190e-01 -8.489390e-01 2.627053e+00
-7.739700e-02 -8.540350e-01 2.606564e+00
-1.720150e-01 5.403480e-01 2.608732e+00
-3.604270e-01 3.284380e-01 2.697402e+00
-4.251600e-02 3.214380e-01 2.680718e+00
-2.060940e-01 4.155360e-01 2.581827e+00
-2.045070e-01 1.974660e-01 2.703572e+00
-3.683720e-01 4.891300e-02 2.588538e+00
-4.941100e-02 2.223700e-02 2.575997e+00
-2.067450e-01 3.084800e-02 2.646914e+00
-5.916520e-01 4.282820e-01 2.622333e+00
1.919380e-01 3.838050e-01 2.579667e+00
-8.118460e-01 5.716080e-01 2.543591e+00
4.079520e-01 5.195770e-01 2.479010e+00
-8.497480e-01 6.185300e-01 2.552530e+00
4.519310e-01 5.595100e-01 2.492769e+00
-3.017270e-01 -4.395350e-01 2.671325e+00
-1.077520e-01 -4.487070e-01 2.666146e+00
-3.195810e-01 -8.179050e-01 2.772225e+00
-6.075600e-02 -8.281980e-01 2.752411e+00
-3.276980e-01 -8.553990e-01 2.630190e+00
-6.873900e-02 -8.617020e-01 2.609375e+00
-1.774410e-01 5.344500e-01 2.607934e+00
-3.709160e-01 3.257760e-01 2.698359e+00
-4.757700e-02 3.126350e-01 2.682400e+00
-2.108210e-01 4.102970e-01 2.583481e+00
-2.137420e-01 1.917120e-01 2.704274e+00
-3.670010e-01 3.495800e-02 2.594015e+00
-5.188700e-02 2.584500e-02 2.578380e+00
-2.064120e-01 2.454700e-02 2.650716e+00
-6.188390e-01 3.667500e-01 2.614755e+00
2.034770e-01 3.165850e-01 2.598193e+00
-8.667710e-01 4.640240e-01 2.540894e+00
4.484270e-01 3.922160e-01 2.494911e+00
-9.194810e-01 4.901370e-01 2.556952e+00
4.926370e-01 4.280890e-01 2.516742e+00
-3.019510e-01 -4.470520e-01 2.680598e+00
-1.073680e-01 -4.505500e-01 2.670215e+00
-3.184010e-01 -8.276950e-01 2.772815e+00
-6.253800e-02 -8.301320e-01 2.757231e+00
-3.266370e-01 -8.619460e-01 2.629970e+00
-7.043900e-02 -8.638450e-01 2.614239e+00
-1.840990e-01 5.281410e-01 2.600592e+00
-3.699670e-01 3.165270e-01 2.698715e+00
-4.655600e-02 3.027640e-01 2.684873e+00
-2.088090e-01 4.026350e-01 2.586533e+00
-2.132010e-01 1.819370e-01 2.703374e+00
-3.597750e-01 3.185000e-02 2.591293e+00
-4.782000e-02 1.180200e-02 2.584410e+00
-2.027210e-01 1.638600e-02 2.652468e+00
-6.246640e-01 2.866350e-01 2.625228e+00
2.020810e-01 2.314340e-01 2.619632e+00
-8.898460e-01 3.001740e-01 2.541528e+00
4.609730e-01 2.248550e-01 2.517446e+00
-9.469590e-01 3.194500e-01 2.550726e+00
5.134830e-01 2.488660e-01 2.537047e+00
-3.038900e-01 -4.516770e-01 2.685904e+00
-1.076060e-01 -4.607530e-01 2.677558e+00
-3.187690e-01 -8.332230e-01 2.774590e+00
-6.017300e-02 -8.411530e-01 2.759474e+00
-3.242070e-01 -8.663090e-01 2.631336e+00
-6.568700e-02 -8.727600e-01 2.615890e+00
-1.806160e-01 5.171700e-01 2.600844e+00
-3.740630e-01 3.036560e-01 2.694584e+00
-5.030100e-02 2.975750e-01 2.683731e+00
-2.140870e-01 3.910250e-01 2.581687e+00
-2.140870e-01 1.731360e-01 2.703768e+00
-3.562260e-01 2.312400e-02 2.593614e+00
-4.445100e-02 -2.450000e-04 2.589683e+00
-1.998870e-01 6.582000e-03 2.656319e+00
-5.813210e-01 1.427380e-01 2.646793e+00
1.476060e-01 1.208750e-01 2.656452e+00
-8.182130e-01 2.010800e-02 2.567288e+00
3.751020e-01 -2.744000e-02 2.595417e+00
-8.786180e-01 1.889700e-02 2.575525e+00
4.251760e-01 -5.974000e-02 2.582479e+00
-3.057570e-01 -4.605660e-01 2.691232e+00
-1.064510e-01 -4.711860e-01 2.685030e+00
-3.140450e-01 -8.434740e-01 2.774758e+00
-6.198600e-02 -8.529970e-01 2.761888e+00
-3.187830e-01 -8.747160e-01 2.631067e+00
-6.679900e-02 -8.825540e-01 2.617842e+00
-1.719500e-01 5.112290e-01 2.605987e+00
-3.657610e-01 3.047230e-01 2.685914e+00
-4.222500e-02 2.889250e-01 2.693021e+00
-1.971910e-01 3.882850e-01 2.583091e+00
-2.105050e-01 1.693270e-01 2.702502e+00
-3.535940e-01 2.192000e-02 2.593367e+00
-4.207700e-02 -4.602000e-03 2.597675e+00
-1.990840e-01 4.505000e-03 2.660230e+00
-5.142620e-01 8.445500e-02 2.664617e+00
9.500800e-02 6.048600e-02 2.695641e+00
-6.966850e-01 -1.182580e-01 2.609968e+00
2.698040e-01 -1.468640e-01 2.633922e+00
-7.251500e-01 -1.716460e-01 2.602384e+00
3.184090e-01 -1.836420e-01 2.632163e+00
-3.041950e-01 -4.627100e-01 2.693564e+00
-1.019990e-01 -4.754410e-01 2.685488e+00
-3.130860e-01 -8.467290e-01 2.771759e+00
-6.083800e-02 -8.574200e-01 2.763343e+00
-3.142520e-01 -8.760580e-01 2.627591e+00
-6.165200e-02 -8.868870e-01 2.619201e+00
-1.798480e-01 5.037310e-01 2.596184e+00
-3.683100e-01 2.988560e-01 2.698642e+00
-4.497300e-02 2.821430e-01 2.686404e+00
-2.055840e-01 3.862290e-01 2.589751e+00
-2.129440e-01 1.625880e-01 2.700699e+00
-3.583630e-01 1.511000e-02 2.598194e+00
-4.336600e-02 -2.027000e-03 2.593569e+00
-2.000890e-01 3.320000e-03 2.660651e+00
-4.515300e-01 4.314300e-02 2.690480e+00
3.464700e-02 2.690700e-02 2.716343e+00
-5.594370e-01 -2.075720e-01 2.624655e+00
1.611510e-01 -2.206550e-01 2.677038e+00
-5.734590e-01 -2.658820e-01 2.635676e+00
1.777050e-01 -2.693060e-01 2.709857e+00
-3.032770e-01 -4.675840e-01 2.694879e+00
-1.030420e-01 -4.752190e-01 2.688254e+00
-3.135850e-01 -8.515240e-01 2.773291e+00
-5.996700e-02 -8.569220e-01 2.766431e+00
-3.176890e-01 -8.808460e-01 2.629176e+00
-6.410100e-02 -8.868780e-01 2.622447e+00
-1.746270e-01 5.045850e-01 2.616163e+00
-3.629060e-01 2.995690e-01 2.681955e+00
-4.031900e-02 2.725520e-01 2.695505e+00
-1.894000e-01 3.797710e-01 2.584824e+00
-2.126970e-01 1.585830e-01 2.698455e+00
-3.565210e-01 1.732700e-02 2.580640e+00
-4.232400e-02 -4.959000e-03 2.598571e+00
-2.032910e-01 3.697000e-03 2.654297e+00
-3.909170e-01 2.906600e-02 2.684848e+00
-1.246000e-02 3.292000e-03 2.721733e+00
-3.989940e-01 -2.504420e-01 2.636162e+00
1.823000e-02 -2.788720e-01 2.720375e+00
-4.080850e-01 -3.106350e-01 2.632674e+00
-1.644000e-03 -3.345260e-01 2.735399e+00
-3.072180e-01 -4.635450e-01 2.695863e+00
-1.013180e-01 -4.754510e-01 2.690385e+00
-3.141410e-01 -8.466270e-01 2.778714e+00
-5.965600e-02 -8.584210e-01 2.762927e+00
-3.090160e-01 -8.777970e-01 2.635020e+00
-5.439400e-02 -8.852320e-01 2.618361e+00
-1.804630e-01 5.050560e-01 2.619069e+00
-3.654900e-01 3.015900e-01 2.693108e+00
-4.176800e-02 2.881870e-01 2.692558e+00
-1.999090e-01 3.890130e-01 2.588650e+00
-2.089040e-01 1.670590e-01 2.702818e+00
-3.585860e-01 2.163200e-02 2.592422e+00
-4.399000e-02 -2.188000e-03 2.592446e+00
-2.017750e-01 3.361000e-03 2.656974e+00
-4.048320e-01 3.270500e-02 2.703913e+00
-2.408500e-02 1.809100e-02 2.718991e+00
-4.185920e-01 -2.405050e-01 2.628247e+00
-2.827600e-02 -2.519460e-01 2.631694e+00
-4.127680e-01 -2.999620e-01 2.640453e+00
-9.449000e-03 -3.043580e-01 2.656524e+00
-3.009720e-01 -4.604640e-01 2.697965e+00
-9.732000e-02 -4.704610e-01 2.690241e+00
-3.112710e-01 -8.446550e-01 2.775138e+00
-5.734600e-02 -8.533200e-01 2.764302e+00
-3.139900e-01 -8.735540e-01 2.630905e+00
-6.083700e-02 -8.816060e-01 2.619963e+00
-1.745950e-01 5.124930e-01 2.622098e+00
-3.658220e-01 2.939330e-01 2.696352e+00
-4.193100e-02 2.902850e-01 2.688791e+00
-2.053000e-01 3.846850e-01 2.586954e+00
-2.050360e-01 1.643480e-01 2.704557e+00
-3.521410e-01 1.591700e-02 2.603391e+00
-3.752000e-02 -6.541000e-03 2.596519e+00
-1.939520e-01 -2.724000e-03 2.664379e+00
-4.252150e-01 2.707200e-02 2.693086e+00
-1.235500e-02 2.057500e-02 2.722475e+00
-4.788970e-01 -2.343620e-01 2.592141e+00
-9.450000e-03 -2.582560e-01 2.661947e+00
-4.661650e-01 -2.861300e-01 2.621738e+00
-1.363500e-02 -3.121350e-01 2.690189e+00
-2.963760e-01 -4.674090e-01 2.698840e+00
-9.561100e-02 -4.763760e-01 2.692947e+00
-3.126810e-01 -8.514320e-01 2.775810e+00
-5.902100e-02 -8.598820e-01 2.765393e+00
-3.181060e-01 -8.801040e-01 2.631608e+00
-6.537200e-02 -8.877510e-01 2.621072e+00
-1.816460e-01 5.094890e-01 2.618489e+00
-3.568050e-01 2.961710e-01 2.699150e+00
-3.350500e-02 2.758940e-01 2.692674e+00
-1.915100e-01 3.780390e-01 2.589851e+00
-2.028980e-01 1.585590e-01 2.708501e+00
-3.503780e-01 9.914000e-03 2.602494e+00
-3.538800e-02 -5.449000e-03 2.593376e+00
-1.911170e-01 -1.100000e-05 2.662727e+00
-4.538670e-01 4.045500e-02 2.669195e+00
7.660000e-03 5.083000e-03 2.718664e+00
-5.407570e-01 -2.034550e-01 2.545024e+00
6.712400e-02 -2.733920e-01 2.681575e+00
-5.590010e-01 -2.612320e-01 2.551878e+00
3.590200e-02 -3.219620e-01 2.701176e+00
-2.962770e-01 -4.720320e-01 2.699247e+00
-9.302300e-02 -4.785260e-01 2.692641e+00
-3.112430e-01 -8.558910e-01 2.777301e+00
-5.876100e-02 -8.627610e-01 2.762307e+00
-3.170580e-01 -8.849670e-01 2.633195e+00
-6.509500e-02 -8.895310e-01 2.617777e+00
-1.805720e-01 5.075950e-01 2.629161e+00
-3.568890e-01 2.952570e-01 2.699176e+00
-3.349600e-02 2.755500e-01 2.697099e+00
-1.903590e-01 3.760200e-01 2.590934e+00
-2.028600e-01 1.580900e-01 2.712298e+00
-3.479240e-01 9.774000e-03 2.591549e+00
-3.319500e-02 -8.099000e-03 2.604364e+00
-1.931730e-01 1.288000e-03 2.662756e+00
-4.622550e-01 4.219100e-02 2.666679e+00
1.691300e-02 4.611000e-03 2.712943e+00
-5.620710e-01 -1.930040e-01 2.533584e+00
9.013800e-02 -2.696040e-01 2.663560e+00
-5.714550e-01 -2.456180e-01 2.504227e+00
7.012800e-02 -3.271410e-01 2.666230e+00
-2.993850e-01 -4.716080e-01 2.700058e+00
-9.539500e-02 -4.821400e-01 2.691801e+00
-3.108460e-01 -8.558840e-01 2.776639e+00
-5.620200e-02 -8.653290e-01 2.764560e+00
-3.071820e-01 -8.847350e-01 2.632418e+00
-5.213800e-02 -8.923620e-01 2.619997e+00
-1.820110e-01 5.062720e-01 2.628913e+00
-3.568100e-01 2.986850e-01 2.707473e+00
-3.369500e-02 2.757950e-01 2.700467e+00
-1.908600e-01 3.811800e-01 2.599646e+00
-2.040720e-01 1.596240e-01 2.714178e+00
-3.484170e-01 1.401600e-02 2.593439e+00
-3.359100e-02 -3.581000e-03 2.604061e+00
-1.931400e-01 6.119000e-03 2.663563e+00
-4.634150e-01 4.582600e-02 2.671469e+00
1.988200e-02 4.602000e-03 2.713966e+00
-5.547710e-01 -1.751920e-01 2.509500e+00
9.121700e-02 -2.683000e-01 2.651797e+00
-5.818340e-01 -2.258310e-01 2.488972e+00
7.235900e-02 -3.228530e-01 2.671454e+00
-2.984590e-01 -4.680140e-01 2.699026e+00
-9.656200e-02 -4.781640e-01 2.690482e+00
-3.127020e-01 -8.515200e-01 2.778927e+00
-5.544900e-02 -8.604020e-01 2.767088e+00
-3.099300e-01 -8.816220e-01 2.634941e+00
-5.211500e-02 -8.889600e-01 2.622800e+00
-1.831320e-01 5.086510e-01 2.638128e+00
-3.560600e-01 2.951490e-01 2.707624e+00
-3.293500e-02 2.725020e-01 2.700340e+00
-1.900060e-01 3.806110e-01 2.602297e+00
-2.033080e-01 1.559750e-01 2.710652e+00
-3.511240e-01 1.114700e-02 2.592351e+00
-3.600100e-02 -6.290000e-04 2.602171e+00
-1.955080e-01 7.237000e-03 2.662056e+00
-4.525120e-01 3.542400e-02 2.690282e+00
1.135700e-02 -1.245000e-03 2.713044e+00
-5.287580e-01 -1.975400e-01 2.535860e+00
6.589300e-02 -2.802250e-01 2.657118e+00
-5.364480e-01 -2.369270e-01 2.489951e+00
4.979100e-02 -3.306160e-01 2.687442e+00
-2.961460e-01 -4.692350e-01 2.699611e+00
-9.424100e-02 -4.767890e-01 2.688758e+00
-3.144450e-01 -8.523960e-01 2.780339e+00
-5.942200e-02 -8.598530e-01 2.764349e+00
-3.112150e-01 -8.828680e-01 2.636440e+00
-5.583200e-02 -8.880130e-01 2.619989e+00
-1.845650e-01 5.075200e-01 2.645221e+00
-3.622690e-01 2.913760e-01 2.706675e+00
-3.878400e-02 2.746580e-01 2.699357e+00
-1.978980e-01 3.788180e-01 2.600338e+00
-2.069570e-01 1.551000e-01 2.711006e+00
-3.505310e-01 9.201000e-03 2.588269e+00
-3.550200e-02 -8.180000e-04 2.602218e+00
-1.958160e-01 6.324000e-03 2.660002e+00
-4.353180e-01 2.342900e-02 2.693813e+00
3.700000e-04 -3.140000e-04 2.711793e+00
-4.852560e-01 -2.260810e-01 2.554382e+00
3.005800e-02 -2.843470e-01 2.660475e+00
-4.901550e-01 -2.867720e-01 2.551130e+00
1.236400e-02 -3.277980e-01 2.699425e+00
-2.979870e-01 -4.697160e-01 2.699826e+00
-9.484800e-02 -4.772540e-01 2.689654e+00
-3.119320e-01 -8.531240e-01 2.780248e+00
-5.937700e-02 -8.601510e-01 2.765780e+00
-3.068180e-01 -8.834870e-01 2.636381e+00
-5.382500e-02 -8.883260e-01 2.621485e+00
-1.852490e-01 5.069000e-01 2.644610e+00
-3.659740e-01 2.821720e-01 2.706806e+00
-4.210400e-02 2.830310e-01 2.697662e+00
-2.071760e-01 3.790870e-01 2.600214e+00
-2.034980e-01 1.544730e-01 2.709367e+00
-3.585880e-01 4.788000e-03 2.598825e+00
-4.323000e-02 -1.970000e-04 2.590916e+00
-1.992560e-01 4.069000e-03 2.659679e+00
-4.098790e-01 7.595000e-03 2.693800e+00
-9.240000e-03 7.054000e-03 2.713341e+00
-4.422650e-01 -2.616220e-01 2.589531e+00
-6.070000e-04 -2.791920e-01 2.664477e+00
-4.577820e-01 -3.141150e-01 2.616397e+00
2.307400e-02 -3.347930e-01 2.672593e+00
-2.901260e-01 -4.741710e-01 2.702055e+00
-9.578400e-02 -4.767870e-01 2.689441e+00
-3.224120e-01 -8.585410e-01 2.771921e+00
-5.768800e-02 -8.592560e-01 2.766451e+00
-3.259000e-01 -8.845620e-01 2.627157e+00
-6.189600e-02 -8.886870e-01 2.622361e+00
-1.880410e-01 5.060430e-01 2.643268e+00
