-4.266420e-01 2.255830e-01 2.538209e+00
-2.471370e-01 2.342650e-01 2.528085e+00
-6.763200e-02 2.429470e-01 2.517962e+00
-1.611330e-01 2.628590e-01 2.477361e+00
-2.546340e-01 2.827710e-01 2.436760e+00
-2.452505e-01 1.922425e-01 2.525501e+00
-2.358670e-01 1.017140e-01 2.614242e+00
-3.426630e-01 -1.202800e-02 2.565911e+00
-4.494590e-01 -1.257700e-01 2.517580e+00
-2.368805e-01 -1.141940e-01 2.511016e+00
-2.430200e-02 -1.026180e-01 2.504451e+00
-1.287220e-01 -1.084975e-01 2.568102e+00
-2.331420e-01 -1.143770e-01 2.631752e+00
-3.641070e-01 -7.849650e-02 2.575593e+00
-4.950720e-01 -4.261600e-02 2.519434e+00
-2.388685e-01 -3.145750e-02 2.529282e+00
1.733500e-02 -2.029900e-02 2.539131e+00
-2.297150e-01 -1.730025e-01 2.491164e+00
-4.767650e-01 -3.257060e-01 2.443197e+00
-2.207950e-01 -3.108800e-01 2.441344e+00
3.517500e-02 -2.960540e-01 2.439491e+00
-2.241815e-01 -3.437110e-01 2.431818e+00
-4.835380e-01 -3.913680e-01 2.424144e+00
-2.146685e-01 -3.748335e-01 2.420818e+00
5.420100e-02 -3.582990e-01 2.417492e+00
-1.437350e-01 -4.904335e-01 2.477412e+00
-3.416710e-01 -6.225680e-01 2.537333e+00
-2.264215e-01 -6.176165e-01 2.531197e+00
-1.111720e-01 -6.126650e-01 2.525060e+00
-2.346450e-01 -8.115115e-01 2.570451e+00
-3.581180e-01 -1.010358e+00 2.615843e+00
-2.497005e-01 -9.997985e-01 2.629826e+00
-1.412830e-01 -9.892390e-01 2.643809e+00
-2.526555e-01 -1.016262e+00 2.547891e+00
-3.640280e-01 -1.043284e+00 2.451972e+00
-2.494570e-01 -1.041625e+00 2.468269e+00
-1.348860e-01 -1.039966e+00 2.484566e+00
-1.928160e-01 -2.608610e-01 2.442833e+00
-2.507460e-01 5.182440e-01 2.401100e+00
-3.388190e-01 3.732630e-01 2.470637e+00
-4.268920e-01 2.282820e-01 2.540174e+00
-2.473580e-01 2.350730e-01 2.529150e+00
-6.782400e-02 2.418640e-01 2.518126e+00
-1.613145e-01 2.631440e-01 2.478200e+00
-2.548050e-01 2.844240e-01 2.438274e+00
-2.459495e-01 1.930555e-01 2.526205e+00
-2.370940e-01 1.016870e-01 2.614136e+00
-3.429275e-01 -1.148400e-02 2.563645e+00
-4.487610e-01 -1.246550e-01 2.513154e+00
-2.361625e-01 -1.118410e-01 2.511062e+00
-2.356400e-02 -9.902700e-02 2.508970e+00
-1.292665e-01 -1.054755e-01 2.570410e+00
-2.349690e-01 -1.119240e-01 2.631851e+00
-3.645125e-01 -7.597150e-02 2.576236e+00
-4.940560e-01 -4.001900e-02 2.520620e+00
-2.391925e-01 -3.100450e-02 2.527874e+00
1.567100e-02 -2.199000e-02 2.535128e+00
-2.310800e-01 -1.735085e-01 2.493606e+00
-4.778310e-01 -3.250270e-01 2.452085e+00
-2.189840e-01 -3.130025e-01 2.449533e+00
3.986300e-02 -3.009780e-01 2.446981e+00
-2.232725e-01 -3.460565e-01 2.441218e+00
-4.864080e-01 -3.911350e-01 2.435454e+00
-2.327665e-01 -3.759985e-01 2.427309e+00
2.087500e-02 -3.608620e-01 2.419163e+00
-1.603525e-01 -4.907195e-01 2.477781e+00
-3.415800e-01 -6.205770e-01 2.536400e+00
-2.273145e-01 -6.153415e-01 2.530745e+00
-1.130490e-01 -6.101060e-01 2.525090e+00
-2.350460e-01 -8.089945e-01 2.571276e+00
-3.570430e-01 -1.007883e+00 2.617461e+00
-2.482445e-01 -9.972300e-01 2.631252e+00
-1.394460e-01 -9.865770e-01 2.645044e+00
-2.495740e-01 -1.014308e+00 2.549401e+00
-3.597020e-01 -1.042039e+00 2.453758e+00
-2.453875e-01 -1.039930e+00 2.469908e+00
-1.310730e-01 -1.037821e+00 2.486059e+00
-1.914725e-01 -2.595920e-01 2.446050e+00
-2.518720e-01 5.186370e-01 2.406041e+00
-3.386045e-01 3.744735e-01 2.474431e+00
-4.253370e-01 2.303100e-01 2.542821e+00
-2.458830e-01 2.375560e-01 2.530832e+00
-6.642900e-02 2.448020e-01 2.518843e+00
-1.601885e-01 2.664870e-01 2.479775e+00
-2.539480e-01 2.881720e-01 2.440707e+00
-2.444255e-01 1.955870e-01 2.527286e+00
-2.349030e-01 1.030020e-01 2.613864e+00
-3.413770e-01 -9.893500e-03 2.563878e+00
-4.478510e-01 -1.227890e-01 2.513893e+00
-2.352090e-01 -1.106185e-01 2.512447e+00
-2.256700e-02 -9.844800e-02 2.511002e+00
-1.284670e-01 -1.047160e-01 2.572121e+00
-2.343670e-01 -1.109840e-01 2.633239e+00
-3.639100e-01 -7.377350e-02 2.573084e+00
-4.934530e-01 -3.656300e-02 2.512928e+00
-2.383515e-01 -2.764200e-02 2.525773e+00
1.675000e-02 -1.872100e-02 2.538619e+00
-2.281305e-01 -1.702825e-01 2.493190e+00
-4.730110e-01 -3.218440e-01 2.447761e+00
-2.183710e-01 -3.081280e-01 2.444039e+00
3.626900e-02 -2.944120e-01 2.440316e+00
-2.175580e-01 -3.415720e-01 2.436232e+00
-4.713850e-01 -3.887320e-01 2.432148e+00
-2.152910e-01 -3.722845e-01 2.421010e+00
4.080300e-02 -3.558370e-01 2.409873e+00
-1.502355e-01 -4.875100e-01 2.472814e+00
-3.412740e-01 -6.191830e-01 2.535755e+00
-2.265830e-01 -6.141805e-01 2.530584e+00
-1.118920e-01 -6.091780e-01 2.525413e+00
-2.345540e-01 -8.077575e-01 2.571428e+00
-3.572160e-01 -1.006337e+00 2.617444e+00
-2.446515e-01 -9.984235e-01 2.623854e+00
-1.320870e-01 -9.905100e-01 2.630264e+00
-2.458055e-01 -1.015642e+00 2.542029e+00
-3.595240e-01 -1.040773e+00 2.453794e+00
-2.422965e-01 -1.037965e+00 2.461515e+00
-1.250690e-01 -1.035158e+00 2.469236e+00
-1.876980e-01 -2.579840e-01 2.436894e+00
-2.503270e-01 5.191900e-01 2.404552e+00
-3.386300e-01 3.731925e-01 2.472565e+00
-4.269330e-01 2.271950e-01 2.540578e+00
-2.474250e-01 2.346260e-01 2.529548e+00
-6.791700e-02 2.420570e-01 2.518519e+00
-1.614850e-01 2.631455e-01 2.478674e+00
-2.550530e-01 2.842340e-01 2.438828e+00
-2.458755e-01 1.926230e-01 2.526473e+00
-2.366980e-01 1.010120e-01 2.614118e+00
-3.432185e-01 -1.294900e-02 2.564028e+00
-4.497390e-01 -1.269100e-01 2.513938e+00
-2.371005e-01 -1.150015e-01 2.510784e+00
-2.446200e-02 -1.030930e-01 2.507629e+00
-1.298740e-01 -1.092495e-01 2.569597e+00
-2.352860e-01 -1.154060e-01 2.631564e+00
-3.660285e-01 -7.776500e-02 2.575134e+00
-4.967710e-01 -4.012400e-02 2.518705e+00
-2.404425e-01 -3.076250e-02 2.528387e+00
1.588600e-02 -2.140100e-02 2.538069e+00
-2.250740e-01 -1.706280e-01 2.486783e+00
-4.660340e-01 -3.198550e-01 2.435497e+00
-2.188965e-01 -3.084650e-01 2.436860e+00
2.824100e-02 -2.970750e-01 2.438223e+00
-2.255420e-01 -3.416805e-01 2.431142e+00
-4.793250e-01 -3.862860e-01 2.424062e+00
-2.085715e-01 -3.663295e-01 2.414275e+00
6.218200e-02 -3.463730e-01 2.404488e+00
-1.408765e-01 -4.850100e-01 2.467808e+00
-3.439350e-01 -6.236470e-01 2.531127e+00
-2.282530e-01 -6.185560e-01 2.528253e+00
-1.125710e-01 -6.134650e-01 2.525380e+00
-2.338170e-01 -8.120105e-01 2.570066e+00
-3.550630e-01 -1.010556e+00 2.614752e+00
-2.475240e-01 -1.000057e+00 2.630518e+00
-1.399850e-01 -9.895580e-01 2.646284e+00
-2.496640e-01 -1.017659e+00 2.548794e+00
-3.593430e-01 -1.045759e+00 2.451304e+00
-2.455435e-01 -1.043493e+00 2.469366e+00
-1.317440e-01 -1.041227e+00 2.487428e+00
-1.904775e-01 -2.614685e-01 2.447484e+00
-2.492110e-01 5.182900e-01 2.407541e+00
-3.389175e-01 3.736550e-01 2.472189e+00
-4.286240e-01 2.290200e-01 2.536838e+00
-2.489590e-01 2.361405e-01 2.528480e+00
-6.929400e-02 2.432610e-01 2.520123e+00
-1.622130e-01 2.638950e-01 2.478559e+00
-2.551320e-01 2.845290e-01 2.436994e+00
-2.474085e-01 1.940985e-01 2.525994e+00
-2.396850e-01 1.036680e-01 2.614995e+00
-3.440190e-01 -9.401000e-03 2.565568e+00
-4.483530e-01 -1.224700e-01 2.516142e+00
-2.357090e-01 -1.111190e-01 2.511624e+00
-2.306500e-02 -9.976800e-02 2.507107e+00
-1.280795e-01 -1.059085e-01 2.569748e+00
-2.330940e-01 -1.120490e-01 2.632388e+00
-3.647475e-01 -7.572050e-02 2.574359e+00
-4.964010e-01 -3.939200e-02 2.516329e+00
-2.401710e-01 -2.997700e-02 2.524775e+00
1.605900e-02 -2.056200e-02 2.533220e+00
-2.261510e-01 -1.715150e-01 2.487785e+00
-4.683610e-01 -3.224680e-01 2.442349e+00
-2.173145e-01 -3.095700e-01 2.438179e+00
3.373200e-02 -2.966720e-01 2.434010e+00
-2.217390e-01 -3.420665e-01 2.427956e+00
-4.772100e-01 -3.874610e-01 2.421902e+00
-2.294720e-01 -3.743045e-01 2.436958e+00
1.826600e-02 -3.611480e-01 2.452013e+00
-1.620550e-01 -4.902770e-01 2.493307e+00
-3.423760e-01 -6.194060e-01 2.534601e+00
-2.264795e-01 -6.146075e-01 2.529218e+00
-1.105830e-01 -6.098090e-01 2.523836e+00
-2.356245e-01 -8.082655e-01 2.569430e+00
-3.606660e-01 -1.006722e+00 2.615024e+00
-2.509250e-01 -9.959910e-01 2.630495e+00
-1.411840e-01 -9.852600e-01 2.645966e+00
-2.532175e-01 -1.012882e+00 2.548625e+00
-3.652510e-01 -1.040504e+00 2.451285e+00
-2.491220e-01 -1.039021e+00 2.469296e+00
-1.329930e-01 -1.037537e+00 2.487307e+00
-1.923125e-01 -2.596890e-01 2.445429e+00
-2.516320e-01 5.181590e-01 2.403550e+00
-3.385985e-01 3.740455e-01 2.470684e+00
-4.255650e-01 2.299320e-01 2.537819e+00
-2.459785e-01 2.353335e-01 2.526890e+00
-6.639200e-02 2.407350e-01 2.515962e+00
-1.596950e-01 2.620255e-01 2.475607e+00
-2.529980e-01 2.833160e-01 2.435252e+00
-2.448525e-01 1.932665e-01 2.524601e+00
-2.367070e-01 1.032170e-01 2.613949e+00
-3.428695e-01 -1.080600e-02 2.564348e+00
-4.490320e-01 -1.248290e-01 2.514747e+00
-2.364390e-01 -1.124495e-01 2.510547e+00
-2.384600e-02 -1.000700e-01 2.506347e+00
-1.289770e-01 -1.057865e-01 2.568831e+00
-2.341080e-01 -1.115030e-01 2.631315e+00
-3.650265e-01 -7.482800e-02 2.573994e+00
-4.959450e-01 -3.815300e-02 2.516672e+00
-2.396425e-01 -3.099700e-02 2.525964e+00
1.666000e-02 -2.384100e-02 2.535255e+00
-2.261705e-01 -1.720310e-01 2.486151e+00
-4.690010e-01 -3.202210e-01 2.437047e+00
-2.160370e-01 -3.097010e-01 2.435147e+00
3.692700e-02 -2.991810e-01 2.433246e+00
-2.183005e-01 -3.430985e-01 2.427428e+00
-4.735280e-01 -3.870160e-01 2.421609e+00
-2.275730e-01 -3.751050e-01 2.435775e+00
1.838200e-02 -3.631940e-01 2.449941e+00
-1.625615e-01 -4.921850e-01 2.492094e+00
-3.435050e-01 -6.211760e-01 2.534248e+00
-2.266740e-01 -6.159265e-01 2.529141e+00
-1.098430e-01 -6.106770e-01 2.524034e+00
-2.346455e-01 -8.092715e-01 2.571071e+00
-3.594480e-01 -1.007866e+00 2.618107e+00
-2.452445e-01 -9.996440e-01 2.624455e+00
-1.310410e-01 -9.914220e-01 2.630804e+00
-2.475980e-01 -1.017267e+00 2.542743e+00
-3.641550e-01 -1.043113e+00 2.454681e+00
-2.445875e-01 -1.039988e+00 2.462319e+00
-1.250200e-01 -1.036862e+00 2.469957e+00
-1.887635e-01 -2.579885e-01 2.437532e+00
-2.525070e-01 5.208850e-01 2.405107e+00
-3.368905e-01 3.759360e-01 2.471824e+00
-4.212740e-01 2.309870e-01 2.538540e+00
-2.417155e-01 2.347560e-01 2.526521e+00
-6.215700e-02 2.385250e-01 2.514502e+00
-1.555040e-01 2.608390e-01 2.474805e+00
-2.488510e-01 2.831530e-01 2.435108e+00
-2.409975e-01 1.926905e-01 2.524065e+00
-2.331440e-01 1.022280e-01 2.613022e+00
-3.401605e-01 -1.128050e-02 2.564116e+00
-4.471770e-01 -1.247890e-01 2.515210e+00
-2.346200e-01 -1.118325e-01 2.510922e+00
-2.206300e-02 -9.887600e-02 2.506633e+00
-1.271375e-01 -1.051170e-01 2.569163e+00
-2.322120e-01 -1.113580e-01 2.631692e+00
-3.623195e-01 -7.343600e-02 2.572960e+00
-4.924270e-01 -3.551400e-02 2.514229e+00
-2.370470e-01 -3.072650e-02 2.522379e+00
1.833300e-02 -2.593900e-02 2.530530e+00
-2.252460e-01 -1.724940e-01 2.486976e+00
-4.688250e-01 -3.190490e-01 2.443423e+00
-2.183945e-01 -3.089995e-01 2.433967e+00
3.203600e-02 -2.989500e-01 2.424511e+00
-2.169535e-01 -3.422755e-01 2.425557e+00
-4.659430e-01 -3.856010e-01 2.426603e+00
-2.127045e-01 -3.761800e-01 2.429099e+00
4.053400e-02 -3.667590e-01 2.431595e+00
-1.511050e-01 -4.937525e-01 2.482417e+00
-3.427440e-01 -6.207460e-01 2.533238e+00
-2.266005e-01 -6.153935e-01 2.528081e+00
-1.104570e-01 -6.100410e-01 2.522923e+00
-2.337650e-01 -8.086645e-01 2.570494e+00
-3.570730e-01 -1.007288e+00 2.618065e+00
-2.421510e-01 -9.991510e-01 2.623865e+00
-1.272290e-01 -9.910140e-01 2.629666e+00
-2.447140e-01 -1.016977e+00 2.542203e+00
-3.621990e-01 -1.042941e+00 2.454740e+00
-2.423080e-01 -1.039628e+00 2.461740e+00
-1.224170e-01 -1.036315e+00 2.468740e+00
-1.861825e-01 -2.590020e-01 2.433529e+00
-2.499480e-01 5.183110e-01 2.398319e+00
-3.372185e-01 3.726365e-01 2.463710e+00
-4.244890e-01 2.269620e-01 2.529101e+00
-2.447760e-01 2.327300e-01 2.520740e+00
-6.506300e-02 2.384980e-01 2.512380e+00
-1.578100e-01 2.580895e-01 2.469936e+00
-2.505570e-01 2.776810e-01 2.427491e+00
-2.434665e-01 1.906165e-01 2.519838e+00
-2.363760e-01 1.035520e-01 2.612185e+00
-3.410720e-01 -1.064750e-02 2.562584e+00
-4.457680e-01 -1.248470e-01 2.512984e+00
-2.330340e-01 -1.145380e-01 2.510804e+00
-2.030000e-02 -1.042290e-01 2.508625e+00
-1.260235e-01 -1.098940e-01 2.570107e+00
-2.317470e-01 -1.155590e-01 2.631588e+00
-3.629405e-01 -7.787250e-02 2.571553e+00
-4.941340e-01 -4.018600e-02 2.511517e+00
-2.377180e-01 -3.234850e-02 2.521141e+00
1.869800e-02 -2.451100e-02 2.530765e+00
-2.222770e-01 -1.741165e-01 2.487789e+00
-4.632520e-01 -3.237220e-01 2.444814e+00
-2.127215e-01 -3.095735e-01 2.432935e+00
3.780900e-02 -2.954250e-01 2.421056e+00
-2.179270e-01 -3.420385e-01 2.422985e+00
-4.736630e-01 -3.886520e-01 2.424913e+00
-2.292320e-01 -3.744245e-01 2.424841e+00
1.519900e-02 -3.601970e-01 2.424768e+00
-1.632700e-01 -4.912100e-01 2.479531e+00
-3.417390e-01 -6.222230e-01 2.534293e+00
-2.255160e-01 -6.180045e-01 2.528834e+00
-1.092930e-01 -6.137860e-01 2.523376e+00
-2.324805e-01 -8.112880e-01 2.571225e+00
-3.556680e-01 -1.008790e+00 2.619075e+00
-2.471900e-01 -9.993860e-01 2.631280e+00
-1.387120e-01 -9.899820e-01 2.643485e+00
-2.488735e-01 -1.017239e+00 2.549600e+00
-3.590350e-01 -1.044496e+00 2.455716e+00
-2.442625e-01 -1.042962e+00 2.470163e+00
-1.294900e-01 -1.041428e+00 2.484611e+00
-1.903150e-01 -2.601765e-01 2.440387e+00
-2.511400e-01 5.210750e-01 2.396163e+00
-3.386225e-01 3.726045e-01 2.464239e+00
-4.261050e-01 2.241340e-01 2.532315e+00
-2.465630e-01 2.315845e-01 2.521868e+00
-6.702100e-02 2.390350e-01 2.511421e+00
-1.604410e-01 2.582865e-01 2.470318e+00
-2.538610e-01 2.775380e-01 2.429216e+00
-2.448980e-01 1.894975e-01 2.520468e+00
-2.359350e-01 1.014570e-01 2.611720e+00
-3.381460e-01 -1.398950e-02 2.562797e+00
-4.403570e-01 -1.294360e-01 2.513873e+00
-2.277410e-01 -1.189490e-01 2.506723e+00
-1.512500e-02 -1.084620e-01 2.499573e+00
-1.194455e-01 -1.128500e-01 2.563507e+00
-2.237660e-01 -1.172380e-01 2.627441e+00
-3.574485e-01 -8.043150e-02 2.570234e+00
-4.911310e-01 -4.362500e-02 2.513026e+00
-2.350225e-01 -3.301550e-02 2.518951e+00
2.108600e-02 -2.240600e-02 2.524876e+00
-2.136805e-01 -1.726635e-01 2.481177e+00
-4.484470e-01 -3.229210e-01 2.437477e+00
-2.056125e-01 -3.060405e-01 2.421767e+00
3.722200e-02 -2.891600e-01 2.406057e+00
-2.018470e-01 -3.389595e-01 2.412697e+00
-4.409160e-01 -3.887590e-01 2.419337e+00
-2.117405e-01 -3.717480e-01 2.415370e+00
1.743500e-02 -3.547370e-01 2.411404e+00
-1.624165e-01 -4.906275e-01 2.471637e+00
-3.422680e-01 -6.265180e-01 2.531870e+00
-2.271760e-01 -6.224825e-01 2.528220e+00
-1.120840e-01 -6.184470e-01 2.524571e+00
-2.339650e-01 -8.156020e-01 2.571380e+00
-3.558460e-01 -1.012757e+00 2.618189e+00
-2.422735e-01 -1.006601e+00 2.622898e+00
-1.287010e-01 -1.000446e+00 2.627606e+00
-2.463675e-01 -1.024682e+00 2.541353e+00
-3.640340e-01 -1.048918e+00 2.455100e+00
-2.460820e-01 -1.046471e+00 2.460617e+00
-1.281300e-01 -1.044024e+00 2.466134e+00
-1.920865e-01 -2.612545e-01 2.434660e+00
-2.560430e-01 5.215150e-01 2.403186e+00
-3.402845e-01 3.727960e-01 2.466740e+00
-4.245260e-01 2.240770e-01 2.530294e+00
-2.450170e-01 2.320395e-01 2.519664e+00
-6.550800e-02 2.400020e-01 2.509034e+00
-1.590160e-01 2.584595e-01 2.467769e+00
-2.525240e-01 2.769170e-01 2.426503e+00
-2.432045e-01 1.899445e-01 2.518738e+00
-2.338850e-01 1.029720e-01 2.610973e+00
-3.376530e-01 -1.192200e-02 2.565061e+00
-4.414210e-01 -1.268160e-01 2.519150e+00
-2.291190e-01 -1.158655e-01 2.505936e+00
-1.681700e-02 -1.049150e-01 2.492723e+00
-1.192585e-01 -1.095750e-01 2.559607e+00
-2.217000e-01 -1.142350e-01 2.626492e+00
-3.546205e-01 -7.932300e-02 2.572106e+00
-4.875410e-01 -4.441100e-02 2.517719e+00
-2.321910e-01 -3.282300e-02 2.518582e+00
2.315900e-02 -2.123500e-02 2.519446e+00
-2.213740e-01 -1.733915e-01 2.480051e+00
-4.659070e-01 -3.255480e-01 2.440656e+00
-2.149905e-01 -3.083460e-01 2.424304e+00
3.592600e-02 -2.911440e-01 2.407952e+00
-2.095850e-01 -3.404640e-01 2.413381e+00
-4.550960e-01 -3.897840e-01 2.418810e+00
-2.205845e-01 -3.727535e-01 2.409322e+00
1.392700e-02 -3.557230e-01 2.399834e+00
-1.648490e-01 -4.897205e-01 2.465520e+00
-3.436250e-01 -6.237180e-01 2.531207e+00
-2.281975e-01 -6.193450e-01 2.527363e+00
-1.127700e-01 -6.149720e-01 2.523520e+00
-2.327435e-01 -8.129430e-01 2.568631e+00
-3.527170e-01 -1.010914e+00 2.613741e+00
-2.451010e-01 -1.002048e+00 2.625993e+00
-1.374850e-01 -9.931820e-01 2.638246e+00
-2.516685e-01 -1.019281e+00 2.544427e+00
-3.658520e-01 -1.045379e+00 2.450608e+00
-2.526590e-01 -1.043494e+00 2.464390e+00
-1.394660e-01 -1.041609e+00 2.478172e+00
-1.982815e-01 -2.599700e-01 2.440827e+00
-2.570970e-01 5.216690e-01 2.403482e+00
-3.413250e-01 3.720995e-01 2.471480e+00
-4.255530e-01 2.225300e-01 2.539477e+00
-2.460800e-01 2.336975e-01 2.531434e+00
-6.660700e-02 2.448650e-01 2.523391e+00
-1.599165e-01 2.639805e-01 2.481975e+00
-2.532260e-01 2.830960e-01 2.440560e+00
-2.436040e-01 1.917350e-01 2.528417e+00
-2.339820e-01 1.003740e-01 2.616275e+00
-3.368780e-01 -8.000500e-03 2.563378e+00
-4.397740e-01 -1.163750e-01 2.510482e+00
-2.269405e-01 -1.114215e-01 2.503845e+00
-1.410700e-02 -1.064680e-01 2.497208e+00
-1.186300e-01 -1.094195e-01 2.560893e+00
-2.231530e-01 -1.123710e-01 2.624577e+00
-3.543615e-01 -7.577750e-02 2.561317e+00
-4.855700e-01 -3.918400e-02 2.498056e+00
-2.177735e-01 -1.953150e-02 2.501933e+00
5.002300e-02 1.210000e-04 2.505810e+00
-2.122845e-01 -1.051870e-01 2.386518e+00
-4.745920e-01 -2.104950e-01 2.267225e+00
-2.153435e-01 -1.766495e-01 2.261732e+00
4.390500e-02 -1.428040e-01 2.256239e+00
-2.142270e-01 -1.972005e-01 2.234228e+00
-4.723590e-01 -2.515970e-01 2.212216e+00
-2.147285e-01 -2.146765e-01 2.204657e+00
4.290200e-02 -1.777560e-01 2.197097e+00
-1.506160e-01 -3.971535e-01 2.363309e+00
-3.441340e-01 -6.165510e-01 2.529521e+00
-2.280520e-01 -6.148815e-01 2.524093e+00
-1.119700e-01 -6.132120e-01 2.518665e+00
-2.335060e-01 -8.078735e-01 2.568007e+00
-3.550420e-01 -1.002535e+00 2.617348e+00
-2.454800e-01 -9.961275e-01 2.628182e+00
-1.359180e-01 -9.897200e-01 2.639017e+00
-2.495255e-01 -1.014551e+00 2.546712e+00
-3.631330e-01 -1.039382e+00 2.454408e+00
-2.478480e-01 -1.040104e+00 2.467105e+00
-1.325630e-01 -1.040827e+00 2.479802e+00
-1.958775e-01 -2.571415e-01 2.453249e+00
-2.591920e-01 5.265440e-01 2.426696e+00
-3.428615e-01 3.759790e-01 2.483747e+00
-4.265310e-01 2.254140e-01 2.540799e+00
-2.470440e-01 2.363055e-01 2.532687e+00
-6.755700e-02 2.471970e-01 2.524575e+00
-1.608350e-01 2.659620e-01 2.482929e+00
-2.541130e-01 2.847270e-01 2.441283e+00
-2.446110e-01 1.943100e-01 2.530125e+00
-2.351090e-01 1.038930e-01 2.618966e+00
-3.370965e-01 -5.076000e-03 2.565193e+00
-4.390840e-01 -1.140450e-01 2.511421e+00
-2.262550e-01 -1.099880e-01 2.504054e+00
-1.342600e-02 -1.059310e-01 2.496687e+00
-1.177385e-01 -1.086435e-01 2.560728e+00
-2.220510e-01 -1.113560e-01 2.624768e+00
-3.558050e-01 -7.120500e-02 2.556891e+00
-4.895590e-01 -3.105400e-02 2.489015e+00
-2.147805e-01 -9.155500e-03 2.489543e+00
5.999800e-02 1.274300e-02 2.490072e+00
-2.034465e-01 -6.391100e-02 2.358495e+00
-4.668910e-01 -1.405650e-01 2.226918e+00
-2.113945e-01 -1.426575e-01 2.240021e+00
4.410200e-02 -1.447500e-01 2.253124e+00
-2.168480e-01 -1.578495e-01 2.209697e+00
-4.777980e-01 -1.709490e-01 2.166270e+00
-2.187075e-01 -1.774280e-01 2.181531e+00
4.038300e-02 -1.839070e-01 2.196792e+00
-1.522805e-01 -3.993000e-01 2.362971e+00
-3.449440e-01 -6.146930e-01 2.529149e+00
-2.285905e-01 -6.133350e-01 2.525383e+00
-1.122370e-01 -6.119770e-01 2.521616e+00
-2.341865e-01 -8.064640e-01 2.568671e+00
-3.561360e-01 -1.000951e+00 2.615726e+00
-2.418500e-01 -9.967930e-01 2.622708e+00
-1.275640e-01 -9.926350e-01 2.629691e+00
-2.462400e-01 -1.014936e+00 2.541193e+00
-3.649160e-01 -1.037238e+00 2.452696e+00
-2.459795e-01 -1.037786e+00 2.460751e+00
-1.270430e-01 -1.038334e+00 2.468806e+00
-1.929960e-01 -2.545420e-01 2.449796e+00
-2.589490e-01 5.292500e-01 2.430786e+00
-3.427340e-01 3.859175e-01 2.507189e+00
-4.265190e-01 2.425850e-01 2.583593e+00
-2.476445e-01 2.512105e-01 2.565436e+00
-6.877000e-02 2.598360e-01 2.547280e+00
-1.638585e-01 2.872590e-01 2.515759e+00
-2.589470e-01 3.146820e-01 2.484239e+00
-2.466630e-01 2.102330e-01 2.555639e+00
-2.343790e-01 1.057840e-01 2.627039e+00
-3.412090e-01 1.891000e-03 2.570151e+00
-4.480390e-01 -1.020020e-01 2.513263e+00
-2.356995e-01 -9.324600e-02 2.499048e+00
-2.336000e-02 -8.449000e-02 2.484832e+00
-1.254935e-01 -8.891200e-02 2.552202e+00
-2.276270e-01 -9.333400e-02 2.619572e+00
-3.664840e-01 -4.420500e-03 2.500239e+00
-5.053410e-01 8.449300e-02 2.380905e+00
-2.021295e-01 1.539410e-01 2.361489e+00
1.010820e-01 2.233890e-01 2.342072e+00
-1.948215e-01 2.547140e-01 2.261228e+00
-4.907250e-01 2.860390e-01 2.180385e+00
-2.637070e-01 3.386375e-01 2.169183e+00
-3.668900e-02 3.912360e-01 2.157981e+00
-2.634790e-01 3.656485e-01 2.147959e+00
-4.902690e-01 3.400610e-01 2.137937e+00
-2.872510e-01 3.785540e-01 2.126783e+00
-8.423300e-02 4.170470e-01 2.115629e+00
-2.120475e-01 -9.187150e-02 2.320772e+00
-3.398620e-01 -6.007900e-01 2.525914e+00
-2.244335e-01 -5.965455e-01 2.521624e+00
-1.090050e-01 -5.923010e-01 2.517333e+00
-2.327435e-01 -7.892875e-01 2.566181e+00
-3.564820e-01 -9.862740e-01 2.615029e+00
-2.426565e-01 -9.786560e-01 2.623149e+00
-1.288310e-01 -9.710380e-01 2.631269e+00
-2.485900e-01 -9.972010e-01 2.541822e+00
-3.683490e-01 -1.023364e+00 2.452376e+00
-2.491375e-01 -1.021265e+00 2.461736e+00
-1.299260e-01 -1.019165e+00 2.471097e+00
-1.909130e-01 -2.481645e-01 2.452250e+00
-2.519000e-01 5.228360e-01 2.433404e+00
-3.264350e-01 3.789095e-01 2.474104e+00
-4.009700e-01 2.349830e-01 2.514804e+00
-2.364925e-01 2.397085e-01 2.507961e+00
-7.201500e-02 2.444340e-01 2.501119e+00
-1.575875e-01 2.626505e-01 2.457071e+00
-2.431600e-01 2.808670e-01 2.413023e+00
-2.367810e-01 1.975465e-01 2.508812e+00
-2.304020e-01 1.142260e-01 2.604600e+00
-3.293580e-01 -3.009500e-03 2.543451e+00
-4.283140e-01 -1.202450e-01 2.482303e+00
-2.280675e-01 -1.068175e-01 2.484000e+00
-2.782100e-02 -9.339000e-02 2.485697e+00
-1.289165e-01 -9.318550e-02 2.544841e+00
-2.300120e-01 -9.298100e-02 2.603984e+00
-3.676625e-01 1.653365e-01 2.478805e+00
-5.053130e-01 4.236540e-01 2.353627e+00
-2.253075e-01 4.174540e-01 2.342849e+00
5.469800e-02 4.112540e-01 2.332071e+00
-1.493225e-01 5.332305e-01 2.309212e+00
-3.533430e-01 6.552070e-01 2.286353e+00
-1.756270e-01 6.705175e-01 2.281467e+00
2.089000e-03 6.858280e-01 2.276582e+00
-1.669885e-01 6.976300e-01 2.300714e+00
-3.360660e-01 7.094320e-01 2.324845e+00
-1.614370e-01 7.312770e-01 2.304856e+00
1.319200e-02 7.531220e-01 2.284866e+00
-1.648990e-01 6.932400e-02 2.407569e+00
-3.429900e-01 -6.144740e-01 2.530272e+00
-2.266260e-01 -6.092865e-01 2.524148e+00
-1.102620e-01 -6.040990e-01 2.518024e+00
-2.325685e-01 -8.024160e-01 2.567387e+00
-3.548750e-01 -1.000733e+00 2.616751e+00
-2.403265e-01 -9.921400e-01 2.623501e+00
-1.257780e-01 -9.835470e-01 2.630250e+00
-2.404750e-01 -1.010406e+00 2.541895e+00
-3.551720e-01 -1.037265e+00 2.453540e+00
-2.371910e-01 -1.034228e+00 2.461803e+00
-1.192100e-01 -1.031192e+00 2.470065e+00
-1.749520e-01 -2.425270e-01 2.453489e+00
-2.306940e-01 5.461380e-01 2.436914e+00
-3.167690e-01 3.925645e-01 2.483702e+00
-4.028440e-01 2.389910e-01 2.530491e+00
-2.374360e-01 2.440155e-01 2.517646e+00
-7.202800e-02 2.490400e-01 2.504801e+00
-1.600640e-01 2.699165e-01 2.465256e+00
-2.481000e-01 2.907930e-01 2.425712e+00
-2.383860e-01 2.018620e-01 2.516018e+00
-2.286720e-01 1.129310e-01 2.606325e+00
-3.308175e-01 -2.826500e-03 2.552362e+00
-4.329630e-01 -1.185840e-01 2.498399e+00
-2.334740e-01 -1.038385e-01 2.482012e+00
-3.398500e-02 -8.909300e-02 2.465626e+00
-1.294060e-01 -8.858500e-02 2.533544e+00
-2.248270e-01 -8.807700e-02 2.601462e+00
-3.589225e-01 1.703170e-01 2.481588e+00
-4.930180e-01 4.287110e-01 2.361715e+00
-2.173500e-01 4.162090e-01 2.344239e+00
5.831800e-02 4.037070e-01 2.326762e+00
-1.176030e-01 5.082355e-01 2.300279e+00
-2.935240e-01 6.127640e-01 2.273795e+00
-1.136480e-01 6.480130e-01 2.272039e+00
6.622800e-02 6.832620e-01 2.270283e+00
-8.685200e-02 6.619480e-01 2.288407e+00
-2.399320e-01 6.406340e-01 2.306531e+00
-5.980650e-02 6.816855e-01 2.280721e+00
1.203190e-01 7.227370e-01 2.254910e+00
-1.107715e-01 5.497200e-02 2.392803e+00
-3.418620e-01 -6.127930e-01 2.530696e+00
-2.260870e-01 -6.062120e-01 2.523079e+00
-1.103120e-01 -5.996310e-01 2.515461e+00
-2.333125e-01 -7.995045e-01 2.565385e+00
-3.563130e-01 -9.993780e-01 2.615308e+00
-2.465820e-01 -9.871180e-01 2.627264e+00
-1.368510e-01 -9.748580e-01 2.639220e+00
-2.539245e-01 -1.004666e+00 2.545831e+00
-3.709980e-01 -1.034475e+00 2.452442e+00
-2.562865e-01 -1.030698e+00 2.466396e+00
-1.415750e-01 -1.026922e+00 2.480350e+00
-1.871980e-01 -2.421955e-01 2.461609e+00
-2.328210e-01 5.425310e-01 2.442868e+00
-3.167615e-01 3.885330e-01 2.491832e+00
-4.007020e-01 2.345350e-01 2.540796e+00
-2.353180e-01 2.450750e-01 2.522100e+00
-6.993400e-02 2.556150e-01 2.503405e+00
-1.604385e-01 2.749600e-01 2.467789e+00
-2.509430e-01 2.943050e-01 2.432173e+00
-2.352865e-01 2.029695e-01 2.519185e+00
-2.196300e-01 1.116340e-01 2.606197e+00
-3.279710e-01 -9.880000e-04 2.556860e+00
-4.363120e-01 -1.136100e-01 2.507523e+00
-2.358705e-01 -9.951300e-02 2.484189e+00
-3.542900e-02 -8.541600e-02 2.460854e+00
-1.292140e-01 -8.528250e-02 2.532144e+00
-2.229990e-01 -8.514900e-02 2.603433e+00
-3.570355e-01 1.671615e-01 2.484973e+00
-4.910720e-01 4.194720e-01 2.366512e+00
-2.157830e-01 4.139530e-01 2.344632e+00
5.950600e-02 4.084340e-01 2.322753e+00
-1.086510e-01 4.910220e-01 2.290122e+00
-2.768080e-01 5.736100e-01 2.257492e+00
-8.241100e-02 6.278235e-01 2.258737e+00
1.119860e-01 6.820370e-01 2.259982e+00
-5.001700e-02 6.356340e-01 2.267085e+00
-2.120200e-01 5.892310e-01 2.274189e+00
-2.541350e-02 6.445010e-01 2.244811e+00
1.611930e-01 6.997710e-01 2.215434e+00
-8.996900e-02 4.553300e-02 2.373341e+00
-3.411310e-01 -6.087050e-01 2.531247e+00
-2.260035e-01 -6.021755e-01 2.522225e+00
-1.108760e-01 -5.956460e-01 2.513202e+00
-2.334320e-01 -7.953200e-01 2.565167e+00
-3.559880e-01 -9.949940e-01 2.617131e+00
-2.450345e-01 -9.834410e-01 2.625828e+00
-1.340810e-01 -9.718880e-01 2.634526e+00
-2.550330e-01 -1.001094e+00 2.544701e+00
-3.759850e-01 -1.030299e+00 2.454877e+00
-2.598875e-01 -1.026444e+00 2.465159e+00
-1.437900e-01 -1.022588e+00 2.475442e+00
-1.882540e-01 -2.403680e-01 2.458887e+00
-2.327180e-01 5.418520e-01 2.442333e+00
-3.169330e-01 3.907190e-01 2.487112e+00
-4.011480e-01 2.395860e-01 2.531891e+00
-2.360035e-01 2.446465e-01 2.517304e+00
-7.085900e-02 2.497070e-01 2.502717e+00
-1.585660e-01 2.694570e-01 2.463484e+00
-2.462730e-01 2.892070e-01 2.424252e+00
-2.354610e-01 2.025070e-01 2.516580e+00
-2.246490e-01 1.158070e-01 2.608909e+00
-3.317840e-01 -3.985000e-04 2.556658e+00
-4.389190e-01 -1.166040e-01 2.504407e+00
-2.373575e-01 -1.025665e-01 2.494613e+00
-3.579600e-02 -8.852900e-02 2.484819e+00
-1.340780e-01 -8.953400e-02 2.549761e+00
-2.323600e-01 -9.053900e-02 2.614703e+00
-3.636665e-01 1.605020e-01 2.482678e+00
-4.949730e-01 4.115430e-01 2.350652e+00
-2.273965e-01 4.135165e-01 2.338076e+00
4.018000e-02 4.154900e-01 2.325499e+00
-2.157630e-01 5.408790e-01 2.278037e+00
-4.717060e-01 6.662680e-01 2.230574e+00
-2.647060e-01 6.711355e-01 2.253560e+00
-5.770600e-02 6.760030e-01 2.276546e+00
-2.797540e-01 7.020065e-01 2.254357e+00
-5.018020e-01 7.280100e-01 2.232167e+00
-2.824695e-01 7.302635e-01 2.273703e+00
-6.313700e-02 7.325170e-01 2.315239e+00
-2.032190e-01 6.045100e-02 2.426586e+00
-3.433010e-01 -6.116150e-01 2.537934e+00
-2.271380e-01 -6.054205e-01 2.529919e+00
-1.109750e-01 -5.992260e-01 2.521904e+00
-2.346420e-01 -7.990225e-01 2.570735e+00
-3.583090e-01 -9.988190e-01 2.619565e+00
-2.472145e-01 -9.872490e-01 2.630873e+00
-1.361200e-01 -9.756790e-01 2.642182e+00
-2.515865e-01 -1.004314e+00 2.549125e+00
-3.670530e-01 -1.032949e+00 2.456068e+00
-2.504625e-01 -1.029831e+00 2.469496e+00
-1.338720e-01 -1.026713e+00 2.482924e+00
-1.932380e-01 -2.415615e-01 2.459262e+00
-2.526040e-01 5.435900e-01 2.435601e+00
-3.275260e-01 3.925000e-01 2.486071e+00
-4.024480e-01 2.414100e-01 2.536542e+00
-2.367715e-01 2.454815e-01 2.521982e+00
-7.109500e-02 2.495530e-01 2.507422e+00
-1.587420e-01 2.710050e-01 2.468739e+00
-2.463890e-01 2.924570e-01 2.430057e+00
-2.362805e-01 2.033775e-01 2.520174e+00
-2.261720e-01 1.142980e-01 2.610290e+00
-3.306375e-01 5.685000e-04 2.561376e+00
-4.351030e-01 -1.131610e-01 2.512462e+00
-2.340170e-01 -1.012220e-01 2.493967e+00
-3.293100e-02 -8.928300e-02 2.475472e+00
-1.283450e-01 -8.892900e-02 2.544566e+00
-2.237590e-01 -8.857500e-02 2.613659e+00
-3.591130e-01 1.606435e-01 2.483220e+00
-4.944670e-01 4.098620e-01 2.352781e+00
-2.277475e-01 4.124430e-01 2.341902e+00
3.897200e-02 4.150240e-01 2.331023e+00
-2.319915e-01 5.380635e-01 2.278717e+00
-5.029550e-01 6.611030e-01 2.226411e+00
-2.965600e-01 6.601385e-01 2.251896e+00
-9.016500e-02 6.591740e-01 2.277381e+00
-3.170910e-01 6.876475e-01 2.250546e+00
-5.440170e-01 7.161210e-01 2.223711e+00
-3.313730e-01 7.144045e-01 2.266676e+00
-1.187290e-01 7.126880e-01 2.309642e+00
-2.312205e-01 5.157050e-02 2.422880e+00
-3.437120e-01 -6.095470e-01 2.536119e+00
-2.265980e-01 -6.042045e-01 2.527325e+00
-1.094840e-01 -5.988620e-01 2.518531e+00
-2.324530e-01 -7.977745e-01 2.568562e+00
-3.554220e-01 -9.966870e-01 2.618592e+00
-2.470435e-01 -9.852830e-01 2.630462e+00
-1.386650e-01 -9.738790e-01 2.642332e+00
-2.554355e-01 -1.002376e+00 2.549034e+00
-3.722060e-01 -1.030872e+00 2.455735e+00
-2.572870e-01 -1.028454e+00 2.469600e+00
-1.423680e-01 -1.026036e+00 2.483465e+00
-1.955255e-01 -2.416190e-01 2.463054e+00
-2.486830e-01 5.427980e-01 2.442642e+00
-3.263995e-01 3.909995e-01 2.490867e+00
-4.041160e-01 2.392010e-01 2.539091e+00
-2.366275e-01 2.456485e-01 2.526360e+00
-6.913900e-02 2.520960e-01 2.513629e+00
-1.573570e-01 2.723135e-01 2.473974e+00
-2.455750e-01 2.925310e-01 2.434320e+00
-2.352935e-01 2.035655e-01 2.524530e+00
-2.250120e-01 1.146000e-01 2.614740e+00
-3.328055e-01 -2.710000e-04 2.559583e+00
-4.405990e-01 -1.151420e-01 2.504426e+00
-2.361960e-01 -1.005265e-01 2.498031e+00
-3.179300e-02 -8.591100e-02 2.491637e+00
-1.324975e-01 -8.784350e-02 2.554974e+00
-2.332020e-01 -8.977600e-02 2.618310e+00
-3.753145e-01 1.471920e-01 2.484197e+00
-5.174270e-01 3.841600e-01 2.350084e+00
-2.374505e-01 3.939590e-01 2.339518e+00
4.252600e-02 4.037580e-01 2.328952e+00
-2.541740e-01 5.123410e-01 2.267361e+00
-5.508740e-01 6.209240e-01 2.205770e+00
-3.564090e-01 6.010635e-01 2.233055e+00
-1.619440e-01 5.812030e-01 2.260341e+00
-3.810395e-01 6.247485e-01 2.229523e+00
-6.001350e-01 6.682940e-01 2.198706e+00
-4.067615e-01 6.451480e-01 2.239639e+00
-2.133880e-01 6.220020e-01 2.280572e+00
-2.784460e-01 6.117500e-03 2.409423e+00
-3.435040e-01 -6.097670e-01 2.538275e+00
-2.284445e-01 -6.035935e-01 2.531228e+00
-1.133850e-01 -5.974200e-01 2.524181e+00
-2.337505e-01 -7.972170e-01 2.572286e+00
-3.541160e-01 -9.970140e-01 2.620390e+00
-2.384900e-01 -9.880800e-01 2.624753e+00
-1.228640e-01 -9.791460e-01 2.629116e+00
-2.416670e-01 -1.005331e+00 2.542988e+00
-3.604700e-01 -1.031516e+00 2.456861e+00
-2.414595e-01 -1.027502e+00 2.462357e+00
-1.224490e-01 -1.023487e+00 2.467852e+00
-1.828705e-01 -2.417270e-01 2.447863e+00
-2.432920e-01 5.400330e-01 2.427874e+00
-3.232785e-01 3.912555e-01 2.482230e+00
-4.032650e-01 2.424780e-01 2.536586e+00
-6.539700e-02 2.503520e-01 2.511880e+00
-2.420310e-01 2.911350e-01 2.431012e+00
-2.244690e-01 1.174500e-01 2.615832e+00
-4.395290e-01 -1.156280e-01 2.504163e+00
-3.073000e-02 -8.593700e-02 2.492266e+00
-2.324060e-01 -9.008400e-02 2.618504e+00
-5.333230e-01 3.642100e-01 2.340969e+00
5.473400e-02 3.835910e-01 2.317418e+00
-5.490520e-01 6.085770e-01 2.204899e+00
-1.575030e-01 5.542690e-01 2.251830e+00
-6.027530e-01 6.505460e-01 2.196229e+00
-2.051030e-01 6.032560e-01 2.259243e+00
-3.448850e-01 -6.099420e-01 2.538335e+00
-1.114830e-01 -5.975170e-01 2.524639e+00
-3.571110e-01 -9.981360e-01 2.615611e+00
-1.373940e-01 -9.751180e-01 2.641095e+00
-3.630900e-01 -1.030587e+00 2.451648e+00
-1.335410e-01 -1.024637e+00 2.481390e+00
-2.404810e-01 5.433940e-01 2.429979e+00
-4.091270e-01 2.497690e-01 2.539755e+00
-4.982400e-02 2.505460e-01 2.562127e+00
-2.242640e-01 3.082460e-01 2.465220e+00
-2.336430e-01 1.089410e-01 2.622774e+00
-4.364620e-01 -1.065550e-01 2.479955e+00
-1.770000e-02 -9.018500e-02 2.516118e+00
-2.377910e-01 -8.945700e-02 2.618025e+00
-5.170390e-01 1.590700e-02 2.478445e+00
9.545500e-02 7.900200e-02 2.422262e+00
-4.679500e-01 1.571390e-01 2.241320e+00
-6.023200e-02 1.899220e-01 2.217219e+00
-4.489190e-01 1.937590e-01 2.186391e+00
-1.066510e-01 2.097550e-01 2.170610e+00
-3.442760e-01 -6.031280e-01 2.541184e+00
-1.140760e-01 -5.992490e-01 2.523116e+00
-3.565250e-01 -9.919810e-01 2.615070e+00
-1.257520e-01 -9.805710e-01 2.629291e+00
-3.431170e-01 -1.023509e+00 2.451367e+00
-1.074840e-01 -1.025684e+00 2.469280e+00
-2.585510e-01 5.223170e-01 2.423337e+00
