-3.599090e-01 3.248080e-01 2.802713e+00
-1.785160e-01 3.301005e-01 2.783352e+00
2.877000e-03 3.353930e-01 2.763991e+00
-9.449300e-02 3.571335e-01 2.717816e+00
-1.918630e-01 3.788740e-01 2.671642e+00
-1.780340e-01 2.860780e-01 2.775838e+00
-1.642050e-01 1.932820e-01 2.880034e+00
-2.630685e-01 8.154800e-02 2.822545e+00
-3.619320e-01 -3.018600e-02 2.765056e+00
-1.783730e-01 -3.247550e-02 2.746343e+00
5.186000e-03 -3.476500e-02 2.727630e+00
-7.944650e-02 -3.871200e-02 2.807715e+00
-1.640790e-01 -4.265900e-02 2.887801e+00
-2.866450e-01 2.587500e-03 2.847283e+00
-4.092110e-01 4.783400e-02 2.806765e+00
-1.777700e-01 5.324650e-02 2.785247e+00
5.367100e-02 5.865900e-02 2.763729e+00
-1.737700e-01 -9.175600e-02 2.762244e+00
-4.012110e-01 -2.421710e-01 2.760760e+00
-1.802215e-01 -2.359820e-01 2.735261e+00
4.076800e-02 -2.297930e-01 2.709762e+00
-1.763310e-01 -2.706460e-01 2.736006e+00
-3.934300e-01 -3.114990e-01 2.762249e+00
-1.885305e-01 -3.020545e-01 2.726954e+00
1.636900e-02 -2.926100e-01 2.691658e+00
-1.395355e-01 -4.276380e-01 2.743435e+00
-2.954400e-01 -5.626660e-01 2.795211e+00
-1.796550e-01 -5.628185e-01 2.793330e+00
-6.387000e-02 -5.629710e-01 2.791448e+00
-1.822850e-01 -7.664895e-01 2.863697e+00
-3.007000e-01 -9.700080e-01 2.935946e+00
-1.843080e-01 -9.722065e-01 2.927858e+00
-6.791600e-02 -9.744050e-01 2.919770e+00
-1.947140e-01 -9.982560e-01 2.852070e+00
-3.215120e-01 -1.022107e+00 2.784371e+00
-2.001220e-01 -1.022215e+00 2.775081e+00
-7.873200e-02 -1.022323e+00 2.765791e+00
-1.234055e-01 -2.039520e-01 2.739396e+00
-1.680790e-01 6.144190e-01 2.713000e+00
-2.651655e-01 4.687475e-01 2.758530e+00
-3.622520e-01 3.230760e-01 2.804060e+00
-1.809325e-01 3.266600e-01 2.783648e+00
3.870000e-04 3.302440e-01 2.763236e+00
-9.703350e-02 3.531195e-01 2.717721e+00
-1.944540e-01 3.759950e-01 2.672206e+00
-1.809285e-01 2.826640e-01 2.775962e+00
-1.674030e-01 1.893330e-01 2.879719e+00
-2.647935e-01 7.953150e-02 2.822095e+00
-3.621840e-01 -3.027000e-02 2.764472e+00
-1.786910e-01 -3.295250e-02 2.745176e+00
4.802000e-03 -3.563500e-02 2.725879e+00
-7.959000e-02 -3.969350e-02 2.806212e+00
-1.639820e-01 -4.375200e-02 2.886545e+00
-2.855690e-01 4.905000e-04 2.846833e+00
-4.071560e-01 4.473300e-02 2.807120e+00
-1.764165e-01 4.913150e-02 2.782930e+00
5.432300e-02 5.353000e-02 2.758740e+00
-1.741930e-01 -9.571650e-02 2.756907e+00
-4.027090e-01 -2.449630e-01 2.755074e+00
-1.822120e-01 -2.409225e-01 2.734233e+00
3.828500e-02 -2.368820e-01 2.713392e+00
-1.775225e-01 -2.752385e-01 2.738442e+00
-3.933300e-01 -3.135950e-01 2.763492e+00
-1.889735e-01 -3.062120e-01 2.727182e+00
1.538300e-02 -2.988290e-01 2.690873e+00
-1.396225e-01 -4.308655e-01 2.743059e+00
-2.946280e-01 -5.629020e-01 2.795245e+00
-1.790685e-01 -5.631605e-01 2.792700e+00
-6.350900e-02 -5.634190e-01 2.790154e+00
-1.845780e-01 -7.679570e-01 2.859546e+00
-3.056470e-01 -9.724950e-01 2.928937e+00
-1.866685e-01 -9.730855e-01 2.925562e+00
-6.769000e-02 -9.736760e-01 2.922188e+00
-1.968600e-01 -9.977125e-01 2.849272e+00
-3.260300e-01 -1.021749e+00 2.776355e+00
-2.023250e-01 -1.022363e+00 2.772505e+00
-7.862000e-02 -1.022977e+00 2.768655e+00
-1.250555e-01 -2.174840e-01 2.743449e+00
-1.714910e-01 5.880090e-01 2.718244e+00
-2.665660e-01 4.532595e-01 2.759926e+00
-3.616410e-01 3.185100e-01 2.801609e+00
-1.802715e-01 3.244150e-01 2.782204e+00
1.098000e-03 3.303200e-01 2.762799e+00
-9.634750e-02 3.522940e-01 2.716896e+00
-1.937930e-01 3.742680e-01 2.670992e+00
-1.796915e-01 2.804705e-01 2.774250e+00
-1.655900e-01 1.866730e-01 2.877509e+00
-2.642395e-01 7.788000e-02 2.819238e+00
-3.628890e-01 -3.091300e-02 2.760967e+00
-1.793820e-01 -3.497350e-02 2.742044e+00
4.125000e-03 -3.903400e-02 2.723121e+00
-8.044500e-02 -4.199950e-02 2.803314e+00
-1.650150e-01 -4.496500e-02 2.883508e+00
-2.849585e-01 -3.087000e-03 2.845866e+00
-4.049020e-01 3.879100e-02 2.808224e+00
-1.753365e-01 4.551500e-02 2.784298e+00
5.422900e-02 5.223900e-02 2.760372e+00
-1.751805e-01 -1.004695e-01 2.761255e+00
-4.045900e-01 -2.531780e-01 2.762138e+00
-1.806975e-01 -2.460120e-01 2.736167e+00
4.319500e-02 -2.388460e-01 2.710195e+00
-1.768570e-01 -2.795525e-01 2.744973e+00
-3.969090e-01 -3.202590e-01 2.779750e+00
-1.905260e-01 -3.103380e-01 2.735879e+00
1.585700e-02 -3.004170e-01 2.692008e+00
-1.391870e-01 -4.321715e-01 2.744692e+00
-2.942310e-01 -5.639260e-01 2.797375e+00
-1.781240e-01 -5.646625e-01 2.793958e+00
-6.201700e-02 -5.653990e-01 2.790541e+00
-1.833955e-01 -7.691435e-01 2.861782e+00
-3.047740e-01 -9.728880e-01 2.933022e+00
-1.863785e-01 -9.746405e-01 2.926607e+00
-6.798300e-02 -9.763930e-01 2.920192e+00
-1.963375e-01 -9.996565e-01 2.850412e+00
-3.246920e-01 -1.022920e+00 2.780632e+00
-2.016530e-01 -1.023845e+00 2.773489e+00
-7.861400e-02 -1.024771e+00 2.766345e+00
-1.341385e-01 -2.204765e-01 2.738154e+00
-1.896630e-01 5.838180e-01 2.709962e+00
-2.768715e-01 4.518340e-01 2.757783e+00
-3.640800e-01 3.198500e-01 2.805605e+00
-1.828490e-01 3.245375e-01 2.784641e+00
-1.618000e-03 3.292250e-01 2.763676e+00
-9.927700e-02 3.528820e-01 2.719082e+00
-1.969360e-01 3.765390e-01 2.674488e+00
-1.827295e-01 2.807430e-01 2.775880e+00
-1.685230e-01 1.849470e-01 2.877273e+00
-2.661315e-01 7.748050e-02 2.825011e+00
-3.637400e-01 -2.998600e-02 2.772750e+00
-1.817965e-01 -3.447750e-02 2.742324e+00
1.470000e-04 -3.896900e-02 2.711898e+00
-7.918350e-02 -4.069650e-02 2.797313e+00
-1.585140e-01 -4.242400e-02 2.882728e+00
-2.796455e-01 -1.774000e-03 2.848708e+00
-4.007770e-01 3.887600e-02 2.814688e+00
-1.744030e-01 4.485500e-02 2.788583e+00
5.197100e-02 5.083400e-02 2.762477e+00
-1.783720e-01 -1.006355e-01 2.761782e+00
-4.087150e-01 -2.521050e-01 2.761088e+00
-1.832240e-01 -2.464295e-01 2.736841e+00
4.226700e-02 -2.407540e-01 2.712593e+00
-1.824125e-01 -2.810725e-01 2.740901e+00
-4.070920e-01 -3.213910e-01 2.769208e+00
-1.917415e-01 -3.142890e-01 2.735712e+00
2.360900e-02 -3.071870e-01 2.702215e+00
-1.368940e-01 -4.357605e-01 2.748465e+00
-2.973970e-01 -5.643340e-01 2.794715e+00
-1.802855e-01 -5.644570e-01 2.792320e+00
-6.317400e-02 -5.645800e-01 2.789924e+00
-1.821515e-01 -7.684795e-01 2.861686e+00
-3.011290e-01 -9.723790e-01 2.933447e+00
-1.848840e-01 -9.739125e-01 2.926725e+00
-6.863900e-02 -9.754460e-01 2.920004e+00
-1.999715e-01 -9.993450e-01 2.851517e+00
-3.313040e-01 -1.023244e+00 2.783031e+00
-2.101295e-01 -1.023420e+00 2.775046e+00
-8.895500e-02 -1.023597e+00 2.767061e+00
-1.404875e-01 -2.088670e-01 2.736212e+00
-1.920200e-01 6.058630e-01 2.705364e+00
-2.768655e-01 4.636800e-01 2.755321e+00
-3.617110e-01 3.214970e-01 2.805279e+00
-1.805810e-01 3.228560e-01 2.782999e+00
5.490000e-04 3.242150e-01 2.760720e+00
-9.701850e-02 3.488895e-01 2.716477e+00
-1.945860e-01 3.735640e-01 2.672235e+00
-1.812540e-01 2.789495e-01 2.774849e+00
-1.679220e-01 1.843350e-01 2.877462e+00
-2.658755e-01 7.476450e-02 2.827609e+00
-3.638290e-01 -3.480600e-02 2.777756e+00
-1.826580e-01 -3.695700e-02 2.742804e+00
-1.487000e-03 -3.910800e-02 2.707852e+00
-7.864800e-02 -4.244350e-02 2.795184e+00
-1.558090e-01 -4.577900e-02 2.882516e+00
-2.819660e-01 -4.833000e-03 2.849667e+00
-4.081230e-01 3.611300e-02 2.816818e+00
-1.780935e-01 3.784700e-02 2.793073e+00
5.193600e-02 3.958100e-02 2.769327e+00
-1.958830e-01 -1.110065e-01 2.774567e+00
-4.437020e-01 -2.615940e-01 2.779808e+00
-1.763345e-01 -2.579175e-01 2.745391e+00
9.103300e-02 -2.542410e-01 2.710973e+00
-1.873465e-01 -2.902975e-01 2.738497e+00
-4.657260e-01 -3.263540e-01 2.766021e+00
-1.769945e-01 -3.229045e-01 2.731649e+00
1.117370e-01 -3.194550e-01 2.697278e+00
-9.171300e-02 -4.436800e-01 2.747006e+00
-2.951630e-01 -5.679050e-01 2.796735e+00
-1.788820e-01 -5.668530e-01 2.792741e+00
-6.260100e-02 -5.658010e-01 2.788748e+00
-1.815745e-01 -7.709690e-01 2.861806e+00
-3.005480e-01 -9.761370e-01 2.934863e+00
-1.847605e-01 -9.762045e-01 2.927445e+00
-6.897300e-02 -9.762720e-01 2.920026e+00
-2.013645e-01 -1.001356e+00 2.852463e+00
-3.337560e-01 -1.026440e+00 2.784899e+00
-2.131700e-01 -1.025543e+00 2.776263e+00
-9.258400e-02 -1.024646e+00 2.767628e+00
-1.417800e-01 -2.064175e-01 2.743392e+00
-1.909760e-01 6.118110e-01 2.719157e+00
-2.765250e-01 4.654720e-01 2.758674e+00
-3.620740e-01 3.191330e-01 2.798190e+00
-1.803225e-01 3.219620e-01 2.781918e+00
1.429000e-03 3.247910e-01 2.765647e+00
-9.485100e-02 3.472370e-01 2.717564e+00
-1.911310e-01 3.696830e-01 2.669482e+00
-1.802660e-01 2.778580e-01 2.774882e+00
-1.694010e-01 1.860330e-01 2.880282e+00
-2.644885e-01 7.484900e-02 2.824557e+00
-3.595760e-01 -3.633500e-02 2.768832e+00
-1.788265e-01 -3.751650e-02 2.741722e+00
1.923000e-03 -3.869800e-02 2.714613e+00
-7.792350e-02 -4.219300e-02 2.798539e+00
-1.577700e-01 -4.568800e-02 2.882464e+00
-2.984250e-01 -3.565500e-03 2.853749e+00
-4.390800e-01 3.855700e-02 2.825033e+00
-1.745330e-01 4.245750e-02 2.795916e+00
9.001400e-02 4.635800e-02 2.766799e+00
-2.334650e-01 -9.631350e-02 2.772823e+00
-5.569440e-01 -2.389850e-01 2.778847e+00
-1.703645e-01 -2.293660e-01 2.733087e+00
2.162150e-01 -2.197470e-01 2.687327e+00
-1.912420e-01 -2.548395e-01 2.721577e+00
-5.986990e-01 -2.899320e-01 2.755826e+00
-1.728540e-01 -2.843455e-01 2.724500e+00
2.529910e-01 -2.787590e-01 2.693175e+00
-2.316400e-02 -4.232220e-01 2.745321e+00
-2.993190e-01 -5.676850e-01 2.797466e+00
-1.812955e-01 -5.675510e-01 2.791452e+00
-6.327200e-02 -5.674170e-01 2.785438e+00
-1.829410e-01 -7.749000e-01 2.850137e+00
-3.026100e-01 -9.823830e-01 2.914835e+00
-1.858295e-01 -9.796255e-01 2.917363e+00
-6.904900e-02 -9.768680e-01 2.919891e+00
-1.997915e-01 -1.001200e+00 2.840745e+00
-3.305340e-01 -1.025531e+00 2.761600e+00
-2.083775e-01 -1.026159e+00 2.764365e+00
-8.622100e-02 -1.026788e+00 2.767130e+00
-1.421620e-01 -2.075895e-01 2.748367e+00
-1.981030e-01 6.116090e-01 2.729604e+00
-2.805375e-01 4.642355e-01 2.766355e+00
-3.629720e-01 3.168620e-01 2.803106e+00
-1.814710e-01 3.224550e-01 2.784876e+00
3.000000e-05 3.280480e-01 2.766646e+00
-9.708450e-02 3.497330e-01 2.719911e+00
-1.941990e-01 3.714180e-01 2.673177e+00
-1.808775e-01 2.784470e-01 2.777283e+00
-1.675560e-01 1.854760e-01 2.881389e+00
-2.602275e-01 7.618150e-02 2.814865e+00
-3.528990e-01 -3.311300e-02 2.748342e+00
-1.745420e-01 -3.684400e-02 2.737610e+00
3.815000e-03 -4.057500e-02 2.726878e+00
-8.116300e-02 -4.228850e-02 2.803301e+00
-1.661410e-01 -4.400200e-02 2.879724e+00
-3.374675e-01 1.065000e-02 2.851802e+00
-5.087940e-01 6.530200e-02 2.823881e+00
-1.785330e-01 7.281300e-02 2.783027e+00
1.517280e-01 8.032400e-02 2.742173e+00
-2.892825e-01 -2.551650e-02 2.748073e+00
-7.302930e-01 -1.313570e-01 2.753972e+00
-1.782385e-01 -1.183585e-01 2.701111e+00
3.738160e-01 -1.053600e-01 2.648251e+00
-1.961095e-01 -1.478360e-01 2.695728e+00
-7.660350e-01 -1.903120e-01 2.743206e+00
-1.684760e-01 -1.689705e-01 2.693078e+00
4.290830e-01 -1.476290e-01 2.642950e+00
6.466350e-02 -3.559980e-01 2.719986e+00
-2.997560e-01 -5.643670e-01 2.797022e+00
-1.833465e-01 -5.666480e-01 2.791753e+00
-6.693700e-02 -5.689290e-01 2.786483e+00
-1.848530e-01 -7.737080e-01 2.851453e+00
-3.027690e-01 -9.784870e-01 2.916423e+00
-1.863595e-01 -9.783425e-01 2.919000e+00
-6.995000e-02 -9.781980e-01 2.921577e+00
-1.936480e-01 -1.000590e+00 2.841653e+00
-3.173460e-01 -1.022983e+00 2.761729e+00
-1.962245e-01 -1.025891e+00 2.764946e+00
-7.510300e-02 -1.028800e+00 2.768164e+00
-1.364265e-01 -2.242625e-01 2.750692e+00
-1.977500e-01 5.802750e-01 2.733220e+00
-2.786850e-01 4.527295e-01 2.771357e+00
-3.596200e-01 3.251840e-01 2.809493e+00
-1.782675e-01 3.234820e-01 2.789128e+00
3.085000e-03 3.217800e-01 2.768763e+00
-9.381200e-02 3.438820e-01 2.721773e+00
-1.907090e-01 3.659840e-01 2.674782e+00
-1.792340e-01 2.791000e-01 2.784229e+00
-1.677590e-01 1.922160e-01 2.893676e+00
-2.611785e-01 8.094850e-02 2.824078e+00
-3.545980e-01 -3.031900e-02 2.754480e+00
-1.744500e-01 -3.407650e-02 2.740719e+00
5.698000e-03 -3.783400e-02 2.726958e+00
-7.904300e-02 -4.010650e-02 2.804788e+00
-1.637840e-01 -4.237900e-02 2.882619e+00
-3.845895e-01 6.564400e-02 2.844269e+00
-6.053950e-01 1.736670e-01 2.805919e+00
-1.782965e-01 1.771310e-01 2.759658e+00
2.488020e-01 1.805950e-01 2.713398e+00
-3.180910e-01 1.590245e-01 2.706283e+00
-8.849840e-01 1.374540e-01 2.699169e+00
-1.829960e-01 1.578515e-01 2.639447e+00
5.189920e-01 1.782490e-01 2.579724e+00
-2.154530e-01 1.463345e-01 2.633864e+00
-9.498980e-01 1.144200e-01 2.688004e+00
-1.839930e-01 1.421060e-01 2.648343e+00
5.819120e-01 1.697920e-01 2.608682e+00
1.414505e-01 -1.960245e-01 2.704022e+00
-2.990110e-01 -5.618410e-01 2.799361e+00
-1.857415e-01 -5.644175e-01 2.791514e+00
-7.247200e-02 -5.669940e-01 2.783667e+00
-1.874290e-01 -7.695690e-01 2.857471e+00
-3.023860e-01 -9.721440e-01 2.931276e+00
-1.851995e-01 -9.747960e-01 2.923177e+00
-6.801300e-02 -9.774480e-01 2.915078e+00
-1.939900e-01 -9.993185e-01 2.846678e+00
-3.199670e-01 -1.021189e+00 2.778279e+00
-1.985010e-01 -1.023966e+00 2.769849e+00
-7.703500e-02 -1.026742e+00 2.761418e+00
-1.324740e-01 -2.104985e-01 2.736098e+00
-1.879130e-01 6.057450e-01 2.710779e+00
-2.755955e-01 4.624095e-01 2.759963e+00
-3.632780e-01 3.190740e-01 2.809147e+00
-1.818960e-01 3.216995e-01 2.789148e+00
-5.140000e-04 3.243250e-01 2.769149e+00
-9.784250e-02 3.430120e-01 2.721572e+00
-1.951710e-01 3.616990e-01 2.673996e+00
-1.816995e-01 2.772230e-01 2.785088e+00
-1.682280e-01 1.927470e-01 2.896180e+00
-2.647370e-01 8.214600e-02 2.824199e+00
-3.612460e-01 -2.845500e-02 2.752219e+00
-1.737195e-01 -3.260750e-02 2.737223e+00
1.380700e-02 -3.676000e-02 2.722227e+00
-7.434000e-02 -3.743750e-02 2.800721e+00
-1.624870e-01 -3.811500e-02 2.879215e+00
-4.032640e-01 1.105295e-01 2.830737e+00
-6.440410e-01 2.591740e-01 2.782259e+00
-1.879525e-01 2.609325e-01 2.733374e+00
2.681360e-01 2.626910e-01 2.684489e+00
-3.185695e-01 2.967485e-01 2.667717e+00
-9.052750e-01 3.308060e-01 2.650944e+00
-1.968305e-01 3.556995e-01 2.601694e+00
5.116140e-01 3.805930e-01 2.552444e+00
-2.271525e-01 3.675950e-01 2.614197e+00
-9.659190e-01 3.545970e-01 2.675951e+00
-1.995155e-01 3.887050e-01 2.611402e+00
5.668880e-01 4.228130e-01 2.546853e+00
1.349705e-01 -6.894350e-02 2.671692e+00
-2.969470e-01 -5.607000e-01 2.796531e+00
-1.847375e-01 -5.632455e-01 2.789083e+00
-7.252800e-02 -5.657910e-01 2.781634e+00
-1.868655e-01 -7.691435e-01 2.852657e+00
-3.012030e-01 -9.724960e-01 2.923679e+00
-1.861155e-01 -9.747980e-01 2.917044e+00
-7.102800e-02 -9.771000e-01 2.910410e+00
-1.949765e-01 -9.984120e-01 2.840269e+00
-3.189250e-01 -1.019724e+00 2.770128e+00
-1.997795e-01 -1.022531e+00 2.763289e+00
-8.063400e-02 -1.025338e+00 2.756450e+00
-1.306575e-01 -2.089535e-01 2.739436e+00
-1.806810e-01 6.074310e-01 2.722422e+00
-2.713960e-01 4.640820e-01 2.766707e+00
-3.621110e-01 3.207330e-01 2.810992e+00
-1.817895e-01 3.186800e-01 2.791292e+00
-1.468000e-03 3.166270e-01 2.771592e+00
-9.729500e-02 3.399210e-01 2.724599e+00
-1.931220e-01 3.632150e-01 2.677606e+00
-1.823400e-01 2.743880e-01 2.785553e+00
-1.715580e-01 1.855610e-01 2.893501e+00
-2.666105e-01 7.851250e-02 2.829575e+00
-3.616630e-01 -2.853600e-02 2.765649e+00
-1.720115e-01 -3.480700e-02 2.741739e+00
1.764000e-02 -4.107800e-02 2.717828e+00
-6.842250e-02 -4.213900e-02 2.800389e+00
-1.544850e-01 -4.320000e-02 2.882950e+00
-3.978785e-01 1.399115e-01 2.811524e+00
-6.412720e-01 3.230230e-01 2.740099e+00
-1.894705e-01 3.274095e-01 2.698526e+00
2.623310e-01 3.317960e-01 2.656953e+00
-2.932565e-01 4.173685e-01 2.637351e+00
-8.488440e-01 5.029410e-01 2.617750e+00
-2.111575e-01 5.263295e-01 2.574155e+00
4.265290e-01 5.497180e-01 2.530561e+00
-2.358725e-01 5.495920e-01 2.566076e+00
-8.982740e-01 5.494660e-01 2.601592e+00
-2.096320e-01 5.724325e-01 2.563431e+00
4.790100e-01 5.953990e-01 2.525270e+00
9.333000e-02 1.608550e-02 2.660185e+00
-2.923500e-01 -5.632280e-01 2.795101e+00
-1.829815e-01 -5.663460e-01 2.785025e+00
-7.361300e-02 -5.694640e-01 2.774950e+00
-1.885210e-01 -7.718255e-01 2.849737e+00
-3.034290e-01 -9.741870e-01 2.924525e+00
-1.864840e-01 -9.766655e-01 2.916647e+00
-6.953900e-02 -9.791440e-01 2.908768e+00
-1.984645e-01 -1.000379e+00 2.840326e+00
-3.273900e-01 -1.021613e+00 2.771884e+00
-2.066715e-01 -1.025414e+00 2.763929e+00
-8.595300e-02 -1.029216e+00 2.755974e+00
-1.375365e-01 -2.140990e-01 2.748226e+00
-1.891200e-01 6.010180e-01 2.740477e+00
-2.718100e-01 4.566275e-01 2.775500e+00
-3.545000e-01 3.122370e-01 2.810523e+00
-1.797210e-01 3.174525e-01 2.794509e+00
-4.942000e-03 3.226680e-01 2.778495e+00
-9.843250e-02 3.435470e-01 2.730197e+00
-1.919230e-01 3.644260e-01 2.681899e+00
-1.795065e-01 2.733045e-01 2.787738e+00
-1.670900e-01 1.821830e-01 2.893577e+00
-2.655575e-01 7.425000e-02 2.830515e+00
-3.640250e-01 -3.368300e-02 2.767453e+00
-1.738515e-01 -3.715200e-02 2.747431e+00
1.632200e-02 -4.062100e-02 2.727410e+00
-7.141800e-02 -4.416200e-02 2.808116e+00
-1.591580e-01 -4.770300e-02 2.888822e+00
-3.761120e-01 1.798555e-01 2.786373e+00
-5.930660e-01 4.074140e-01 2.683924e+00
-1.907460e-01 4.140950e-01 2.651374e+00
2.115740e-01 4.207760e-01 2.618823e+00
-2.434055e-01 5.390345e-01 2.588435e+00
-6.983850e-01 6.572930e-01 2.558047e+00
-2.150615e-01 6.768345e-01 2.537917e+00
2.682620e-01 6.963760e-01 2.517788e+00
-2.239375e-01 7.104265e-01 2.534741e+00
-7.161370e-01 7.244770e-01 2.551694e+00
-2.198660e-01 7.450160e-01 2.536801e+00
2.764050e-01 7.655550e-01 2.521907e+00
-7.556000e-03 9.922950e-02 2.658206e+00
-2.915170e-01 -5.670960e-01 2.794504e+00
-1.831290e-01 -5.692755e-01 2.783332e+00
-7.474100e-02 -5.714550e-01 2.772160e+00
-1.892915e-01 -7.749655e-01 2.847316e+00
-3.038420e-01 -9.784760e-01 2.922472e+00
-1.871790e-01 -9.800945e-01 2.913331e+00
-7.051600e-02 -9.817130e-01 2.904190e+00
-1.973915e-01 -1.003627e+00 2.836698e+00
-3.242670e-01 -1.025541e+00 2.769207e+00
-2.037760e-01 -1.028366e+00 2.760032e+00
-8.328500e-02 -1.031191e+00 2.750856e+00
-1.301815e-01 -2.094355e-01 2.746806e+00
-1.770780e-01 6.123200e-01 2.742756e+00
-2.616725e-01 4.614400e-01 2.779724e+00
-3.462670e-01 3.105600e-01 2.816692e+00
-1.740540e-01 3.166430e-01 2.798986e+00
-1.841000e-03 3.227260e-01 2.781281e+00
-9.451000e-02 3.451985e-01 2.734771e+00
-1.871790e-01 3.676710e-01 2.688262e+00
-1.733100e-01 2.727895e-01 2.790557e+00
-1.594410e-01 1.779080e-01 2.892853e+00
-2.594635e-01 7.312850e-02 2.831403e+00
-3.594860e-01 -3.165100e-02 2.769954e+00
-1.718350e-01 -3.609600e-02 2.748689e+00
1.581600e-02 -4.054100e-02 2.727424e+00
-7.016050e-02 -4.454350e-02 2.808620e+00
-1.561370e-01 -4.854600e-02 2.889816e+00
-3.487935e-01 1.937010e-01 2.772819e+00
-5.414500e-01 4.359480e-01 2.655821e+00
-1.933880e-01 4.505140e-01 2.625095e+00
1.546740e-01 4.650800e-01 2.594368e+00
-2.066225e-01 5.830405e-01 2.562018e+00
-5.679190e-01 7.010010e-01 2.529669e+00
-2.142605e-01 7.256380e-01 2.525624e+00
1.393980e-01 7.502750e-01 2.521579e+00
-2.279390e-01 7.562970e-01 2.516127e+00
-5.952760e-01 7.623190e-01 2.510674e+00
-2.262225e-01 7.909225e-01 2.520053e+00
1.428310e-01 8.195260e-01 2.529431e+00
-7.488500e-02 1.269440e-01 2.660553e+00
-2.926010e-01 -5.656380e-01 2.791674e+00
-1.827925e-01 -5.683390e-01 2.779571e+00
-7.298400e-02 -5.710400e-01 2.767468e+00
-1.894885e-01 -7.740700e-01 2.843369e+00
-3.059930e-01 -9.771000e-01 2.919271e+00
-1.876775e-01 -9.791625e-01 2.909507e+00
-6.936200e-02 -9.812250e-01 2.899744e+00
-1.986960e-01 -1.002547e+00 2.832941e+00
-3.280300e-01 -1.023870e+00 2.766138e+00
-2.055065e-01 -1.027316e+00 2.756320e+00
-8.298300e-02 -1.030762e+00 2.746502e+00
-1.354300e-01 -2.097205e-01 2.738424e+00
-1.878770e-01 6.113210e-01 2.730346e+00
-2.668570e-01 4.643360e-01 2.775628e+00
-3.458370e-01 3.173510e-01 2.820911e+00
-4.757000e-03 3.222370e-01 2.781929e+00
-1.879820e-01 3.718460e-01 2.691119e+00
-1.620310e-01 1.801560e-01 2.894142e+00
-3.540960e-01 -3.151900e-02 2.758336e+00
1.325000e-02 -3.833300e-02 2.731844e+00
-1.604030e-01 -4.588000e-02 2.886857e+00
-4.964370e-01 4.661180e-01 2.630565e+00
1.077870e-01 4.923110e-01 2.583301e+00
-4.531160e-01 7.291070e-01 2.499052e+00
1.501700e-02 7.720980e-01 2.545250e+00
-4.415460e-01 7.975070e-01 2.491527e+00
-1.072300e-02 8.352130e-01 2.560186e+00
-2.954980e-01 -5.638210e-01 2.791871e+00
-7.083100e-02 -5.696550e-01 2.766950e+00
-3.016700e-01 -9.761750e-01 2.917119e+00
-6.891600e-02 -9.808470e-01 2.896096e+00
-3.186160e-01 -1.022657e+00 2.763252e+00
-7.636400e-02 -1.029258e+00 2.742072e+00
-1.925110e-01 6.189190e-01 2.740168e+00
-3.429590e-01 3.150140e-01 2.819740e+00
-3.222000e-03 3.160530e-01 2.790592e+00
-1.815450e-01 3.697980e-01 2.695525e+00
-1.637880e-01 1.740290e-01 2.895514e+00
-3.517560e-01 -3.173000e-02 2.770671e+00
1.446300e-02 -4.148700e-02 2.726952e+00
-1.520510e-01 -4.651500e-02 2.890038e+00
-4.501760e-01 4.770670e-01 2.612303e+00
5.767200e-02 5.053900e-01 2.587540e+00
-3.132750e-01 7.055950e-01 2.481583e+00
-1.199790e-01 7.415420e-01 2.560577e+00
-2.852170e-01 7.653510e-01 2.458977e+00
-1.623270e-01 7.883750e-01 2.590280e+00
-2.921990e-01 -5.656870e-01 2.795408e+00
-6.808500e-02 -5.717260e-01 2.770157e+00
-3.034010e-01 -9.778920e-01 2.920800e+00
-7.104300e-02 -9.848520e-01 2.892953e+00
-3.268530e-01 -1.023848e+00 2.767631e+00
-8.548000e-02 -1.030623e+00 2.738618e+00
-1.867810e-01 6.101770e-01 2.739663e+00
-3.470030e-01 3.209200e-01 2.821258e+00
-7.800000e-03 3.088390e-01 2.790902e+00
-1.831380e-01 3.689430e-01 2.696148e+00
-1.721350e-01 1.734560e-01 2.896897e+00
-3.539580e-01 -3.207100e-02 2.758877e+00
2.223100e-02 -4.752200e-02 2.738110e+00
-1.584350e-01 -4.979600e-02 2.890491e+00
-4.480540e-01 4.736770e-01 2.603938e+00
5.983900e-02 5.051180e-01 2.596805e+00
-2.856110e-01 6.928300e-01 2.487212e+00
-1.397300e-01 7.208610e-01 2.555962e+00
-2.550460e-01 7.549580e-01 2.478553e+00
-1.917520e-01 7.600620e-01 2.580983e+00
-2.898020e-01 -5.666040e-01 2.800203e+00
-6.915600e-02 -5.764930e-01 2.771469e+00
-3.078370e-01 -9.827560e-01 2.910896e+00
-6.702900e-02 -9.903600e-01 2.891762e+00
-3.202800e-01 -1.023675e+00 2.755033e+00
-7.289000e-02 -1.035469e+00 2.736670e+00
-1.876130e-01 6.123280e-01 2.739181e+00
-3.492980e-01 3.181850e-01 2.827656e+00
-1.313600e-02 3.146640e-01 2.784409e+00
-1.929560e-01 3.674020e-01 2.695112e+00
-1.685690e-01 1.776370e-01 2.900127e+00
-3.570620e-01 -3.047100e-02 2.767882e+00
2.362600e-02 -4.562300e-02 2.732869e+00
-1.541220e-01 -4.873100e-02 2.891958e+00
-4.575230e-01 4.750220e-01 2.616819e+00
7.222700e-02 5.149350e-01 2.601743e+00
-3.136030e-01 7.005210e-01 2.488500e+00
-1.202390e-01 7.343920e-01 2.548605e+00
-2.793240e-01 7.610260e-01 2.482751e+00
-1.730280e-01 7.786750e-01 2.559625e+00
-2.901160e-01 -5.659650e-01 2.796149e+00
-6.933300e-02 -5.740760e-01 2.775696e+00
-3.068720e-01 -9.799710e-01 2.914808e+00
-6.689100e-02 -9.886910e-01 2.893382e+00
-3.254470e-01 -1.023511e+00 2.760271e+00
-7.865500e-02 -1.032771e+00 2.738330e+00
-1.824450e-01 6.119410e-01 2.746822e+00
-3.577480e-01 3.220900e-01 2.816257e+00
-1.875200e-02 3.176380e-01 2.783346e+00
-1.973280e-01 3.656840e-01 2.686418e+00
-1.789020e-01 1.855780e-01 2.900564e+00
-3.601180e-01 -3.031000e-02 2.770867e+00
1.766900e-02 -3.927600e-02 2.735483e+00
-1.583210e-01 -4.866400e-02 2.894453e+00
-5.230540e-01 4.676870e-01 2.636511e+00
1.335730e-01 4.939690e-01 2.620443e+00
-4.480810e-01 7.275450e-01 2.514208e+00
3.042600e-02 7.558110e-01 2.526078e+00
-4.432540e-01 7.946950e-01 2.495860e+00
6.730000e-04 8.184830e-01 2.533563e+00
-2.890550e-01 -5.645130e-01 2.793364e+00
-6.758900e-02 -5.686280e-01 2.780581e+00
-3.061390e-01 -9.768220e-01 2.917744e+00
-7.036100e-02 -9.854510e-01 2.890179e+00
-3.244270e-01 -1.022506e+00 2.763792e+00
-8.181400e-02 -1.026377e+00 2.734242e+00
-1.815950e-01 6.154640e-01 2.751267e+00
-3.564410e-01 3.185700e-01 2.811905e+00
-1.502500e-02 3.181920e-01 2.777211e+00
-1.971820e-01 3.599790e-01 2.679777e+00
-1.749830e-01 1.879380e-01 2.900108e+00
-3.600980e-01 -3.110000e-02 2.780184e+00
1.752500e-02 -4.214400e-02 2.723519e+00
-1.505370e-01 -4.824800e-02 2.892395e+00
-5.594340e-01 4.590260e-01 2.661510e+00
1.845460e-01 4.673280e-01 2.630644e+00
-5.846070e-01 7.327750e-01 2.537024e+00
1.760060e-01 7.495950e-01 2.524242e+00
-6.039900e-01 7.962730e-01 2.515542e+00
1.833590e-01 8.181240e-01 2.535143e+00
-2.901760e-01 -5.664150e-01 2.793336e+00
-6.952000e-02 -5.701680e-01 2.784319e+00
-3.034800e-01 -9.806840e-01 2.911512e+00
-6.668700e-02 -9.856640e-01 2.898846e+00
-3.305850e-01 -1.023588e+00 2.758061e+00
-8.746200e-02 -1.028388e+00 2.744360e+00
-1.810880e-01 6.184900e-01 2.750587e+00
-3.588970e-01 3.182360e-01 2.803952e+00
-1.066100e-02 3.224050e-01 2.772853e+00
-1.958230e-01 3.597070e-01 2.672805e+00
-1.738440e-01 1.919310e-01 2.896422e+00
-3.619460e-01 -3.157700e-02 2.774395e+00
1.922400e-02 -4.252700e-02 2.726570e+00
-1.540180e-01 -4.906300e-02 2.891456e+00
-6.116110e-01 4.187090e-01 2.709900e+00
2.274360e-01 4.253970e-01 2.648323e+00
-7.199180e-01 6.656900e-01 2.577519e+00
3.329930e-01 6.887640e-01 2.549577e+00
-7.620120e-01 7.193440e-01 2.592299e+00
3.616370e-01 7.513100e-01 2.561265e+00
-2.922570e-01 -5.654390e-01 2.802112e+00
-6.849000e-02 -5.707190e-01 2.782639e+00
-3.019260e-01 -9.782290e-01 2.925691e+00
-6.720900e-02 -9.866900e-01 2.895458e+00
-3.258690e-01 -1.023557e+00 2.772411e+00
-8.404400e-02 -1.028815e+00 2.740330e+00
-1.792420e-01 6.147350e-01 2.761184e+00
-3.603630e-01 3.220230e-01 2.793377e+00
-2.100000e-04 3.259300e-01 2.771782e+00
-1.878280e-01 3.606510e-01 2.665814e+00
-1.723930e-01 1.981480e-01 2.893830e+00
-3.636870e-01 -3.203200e-02 2.771129e+00
1.560000e-02 -3.844500e-02 2.730480e+00
-1.590410e-01 -4.450500e-02 2.892252e+00
-6.473570e-01 3.457920e-01 2.755936e+00
2.720390e-01 3.504480e-01 2.673744e+00
-8.669990e-01 5.268970e-01 2.651643e+00
4.757620e-01 5.571570e-01 2.586065e+00
-9.278210e-01 5.558000e-01 2.633356e+00
5.297660e-01 5.960770e-01 2.606989e+00
-2.963050e-01 -5.644660e-01 2.803012e+00
-7.449800e-02 -5.687820e-01 2.783244e+00
-3.041450e-01 -9.793250e-01 2.919594e+00
-6.675500e-02 -9.836060e-01 2.899960e+00
-3.253930e-01 -1.022299e+00 2.765242e+00
-8.123300e-02 -1.027455e+00 2.745072e+00
-1.799440e-01 6.160590e-01 2.768968e+00
-3.611560e-01 3.227930e-01 2.791962e+00
3.441000e-03 3.183820e-01 2.775392e+00
-1.836730e-01 3.592910e-01 2.667423e+00
-1.754370e-01 1.928430e-01 2.892953e+00
-3.640650e-01 -3.281700e-02 2.756095e+00
1.035000e-02 -4.036000e-02 2.739203e+00
-1.705820e-01 -4.360700e-02 2.889880e+00
-6.506890e-01 2.935190e-01 2.791318e+00
2.790230e-01 2.870800e-01 2.687294e+00
-9.008280e-01 4.101040e-01 2.664258e+00
5.173090e-01 4.494600e-01 2.591594e+00
-9.694870e-01 3.994740e-01 2.657783e+00
5.785720e-01 4.814450e-01 2.581959e+00
-2.980490e-01 -5.644090e-01 2.807165e+00
-7.113000e-02 -5.701000e-01 2.787150e+00
-3.068600e-01 -9.809050e-01 2.917688e+00
-6.841000e-02 -9.849890e-01 2.903860e+00
-3.176080e-01 -1.022055e+00 2.761760e+00
-7.245400e-02 -1.028767e+00 2.748329e+00
-1.708830e-01 6.183500e-01 2.740104e+00
-3.620440e-01 3.215300e-01 2.790916e+00
2.241000e-03 3.172240e-01 2.768496e+00
-1.866790e-01 3.553630e-01 2.662680e+00
-1.744790e-01 1.942110e-01 2.891847e+00
-3.616200e-01 -3.232600e-02 2.753937e+00
1.625000e-02 -4.274500e-02 2.744223e+00
-1.691810e-01 -4.319800e-02 2.891467e+00
-6.372350e-01 2.259890e-01 2.802381e+00
2.668380e-01 2.126900e-01 2.704854e+00
-9.097220e-01 2.700750e-01 2.674151e+00
5.090400e-01 3.213840e-01 2.555994e+00
-9.650520e-01 2.709430e-01 2.631643e+00
5.651280e-01 3.578310e-01 2.536124e+00
-3.007350e-01 -5.645680e-01 2.805464e+00
-6.653400e-02 -5.718210e-01 2.789449e+00
-3.069800e-01 -9.813010e-01 2.915261e+00
-6.799800e-02 -9.870290e-01 2.905041e+00
-3.157630e-01 -1.022296e+00 2.759168e+00
-6.875000e-02 -1.030373e+00 2.749338e+00
-1.612280e-01 6.111260e-01 2.751964e+00
-3.570290e-01 3.277130e-01 2.792051e+00
7.341000e-03 3.172840e-01 2.773329e+00
-1.797730e-01 3.597940e-01 2.665982e+00
-1.727650e-01 1.961140e-01 2.893569e+00
-3.585880e-01 -2.773600e-02 2.756982e+00
1.681900e-02 -4.061300e-02 2.746634e+00
-1.672100e-01 -4.142400e-02 2.894119e+00
-5.691450e-01 1.346730e-01 2.811872e+00
2.050890e-01 1.150930e-01 2.721698e+00
-8.226440e-01 4.526500e-02 2.678338e+00
4.302150e-01 6.530500e-02 2.529536e+00
-8.848060e-01 2.870500e-02 2.651306e+00
4.589870e-01 7.578900e-02 2.466836e+00
-3.044160e-01 -5.602890e-01 2.806466e+00
-6.949200e-02 -5.693410e-01 2.790534e+00
-3.026590e-01 -9.763820e-01 2.918826e+00
-6.708800e-02 -9.828740e-01 2.911964e+00
-3.132110e-01 -1.018469e+00 2.763134e+00
-6.896500e-02 -1.028418e+00 2.756900e+00
-1.636290e-01 6.126800e-01 2.729077e+00
-3.589320e-01 3.219640e-01 2.793991e+00
5.103000e-03 3.177910e-01 2.767788e+00
-1.848050e-01 3.591910e-01 2.665009e+00
-1.705770e-01 1.915610e-01 2.889362e+00
-3.531270e-01 -2.837500e-02 2.751738e+00
1.436300e-02 -4.384500e-02 2.746874e+00
-1.677550e-01 -4.224000e-02 2.891707e+00
-5.214230e-01 9.076300e-02 2.821653e+00
1.404180e-01 6.968000e-02 2.740344e+00
-7.205750e-01 -8.808900e-02 2.694271e+00
3.145480e-01 -8.377300e-02 2.555934e+00
-7.452480e-01 -1.365920e-01 2.650593e+00
3.583970e-01 -1.281560e-01 2.524685e+00
-3.009590e-01 -5.614620e-01 2.806593e+00
-6.761800e-02 -5.717190e-01 2.791269e+00
-3.045830e-01 -9.754760e-01 2.926343e+00
-6.827200e-02 -9.850100e-01 2.913546e+00
-3.125460e-01 -1.020266e+00 2.771253e+00
-6.773100e-02 -1.030864e+00 2.758563e+00
-1.557220e-01 6.067240e-01 2.742070e+00
-3.619830e-01 3.197600e-01 2.794846e+00
1.545000e-03 3.208970e-01 2.762124e+00
-1.907420e-01 3.600510e-01 2.662953e+00
-1.701200e-01 1.916250e-01 2.886211e+00
-3.530930e-01 -2.947700e-02 2.756828e+00
1.156600e-02 -4.292200e-02 2.739188e+00
-1.640940e-01 -4.196500e-02 2.890278e+00
-4.746860e-01 5.921800e-02 2.817155e+00
9.491200e-02 5.215800e-02 2.750122e+00
-5.948800e-01 -1.939850e-01 2.718069e+00
1.940900e-01 -1.973000e-01 2.622409e+00
-5.991150e-01 -2.623520e-01 2.704763e+00
2.102210e-01 -2.474540e-01 2.576655e+00
-3.013700e-01 -5.621800e-01 2.807927e+00
-6.909300e-02 -5.711860e-01 2.789947e+00
-3.044250e-01 -9.794400e-01 2.915842e+00
-6.545700e-02 -9.849670e-01 2.910500e+00
-3.169910e-01 -1.019701e+00 2.759817e+00
-7.086400e-02 -1.030195e+00 2.755426e+00
-1.563600e-01 5.924010e-01 2.768043e+00
-3.592060e-01 3.236650e-01 2.800417e+00
3.657000e-03 3.154220e-01 2.761852e+00
-1.887130e-01 3.661790e-01 2.668256e+00
-1.702130e-01 1.845830e-01 2.881134e+00
-3.604030e-01 -3.303500e-02 2.756909e+00
3.990000e-03 -4.410300e-02 2.733159e+00
-1.691470e-01 -4.522700e-02 2.887133e+00
-4.167610e-01 4.282600e-02 2.805636e+00
5.373900e-02 3.423100e-02 2.736679e+00
-4.086280e-01 -2.546630e-01 2.773382e+00
4.060400e-02 -2.645800e-01 2.724612e+00
-3.942670e-01 -3.211370e-01 2.789005e+00
2.559500e-02 -3.279490e-01 2.699546e+00
-3.037560e-01 -5.658250e-01 2.803489e+00
-6.824400e-02 -5.724060e-01 2.785991e+00
-3.032750e-01 -9.817290e-01 2.916558e+00
-6.806200e-02 -9.844990e-01 2.912246e+00
-3.184270e-01 -1.023960e+00 2.761285e+00
-7.435400e-02 -1.031811e+00 2.757830e+00
-1.713820e-01 6.025280e-01 2.744445e+00
-3.578360e-01 3.245950e-01 2.807158e+00
4.650000e-03 3.200110e-01 2.764639e+00
-1.889530e-01 3.732240e-01 2.675036e+00
-1.672520e-01 1.836050e-01 2.880487e+00
-3.613370e-01 -3.048200e-02 2.768213e+00
1.520000e-03 -4.323300e-02 2.727712e+00
-1.644250e-01 -4.549900e-02 2.889398e+00
-4.108300e-01 4.309400e-02 2.804496e+00
5.695900e-02 3.856500e-02 2.754140e+00
-4.096060e-01 -2.552440e-01 2.783684e+00
3.605800e-02 -2.587590e-01 2.729607e+00
-4.347500e-01 -3.156780e-01 2.759504e+00
3.835400e-02 -3.279280e-01 2.720692e+00
-3.052430e-01 -5.647990e-01 2.800161e+00
-7.102000e-02 -5.708280e-01 2.785224e+00
-3.004600e-01 -9.757160e-01 2.930105e+00
-7.023800e-02 -9.823870e-01 2.913208e+00
-3.240980e-01 -1.024175e+00 2.777738e+00
-8.370200e-02 -1.030238e+00 2.759416e+00
-1.788920e-01 5.844970e-01 2.734792e+00
-3.592640e-01 3.198510e-01 2.798849e+00
3.259000e-03 3.199790e-01 2.756402e+00
-1.912990e-01 3.645730e-01 2.664202e+00
-1.660260e-01 1.866910e-01 2.879506e+00
-3.648370e-01 -2.843100e-02 2.771641e+00
-3.064000e-03 -4.580600e-02 2.723821e+00
-1.657330e-01 -4.610500e-02 2.888818e+00
-4.135090e-01 3.728100e-02 2.824300e+00
5.772000e-02 3.648200e-02 2.766381e+00
-4.164720e-01 -2.628130e-01 2.794679e+00
3.116800e-02 -2.621010e-01 2.733436e+00
-4.195660e-01 -3.324080e-01 2.798687e+00
2.752800e-02 -3.317670e-01 2.731866e+00
-3.039510e-01 -5.644040e-01 2.802376e+00
-7.024500e-02 -5.714630e-01 2.783999e+00
-3.028520e-01 -9.745020e-01 2.934965e+00
-7.113800e-02 -9.837450e-01 2.909633e+00
-3.283690e-01 -1.023661e+00 2.783127e+00
-8.714500e-02 -1.030595e+00 2.755777e+00
-1.716870e-01 6.079150e-01 2.715529e+00
