-3.359810e-01 3.498120e-01 2.808661e+00
-1.417500e-01 3.611445e-01 2.724460e+00
5.248100e-02 3.724770e-01 2.640259e+00
-6.638350e-02 4.134640e-01 2.638469e+00
-1.852480e-01 4.544510e-01 2.636678e+00
-1.486405e-01 3.392725e-01 2.705621e+00
-1.120330e-01 2.240940e-01 2.774563e+00
-2.137650e-01 1.462545e-01 2.741134e+00
-3.154970e-01 6.841500e-02 2.707704e+00
-1.581740e-01 7.162200e-02 2.637027e+00
-8.510000e-04 7.482900e-02 2.566349e+00
-5.282300e-02 6.119600e-02 2.660551e+00
-1.047950e-01 4.756300e-02 2.754753e+00
-2.421815e-01 6.721500e-02 2.735473e+00
-3.795680e-01 8.686700e-02 2.716193e+00
-1.478250e-01 9.008350e-02 2.691085e+00
8.391800e-02 9.330000e-02 2.665977e+00
-1.523535e-01 -6.292550e-02 2.676986e+00
-3.886250e-01 -2.191510e-01 2.687996e+00
-1.598095e-01 -2.155690e-01 2.660391e+00
6.900600e-02 -2.119870e-01 2.632786e+00
-1.677990e-01 -2.560025e-01 2.659593e+00
-4.046040e-01 -3.000180e-01 2.686399e+00
-1.779965e-01 -2.953030e-01 2.666723e+00
4.861100e-02 -2.905880e-01 2.647046e+00
-1.136705e-01 -4.028225e-01 2.672052e+00
-2.759520e-01 -5.150570e-01 2.697057e+00
-1.389625e-01 -5.086210e-01 2.674378e+00
-1.973000e-03 -5.021850e-01 2.651698e+00
1.987800e-02 -5.564165e-01 2.832258e+00
4.172900e-02 -6.106480e-01 3.012818e+00
-1.686355e-01 -6.739755e-01 2.887786e+00
-3.790000e-01 -7.373030e-01 2.762753e+00
-1.966430e-01 -7.793150e-01 2.884073e+00
-1.428600e-02 -8.213270e-01 3.005394e+00
-1.385940e-01 -8.716310e-01 2.885704e+00
-2.629020e-01 -9.219350e-01 2.766014e+00
-2.058795e-01 -1.373235e-01 2.677390e+00
-1.488570e-01 6.472880e-01 2.588766e+00
-2.459365e-01 4.979305e-01 2.692343e+00
-3.430160e-01 3.485730e-01 2.795919e+00
4.994400e-02 3.776020e-01 2.639343e+00
-1.903890e-01 4.500110e-01 2.623688e+00
-1.135230e-01 2.300440e-01 2.775817e+00
-3.123100e-01 6.901500e-02 2.709220e+00
1.982000e-03 7.453800e-02 2.567039e+00
-1.015200e-01 4.796400e-02 2.755785e+00
-3.762580e-01 8.090700e-02 2.714395e+00
8.642300e-02 9.972100e-02 2.668452e+00
-3.868200e-01 -2.252190e-01 2.692748e+00
7.403100e-02 -2.052350e-01 2.634657e+00
-3.981210e-01 -3.068260e-01 2.689574e+00
4.901000e-02 -2.829270e-01 2.646288e+00
-2.692720e-01 -5.160900e-01 2.690331e+00
1.992100e-02 -4.982990e-01 2.646983e+00
4.195100e-02 -6.097650e-01 3.013022e+00
-3.461790e-01 -7.473840e-01 2.763997e+00
-1.036100e-02 -8.212410e-01 3.002085e+00
-2.234950e-01 -9.277370e-01 2.763923e+00
-1.510290e-01 6.583030e-01 2.594898e+00
-3.370390e-01 3.489930e-01 2.815565e+00
4.849200e-02 3.783940e-01 2.641561e+00
-1.900740e-01 4.579710e-01 2.643017e+00
-1.124060e-01 2.261550e-01 2.775931e+00
-3.131550e-01 6.604000e-02 2.716580e+00
-5.292000e-03 8.028500e-02 2.561523e+00
-1.001890e-01 4.916900e-02 2.754060e+00
-3.834320e-01 8.905400e-02 2.716927e+00
8.156000e-02 9.927600e-02 2.662760e+00
-3.831360e-01 -2.171110e-01 2.692018e+00
7.074100e-02 -2.065480e-01 2.636070e+00
-4.011900e-01 -2.974630e-01 2.688145e+00
4.775600e-02 -2.850150e-01 2.646651e+00
-2.708910e-01 -5.161100e-01 2.693687e+00
3.705000e-03 -4.975020e-01 2.650016e+00
4.270400e-02 -6.092430e-01 3.014231e+00
-3.875810e-01 -7.133810e-01 2.750294e+00
-1.004900e-02 -8.206650e-01 3.004413e+00
-2.798430e-01 -9.025910e-01 2.763356e+00
-1.489290e-01 6.518540e-01 2.596071e+00
-3.379110e-01 3.525030e-01 2.808704e+00
5.033900e-02 3.727150e-01 2.639501e+00
-1.878120e-01 4.533420e-01 2.633919e+00
-1.133360e-01 2.270830e-01 2.777784e+00
-3.174540e-01 7.076500e-02 2.712439e+00
-5.760000e-03 7.663900e-02 2.564664e+00
-1.061320e-01 4.582200e-02 2.754452e+00
-3.817340e-01 8.832200e-02 2.721101e+00
8.162100e-02 9.362700e-02 2.662263e+00
-3.865020e-01 -2.177980e-01 2.697654e+00
7.065800e-02 -2.119480e-01 2.634232e+00
-4.014660e-01 -2.985920e-01 2.690882e+00
4.321200e-02 -2.892360e-01 2.642640e+00
-2.755230e-01 -5.043490e-01 2.744353e+00
-5.209000e-03 -5.029870e-01 2.605801e+00
5.075600e-02 -8.197640e-01 2.806150e+00
-3.726890e-01 -7.381340e-01 2.745186e+00
-9.726800e-02 -9.779100e-01 2.780507e+00
-2.612560e-01 -9.245080e-01 2.724552e+00
-1.480090e-01 6.563370e-01 2.602142e+00
-3.330820e-01 3.512030e-01 2.811553e+00
5.226900e-02 3.720470e-01 2.635923e+00
-1.858020e-01 4.530960e-01 2.634990e+00
-1.092830e-01 2.256550e-01 2.775889e+00
-3.156730e-01 6.861900e-02 2.716047e+00
-6.421000e-03 7.700100e-02 2.563345e+00
-1.035850e-01 4.447100e-02 2.754512e+00
-3.812850e-01 8.834800e-02 2.720183e+00
7.952600e-02 9.235900e-02 2.664146e+00
-3.913660e-01 -2.181260e-01 2.693654e+00
8.169400e-02 -2.142740e-01 2.637635e+00
-3.602840e-01 -2.936800e-01 2.682568e+00
5.518500e-02 -2.918240e-01 2.646624e+00
-2.774960e-01 -5.072920e-01 2.736709e+00
-3.980000e-04 -5.018690e-01 2.610790e+00
4.896400e-02 -8.113840e-01 2.840225e+00
-3.886700e-01 -7.087840e-01 2.738050e+00
-9.192100e-02 -9.743260e-01 2.805873e+00
-2.876050e-01 -9.019950e-01 2.732255e+00
-1.502080e-01 6.557900e-01 2.601856e+00
-3.383040e-01 3.533450e-01 2.813928e+00
4.883600e-02 3.706900e-01 2.641888e+00
-1.884380e-01 4.539950e-01 2.638835e+00
-1.153850e-01 2.257120e-01 2.780210e+00
-3.169180e-01 7.012400e-02 2.715887e+00
-6.240000e-03 8.080800e-02 2.566252e+00
-1.050210e-01 4.795600e-02 2.756534e+00
-3.824670e-01 8.836200e-02 2.719079e+00
8.198100e-02 8.816300e-02 2.657457e+00
-4.053700e-01 -2.208570e-01 2.703243e+00
1.043780e-01 -2.208410e-01 2.637284e+00
-3.912560e-01 -3.012910e-01 2.691905e+00
1.056710e-01 -3.031570e-01 2.632831e+00
-2.843640e-01 -5.044670e-01 2.737572e+00
-7.397000e-03 -5.006740e-01 2.615305e+00
7.356200e-02 -7.853910e-01 2.789869e+00
-3.988800e-01 -7.130690e-01 2.722043e+00
-6.127700e-02 -9.568360e-01 2.791769e+00
-2.958970e-01 -9.052930e-01 2.717254e+00
-1.525610e-01 6.563630e-01 2.604048e+00
-3.396620e-01 3.470780e-01 2.801019e+00
5.580200e-02 3.672800e-01 2.649441e+00
-1.822460e-01 4.464950e-01 2.631949e+00
-1.132850e-01 2.225290e-01 2.782018e+00
-3.114220e-01 6.460000e-02 2.711582e+00
6.030000e-03 7.251200e-02 2.576725e+00
-1.020150e-01 3.850700e-02 2.761695e+00
-3.912270e-01 7.407300e-02 2.717489e+00
1.043260e-01 8.127000e-02 2.652879e+00
-4.872750e-01 -2.264890e-01 2.697520e+00
1.862710e-01 -2.200980e-01 2.603649e+00
-4.901290e-01 -3.048760e-01 2.672129e+00
1.967370e-01 -3.018700e-01 2.602536e+00
-2.759580e-01 -5.095720e-01 2.739634e+00
-7.024000e-03 -5.100790e-01 2.609822e+00
6.879400e-02 -8.018130e-01 2.813835e+00
-4.037060e-01 -7.023380e-01 2.734097e+00
-7.044400e-02 -9.692490e-01 2.801314e+00
-3.108110e-01 -8.995090e-01 2.725583e+00
-1.532230e-01 6.556590e-01 2.597070e+00
-3.419120e-01 3.487850e-01 2.779827e+00
6.663700e-02 3.664600e-01 2.667795e+00
-1.692230e-01 4.405820e-01 2.621713e+00
-1.134980e-01 2.270600e-01 2.791242e+00
-3.097520e-01 6.767900e-02 2.695753e+00
1.883900e-02 6.552400e-02 2.590641e+00
-1.066300e-01 3.662500e-02 2.765188e+00
-4.644820e-01 8.637200e-02 2.723305e+00
1.812070e-01 1.025340e-01 2.602253e+00
-6.723480e-01 -1.510400e-01 2.661293e+00
3.628880e-01 -1.515930e-01 2.525899e+00
-7.343210e-01 -1.980740e-01 2.634007e+00
3.973110e-01 -2.261440e-01 2.533291e+00
-2.821750e-01 -5.078410e-01 2.735232e+00
-9.386000e-03 -5.150280e-01 2.632561e+00
4.228400e-02 -8.097680e-01 2.850688e+00
-3.821080e-01 -7.545580e-01 2.748609e+00
-9.836600e-02 -9.733090e-01 2.818275e+00
-2.687970e-01 -9.399910e-01 2.729798e+00
-1.507280e-01 6.636950e-01 2.607067e+00
-3.417570e-01 3.508010e-01 2.774501e+00
7.027800e-02 3.708700e-01 2.676519e+00
-1.644810e-01 4.422060e-01 2.621315e+00
-1.128090e-01 2.313630e-01 2.795419e+00
-3.064050e-01 7.422800e-02 2.695760e+00
2.740700e-02 5.942100e-02 2.609883e+00
-1.089020e-01 3.634800e-02 2.777009e+00
-5.232350e-01 1.303610e-01 2.702654e+00
2.305100e-01 1.484450e-01 2.569082e+00
-7.909820e-01 -3.544300e-02 2.641196e+00
4.662030e-01 -4.125600e-02 2.462222e+00
-8.451200e-01 -9.743600e-02 2.636357e+00
5.216220e-01 -1.002440e-01 2.446521e+00
-2.809910e-01 -5.066000e-01 2.732582e+00
-8.436000e-03 -5.189420e-01 2.623847e+00
4.400300e-02 -7.933100e-01 2.880703e+00
-3.873350e-01 -7.320840e-01 2.767965e+00
-8.798000e-02 -9.626990e-01 2.842412e+00
-2.880870e-01 -9.248200e-01 2.743853e+00
-1.550010e-01 6.654900e-01 2.617823e+00
-3.379680e-01 3.519060e-01 2.767692e+00
7.562100e-02 3.683530e-01 2.675767e+00
-1.578950e-01 4.399040e-01 2.615777e+00
-1.099810e-01 2.317210e-01 2.794106e+00
-3.118820e-01 6.705800e-02 2.691734e+00
2.631400e-02 6.633400e-02 2.623559e+00
-1.173080e-01 4.218300e-02 2.784286e+00
-5.795140e-01 2.064550e-01 2.683064e+00
2.729170e-01 2.031060e-01 2.532832e+00
-8.796420e-01 1.149840e-01 2.616126e+00
5.530480e-01 1.114490e-01 2.406142e+00
-9.536390e-01 8.239500e-02 2.600008e+00
6.344460e-01 1.175250e-01 2.394530e+00
-2.840790e-01 -5.136980e-01 2.717094e+00
-3.811000e-03 -5.177150e-01 2.638778e+00
4.207000e-02 -7.783060e-01 2.899778e+00
-3.668720e-01 -7.676690e-01 2.763169e+00
-7.881700e-02 -9.552870e-01 2.859252e+00
-2.531710e-01 -9.504240e-01 2.727798e+00
-1.518090e-01 6.695810e-01 2.623734e+00
-3.397320e-01 3.541770e-01 2.729627e+00
7.858100e-02 3.778140e-01 2.664577e+00
-1.525000e-01 4.264950e-01 2.578094e+00
-1.096030e-01 2.519440e-01 2.790529e+00
-3.094070e-01 8.335300e-02 2.678436e+00
3.081200e-02 6.339900e-02 2.624789e+00
-1.196450e-01 6.061500e-02 2.780991e+00
-6.313810e-01 3.351700e-01 2.666690e+00
3.192160e-01 3.496780e-01 2.489405e+00
-9.462180e-01 3.753360e-01 2.593081e+00
5.985550e-01 3.786760e-01 2.324232e+00
-1.025285e+00 3.844710e-01 2.571580e+00
6.709930e-01 3.766000e-01 2.284915e+00
-2.805540e-01 -5.072110e-01 2.707321e+00
1.500000e-03 -5.155950e-01 2.629425e+00
3.802900e-02 -7.571340e-01 2.921349e+00
-3.879050e-01 -7.202120e-01 2.756937e+00
-7.220600e-02 -9.390430e-01 2.873017e+00
-2.932040e-01 -9.152620e-01 2.733147e+00
-1.522680e-01 6.938390e-01 2.634825e+00
-3.297690e-01 3.621910e-01 2.705468e+00
8.063100e-02 3.820020e-01 2.648538e+00
-1.450770e-01 4.234580e-01 2.553527e+00
-1.061420e-01 2.653410e-01 2.779182e+00
-3.117830e-01 9.253100e-02 2.673926e+00
2.913700e-02 6.439000e-02 2.629130e+00
-1.251650e-01 6.726900e-02 2.781533e+00
-6.190790e-01 4.272440e-01 2.665044e+00
3.174990e-01 4.422960e-01 2.475841e+00
-9.035200e-01 5.361130e-01 2.548369e+00
5.660160e-01 5.448340e-01 2.291186e+00
-9.813680e-01 5.582820e-01 2.532695e+00
6.340630e-01 5.547080e-01 2.245694e+00
-2.761830e-01 -5.019610e-01 2.704261e+00
-5.158000e-03 -5.123880e-01 2.640028e+00
3.702800e-02 -7.455890e-01 2.932971e+00
-3.839690e-01 -7.358290e-01 2.767858e+00
-6.670000e-02 -9.296980e-01 2.878907e+00
-2.810470e-01 -9.261450e-01 2.740195e+00
-1.513730e-01 7.116990e-01 2.631294e+00
-3.286410e-01 3.771110e-01 2.695952e+00
7.321100e-02 3.897230e-01 2.641356e+00
-1.465670e-01 4.283440e-01 2.542439e+00
-1.101940e-01 2.821010e-01 2.776377e+00
-3.124370e-01 9.242400e-02 2.672821e+00
2.873700e-02 6.310100e-02 2.630801e+00
-1.265990e-01 6.853100e-02 2.782079e+00
-5.955900e-01 5.024770e-01 2.654735e+00
2.862630e-01 5.140010e-01 2.474502e+00
-8.462640e-01 6.683240e-01 2.532370e+00
4.922130e-01 6.785080e-01 2.285191e+00
-9.066830e-01 7.153050e-01 2.501716e+00
5.435370e-01 7.246720e-01 2.240112e+00
-2.731490e-01 -5.033770e-01 2.702247e+00
-8.501000e-03 -5.139200e-01 2.640924e+00
3.887800e-02 -7.372480e-01 2.942471e+00
-3.930940e-01 -7.287390e-01 2.766244e+00
-5.961500e-02 -9.242050e-01 2.888391e+00
-2.939250e-01 -9.213030e-01 2.740500e+00
-1.501820e-01 7.227540e-01 2.637010e+00
-3.253250e-01 3.953140e-01 2.706779e+00
6.293600e-02 4.102790e-01 2.632398e+00
-1.579200e-01 4.523000e-01 2.546542e+00
-1.086640e-01 2.975550e-01 2.772517e+00
-3.077400e-01 1.131040e-01 2.680736e+00
3.112100e-02 9.734400e-02 2.617886e+00
-1.147090e-01 9.770900e-02 2.778440e+00
-5.339220e-01 5.944360e-01 2.640844e+00
2.288460e-01 5.978390e-01 2.474903e+00
-7.157430e-01 8.321450e-01 2.520989e+00
3.544130e-01 8.333240e-01 2.294046e+00
-7.496830e-01 8.993190e-01 2.487325e+00
3.930450e-01 8.909830e-01 2.249543e+00
-3.045820e-01 -4.753320e-01 2.657641e+00
-1.137600e-02 -4.833110e-01 2.680567e+00
1.816500e-02 -7.958900e-01 2.604337e+00
-3.513890e-01 -7.749610e-01 2.775937e+00
-1.365430e-01 -9.465050e-01 2.573371e+00
-2.209140e-01 -9.429130e-01 2.727494e+00
-1.441190e-01 7.288660e-01 2.652224e+00
-3.306050e-01 4.051370e-01 2.723386e+00
4.834000e-02 4.142320e-01 2.628934e+00
-1.731260e-01 4.664960e-01 2.557611e+00
-1.156940e-01 2.984480e-01 2.771850e+00
-3.122110e-01 1.127670e-01 2.690877e+00
2.403000e-02 1.109160e-01 2.613655e+00
-1.146600e-01 1.119420e-01 2.780413e+00
-4.887190e-01 6.356230e-01 2.630082e+00
1.762670e-01 6.339190e-01 2.479934e+00
-6.121270e-01 9.051640e-01 2.506634e+00
2.488280e-01 8.967510e-01 2.310299e+00
-6.440620e-01 9.775200e-01 2.483350e+00
2.900740e-01 9.389820e-01 2.252743e+00
-2.752340e-01 -4.765470e-01 2.668978e+00
-1.354400e-02 -4.771510e-01 2.648090e+00
1.120870e-01 -6.189570e-01 2.470317e+00
-3.774410e-01 -7.279220e-01 2.768327e+00
4.473600e-02 -8.257320e-01 2.487234e+00
-2.661650e-01 -9.103620e-01 2.724598e+00
-1.417320e-01 7.160370e-01 2.672847e+00
-3.309270e-01 4.271180e-01 2.735635e+00
4.382000e-02 4.234000e-01 2.629915e+00
-1.750810e-01 4.916920e-01 2.569211e+00
-1.203900e-01 3.065030e-01 2.769588e+00
-3.190750e-01 1.246690e-01 2.696913e+00
1.532600e-02 1.261870e-01 2.612068e+00
-1.195490e-01 1.272370e-01 2.781925e+00
-4.468970e-01 6.691160e-01 2.616449e+00
1.257870e-01 6.627630e-01 2.480905e+00
-5.123070e-01 9.573750e-01 2.493881e+00
1.500710e-01 9.395430e-01 2.322166e+00
-5.353970e-01 1.036520e+00 2.493260e+00
1.553030e-01 1.010947e+00 2.281282e+00
-2.719980e-01 -4.645640e-01 2.664604e+00
-2.089400e-02 -4.629760e-01 2.644426e+00
1.078290e-01 -6.144680e-01 2.457182e+00
-3.800240e-01 -7.206860e-01 2.764323e+00
3.585200e-02 -8.197110e-01 2.473708e+00
-2.675640e-01 -9.007320e-01 2.714178e+00
-1.225330e-01 7.090150e-01 2.667062e+00
-3.349010e-01 4.368510e-01 2.756469e+00
3.252100e-02 4.284410e-01 2.630484e+00
-1.869100e-01 5.029240e-01 2.583525e+00
-1.254990e-01 3.109930e-01 2.775433e+00
-3.193550e-01 1.375800e-01 2.703213e+00
5.176000e-03 1.380110e-01 2.586146e+00
-1.124740e-01 1.370550e-01 2.768359e+00
-3.921100e-01 6.796340e-01 2.604166e+00
7.009300e-02 6.778750e-01 2.482889e+00
-3.822220e-01 9.732390e-01 2.481131e+00
8.390000e-04 9.616670e-01 2.355983e+00
-3.375800e-01 1.026137e+00 2.436339e+00
-1.772900e-02 1.035218e+00 2.323690e+00
-2.672600e-01 -4.531260e-01 2.669355e+00
-3.044600e-02 -4.504470e-01 2.645645e+00
1.006730e-01 -6.099000e-01 2.446172e+00
-3.785890e-01 -7.188070e-01 2.774266e+00
2.903000e-02 -8.143400e-01 2.471670e+00
-2.624150e-01 -8.953670e-01 2.720335e+00
-1.104550e-01 7.078730e-01 2.617730e+00
-3.294560e-01 4.283920e-01 2.775233e+00
3.308800e-02 4.270370e-01 2.626454e+00
-1.879040e-01 5.101320e-01 2.601173e+00
-1.204570e-01 2.974470e-01 2.767465e+00
-3.189340e-01 1.269650e-01 2.703172e+00
5.571000e-03 1.306240e-01 2.586091e+00
-1.120610e-01 1.290400e-01 2.768311e+00
-3.645960e-01 6.640240e-01 2.607346e+00
4.253100e-02 6.810030e-01 2.483785e+00
-3.278680e-01 9.535280e-01 2.481968e+00
-6.808100e-02 9.580690e-01 2.374785e+00
-2.675070e-01 1.003700e+00 2.456734e+00
-9.689900e-02 1.029966e+00 2.346539e+00
-2.713670e-01 -4.620630e-01 2.674138e+00
-2.810500e-02 -4.585230e-01 2.649946e+00
9.700100e-02 -6.016270e-01 2.440491e+00
-3.868710e-01 -7.205210e-01 2.761337e+00
3.383300e-02 -8.089890e-01 2.464764e+00
-2.695480e-01 -8.993620e-01 2.718561e+00
-1.192420e-01 7.100280e-01 2.641207e+00
-3.235420e-01 4.227170e-01 2.822865e+00
1.318300e-02 4.216690e-01 2.612324e+00
-2.061240e-01 5.118130e-01 2.629924e+00
-1.194990e-01 2.872510e-01 2.769584e+00
-3.145810e-01 1.259950e-01 2.728166e+00
-1.373900e-02 1.329590e-01 2.559433e+00
-9.982900e-02 1.286990e-01 2.758466e+00
-3.471420e-01 6.332100e-01 2.623728e+00
2.741800e-02 6.844690e-01 2.488819e+00
-3.086970e-01 9.170070e-01 2.488228e+00
-9.895200e-02 9.559380e-01 2.385305e+00
-2.615360e-01 9.697010e-01 2.445840e+00
-1.352570e-01 1.024742e+00 2.358007e+00
-2.654220e-01 -4.628160e-01 2.668456e+00
-2.927500e-02 -4.548440e-01 2.647693e+00
9.679500e-02 -6.355440e-01 2.447712e+00
-3.713080e-01 -7.274070e-01 2.783659e+00
1.557400e-02 -8.365540e-01 2.471723e+00
-2.511010e-01 -9.026990e-01 2.734650e+00
-1.332730e-01 7.104240e-01 2.649217e+00
-3.242500e-01 3.880370e-01 2.835870e+00
-2.966000e-03 4.215310e-01 2.603714e+00
-2.286430e-01 4.894120e-01 2.636591e+00
-1.114210e-01 2.737610e-01 2.767704e+00
-3.053260e-01 1.137100e-01 2.737860e+00
-3.524800e-02 1.499740e-01 2.526277e+00
-8.928100e-02 1.327740e-01 2.735630e+00
-3.396500e-01 5.978460e-01 2.636605e+00
2.297900e-02 6.828090e-01 2.481142e+00
-3.250840e-01 8.825870e-01 2.500854e+00
-1.293880e-01 9.451910e-01 2.393628e+00
-2.868740e-01 9.439190e-01 2.461157e+00
-2.047930e-01 9.691060e-01 2.416854e+00
-2.685210e-01 -4.640830e-01 2.669412e+00
-2.161900e-02 -4.416300e-01 2.644988e+00
9.101100e-02 -6.299860e-01 2.439243e+00
-3.688240e-01 -7.156910e-01 2.763746e+00
1.493700e-02 -8.325960e-01 2.466454e+00
-2.409950e-01 -8.900840e-01 2.735018e+00
-1.183570e-01 6.876750e-01 2.638055e+00
-3.268390e-01 3.815950e-01 2.824325e+00
-6.413000e-03 4.188180e-01 2.596066e+00
-2.334350e-01 4.809580e-01 2.624592e+00
-1.114090e-01 2.718580e-01 2.761792e+00
-3.093640e-01 1.028510e-01 2.737656e+00
-2.279100e-02 1.222010e-01 2.546537e+00
-9.313200e-02 1.126610e-01 2.751488e+00
-3.418480e-01 6.007030e-01 2.636165e+00
3.108400e-02 6.804060e-01 2.478576e+00
-3.218160e-01 8.819540e-01 2.495351e+00
-1.028340e-01 9.476630e-01 2.378718e+00
-2.831110e-01 9.420130e-01 2.454214e+00
-1.449680e-01 1.012884e+00 2.350999e+00
-2.772480e-01 -4.800450e-01 2.672048e+00
-1.953200e-02 -4.669860e-01 2.644382e+00
8.828300e-02 -6.264510e-01 2.438132e+00
-3.768730e-01 -7.260010e-01 2.766786e+00
1.882900e-02 -8.322280e-01 2.458394e+00
-2.561810e-01 -9.055770e-01 2.739136e+00
-1.171790e-01 6.778650e-01 2.632011e+00
-3.227950e-01 3.915200e-01 2.833559e+00
-6.268000e-03 4.137120e-01 2.596281e+00
-2.292570e-01 4.852900e-01 2.629502e+00
-1.122620e-01 2.726800e-01 2.765686e+00
-3.013700e-01 1.020060e-01 2.742873e+00
-3.668200e-02 1.361060e-01 2.524234e+00
-8.578000e-02 1.244970e-01 2.735181e+00
-3.450020e-01 5.985670e-01 2.633601e+00
4.157700e-02 6.753950e-01 2.484130e+00
-3.365070e-01 8.800040e-01 2.493228e+00
-8.247000e-02 9.420490e-01 2.372363e+00
-3.000540e-01 9.434410e-01 2.455224e+00
-1.328130e-01 1.003678e+00 2.350805e+00
-2.764090e-01 -4.746370e-01 2.669902e+00
-2.396600e-02 -4.559240e-01 2.646617e+00
9.328100e-02 -6.086120e-01 2.435075e+00
-3.744520e-01 -7.246720e-01 2.767856e+00
2.860800e-02 -8.162620e-01 2.451731e+00
-2.493700e-01 -9.009680e-01 2.738657e+00
-1.345390e-01 6.799280e-01 2.617857e+00
-3.200780e-01 3.808490e-01 2.819866e+00
-3.023000e-03 3.963050e-01 2.586653e+00
-2.259610e-01 4.672750e-01 2.613935e+00
-1.087470e-01 2.611900e-01 2.759629e+00
-3.047920e-01 9.084500e-02 2.737617e+00
-2.459500e-02 1.163790e-01 2.537960e+00
-8.855200e-02 1.060110e-01 2.744953e+00
-3.584120e-01 5.949270e-01 2.631028e+00
6.052700e-02 6.603480e-01 2.490730e+00
-3.808460e-01 8.798830e-01 2.501332e+00
-6.681000e-03 9.382730e-01 2.361247e+00
-3.527290e-01 9.450500e-01 2.459377e+00
-3.586100e-02 1.010272e+00 2.333639e+00
-2.756810e-01 -4.893870e-01 2.676503e+00
-1.346700e-02 -4.731640e-01 2.646367e+00
9.299200e-02 -6.093600e-01 2.432679e+00
-3.688980e-01 -7.373780e-01 2.763090e+00
3.595300e-02 -8.192070e-01 2.449688e+00
-2.448100e-01 -9.150970e-01 2.738662e+00
-1.769570e-01 6.714870e-01 2.603761e+00
-3.149400e-01 3.441130e-01 2.760337e+00
1.889300e-02 3.585300e-01 2.576321e+00
-2.054580e-01 4.201820e-01 2.567013e+00
-1.007970e-01 2.308540e-01 2.742050e+00
-3.161890e-01 7.919200e-02 2.715713e+00
-4.492000e-03 8.747900e-02 2.568060e+00
-1.039810e-01 7.686300e-02 2.760501e+00
-3.745670e-01 5.955480e-01 2.641310e+00
8.330700e-02 6.293880e-01 2.517766e+00
-4.373530e-01 8.738120e-01 2.519833e+00
8.744000e-02 8.958810e-01 2.359355e+00
-4.230490e-01 9.438590e-01 2.478768e+00
4.560500e-02 9.630500e-01 2.336211e+00
-2.761990e-01 -5.076630e-01 2.681329e+00
-2.572900e-02 -5.000750e-01 2.650868e+00
9.167300e-02 -6.068180e-01 2.427160e+00
-3.877660e-01 -7.505430e-01 2.777199e+00
4.793600e-02 -8.196030e-01 2.446867e+00
-2.714370e-01 -9.328960e-01 2.749034e+00
-2.143010e-01 5.869410e-01 2.473623e+00
-3.216420e-01 4.057220e-01 2.745279e+00
3.384400e-02 3.941280e-01 2.592047e+00
-1.872170e-01 4.664260e-01 2.559083e+00
-1.101890e-01 2.810580e-01 2.751807e+00
-3.119280e-01 1.024430e-01 2.701681e+00
6.868000e-03 9.265000e-02 2.570158e+00
-1.026220e-01 9.095400e-02 2.757383e+00
-4.324300e-01 6.386780e-01 2.625397e+00
1.261100e-01 6.440840e-01 2.492431e+00
-5.245710e-01 9.113680e-01 2.510301e+00
1.796480e-01 9.126500e-01 2.347164e+00
-5.228060e-01 9.803920e-01 2.465246e+00
1.543280e-01 9.658150e-01 2.289459e+00
-2.730170e-01 -4.899810e-01 2.680142e+00
-3.191900e-02 -4.906380e-01 2.651562e+00
9.128800e-02 -6.049490e-01 2.427500e+00
-3.820070e-01 -7.589620e-01 2.774870e+00
4.282200e-02 -8.160070e-01 2.453658e+00
-2.619510e-01 -9.357290e-01 2.731071e+00
-1.596540e-01 6.043880e-01 2.436106e+00
-3.337150e-01 4.222310e-01 2.727856e+00
4.588700e-02 4.069340e-01 2.614411e+00
-1.754690e-01 4.742480e-01 2.553876e+00
-1.195350e-01 3.010660e-01 2.764390e+00
-3.057430e-01 1.321030e-01 2.686805e+00
2.082700e-02 1.080630e-01 2.578180e+00
-1.019930e-01 1.074080e-01 2.756949e+00
-5.279290e-01 6.114670e-01 2.642135e+00
2.038790e-01 6.038600e-01 2.483506e+00
-6.880660e-01 8.489470e-01 2.523762e+00
3.416850e-01 8.348690e-01 2.329568e+00
-7.168160e-01 9.207480e-01 2.495205e+00
3.784470e-01 8.944550e-01 2.286030e+00
-2.693510e-01 -4.637900e-01 2.676683e+00
-3.077000e-02 -4.711450e-01 2.646166e+00
9.392200e-02 -5.992500e-01 2.432865e+00
-3.849180e-01 -7.333380e-01 2.771059e+00
3.925600e-02 -8.076080e-01 2.467174e+00
-2.675650e-01 -9.121810e-01 2.728373e+00
-1.511320e-01 6.072440e-01 2.432225e+00
-3.366450e-01 4.065390e-01 2.728660e+00
5.439700e-02 4.015920e-01 2.619621e+00
-1.713150e-01 4.673210e-01 2.558414e+00
-1.163320e-01 2.877290e-01 2.763744e+00
-3.078760e-01 1.241310e-01 2.680197e+00
2.467900e-02 9.917900e-02 2.591827e+00
-1.090530e-01 9.717500e-02 2.762577e+00
-5.831360e-01 5.306120e-01 2.660046e+00
2.567910e-01 5.493740e-01 2.485244e+00
-7.950940e-01 7.263090e-01 2.546870e+00
4.594410e-01 7.214560e-01 2.326017e+00
-8.570400e-01 7.704680e-01 2.515089e+00
5.074770e-01 7.727210e-01 2.282868e+00
-2.681190e-01 -4.716470e-01 2.678904e+00
-2.795200e-02 -4.799110e-01 2.645800e+00
9.977500e-02 -5.922600e-01 2.434220e+00
-3.792530e-01 -7.360370e-01 2.789855e+00
5.267600e-02 -8.026820e-01 2.467130e+00
-2.658960e-01 -9.168620e-01 2.744790e+00
-1.505760e-01 6.080600e-01 2.443372e+00
-3.299800e-01 3.759430e-01 2.716378e+00
7.650000e-02 3.977300e-01 2.627683e+00
-1.553130e-01 4.518150e-01 2.556855e+00
-1.012420e-01 2.692860e-01 2.759824e+00
-2.982780e-01 1.109650e-01 2.672322e+00
3.684400e-02 8.010800e-02 2.596390e+00
-1.031540e-01 8.065100e-02 2.762052e+00
-6.067010e-01 4.226990e-01 2.685939e+00
3.095300e-01 4.721760e-01 2.486821e+00
-8.605960e-01 5.502450e-01 2.568000e+00
5.540260e-01 5.760070e-01 2.331642e+00
-9.283390e-01 5.847740e-01 2.536126e+00
6.323150e-01 5.891520e-01 2.309386e+00
-2.767500e-01 -4.835510e-01 2.682347e+00
-2.071400e-02 -4.973200e-01 2.645614e+00
1.026060e-01 -5.959150e-01 2.451636e+00
-3.884660e-01 -7.369750e-01 2.776333e+00
5.787900e-02 -8.073650e-01 2.481076e+00
-2.787870e-01 -9.227720e-01 2.744262e+00
-1.473800e-01 6.074140e-01 2.458351e+00
-3.262480e-01 3.571850e-01 2.731294e+00
8.708200e-02 3.850580e-01 2.640975e+00
-1.478680e-01 4.524760e-01 2.581801e+00
-9.562200e-02 2.417380e-01 2.755861e+00
-2.904210e-01 8.410000e-02 2.673128e+00
4.489000e-02 7.267500e-02 2.592749e+00
-9.267600e-02 6.555000e-02 2.760287e+00
-5.832690e-01 2.537060e-01 2.720884e+00
3.192410e-01 3.136470e-01 2.507262e+00
-8.661490e-01 2.436460e-01 2.615153e+00
5.988120e-01 2.771630e-01 2.398586e+00
-9.433530e-01 2.410310e-01 2.586340e+00
6.725580e-01 2.577910e-01 2.367224e+00
-2.804590e-01 -5.016740e-01 2.686352e+00
-3.198000e-02 -5.128750e-01 2.654606e+00
1.082390e-01 -6.003400e-01 2.465122e+00
-3.944690e-01 -7.514380e-01 2.801075e+00
6.748700e-02 -8.133440e-01 2.488518e+00
-2.904090e-01 -9.376130e-01 2.755373e+00
-1.598000e-01 6.741530e-01 2.611993e+00
-3.265510e-01 3.504470e-01 2.733463e+00
8.642300e-02 3.776520e-01 2.641331e+00
-1.488400e-01 4.437800e-01 2.581951e+00
-9.564400e-02 2.357680e-01 2.758976e+00
-2.783610e-01 8.077800e-02 2.671080e+00
5.588300e-02 5.981500e-02 2.588217e+00
-8.047400e-02 5.790200e-02 2.756879e+00
-5.271380e-01 1.597110e-01 2.715916e+00
2.764610e-01 2.031830e-01 2.539500e+00
-8.026220e-01 5.714500e-02 2.645589e+00
5.417300e-01 8.515300e-02 2.455484e+00
-8.483470e-01 1.055600e-02 2.595230e+00
6.137750e-01 5.240900e-02 2.432360e+00
-2.771430e-01 -5.065770e-01 2.686909e+00
-2.965300e-02 -5.215530e-01 2.664803e+00
1.168870e-01 -6.069120e-01 2.476107e+00
-3.911660e-01 -7.764850e-01 2.783472e+00
7.528100e-02 -8.197360e-01 2.499634e+00
-2.794730e-01 -9.574550e-01 2.734963e+00
-1.548870e-01 6.666520e-01 2.622760e+00
-3.294050e-01 3.486900e-01 2.746974e+00
8.069800e-02 3.679430e-01 2.641049e+00
-1.549070e-01 4.399780e-01 2.590562e+00
-1.003960e-01 2.286410e-01 2.763195e+00
-2.961240e-01 6.508800e-02 2.667039e+00
3.729400e-02 6.685200e-02 2.578413e+00
-9.578400e-02 5.100400e-02 2.748950e+00
-4.700990e-01 1.126770e-01 2.706104e+00
2.254940e-01 1.431650e-01 2.565711e+00
-6.732790e-01 -1.111410e-01 2.689689e+00
4.205590e-01 -7.795200e-02 2.497133e+00
-7.108420e-01 -1.361940e-01 2.620705e+00
4.670280e-01 -1.460430e-01 2.495833e+00
-2.801560e-01 -5.150220e-01 2.690604e+00
-2.537000e-02 -5.185180e-01 2.663790e+00
1.140620e-01 -6.056210e-01 2.475782e+00
-3.885290e-01 -7.703320e-01 2.784079e+00
8.017100e-02 -8.192810e-01 2.503699e+00
-2.729840e-01 -9.524710e-01 2.751626e+00
-1.574760e-01 6.653780e-01 2.606731e+00
-3.269300e-01 3.550440e-01 2.757317e+00
8.300200e-02 3.610330e-01 2.649167e+00
-1.489990e-01 4.478510e-01 2.605739e+00
-1.041150e-01 2.229980e-01 2.763420e+00
-3.037810e-01 6.793600e-02 2.647673e+00
3.090800e-02 7.333800e-02 2.564132e+00
-1.045670e-01 5.625700e-02 2.732651e+00
-3.991100e-01 8.424900e-02 2.704685e+00
1.302840e-01 8.308000e-02 2.606539e+00
-4.850890e-01 -2.143500e-01 2.708357e+00
2.321140e-01 -2.089920e-01 2.576677e+00
-4.937290e-01 -2.866050e-01 2.669601e+00
2.473680e-01 -2.897280e-01 2.583491e+00
-2.826330e-01 -5.089200e-01 2.689898e+00
-1.960600e-02 -5.093140e-01 2.663564e+00
1.133190e-01 -6.059600e-01 2.481165e+00
-3.835470e-01 -7.606940e-01 2.782388e+00
8.038400e-02 -8.185010e-01 2.517501e+00
-2.641590e-01 -9.423020e-01 2.763852e+00
-1.440350e-01 6.582510e-01 2.598316e+00
-3.298180e-01 3.413280e-01 2.786576e+00
6.457200e-02 3.648410e-01 2.632693e+00
-1.724940e-01 4.481030e-01 2.621967e+00
-1.053650e-01 2.150450e-01 2.758401e+00
-3.041560e-01 5.993200e-02 2.674992e+00
1.489700e-02 7.385800e-02 2.544471e+00
-9.462100e-02 5.060000e-02 2.730236e+00
-3.784470e-01 7.228100e-02 2.696700e+00
1.024240e-01 7.955900e-02 2.635907e+00
-3.943900e-01 -2.408290e-01 2.687855e+00
1.078190e-01 -2.338290e-01 2.624557e+00
-3.746950e-01 -3.203230e-01 2.697349e+00
1.141550e-01 -3.159270e-01 2.620404e+00
-2.826400e-01 -5.166110e-01 2.690037e+00
-1.911800e-02 -5.081920e-01 2.661997e+00
1.113590e-01 -6.033830e-01 2.473244e+00
-3.844530e-01 -7.611310e-01 2.772975e+00
8.130900e-02 -8.171980e-01 2.504211e+00
-2.619870e-01 -9.414610e-01 2.765123e+00
-1.435330e-01 6.527390e-01 2.594651e+00
-3.310970e-01 3.392340e-01 2.812084e+00
4.904500e-02 3.783350e-01 2.628403e+00
-1.887770e-01 4.588570e-01 2.642723e+00
-1.087000e-01 2.182000e-01 2.757218e+00
-3.088080e-01 5.894900e-02 2.687189e+00
2.293000e-03 7.691100e-02 2.539141e+00
-9.643900e-02 5.042600e-02 2.730438e+00
-3.805790e-01 8.794800e-02 2.686254e+00
8.691500e-02 9.562300e-02 2.636506e+00
-3.670520e-01 -2.214210e-01 2.657749e+00
6.859700e-02 -2.137940e-01 2.611401e+00
-3.723870e-01 -3.008320e-01 2.679261e+00
2.760500e-02 -2.852560e-01 2.608192e+00
-2.822310e-01 -5.182470e-01 2.689130e+00
-2.004700e-02 -5.057230e-01 2.655334e+00
1.097010e-01 -6.009220e-01 2.467052e+00
-3.743630e-01 -7.653420e-01 2.785035e+00
8.105100e-02 -8.151770e-01 2.496251e+00
-2.499110e-01 -9.436730e-01 2.768052e+00
-1.495380e-01 6.491660e-01 2.595196e+00
-3.507430e-01 3.171600e-01 2.834104e+00
7.423000e-03 4.062620e-01 2.625409e+00
-2.365430e-01 4.571510e-01 2.659150e+00
-1.202540e-01 2.251930e-01 2.759694e+00
-3.116500e-01 5.045400e-02 2.713385e+00
-2.154700e-02 9.534600e-02 2.532140e+00
-9.568500e-02 5.706600e-02 2.732345e+00
-3.840200e-01 6.688200e-02 2.698171e+00
8.535400e-02 1.307000e-01 2.640114e+00
-3.856760e-01 -2.426490e-01 2.655273e+00
8.093800e-02 -1.794200e-01 2.601913e+00
-3.407890e-01 -3.116410e-01 2.650507e+00
5.386500e-02 -2.572510e-01 2.599309e+00
-2.826070e-01 -5.193050e-01 2.691973e+00
-1.437600e-02 -4.908440e-01 2.658869e+00
1.037910e-01 -5.968420e-01 2.458632e+00
-3.779650e-01 -7.457850e-01 2.770993e+00
7.556800e-02 -8.117220e-01 2.483299e+00
-2.521420e-01 -9.239380e-01 2.773930e+00
-1.494020e-01 6.349790e-01 2.568133e+00
-3.405340e-01 3.236710e-01 2.823408e+00
2.648500e-02 3.936910e-01 2.622984e+00
-2.145750e-01 4.588710e-01 2.652812e+00
-1.146010e-01 2.188810e-01 2.752043e+00
-3.095230e-01 5.725300e-02 2.711372e+00
-1.359800e-02 8.729400e-02 2.536584e+00
-9.398200e-02 5.079200e-02 2.734700e+00
-3.793140e-01 6.294300e-02 2.706877e+00
9.137700e-02 1.132930e-01 2.638101e+00
-3.976340e-01 -2.488340e-01 2.673601e+00
8.561800e-02 -1.989000e-01 2.604180e+00
-3.569950e-01 -3.194430e-01 2.686257e+00
5.455500e-02 -2.749360e-01 2.611325e+00
-2.837210e-01 -5.171200e-01 2.690428e+00
-1.253400e-02 -4.953200e-01 2.651598e+00
1.012070e-01 -5.947990e-01 2.454716e+00
-3.754360e-01 -7.473810e-01 2.772142e+00
7.333900e-02 -8.096520e-01 2.480011e+00
-2.512020e-01 -9.266670e-01 2.771262e+00
-1.534440e-01 6.349360e-01 2.567203e+00
-3.448150e-01 3.189440e-01 2.837659e+00
5.297000e-03 4.096680e-01 2.616374e+00
-2.389310e-01 4.555900e-01 2.655000e+00
-1.140650e-01 2.302330e-01 2.760166e+00
-3.075060e-01 5.518000e-02 2.721879e+00
-2.406900e-02 9.427300e-02 2.529110e+00
-9.084500e-02 5.617900e-02 2.731925e+00
-3.807810e-01 6.187300e-02 2.708476e+00
9.010500e-02 1.334440e-01 2.640351e+00
-3.954810e-01 -2.506700e-01 2.664410e+00
8.125000e-02 -1.806380e-01 2.606961e+00
-3.592460e-01 -3.162710e-01 2.698773e+00
5.908500e-02 -2.598170e-01 2.613031e+00
-2.823890e-01 -5.171030e-01 2.691424e+00
-1.299500e-02 -4.901930e-01 2.651478e+00
1.005390e-01 -5.838660e-01 2.449198e+00
-3.772890e-01 -7.442740e-01 2.763268e+00
7.611200e-02 -7.996140e-01 2.470048e+00
-2.518540e-01 -9.226950e-01 2.766505e+00
-1.565790e-01 6.347280e-01 2.558485e+00
-3.559920e-01 3.201340e-01 2.845757e+00
-8.564000e-03 4.130980e-01 2.621195e+00
-2.532170e-01 4.559110e-01 2.660689e+00
-1.244060e-01 2.338290e-01 2.768041e+00
-3.163900e-01 5.743800e-02 2.723235e+00
-3.435300e-02 1.032560e-01 2.529893e+00
-9.974700e-02 6.218000e-02 2.732576e+00
-3.878270e-01 6.624300e-02 2.705046e+00
8.371800e-02 1.365960e-01 2.638654e+00
-3.801380e-01 -2.490130e-01 2.662276e+00
6.526900e-02 -1.796650e-01 2.608442e+00
-3.681770e-01 -3.288300e-01 2.645439e+00
5.328300e-02 -2.598720e-01 2.623295e+00
-2.829380e-01 -5.140230e-01 2.685496e+00
-1.338100e-02 -4.819080e-01 2.648408e+00
9.821900e-02 -5.804470e-01 2.440401e+00
-3.798740e-01 -7.339540e-01 2.757584e+00
7.355000e-02 -7.962370e-01 2.460520e+00
-2.550080e-01 -9.126840e-01 2.764128e+00
-1.584980e-01 6.345340e-01 2.561696e+00
-3.518070e-01 3.227770e-01 2.838661e+00
2.911000e-03 4.049340e-01 2.621402e+00
-2.400840e-01 4.580830e-01 2.658499e+00
-1.232830e-01 2.277290e-01 2.762091e+00
-3.168220e-01 6.017400e-02 2.719552e+00
-2.968300e-02 1.013290e-01 2.532783e+00
-1.003770e-01 5.953900e-02 2.733531e+00
-3.878420e-01 6.954600e-02 2.694949e+00
8.119200e-02 1.229410e-01 2.642124e+00
-3.766240e-01 -2.474250e-01 2.654547e+00
6.766200e-02 -1.952650e-01 2.614000e+00
-3.792700e-01 -3.298090e-01 2.656357e+00
4.748100e-02 -2.732310e-01 2.631646e+00
-2.822290e-01 -5.120170e-01 2.689147e+00
-1.730200e-02 -4.828870e-01 2.649483e+00
9.379800e-02 -5.774570e-01 2.435996e+00
-3.870170e-01 -7.269290e-01 2.765751e+00
7.140400e-02 -7.932570e-01 2.458518e+00
-2.653950e-01 -9.078660e-01 2.772711e+00
-1.668460e-01 6.401230e-01 2.569998e+00
