-2.916520e-01 1.480390e-01 2.904754e+00
-1.322275e-01 1.877595e-01 2.801594e+00
2.719700e-02 2.274800e-01 2.698433e+00
-8.940550e-02 2.385975e-01 2.704930e+00
-2.060080e-01 2.497150e-01 2.711428e+00
-1.189505e-01 1.488715e-01 2.807139e+00
-3.189300e-02 4.802800e-02 2.902850e+00
-1.336055e-01 -7.159200e-02 2.863748e+00
-2.353180e-01 -1.912120e-01 2.824646e+00
-1.217760e-01 -1.944915e-01 2.747696e+00
-8.234000e-03 -1.977710e-01 2.670746e+00
-8.421500e-03 -2.080530e-01 2.793220e+00
-8.609000e-03 -2.183350e-01 2.915693e+00
-1.865740e-01 -1.476265e-01 2.835964e+00
-3.645390e-01 -7.691800e-02 2.756235e+00
-1.339090e-01 -5.934950e-02 2.739994e+00
9.672100e-02 -4.178100e-02 2.723754e+00
-1.193375e-01 -2.070605e-01 2.705852e+00
-3.353960e-01 -3.723400e-01 2.687950e+00
-1.599435e-01 -3.508550e-01 2.676341e+00
1.550900e-02 -3.293700e-01 2.664733e+00
-1.390230e-01 -3.815135e-01 2.672093e+00
-2.935550e-01 -4.336570e-01 2.679453e+00
-1.691515e-01 -4.017965e-01 2.663344e+00
-4.474800e-02 -3.699360e-01 2.647235e+00
-2.584300e-02 -5.254365e-01 2.698414e+00
-6.938000e-03 -6.809370e-01 2.749593e+00
-1.545400e-01 -6.621545e-01 2.762621e+00
-3.021420e-01 -6.433720e-01 2.775650e+00
-1.930085e-01 -8.647690e-01 2.793276e+00
-8.387500e-02 -1.086166e+00 2.810901e+00
-1.689085e-01 -1.068865e+00 2.828439e+00
-2.539420e-01 -1.051563e+00 2.845978e+00
-1.132595e-01 -1.089611e+00 2.761150e+00
2.742300e-02 -1.127658e+00 2.676322e+00
-2.023855e-01 -1.100173e+00 2.760928e+00
-4.321940e-01 -1.072688e+00 2.845534e+00
-2.891780e-01 -2.840060e-01 2.739325e+00
-1.461620e-01 5.046760e-01 2.633115e+00
-2.201110e-01 3.314965e-01 2.764237e+00
-2.940600e-01 1.583170e-01 2.895359e+00
-1.304550e-01 1.962370e-01 2.798244e+00
3.315000e-02 2.341570e-01 2.701129e+00
-8.360450e-02 2.454730e-01 2.702626e+00
-2.003590e-01 2.567890e-01 2.704123e+00
-1.174755e-01 1.574325e-01 2.804957e+00
-3.459200e-02 5.807600e-02 2.905792e+00
-1.352585e-01 -6.632950e-02 2.862734e+00
-2.359250e-01 -1.907350e-01 2.819676e+00
-1.192555e-01 -1.946390e-01 2.747587e+00
-2.586000e-03 -1.985430e-01 2.675498e+00
-7.831500e-03 -2.067785e-01 2.798014e+00
-1.307700e-02 -2.150140e-01 2.920530e+00
-1.922245e-01 -1.419770e-01 2.837454e+00
-3.713720e-01 -6.894000e-02 2.754378e+00
-1.371455e-01 -5.209400e-02 2.742177e+00
9.708100e-02 -3.524800e-02 2.729977e+00
-1.251020e-01 -2.007820e-01 2.713870e+00
-3.472850e-01 -3.663160e-01 2.697763e+00
-1.524585e-01 -3.482095e-01 2.689969e+00
4.236800e-02 -3.301030e-01 2.682175e+00
-1.311100e-01 -3.780315e-01 2.682861e+00
-3.045880e-01 -4.259600e-01 2.683547e+00
-1.356640e-01 -4.151080e-01 2.682386e+00
3.326000e-02 -4.042560e-01 2.681225e+00
1.380050e-02 -5.424150e-01 2.714713e+00
-5.659000e-03 -6.805740e-01 2.748200e+00
-1.541500e-01 -6.609290e-01 2.760897e+00
-3.026410e-01 -6.412840e-01 2.773593e+00
-1.936500e-01 -8.630345e-01 2.793537e+00
-8.465900e-02 -1.084785e+00 2.813481e+00
-1.688785e-01 -1.066933e+00 2.829372e+00
-2.530980e-01 -1.049080e+00 2.845264e+00
-1.103880e-01 -1.088777e+00 2.764900e+00
3.232200e-02 -1.128474e+00 2.684536e+00
-1.993780e-01 -1.100085e+00 2.762072e+00
-4.310780e-01 -1.071696e+00 2.839608e+00
-2.885840e-01 -2.783270e-01 2.737652e+00
-1.460900e-01 5.150420e-01 2.635696e+00
-2.172115e-01 3.245045e-01 2.768931e+00
-2.883330e-01 1.339670e-01 2.902166e+00
-1.298570e-01 1.823050e-01 2.801247e+00
2.861900e-02 2.306430e-01 2.700328e+00
-8.831600e-02 2.376825e-01 2.706539e+00
-2.052510e-01 2.447220e-01 2.712750e+00
-1.153205e-01 1.437155e-01 2.805590e+00
-2.539000e-02 4.270900e-02 2.898430e+00
-1.271415e-01 -7.413300e-02 2.862992e+00
-2.288930e-01 -1.909750e-01 2.827554e+00
-1.153165e-01 -1.954840e-01 2.750717e+00
-1.740000e-03 -1.999930e-01 2.673880e+00
-2.012500e-03 -2.086580e-01 2.796479e+00
-2.285000e-03 -2.173230e-01 2.919077e+00
-1.878735e-01 -1.534260e-01 2.838488e+00
-3.734620e-01 -8.952900e-02 2.757899e+00
-1.402925e-01 -6.429300e-02 2.746021e+00
9.287700e-02 -3.905700e-02 2.734144e+00
-1.324345e-01 -2.125390e-01 2.711843e+00
-3.577460e-01 -3.860210e-01 2.689543e+00
-1.396780e-01 -3.634520e-01 2.692362e+00
7.839000e-02 -3.408830e-01 2.695181e+00
-1.132335e-01 -3.896020e-01 2.695901e+00
-3.048570e-01 -4.383210e-01 2.696620e+00
-1.251490e-01 -4.249765e-01 2.697420e+00
5.455900e-02 -4.116320e-01 2.698219e+00
2.619250e-02 -5.465790e-01 2.724527e+00
-2.174000e-03 -6.815260e-01 2.750835e+00
-1.526310e-01 -6.611860e-01 2.762151e+00
-3.030880e-01 -6.408460e-01 2.773468e+00
-1.956710e-01 -8.631010e-01 2.791306e+00
-8.825400e-02 -1.085356e+00 2.809144e+00
-1.717625e-01 -1.067359e+00 2.825652e+00
-2.552710e-01 -1.049361e+00 2.842159e+00
-1.138845e-01 -1.089090e+00 2.760591e+00
2.750200e-02 -1.128819e+00 2.679022e+00
-2.029475e-01 -1.099915e+00 2.758211e+00
-4.333970e-01 -1.071011e+00 2.837401e+00
-2.898530e-01 -2.850815e-01 2.737649e+00
-1.463090e-01 5.008480e-01 2.637898e+00
-2.224215e-01 3.323455e-01 2.768031e+00
-2.985340e-01 1.638430e-01 2.898163e+00
-1.344815e-01 2.008880e-01 2.801465e+00
2.957100e-02 2.379330e-01 2.704767e+00
-8.718400e-02 2.493100e-01 2.705652e+00
-2.039390e-01 2.606870e-01 2.706536e+00
-1.215500e-01 1.621345e-01 2.808558e+00
-3.916100e-02 6.358200e-02 2.910579e+00
-1.314850e-01 -5.353900e-02 2.863558e+00
-2.238090e-01 -1.706600e-01 2.816537e+00
-1.078600e-01 -1.856400e-01 2.744737e+00
8.089000e-03 -2.006200e-01 2.672936e+00
2.108500e-03 -2.063605e-01 2.795561e+00
-3.872000e-03 -2.121010e-01 2.918186e+00
-1.945165e-01 -1.419900e-01 2.846181e+00
-3.851610e-01 -7.187900e-02 2.774176e+00
-1.482645e-01 -5.253000e-02 2.758517e+00
8.863200e-02 -3.318100e-02 2.742859e+00
-1.587865e-01 -2.026085e-01 2.732047e+00
-4.062050e-01 -3.720360e-01 2.721234e+00
-1.376995e-01 -3.526770e-01 2.712816e+00
1.308060e-01 -3.333180e-01 2.704398e+00
-1.401020e-01 -3.897190e-01 2.708600e+00
-4.110100e-01 -4.461200e-01 2.712802e+00
-1.471810e-01 -4.264000e-01 2.708438e+00
1.166480e-01 -4.066800e-01 2.704073e+00
5.405900e-02 -5.375515e-01 2.727608e+00
-8.530000e-03 -6.684230e-01 2.751143e+00
-1.556480e-01 -6.522845e-01 2.761438e+00
-3.027660e-01 -6.361460e-01 2.771734e+00
-1.930865e-01 -8.555675e-01 2.788762e+00
-8.340700e-02 -1.074989e+00 2.805790e+00
-1.705420e-01 -1.059537e+00 2.825646e+00
-2.576770e-01 -1.044085e+00 2.845503e+00
-1.054665e-01 -1.079390e+00 2.767113e+00
4.674400e-02 -1.114694e+00 2.688724e+00
-1.941940e-01 -1.090568e+00 2.759531e+00
-4.351320e-01 -1.066441e+00 2.830338e+00
-2.895460e-01 -2.745100e-01 2.731818e+00
-1.439600e-01 5.174210e-01 2.633298e+00
-2.217395e-01 3.333100e-01 2.763037e+00
-2.995190e-01 1.491990e-01 2.892776e+00
-1.351505e-01 1.929855e-01 2.799493e+00
2.921800e-02 2.367720e-01 2.706210e+00
-8.777700e-02 2.453710e-01 2.705826e+00
-2.047720e-01 2.539700e-01 2.705443e+00
-1.213900e-01 1.543505e-01 2.805604e+00
-3.800800e-02 5.473100e-02 2.905766e+00
-1.274430e-01 -5.749550e-02 2.863491e+00
-2.168780e-01 -1.697220e-01 2.821216e+00
-9.928300e-02 -1.758270e-01 2.750803e+00
1.831200e-02 -1.819320e-01 2.680390e+00
1.063400e-02 -1.949420e-01 2.802363e+00
2.956000e-03 -2.079520e-01 2.924335e+00
-2.015970e-01 -1.502200e-01 2.860705e+00
-4.061500e-01 -9.248800e-02 2.797076e+00
-1.507230e-01 -6.151100e-02 2.772801e+00
1.047040e-01 -3.053400e-02 2.748527e+00
-1.863055e-01 -2.089745e-01 2.751076e+00
-4.773150e-01 -3.874150e-01 2.753624e+00
-1.317450e-01 -3.521350e-01 2.747640e+00
2.138250e-01 -3.168550e-01 2.741655e+00
-1.387650e-01 -3.886680e-01 2.751066e+00
-4.913550e-01 -4.604810e-01 2.760477e+00
-1.474730e-01 -4.245185e-01 2.756944e+00
1.964090e-01 -3.885560e-01 2.753411e+00
9.422800e-02 -5.288790e-01 2.752633e+00
-7.953000e-03 -6.692020e-01 2.751856e+00
-1.521350e-01 -6.437160e-01 2.761228e+00
-2.963170e-01 -6.182300e-01 2.770599e+00
-1.896950e-01 -8.471035e-01 2.787591e+00
-8.307300e-02 -1.075977e+00 2.804583e+00
-1.722470e-01 -1.051775e+00 2.823333e+00
-2.614210e-01 -1.027572e+00 2.842083e+00
-1.214285e-01 -1.070438e+00 2.751749e+00
1.856400e-02 -1.113304e+00 2.661416e+00
-2.108005e-01 -1.078411e+00 2.749722e+00
-4.401650e-01 -1.043518e+00 2.838029e+00
-2.971060e-01 -2.640730e-01 2.742340e+00
-1.540470e-01 5.153720e-01 2.646651e+00
-2.216050e-01 3.103655e-01 2.770716e+00
-2.891630e-01 1.053590e-01 2.894782e+00
-1.292560e-01 1.605435e-01 2.799806e+00
3.065100e-02 2.157280e-01 2.704829e+00
-8.628850e-02 2.232050e-01 2.710423e+00
-2.032280e-01 2.306820e-01 2.716017e+00
-1.150565e-01 1.216070e-01 2.801090e+00
-2.688500e-02 1.253200e-02 2.886163e+00
-1.155280e-01 -8.435200e-02 2.856916e+00
-2.041710e-01 -1.812360e-01 2.827669e+00
-9.127200e-02 -1.918735e-01 2.750439e+00
2.162700e-02 -2.025110e-01 2.673209e+00
1.983300e-02 -2.199515e-01 2.794856e+00
1.803900e-02 -2.373920e-01 2.916504e+00
-2.186360e-01 -1.695195e-01 2.858898e+00
-4.553110e-01 -1.016470e-01 2.801292e+00
-1.569385e-01 -6.983050e-02 2.778255e+00
1.414340e-01 -3.801400e-02 2.755217e+00
-2.289330e-01 -2.046045e-01 2.763676e+00
-5.993000e-01 -3.711950e-01 2.772135e+00
-1.481315e-01 -3.350590e-01 2.767215e+00
3.030370e-01 -2.989230e-01 2.762295e+00
-1.517715e-01 -3.675445e-01 2.785300e+00
-6.065800e-01 -4.361660e-01 2.808305e+00
-1.531230e-01 -4.048725e-01 2.784633e+00
3.003340e-01 -3.735790e-01 2.760961e+00
1.440420e-01 -5.301780e-01 2.753927e+00
-1.225000e-02 -6.867770e-01 2.746893e+00
-1.595960e-01 -6.584510e-01 2.758377e+00
-3.069420e-01 -6.301250e-01 2.769861e+00
-1.936455e-01 -8.618180e-01 2.789277e+00
-8.034900e-02 -1.093511e+00 2.808694e+00
-1.706295e-01 -1.065689e+00 2.826417e+00
-2.609100e-01 -1.037866e+00 2.844140e+00
-1.253320e-01 -1.084686e+00 2.751302e+00
1.024600e-02 -1.131506e+00 2.658463e+00
-2.145315e-01 -1.094549e+00 2.752438e+00
-4.393090e-01 -1.057592e+00 2.846413e+00
-2.854300e-01 -2.829460e-01 2.755056e+00
-1.315510e-01 4.917000e-01 2.663699e+00
-2.136325e-01 2.888825e-01 2.783023e+00
-2.957140e-01 8.606500e-02 2.902347e+00
2.037100e-02 2.105550e-01 2.714899e+00
-2.132770e-01 2.240770e-01 2.731453e+00
-3.353100e-02 -5.241000e-03 2.882253e+00
-2.035940e-01 -1.859010e-01 2.828734e+00
1.659500e-02 -2.072820e-01 2.666391e+00
2.203900e-02 -2.398740e-01 2.909969e+00
-5.197290e-01 -4.523300e-02 2.792880e+00
1.901970e-01 -1.099700e-02 2.753345e+00
-7.530840e-01 -2.450340e-01 2.782334e+00
4.069010e-01 -2.267020e-01 2.784921e+00
-7.490420e-01 -3.056690e-01 2.825804e+00
4.374260e-01 -2.900960e-01 2.810062e+00
-1.329000e-02 -6.920300e-01 2.743965e+00
-3.104120e-01 -6.349990e-01 2.768159e+00
-8.192900e-02 -1.097428e+00 2.813464e+00
-2.578460e-01 -1.041731e+00 2.843623e+00
2.399000e-03 -1.137967e+00 2.660279e+00
-4.358980e-01 -1.064413e+00 2.845402e+00
-1.451010e-01 4.829650e-01 2.677135e+00
-3.129810e-01 1.323920e-01 2.874532e+00
3.161800e-02 2.289280e-01 2.724610e+00
-2.010660e-01 2.336140e-01 2.694875e+00
-5.085400e-02 5.262800e-02 2.923602e+00
-2.262060e-01 -1.826500e-01 2.803182e+00
2.379600e-02 -2.037890e-01 2.692061e+00
-2.234100e-02 -2.300890e-01 2.932065e+00
-5.564980e-01 1.105470e-01 2.739227e+00
2.778660e-01 9.684100e-02 2.724776e+00
-8.477140e-01 2.099500e-02 2.748690e+00
5.521830e-01 -3.523300e-02 2.739691e+00
-8.811410e-01 -1.676100e-02 2.803824e+00
6.082070e-01 -3.688500e-02 2.789099e+00
-1.282600e-02 -6.856170e-01 2.747990e+00
-3.057810e-01 -6.383090e-01 2.761705e+00
-8.599000e-02 -1.091145e+00 2.811892e+00
-2.539010e-01 -1.042859e+00 2.848519e+00
3.684400e-02 -1.132856e+00 2.687826e+00
-4.306380e-01 -1.069186e+00 2.831455e+00
-1.462450e-01 5.085510e-01 2.662802e+00
-3.290070e-01 2.297390e-01 2.798088e+00
5.731200e-02 2.300140e-01 2.762012e+00
-1.476330e-01 2.675010e-01 2.654124e+00
-1.203040e-01 1.195320e-01 2.945662e+00
-2.678680e-01 -1.709120e-01 2.779539e+00
5.540000e-03 -1.663210e-01 2.756685e+00
-1.139160e-01 -1.895300e-01 2.970259e+00
-5.972350e-01 2.021060e-01 2.725790e+00
3.267800e-01 1.967910e-01 2.697047e+00
-9.017610e-01 2.003490e-01 2.726440e+00
6.289390e-01 1.609050e-01 2.709344e+00
-9.758780e-01 1.921420e-01 2.721764e+00
7.023430e-01 1.680190e-01 2.721340e+00
-1.169700e-02 -6.535580e-01 2.742993e+00
-3.038310e-01 -6.188630e-01 2.749589e+00
-8.230600e-02 -1.060992e+00 2.796859e+00
-2.598410e-01 -1.021804e+00 2.847529e+00
6.064800e-02 -1.099199e+00 2.695249e+00
-4.269530e-01 -1.053930e+00 2.790417e+00
-1.404990e-01 5.581850e-01 2.675786e+00
-3.161580e-01 2.563780e-01 2.771203e+00
5.978800e-02 2.371600e-01 2.747816e+00
-1.335790e-01 2.664790e-01 2.629136e+00
-1.197060e-01 1.604440e-01 2.939298e+00
-2.674400e-01 -1.617530e-01 2.788321e+00
5.384000e-03 -1.699270e-01 2.760112e+00
-1.098490e-01 -1.585670e-01 2.976940e+00
-5.782660e-01 3.084430e-01 2.703280e+00
3.117140e-01 3.132100e-01 2.665511e+00
-8.668700e-01 3.850230e-01 2.667128e+00
6.025520e-01 3.883500e-01 2.650299e+00
-9.386050e-01 4.042090e-01 2.658847e+00
6.700820e-01 4.182580e-01 2.661606e+00
-1.798300e-02 -6.384860e-01 2.729591e+00
-2.991130e-01 -6.159500e-01 2.744308e+00
-7.871800e-02 -1.043837e+00 2.806343e+00
-2.635460e-01 -1.018481e+00 2.847233e+00
5.189200e-02 -1.085355e+00 2.690423e+00
-4.173040e-01 -1.053944e+00 2.761669e+00
-1.378270e-01 5.604400e-01 2.709569e+00
-3.135640e-01 2.742380e-01 2.765080e+00
4.397500e-02 2.558070e-01 2.751074e+00
-1.372950e-01 2.795740e-01 2.626938e+00
-1.298140e-01 1.858370e-01 2.941252e+00
-2.633270e-01 -1.414870e-01 2.786115e+00
9.938000e-03 -1.540760e-01 2.764590e+00
-1.102300e-01 -1.375560e-01 2.978386e+00
-5.084950e-01 4.362900e-01 2.657465e+00
2.172190e-01 4.401040e-01 2.642164e+00
-7.080600e-01 6.480390e-01 2.582765e+00
4.240150e-01 6.400940e-01 2.555659e+00
-7.631520e-01 6.812670e-01 2.620757e+00
4.671440e-01 6.861580e-01 2.515651e+00
-2.444300e-02 -6.214310e-01 2.731523e+00
-2.906910e-01 -5.981990e-01 2.732468e+00
-7.066700e-02 -1.029518e+00 2.803756e+00
-2.683000e-01 -1.000540e+00 2.839749e+00
5.649100e-02 -1.065427e+00 2.682259e+00
-4.141980e-01 -1.034986e+00 2.741019e+00
-1.439380e-01 5.616270e-01 2.736223e+00
-3.040190e-01 2.752330e-01 2.761428e+00
4.364600e-02 2.720780e-01 2.750799e+00
-1.334950e-01 2.849220e-01 2.624682e+00
-1.245960e-01 1.992220e-01 2.941245e+00
-2.625950e-01 -1.322310e-01 2.785949e+00
1.065300e-02 -1.470490e-01 2.765666e+00
-1.103030e-01 -1.286580e-01 2.978864e+00
-4.356190e-01 4.865650e-01 2.649435e+00
1.535100e-01 4.870630e-01 2.623390e+00
-5.656410e-01 7.354990e-01 2.550434e+00
2.760490e-01 7.379230e-01 2.519808e+00
-5.978310e-01 7.983440e-01 2.526002e+00
3.067460e-01 8.011490e-01 2.494456e+00
-2.366200e-02 -6.063040e-01 2.738786e+00
-2.891990e-01 -5.842990e-01 2.736399e+00
-6.655800e-02 -1.016250e+00 2.801975e+00
-2.688020e-01 -9.901190e-01 2.830114e+00
7.025700e-02 -1.047804e+00 2.690144e+00
-4.199320e-01 -1.019059e+00 2.737690e+00
-1.268670e-01 5.669540e-01 2.747568e+00
-2.971990e-01 3.028500e-01 2.791370e+00
4.383900e-02 2.791690e-01 2.753228e+00
-1.386430e-01 3.089890e-01 2.642118e+00
-1.109750e-01 2.071270e-01 2.952754e+00
-2.581880e-01 -1.181880e-01 2.793763e+00
1.369600e-02 -1.281510e-01 2.758053e+00
-9.549200e-02 -1.174990e-01 2.978023e+00
-3.715370e-01 5.080600e-01 2.637662e+00
8.616100e-02 4.988790e-01 2.607627e+00
-4.097670e-01 7.746430e-01 2.526890e+00
1.018310e-01 7.722470e-01 2.508518e+00
-4.397850e-01 8.427460e-01 2.520296e+00
9.299300e-02 8.374600e-01 2.473137e+00
-2.173600e-02 -5.930850e-01 2.732808e+00
-2.841990e-01 -5.663310e-01 2.730067e+00
-6.565500e-02 -1.000859e+00 2.808179e+00
-2.679190e-01 -9.719460e-01 2.825461e+00
6.435400e-02 -1.036754e+00 2.689733e+00
-4.214890e-01 -9.990180e-01 2.736559e+00
-1.620190e-01 5.918200e-01 2.730304e+00
-2.649270e-01 2.790780e-01 2.920362e+00
3.949000e-02 3.289530e-01 2.733209e+00
-1.802190e-01 3.479230e-01 2.722196e+00
-1.178600e-02 1.871440e-01 2.953316e+00
-2.194810e-01 -9.331600e-02 2.828565e+00
1.576500e-02 -1.078110e-01 2.688050e+00
2.097000e-03 -1.113150e-01 2.933454e+00
-2.913730e-01 4.135710e-01 2.692842e+00
6.200000e-05 5.357070e-01 2.571187e+00
-2.631350e-01 6.639230e-01 2.549735e+00
-1.139210e-01 7.929510e-01 2.502003e+00
-2.418590e-01 7.287310e-01 2.519242e+00
-1.464050e-01 8.447990e-01 2.459118e+00
-2.425500e-02 -5.853900e-01 2.723281e+00
-2.789300e-01 -5.490490e-01 2.730891e+00
-6.434600e-02 -9.922640e-01 2.805353e+00
-2.692500e-01 -9.561470e-01 2.820703e+00
2.677100e-02 -1.031421e+00 2.655738e+00
-4.392880e-01 -9.723630e-01 2.765528e+00
-1.566710e-01 5.985960e-01 2.711322e+00
-2.577270e-01 2.556040e-01 2.923311e+00
5.051700e-02 3.086310e-01 2.743099e+00
-1.684060e-01 3.331480e-01 2.730144e+00
-6.877000e-03 1.563830e-01 2.954417e+00
-2.124240e-01 -1.026510e-01 2.825043e+00
2.456000e-02 -1.165870e-01 2.687422e+00
7.256000e-03 -1.281090e-01 2.932350e+00
-2.864070e-01 3.841430e-01 2.693542e+00
-2.613000e-02 5.050340e-01 2.582819e+00
-2.407640e-01 6.333000e-01 2.554628e+00
-1.690290e-01 7.477050e-01 2.518398e+00
-2.111760e-01 7.008500e-01 2.542623e+00
-1.817830e-01 8.202090e-01 2.505624e+00
-2.441100e-02 -6.004830e-01 2.723221e+00
-2.831850e-01 -5.525280e-01 2.739560e+00
-6.379100e-02 -1.006564e+00 2.809454e+00
-2.676790e-01 -9.616970e-01 2.818482e+00
2.139400e-02 -1.047245e+00 2.656782e+00
-4.422510e-01 -9.758910e-01 2.779194e+00
-1.731080e-01 5.944480e-01 2.717056e+00
-2.558230e-01 2.300730e-01 2.922168e+00
5.344100e-02 3.069300e-01 2.748412e+00
-1.679000e-01 3.254450e-01 2.736674e+00
-2.442000e-03 1.361140e-01 2.947420e+00
-2.117650e-01 -1.131880e-01 2.824921e+00
2.541700e-02 -1.312550e-01 2.688123e+00
6.069000e-03 -1.509180e-01 2.932379e+00
-2.935660e-01 3.782110e-01 2.706772e+00
-6.536000e-03 5.039890e-01 2.583076e+00
-2.691820e-01 6.228850e-01 2.556586e+00
-1.344050e-01 7.507530e-01 2.507101e+00
-2.300070e-01 6.838410e-01 2.538358e+00
-1.806630e-01 8.090270e-01 2.513954e+00
-2.588600e-02 -6.153760e-01 2.725418e+00
-2.866210e-01 -5.696420e-01 2.746548e+00
-6.300500e-02 -1.022706e+00 2.806618e+00
-2.700250e-01 -9.787250e-01 2.825699e+00
2.478400e-02 -1.060970e+00 2.654799e+00
-4.455950e-01 -9.925610e-01 2.791001e+00
-1.967800e-01 5.720290e-01 2.725002e+00
-2.663890e-01 2.832710e-01 2.916206e+00
5.569000e-02 2.975050e-01 2.749448e+00
-1.585900e-01 3.503790e-01 2.727999e+00
-3.159300e-02 1.519760e-01 2.956349e+00
-2.284770e-01 -1.093400e-01 2.818483e+00
1.433600e-02 -1.214570e-01 2.691241e+00
-1.446100e-02 -1.440290e-01 2.934311e+00
-3.339600e-01 4.152150e-01 2.698723e+00
6.651800e-02 4.995450e-01 2.581114e+00
-3.458730e-01 6.596100e-01 2.548523e+00
-4.200000e-03 7.598940e-01 2.482889e+00
-3.339510e-01 7.276150e-01 2.519960e+00
-1.626500e-02 8.183530e-01 2.437948e+00
-2.965900e-02 -6.100550e-01 2.724597e+00
-2.861140e-01 -5.728160e-01 2.742923e+00
-6.445500e-02 -1.017152e+00 2.807964e+00
-2.682900e-01 -9.803230e-01 2.829582e+00
2.402000e-02 -1.055707e+00 2.656616e+00
-4.415240e-01 -9.972290e-01 2.785714e+00
-2.144390e-01 5.736150e-01 2.713879e+00
-2.968150e-01 2.848810e-01 2.831184e+00
4.818100e-02 2.735700e-01 2.763380e+00
-1.473000e-01 3.023140e-01 2.669406e+00
-9.157600e-02 1.883140e-01 2.971953e+00
-2.628650e-01 -1.190960e-01 2.801088e+00
7.976000e-03 -1.264320e-01 2.757654e+00
-9.522700e-02 -1.255720e-01 2.980747e+00
-4.074250e-01 4.508460e-01 2.659130e+00
1.168950e-01 4.678880e-01 2.599367e+00
-4.463690e-01 7.000940e-01 2.521588e+00
1.168110e-01 7.271310e-01 2.475462e+00
-4.477800e-01 7.736630e-01 2.508620e+00
7.632600e-02 7.847890e-01 2.500343e+00
-1.840700e-02 -5.986210e-01 2.720037e+00
-2.912610e-01 -5.782930e-01 2.734163e+00
-6.434400e-02 -1.003226e+00 2.809892e+00
-2.731690e-01 -9.827490e-01 2.834045e+00
5.606500e-02 -1.044970e+00 2.683483e+00
-4.237310e-01 -1.012476e+00 2.740946e+00
-2.074530e-01 5.768800e-01 2.705755e+00
-3.053300e-01 2.629240e-01 2.801629e+00
4.899800e-02 2.608080e-01 2.765675e+00
-1.398790e-01 2.797900e-01 2.653440e+00
-1.089890e-01 1.781230e-01 2.963836e+00
-2.588350e-01 -1.371680e-01 2.798661e+00
1.428200e-02 -1.507100e-01 2.775877e+00
-1.051210e-01 -1.397990e-01 2.990461e+00
-4.804430e-01 4.161630e-01 2.679810e+00
1.705620e-01 4.389950e-01 2.615813e+00
-5.756500e-01 6.435490e-01 2.533794e+00
2.335150e-01 6.842180e-01 2.481678e+00
-6.123570e-01 6.970410e-01 2.496728e+00
2.459770e-01 7.466400e-01 2.442552e+00
-2.550500e-02 -6.125350e-01 2.735891e+00
-2.894470e-01 -5.853400e-01 2.741018e+00
-6.417200e-02 -1.020183e+00 2.814738e+00
-2.734530e-01 -9.912600e-01 2.835154e+00
6.630900e-02 -1.055408e+00 2.696609e+00
-4.266240e-01 -1.018089e+00 2.745493e+00
-2.056860e-01 5.681610e-01 2.692270e+00
-3.058090e-01 2.373050e-01 2.802149e+00
6.277300e-02 2.526910e-01 2.773492e+00
-1.312530e-01 2.765420e-01 2.660054e+00
-1.024860e-01 1.429180e-01 2.958304e+00
-2.571110e-01 -1.544340e-01 2.794953e+00
1.626900e-02 -1.716520e-01 2.778761e+00
-1.080400e-01 -1.578640e-01 2.990372e+00
-5.489360e-01 3.176300e-01 2.732305e+00
2.512210e-01 3.799360e-01 2.636609e+00
-7.491750e-01 4.561600e-01 2.575674e+00
4.280500e-01 5.584550e-01 2.492795e+00
-8.087640e-01 4.822420e-01 2.538912e+00
4.612130e-01 6.171300e-01 2.460546e+00
-1.632800e-02 -6.277980e-01 2.745712e+00
-2.926300e-01 -6.037490e-01 2.747772e+00
-7.493300e-02 -1.036300e+00 2.805550e+00
-2.687760e-01 -1.010035e+00 2.838609e+00
6.843400e-02 -1.071810e+00 2.703546e+00
-4.239450e-01 -1.038305e+00 2.752914e+00
-1.412530e-01 5.610770e-01 2.695162e+00
-3.097120e-01 2.302150e-01 2.798775e+00
7.077500e-02 2.568650e-01 2.770948e+00
-1.300870e-01 2.781730e-01 2.657973e+00
-9.867900e-02 1.374680e-01 2.952679e+00
-2.579460e-01 -1.605720e-01 2.796961e+00
1.549100e-02 -1.784860e-01 2.782575e+00
-1.101340e-01 -1.636650e-01 2.993338e+00
-5.732660e-01 2.301620e-01 2.758367e+00
3.020070e-01 3.155900e-01 2.651882e+00
-8.285950e-01 2.697220e-01 2.624809e+00
5.390180e-01 4.183640e-01 2.518245e+00
-8.955300e-01 2.489950e-01 2.598873e+00
6.037580e-01 4.294910e-01 2.482641e+00
-1.305000e-02 -6.314920e-01 2.748225e+00
-2.947080e-01 -6.089030e-01 2.747227e+00
-7.959900e-02 -1.039557e+00 2.802477e+00
-2.713480e-01 -1.013777e+00 2.844287e+00
6.711700e-02 -1.076334e+00 2.705822e+00
-4.250360e-01 -1.043688e+00 2.756505e+00
-1.277980e-01 5.641320e-01 2.693432e+00
-3.045060e-01 2.180080e-01 2.815726e+00
7.926600e-02 2.457880e-01 2.765817e+00
-1.316920e-01 2.723310e-01 2.666621e+00
-8.339800e-02 1.180330e-01 2.952096e+00
-2.545890e-01 -1.642520e-01 2.802423e+00
1.745600e-02 -1.810510e-01 2.770728e+00
-9.487200e-02 -1.711290e-01 2.989146e+00
-5.573560e-01 1.338670e-01 2.791752e+00
3.278550e-01 2.264410e-01 2.668777e+00
-8.192390e-01 6.850500e-02 2.680716e+00
6.056090e-01 2.326870e-01 2.579346e+00
-8.587970e-01 6.450000e-03 2.693638e+00
6.488610e-01 1.740760e-01 2.562714e+00
-1.016100e-02 -6.408190e-01 2.744911e+00
-2.975890e-01 -6.145590e-01 2.747542e+00
-7.997700e-02 -1.047698e+00 2.803771e+00
-2.713660e-01 -1.018664e+00 2.847044e+00
6.141200e-02 -1.086916e+00 2.700372e+00
-4.277450e-01 -1.049169e+00 2.764368e+00
-1.175260e-01 5.542510e-01 2.678236e+00
-3.243630e-01 2.215460e-01 2.790334e+00
6.224400e-02 2.422970e-01 2.764858e+00
-1.412240e-01 2.649550e-01 2.650249e+00
-1.143020e-01 1.277400e-01 2.947037e+00
-2.626240e-01 -1.702800e-01 2.794684e+00
1.123700e-02 -1.800020e-01 2.780504e+00
-1.150420e-01 -1.721440e-01 2.991251e+00
-4.858680e-01 1.599900e-02 2.827529e+00
2.716940e-01 8.912400e-02 2.716012e+00
-6.947420e-01 -1.750830e-01 2.774448e+00
5.391510e-01 -1.537100e-02 2.693522e+00
-6.976020e-01 -2.451320e-01 2.800284e+00
6.085100e-01 -4.252000e-02 2.687617e+00
-6.887000e-03 -6.443770e-01 2.744734e+00
-3.001230e-01 -6.210710e-01 2.754345e+00
-8.086800e-02 -1.049977e+00 2.807223e+00
-2.570920e-01 -1.020308e+00 2.866804e+00
6.154700e-02 -1.091522e+00 2.706167e+00
-4.113800e-01 -1.060206e+00 2.784200e+00
-1.445790e-01 5.451480e-01 2.674596e+00
-3.237480e-01 2.123860e-01 2.794531e+00
6.182300e-02 2.428720e-01 2.763712e+00
-1.439880e-01 2.651710e-01 2.653294e+00
-1.090660e-01 1.175800e-01 2.944212e+00
-2.651930e-01 -1.734650e-01 2.798862e+00
8.537000e-03 -1.756590e-01 2.779827e+00
-1.141910e-01 -1.759730e-01 2.992806e+00
-4.342570e-01 -2.526600e-02 2.834874e+00
1.810580e-01 8.802000e-03 2.727481e+00
-5.717030e-01 -2.744360e-01 2.782949e+00
4.164760e-01 -1.582570e-01 2.708961e+00
-5.664060e-01 -3.407080e-01 2.817045e+00
4.344470e-01 -2.294700e-01 2.722682e+00
-5.332000e-03 -6.458570e-01 2.743979e+00
-3.023850e-01 -6.181660e-01 2.756968e+00
-8.238000e-02 -1.050895e+00 2.806408e+00
-2.543150e-01 -1.016426e+00 2.870842e+00
5.876400e-02 -1.093523e+00 2.704029e+00
-4.121170e-01 -1.057007e+00 2.795529e+00
-1.365760e-01 5.411950e-01 2.676345e+00
-2.580540e-01 1.461310e-01 2.912539e+00
7.290300e-02 2.406590e-01 2.733442e+00
-1.601090e-01 2.678010e-01 2.737465e+00
-8.450000e-04 3.971900e-02 2.911389e+00
-2.316330e-01 -1.596870e-01 2.850736e+00
6.810000e-04 -1.756170e-01 2.705576e+00
-8.234000e-03 -1.803320e-01 2.951178e+00
-3.976470e-01 -6.239400e-02 2.822138e+00
1.399730e-01 -1.718400e-02 2.746107e+00
-4.704340e-01 -3.395170e-01 2.771560e+00
3.064560e-01 -2.541190e-01 2.717851e+00
-4.609660e-01 -4.079520e-01 2.800015e+00
2.498570e-01 -3.000770e-01 2.701510e+00
-8.956000e-03 -6.455830e-01 2.734426e+00
-3.077190e-01 -6.146850e-01 2.757877e+00
-7.420500e-02 -1.050593e+00 2.809248e+00
-2.614780e-01 -1.015494e+00 2.863248e+00
3.828500e-02 -1.093322e+00 2.676054e+00
-4.311190e-01 -1.047920e+00 2.814352e+00
-1.122800e-01 5.010360e-01 2.660867e+00
-2.763340e-01 1.631510e-01 2.908412e+00
8.097100e-02 1.701170e-01 2.757322e+00
-1.354320e-01 2.602780e-01 2.747910e+00
-5.851500e-02 -9.926000e-03 2.917350e+00
-2.262380e-01 -1.898460e-01 2.827602e+00
2.204000e-02 -2.088880e-01 2.712317e+00
-1.932400e-02 -2.316210e-01 2.953552e+00
-3.696590e-01 -5.520400e-02 2.789835e+00
9.218000e-02 -9.389800e-02 2.732438e+00
-3.215300e-01 -3.300370e-01 2.712507e+00
4.139000e-02 -3.784390e-01 2.715518e+00
-3.038740e-01 -3.961700e-01 2.682551e+00
-1.910000e-04 -4.364120e-01 2.693321e+00
-6.216000e-03 -6.838970e-01 2.745684e+00
-3.115130e-01 -6.344940e-01 2.784373e+00
-8.954500e-02 -1.085855e+00 2.819000e+00
-2.526150e-01 -1.040769e+00 2.857591e+00
4.142700e-02 -1.133630e+00 2.705933e+00
-4.298350e-01 -1.067992e+00 2.849093e+00
-1.467000e-01 4.809790e-01 2.637838e+00
-3.218110e-01 2.133270e-01 2.769270e+00
6.540500e-02 2.200320e-01 2.792993e+00
-1.215350e-01 2.651620e-01 2.658588e+00
-1.356030e-01 9.229500e-02 2.937075e+00
-2.713910e-01 -1.814150e-01 2.784786e+00
2.578000e-03 -1.932010e-01 2.794667e+00
-1.422220e-01 -1.983710e-01 2.993233e+00
-3.600800e-01 -4.900100e-02 2.791939e+00
5.563900e-02 -3.641000e-02 2.722736e+00
-3.261050e-01 -3.265310e-01 2.714075e+00
2.773800e-02 -3.238680e-01 2.693929e+00
-3.047420e-01 -3.969710e-01 2.701252e+00
9.679000e-03 -3.961730e-01 2.688601e+00
-4.962000e-03 -6.547350e-01 2.746445e+00
-2.996900e-01 -6.474220e-01 2.770993e+00
-8.531400e-02 -1.060624e+00 2.798280e+00
-2.550090e-01 -1.051516e+00 2.863733e+00
6.948000e-02 -1.101625e+00 2.717176e+00
-4.110690e-01 -1.087387e+00 2.782622e+00
-1.618140e-01 5.424080e-01 2.670957e+00
-3.166240e-01 1.954790e-01 2.821588e+00
6.316200e-02 2.363140e-01 2.753477e+00
-1.534730e-01 2.658130e-01 2.668348e+00
-8.637200e-02 9.003200e-02 2.937113e+00
-2.611870e-01 -1.733940e-01 2.812727e+00
8.949000e-03 -1.806010e-01 2.765082e+00
-9.087000e-02 -1.832250e-01 2.989696e+00
-3.810630e-01 -6.276200e-02 2.791799e+00
5.888600e-02 -2.834900e-02 2.712692e+00
-3.495490e-01 -3.398160e-01 2.704626e+00
4.991700e-02 -3.184800e-01 2.679602e+00
-3.150570e-01 -4.057770e-01 2.698145e+00
1.893600e-02 -3.842980e-01 2.696652e+00
-3.281000e-03 -6.483170e-01 2.741768e+00
-2.950660e-01 -6.316030e-01 2.771096e+00
-8.428600e-02 -1.053171e+00 2.800250e+00
-2.595010e-01 -1.035770e+00 2.867390e+00
5.556000e-02 -1.096174e+00 2.696259e+00
-4.216120e-01 -1.066840e+00 2.796856e+00
-1.610710e-01 5.326870e-01 2.679706e+00
-2.832940e-01 1.684460e-01 2.894434e+00
6.715600e-02 2.239330e-01 2.737432e+00
-1.636350e-01 2.591670e-01 2.714159e+00
-3.251200e-02 5.450100e-02 2.934510e+00
-2.374230e-01 -1.807050e-01 2.843881e+00
1.036400e-02 -1.978720e-01 2.727252e+00
-2.747100e-02 -2.009030e-01 2.970114e+00
-3.956850e-01 -4.515700e-02 2.773158e+00
1.048760e-01 -3.851100e-02 2.685793e+00
-4.549780e-01 -3.180330e-01 2.679097e+00
1.686110e-01 -3.177280e-01 2.616508e+00
-4.950530e-01 -3.802140e-01 2.668600e+00
1.677860e-01 -3.924320e-01 2.615394e+00
-6.221000e-03 -6.647580e-01 2.738629e+00
-3.075110e-01 -6.336650e-01 2.769827e+00
-8.548200e-02 -1.067994e+00 2.809397e+00
-2.628490e-01 -1.039189e+00 2.856110e+00
3.869500e-02 -1.113689e+00 2.688103e+00
-4.335100e-01 -1.068098e+00 2.808579e+00
-1.635110e-01 5.070090e-01 2.669613e+00
-2.898690e-01 1.428460e-01 2.907689e+00
3.418800e-02 2.434510e-01 2.719516e+00
-2.002940e-01 2.515490e-01 2.720052e+00
-2.482000e-02 5.858400e-02 2.919073e+00
-2.112600e-01 -1.774880e-01 2.839529e+00
2.256800e-02 -1.934070e-01 2.696818e+00
8.280000e-03 -2.226040e-01 2.940468e+00
-4.047440e-01 -5.006300e-02 2.753025e+00
1.098300e-01 -1.396000e-02 2.671051e+00
-4.806110e-01 -3.209670e-01 2.656565e+00
1.894250e-01 -2.862840e-01 2.581869e+00
-4.857880e-01 -3.954790e-01 2.654634e+00
2.097460e-01 -3.557750e-01 2.563411e+00
-1.137400e-02 -6.769750e-01 2.743058e+00
-3.052790e-01 -6.207910e-01 2.781336e+00
-8.605300e-02 -1.081767e+00 2.809810e+00
-2.595340e-01 -1.029503e+00 2.850263e+00
2.050200e-02 -1.124195e+00 2.671730e+00
-4.378620e-01 -1.049853e+00 2.847948e+00
-1.632130e-01 5.074020e-01 2.645090e+00
-2.902440e-01 1.405070e-01 2.908926e+00
3.636600e-02 2.289400e-01 2.719060e+00
-1.976690e-01 2.454600e-01 2.720611e+00
-2.834400e-02 4.680400e-02 2.919359e+00
-2.098370e-01 -1.784370e-01 2.840176e+00
2.338500e-02 -1.939500e-01 2.696433e+00
9.681000e-03 -2.267900e-01 2.939653e+00
-4.024050e-01 -4.828200e-02 2.743927e+00
1.113250e-01 -2.855500e-02 2.659703e+00
-4.787930e-01 -3.188870e-01 2.640418e+00
2.011920e-01 -2.943370e-01 2.554537e+00
-4.970360e-01 -3.903820e-01 2.628658e+00
2.312550e-01 -3.616120e-01 2.566903e+00
-1.238000e-02 -6.778920e-01 2.739156e+00
-3.089630e-01 -6.174960e-01 2.784546e+00
-8.392200e-02 -1.082259e+00 2.811673e+00
-2.623190e-01 -1.027017e+00 2.847837e+00
2.084300e-02 -1.125743e+00 2.672555e+00
-4.406830e-01 -1.046581e+00 2.852702e+00
-1.532650e-01 5.045310e-01 2.650010e+00
-2.135320e-01 6.036500e-02 2.941133e+00
5.121600e-02 2.310700e-01 2.714611e+00
-1.736540e-01 2.275840e-01 2.781460e+00
4.055500e-02 -1.059200e-02 2.852330e+00
-1.680910e-01 -1.878320e-01 2.869306e+00
6.448000e-03 -1.991750e-01 2.657876e+00
7.074500e-02 -2.416470e-01 2.891294e+00
-3.860510e-01 -4.847300e-02 2.756434e+00
1.097770e-01 -3.190400e-02 2.658598e+00
-4.585750e-01 -2.815270e-01 2.581706e+00
1.668850e-01 -2.988450e-01 2.533757e+00
-4.561390e-01 -3.481850e-01 2.615373e+00
1.882440e-01 -3.695020e-01 2.545328e+00
-1.621600e-02 -6.943100e-01 2.741417e+00
-3.086520e-01 -6.219100e-01 2.786728e+00
-8.257000e-02 -1.097705e+00 2.823627e+00
-2.600970e-01 -1.033100e+00 2.836265e+00
-6.363500e-02 -1.136334e+00 2.649358e+00
-4.369440e-01 -1.050969e+00 2.861281e+00
-1.438180e-01 4.605050e-01 2.664667e+00
-2.604230e-01 1.052770e-01 2.934682e+00
4.148700e-02 2.378910e-01 2.730213e+00
-1.902030e-01 2.510450e-01 2.764775e+00
-9.550000e-04 1.454000e-02 2.890816e+00
-1.790660e-01 -1.696980e-01 2.849564e+00
2.498200e-02 -1.980690e-01 2.668306e+00
5.117600e-02 -2.304410e-01 2.910562e+00
-3.860550e-01 -6.306200e-02 2.759581e+00
9.923400e-02 -2.259900e-02 2.670279e+00
-4.108630e-01 -3.238090e-01 2.616820e+00
1.167140e-01 -2.959310e-01 2.552087e+00
-4.152240e-01 -3.981900e-01 2.611243e+00
1.450310e-01 -3.649830e-01 2.555628e+00
-1.553200e-02 -6.786780e-01 2.739470e+00
-3.040990e-01 -6.162780e-01 2.783861e+00
-8.231600e-02 -1.083152e+00 2.815822e+00
-2.561870e-01 -1.027257e+00 2.835721e+00
-4.301000e-03 -1.125485e+00 2.659803e+00
-4.341870e-01 -1.046356e+00 2.848815e+00
-1.492240e-01 4.863690e-01 2.655562e+00
-2.038740e-01 5.525200e-02 2.951238e+00
5.903300e-02 2.309060e-01 2.726361e+00
-1.620010e-01 2.338770e-01 2.804993e+00
4.067700e-02 -2.135800e-02 2.842580e+00
-1.866050e-01 -1.775830e-01 2.869170e+00
-2.795200e-02 -1.904350e-01 2.645654e+00
5.253100e-02 -2.342860e-01 2.873736e+00
-3.506520e-01 -7.435200e-02 2.758928e+00
9.630100e-02 -3.406100e-02 2.661419e+00
-3.897030e-01 -3.064780e-01 2.573933e+00
7.571100e-02 -3.206650e-01 2.573972e+00
-3.849160e-01 -3.764110e-01 2.599797e+00
5.882500e-02 -3.923960e-01 2.561636e+00
-1.537400e-02 -6.755860e-01 2.735783e+00
-3.076550e-01 -6.360950e-01 2.782286e+00
-7.701600e-02 -1.079900e+00 2.817145e+00
-2.535360e-01 -1.044874e+00 2.844419e+00
-3.674600e-02 -1.120289e+00 2.646947e+00
-4.306350e-01 -1.065106e+00 2.865563e+00
-1.470710e-01 4.555010e-01 2.676218e+00
