-3.333190e-01 3.465520e-01 2.817376e+00
5.377200e-02 3.754420e-01 2.646785e+00
-1.068960e-01 2.252350e-01 2.783691e+00
6.220000e-04 7.566400e-02 2.573663e+00
-3.808760e-01 8.813700e-02 2.721924e+00
-3.817420e-01 -2.159890e-01 2.703993e+00
-3.927480e-01 -2.976970e-01 2.704144e+00
-2.792550e-01 -5.179800e-01 2.700430e+00
4.180200e-02 -6.964930e-01 2.973961e+00
-4.279800e-02 -8.952320e-01 2.943558e+00
-1.526410e-01 6.634900e-01 2.616794e+00
3.252200e-02 3.914810e-01 2.646686e+00
-1.079710e-01 2.242690e-01 2.786049e+00
-1.487100e-02 8.468600e-02 2.560450e+00
-3.819630e-01 8.809000e-02 2.719893e+00
-3.781950e-01 -2.149550e-01 2.683135e+00
-3.517050e-01 -2.929940e-01 2.680767e+00
-2.842560e-01 -5.211670e-01 2.702890e+00
4.039400e-02 -6.923500e-01 2.976866e+00
-4.271200e-02 -8.922810e-01 2.950425e+00
-1.494150e-01 6.513840e-01 2.614779e+00
8.175000e-03 4.086670e-01 2.652534e+00
-1.178680e-01 2.310910e-01 2.792890e+00
-2.613300e-02 9.733600e-02 2.555167e+00
-3.861300e-01 8.653900e-02 2.723281e+00
-3.751490e-01 -2.172580e-01 2.677781e+00
-3.426700e-01 -2.884830e-01 2.651906e+00
-2.803730e-01 -5.163420e-01 2.703375e+00
4.017600e-02 -6.892690e-01 2.981060e+00
-4.184100e-02 -8.891760e-01 2.951245e+00
-1.471290e-01 6.450200e-01 2.602826e+00
-4.155000e-03 4.153870e-01 2.652090e+00
-1.219490e-01 2.360610e-01 2.797303e+00
-2.945400e-02 1.034110e-01 2.557330e+00
-3.877780e-01 8.421400e-02 2.718720e+00
-3.796910e-01 -2.223380e-01 2.672861e+00
-3.433970e-01 -2.936780e-01 2.692630e+00
-2.833730e-01 -5.149270e-01 2.698296e+00
3.613000e-02 -6.861230e-01 2.978250e+00
-4.448800e-02 -8.864920e-01 2.947727e+00
-1.536590e-01 6.365380e-01 2.590119e+00
6.342500e-02 3.651520e-01 2.661503e+00
-1.069370e-01 2.208420e-01 2.792924e+00
8.209000e-03 8.046700e-02 2.582719e+00
-3.798500e-01 9.036800e-02 2.724720e+00
-3.833010e-01 -2.189740e-01 2.708705e+00
-3.968140e-01 -3.002140e-01 2.704864e+00
-2.796540e-01 -5.169690e-01 2.703225e+00
4.032600e-02 -6.860480e-01 2.983919e+00
-4.371300e-02 -8.858330e-01 2.959378e+00
-1.518670e-01 6.507880e-01 2.614251e+00
6.098800e-02 3.701500e-01 2.661010e+00
-1.066960e-01 2.217120e-01 2.791271e+00
4.458000e-03 7.639400e-02 2.582692e+00
-3.788150e-01 8.516400e-02 2.726256e+00
-3.807640e-01 -2.225770e-01 2.708718e+00
-3.966930e-01 -3.033910e-01 2.712293e+00
-2.774090e-01 -5.188460e-01 2.702009e+00
4.170100e-02 -6.862540e-01 2.984687e+00
-3.882700e-02 -8.870280e-01 2.956692e+00
-1.487140e-01 6.550410e-01 2.613458e+00
5.562600e-02 3.676610e-01 2.655187e+00
-1.090890e-01 2.211380e-01 2.791275e+00
2.011000e-03 7.650800e-02 2.577782e+00
-3.822220e-01 9.426700e-02 2.717804e+00
-3.839920e-01 -2.126930e-01 2.707536e+00
-3.844950e-01 -2.950440e-01 2.703590e+00
-2.773720e-01 -5.196040e-01 2.701340e+00
4.181000e-02 -6.849930e-01 2.985124e+00
-3.751500e-02 -8.862350e-01 2.957060e+00
-1.510210e-01 6.543390e-01 2.614714e+00
5.199000e-02 3.710950e-01 2.655992e+00
-1.122010e-01 2.249620e-01 2.793129e+00
-8.600000e-05 7.283500e-02 2.575809e+00
-3.816030e-01 8.835900e-02 2.725947e+00
-3.795860e-01 -2.173470e-01 2.710849e+00
-3.964420e-01 -2.980440e-01 2.709661e+00
-2.748440e-01 -5.199740e-01 2.699229e+00
4.289700e-02 -6.839930e-01 2.985415e+00
-3.358800e-02 -8.859310e-01 2.954599e+00
-1.528600e-01 6.595480e-01 2.614263e+00
5.432100e-02 3.698600e-01 2.653733e+00
-1.834410e-01 4.518000e-01 2.655395e+00
-1.071670e-01 2.214640e-01 2.791647e+00
-3.167510e-01 6.575500e-02 2.717183e+00
1.889000e-03 7.571100e-02 2.585293e+00
-1.072960e-01 4.803700e-02 2.770649e+00
-3.827730e-01 9.204500e-02 2.727755e+00
8.855700e-02 9.298000e-02 2.677970e+00
-3.840060e-01 -2.122610e-01 2.704648e+00
7.188000e-02 -2.094520e-01 2.640629e+00
-3.992300e-01 -2.932300e-01 2.701540e+00
3.965500e-02 -2.847260e-01 2.650263e+00
-2.784550e-01 -5.172610e-01 2.701397e+00
-5.900000e-05 -5.050710e-01 2.652776e+00
4.130400e-02 -6.826130e-01 2.984552e+00
-3.692770e-01 -7.499840e-01 2.768791e+00
-3.742600e-02 -8.840000e-01 2.955857e+00
-2.509010e-01 -9.329470e-01 2.759281e+00
-1.537490e-01 6.558610e-01 2.622257e+00
-3.379810e-01 3.497420e-01 2.817073e+00
5.427600e-02 3.716740e-01 2.657608e+00
-1.840340e-01 4.511850e-01 2.646024e+00
-1.121220e-01 2.253560e-01 2.791856e+00
-3.121710e-01 6.721900e-02 2.720382e+00
1.725000e-03 7.209400e-02 2.577307e+00
-1.011370e-01 4.834100e-02 2.766777e+00
-3.806080e-01 8.984800e-02 2.723285e+00
8.739800e-02 9.482100e-02 2.677950e+00
-3.858110e-01 -2.145620e-01 2.711845e+00
8.049300e-02 -2.075390e-01 2.641153e+00
-3.981550e-01 -2.956140e-01 2.703151e+00
4.130400e-02 -2.800750e-01 2.641643e+00
-2.779660e-01 -5.175760e-01 2.702877e+00
-2.808000e-03 -5.073130e-01 2.655307e+00
4.267800e-02 -6.824070e-01 2.985334e+00
-3.674470e-01 -7.600090e-01 2.769092e+00
-3.613600e-02 -8.838470e-01 2.957251e+00
-2.456980e-01 -9.406580e-01 2.758065e+00
-1.513000e-01 6.632690e-01 2.628719e+00
-3.336210e-01 3.496630e-01 2.818784e+00
5.768700e-02 3.670040e-01 2.656447e+00
-1.800150e-01 4.484550e-01 2.645888e+00
-1.090070e-01 2.231590e-01 2.792982e+00
-3.119760e-01 6.230800e-02 2.720931e+00
2.953000e-03 7.413700e-02 2.580557e+00
-1.009920e-01 4.782200e-02 2.769096e+00
-3.823580e-01 9.068600e-02 2.724614e+00
8.872800e-02 8.962900e-02 2.676739e+00
-3.916600e-01 -2.140880e-01 2.718843e+00
8.749800e-02 -2.135340e-01 2.643609e+00
-3.602530e-01 -2.871180e-01 2.696989e+00
7.196200e-02 -2.943360e-01 2.648810e+00
-2.845240e-01 -5.195390e-01 2.700203e+00
2.522000e-03 -5.077030e-01 2.652523e+00
3.826800e-02 -6.794550e-01 2.983039e+00
-3.683430e-01 -7.548990e-01 2.757964e+00
-4.040200e-02 -8.814290e-01 2.958626e+00
-2.490360e-01 -9.373260e-01 2.749917e+00
-1.426110e-01 6.600360e-01 2.621806e+00
-3.342560e-01 3.508060e-01 2.815693e+00
6.125900e-02 3.629560e-01 2.663388e+00
-1.746360e-01 4.487440e-01 2.647830e+00
-1.113180e-01 2.206110e-01 2.794060e+00
-3.140680e-01 6.448900e-02 2.708944e+00
9.864000e-03 6.933100e-02 2.590329e+00
-1.071520e-01 4.700100e-02 2.771582e+00
-3.789090e-01 8.589200e-02 2.725125e+00
1.006460e-01 8.243600e-02 2.674932e+00
-4.336210e-01 -2.181660e-01 2.721566e+00
1.347370e-01 -2.225200e-01 2.638915e+00
-4.339440e-01 -2.977830e-01 2.700156e+00
1.539460e-01 -3.025880e-01 2.634730e+00
-2.815980e-01 -5.191900e-01 2.704421e+00
-3.365000e-03 -5.129430e-01 2.652428e+00
4.206700e-02 -6.804830e-01 2.985472e+00
-3.877120e-01 -7.357090e-01 2.763858e+00
-3.796200e-02 -8.820300e-01 2.961970e+00
-2.794880e-01 -9.250210e-01 2.758682e+00
-1.459540e-01 6.561820e-01 2.622216e+00
-3.349030e-01 3.523190e-01 2.802360e+00
6.703200e-02 3.675080e-01 2.668221e+00
-1.702770e-01 4.442620e-01 2.635950e+00
-1.073920e-01 2.284120e-01 2.799936e+00
-3.059680e-01 7.024300e-02 2.695813e+00
2.569700e-02 6.649800e-02 2.600896e+00
-1.046760e-01 4.677400e-02 2.773110e+00
-4.088400e-01 8.286100e-02 2.732428e+00
1.402440e-01 8.986400e-02 2.645443e+00
-5.509950e-01 -1.947630e-01 2.697084e+00
2.594510e-01 -1.898330e-01 2.567396e+00
-5.710470e-01 -2.740360e-01 2.686544e+00
2.850990e-01 -2.673640e-01 2.556062e+00
-2.809340e-01 -5.140180e-01 2.703217e+00
-4.648000e-03 -5.150890e-01 2.656343e+00
4.068200e-02 -6.794130e-01 2.984236e+00
-3.783810e-01 -7.543720e-01 2.769619e+00
-4.324400e-02 -8.795680e-01 2.962484e+00
-2.644950e-01 -9.397330e-01 2.753812e+00
-1.547360e-01 6.624790e-01 2.624407e+00
-3.340600e-01 3.537270e-01 2.787399e+00
7.616000e-02 3.716750e-01 2.681695e+00
-1.595240e-01 4.421310e-01 2.629380e+00
-1.048170e-01 2.345420e-01 2.806441e+00
-3.114410e-01 7.168700e-02 2.699272e+00
2.425700e-02 6.789200e-02 2.619790e+00
-1.141870e-01 4.357900e-02 2.784974e+00
-5.039190e-01 1.293290e-01 2.719128e+00
2.249290e-01 1.451410e-01 2.579628e+00
-7.628050e-01 -3.651700e-02 2.647870e+00
4.419060e-01 -5.014000e-02 2.459668e+00
-7.933060e-01 -1.109840e-01 2.629933e+00
4.985310e-01 -1.099440e-01 2.455846e+00
-2.782330e-01 -5.134510e-01 2.700525e+00
-7.972000e-03 -5.139640e-01 2.654345e+00
4.117300e-02 -6.790320e-01 2.983945e+00
-3.856700e-01 -7.473590e-01 2.766751e+00
-3.959500e-02 -8.799320e-01 2.957597e+00
-2.752800e-01 -9.346330e-01 2.748828e+00
-1.472110e-01 6.739330e-01 2.643925e+00
-3.305760e-01 3.549460e-01 2.784846e+00
8.060700e-02 3.694930e-01 2.682412e+00
-1.541010e-01 4.416210e-01 2.628028e+00
-1.024160e-01 2.340570e-01 2.806024e+00
-3.094960e-01 7.163600e-02 2.704042e+00
2.754000e-02 6.888300e-02 2.630394e+00
-1.137560e-01 4.255400e-02 2.792833e+00
-5.623430e-01 2.045820e-01 2.698402e+00
2.643910e-01 2.017510e-01 2.534478e+00
-8.553270e-01 1.166090e-01 2.621311e+00
5.307380e-01 1.097960e-01 2.392616e+00
-9.282370e-01 8.990400e-02 2.593591e+00
5.894520e-01 6.376900e-02 2.357521e+00
-2.700080e-01 -5.141870e-01 2.699379e+00
-2.451000e-03 -5.130160e-01 2.655971e+00
4.510300e-02 -6.808980e-01 2.986915e+00
-3.554240e-01 -7.773390e-01 2.779694e+00
-3.304500e-02 -8.821620e-01 2.955865e+00
-2.354170e-01 -9.554460e-01 2.741554e+00
-1.490260e-01 6.734370e-01 2.655525e+00
-3.294290e-01 3.480510e-01 2.758157e+00
8.666400e-02 3.689210e-01 2.679372e+00
-1.464310e-01 4.264010e-01 2.604467e+00
-9.916300e-02 2.386830e-01 2.804378e+00
-3.021570e-01 7.199000e-02 2.694918e+00
3.616000e-02 5.978100e-02 2.628451e+00
-1.083330e-01 5.097500e-02 2.789969e+00
-6.071580e-01 2.912050e-01 2.686797e+00
3.068860e-01 2.963360e-01 2.501352e+00
-9.161790e-01 3.019320e-01 2.610091e+00
5.739730e-01 2.879990e-01 2.327894e+00
-9.892780e-01 2.691960e-01 2.590537e+00
6.484150e-01 2.800540e-01 2.293359e+00
-2.792420e-01 -5.172240e-01 2.695616e+00
-5.319000e-03 -5.236770e-01 2.650715e+00
4.011100e-02 -6.783240e-01 2.981665e+00
-3.747910e-01 -7.534010e-01 2.793827e+00
-3.825500e-02 -8.801920e-01 2.955466e+00
-2.708190e-01 -9.420440e-01 2.759442e+00
-1.438780e-01 6.862920e-01 2.657124e+00
-3.296630e-01 3.612780e-01 2.722304e+00
8.042700e-02 3.809810e-01 2.659290e+00
-1.473970e-01 4.244860e-01 2.568568e+00
-1.054380e-01 2.626820e-01 2.791044e+00
-3.161020e-01 8.799600e-02 2.686737e+00
2.446800e-02 6.671600e-02 2.635898e+00
-1.272070e-01 6.552500e-02 2.790938e+00
-6.134810e-01 4.271220e-01 2.679934e+00
3.086370e-01 4.280490e-01 2.479323e+00
-8.966700e-01 5.404130e-01 2.580347e+00
5.325610e-01 5.410590e-01 2.279236e+00
-9.728150e-01 5.673640e-01 2.563826e+00
5.939180e-01 5.554270e-01 2.226073e+00
-2.740400e-01 -5.075680e-01 2.684047e+00
-3.420000e-04 -5.109850e-01 2.646323e+00
3.577300e-02 -6.727310e-01 2.978157e+00
-3.706940e-01 -7.459170e-01 2.778272e+00
-3.544000e-02 -8.752380e-01 2.939451e+00
-2.631120e-01 -9.330720e-01 2.747005e+00
-1.599200e-01 7.037480e-01 2.671303e+00
-3.139880e-01 3.587870e-01 2.704933e+00
8.587800e-02 3.772920e-01 2.644071e+00
-1.363910e-01 4.157830e-01 2.549895e+00
-9.443100e-02 2.642860e-01 2.779514e+00
-3.067690e-01 8.614400e-02 2.681214e+00
3.366000e-02 5.737600e-02 2.633193e+00
-1.191040e-01 6.141700e-02 2.787112e+00
-5.712180e-01 4.969880e-01 2.676315e+00
2.885090e-01 5.007070e-01 2.471458e+00
-8.248670e-01 6.609640e-01 2.571371e+00
4.740880e-01 6.746670e-01 2.277712e+00
-8.895470e-01 7.099770e-01 2.556823e+00
5.174790e-01 6.990140e-01 2.211971e+00
-2.708650e-01 -5.106070e-01 2.690658e+00
6.027000e-03 -5.180120e-01 2.645913e+00
4.124200e-02 -6.739600e-01 2.983350e+00
-3.672560e-01 -7.513580e-01 2.772297e+00
-3.247100e-02 -8.763570e-01 2.948993e+00
-2.598410e-01 -9.389560e-01 2.743188e+00
-1.522500e-01 7.124310e-01 2.669882e+00
-3.151970e-01 3.794160e-01 2.705827e+00
7.624100e-02 3.986390e-01 2.636546e+00
-1.450740e-01 4.322980e-01 2.545576e+00
-9.668900e-02 2.890820e-01 2.779211e+00
-3.000580e-01 1.006370e-01 2.679659e+00
3.950000e-02 7.378800e-02 2.624846e+00
-1.099670e-01 7.937400e-02 2.781920e+00
-5.435320e-01 5.594000e-01 2.673926e+00
2.529890e-01 5.636450e-01 2.471980e+00
-7.558550e-01 7.692350e-01 2.562171e+00
3.943610e-01 7.771000e-01 2.282106e+00
-8.014900e-01 8.361430e-01 2.546741e+00
4.369990e-01 8.249640e-01 2.230255e+00
-2.701880e-01 -4.951560e-01 2.685889e+00
-1.816300e-02 -5.070040e-01 2.654363e+00
3.636000e-02 -6.688240e-01 2.978517e+00
-3.821430e-01 -7.653540e-01 2.757018e+00
-4.116000e-02 -8.691920e-01 2.940810e+00
-2.668770e-01 -9.452320e-01 2.713016e+00
-1.466900e-01 7.277820e-01 2.672709e+00
-3.196980e-01 4.133500e-01 2.729567e+00
5.854200e-02 4.098390e-01 2.628937e+00
-1.625990e-01 4.621290e-01 2.557906e+00
-1.048150e-01 3.055370e-01 2.780564e+00
-3.077820e-01 1.215860e-01 2.704039e+00
2.712200e-02 1.056330e-01 2.622736e+00
-1.100970e-01 9.991400e-02 2.790612e+00
-4.981380e-01 6.316110e-01 2.656331e+00
1.886300e-01 6.209890e-01 2.476178e+00
-6.198770e-01 8.964070e-01 2.530534e+00
2.512730e-01 8.812540e-01 2.305593e+00
-6.454380e-01 9.719720e-01 2.509702e+00
2.790890e-01 9.379270e-01 2.252565e+00
-2.668060e-01 -4.726460e-01 2.682181e+00
-7.658000e-03 -4.757350e-01 2.646983e+00
3.111400e-02 -6.627240e-01 2.973519e+00
-3.790730e-01 -7.154950e-01 2.766692e+00
-4.537600e-02 -8.605650e-01 2.922659e+00
-2.697580e-01 -9.013360e-01 2.733646e+00
-1.392370e-01 7.171410e-01 2.692927e+00
-3.225450e-01 4.180110e-01 2.748138e+00
4.348100e-02 4.118230e-01 2.620023e+00
-1.796780e-01 4.693720e-01 2.566919e+00
-1.078170e-01 3.056300e-01 2.780136e+00
-3.133500e-01 1.259540e-01 2.716988e+00
1.634000e-02 1.146290e-01 2.615987e+00
-1.105210e-01 1.084370e-01 2.791805e+00
-4.571420e-01 6.541190e-01 2.645347e+00
1.465340e-01 6.438520e-01 2.478700e+00
-5.285680e-01 9.350720e-01 2.517929e+00
1.714800e-01 9.190090e-01 2.323981e+00
-5.246570e-01 1.014888e+00 2.497643e+00
9.844200e-02 9.503620e-01 2.302078e+00
-2.635350e-01 -4.681880e-01 2.680956e+00
-3.286000e-03 -4.662710e-01 2.642139e+00
3.127100e-02 -6.607450e-01 2.973831e+00
-3.794690e-01 -7.031980e-01 2.752213e+00
-4.149000e-02 -8.584010e-01 2.917118e+00
-2.701450e-01 -8.898430e-01 2.724091e+00
-1.289810e-01 7.043840e-01 2.700075e+00
-3.220320e-01 4.264030e-01 2.763603e+00
4.295300e-02 4.223360e-01 2.625107e+00
-1.800770e-01 4.932250e-01 2.585178e+00
-1.096120e-01 3.037780e-01 2.776441e+00
-3.085880e-01 1.388940e-01 2.731370e+00
9.761000e-03 1.265380e-01 2.598983e+00
-9.930800e-02 1.243190e-01 2.786448e+00
-4.258970e-01 6.655100e-01 2.636725e+00
1.161010e-01 6.598170e-01 2.475744e+00
-4.276200e-01 9.508570e-01 2.501064e+00
5.557900e-02 9.423920e-01 2.347997e+00
-4.113730e-01 1.031127e+00 2.491571e+00
3.971300e-02 1.016112e+00 2.314667e+00
-2.602090e-01 -4.559320e-01 2.682835e+00
-6.928000e-03 -4.543320e-01 2.635154e+00
2.992400e-02 -6.561700e-01 2.975224e+00
-3.814340e-01 -6.875960e-01 2.758026e+00
-4.345500e-02 -8.521830e-01 2.913801e+00
-2.746560e-01 -8.752800e-01 2.727172e+00
-1.110240e-01 7.083500e-01 2.681766e+00
-3.155120e-01 4.268220e-01 2.793796e+00
3.376900e-02 4.190660e-01 2.617413e+00
-1.892690e-01 4.986310e-01 2.604442e+00
-1.062410e-01 2.973310e-01 2.777709e+00
-3.093270e-01 1.388700e-01 2.742126e+00
-1.405000e-03 1.194970e-01 2.587744e+00
-9.693300e-02 1.213840e-01 2.782461e+00
-3.794090e-01 6.568040e-01 2.634158e+00
8.045800e-02 6.641420e-01 2.475228e+00
-3.380460e-01 9.390740e-01 2.505535e+00
-4.536300e-02 9.398260e-01 2.397134e+00
-2.890090e-01 9.992840e-01 2.477829e+00
-1.191070e-01 9.686170e-01 2.374106e+00
-2.588150e-01 -4.584720e-01 2.681281e+00
-8.212000e-03 -4.573650e-01 2.632638e+00
2.952300e-02 -6.512660e-01 2.980373e+00
-3.839880e-01 -6.848240e-01 2.762325e+00
-3.746300e-02 -8.490810e-01 2.917439e+00
-2.788550e-01 -8.740000e-01 2.735158e+00
-9.944700e-02 7.055310e-01 2.658137e+00
-3.186850e-01 4.246650e-01 2.810820e+00
2.045000e-02 4.137810e-01 2.614871e+00
-2.000360e-01 4.987570e-01 2.615942e+00
-1.125480e-01 2.908520e-01 2.778909e+00
-3.164310e-01 1.355520e-01 2.738564e+00
-6.273000e-03 1.318940e-01 2.587521e+00
-1.039360e-01 1.266430e-01 2.781114e+00
-3.644360e-01 6.409540e-01 2.628041e+00
6.660600e-02 6.642240e-01 2.482847e+00
-3.207840e-01 9.283670e-01 2.513107e+00
-7.695600e-02 9.310340e-01 2.405879e+00
-2.727480e-01 9.867000e-01 2.480134e+00
-1.495530e-01 9.648820e-01 2.386349e+00
-2.670450e-01 -4.567860e-01 2.681108e+00
-7.209000e-03 -4.496530e-01 2.639663e+00
2.518200e-02 -6.435800e-01 2.980232e+00
-3.808710e-01 -6.864350e-01 2.758303e+00
-4.342800e-02 -8.425660e-01 2.922999e+00
-2.703150e-01 -8.729280e-01 2.734302e+00
-9.767200e-02 6.980570e-01 2.645190e+00
-3.206280e-01 4.144590e-01 2.835540e+00
1.777000e-03 4.163720e-01 2.611024e+00
-2.223340e-01 4.879700e-01 2.627926e+00
-1.085870e-01 2.921110e-01 2.789598e+00
-3.052970e-01 1.198210e-01 2.739433e+00
-2.131600e-02 1.506710e-01 2.545970e+00
-8.944300e-02 1.373260e-01 2.751456e+00
-3.524310e-01 6.211410e-01 2.639595e+00
6.231100e-02 6.670370e-01 2.486022e+00
-3.196970e-01 9.070630e-01 2.518312e+00
-9.829500e-02 9.251820e-01 2.414612e+00
-2.739070e-01 9.652730e-01 2.482087e+00
-1.527420e-01 9.870930e-01 2.414709e+00
-2.688910e-01 -4.593790e-01 2.683619e+00
-1.119100e-02 -4.412030e-01 2.645657e+00
2.559000e-02 -6.408800e-01 2.983789e+00
-3.679100e-01 -7.046880e-01 2.760074e+00
-5.081100e-02 -8.400600e-01 2.938307e+00
-2.448500e-01 -8.828180e-01 2.733537e+00
-1.086650e-01 6.959180e-01 2.660831e+00
-3.189770e-01 3.844670e-01 2.840454e+00
-8.840000e-03 4.133050e-01 2.601860e+00
-2.372380e-01 4.652750e-01 2.628806e+00
-9.972400e-02 2.807410e-01 2.785249e+00
-2.977620e-01 9.826600e-02 2.752871e+00
-3.176900e-02 1.326090e-01 2.535860e+00
-8.332400e-02 1.302010e-01 2.746526e+00
-3.473960e-01 5.951060e-01 2.648786e+00
5.010800e-02 6.699560e-01 2.489751e+00
-3.343950e-01 8.809080e-01 2.524563e+00
-1.239580e-01 9.219710e-01 2.430823e+00
-2.971920e-01 9.425120e-01 2.484336e+00
-1.949790e-01 9.608750e-01 2.446311e+00
-2.746990e-01 -4.761850e-01 2.683568e+00
1.468100e-02 -4.556210e-01 2.638813e+00
2.617400e-02 -6.351320e-01 2.990122e+00
-3.464610e-01 -7.028400e-01 2.773807e+00
-4.366400e-02 -8.384570e-01 2.953243e+00
-2.286790e-01 -8.854180e-01 2.754543e+00
-1.239310e-01 6.789720e-01 2.658991e+00
-3.183730e-01 3.747800e-01 2.832509e+00
-5.500000e-04 4.107510e-01 2.604452e+00
-2.316250e-01 4.568460e-01 2.623630e+00
-9.497400e-02 2.765080e-01 2.785623e+00
-2.967800e-01 9.342800e-02 2.742918e+00
-2.741300e-02 1.362670e-01 2.531658e+00
-8.266500e-02 1.280080e-01 2.741236e+00
-3.498500e-01 5.931800e-01 2.650573e+00
5.878200e-02 6.660620e-01 2.490057e+00
-3.339870e-01 8.754970e-01 2.519491e+00
-9.659500e-02 9.271630e-01 2.420621e+00
-2.963990e-01 9.395940e-01 2.483768e+00
-1.661370e-01 9.713310e-01 2.417381e+00
-2.796240e-01 -4.767890e-01 2.685922e+00
-1.803000e-02 -4.594580e-01 2.652022e+00
2.340900e-02 -6.266240e-01 2.994927e+00
-3.870130e-01 -7.078660e-01 2.761150e+00
-4.851100e-02 -8.305880e-01 2.966557e+00
-2.694110e-01 -8.906470e-01 2.742720e+00
-1.835260e-01 6.617320e-01 2.602391e+00
-3.046180e-01 3.435090e-01 2.790154e+00
1.794700e-02 3.878800e-01 2.585348e+00
-2.123740e-01 4.318110e-01 2.592008e+00
-8.304000e-02 2.477730e-01 2.755836e+00
-3.090390e-01 7.648700e-02 2.753958e+00
-1.900100e-02 9.039400e-02 2.567654e+00
-9.284300e-02 7.858600e-02 2.771251e+00
-3.520160e-01 5.929100e-01 2.658885e+00
7.060200e-02 6.570800e-01 2.505114e+00
-3.518260e-01 8.747700e-01 2.526369e+00
-5.571900e-02 9.222410e-01 2.401488e+00
-3.195320e-01 9.400540e-01 2.487736e+00
-1.254590e-01 9.661120e-01 2.404473e+00
-2.747050e-01 -5.089710e-01 2.689355e+00
-1.505400e-02 -4.954510e-01 2.666773e+00
3.371100e-02 -6.282080e-01 3.006255e+00
-3.879750e-01 -7.401670e-01 2.770732e+00
-1.878800e-02 -8.380790e-01 2.978382e+00
-2.703600e-01 -9.236000e-01 2.760847e+00
-2.014800e-01 5.958460e-01 2.502869e+00
-3.134380e-01 4.136140e-01 2.771201e+00
3.510700e-02 4.056880e-01 2.605307e+00
-1.871980e-01 4.768990e-01 2.581127e+00
-1.019780e-01 2.902370e-01 2.769095e+00
-3.102120e-01 1.191400e-01 2.737329e+00
-1.338000e-03 9.483200e-02 2.585570e+00
-9.784500e-02 1.062060e-01 2.779480e+00
-4.022890e-01 6.512230e-01 2.644493e+00
1.026290e-01 6.592850e-01 2.497898e+00
-4.175590e-01 9.303590e-01 2.512793e+00
4.029800e-02 9.406560e-01 2.386359e+00
-3.857550e-01 9.974790e-01 2.477003e+00
-2.664600e-02 9.745360e-01 2.352184e+00
-2.675790e-01 -4.789250e-01 2.683545e+00
1.389800e-02 -4.754350e-01 2.638681e+00
2.921400e-02 -6.236770e-01 3.000916e+00
-3.703030e-01 -6.883940e-01 2.768302e+00
-2.525400e-02 -8.303960e-01 2.957568e+00
-2.691980e-01 -8.809500e-01 2.751625e+00
-1.672850e-01 6.124050e-01 2.460943e+00
-3.208640e-01 4.268230e-01 2.768462e+00
3.632200e-02 4.058750e-01 2.614830e+00
-1.847770e-01 4.799850e-01 2.580065e+00
-1.100370e-01 2.996830e-01 2.778413e+00
-3.114460e-01 1.349980e-01 2.721675e+00
8.645000e-03 9.699300e-02 2.598703e+00
-1.045470e-01 1.132110e-01 2.783008e+00
-4.449680e-01 6.491190e-01 2.649400e+00
1.361420e-01 6.409060e-01 2.497399e+00
-4.898920e-01 9.253640e-01 2.524956e+00
1.234060e-01 9.180430e-01 2.367599e+00
-4.924510e-01 1.000915e+00 2.492047e+00
1.543270e-01 9.892300e-01 2.339782e+00
-2.628010e-01 -4.675340e-01 2.680660e+00
-1.922000e-03 -4.727470e-01 2.636724e+00
2.718000e-02 -6.219910e-01 2.999749e+00
-3.821440e-01 -6.948720e-01 2.762644e+00
-2.794300e-02 -8.272110e-01 2.950506e+00
-2.791020e-01 -8.854790e-01 2.737552e+00
-1.587070e-01 6.164230e-01 2.457960e+00
-3.272900e-01 4.329710e-01 2.757856e+00
3.894900e-02 4.024340e-01 2.618692e+00
-1.824450e-01 4.724610e-01 2.570615e+00
-1.147870e-01 3.081090e-01 2.784736e+00
-3.069970e-01 1.413970e-01 2.722020e+00
1.156700e-02 1.035390e-01 2.595098e+00
-1.002540e-01 1.122000e-01 2.780746e+00
-5.014180e-01 6.323550e-01 2.662564e+00
1.818710e-01 6.119230e-01 2.496864e+00
-5.846400e-01 8.957930e-01 2.529592e+00
2.334330e-01 8.810790e-01 2.359374e+00
-6.253060e-01 9.652120e-01 2.511575e+00
2.582300e-01 9.306420e-01 2.298333e+00
-2.632980e-01 -4.606950e-01 2.681507e+00
-1.212000e-02 -4.682970e-01 2.639514e+00
2.681100e-02 -6.190930e-01 2.998542e+00
-3.722050e-01 -7.188870e-01 2.771072e+00
-3.196100e-02 -8.235110e-01 2.950191e+00
-2.583790e-01 -9.014160e-01 2.734944e+00
-1.573230e-01 6.143600e-01 2.454133e+00
-3.278900e-01 3.863340e-01 2.749461e+00
5.613800e-02 3.960600e-01 2.627128e+00
-1.745970e-01 4.483260e-01 2.571929e+00
-1.035330e-01 2.797420e-01 2.781610e+00
-3.060690e-01 1.282380e-01 2.709573e+00
2.153800e-02 9.863800e-02 2.605541e+00
-1.036280e-01 1.013990e-01 2.782656e+00
-5.618320e-01 5.344380e-01 2.697457e+00
2.542830e-01 5.454040e-01 2.493700e+00
-7.185220e-01 7.602970e-01 2.560724e+00
4.097230e-01 7.517740e-01 2.327838e+00
-7.663320e-01 8.215040e-01 2.533058e+00
4.420460e-01 8.110480e-01 2.280517e+00
-2.591990e-01 -4.712050e-01 2.683527e+00
-6.136000e-03 -4.764470e-01 2.646096e+00
3.252000e-02 -6.207440e-01 3.003374e+00
-3.868220e-01 -7.027200e-01 2.762899e+00
-2.668100e-02 -8.264050e-01 2.961215e+00
-2.807300e-01 -8.921290e-01 2.741748e+00
-1.464700e-01 6.033010e-01 2.465403e+00
-3.204640e-01 3.666910e-01 2.739516e+00
7.995000e-02 3.977650e-01 2.635817e+00
-1.560450e-01 4.456560e-01 2.573641e+00
-8.983700e-02 2.657970e-01 2.775394e+00
-2.938370e-01 1.042870e-01 2.701046e+00
3.822300e-02 7.406700e-02 2.612458e+00
-9.507600e-02 7.718600e-02 2.783530e+00
-5.939770e-01 4.344470e-01 2.729867e+00
3.094560e-01 4.704450e-01 2.489060e+00
-7.889420e-01 6.077610e-01 2.567510e+00
5.112300e-01 6.196610e-01 2.311773e+00
-8.448620e-01 6.531080e-01 2.527336e+00
5.751290e-01 6.509420e-01 2.270111e+00
-2.744400e-01 -4.917270e-01 2.687804e+00
-1.433200e-02 -5.043100e-01 2.655426e+00
3.284900e-02 -6.188280e-01 3.002738e+00
-3.903690e-01 -7.361130e-01 2.776367e+00
-2.988700e-02 -8.265100e-01 2.980134e+00
-2.839230e-01 -9.241980e-01 2.746842e+00
-1.467360e-01 6.041980e-01 2.477406e+00
-3.234540e-01 3.534360e-01 2.740387e+00
8.934000e-02 3.804800e-01 2.647407e+00
-1.466520e-01 4.395270e-01 2.583616e+00
-9.107500e-02 2.437580e-01 2.773412e+00
-2.836410e-01 8.633200e-02 2.694278e+00
5.028100e-02 5.709100e-02 2.612633e+00
-8.647700e-02 6.065100e-02 2.780943e+00
-6.019290e-01 3.167750e-01 2.750223e+00
3.274780e-01 3.686820e-01 2.498612e+00
-8.320460e-01 4.278780e-01 2.581367e+00
5.741990e-01 4.268240e-01 2.326686e+00
-8.943360e-01 4.574630e-01 2.536177e+00
6.546130e-01 4.292810e-01 2.308658e+00
-2.784090e-01 -5.061220e-01 2.697352e+00
-2.973000e-03 -5.215160e-01 2.659066e+00
3.851200e-02 -6.203420e-01 3.007640e+00
-4.000210e-01 -7.214910e-01 2.769189e+00
-2.696600e-02 -8.281840e-01 2.998009e+00
-3.048620e-01 -9.173600e-01 2.756601e+00
-1.458460e-01 6.156420e-01 2.514672e+00
-3.253680e-01 3.551280e-01 2.765234e+00
8.517800e-02 3.813130e-01 2.662560e+00
-1.500940e-01 4.574140e-01 2.616694e+00
-9.665100e-02 2.337080e-01 2.773334e+00
-2.810190e-01 8.354700e-02 2.697188e+00
4.969700e-02 6.071800e-02 2.601631e+00
-8.018300e-02 5.901200e-02 2.775333e+00
-5.369170e-01 1.679440e-01 2.752918e+00
2.699730e-01 2.004750e-01 2.548145e+00
-8.107890e-01 1.264390e-01 2.617960e+00
5.336560e-01 1.179680e-01 2.411739e+00
-8.515480e-01 1.082500e-01 2.548640e+00
5.776250e-01 5.031900e-02 2.394777e+00
-2.762420e-01 -5.063340e-01 2.699589e+00
-1.030900e-02 -5.203760e-01 2.658151e+00
4.004600e-02 -6.212220e-01 3.010277e+00
-3.939520e-01 -7.490970e-01 2.759488e+00
-2.720300e-02 -8.285590e-01 3.002068e+00
-2.871240e-01 -9.380020e-01 2.737553e+00
-1.616420e-01 6.694000e-01 2.629801e+00
-3.294090e-01 3.561680e-01 2.767816e+00
7.946900e-02 3.725750e-01 2.656797e+00
-1.564160e-01 4.451480e-01 2.608430e+00
-1.007380e-01 2.352760e-01 2.782473e+00
-2.913830e-01 7.630700e-02 2.688222e+00
3.983500e-02 6.316400e-02 2.592583e+00
-9.021500e-02 5.290700e-02 2.765862e+00
-4.663310e-01 1.140360e-01 2.747099e+00
2.197020e-01 1.449170e-01 2.577353e+00
-7.101270e-01 -5.212400e-02 2.673897e+00
4.127080e-01 -7.258700e-02 2.488780e+00
-7.758040e-01 -9.775400e-02 2.653852e+00
4.714830e-01 -1.174270e-01 2.452279e+00
-2.749330e-01 -5.108350e-01 2.697380e+00
-9.776000e-03 -5.180570e-01 2.660480e+00
4.021200e-02 -6.214900e-01 3.010753e+00
-3.810230e-01 -7.576260e-01 2.781090e+00
-2.618200e-02 -8.291610e-01 3.004193e+00
-2.686080e-01 -9.431860e-01 2.758535e+00
-1.543030e-01 6.706490e-01 2.626349e+00
-3.377090e-01 3.502530e-01 2.777593e+00
6.986400e-02 3.688940e-01 2.662213e+00
-1.658600e-01 4.462960e-01 2.621095e+00
-1.101250e-01 2.265510e-01 2.782472e+00
-3.042570e-01 6.933200e-02 2.683552e+00
2.426800e-02 6.780000e-02 2.578222e+00
-1.003670e-01 4.929200e-02 2.754766e+00
-4.109460e-01 7.792600e-02 2.732227e+00
1.367180e-01 9.436100e-02 2.620429e+00
-5.296760e-01 -2.084090e-01 2.703819e+00
2.251220e-01 -2.030520e-01 2.595491e+00
-5.054470e-01 -2.741320e-01 2.660335e+00
2.468780e-01 -2.825730e-01 2.594765e+00
-2.805770e-01 -5.139120e-01 2.694078e+00
-3.376000e-03 -5.124580e-01 2.656841e+00
3.656000e-02 -6.196740e-01 3.007131e+00
-3.688590e-01 -7.594650e-01 2.780023e+00
-2.888900e-02 -8.277100e-01 3.003151e+00
-2.503880e-01 -9.420320e-01 2.765441e+00
-1.492030e-01 6.647790e-01 2.608495e+00
-3.235910e-01 3.534680e-01 2.786717e+00
8.254900e-02 3.529660e-01 2.664955e+00
-1.477560e-01 4.493300e-01 2.634598e+00
-1.051810e-01 2.144230e-01 2.777577e+00
-3.085090e-01 6.373300e-02 2.667122e+00
2.773700e-02 6.656600e-02 2.589946e+00
-1.110950e-01 4.763300e-02 2.755510e+00
-3.816080e-01 7.760400e-02 2.719645e+00
1.006970e-01 6.414800e-02 2.650090e+00
-4.143870e-01 -2.364690e-01 2.717372e+00
1.014060e-01 -2.515840e-01 2.644276e+00
-4.077880e-01 -3.186060e-01 2.720077e+00
1.148270e-01 -3.319680e-01 2.631800e+00
-2.840130e-01 -5.165520e-01 2.694633e+00
-3.642000e-03 -5.167410e-01 2.656189e+00
3.623700e-02 -6.190930e-01 3.005583e+00
-3.901280e-01 -7.349630e-01 2.769199e+00
-3.096000e-02 -8.266080e-01 3.006358e+00
-2.834540e-01 -9.252070e-01 2.766657e+00
-1.466170e-01 6.481820e-01 2.608520e+00
-3.230070e-01 3.509310e-01 2.816289e+00
6.083300e-02 3.624320e-01 2.636539e+00
-1.726180e-01 4.556610e-01 2.644060e+00
-1.065850e-01 2.163350e-01 2.769756e+00
-3.119650e-01 5.339400e-02 2.705137e+00
2.476000e-03 7.358700e-02 2.564626e+00
-1.006470e-01 4.774400e-02 2.753680e+00
-3.831210e-01 8.731400e-02 2.716212e+00
8.482200e-02 7.607300e-02 2.659903e+00
-3.813180e-01 -2.266080e-01 2.703191e+00
6.783300e-02 -2.372860e-01 2.644493e+00
-4.017490e-01 -3.055700e-01 2.715233e+00
2.864000e-02 -3.091960e-01 2.653994e+00
-2.807760e-01 -5.263850e-01 2.686055e+00
-4.216000e-03 -5.112960e-01 2.657030e+00
3.499800e-02 -6.181830e-01 3.004840e+00
-3.761090e-01 -7.507110e-01 2.775943e+00
-2.040100e-02 -8.290750e-01 2.998986e+00
-2.591060e-01 -9.347420e-01 2.771341e+00
-1.455070e-01 6.497850e-01 2.600769e+00
-3.339730e-01 3.478140e-01 2.794179e+00
6.277000e-02 3.700250e-01 2.646269e+00
-1.745620e-01 4.515390e-01 2.629628e+00
-1.083610e-01 2.222720e-01 2.772775e+00
-3.128450e-01 6.805000e-02 2.695552e+00
1.107900e-02 6.127100e-02 2.577008e+00
-1.065440e-01 4.532500e-02 2.758542e+00
-3.714340e-01 7.725200e-02 2.711598e+00
9.260800e-02 8.790200e-02 2.676985e+00
-3.898960e-01 -2.330180e-01 2.701729e+00
8.229300e-02 -2.208010e-01 2.640898e+00
-4.047890e-01 -3.141080e-01 2.701592e+00
4.314000e-02 -2.931770e-01 2.646011e+00
-2.778820e-01 -5.204540e-01 2.688874e+00
2.027000e-03 -5.134840e-01 2.660559e+00
3.654600e-02 -6.150640e-01 3.008167e+00
-3.797470e-01 -7.427580e-01 2.767544e+00
-1.838900e-02 -8.259900e-01 2.999766e+00
-2.664970e-01 -9.291190e-01 2.772296e+00
-1.468290e-01 6.504200e-01 2.585528e+00
-3.327430e-01 3.559130e-01 2.798845e+00
6.271000e-02 3.707190e-01 2.646616e+00
-1.734130e-01 4.560410e-01 2.632002e+00
-1.094650e-01 2.265430e-01 2.775802e+00
-3.143080e-01 7.075400e-02 2.698935e+00
8.609000e-03 6.446700e-02 2.577652e+00
-1.074650e-01 4.808700e-02 2.760141e+00
-3.743570e-01 8.750400e-02 2.715455e+00
9.970800e-02 8.961100e-02 2.665022e+00
-4.017840e-01 -2.206010e-01 2.701452e+00
8.149200e-02 -2.185730e-01 2.641207e+00
-4.105210e-01 -3.025190e-01 2.698205e+00
4.781800e-02 -2.937930e-01 2.643553e+00
-2.808100e-01 -5.174840e-01 2.690864e+00
-6.214000e-03 -5.120890e-01 2.659063e+00
3.571300e-02 -6.138050e-01 3.007566e+00
-3.938550e-01 -7.272320e-01 2.774007e+00
-2.001400e-02 -8.245240e-01 2.999173e+00
-2.869830e-01 -9.173260e-01 2.778623e+00
-1.438820e-01 6.542580e-01 2.592894e+00
-3.345390e-01 3.539150e-01 2.801798e+00
5.755400e-02 3.707200e-01 2.641308e+00
-1.791950e-01 4.550270e-01 2.631819e+00
-1.112330e-01 2.255700e-01 2.773831e+00
-3.147590e-01 6.884300e-02 2.705443e+00
2.076000e-03 6.854400e-02 2.568914e+00
-1.049680e-01 4.809900e-02 2.756444e+00
-3.776680e-01 8.658000e-02 2.717216e+00
8.675100e-02 8.984500e-02 2.668496e+00
-3.924770e-01 -2.209430e-01 2.689023e+00
7.318300e-02 -2.167620e-01 2.631179e+00
-4.155540e-01 -3.000670e-01 2.686955e+00
3.804600e-02 -2.903370e-01 2.643408e+00
-2.798310e-01 -5.179870e-01 2.688735e+00
-8.478000e-03 -5.089000e-01 2.656594e+00
3.562200e-02 -6.128610e-01 3.006937e+00
-3.880330e-01 -7.446550e-01 2.757202e+00
-1.849500e-02 -8.239620e-01 2.997645e+00
-2.724100e-01 -9.295910e-01 2.760043e+00
-1.432240e-01 6.555590e-01 2.591373e+00
-3.338570e-01 3.522830e-01 2.807069e+00
5.560300e-02 3.721820e-01 2.640631e+00
-1.816600e-01 4.554160e-01 2.635465e+00
-1.104130e-01 2.252290e-01 2.774659e+00
-3.172460e-01 6.700800e-02 2.704297e+00
-1.895000e-03 7.483300e-02 2.564592e+00
-1.066030e-01 4.903900e-02 2.752780e+00
-3.821540e-01 8.975000e-02 2.714414e+00
8.198800e-02 9.195500e-02 2.665486e+00
-3.871630e-01 -2.165400e-01 2.683053e+00
7.215000e-02 -2.142060e-01 2.634005e+00
-4.016010e-01 -2.970740e-01 2.672890e+00
3.845400e-02 -2.889400e-01 2.642765e+00
-2.767990e-01 -5.168720e-01 2.691082e+00
-1.104700e-02 -5.041530e-01 2.656713e+00
3.847300e-02 -6.122230e-01 3.009321e+00
-3.768000e-01 -7.598960e-01 2.759595e+00
-1.647500e-02 -8.231320e-01 3.000564e+00
-2.526030e-01 -9.391630e-01 2.755503e+00
-1.464070e-01 6.508240e-01 2.584598e+00
-3.329890e-01 3.527570e-01 2.811392e+00
5.402900e-02 3.736420e-01 2.639470e+00
-1.835110e-01 4.562220e-01 2.637612e+00
-1.096760e-01 2.263010e-01 2.775893e+00
-3.142050e-01 6.755100e-02 2.711072e+00
-1.659000e-03 7.558200e-02 2.565211e+00
-1.026780e-01 4.900400e-02 2.755298e+00
-3.817450e-01 9.165500e-02 2.715453e+00
8.409800e-02 9.393700e-02 2.664306e+00
-3.855130e-01 -2.148120e-01 2.687426e+00
6.873700e-02 -2.116870e-01 2.631444e+00
-3.578620e-01 -2.924250e-01 2.684416e+00
4.544200e-02 -2.876910e-01 2.653308e+00
-2.762840e-01 -5.161990e-01 2.693967e+00
-4.877000e-03 -5.021950e-01 2.658232e+00
4.010600e-02 -6.112110e-01 3.011195e+00
-3.792550e-01 -7.462040e-01 2.758555e+00
-1.468800e-02 -8.221690e-01 3.002661e+00
-2.594500e-01 -9.284410e-01 2.762393e+00
-1.500460e-01 6.499360e-01 2.582032e+00
