-3.879260e-01 3.105940e-01 2.692352e+00
-2.004625e-01 3.116215e-01 2.688797e+00
-1.299900e-02 3.126490e-01 2.685241e+00
-1.075270e-01 3.412370e-01 2.653429e+00
-2.020550e-01 3.698250e-01 2.621617e+00
-2.001810e-01 2.672995e-01 2.690814e+00
-1.983070e-01 1.647740e-01 2.760011e+00
-2.918955e-01 5.804700e-02 2.701060e+00
-3.854840e-01 -4.868000e-02 2.642110e+00
-2.023980e-01 -5.007250e-02 2.639301e+00
-1.931200e-02 -5.146500e-02 2.636491e+00
-1.099455e-01 -5.183000e-02 2.697689e+00
-2.005790e-01 -5.219500e-02 2.758887e+00
-3.215955e-01 -1.128750e-02 2.737338e+00
-4.426120e-01 2.962000e-02 2.715789e+00
-2.020380e-01 3.002450e-02 2.707276e+00
3.853600e-02 3.042900e-02 2.698763e+00
-1.989715e-01 -1.170250e-01 2.670806e+00
-4.364790e-01 -2.644790e-01 2.642848e+00
-2.041110e-01 -2.658125e-01 2.642542e+00
2.825700e-02 -2.671460e-01 2.642237e+00
-2.019455e-01 -2.991785e-01 2.629301e+00
-4.321480e-01 -3.312110e-01 2.616365e+00
-2.043935e-01 -3.328525e-01 2.616917e+00
2.336100e-02 -3.344940e-01 2.617469e+00
-1.428110e-01 -4.692435e-01 2.649770e+00
-3.089830e-01 -6.039930e-01 2.682071e+00
-1.941525e-01 -6.009840e-01 2.701476e+00
-7.932200e-02 -5.979750e-01 2.720881e+00
-2.031370e-01 -8.139035e-01 2.729929e+00
-3.269520e-01 -1.029832e+00 2.738978e+00
-2.027725e-01 -1.025768e+00 2.766518e+00
-7.859300e-02 -1.021703e+00 2.794058e+00
-2.045450e-01 -1.037373e+00 2.679115e+00
-3.304970e-01 -1.053043e+00 2.564173e+00
-2.051305e-01 -1.052381e+00 2.592217e+00
-7.976400e-02 -1.051719e+00 2.620260e+00
-1.398755e-01 -2.335660e-01 2.614400e+00
-1.999870e-01 5.845870e-01 2.608539e+00
-2.931335e-01 4.479340e-01 2.649503e+00
-3.862800e-01 3.112810e-01 2.690468e+00
-1.987865e-01 3.113980e-01 2.688965e+00
-1.129300e-02 3.115150e-01 2.687462e+00
-1.053270e-01 3.405700e-01 2.654626e+00
-1.993610e-01 3.696250e-01 2.621790e+00
-1.987425e-01 2.670745e-01 2.690972e+00
-1.981240e-01 1.645240e-01 2.760155e+00
-2.920400e-01 5.806000e-02 2.705052e+00
-3.859560e-01 -4.840400e-02 2.649949e+00
-2.031820e-01 -5.037600e-02 2.638996e+00
-2.040800e-02 -5.234800e-02 2.628042e+00
-1.082210e-01 -5.169600e-02 2.693220e+00
-1.960340e-01 -5.104400e-02 2.758399e+00
-3.173250e-01 -1.047500e-02 2.737522e+00
-4.386160e-01 3.009400e-02 2.716644e+00
-1.995440e-01 2.960500e-02 2.708349e+00
3.952800e-02 2.911600e-02 2.700054e+00
-1.992695e-01 -1.173220e-01 2.671251e+00
-4.380670e-01 -2.637600e-01 2.642447e+00
-2.048945e-01 -2.664095e-01 2.644696e+00
2.827800e-02 -2.690590e-01 2.646944e+00
-1.995680e-01 -3.007195e-01 2.635326e+00
-4.274140e-01 -3.323800e-01 2.623708e+00
-2.007865e-01 -3.342085e-01 2.622274e+00
2.584100e-02 -3.360370e-01 2.620840e+00
-1.415325e-01 -4.701365e-01 2.652643e+00
-3.089060e-01 -6.042360e-01 2.684447e+00
-1.960080e-01 -6.011300e-01 2.703489e+00
-8.311000e-02 -5.980240e-01 2.722532e+00
-2.055735e-01 -8.140845e-01 2.731491e+00
-3.280370e-01 -1.030145e+00 2.740450e+00
-2.042975e-01 -1.026965e+00 2.761582e+00
-8.055800e-02 -1.023785e+00 2.782714e+00
-2.099765e-01 -1.038187e+00 2.674296e+00
-3.393950e-01 -1.052589e+00 2.565878e+00
-2.149545e-01 -1.050539e+00 2.587120e+00
-9.051400e-02 -1.048489e+00 2.608361e+00
-1.431825e-01 -2.309045e-01 2.607248e+00
-1.958510e-01 5.866800e-01 2.606136e+00
-2.892150e-01 4.496440e-01 2.650162e+00
-3.825790e-01 3.126080e-01 2.694187e+00
-1.951115e-01 3.120350e-01 2.690729e+00
-7.644000e-03 3.114620e-01 2.687272e+00
-1.018995e-01 3.413170e-01 2.655816e+00
-1.961550e-01 3.711720e-01 2.624360e+00
-1.952210e-01 2.676885e-01 2.692135e+00
-1.942870e-01 1.642050e-01 2.759910e+00
-2.896200e-01 5.764500e-02 2.700851e+00
-3.849530e-01 -4.891500e-02 2.641793e+00
-2.018875e-01 -5.188900e-02 2.638877e+00
-1.882200e-02 -5.486300e-02 2.635961e+00
-1.094095e-01 -5.382900e-02 2.697220e+00
-1.999970e-01 -5.279500e-02 2.758478e+00
-3.203400e-01 -1.063350e-02 2.735507e+00
-4.406830e-01 3.152800e-02 2.712536e+00
-2.006085e-01 2.970800e-02 2.704511e+00
3.946600e-02 2.788800e-02 2.696485e+00
-1.990620e-01 -1.193685e-01 2.676206e+00
-4.375900e-01 -2.666250e-01 2.655926e+00
-2.053140e-01 -2.689925e-01 2.651692e+00
2.696200e-02 -2.713600e-01 2.647457e+00
-2.012115e-01 -3.000580e-01 2.634044e+00
-4.293850e-01 -3.287560e-01 2.620631e+00
-2.040305e-01 -3.312270e-01 2.616328e+00
2.132400e-02 -3.336980e-01 2.612024e+00
-1.434300e-01 -4.692850e-01 2.649100e+00
-3.081840e-01 -6.048720e-01 2.686175e+00
-1.958615e-01 -6.025035e-01 2.705653e+00
-8.353900e-02 -6.001350e-01 2.725131e+00
-2.050555e-01 -8.157620e-01 2.731367e+00
-3.265720e-01 -1.031389e+00 2.737603e+00
-2.042940e-01 -1.028353e+00 2.763454e+00
-8.201600e-02 -1.025317e+00 2.789305e+00
-2.060215e-01 -1.038835e+00 2.675909e+00
-3.300270e-01 -1.052352e+00 2.562512e+00
-2.071745e-01 -1.051999e+00 2.588716e+00
-8.432200e-02 -1.051645e+00 2.614921e+00
-1.424135e-01 -2.346485e-01 2.609277e+00
-2.005050e-01 5.823480e-01 2.603633e+00
-2.922795e-01 4.471980e-01 2.646831e+00
-3.840540e-01 3.120480e-01 2.690028e+00
-9.079000e-03 3.120370e-01 2.685678e+00
-1.973480e-01 3.698870e-01 2.620351e+00
-1.957350e-01 1.655750e-01 2.759874e+00
-3.862760e-01 -4.863000e-02 2.643246e+00
-2.006300e-02 -4.878600e-02 2.640365e+00
-2.022300e-01 -5.174100e-02 2.761382e+00
-4.404000e-01 3.129100e-02 2.715384e+00
4.058200e-02 2.920300e-02 2.699129e+00
-4.364210e-01 -2.654100e-01 2.652313e+00
2.937000e-02 -2.697990e-01 2.649158e+00
-4.211890e-01 -3.232550e-01 2.612372e+00
2.334400e-02 -3.347730e-01 2.618904e+00
-3.066080e-01 -6.035050e-01 2.681355e+00
-7.874000e-02 -5.965420e-01 2.720206e+00
-3.287850e-01 -1.028831e+00 2.740572e+00
-8.364100e-02 -1.019395e+00 2.798126e+00
-3.308310e-01 -1.053046e+00 2.565879e+00
-8.235700e-02 -1.051372e+00 2.624679e+00
-2.014770e-01 5.858010e-01 2.603944e+00
-3.845290e-01 3.087420e-01 2.688015e+00
-9.562000e-03 3.124630e-01 2.691288e+00
-1.970480e-01 3.694720e-01 2.623036e+00
-1.961900e-01 1.630560e-01 2.759434e+00
-3.841460e-01 -5.008100e-02 2.642697e+00
-1.794200e-02 -5.112300e-02 2.638979e+00
-1.998360e-01 -5.294100e-02 2.760428e+00
-4.417960e-01 2.869900e-02 2.715050e+00
3.939300e-02 2.963400e-02 2.698041e+00
-4.337340e-01 -2.646840e-01 2.639848e+00
3.106600e-02 -2.679640e-01 2.641827e+00
-4.475670e-01 -3.333360e-01 2.623448e+00
2.678600e-02 -3.375090e-01 2.623978e+00
-3.082160e-01 -6.049550e-01 2.681450e+00
-7.777900e-02 -5.981900e-01 2.722577e+00
-3.280850e-01 -1.030769e+00 2.737912e+00
-1.025710e-01 -1.019982e+00 2.802433e+00
-3.306880e-01 -1.053831e+00 2.563071e+00
-9.948900e-02 -1.052961e+00 2.629196e+00
-2.054810e-01 5.856580e-01 2.603470e+00
-3.857140e-01 3.135340e-01 2.682641e+00
-1.080600e-02 3.120760e-01 2.690785e+00
-1.965620e-01 3.701720e-01 2.618821e+00
-2.004140e-01 1.668490e-01 2.759738e+00
-3.858830e-01 -5.073000e-02 2.639723e+00
-1.966000e-02 -4.967100e-02 2.638895e+00
-2.024990e-01 -5.095600e-02 2.758925e+00
-4.416830e-01 3.442700e-02 2.716628e+00
3.868600e-02 2.997100e-02 2.703259e+00
-4.340870e-01 -2.597750e-01 2.646580e+00
3.022500e-02 -2.674150e-01 2.648402e+00
-4.325350e-01 -3.291030e-01 2.627488e+00
2.889200e-02 -3.346340e-01 2.622844e+00
-3.092760e-01 -6.049660e-01 2.680564e+00
-8.071600e-02 -5.976660e-01 2.722323e+00
-3.220190e-01 -1.031279e+00 2.735290e+00
-8.846700e-02 -1.022756e+00 2.786655e+00
-3.233180e-01 -1.053697e+00 2.560350e+00
-8.665000e-02 -1.049179e+00 2.612280e+00
-2.030800e-01 5.874790e-01 2.608601e+00
-3.859090e-01 3.077670e-01 2.690029e+00
-1.097600e-02 3.140300e-01 2.686697e+00
-2.000110e-01 3.690510e-01 2.621140e+00
-1.953570e-01 1.641150e-01 2.759675e+00
-3.849880e-01 -4.830900e-02 2.646441e+00
-1.891500e-02 -5.028900e-02 2.636092e+00
-1.985940e-01 -5.317900e-02 2.760776e+00
-4.420720e-01 2.732200e-02 2.714533e+00
4.087800e-02 3.217200e-02 2.703170e+00
-4.355910e-01 -2.672200e-01 2.644085e+00
2.958000e-02 -2.661280e-01 2.651695e+00
-4.418360e-01 -3.351960e-01 2.621424e+00
2.162500e-02 -3.284790e-01 2.616732e+00
-3.087090e-01 -6.033830e-01 2.683527e+00
-8.626600e-02 -5.972610e-01 2.723114e+00
-3.287860e-01 -1.029178e+00 2.740063e+00
-7.737400e-02 -1.021928e+00 2.790039e+00
-3.345090e-01 -1.052115e+00 2.565279e+00
-8.209500e-02 -1.049471e+00 2.615892e+00
-2.027820e-01 5.862680e-01 2.610055e+00
-3.835280e-01 3.140850e-01 2.685050e+00
-8.585000e-03 3.125970e-01 2.691421e+00
-1.946860e-01 3.717080e-01 2.621194e+00
-1.978440e-01 1.663190e-01 2.759100e+00
-3.864030e-01 -4.896100e-02 2.639507e+00
-2.018700e-02 -4.906600e-02 2.636930e+00
-2.024540e-01 -5.041600e-02 2.757826e+00
-4.407360e-01 3.480100e-02 2.716184e+00
4.128000e-02 3.038600e-02 2.701987e+00
-4.357450e-01 -2.590990e-01 2.644241e+00
2.900500e-02 -2.669460e-01 2.647020e+00
-4.242000e-01 -3.270960e-01 2.623834e+00
2.641300e-02 -3.335520e-01 2.619997e+00
-3.100290e-01 -6.032040e-01 2.683387e+00
-8.158800e-02 -5.964250e-01 2.721950e+00
-3.260050e-01 -1.029473e+00 2.737611e+00
-8.501900e-02 -1.021393e+00 2.787450e+00
-3.279000e-01 -1.051658e+00 2.562647e+00
-8.458300e-02 -1.048264e+00 2.613135e+00
-2.012310e-01 5.856420e-01 2.611524e+00
-3.816660e-01 3.065560e-01 2.681390e+00
-6.827000e-03 3.123830e-01 2.690675e+00
-1.934510e-01 3.666960e-01 2.618005e+00
-1.937980e-01 1.636760e-01 2.759410e+00
-3.859600e-01 -3.902700e-02 2.646757e+00
-1.988100e-02 -4.474800e-02 2.638125e+00
-2.001700e-01 -4.623700e-02 2.761950e+00
-4.414130e-01 2.832300e-02 2.719985e+00
4.293100e-02 3.007400e-02 2.707956e+00
-4.413820e-01 -2.656590e-01 2.646425e+00
2.795300e-02 -2.683150e-01 2.657202e+00
-4.297780e-01 -3.365460e-01 2.650130e+00
2.315300e-02 -3.353320e-01 2.631530e+00
-3.078860e-01 -5.957610e-01 2.679062e+00
-8.362100e-02 -5.912720e-01 2.718213e+00
-3.308940e-01 -1.020045e+00 2.745050e+00
-8.945900e-02 -1.014287e+00 2.795181e+00
-3.360850e-01 -1.046864e+00 2.570803e+00
-9.168400e-02 -1.045828e+00 2.621663e+00
-2.016550e-01 5.864870e-01 2.603707e+00
-3.847430e-01 2.997580e-01 2.676761e+00
-1.033800e-02 3.104570e-01 2.694969e+00
-1.959510e-01 3.635050e-01 2.618854e+00
-1.967870e-01 1.580880e-01 2.756753e+00
-3.732950e-01 -4.813400e-02 2.631458e+00
-7.703000e-03 -6.237900e-02 2.647584e+00
-1.958240e-01 -5.666300e-02 2.759013e+00
-4.598720e-01 2.027300e-02 2.716824e+00
5.790800e-02 2.659500e-02 2.706176e+00
-5.023700e-01 -2.747390e-01 2.637989e+00
9.531700e-02 -2.712150e-01 2.635730e+00
-4.841450e-01 -3.441680e-01 2.633439e+00
8.360300e-02 -3.415060e-01 2.625963e+00
-3.108470e-01 -6.048810e-01 2.688355e+00
-7.726200e-02 -6.058930e-01 2.727004e+00
-3.107160e-01 -1.031045e+00 2.745661e+00
-8.738000e-02 -1.033241e+00 2.773602e+00
-3.055040e-01 -1.054539e+00 2.570936e+00
-7.912000e-02 -1.052532e+00 2.598480e+00
-2.032860e-01 5.854990e-01 2.607226e+00
-3.873530e-01 2.975920e-01 2.685845e+00
-1.274200e-02 3.139160e-01 2.690888e+00
-2.017070e-01 3.644600e-01 2.621628e+00
-1.945730e-01 1.584560e-01 2.758463e+00
-3.779730e-01 -5.426200e-02 2.628380e+00
-8.418000e-03 -5.345600e-02 2.653835e+00
-2.014140e-01 -5.440100e-02 2.760443e+00
-4.984710e-01 2.627300e-02 2.705017e+00
1.038570e-01 4.462000e-02 2.705498e+00
-6.026080e-01 -2.475640e-01 2.603533e+00
1.983330e-01 -2.383990e-01 2.621207e+00
-6.138580e-01 -3.142760e-01 2.627952e+00
2.028750e-01 -3.099420e-01 2.615362e+00
-3.158030e-01 -6.067740e-01 2.682372e+00
-8.201500e-02 -6.031400e-01 2.725434e+00
-3.198120e-01 -1.032975e+00 2.739265e+00
-8.852700e-02 -1.029113e+00 2.783778e+00
-3.100270e-01 -1.056366e+00 2.564722e+00
-7.523400e-02 -1.053179e+00 2.609559e+00
-2.016970e-01 5.864610e-01 2.601727e+00
-3.849190e-01 3.028000e-01 2.687488e+00
-9.950000e-03 3.067560e-01 2.690183e+00
-1.975660e-01 3.630140e-01 2.621666e+00
-1.963970e-01 1.578990e-01 2.760010e+00
-3.823920e-01 -5.434600e-02 2.629637e+00
-7.926000e-03 -5.042600e-02 2.650516e+00
-2.018100e-01 -5.314300e-02 2.759509e+00
-5.544360e-01 6.387400e-02 2.680950e+00
1.663810e-01 7.278000e-02 2.684970e+00
-7.429040e-01 -1.689820e-01 2.604329e+00
3.318240e-01 -1.715890e-01 2.592637e+00
-7.868450e-01 -2.232290e-01 2.587014e+00
3.755570e-01 -2.271020e-01 2.579256e+00
-3.120030e-01 -6.061890e-01 2.684694e+00
-8.006100e-02 -6.007090e-01 2.723840e+00
-3.240830e-01 -1.032844e+00 2.736848e+00
-8.243400e-02 -1.025915e+00 2.787823e+00
-3.151800e-01 -1.054466e+00 2.562029e+00
-7.124200e-02 -1.052168e+00 2.613772e+00
-2.000460e-01 5.849380e-01 2.607040e+00
-3.881220e-01 3.091470e-01 2.688811e+00
-1.312300e-02 3.102940e-01 2.688982e+00
-2.007640e-01 3.660330e-01 2.620106e+00
-2.002140e-01 1.649090e-01 2.764196e+00
-3.861390e-01 -5.140600e-02 2.638469e+00
-8.586000e-03 -4.096900e-02 2.639026e+00
-1.975060e-01 -4.738800e-02 2.758361e+00
-6.406410e-01 1.817560e-01 2.652583e+00
2.440020e-01 1.901720e-01 2.661350e+00
-8.972910e-01 9.115200e-02 2.524290e+00
4.918030e-01 7.913800e-02 2.531721e+00
-9.588220e-01 6.950700e-02 2.493980e+00
5.478490e-01 3.408100e-02 2.533180e+00
-3.101380e-01 -6.015180e-01 2.686600e+00
-7.786200e-02 -5.921830e-01 2.722199e+00
-3.268760e-01 -1.028358e+00 2.735873e+00
-8.528500e-02 -1.017756e+00 2.783297e+00
-3.268180e-01 -1.048586e+00 2.560662e+00
-8.264900e-02 -1.042862e+00 2.608737e+00
-1.997750e-01 5.946080e-01 2.616914e+00
-3.886970e-01 3.176910e-01 2.681711e+00
-1.373400e-02 3.177000e-01 2.686956e+00
-2.002100e-01 3.698220e-01 2.612327e+00
-2.023840e-01 1.776130e-01 2.768095e+00
-3.944310e-01 -3.221500e-02 2.641924e+00
-5.668000e-03 -3.102200e-02 2.650200e+00
-2.025510e-01 -4.272000e-02 2.765139e+00
-6.699870e-01 2.974080e-01 2.645651e+00
2.673050e-01 2.948530e-01 2.650478e+00
-9.314600e-01 2.892550e-01 2.498753e+00
5.340410e-01 2.878390e-01 2.513305e+00
-9.868790e-01 2.857760e-01 2.453037e+00
5.993930e-01 2.917620e-01 2.483523e+00
-3.093870e-01 -5.861580e-01 2.675904e+00
-8.236100e-02 -5.793530e-01 2.721337e+00
-3.320670e-01 -1.010787e+00 2.739749e+00
-7.937700e-02 -1.005871e+00 2.775866e+00
-3.293540e-01 -1.037150e+00 2.565377e+00
-7.495600e-02 -1.028201e+00 2.600966e+00
-2.054250e-01 6.041060e-01 2.612301e+00
-3.825250e-01 3.253000e-01 2.676037e+00
-1.802700e-02 3.242670e-01 2.683746e+00
-1.987410e-01 3.757070e-01 2.607038e+00
-2.026390e-01 1.861130e-01 2.765945e+00
-3.937420e-01 -3.414200e-02 2.650543e+00
-1.491000e-03 -2.016100e-02 2.650356e+00
-1.969950e-01 -4.301700e-02 2.769011e+00
-6.518300e-01 4.043400e-01 2.635124e+00
2.532440e-01 3.977640e-01 2.645584e+00
-8.985870e-01 5.042240e-01 2.498326e+00
5.007810e-01 4.852340e-01 2.501869e+00
-9.538410e-01 5.048290e-01 2.452284e+00
5.642830e-01 5.098960e-01 2.478791e+00
-3.089910e-01 -5.832500e-01 2.678288e+00
-8.522600e-02 -5.739430e-01 2.711894e+00
-3.218030e-01 -1.009185e+00 2.735868e+00
-7.650300e-02 -9.968830e-01 2.789008e+00
-3.227710e-01 -1.032784e+00 2.561081e+00
-7.495900e-02 -1.028487e+00 2.615495e+00
-2.025080e-01 6.094940e-01 2.621345e+00
-3.782840e-01 3.503100e-01 2.666651e+00
-3.014500e-02 3.294520e-01 2.673168e+00
-1.988410e-01 3.890860e-01 2.596056e+00
-2.130210e-01 2.032630e-01 2.758787e+00
-4.043450e-01 -3.563200e-02 2.641453e+00
-1.277200e-02 -9.413000e-03 2.647753e+00
-2.100530e-01 -2.891000e-02 2.764042e+00
-5.942430e-01 5.318340e-01 2.639125e+00
1.885490e-01 5.069920e-01 2.641553e+00
-7.713380e-01 7.342510e-01 2.508231e+00
3.698780e-01 6.978480e-01 2.499559e+00
-7.851270e-01 7.838030e-01 2.457954e+00
3.987480e-01 7.563750e-01 2.469321e+00
-3.074670e-01 -5.824660e-01 2.674108e+00
-8.584900e-02 -5.677670e-01 2.710088e+00
-3.254360e-01 -1.007858e+00 2.734266e+00
-8.147900e-02 -9.918860e-01 2.780823e+00
-3.229380e-01 -1.032656e+00 2.559660e+00
-7.569200e-02 -1.020828e+00 2.606935e+00
-2.054310e-01 6.200540e-01 2.623207e+00
-3.739570e-01 3.574080e-01 2.680832e+00
-3.351100e-02 3.365810e-01 2.670274e+00
-2.016470e-01 4.010780e-01 2.605021e+00
-2.090000e-01 2.046920e-01 2.755324e+00
-4.083510e-01 -3.017600e-02 2.646453e+00
-1.708900e-02 -5.520000e-04 2.636832e+00
-2.095160e-01 -1.885800e-02 2.761168e+00
-5.389750e-01 5.818350e-01 2.628966e+00
1.412980e-01 5.564500e-01 2.633020e+00
-6.423790e-01 8.345880e-01 2.507200e+00
2.541180e-01 7.956010e-01 2.493442e+00
-6.589980e-01 8.987590e-01 2.479286e+00
2.652720e-01 8.601840e-01 2.463811e+00
-3.041460e-01 -5.765770e-01 2.670042e+00
-8.513500e-02 -5.596070e-01 2.705690e+00
-3.282100e-01 -1.001390e+00 2.732128e+00
-7.746600e-02 -9.835620e-01 2.777129e+00
-3.326540e-01 -1.026642e+00 2.557627e+00
-7.837200e-02 -1.012885e+00 2.603211e+00
-2.035540e-01 6.103220e-01 2.627518e+00
-3.720580e-01 3.700110e-01 2.682560e+00
-3.605600e-02 3.470920e-01 2.679273e+00
-2.002950e-01 4.139210e-01 2.611464e+00
-2.124390e-01 2.148760e-01 2.757908e+00
-4.050470e-01 -1.623000e-02 2.636761e+00
-1.330000e-02 8.061000e-03 2.636269e+00
-2.089570e-01 -5.145000e-03 2.756130e+00
-4.924810e-01 6.187310e-01 2.620332e+00
9.948600e-02 5.884620e-01 2.619235e+00
-5.115730e-01 9.000950e-01 2.521260e+00
1.311440e-01 8.533920e-01 2.484494e+00
-5.017510e-01 9.681750e-01 2.500236e+00
1.341070e-01 9.200850e-01 2.457726e+00
-3.051380e-01 -5.640980e-01 2.665525e+00
-8.455900e-02 -5.500120e-01 2.701771e+00
-3.288060e-01 -9.888940e-01 2.727879e+00
-7.598900e-02 -9.732870e-01 2.777035e+00
-3.295710e-01 -1.014467e+00 2.553370e+00
-7.304000e-02 -1.004102e+00 2.603398e+00
-2.054410e-01 6.144320e-01 2.622367e+00
-3.605410e-01 3.717910e-01 2.697621e+00
-2.672500e-02 3.666600e-01 2.684250e+00
-1.956220e-01 4.302620e-01 2.626330e+00
-1.936740e-01 2.194720e-01 2.755854e+00
-4.042850e-01 8.331000e-03 2.638727e+00
-1.263900e-02 3.147000e-02 2.627126e+00
-2.049160e-01 1.982000e-02 2.752493e+00
-4.185310e-01 6.389100e-01 2.617315e+00
4.167700e-02 6.289920e-01 2.596687e+00
-3.529200e-01 9.185790e-01 2.528661e+00
-3.413700e-02 8.935240e-01 2.475634e+00
-3.141590e-01 9.791430e-01 2.526954e+00
-6.494400e-02 9.551710e-01 2.455045e+00
-2.995500e-01 -5.404720e-01 2.656760e+00
-8.580700e-02 -5.272650e-01 2.690140e+00
-3.319090e-01 -9.612770e-01 2.739079e+00
-7.846300e-02 -9.463910e-01 2.785949e+00
-3.373730e-01 -9.947170e-01 2.565990e+00
-7.912000e-02 -9.857060e-01 2.614012e+00
-1.951860e-01 6.257310e-01 2.613615e+00
-3.581050e-01 3.890070e-01 2.700886e+00
-2.699100e-02 3.719360e-01 2.676970e+00
-1.939630e-01 4.384020e-01 2.621508e+00
-1.944370e-01 2.339750e-01 2.760871e+00
-4.094100e-01 9.410000e-04 2.646079e+00
-1.844700e-02 2.640500e-02 2.622510e+00
-2.067870e-01 1.453000e-02 2.753697e+00
-3.852080e-01 6.535040e-01 2.599238e+00
7.432000e-03 6.398880e-01 2.587290e+00
-2.689860e-01 9.215320e-01 2.529392e+00
-1.174960e-01 8.892840e-01 2.475847e+00
-2.340670e-01 9.825860e-01 2.514345e+00
-1.552440e-01 9.479770e-01 2.458423e+00
-3.036490e-01 -5.469830e-01 2.662423e+00
-8.843300e-02 -5.314310e-01 2.699527e+00
-3.313530e-01 -9.702170e-01 2.733177e+00
-7.337300e-02 -9.547720e-01 2.773389e+00
-3.421900e-01 -9.985530e-01 2.559431e+00
-8.104400e-02 -9.853230e-01 2.599850e+00
-1.971320e-01 6.301600e-01 2.596092e+00
-3.449000e-01 2.982910e-01 2.774182e+00
-3.881200e-02 3.654510e-01 2.634866e+00
-2.251050e-01 3.990610e-01 2.656651e+00
-1.417020e-01 1.793370e-01 2.733971e+00
-4.047150e-01 -1.636000e-02 2.713996e+00
-4.784600e-02 3.095500e-02 2.557592e+00
-1.786200e-01 1.035000e-02 2.745466e+00
-3.599640e-01 5.442770e-01 2.632179e+00
-8.214000e-03 6.436570e-01 2.584213e+00
-3.034480e-01 8.248730e-01 2.541861e+00
-1.558260e-01 8.808590e-01 2.474524e+00
-2.631750e-01 8.763120e-01 2.511770e+00
-1.863910e-01 9.437600e-01 2.457711e+00
-3.042210e-01 -5.566700e-01 2.658179e+00
-8.795600e-02 -5.271050e-01 2.696525e+00
-3.355100e-01 -9.794910e-01 2.729900e+00
-7.013100e-02 -9.466750e-01 2.788954e+00
-4.052870e-01 -1.001548e+00 2.569423e+00
-1.406810e-01 -9.843050e-01 2.631744e+00
-1.493820e-01 5.952570e-01 2.613796e+00
-3.555230e-01 2.687400e-01 2.809303e+00
-5.788600e-02 3.666750e-01 2.644245e+00
-2.449250e-01 3.913920e-01 2.694790e+00
-1.535350e-01 1.633790e-01 2.724298e+00
-3.835730e-01 -3.169400e-02 2.755511e+00
-5.785200e-02 7.784000e-03 2.540096e+00
-1.545300e-01 -1.448000e-02 2.747414e+00
-3.603090e-01 5.002740e-01 2.644665e+00
5.050000e-04 6.372060e-01 2.579906e+00
-3.385540e-01 7.784810e-01 2.534986e+00
-1.415640e-01 8.784360e-01 2.472543e+00
-2.976710e-01 8.325090e-01 2.510842e+00
-1.951840e-01 9.248480e-01 2.460538e+00
-3.090670e-01 -5.736610e-01 2.662548e+00
-7.298700e-02 -5.408290e-01 2.709912e+00
-3.372190e-01 -9.931450e-01 2.752777e+00
-7.791800e-02 -9.645480e-01 2.782975e+00
-4.314590e-01 -1.018424e+00 2.605849e+00
-1.712050e-01 -9.889280e-01 2.635289e+00
-1.760790e-01 5.685610e-01 2.599515e+00
-3.687110e-01 3.068930e-01 2.797738e+00
-6.448700e-02 3.605020e-01 2.639077e+00
-2.476080e-01 4.042790e-01 2.673953e+00
-1.731430e-01 1.778380e-01 2.740226e+00
-3.935400e-01 -2.525600e-02 2.739305e+00
-5.159000e-02 9.980000e-04 2.548421e+00
-1.642210e-01 -1.281000e-02 2.748287e+00
-3.683310e-01 5.364960e-01 2.630639e+00
1.119300e-02 6.290830e-01 2.586385e+00
-3.476900e-01 8.151480e-01 2.522371e+00
-1.036150e-01 8.807860e-01 2.471235e+00
-3.188410e-01 8.764770e-01 2.498292e+00
-1.577610e-01 9.271250e-01 2.461526e+00
-3.086090e-01 -5.725120e-01 2.665472e+00
-7.616000e-02 -5.465700e-01 2.705909e+00
-3.344680e-01 -9.956290e-01 2.737606e+00
-7.645000e-02 -9.696100e-01 2.782966e+00
-4.188120e-01 -1.016638e+00 2.584137e+00
-1.563080e-01 -9.977380e-01 2.628242e+00
-1.759210e-01 5.806790e-01 2.576910e+00
-3.629380e-01 3.077570e-01 2.787147e+00
-5.657400e-02 3.590280e-01 2.636644e+00
-2.407780e-01 4.024840e-01 2.665241e+00
-1.668830e-01 1.782750e-01 2.739284e+00
-3.943830e-01 -2.235000e-02 2.736109e+00
-4.757000e-02 -9.730000e-04 2.553573e+00
-1.651740e-01 -1.367500e-02 2.750628e+00
-3.881510e-01 5.422460e-01 2.629248e+00
4.705500e-02 6.200670e-01 2.595751e+00
-3.930990e-01 8.184090e-01 2.513456e+00
-9.357000e-03 8.809250e-01 2.459851e+00
-3.736660e-01 8.834320e-01 2.489631e+00
-3.980800e-02 9.380990e-01 2.428589e+00
-3.068500e-01 -5.709250e-01 2.653894e+00
-7.644200e-02 -5.471480e-01 2.708983e+00
-3.347290e-01 -9.891450e-01 2.749890e+00
-7.597000e-02 -9.714260e-01 2.778903e+00
-4.113890e-01 -1.019809e+00 2.594034e+00
-1.525510e-01 -9.973430e-01 2.622149e+00
-1.809060e-01 5.739220e-01 2.590757e+00
-3.649780e-01 3.750120e-01 2.696995e+00
-2.848100e-02 3.703640e-01 2.670761e+00
-2.015870e-01 4.264390e-01 2.613235e+00
-1.925090e-01 2.307470e-01 2.764347e+00
-4.002200e-01 7.910000e-04 2.667799e+00
-1.043000e-02 1.744300e-02 2.624875e+00
-1.920180e-01 3.733000e-03 2.765092e+00
-4.733470e-01 6.225610e-01 2.602194e+00
1.035340e-01 6.119490e-01 2.591894e+00
-5.242190e-01 8.943110e-01 2.480186e+00
1.408380e-01 8.723340e-01 2.443133e+00
-5.070240e-01 9.602450e-01 2.457157e+00
1.426330e-01 9.371370e-01 2.411977e+00
-3.026430e-01 -5.500800e-01 2.663006e+00
-8.344000e-02 -5.385600e-01 2.697612e+00
-3.287840e-01 -9.734370e-01 2.733619e+00
-7.417400e-02 -9.578610e-01 2.792486e+00
-3.491550e-01 -1.001035e+00 2.560612e+00
-8.917400e-02 -9.969590e-01 2.621155e+00
-2.369610e-01 6.219800e-01 2.603057e+00
-3.646540e-01 3.797350e-01 2.691584e+00
-2.212800e-02 3.637240e-01 2.681817e+00
-1.921620e-01 4.265170e-01 2.616698e+00
-1.971800e-01 2.286300e-01 2.765116e+00
-3.976560e-01 3.525000e-03 2.651356e+00
-5.790000e-03 2.391500e-02 2.642350e+00
-1.986710e-01 7.815000e-03 2.766288e+00
-5.298010e-01 6.006390e-01 2.615974e+00
1.457260e-01 5.812150e-01 2.602370e+00
-6.469880e-01 8.480660e-01 2.489001e+00
2.625690e-01 8.246660e-01 2.467633e+00
-7.156060e-01 8.693310e-01 2.485429e+00
2.808950e-01 8.828590e-01 2.429539e+00
-3.059160e-01 -5.453080e-01 2.666058e+00
-8.871600e-02 -5.353380e-01 2.694627e+00
-3.276540e-01 -9.693850e-01 2.733776e+00
-7.433500e-02 -9.526260e-01 2.797409e+00
-3.336810e-01 -9.968800e-01 2.559661e+00
-7.472700e-02 -9.948210e-01 2.626156e+00
-2.451050e-01 6.150560e-01 2.597910e+00
-3.704440e-01 3.666610e-01 2.688400e+00
-2.175800e-02 3.534950e-01 2.678119e+00
-1.956320e-01 4.145220e-01 2.612981e+00
-1.986710e-01 2.173610e-01 2.762416e+00
-3.951720e-01 6.639000e-03 2.651631e+00
-2.838000e-03 1.272200e-02 2.641997e+00
-1.959540e-01 1.894000e-03 2.766140e+00
-5.808370e-01 5.530060e-01 2.637411e+00
1.921190e-01 5.346640e-01 2.623132e+00
-7.837820e-01 7.483720e-01 2.530184e+00
3.783720e-01 7.281090e-01 2.486232e+00
-8.079690e-01 8.037820e-01 2.491222e+00
4.101530e-01 7.852530e-01 2.456268e+00
-3.033540e-01 -5.471420e-01 2.663377e+00
-8.644300e-02 -5.410550e-01 2.699773e+00
-3.266680e-01 -9.688980e-01 2.743864e+00
-7.379800e-02 -9.608500e-01 2.792038e+00
-3.331090e-01 -1.001595e+00 2.570665e+00
-7.555300e-02 -9.987600e-01 2.619794e+00
-2.413880e-01 6.068520e-01 2.600847e+00
-3.820010e-01 3.561360e-01 2.682281e+00
-1.789800e-02 3.358990e-01 2.674326e+00
-1.962810e-01 3.995420e-01 2.607382e+00
-2.038260e-01 2.041830e-01 2.759009e+00
-3.982280e-01 -1.956700e-02 2.652384e+00
-5.914000e-03 -9.988000e-03 2.645058e+00
-1.996170e-01 -2.410100e-02 2.767951e+00
-6.598860e-01 4.164580e-01 2.660684e+00
2.505530e-01 4.290530e-01 2.650198e+00
-9.341390e-01 5.152950e-01 2.586015e+00
5.101120e-01 5.302220e-01 2.536389e+00
-9.923470e-01 5.350220e-01 2.548652e+00
5.690800e-01 5.621170e-01 2.510333e+00
-3.069690e-01 -5.716420e-01 2.672466e+00
-8.310100e-02 -5.627710e-01 2.711082e+00
-3.318030e-01 -9.961470e-01 2.736328e+00
-7.547900e-02 -9.872440e-01 2.779383e+00
-3.362900e-01 -1.022121e+00 2.561934e+00
-7.697900e-02 -1.015288e+00 2.605258e+00
-2.400650e-01 5.946460e-01 2.600142e+00
-3.889750e-01 3.461730e-01 2.679063e+00
-1.592400e-02 3.286070e-01 2.675471e+00
-1.998040e-01 3.917860e-01 2.606997e+00
-2.076450e-01 1.947220e-01 2.756386e+00
-3.967220e-01 -2.571100e-02 2.649302e+00
-4.442000e-03 -1.275400e-02 2.647111e+00
-1.995600e-01 -3.005000e-02 2.767331e+00
-6.663060e-01 3.085860e-01 2.714416e+00
2.658210e-01 3.380010e-01 2.665156e+00
-9.509570e-01 2.904280e-01 2.629245e+00
5.534500e-01 3.482630e-01 2.589168e+00
-1.007626e+00 2.461710e-01 2.627442e+00
6.229540e-01 3.507350e-01 2.570824e+00
-3.089480e-01 -5.759070e-01 2.675145e+00
-8.085800e-02 -5.666200e-01 2.709427e+00
-3.308060e-01 -1.000739e+00 2.737910e+00
-7.553800e-02 -9.883950e-01 2.792959e+00
-3.329940e-01 -1.026405e+00 2.563426e+00
-7.364400e-02 -1.022636e+00 2.619950e+00
-2.141000e-01 5.895460e-01 2.588396e+00
-3.850610e-01 3.304650e-01 2.672726e+00
-1.010500e-02 3.281850e-01 2.678051e+00
-1.962550e-01 3.839840e-01 2.605290e+00
-1.995700e-01 1.863480e-01 2.754091e+00
-3.935590e-01 -3.052800e-02 2.650751e+00
-1.281000e-03 -2.311900e-02 2.639801e+00
-1.939480e-01 -3.426200e-02 2.764613e+00
-6.199890e-01 1.962860e-01 2.731155e+00
2.531780e-01 2.430580e-01 2.684751e+00
-8.822660e-01 7.639700e-02 2.684845e+00
5.259660e-01 1.546830e-01 2.629220e+00
-9.451880e-01 4.235800e-02 2.677400e+00
5.930240e-01 1.327340e-01 2.615263e+00
-3.101410e-01 -5.821440e-01 2.679930e+00
-8.141900e-02 -5.759060e-01 2.706298e+00
-3.232880e-01 -1.007428e+00 2.742067e+00
-8.141600e-02 -9.966970e-01 2.794814e+00
-3.299960e-01 -1.032705e+00 2.567641e+00
-8.321500e-02 -1.033002e+00 2.622226e+00
-1.948560e-01 5.879940e-01 2.576010e+00
-3.802780e-01 3.134000e-01 2.666972e+00
-5.543000e-03 3.227050e-01 2.677547e+00
-1.922630e-01 3.721380e-01 2.601708e+00
-1.916330e-01 1.757470e-01 2.752183e+00
-3.894260e-01 -3.762500e-02 2.653759e+00
2.655000e-03 -3.529200e-02 2.635779e+00
-1.878790e-01 -4.193800e-02 2.764136e+00
-5.247630e-01 9.329100e-02 2.739047e+00
1.895090e-01 1.342380e-01 2.708431e+00
-6.927210e-01 -1.407380e-01 2.738935e+00
3.862970e-01 -7.183100e-02 2.666133e+00
-7.247960e-01 -2.039660e-01 2.726823e+00
4.255710e-01 -1.307930e-01 2.653710e+00
-3.107000e-01 -5.905900e-01 2.683069e+00
-7.796000e-02 -5.852420e-01 2.714330e+00
-3.294110e-01 -1.016821e+00 2.736706e+00
-8.497500e-02 -1.005866e+00 2.803358e+00
-3.388750e-01 -1.038402e+00 2.561912e+00
-9.001600e-02 -1.042293e+00 2.630859e+00
-1.982380e-01 5.861150e-01 2.567196e+00
-3.862690e-01 2.982070e-01 2.660609e+00
-1.196000e-02 3.192680e-01 2.669228e+00
-2.003020e-01 3.596530e-01 2.592053e+00
-1.933020e-01 1.701990e-01 2.751020e+00
-3.865740e-01 -5.058400e-02 2.633044e+00
5.770000e-04 -5.000100e-02 2.649493e+00
-1.980710e-01 -5.305900e-02 2.760748e+00
-4.732920e-01 4.638100e-02 2.742440e+00
1.346500e-01 8.670100e-02 2.715096e+00
-5.776180e-01 -2.282390e-01 2.728102e+00
2.762470e-01 -1.701050e-01 2.692590e+00
-5.847170e-01 -2.991260e-01 2.718208e+00
2.970380e-01 -2.266960e-01 2.653366e+00
-3.133250e-01 -6.026460e-01 2.688580e+00
-7.859800e-02 -5.993190e-01 2.721124e+00
-3.229490e-01 -1.028910e+00 2.744314e+00
-8.626400e-02 -1.021790e+00 2.800874e+00
-3.169720e-01 -1.051896e+00 2.569545e+00
-7.650700e-02 -1.054627e+00 2.627858e+00
-2.006130e-01 5.857730e-01 2.567843e+00
-3.841580e-01 2.976710e-01 2.657144e+00
-1.001800e-02 3.189220e-01 2.671015e+00
-1.972520e-01 3.588880e-01 2.590979e+00
-1.924590e-01 1.701430e-01 2.750869e+00
-3.836950e-01 -4.647800e-02 2.632800e+00
3.377000e-03 -5.307200e-02 2.649783e+00
-1.954500e-01 -5.268800e-02 2.760759e+00
-4.389550e-01 3.238000e-02 2.738867e+00
8.740000e-02 5.615800e-02 2.710075e+00
-4.549070e-01 -2.627640e-01 2.696610e+00
1.727660e-01 -2.291480e-01 2.688554e+00
-4.601640e-01 -3.279640e-01 2.666699e+00
1.784340e-01 -2.948470e-01 2.659834e+00
-3.115670e-01 -6.006930e-01 2.689419e+00
-8.072400e-02 -6.007240e-01 2.719269e+00
-3.339410e-01 -1.025914e+00 2.749312e+00
-8.980400e-02 -1.025657e+00 2.784459e+00
-3.275300e-01 -1.050828e+00 2.574823e+00
-8.087400e-02 -1.052554e+00 2.610375e+00
-2.100060e-01 5.875520e-01 2.581670e+00
-3.775140e-01 3.037850e-01 2.661533e+00
-2.968000e-03 3.113980e-01 2.678334e+00
-1.881380e-01 3.609570e-01 2.598864e+00
-1.910150e-01 1.660970e-01 2.751292e+00
-3.745130e-01 -5.501200e-02 2.633794e+00
1.261800e-02 -4.892900e-02 2.649611e+00
-1.858270e-01 -5.215200e-02 2.761222e+00
-4.280520e-01 2.946600e-02 2.728702e+00
5.703600e-02 3.178700e-02 2.701443e+00
-4.126650e-01 -2.615580e-01 2.646658e+00
5.702900e-02 -2.691860e-01 2.668606e+00
-4.078180e-01 -3.316100e-01 2.662231e+00
5.504400e-02 -3.356490e-01 2.641184e+00
-3.143520e-01 -6.042090e-01 2.684955e+00
-7.986500e-02 -6.020630e-01 2.716900e+00
-3.282200e-01 -1.029459e+00 2.747164e+00
-8.127900e-02 -1.026302e+00 2.787036e+00
-3.241470e-01 -1.055112e+00 2.572712e+00
-7.305000e-02 -1.055066e+00 2.613217e+00
-2.069020e-01 5.840510e-01 2.584610e+00
-3.827030e-01 3.026350e-01 2.673239e+00
-8.113000e-03 3.195640e-01 2.677827e+00
-1.970570e-01 3.664440e-01 2.605981e+00
-1.898620e-01 1.674400e-01 2.752809e+00
-3.902790e-01 -4.877500e-02 2.638468e+00
-2.779000e-03 -4.983900e-02 2.638246e+00
-1.964630e-01 -5.012200e-02 2.757974e+00
-4.361340e-01 2.698400e-02 2.723193e+00
4.939400e-02 4.023400e-02 2.678728e+00
-4.324500e-01 -2.680320e-01 2.663869e+00
3.684000e-02 -2.598400e-01 2.659604e+00
-4.085650e-01 -3.313680e-01 2.639550e+00
2.858400e-02 -3.300250e-01 2.646217e+00
-3.099310e-01 -6.027420e-01 2.683151e+00
-8.258100e-02 -5.984360e-01 2.717887e+00
-3.184880e-01 -1.028750e+00 2.740984e+00
-8.610200e-02 -1.021289e+00 2.795880e+00
-3.202010e-01 -1.052441e+00 2.566216e+00
-8.448100e-02 -1.053293e+00 2.622441e+00
-2.126100e-01 5.877940e-01 2.590138e+00
-3.845570e-01 3.029920e-01 2.671786e+00
-1.016800e-02 3.198980e-01 2.684896e+00
-1.975100e-01 3.679450e-01 2.609705e+00
-1.934430e-01 1.665130e-01 2.753306e+00
-3.914300e-01 -4.559500e-02 2.632894e+00
-4.279000e-03 -5.744100e-02 2.644337e+00
-2.014260e-01 -5.274700e-02 2.758175e+00
-4.464830e-01 3.000700e-02 2.726975e+00
4.907100e-02 4.082300e-02 2.681842e+00
-4.397370e-01 -2.650830e-01 2.667655e+00
2.885600e-02 -2.582830e-01 2.654093e+00
-4.300310e-01 -3.340750e-01 2.649786e+00
2.733000e-02 -3.240020e-01 2.624904e+00
-3.124560e-01 -6.026270e-01 2.684323e+00
-8.463100e-02 -6.018660e-01 2.723177e+00
-3.287160e-01 -1.028651e+00 2.740347e+00
-8.506500e-02 -1.025419e+00 2.797358e+00
-3.248900e-01 -1.051786e+00 2.565538e+00
-7.932600e-02 -1.055836e+00 2.623720e+00
-2.052230e-01 5.867480e-01 2.591429e+00
-3.835570e-01 3.059930e-01 2.674514e+00
-8.727000e-03 3.148640e-01 2.681470e+00
-1.961830e-01 3.663660e-01 2.608897e+00
-1.941370e-01 1.660510e-01 2.754094e+00
-3.903060e-01 -4.520600e-02 2.638749e+00
-2.845000e-03 -5.052500e-02 2.640422e+00
-1.971320e-01 -5.074700e-02 2.759169e+00
-4.420310e-01 3.051300e-02 2.725954e+00
4.793000e-02 3.438100e-02 2.690065e+00
-4.338380e-01 -2.616420e-01 2.649549e+00
3.505800e-02 -2.662240e-01 2.663038e+00
-4.302810e-01 -3.271180e-01 2.679104e+00
2.570000e-02 -3.246750e-01 2.622181e+00
-3.125860e-01 -6.003440e-01 2.682712e+00
-8.109200e-02 -5.974040e-01 2.718576e+00
-3.236490e-01 -1.025510e+00 2.746047e+00
-7.930900e-02 -1.021063e+00 2.792125e+00
-3.248750e-01 -1.051465e+00 2.571596e+00
-7.758100e-02 -1.051223e+00 2.618356e+00
-2.045630e-01 5.892990e-01 2.595839e+00
