-4.353220e-01 3.004020e-01 2.653931e+00
-2.481775e-01 3.102900e-01 2.659884e+00
-6.103300e-02 3.201780e-01 2.665837e+00
-1.547640e-01 3.403325e-01 2.626175e+00
-2.484950e-01 3.604870e-01 2.586513e+00
-2.460900e-01 2.665380e-01 2.666955e+00
-2.436850e-01 1.725890e-01 2.747397e+00
-3.440160e-01 6.859350e-02 2.692241e+00
-4.443470e-01 -3.540200e-02 2.637084e+00
-2.482805e-01 -4.101050e-02 2.643452e+00
-5.221400e-02 -4.661900e-02 2.649820e+00
-1.523215e-01 -4.869250e-02 2.706211e+00
-2.524290e-01 -5.076600e-02 2.762601e+00
-3.755510e-01 -1.615850e-02 2.722040e+00
-4.986730e-01 1.844900e-02 2.681479e+00
-2.467425e-01 2.801550e-02 2.674351e+00
5.188000e-03 3.758200e-02 2.667223e+00
-2.411890e-01 -1.203545e-01 2.636735e+00
-4.875660e-01 -2.782910e-01 2.606247e+00
-2.547155e-01 -2.715560e-01 2.616531e+00
-2.186500e-02 -2.648210e-01 2.626814e+00
-2.475885e-01 -3.066030e-01 2.620304e+00
-4.733120e-01 -3.483850e-01 2.613794e+00
-2.439500e-01 -3.421980e-01 2.623919e+00
-1.458800e-02 -3.360110e-01 2.634045e+00
-1.879375e-01 -4.642905e-01 2.656262e+00
-3.612870e-01 -5.925700e-01 2.678480e+00
-2.446150e-01 -5.935580e-01 2.685819e+00
-1.279430e-01 -5.945460e-01 2.693158e+00
-2.363080e-01 -8.082335e-01 2.694224e+00
-3.446730e-01 -1.021921e+00 2.695289e+00
-2.402325e-01 -1.016996e+00 2.745487e+00
-1.357920e-01 -1.012071e+00 2.795684e+00
-2.385425e-01 -1.020380e+00 2.657380e+00
-3.412930e-01 -1.028689e+00 2.519076e+00
-2.328650e-01 -1.041467e+00 2.571940e+00
-1.244370e-01 -1.054245e+00 2.624803e+00
-1.830790e-01 -2.525640e-01 2.559604e+00
-2.417210e-01 5.491170e-01 2.494404e+00
-3.457840e-01 4.256565e-01 2.573158e+00
-4.498470e-01 3.021960e-01 2.651911e+00
-2.626710e-01 3.122080e-01 2.656506e+00
-7.549500e-02 3.222200e-01 2.661101e+00
-1.694665e-01 3.414750e-01 2.621561e+00
-2.634380e-01 3.607300e-01 2.582020e+00
-2.605375e-01 2.686265e-01 2.664553e+00
-2.576370e-01 1.765230e-01 2.747085e+00
-3.541775e-01 6.595950e-02 2.695107e+00
-4.507180e-01 -4.460400e-02 2.643129e+00
-2.547080e-01 -5.267200e-02 2.648519e+00
-5.869800e-02 -6.074000e-02 2.653910e+00
-1.585360e-01 -6.141850e-02 2.710810e+00
-2.583740e-01 -6.209700e-02 2.767710e+00
-3.839390e-01 -2.048100e-02 2.723715e+00
-5.095040e-01 2.113500e-02 2.679720e+00
-2.563040e-01 3.206950e-02 2.675736e+00
-3.104000e-03 4.300400e-02 2.671752e+00
-2.501625e-01 -1.177845e-01 2.649221e+00
-4.972210e-01 -2.785730e-01 2.626690e+00
-2.636790e-01 -2.679695e-01 2.627883e+00
-3.013700e-02 -2.573660e-01 2.629076e+00
-2.537820e-01 -3.012045e-01 2.618355e+00
-4.774270e-01 -3.450430e-01 2.607633e+00
-2.506460e-01 -3.370180e-01 2.619299e+00
-2.386500e-02 -3.289930e-01 2.630965e+00
-1.933265e-01 -4.656435e-01 2.663829e+00
-3.627880e-01 -6.022940e-01 2.696693e+00
-2.442875e-01 -6.032455e-01 2.703568e+00
-1.257870e-01 -6.041970e-01 2.710443e+00
-2.360035e-01 -8.179595e-01 2.696201e+00
-3.462200e-01 -1.031722e+00 2.681958e+00
-2.570365e-01 -1.030023e+00 2.724690e+00
-1.678530e-01 -1.028324e+00 2.767422e+00
-2.559105e-01 -1.026956e+00 2.636563e+00
-3.439680e-01 -1.025587e+00 2.505704e+00
-2.491065e-01 -1.039325e+00 2.549513e+00
-1.542450e-01 -1.053063e+00 2.593322e+00
-1.974120e-01 -2.629100e-01 2.534558e+00
-2.405790e-01 5.272430e-01 2.475793e+00
-3.433785e-01 4.153110e-01 2.563209e+00
-4.461780e-01 3.033790e-01 2.650624e+00
-2.591310e-01 3.141795e-01 2.657901e+00
-7.208400e-02 3.249800e-01 2.665177e+00
-1.655915e-01 3.442225e-01 2.624545e+00
-2.590990e-01 3.634650e-01 2.583914e+00
-2.569075e-01 2.705275e-01 2.665528e+00
-2.547160e-01 1.775900e-01 2.747143e+00
-3.527035e-01 6.504200e-02 2.696546e+00
-4.506910e-01 -4.750600e-02 2.645948e+00
-2.547090e-01 -5.293600e-02 2.654645e+00
-5.872700e-02 -5.836600e-02 2.663342e+00
-1.594700e-01 -5.948900e-02 2.718616e+00
-2.602130e-01 -6.061200e-02 2.773891e+00
-3.831555e-01 -1.917450e-02 2.725742e+00
-5.060980e-01 2.226300e-02 2.677594e+00
-2.553700e-01 3.330600e-02 2.674192e+00
-4.642000e-03 4.434900e-02 2.670790e+00
-2.496555e-01 -1.163095e-01 2.646190e+00
-4.946690e-01 -2.769680e-01 2.621590e+00
-2.644855e-01 -2.658010e-01 2.621071e+00
-3.430200e-02 -2.546340e-01 2.620551e+00
-2.560655e-01 -3.001000e-01 2.614286e+00
-4.778290e-01 -3.455660e-01 2.608021e+00
-2.564740e-01 -3.353255e-01 2.607051e+00
-3.511900e-02 -3.250850e-01 2.606082e+00
-1.995480e-01 -4.648425e-01 2.649906e+00
-3.639770e-01 -6.046000e-01 2.693730e+00
-2.455850e-01 -6.048090e-01 2.702861e+00
-1.271930e-01 -6.050180e-01 2.711992e+00
-2.327455e-01 -8.194190e-01 2.701258e+00
-3.382980e-01 -1.033820e+00 2.690525e+00
-2.563220e-01 -1.031440e+00 2.728020e+00
-1.743460e-01 -1.029061e+00 2.765515e+00
-2.539230e-01 -1.030639e+00 2.639869e+00
-3.335000e-01 -1.032217e+00 2.514222e+00
-2.450680e-01 -1.042595e+00 2.552945e+00
-1.566360e-01 -1.052973e+00 2.591668e+00
-1.995315e-01 -2.637655e-01 2.531480e+00
-2.424270e-01 5.254420e-01 2.471292e+00
-3.457510e-01 4.125765e-01 2.562463e+00
-4.490750e-01 2.997110e-01 2.653634e+00
-2.618495e-01 3.089940e-01 2.657709e+00
-7.462400e-02 3.182770e-01 2.661783e+00
-1.686510e-01 3.382425e-01 2.622731e+00
-2.626780e-01 3.582080e-01 2.583678e+00
-2.598505e-01 2.653325e-01 2.665344e+00
-2.570230e-01 1.724570e-01 2.747010e+00
-3.551845e-01 5.951100e-02 2.698189e+00
-4.533460e-01 -5.343500e-02 2.649368e+00
-2.572010e-01 -5.504250e-02 2.655572e+00
-6.105600e-02 -5.665000e-02 2.661776e+00
-1.610370e-01 -5.820400e-02 2.718406e+00
-2.610180e-01 -5.975800e-02 2.775037e+00
-3.855630e-01 -2.096200e-02 2.726003e+00
-5.101080e-01 1.783400e-02 2.676969e+00
-2.576255e-01 2.771400e-02 2.674574e+00
-5.143000e-03 3.759400e-02 2.672179e+00
-2.487800e-01 -1.227035e-01 2.650005e+00
-4.924170e-01 -2.830010e-01 2.627830e+00
-2.670905e-01 -2.714040e-01 2.620703e+00
-4.176400e-02 -2.598070e-01 2.613576e+00
-2.573710e-01 -3.039115e-01 2.608782e+00
-4.729780e-01 -3.480160e-01 2.603987e+00
-2.582695e-01 -3.396255e-01 2.604653e+00
-4.356100e-02 -3.312350e-01 2.605319e+00
-2.013930e-01 -4.701345e-01 2.649621e+00
-3.592250e-01 -6.090340e-01 2.693922e+00
-2.429500e-01 -6.078185e-01 2.700417e+00
-1.266750e-01 -6.066030e-01 2.706912e+00
-2.303420e-01 -8.224090e-01 2.696289e+00
-3.340090e-01 -1.038215e+00 2.685665e+00
-2.345140e-01 -1.035419e+00 2.725170e+00
-1.350190e-01 -1.032624e+00 2.764676e+00
-2.328790e-01 -1.033627e+00 2.637016e+00
-3.307390e-01 -1.034631e+00 2.509357e+00
-2.278845e-01 -1.045554e+00 2.549782e+00
-1.250300e-01 -1.056476e+00 2.590207e+00
-1.854235e-01 -2.646150e-01 2.535849e+00
-2.458170e-01 5.272460e-01 2.481490e+00
-3.474575e-01 4.152055e-01 2.566860e+00
-4.490980e-01 3.031650e-01 2.652230e+00
-2.618370e-01 3.109745e-01 2.657576e+00
-7.457600e-02 3.187840e-01 2.662922e+00
-1.681910e-01 3.397365e-01 2.623399e+00
-2.618060e-01 3.606890e-01 2.583876e+00
-2.602230e-01 2.672485e-01 2.664929e+00
-2.586400e-01 1.738080e-01 2.745981e+00
-3.553600e-01 6.056400e-02 2.692741e+00
-4.520800e-01 -5.268000e-02 2.639500e+00
-2.563955e-01 -5.402150e-02 2.654324e+00
-6.071100e-02 -5.536300e-02 2.669148e+00
-1.630825e-01 -5.677900e-02 2.721337e+00
-2.654540e-01 -5.819500e-02 2.773527e+00
-3.863550e-01 -1.876150e-02 2.723097e+00
-5.072560e-01 2.067200e-02 2.672666e+00
-2.569190e-01 2.930950e-02 2.672905e+00
-6.582000e-03 3.794700e-02 2.673144e+00
-2.491615e-01 -1.215955e-01 2.651903e+00
-4.917410e-01 -2.811380e-01 2.630663e+00
-2.661675e-01 -2.708655e-01 2.625420e+00
-4.059400e-02 -2.605930e-01 2.620178e+00
-2.533980e-01 -2.949945e-01 2.602010e+00
-4.662020e-01 -3.293960e-01 2.583842e+00
-2.557470e-01 -3.285285e-01 2.589231e+00
-4.529200e-02 -3.276610e-01 2.594621e+00
-2.024125e-01 -4.679370e-01 2.641211e+00
-3.595330e-01 -6.082130e-01 2.687800e+00
-2.434600e-01 -6.071355e-01 2.696769e+00
-1.273870e-01 -6.060580e-01 2.705737e+00
-2.345820e-01 -8.219450e-01 2.698488e+00
-3.417770e-01 -1.037832e+00 2.691238e+00
-2.398225e-01 -1.034855e+00 2.727929e+00
-1.378680e-01 -1.031878e+00 2.764620e+00
-2.339050e-01 -1.035315e+00 2.639941e+00
-3.299420e-01 -1.038751e+00 2.515263e+00
-2.248075e-01 -1.047550e+00 2.553082e+00
-1.196730e-01 -1.056348e+00 2.590901e+00
-1.822440e-01 -2.636305e-01 2.536497e+00
-2.448150e-01 5.290870e-01 2.482094e+00
-3.525230e-01 4.166915e-01 2.566310e+00
-4.602310e-01 3.042960e-01 2.650526e+00
-2.730865e-01 3.105005e-01 2.660261e+00
-8.594200e-02 3.167050e-01 2.669996e+00
-1.784550e-01 3.389385e-01 2.628621e+00
-2.709680e-01 3.611720e-01 2.587246e+00
-2.719875e-01 2.666710e-01 2.667070e+00
-2.730070e-01 1.721700e-01 2.746893e+00
-3.668415e-01 5.946000e-02 2.691679e+00
-4.606760e-01 -5.325000e-02 2.636465e+00
-2.650910e-01 -4.977450e-02 2.652232e+00
-6.950600e-02 -4.629900e-02 2.667999e+00
-1.720575e-01 -5.048050e-02 2.719685e+00
-2.746090e-01 -5.466200e-02 2.771372e+00
-3.961290e-01 -1.636450e-02 2.718438e+00
-5.176490e-01 2.193300e-02 2.665505e+00
-2.652480e-01 2.996800e-02 2.675326e+00
-1.284700e-02 3.800300e-02 2.685148e+00
-2.527670e-01 -1.186570e-01 2.644824e+00
-4.926870e-01 -2.753170e-01 2.604500e+00
-2.692675e-01 -2.658310e-01 2.609579e+00
-4.584800e-02 -2.563450e-01 2.614659e+00
-2.522500e-01 -2.941280e-01 2.595331e+00
-4.586520e-01 -3.319110e-01 2.576003e+00
-2.459955e-01 -3.295320e-01 2.596207e+00
-3.333900e-02 -3.271530e-01 2.616410e+00
-1.953590e-01 -4.669015e-01 2.648014e+00
-3.573790e-01 -6.066500e-01 2.679618e+00
-2.412640e-01 -6.029045e-01 2.690066e+00
-1.251490e-01 -5.991590e-01 2.700513e+00
-2.347665e-01 -8.176950e-01 2.696987e+00
-3.443840e-01 -1.036231e+00 2.693462e+00
-2.547000e-01 -1.028236e+00 2.735720e+00
-1.650160e-01 -1.020241e+00 2.777977e+00
-2.478540e-01 -1.030861e+00 2.647837e+00
-3.306920e-01 -1.041481e+00 2.517698e+00
-2.341780e-01 -1.047874e+00 2.562394e+00
-1.376640e-01 -1.054267e+00 2.607090e+00
-1.913850e-01 -2.601935e-01 2.549862e+00
-2.451060e-01 5.338800e-01 2.492634e+00
-3.533545e-01 4.244960e-01 2.541148e+00
-4.616030e-01 3.151120e-01 2.589661e+00
-2.847390e-01 3.130705e-01 2.651880e+00
-1.078750e-01 3.110290e-01 2.714100e+00
-1.838210e-01 3.368970e-01 2.648313e+00
-2.597670e-01 3.627650e-01 2.582526e+00
-2.876245e-01 2.693155e-01 2.658646e+00
-3.154820e-01 1.758660e-01 2.734767e+00
-3.925695e-01 6.219250e-02 2.664749e+00
-4.696570e-01 -5.148100e-02 2.594731e+00
-2.808575e-01 -4.700400e-02 2.648105e+00
-9.205800e-02 -4.252700e-02 2.701478e+00
-2.026980e-01 -4.598350e-02 2.732341e+00
-3.133380e-01 -4.944000e-02 2.763204e+00
-4.163135e-01 -9.059000e-03 2.668926e+00
-5.192890e-01 3.132200e-02 2.574648e+00
-2.792635e-01 3.209050e-02 2.666729e+00
-3.923800e-02 3.285900e-02 2.758811e+00
-2.471280e-01 -1.160915e-01 2.646267e+00
-4.550180e-01 -2.650420e-01 2.533723e+00
-2.517850e-01 -2.617850e-01 2.599783e+00
-4.855200e-02 -2.585280e-01 2.665843e+00
-2.437170e-01 -2.960920e-01 2.592622e+00
-4.388820e-01 -3.336560e-01 2.519401e+00
-2.483430e-01 -3.300515e-01 2.581728e+00
-5.780400e-02 -3.264470e-01 2.644055e+00
-1.981710e-01 -4.658790e-01 2.644672e+00
-3.385380e-01 -6.053110e-01 2.645290e+00
-2.313505e-01 -5.985700e-01 2.683226e+00
-1.241630e-01 -5.918290e-01 2.721163e+00
-2.384530e-01 -8.108100e-01 2.716827e+00
-3.527430e-01 -1.029791e+00 2.712490e+00
-2.475390e-01 -1.022260e+00 2.754665e+00
-1.423350e-01 -1.014728e+00 2.796839e+00
-2.223845e-01 -1.036297e+00 2.671315e+00
-3.024340e-01 -1.057865e+00 2.545790e+00
-1.921725e-01 -1.052147e+00 2.589994e+00
-8.191100e-02 -1.046428e+00 2.634198e+00
-1.519630e-01 -2.531640e-01 2.565302e+00
-2.220150e-01 5.401000e-01 2.496406e+00
-3.348230e-01 4.264155e-01 2.532220e+00
-4.476310e-01 3.127310e-01 2.568034e+00
-2.789600e-01 3.089440e-01 2.649838e+00
-1.102890e-01 3.051570e-01 2.731643e+00
-1.783640e-01 3.328570e-01 2.658408e+00
-2.464390e-01 3.605570e-01 2.585173e+00
-2.824570e-01 2.650165e-01 2.655015e+00
-3.184750e-01 1.694760e-01 2.724856e+00
-3.880335e-01 5.568650e-02 2.644918e+00
-4.575920e-01 -5.810300e-02 2.564979e+00
-2.763545e-01 -5.397500e-02 2.640146e+00
-9.511700e-02 -4.984700e-02 2.715313e+00
-2.086385e-01 -5.240400e-02 2.732978e+00
-3.221600e-01 -5.496100e-02 2.750643e+00
-4.129935e-01 -1.390350e-02 2.644629e+00
-5.038270e-01 2.715400e-02 2.538614e+00
-2.738625e-01 2.710950e-02 2.666089e+00
-4.389800e-02 2.706500e-02 2.793564e+00
-2.391110e-01 -1.223205e-01 2.649168e+00
-4.343240e-01 -2.717060e-01 2.504772e+00
-2.418135e-01 -2.664560e-01 2.594024e+00
-4.930300e-02 -2.612060e-01 2.683277e+00
-2.271625e-01 -2.990175e-01 2.589732e+00
-4.050220e-01 -3.368290e-01 2.496187e+00
-2.312695e-01 -3.312190e-01 2.574256e+00
-5.751700e-02 -3.256090e-01 2.652325e+00
-1.907970e-01 -4.685015e-01 2.645454e+00
-3.240770e-01 -6.113940e-01 2.638583e+00
-2.213650e-01 -6.033375e-01 2.690206e+00
-1.186530e-01 -5.952810e-01 2.741830e+00
-2.390280e-01 -8.147760e-01 2.724946e+00
-3.594030e-01 -1.034271e+00 2.708063e+00
-2.482140e-01 -1.026985e+00 2.758235e+00
-1.370250e-01 -1.019699e+00 2.808407e+00
-2.097785e-01 -1.042969e+00 2.680490e+00
-2.825320e-01 -1.066240e+00 2.552573e+00
-1.698080e-01 -1.056837e+00 2.603114e+00
-5.708400e-02 -1.047435e+00 2.653655e+00
-1.339010e-01 -2.405730e-01 2.589244e+00
-2.107180e-01 5.662890e-01 2.524833e+00
-2.970615e-01 4.356470e-01 2.517157e+00
-3.834050e-01 3.050050e-01 2.509480e+00
-2.599835e-01 2.972715e-01 2.650418e+00
-1.365620e-01 2.895380e-01 2.791356e+00
-1.712340e-01 3.208475e-01 2.698714e+00
-2.059060e-01 3.521570e-01 2.606073e+00
-2.642945e-01 2.531335e-01 2.651771e+00
-3.226830e-01 1.541100e-01 2.697469e+00
-3.458060e-01 4.638600e-02 2.593808e+00
-3.689290e-01 -6.133800e-02 2.490147e+00
-2.377165e-01 -6.153650e-02 2.636083e+00
-1.065040e-01 -6.173500e-02 2.782019e+00
-2.165135e-01 -6.510850e-02 2.748970e+00
-3.265230e-01 -6.848200e-02 2.715920e+00
-3.710545e-01 -2.506800e-02 2.584195e+00
-4.155860e-01 1.834600e-02 2.452471e+00
-2.379995e-01 1.761000e-02 2.661906e+00
-6.041300e-02 1.687400e-02 2.871342e+00
-1.932125e-01 -1.307020e-01 2.653764e+00
-3.260120e-01 -2.782780e-01 2.436186e+00
-1.790740e-01 -2.728590e-01 2.593073e+00
-3.213600e-02 -2.674400e-01 2.749960e+00
-1.604510e-01 -3.036225e-01 2.592685e+00
-2.887660e-01 -3.398050e-01 2.435411e+00
-1.621840e-01 -3.390085e-01 2.586508e+00
-3.560200e-02 -3.382120e-01 2.737605e+00
-1.458800e-01 -4.777750e-01 2.658575e+00
-2.561580e-01 -6.173380e-01 2.579546e+00
-2.012670e-01 -6.101965e-01 2.690009e+00
-1.463760e-01 -6.030550e-01 2.800471e+00
-2.420850e-01 -8.186570e-01 2.723221e+00
-3.377940e-01 -1.034259e+00 2.645971e+00
-2.469035e-01 -1.033603e+00 2.723346e+00
-1.560130e-01 -1.032948e+00 2.800722e+00
-1.787020e-01 -1.055175e+00 2.671768e+00
-2.013910e-01 -1.077402e+00 2.542815e+00
-1.096980e-01 -1.056753e+00 2.616877e+00
-1.800500e-02 -1.036105e+00 2.690939e+00
-9.597700e-02 -2.271210e-01 2.643355e+00
-1.739490e-01 5.818630e-01 2.595770e+00
-2.743635e-01 4.431525e-01 2.550078e+00
-3.747780e-01 3.044420e-01 2.504386e+00
-1.410040e-01 2.860710e-01 2.797025e+00
-2.023060e-01 3.513090e-01 2.609821e+00
-3.214600e-01 1.508290e-01 2.692421e+00
-3.587030e-01 -6.234200e-02 2.486024e+00
-1.043170e-01 -6.267200e-02 2.784929e+00
-3.224610e-01 -6.931900e-02 2.712874e+00
-4.050190e-01 1.707300e-02 2.444788e+00
-6.665500e-02 1.242100e-02 2.875320e+00
-3.031550e-01 -2.769110e-01 2.433517e+00
-2.977100e-02 -2.709220e-01 2.753980e+00
-2.667450e-01 -3.380450e-01 2.444017e+00
-3.173000e-02 -3.416010e-01 2.740788e+00
-2.489620e-01 -6.183600e-01 2.577269e+00
-1.559840e-01 -6.032740e-01 2.808261e+00
-3.398910e-01 -1.033160e+00 2.644892e+00
-1.534860e-01 -1.033255e+00 2.805019e+00
-2.016360e-01 -1.079634e+00 2.545727e+00
-1.441300e-02 -1.031629e+00 2.696556e+00
-1.730810e-01 5.834210e-01 2.601235e+00
-3.646230e-01 3.051790e-01 2.482399e+00
-1.582150e-01 2.840810e-01 2.794771e+00
-2.036490e-01 3.528850e-01 2.604347e+00
-3.251550e-01 1.478620e-01 2.670788e+00
-3.331480e-01 -7.138500e-02 2.464173e+00
-1.199710e-01 -5.667100e-02 2.793407e+00
-3.268830e-01 -6.683800e-02 2.693875e+00
-3.661120e-01 1.967400e-02 2.410145e+00
-8.589600e-02 9.389000e-03 2.871296e+00
-2.588720e-01 -2.710820e-01 2.433478e+00
-3.049200e-02 -2.738110e-01 2.756860e+00
-2.227100e-01 -3.309350e-01 2.450308e+00
-2.876400e-02 -3.444360e-01 2.743351e+00
-2.453390e-01 -6.232110e-01 2.573656e+00
-1.704620e-01 -6.023120e-01 2.813637e+00
-3.325620e-01 -1.038833e+00 2.641117e+00
-2.068020e-01 -1.030773e+00 2.814579e+00
-1.882100e-01 -1.083863e+00 2.550328e+00
-5.136500e-02 -1.044137e+00 2.732307e+00
-1.528440e-01 5.761280e-01 2.620308e+00
-3.560610e-01 2.901490e-01 2.463354e+00
-1.635770e-01 2.650140e-01 2.784201e+00
-1.979220e-01 3.322900e-01 2.590929e+00
-3.319630e-01 1.347330e-01 2.655868e+00
-3.371380e-01 -9.123700e-02 2.452683e+00
-1.380310e-01 -6.508800e-02 2.789920e+00
-3.405580e-01 -7.902700e-02 2.682165e+00
-3.283000e-01 3.020000e-03 2.396762e+00
-1.085900e-01 -1.179300e-02 2.867246e+00
-2.312760e-01 -2.909580e-01 2.438745e+00
-6.250700e-02 -3.017380e-01 2.766373e+00
-1.853970e-01 -3.147610e-01 2.488764e+00
-6.326000e-02 -3.727780e-01 2.755147e+00
-2.472080e-01 -6.382910e-01 2.588759e+00
-1.696920e-01 -6.086530e-01 2.827050e+00
-3.400870e-01 -1.055207e+00 2.638303e+00
-1.908300e-01 -1.037431e+00 2.802487e+00
-1.883410e-01 -1.098383e+00 2.559452e+00
-2.700300e-02 -1.041772e+00 2.737293e+00
-1.680120e-01 5.729260e-01 2.617113e+00
-3.518670e-01 2.917370e-01 2.429172e+00
-1.769840e-01 2.597150e-01 2.759346e+00
-1.970970e-01 3.248750e-01 2.563364e+00
-3.486070e-01 1.394560e-01 2.625631e+00
-3.288360e-01 -1.012850e-01 2.443050e+00
-1.440510e-01 -6.474500e-02 2.787398e+00
-3.418560e-01 -8.276900e-02 2.671765e+00
-3.056740e-01 3.206000e-03 2.381685e+00
-1.475880e-01 -1.882700e-02 2.849305e+00
-2.166030e-01 -2.899340e-01 2.442715e+00
-1.192360e-01 -3.155610e-01 2.762632e+00
-1.886280e-01 -3.436270e-01 2.481544e+00
-1.244560e-01 -3.867460e-01 2.753755e+00
-2.520210e-01 -6.444020e-01 2.598629e+00
-1.764690e-01 -6.155880e-01 2.812134e+00
-3.635570e-01 -1.057168e+00 2.644288e+00
-1.987450e-01 -1.044968e+00 2.806093e+00
-2.090260e-01 -1.106578e+00 2.575100e+00
-3.577800e-02 -1.052480e+00 2.739060e+00
-1.646970e-01 5.738420e-01 2.617436e+00
-3.056630e-01 2.964630e-01 2.436306e+00
-2.165580e-01 2.778880e-01 2.800092e+00
-1.831440e-01 3.263160e-01 2.601101e+00
-3.657840e-01 1.634400e-01 2.637520e+00
-3.039990e-01 -1.043900e-01 2.407480e+00
-1.994480e-01 -4.173000e-02 2.780574e+00
-3.668810e-01 -7.358900e-02 2.626387e+00
-2.790890e-01 1.093900e-02 2.360296e+00
-2.423070e-01 6.709000e-03 2.911184e+00
-2.073760e-01 -2.882320e-01 2.418205e+00
-2.328390e-01 -2.997120e-01 2.862362e+00
-1.872020e-01 -3.392450e-01 2.464724e+00
-2.440750e-01 -3.706630e-01 2.858753e+00
-2.795390e-01 -6.369680e-01 2.597859e+00
-1.853700e-01 -6.013220e-01 2.789927e+00
-3.696030e-01 -1.054175e+00 2.650085e+00
-1.906710e-01 -1.031143e+00 2.801164e+00
-2.026160e-01 -1.095143e+00 2.610775e+00
-1.792500e-02 -1.034200e+00 2.765702e+00
-1.671100e-01 5.791700e-01 2.624252e+00
-3.397750e-01 2.940360e-01 2.407589e+00
-2.270160e-01 2.693940e-01 2.764384e+00
-2.068620e-01 3.215420e-01 2.564550e+00
-3.861140e-01 1.571350e-01 2.609845e+00
-3.302860e-01 -1.134090e-01 2.404212e+00
-2.008130e-01 -4.609600e-02 2.768577e+00
-3.777150e-01 -8.623800e-02 2.627449e+00
-2.945900e-01 4.007000e-03 2.359138e+00
-2.447660e-01 -4.222000e-03 2.870974e+00
-2.057380e-01 -2.901930e-01 2.423215e+00
-2.387250e-01 -3.106510e-01 2.821658e+00
-1.934660e-01 -3.371700e-01 2.476280e+00
-2.497200e-01 -3.816600e-01 2.818449e+00
-2.877410e-01 -6.441550e-01 2.593781e+00
-1.888220e-01 -6.043430e-01 2.791152e+00
-3.647280e-01 -1.063255e+00 2.651470e+00
-1.886820e-01 -1.034336e+00 2.793747e+00
-2.001600e-01 -1.100551e+00 2.600144e+00
-1.797400e-02 -1.034548e+00 2.749400e+00
-1.904950e-01 5.823850e-01 2.612207e+00
-3.457060e-01 2.899510e-01 2.409141e+00
-2.400330e-01 2.680600e-01 2.768278e+00
-2.179880e-01 3.228360e-01 2.569348e+00
-3.896420e-01 1.491880e-01 2.609271e+00
-3.317750e-01 -1.131370e-01 2.397597e+00
-2.145700e-01 -4.501300e-02 2.765942e+00
-3.864380e-01 -8.733500e-02 2.619338e+00
-2.974420e-01 2.591000e-03 2.354534e+00
-2.465760e-01 -7.346000e-03 2.871481e+00
-2.084630e-01 -2.906670e-01 2.417364e+00
-2.252480e-01 -3.136030e-01 2.825450e+00
-2.005300e-01 -3.434470e-01 2.465579e+00
-2.323840e-01 -3.851090e-01 2.822391e+00
-2.936500e-01 -6.433300e-01 2.589867e+00
-1.911390e-01 -6.042780e-01 2.781311e+00
-3.644240e-01 -1.062783e+00 2.652717e+00
-1.809310e-01 -1.034095e+00 2.788626e+00
-1.980100e-01 -1.097864e+00 2.605985e+00
-9.649000e-03 -1.030741e+00 2.746683e+00
-2.138370e-01 5.792240e-01 2.611506e+00
-3.247520e-01 2.961950e-01 2.402362e+00
-2.809470e-01 2.687770e-01 2.773784e+00
-2.232170e-01 3.214650e-01 2.581559e+00
-4.096050e-01 1.590690e-01 2.591553e+00
-3.058820e-01 -1.152480e-01 2.386956e+00
-2.443280e-01 -3.723400e-02 2.766668e+00
-3.923160e-01 -8.715500e-02 2.598055e+00
-2.855940e-01 8.961000e-03 2.338040e+00
-3.217270e-01 -5.844000e-03 2.871058e+00
-2.195620e-01 -2.907200e-01 2.401414e+00
-3.156470e-01 -3.140060e-01 2.834082e+00
-1.983930e-01 -3.419970e-01 2.447195e+00
-3.266380e-01 -3.850060e-01 2.830702e+00
-2.914370e-01 -6.405060e-01 2.593613e+00
-1.932270e-01 -5.987580e-01 2.777052e+00
-3.603770e-01 -1.061704e+00 2.645953e+00
-1.800230e-01 -1.028470e+00 2.785592e+00
-1.880590e-01 -1.092578e+00 2.624471e+00
-4.607000e-03 -1.023431e+00 2.767929e+00
-2.082190e-01 5.779650e-01 2.604090e+00
-3.576400e-01 2.839920e-01 2.411141e+00
-3.043640e-01 2.638090e-01 2.781788e+00
-2.633990e-01 3.312550e-01 2.589871e+00
-4.042830e-01 1.280810e-01 2.599057e+00
-3.001640e-01 -1.036580e-01 2.391060e+00
-2.512310e-01 -5.328800e-02 2.777227e+00
-3.929790e-01 -9.475800e-02 2.601129e+00
-2.940640e-01 3.143000e-03 2.341046e+00
-2.757280e-01 -1.386900e-02 2.874617e+00
-2.206330e-01 -2.965260e-01 2.392130e+00
-1.967320e-01 -3.118230e-01 2.837871e+00
-2.039170e-01 -3.483710e-01 2.439098e+00
-1.900410e-01 -3.833540e-01 2.834430e+00
-2.917040e-01 -6.380200e-01 2.591831e+00
-1.946540e-01 -6.073010e-01 2.778358e+00
-3.652520e-01 -1.058177e+00 2.646228e+00
-1.967030e-01 -1.037226e+00 2.786160e+00
-1.925480e-01 -1.090422e+00 2.630678e+00
-2.048700e-02 -1.038200e+00 2.778748e+00
-2.258980e-01 5.560480e-01 2.601702e+00
-3.466680e-01 2.909760e-01 2.402277e+00
-3.039030e-01 2.637610e-01 2.773835e+00
-2.629040e-01 3.406550e-01 2.585512e+00
-3.852780e-01 1.256330e-01 2.583848e+00
-2.935420e-01 -8.807500e-02 2.403966e+00
-2.578740e-01 -6.757700e-02 2.794304e+00
-3.942000e-01 -8.954600e-02 2.610578e+00
-3.146680e-01 4.664000e-03 2.346348e+00
-2.536010e-01 -1.352600e-02 2.858236e+00
-2.298940e-01 -2.904520e-01 2.386655e+00
-1.498930e-01 -3.038830e-01 2.822110e+00
-2.019080e-01 -3.318770e-01 2.438367e+00
-1.367360e-01 -3.744780e-01 2.818050e+00
-2.948420e-01 -6.334970e-01 2.592625e+00
-1.884480e-01 -6.108420e-01 2.787014e+00
-3.547690e-01 -1.056421e+00 2.642065e+00
-1.983680e-01 -1.040727e+00 2.786203e+00
-1.801990e-01 -1.081459e+00 2.639484e+00
-2.214900e-02 -1.044805e+00 2.792400e+00
-2.165780e-01 5.645810e-01 2.579841e+00
-3.823820e-01 2.888090e-01 2.404709e+00
-2.143980e-01 2.890700e-01 2.736761e+00
-2.276050e-01 3.304480e-01 2.536504e+00
-3.892470e-01 1.619960e-01 2.618410e+00
-3.686730e-01 -1.031920e-01 2.409827e+00
-1.872900e-01 -5.005900e-02 2.753824e+00
-3.837120e-01 -7.780500e-02 2.637758e+00
-3.221820e-01 1.638500e-02 2.354230e+00
3.076000e-02 3.218250e-01 2.882322e+00
-2.484560e-01 -2.690700e-01 2.405152e+00
7.708700e-02 5.341560e-01 2.671411e+00
-2.139600e-01 -3.281980e-01 2.427227e+00
1.246440e-01 5.693680e-01 2.630525e+00
-2.877870e-01 -6.379310e-01 2.593037e+00
-2.078630e-01 -6.008530e-01 2.796370e+00
-3.563040e-01 -1.059396e+00 2.643763e+00
-2.036690e-01 -1.030830e+00 2.797924e+00
-1.986440e-01 -1.093606e+00 2.572480e+00
-4.091400e-02 -1.029488e+00 2.729974e+00
-2.346140e-01 5.976820e-01 2.610723e+00
-3.914580e-01 2.871740e-01 2.410909e+00
-1.934100e-01 2.971340e-01 2.721834e+00
-2.255870e-01 3.348590e-01 2.526115e+00
-3.738790e-01 1.638750e-01 2.626048e+00
-3.826040e-01 -9.897200e-02 2.422389e+00
-1.698160e-01 -4.867500e-02 2.748345e+00
-3.764040e-01 -7.341200e-02 2.650711e+00
-3.283040e-01 1.723700e-02 2.357893e+00
5.320900e-02 3.749330e-01 2.842505e+00
-2.476080e-01 -2.646840e-01 2.410040e+00
1.910980e-01 5.660930e-01 2.655088e+00
-2.124200e-01 -3.239770e-01 2.430520e+00
2.252760e-01 6.114800e-01 2.610984e+00
-2.889230e-01 -6.355120e-01 2.591605e+00
-2.131220e-01 -6.004920e-01 2.792777e+00
-3.585950e-01 -1.056786e+00 2.642336e+00
-2.131430e-01 -1.030282e+00 2.806217e+00
-2.086010e-01 -1.091934e+00 2.556461e+00
-5.992300e-02 -1.033020e+00 2.718900e+00
-2.257180e-01 5.982630e-01 2.618973e+00
-3.826020e-01 2.935320e-01 2.438510e+00
-1.803760e-01 3.503880e-01 2.740346e+00
-2.220210e-01 3.708320e-01 2.544802e+00
-3.424270e-01 1.879100e-01 2.659930e+00
-3.611340e-01 -4.696400e-02 2.453524e+00
-1.439950e-01 -4.555900e-02 2.780487e+00
-3.518980e-01 -3.648800e-02 2.682931e+00
-3.840140e-01 2.986900e-02 2.373456e+00
6.836700e-02 4.631620e-01 2.729661e+00
-2.575080e-01 -2.251220e-01 2.406641e+00
3.408950e-01 5.407370e-01 2.675833e+00
-2.342970e-01 -2.927020e-01 2.414853e+00
3.997590e-01 5.613350e-01 2.640000e+00
-2.913040e-01 -6.019540e-01 2.574999e+00
-2.031310e-01 -5.896550e-01 2.790520e+00
-3.491850e-01 -1.020265e+00 2.656031e+00
-1.912100e-01 -1.019426e+00 2.797900e+00
-2.040760e-01 -1.058311e+00 2.563273e+00
-4.219100e-02 -1.016912e+00 2.703586e+00
-2.253980e-01 6.157270e-01 2.614327e+00
-3.796600e-01 2.958530e-01 2.440488e+00
-1.793670e-01 3.668330e-01 2.742605e+00
-2.229900e-01 3.823290e-01 2.545540e+00
-3.341850e-01 1.952430e-01 2.663213e+00
-3.496550e-01 -3.327900e-02 2.451239e+00
-1.323350e-01 -4.355100e-02 2.777923e+00
-3.402650e-01 -3.061100e-02 2.680864e+00
-3.965340e-01 3.260100e-02 2.378738e+00
7.366500e-02 4.669240e-01 2.731303e+00
-2.707800e-01 -2.234160e-01 2.398081e+00
3.419290e-01 5.511960e-01 2.671931e+00
-2.531180e-01 -2.919730e-01 2.410783e+00
4.084010e-01 5.597960e-01 2.645838e+00
-2.915030e-01 -5.923100e-01 2.570261e+00
-1.932570e-01 -5.819620e-01 2.793392e+00
-3.481880e-01 -1.009885e+00 2.655809e+00
-1.765320e-01 -1.011635e+00 2.794624e+00
-2.014290e-01 -1.048243e+00 2.565818e+00
-2.747600e-02 -1.006103e+00 2.700498e+00
-2.298720e-01 6.191220e-01 2.598578e+00
-3.718520e-01 2.970510e-01 2.448518e+00
-1.680110e-01 3.642210e-01 2.747862e+00
-2.121120e-01 3.798860e-01 2.551868e+00
-3.274380e-01 1.965990e-01 2.671528e+00
-3.430170e-01 -2.529100e-02 2.460362e+00
-1.236340e-01 -4.044200e-02 2.785475e+00
-3.320480e-01 -2.437800e-02 2.689931e+00
-3.944810e-01 3.489200e-02 2.379469e+00
8.294500e-02 4.713440e-01 2.731997e+00
-2.889850e-01 -2.309740e-01 2.403862e+00
3.536180e-01 5.569590e-01 2.681065e+00
-2.667970e-01 -2.989740e-01 2.411410e+00
4.074510e-01 5.734280e-01 2.636297e+00
-2.870260e-01 -5.859040e-01 2.566634e+00
-1.884100e-01 -5.795750e-01 2.791624e+00
-3.514550e-01 -1.002153e+00 2.653158e+00
-1.800650e-01 -1.009426e+00 2.799279e+00
-2.084660e-01 -1.043915e+00 2.558722e+00
-3.211900e-02 -1.008264e+00 2.703264e+00
-2.037520e-01 6.105230e-01 2.603365e+00
-3.716400e-01 2.995650e-01 2.434660e+00
-1.726730e-01 3.572070e-01 2.740983e+00
-2.134620e-01 3.783410e-01 2.543442e+00
-3.324570e-01 1.927090e-01 2.655664e+00
-3.381960e-01 -3.126700e-02 2.447922e+00
-1.251140e-01 -4.397800e-02 2.777301e+00
-3.317410e-01 -2.984600e-02 2.677659e+00
-4.011860e-01 3.184700e-02 2.378089e+00
8.568200e-02 4.499550e-01 2.769948e+00
-3.058470e-01 -2.416430e-01 2.399543e+00
3.271050e-01 5.840710e-01 2.677398e+00
-2.810950e-01 -3.091560e-01 2.401148e+00
3.954140e-01 5.951130e-01 2.657766e+00
-2.946230e-01 -5.910990e-01 2.564084e+00
-1.912710e-01 -5.823200e-01 2.789360e+00
-3.508170e-01 -1.007314e+00 2.656320e+00
-1.857490e-01 -1.012285e+00 2.789802e+00
-2.052200e-01 -1.047185e+00 2.565106e+00
-3.498200e-02 -1.010442e+00 2.698292e+00
-1.927460e-01 5.949300e-01 2.599713e+00
-3.699520e-01 3.021420e-01 2.440997e+00
-1.609030e-01 3.502930e-01 2.741905e+00
-2.060250e-01 3.742050e-01 2.545852e+00
-3.289210e-01 1.925180e-01 2.660304e+00
-3.397220e-01 -2.783200e-02 2.450251e+00
-1.183060e-01 -4.769000e-02 2.773727e+00
-3.274070e-01 -3.146600e-02 2.679724e+00
-4.052200e-01 3.256200e-02 2.380879e+00
1.004850e-01 4.408330e-01 2.779487e+00
-3.072310e-01 -2.439800e-01 2.396885e+00
3.247450e-01 5.928460e-01 2.663811e+00
-2.824940e-01 -3.106330e-01 2.407789e+00
3.897960e-01 6.208360e-01 2.651232e+00
-2.961920e-01 -5.898610e-01 2.562654e+00
-1.847660e-01 -5.839080e-01 2.784995e+00
-3.453240e-01 -1.007110e+00 2.654249e+00
-1.777960e-01 -1.013808e+00 2.791161e+00
-1.995930e-01 -1.044478e+00 2.562193e+00
-3.030300e-02 -1.012804e+00 2.694451e+00
-1.986760e-01 6.050710e-01 2.585485e+00
-3.775760e-01 3.041690e-01 2.439803e+00
-1.612340e-01 3.342060e-01 2.741465e+00
-2.112100e-01 3.690190e-01 2.545522e+00
-3.337360e-01 1.822950e-01 2.651985e+00
-3.472180e-01 -4.300900e-02 2.445291e+00
-1.186400e-01 -4.304300e-02 2.764365e+00
-3.301190e-01 -3.912400e-02 2.674453e+00
-4.197940e-01 2.597700e-02 2.391268e+00
1.051330e-01 3.867180e-01 2.831579e+00
-3.128990e-01 -2.552250e-01 2.408112e+00
2.475380e-01 5.722240e-01 2.640717e+00
-2.904630e-01 -3.235310e-01 2.406027e+00
2.818790e-01 6.164060e-01 2.595529e+00
-3.029360e-01 -5.990570e-01 2.564447e+00
-1.819800e-01 -5.872360e-01 2.774988e+00
-3.475660e-01 -1.017563e+00 2.652544e+00
-1.721920e-01 -1.016690e+00 2.794327e+00
-2.087690e-01 -1.053954e+00 2.549981e+00
-2.768600e-02 -1.017950e+00 2.693211e+00
-1.964660e-01 5.933260e-01 2.574922e+00
-3.912500e-01 3.116050e-01 2.450234e+00
-1.621310e-01 3.119590e-01 2.747100e+00
-2.231950e-01 3.694970e-01 2.557311e+00
-3.338470e-01 1.654540e-01 2.642955e+00
-3.426690e-01 -6.135900e-02 2.438926e+00
-1.049860e-01 -3.083400e-02 2.749782e+00
-3.189250e-01 -4.434900e-02 2.666895e+00
-4.419040e-01 3.469200e-02 2.417023e+00
2.178100e-02 1.495060e-01 2.894735e+00
-3.640890e-01 -2.540140e-01 2.425106e+00
4.884100e-02 3.813770e-01 2.702836e+00
-3.295700e-01 -3.170210e-01 2.421648e+00
9.934300e-02 3.962950e-01 2.653842e+00
-3.031570e-01 -6.067080e-01 2.569008e+00
-1.587430e-01 -5.870440e-01 2.755957e+00
-3.380410e-01 -1.028043e+00 2.647493e+00
-1.793440e-01 -1.014307e+00 2.799795e+00
-2.008400e-01 -1.059215e+00 2.541133e+00
-3.688100e-02 -1.031694e+00 2.697276e+00
-1.975510e-01 5.888970e-01 2.536332e+00
-3.844410e-01 3.074370e-01 2.454581e+00
-1.567760e-01 2.684470e-01 2.750002e+00
-2.141230e-01 3.465160e-01 2.566492e+00
-3.352020e-01 1.411650e-01 2.632698e+00
-3.379670e-01 -7.850100e-02 2.435684e+00
-1.060380e-01 -4.517800e-02 2.750572e+00
-3.182250e-01 -6.347500e-02 2.664173e+00
-4.457750e-01 1.825000e-02 2.436226e+00
2.605500e-02 7.818600e-02 2.861286e+00
-3.861690e-01 -2.884720e-01 2.443779e+00
8.420800e-02 3.253660e-01 2.697450e+00
-3.454270e-01 -3.409450e-01 2.471346e+00
1.328810e-01 3.451300e-01 2.648321e+00
-2.942610e-01 -6.216190e-01 2.587404e+00
-1.528720e-01 -6.006850e-01 2.761350e+00
-3.335950e-01 -1.046098e+00 2.643711e+00
-1.683440e-01 -1.030100e+00 2.777587e+00
-1.920690e-01 -1.072721e+00 2.541878e+00
-2.219400e-02 -1.039083e+00 2.679263e+00
-1.613300e-01 5.649610e-01 2.544998e+00
-3.764170e-01 3.083730e-01 2.456247e+00
-1.609210e-01 2.674840e-01 2.760408e+00
-2.109800e-01 3.470110e-01 2.575398e+00
-3.339110e-01 1.406690e-01 2.634755e+00
-3.284210e-01 -7.471400e-02 2.439454e+00
-1.086820e-01 -5.080900e-02 2.763799e+00
-3.174470e-01 -6.582000e-02 2.668852e+00
-4.461720e-01 2.503100e-02 2.445873e+00
1.909600e-02 7.604300e-02 2.874229e+00
-3.902210e-01 -2.779530e-01 2.448163e+00
8.656700e-02 3.244540e-01 2.715922e+00
-3.688600e-01 -3.416020e-01 2.473965e+00
1.368480e-01 3.451670e-01 2.668846e+00
-2.947480e-01 -6.207490e-01 2.589003e+00
-1.497100e-01 -6.046970e-01 2.763228e+00
-3.352480e-01 -1.045476e+00 2.642549e+00
-1.695140e-01 -1.034026e+00 2.776826e+00
-1.900460e-01 -1.071510e+00 2.545871e+00
-1.931400e-02 -1.043866e+00 2.684895e+00
-1.585200e-01 5.628240e-01 2.547003e+00
-3.539280e-01 3.220240e-01 2.493511e+00
-1.280350e-01 2.893120e-01 2.791046e+00
-1.871090e-01 3.676270e-01 2.608190e+00
-2.984410e-01 1.553200e-01 2.669373e+00
-3.174970e-01 -4.933100e-02 2.475131e+00
-8.445600e-02 -5.138500e-02 2.790953e+00
-2.971980e-01 -5.384000e-02 2.704021e+00
-4.188170e-01 4.510700e-02 2.476646e+00
6.879000e-02 1.025870e-01 2.882722e+00
-3.677030e-01 -2.508020e-01 2.461848e+00
1.398790e-01 3.516460e-01 2.727038e+00
-3.400580e-01 -3.140140e-01 2.441518e+00
1.868650e-01 3.760710e-01 2.678365e+00
-2.892590e-01 -6.046470e-01 2.593728e+00
-1.518370e-01 -5.994000e-01 2.780440e+00
-3.269690e-01 -1.030128e+00 2.643167e+00
-2.139630e-01 -1.024739e+00 2.791732e+00
-1.869360e-01 -1.054668e+00 2.538779e+00
-6.720600e-02 -1.048693e+00 2.696880e+00
-1.326490e-01 5.633690e-01 2.534124e+00
