-3.228030e-01 2.904630e-01 2.683567e+00
-1.590000e-04 2.951080e-01 2.654330e+00
-1.582120e-01 1.654820e-01 2.684799e+00
-3.509000e-03 -9.332000e-03 2.556505e+00
-3.808410e-01 2.485600e-02 2.701696e+00
-3.868690e-01 -2.376590e-01 2.592547e+00
-4.114040e-01 -2.829670e-01 2.559939e+00
-2.911630e-01 -4.732150e-01 2.677926e+00
-3.167800e-01 -8.585610e-01 2.745127e+00
-3.359180e-01 -8.823870e-01 2.601211e+00
-1.653080e-01 4.998400e-01 2.572334e+00
-2.066000e-02 2.981120e-01 2.669266e+00
-1.799170e-01 1.676540e-01 2.687434e+00
-1.263700e-02 -2.307000e-03 2.565907e+00
-3.833970e-01 2.125000e-02 2.669655e+00
-3.814420e-01 -2.521230e-01 2.585085e+00
-4.016330e-01 -2.930770e-01 2.544673e+00
-2.981950e-01 -4.666640e-01 2.678622e+00
-3.228160e-01 -8.501520e-01 2.756045e+00
-3.299390e-01 -8.787940e-01 2.611911e+00
-1.747850e-01 5.043940e-01 2.582616e+00
-2.971200e-02 2.952120e-01 2.677428e+00
-1.918760e-01 1.676420e-01 2.689299e+00
-1.469000e-02 -2.430000e-04 2.581241e+00
-3.903840e-01 2.337300e-02 2.654904e+00
-3.802530e-01 -2.493700e-01 2.567554e+00
-3.553570e-01 -3.031670e-01 2.581837e+00
-2.989960e-01 -4.685990e-01 2.673632e+00
-3.246690e-01 -8.519490e-01 2.751402e+00
-3.216490e-01 -8.813880e-01 2.607284e+00
-1.830730e-01 5.048510e-01 2.583010e+00
-4.164300e-02 2.924700e-01 2.686034e+00
-2.045720e-01 1.653260e-01 2.686740e+00
-1.617400e-02 2.296000e-03 2.588466e+00
-3.954850e-01 2.213100e-02 2.644987e+00
-3.777060e-01 -2.532380e-01 2.568214e+00
-3.792560e-01 -3.115860e-01 2.550575e+00
-3.048310e-01 -4.683260e-01 2.666959e+00
-3.228750e-01 -8.494210e-01 2.756984e+00
-3.133080e-01 -8.836020e-01 2.614205e+00
-1.899640e-01 5.022930e-01 2.586458e+00
-4.838400e-02 2.909320e-01 2.693151e+00
-2.132320e-01 1.665000e-01 2.685818e+00
-2.123800e-02 3.869000e-03 2.600012e+00
-3.997810e-01 2.613700e-02 2.640926e+00
-3.846690e-01 -2.491750e-01 2.564478e+00
-3.769950e-01 -3.026990e-01 2.592662e+00
-3.070630e-01 -4.664410e-01 2.664239e+00
-3.260010e-01 -8.471180e-01 2.755838e+00
-3.073890e-01 -8.821350e-01 2.614158e+00
-1.923870e-01 5.015890e-01 2.584912e+00
-5.137200e-02 2.940180e-01 2.692552e+00
-2.161480e-01 1.694550e-01 2.685836e+00
-2.315500e-02 7.689000e-03 2.602636e+00
-4.018520e-01 2.945800e-02 2.639230e+00
-3.797410e-01 -2.432530e-01 2.559414e+00
-3.675130e-01 -2.997920e-01 2.578699e+00
-3.062280e-01 -4.678920e-01 2.664016e+00
-3.293770e-01 -8.481260e-01 2.756485e+00
-3.073530e-01 -8.837650e-01 2.615450e+00
-1.935310e-01 5.051750e-01 2.583268e+00
-5.478700e-02 2.915380e-01 2.698218e+00
-2.210810e-01 1.697400e-01 2.683270e+00
-2.263400e-02 8.022000e-03 2.606872e+00
-4.020850e-01 3.386800e-02 2.640255e+00
-3.802620e-01 -2.373770e-01 2.562154e+00
-3.699650e-01 -2.973990e-01 2.565234e+00
-3.059940e-01 -4.654030e-01 2.660655e+00
-3.293230e-01 -8.463900e-01 2.749922e+00
-3.018280e-01 -8.809560e-01 2.609583e+00
-1.905820e-01 5.033600e-01 2.580639e+00
-6.790200e-02 2.896030e-01 2.702943e+00
-2.339010e-01 1.690200e-01 2.678118e+00
-2.657600e-02 1.022100e-02 2.606604e+00
-4.093500e-01 3.469900e-02 2.633411e+00
-3.792480e-01 -2.335310e-01 2.551363e+00
-3.667700e-01 -2.928930e-01 2.557563e+00
-3.042910e-01 -4.690530e-01 2.654539e+00
-3.239120e-01 -8.488810e-01 2.749458e+00
-2.964560e-01 -8.852580e-01 2.609570e+00
-1.840360e-01 5.009270e-01 2.577653e+00
-8.202900e-02 2.841270e-01 2.714937e+00
-2.481380e-01 1.687250e-01 2.672486e+00
-3.577400e-02 7.889000e-03 2.635586e+00
-4.077210e-01 3.970100e-02 2.619213e+00
-3.716580e-01 -2.294840e-01 2.547700e+00
-3.640550e-01 -2.880680e-01 2.562806e+00
-3.024090e-01 -4.686110e-01 2.652595e+00
-3.241210e-01 -8.485180e-01 2.746740e+00
-2.741850e-01 -8.844880e-01 2.613105e+00
-1.822940e-01 4.987050e-01 2.575229e+00
-1.001200e-01 2.825810e-01 2.728750e+00
-2.579120e-01 1.651040e-01 2.665400e+00
-4.423900e-02 5.404000e-03 2.659005e+00
-4.115050e-01 3.939700e-02 2.592179e+00
-3.755860e-01 -2.302390e-01 2.548367e+00
-3.600320e-01 -2.890240e-01 2.552890e+00
-3.050490e-01 -4.734880e-01 2.646506e+00
-3.252400e-01 -8.527420e-01 2.743580e+00
-2.577170e-01 -8.885170e-01 2.617855e+00
-1.668010e-01 4.858890e-01 2.571305e+00
-1.364900e-01 2.724160e-01 2.766522e+00
-2.734800e-01 1.629570e-01 2.657140e+00
-6.530600e-02 -7.010000e-04 2.703273e+00
-4.116020e-01 5.284000e-02 2.560903e+00
-3.679730e-01 -2.106630e-01 2.534209e+00
-3.517220e-01 -2.672190e-01 2.518229e+00
-3.038760e-01 -4.739230e-01 2.639385e+00
-3.301400e-01 -8.531990e-01 2.734906e+00
-2.326980e-01 -8.864180e-01 2.629799e+00
-1.714530e-01 4.768630e-01 2.580173e+00
-1.424690e-01 2.510060e-01 2.760973e+00
-2.803160e-01 1.514440e-01 2.643511e+00
-7.957100e-02 -1.324800e-02 2.718007e+00
-4.072130e-01 4.955600e-02 2.537964e+00
-3.506990e-01 -2.114600e-01 2.514005e+00
-3.451090e-01 -2.716530e-01 2.521984e+00
-3.056680e-01 -4.894950e-01 2.638883e+00
-3.311410e-01 -8.696960e-01 2.730875e+00
-2.230740e-01 -8.999560e-01 2.635735e+00
-1.664930e-01 4.785070e-01 2.593380e+00
-1.343110e-01 2.406490e-01 2.723762e+00
-2.931510e-01 1.566140e-01 2.621685e+00
-8.222500e-02 -8.230000e-03 2.707356e+00
-3.960170e-01 5.949900e-02 2.510600e+00
-3.532400e-01 -2.048920e-01 2.505434e+00
-3.337200e-01 -2.625390e-01 2.501702e+00
-3.037330e-01 -4.969100e-01 2.642888e+00
-3.391000e-01 -8.751480e-01 2.739581e+00
-2.335530e-01 -9.096870e-01 2.643079e+00
-1.682290e-01 4.938900e-01 2.585876e+00
-1.541250e-01 2.545220e-01 2.743355e+00
-2.811840e-01 1.528920e-01 2.615921e+00
-9.930500e-02 -1.661100e-02 2.731316e+00
-3.800950e-01 5.134000e-02 2.494467e+00
-3.280920e-01 -2.057320e-01 2.492485e+00
-3.223560e-01 -2.664060e-01 2.490534e+00
-2.977380e-01 -4.992720e-01 2.640124e+00
-3.416790e-01 -8.792740e-01 2.725749e+00
-2.207270e-01 -9.107510e-01 2.648124e+00
-1.667380e-01 4.922920e-01 2.584820e+00
-1.199240e-01 2.813260e-01 2.729313e+00
-2.603210e-01 1.710790e-01 2.625167e+00
-7.626900e-02 4.866000e-03 2.722572e+00
-3.795070e-01 6.462200e-02 2.496083e+00
-3.322010e-01 -1.884650e-01 2.482042e+00
-3.192890e-01 -2.480560e-01 2.482559e+00
-2.980310e-01 -4.916070e-01 2.629784e+00
-3.353160e-01 -8.714770e-01 2.719074e+00
-2.247150e-01 -9.038330e-01 2.627605e+00
-1.686030e-01 5.186980e-01 2.583686e+00
-8.375700e-02 3.127630e-01 2.712452e+00
-2.398200e-01 1.947990e-01 2.645811e+00
-6.361700e-02 2.144700e-02 2.697441e+00
-3.897350e-01 7.877300e-02 2.490503e+00
-3.413390e-01 -1.732330e-01 2.488710e+00
-3.238120e-01 -2.314800e-01 2.484443e+00
-2.918270e-01 -4.873910e-01 2.612624e+00
-3.289370e-01 -8.658830e-01 2.707657e+00
-2.391830e-01 -9.024740e-01 2.596972e+00
-1.655450e-01 5.442230e-01 2.585978e+00
-3.803200e-02 3.368440e-01 2.680860e+00
-1.965240e-01 2.077680e-01 2.650334e+00
-4.060600e-02 3.250200e-02 2.658803e+00
-4.066130e-01 8.445500e-02 2.533292e+00
-3.343070e-01 -1.619120e-01 2.478997e+00
-3.079490e-01 -2.156600e-01 2.467402e+00
-2.856630e-01 -4.690190e-01 2.600110e+00
-3.227790e-01 -8.448360e-01 2.705220e+00
-2.672800e-01 -8.865930e-01 2.575521e+00
-1.662060e-01 5.558640e-01 2.601624e+00
-3.014100e-02 3.347470e-01 2.682411e+00
-1.893430e-01 2.066810e-01 2.651330e+00
-3.671900e-02 3.442700e-02 2.652523e+00
-4.315110e-01 9.450900e-02 2.539607e+00
-2.924090e-01 -1.142030e-01 2.455843e+00
-2.483010e-01 -1.550840e-01 2.465909e+00
-2.811440e-01 -4.672880e-01 2.605694e+00
-3.204890e-01 -8.442470e-01 2.705782e+00
-2.622350e-01 -8.845640e-01 2.576837e+00
-1.649350e-01 5.404600e-01 2.614988e+00
-3.366000e-02 3.309140e-01 2.699035e+00
-1.888570e-01 2.030140e-01 2.651421e+00
-3.446800e-02 3.582400e-02 2.647328e+00
-4.493250e-01 1.116390e-01 2.493286e+00
-2.099940e-01 1.465400e-02 2.433279e+00
-1.594310e-01 -1.589000e-02 2.448396e+00
-2.694850e-01 -4.649100e-01 2.610755e+00
-3.171510e-01 -8.421850e-01 2.705918e+00
-2.442450e-01 -8.820230e-01 2.584496e+00
-1.648330e-01 5.249830e-01 2.621891e+00
-3.732600e-02 3.139590e-01 2.716108e+00
-1.908870e-01 1.913290e-01 2.652133e+00
-8.970000e-03 1.432400e-02 2.660877e+00
-3.787040e-01 1.628150e-01 2.353083e+00
-1.558780e-01 2.575090e-01 2.453121e+00
-1.044640e-01 2.799830e-01 2.476987e+00
-2.510680e-01 -4.718830e-01 2.612328e+00
-3.129470e-01 -8.469700e-01 2.707956e+00
-2.363540e-01 -8.897200e-01 2.589839e+00
-1.742590e-01 5.168910e-01 2.609786e+00
-5.666900e-02 2.810640e-01 2.708205e+00
-2.093110e-01 1.646330e-01 2.631680e+00
-1.143000e-03 -1.800000e-05 2.668085e+00
-2.790660e-01 2.391130e-01 2.279727e+00
-8.345200e-02 3.573980e-01 2.403504e+00
-6.873400e-02 3.651330e-01 2.462169e+00
-2.414910e-01 -4.820060e-01 2.619844e+00
-3.132390e-01 -8.548420e-01 2.717360e+00
-2.285940e-01 -9.002760e-01 2.605930e+00
-1.770510e-01 5.169820e-01 2.620600e+00
-7.060000e-02 2.338350e-01 2.717591e+00
-2.141730e-01 1.324010e-01 2.608918e+00
-4.693000e-03 -4.570500e-02 2.698524e+00
-1.539570e-01 3.124380e-01 2.255664e+00
3.920000e-04 4.142600e-01 2.435928e+00
2.918300e-02 4.590030e-01 2.465714e+00
-2.334610e-01 -4.988280e-01 2.628684e+00
-3.086580e-01 -8.724300e-01 2.720503e+00
-1.887910e-01 -9.147590e-01 2.646436e+00
-1.283900e-01 4.902100e-01 2.594806e+00
-1.105470e-01 2.087030e-01 2.749102e+00
-2.327490e-01 1.591510e-01 2.589969e+00
-4.993500e-02 -3.535700e-02 2.736271e+00
-2.818800e-02 3.540750e-01 2.314002e+00
2.018340e-01 4.334560e-01 2.403508e+00
2.131250e-01 4.561430e-01 2.458969e+00
-2.259820e-01 -4.879660e-01 2.628863e+00
-2.960180e-01 -8.646800e-01 2.711597e+00
-1.523310e-01 -8.939960e-01 2.699744e+00
-1.196170e-01 5.049360e-01 2.616579e+00
-1.536290e-01 2.120360e-01 2.777076e+00
-2.408310e-01 1.499420e-01 2.600293e+00
-1.080820e-01 -4.952000e-02 2.783165e+00
4.103300e-02 3.702390e-01 2.398734e+00
2.926650e-01 4.305170e-01 2.422934e+00
3.428530e-01 4.480800e-01 2.452780e+00
-2.160260e-01 -4.957460e-01 2.622504e+00
-2.806530e-01 -8.721920e-01 2.710682e+00
-1.368430e-01 -8.911120e-01 2.735308e+00
-1.118840e-01 4.919380e-01 2.623227e+00
-1.481720e-01 2.221010e-01 2.776538e+00
-2.157700e-02 2.785270e-01 2.612949e+00
-2.397050e-01 1.572870e-01 2.602950e+00
-1.444300e-01 -2.169800e-02 2.442694e+00
-1.099170e-01 -3.747100e-02 2.779312e+00
-1.897720e-01 -4.556300e-02 2.616673e+00
6.615900e-02 3.648610e-01 2.460918e+00
-2.125110e-01 2.967000e-02 2.921860e+00
3.200440e-01 4.190340e-01 2.481664e+00
4.071700e-02 -4.968000e-03 2.871681e+00
3.761760e-01 4.371340e-01 2.466183e+00
9.175600e-02 -3.781100e-02 2.865821e+00
-2.202470e-01 -4.969300e-01 2.620991e+00
-5.200700e-02 -5.143220e-01 2.705927e+00
-2.839330e-01 -8.724120e-01 2.713844e+00
-4.749800e-02 -9.040710e-01 2.747634e+00
-1.390690e-01 -8.978590e-01 2.710298e+00
9.920900e-02 -9.035580e-01 2.736567e+00
-1.042360e-01 4.968800e-01 2.624427e+00
-1.761940e-01 2.693260e-01 2.483347e+00
-1.533750e-01 1.948120e-01 2.791586e+00
-3.141300e-02 2.761500e-01 2.635123e+00
-2.271650e-01 1.226920e-01 2.612517e+00
-1.575690e-01 -3.835500e-02 2.444451e+00
-1.332650e-01 -5.843600e-02 2.781731e+00
-2.044830e-01 -7.504500e-02 2.615761e+00
5.456700e-02 3.524960e-01 2.433861e+00
-1.888450e-01 -1.467800e-02 2.922521e+00
3.122740e-01 3.738290e-01 2.470358e+00
6.915500e-02 -2.346500e-02 2.887868e+00
3.724570e-01 3.834050e-01 2.472456e+00
1.239970e-01 -4.977700e-02 2.883609e+00
-2.308110e-01 -5.073860e-01 2.626948e+00
-4.993900e-02 -5.302110e-01 2.700371e+00
-3.126790e-01 -8.798210e-01 2.717798e+00
-4.878500e-02 -9.193980e-01 2.747233e+00
-1.689300e-01 -9.111380e-01 2.718951e+00
9.817800e-02 -9.197910e-01 2.740353e+00
-9.447800e-02 4.633450e-01 2.631839e+00
-2.255090e-01 2.611780e-01 2.500702e+00
-2.030000e-02 1.423310e-01 2.715416e+00
-1.769600e-02 2.641320e-01 2.538981e+00
-1.847360e-01 8.945300e-02 2.601940e+00
-2.509480e-01 -5.054700e-02 2.460813e+00
-2.952400e-02 -8.939800e-02 2.714216e+00
-1.887300e-01 -8.620500e-02 2.627401e+00
2.531000e-03 3.349030e-01 2.427337e+00
3.334600e-02 -8.980000e-02 2.789748e+00
2.640870e-01 3.320230e-01 2.428795e+00
2.223350e-01 -6.754400e-02 2.611900e+00
3.230700e-01 3.431740e-01 2.439508e+00
2.640270e-01 -8.635900e-02 2.571579e+00
-2.310980e-01 -5.332530e-01 2.635931e+00
-4.945800e-02 -5.496140e-01 2.708927e+00
-3.197870e-01 -9.044900e-01 2.725271e+00
-4.507100e-02 -9.394290e-01 2.750024e+00
-2.045620e-01 -9.509780e-01 2.646481e+00
6.830300e-02 -9.479970e-01 2.656650e+00
-1.072630e-01 4.446360e-01 2.633879e+00
-1.928390e-01 3.262580e-01 2.469503e+00
-8.746100e-02 1.880730e-01 2.742956e+00
-9.227000e-03 2.985760e-01 2.576704e+00
-2.129950e-01 1.542630e-01 2.582302e+00
-1.932290e-01 -5.182100e-02 2.421982e+00
-7.420800e-02 -4.667000e-02 2.739092e+00
-1.940560e-01 -5.613300e-02 2.603296e+00
4.400900e-02 2.935260e-01 2.386585e+00
-9.741700e-02 -4.682200e-02 2.826700e+00
3.053930e-01 2.804050e-01 2.422084e+00
1.391920e-01 -7.527200e-02 2.721588e+00
3.547490e-01 2.909340e-01 2.456306e+00
1.872400e-01 -1.039880e-01 2.697404e+00
-2.300740e-01 -5.157690e-01 2.643543e+00
-4.891700e-02 -5.258310e-01 2.706515e+00
-3.195070e-01 -8.891580e-01 2.722579e+00
-4.258200e-02 -9.158090e-01 2.745765e+00
-1.810260e-01 -9.286960e-01 2.692488e+00
9.751800e-02 -9.180490e-01 2.700902e+00
-7.229700e-02 4.890460e-01 2.628280e+00
-1.840780e-01 3.074790e-01 2.442280e+00
-1.916970e-01 2.594650e-01 2.762612e+00
-5.400200e-02 3.248710e-01 2.611835e+00
-2.501620e-01 1.727330e-01 2.584366e+00
-1.033600e-01 1.287400e-02 2.444980e+00
-1.109130e-01 1.555200e-02 2.783636e+00
-1.703890e-01 -5.300000e-05 2.613010e+00
-6.522000e-03 1.803200e-01 2.310331e+00
-2.389410e-01 5.373800e-02 2.895777e+00
2.240360e-01 1.910540e-01 2.443144e+00
1.471800e-02 -4.263000e-03 2.907403e+00
2.730540e-01 1.817490e-01 2.478198e+00
6.538300e-02 -3.768700e-02 2.913229e+00
-2.391020e-01 -4.457170e-01 2.610377e+00
-4.147900e-02 -4.699230e-01 2.691491e+00
-2.953760e-01 -8.211500e-01 2.708086e+00
-4.480700e-02 -8.586370e-01 2.742033e+00
-1.498870e-01 -8.430300e-01 2.707807e+00
1.023000e-01 -8.596250e-01 2.744121e+00
-5.629900e-02 4.774590e-01 2.610391e+00
-2.164730e-01 3.131120e-01 2.459548e+00
-7.357900e-02 2.895910e-01 2.749382e+00
-1.919200e-02 3.146680e-01 2.543508e+00
-2.238330e-01 2.049420e-01 2.635494e+00
-1.984220e-01 4.615000e-03 2.438837e+00
-4.271900e-02 5.179000e-03 2.739682e+00
-1.761660e-01 -1.200100e-02 2.618064e+00
-1.157580e-01 1.338790e-01 2.308548e+00
1.540270e-01 2.163710e-01 2.821789e+00
1.151870e-01 1.346420e-01 2.440965e+00
3.172470e-01 3.648690e-01 2.682933e+00
1.650520e-01 1.236110e-01 2.474281e+00
3.538390e-01 4.004210e-01 2.649539e+00
-2.378340e-01 -4.608430e-01 2.619514e+00
-4.325900e-02 -4.759590e-01 2.702276e+00
-2.991240e-01 -8.350400e-01 2.718935e+00
-4.019000e-02 -8.655410e-01 2.745641e+00
-1.732810e-01 -8.731840e-01 2.652949e+00
9.188100e-02 -8.716850e-01 2.681102e+00
-7.158500e-02 5.273000e-01 2.612218e+00
-2.275430e-01 3.046170e-01 2.483572e+00
-1.945400e-02 3.088720e-01 2.731879e+00
-2.334200e-02 3.568060e-01 2.522933e+00
-1.651740e-01 1.911200e-01 2.644632e+00
-2.306400e-01 7.800000e-05 2.465229e+00
-2.018000e-03 -1.183000e-03 2.715192e+00
-1.635710e-01 -1.112900e-02 2.633366e+00
-2.282010e-01 1.110360e-01 2.323281e+00
2.218480e-01 2.822270e-01 2.777749e+00
9.135000e-03 1.186670e-01 2.434697e+00
4.554560e-01 3.636400e-01 2.705066e+00
4.620300e-02 9.923000e-02 2.479039e+00
5.102210e-01 3.881590e-01 2.694215e+00
-2.403390e-01 -4.711920e-01 2.629406e+00
-5.431800e-02 -4.824580e-01 2.706085e+00
-3.086380e-01 -8.471130e-01 2.717057e+00
-3.656700e-02 -8.713400e-01 2.752123e+00
-2.047450e-01 -8.882990e-01 2.621372e+00
7.155600e-02 -8.781890e-01 2.652582e+00
-9.314900e-02 5.383670e-01 2.615841e+00
-2.477080e-01 3.269620e-01 2.541438e+00
3.415700e-02 3.394960e-01 2.700720e+00
-4.452500e-02 3.860050e-01 2.506768e+00
-1.290170e-01 2.165370e-01 2.669620e+00
-2.708310e-01 2.040200e-02 2.503403e+00
1.593600e-02 1.472000e-02 2.683635e+00
-1.619660e-01 1.685100e-02 2.648420e+00
-2.750220e-01 1.415110e-01 2.375870e+00
2.802440e-01 3.538160e-01 2.688262e+00
-3.800400e-02 1.522160e-01 2.484664e+00
5.317300e-01 3.947580e-01 2.726071e+00
1.638000e-02 1.570040e-01 2.511821e+00
5.911750e-01 4.046750e-01 2.735342e+00
-2.501370e-01 -4.609420e-01 2.627538e+00
-6.292400e-02 -4.657830e-01 2.700725e+00
-3.113020e-01 -8.372740e-01 2.718625e+00
-3.728900e-02 -8.536240e-01 2.751583e+00
-2.379680e-01 -8.784140e-01 2.597896e+00
3.995900e-02 -8.648710e-01 2.626875e+00
-9.434300e-02 5.378810e-01 2.639985e+00
-2.533760e-01 3.297300e-01 2.546135e+00
2.465400e-02 3.330050e-01 2.712461e+00
-4.948700e-02 3.905680e-01 2.519690e+00
-1.376330e-01 2.121000e-01 2.670548e+00
-2.711370e-01 1.593800e-02 2.497308e+00
9.429000e-03 1.917300e-02 2.687108e+00
-1.671950e-01 1.907000e-02 2.645903e+00
-2.899920e-01 1.486050e-01 2.374938e+00
2.737480e-01 3.255870e-01 2.716920e+00
-5.400300e-02 1.820590e-01 2.485861e+00
5.257380e-01 3.806520e-01 2.683286e+00
-6.130000e-04 1.751560e-01 2.514495e+00
5.848260e-01 3.956970e-01 2.683798e+00
-2.526060e-01 -4.613040e-01 2.632928e+00
-6.043500e-02 -4.650540e-01 2.694141e+00
-3.111370e-01 -8.391710e-01 2.719269e+00
-3.566600e-02 -8.518770e-01 2.752609e+00
-2.322670e-01 -8.783200e-01 2.601402e+00
4.680400e-02 -8.649070e-01 2.631471e+00
-1.065490e-01 5.290580e-01 2.637222e+00
-2.597600e-01 3.258660e-01 2.542830e+00
4.016000e-03 3.201820e-01 2.730889e+00
-5.509800e-02 3.894950e-01 2.536795e+00
-1.530420e-01 2.012270e-01 2.668482e+00
-2.696000e-01 6.414000e-03 2.488807e+00
4.434000e-03 2.054500e-02 2.687447e+00
-1.706970e-01 1.557900e-02 2.640558e+00
-2.709710e-01 1.612730e-01 2.353582e+00
2.505880e-01 2.875280e-01 2.736437e+00
-4.958600e-02 2.157590e-01 2.482702e+00
4.876150e-01 3.469200e-01 2.648660e+00
1.138000e-03 2.294840e-01 2.513633e+00
5.465700e-01 3.621700e-01 2.651798e+00
-2.495560e-01 -4.669310e-01 2.632207e+00
-6.005900e-02 -4.673920e-01 2.690723e+00
-3.100090e-01 -8.444730e-01 2.718646e+00
-3.532600e-02 -8.545510e-01 2.746939e+00
-2.263310e-01 -8.840530e-01 2.604290e+00
5.141500e-02 -8.661820e-01 2.628675e+00
-1.161400e-01 5.210510e-01 2.637228e+00
-2.421980e-01 3.250920e-01 2.517036e+00
-9.571000e-03 2.621370e-01 2.733594e+00
-2.997100e-02 3.473560e-01 2.537908e+00
-1.776440e-01 1.782820e-01 2.647387e+00
-2.502430e-01 -1.232900e-02 2.465621e+00
-7.282000e-03 6.260000e-04 2.701319e+00
-1.739310e-01 -5.449000e-03 2.630008e+00
-2.612960e-01 2.089870e-01 2.298315e+00
2.008970e-01 1.880820e-01 2.838652e+00
-2.915500e-02 2.687900e-01 2.396897e+00
3.357010e-01 2.872680e-01 2.643124e+00
-2.581000e-02 2.954960e-01 2.451612e+00
3.947980e-01 2.805490e-01 2.629689e+00
-2.462770e-01 -4.836000e-01 2.629520e+00
-5.949700e-02 -4.869120e-01 2.690471e+00
-3.144130e-01 -8.595090e-01 2.717349e+00
-3.625300e-02 -8.737030e-01 2.749771e+00
-2.152100e-01 -9.009550e-01 2.616916e+00
6.668800e-02 -8.835610e-01 2.645119e+00
-1.069280e-01 5.081530e-01 2.641896e+00
-2.734670e-01 3.049480e-01 2.495799e+00
-5.189400e-02 2.550640e-01 2.726868e+00
-6.966400e-02 3.560190e-01 2.538549e+00
-1.974030e-01 1.566450e-01 2.617998e+00
-2.379700e-01 -1.630900e-02 2.454660e+00
-1.616300e-02 -6.318000e-03 2.710499e+00
-1.760310e-01 -1.268800e-02 2.625084e+00
-1.379640e-01 2.628040e-01 2.296477e+00
9.715800e-02 1.234750e-01 2.867021e+00
6.860000e-02 3.389910e-01 2.425827e+00
2.249990e-01 2.185270e-01 2.669352e+00
7.112900e-02 3.540040e-01 2.484872e+00
2.761930e-01 2.197320e-01 2.636249e+00
-2.440450e-01 -4.859280e-01 2.633685e+00
-5.920200e-02 -4.924570e-01 2.694105e+00
-3.145700e-01 -8.622740e-01 2.717672e+00
-3.686400e-02 -8.802200e-01 2.747063e+00
-2.069190e-01 -9.029080e-01 2.625988e+00
7.473900e-02 -8.868520e-01 2.651425e+00
-1.094640e-01 5.050240e-01 2.622697e+00
-2.518710e-01 3.175070e-01 2.494002e+00
-6.622600e-02 2.026410e-01 2.733413e+00
-4.541300e-02 3.146580e-01 2.551780e+00
-2.229200e-01 1.488370e-01 2.609865e+00
-2.190210e-01 -3.677100e-02 2.439003e+00
-2.241900e-02 -4.021600e-02 2.714843e+00
-1.734890e-01 -3.627800e-02 2.614561e+00
-6.801700e-02 3.110120e-01 2.331253e+00
3.577300e-02 2.600200e-02 2.865965e+00
1.692630e-01 3.695300e-01 2.408614e+00
2.031220e-01 9.150600e-02 2.686646e+00
1.884940e-01 3.862720e-01 2.464003e+00
2.552280e-01 8.089200e-02 2.656808e+00
-2.414250e-01 -5.055910e-01 2.641877e+00
-5.758500e-02 -5.176370e-01 2.706788e+00
-3.213800e-01 -8.810070e-01 2.721464e+00
-3.747400e-02 -9.069920e-01 2.747557e+00
-2.022370e-01 -9.224350e-01 2.645738e+00
8.331200e-02 -9.095450e-01 2.663592e+00
-1.183770e-01 4.976360e-01 2.622020e+00
-2.159730e-01 3.220620e-01 2.487566e+00
-1.094190e-01 1.956030e-01 2.763817e+00
-3.294400e-02 3.026680e-01 2.594524e+00
-2.334330e-01 1.540170e-01 2.603807e+00
-1.710180e-01 -2.750200e-02 2.433130e+00
-5.343800e-02 -5.820300e-02 2.749332e+00
-1.722020e-01 -3.425600e-02 2.614367e+00
2.045800e-02 3.546280e-01 2.424418e+00
-5.980000e-02 5.378000e-03 2.907090e+00
2.737660e-01 4.012800e-01 2.430808e+00
1.596530e-01 4.224500e-02 2.784890e+00
3.258050e-01 4.174550e-01 2.458166e+00
2.160800e-01 2.490600e-02 2.769614e+00
-2.379730e-01 -5.030560e-01 2.637365e+00
-5.641400e-02 -5.226170e-01 2.712905e+00
-3.174560e-01 -8.799690e-01 2.710049e+00
-3.948900e-02 -9.125500e-01 2.749377e+00
-1.737780e-01 -9.112330e-01 2.705042e+00
1.005680e-01 -9.106810e-01 2.704362e+00
-1.237980e-01 4.990180e-01 2.630276e+00
-2.045760e-01 2.968660e-01 2.497092e+00
-1.161380e-01 2.156160e-01 2.790191e+00
-2.896600e-02 2.932140e-01 2.610327e+00
-2.331190e-01 1.510590e-01 2.632521e+00
-1.675620e-01 -1.738400e-02 2.434391e+00
-6.702800e-02 -3.650600e-02 2.757314e+00
-1.791010e-01 -2.394300e-02 2.615272e+00
3.838200e-02 3.420510e-01 2.481591e+00
-7.734200e-02 4.452600e-02 2.958708e+00
2.907160e-01 3.977620e-01 2.480366e+00
1.522230e-01 5.035700e-02 2.850463e+00
3.494680e-01 4.133370e-01 2.475503e+00
2.085060e-01 2.863500e-02 2.841603e+00
-2.406650e-01 -4.916060e-01 2.630051e+00
-5.630600e-02 -5.081990e-01 2.711039e+00
-3.151850e-01 -8.680910e-01 2.709865e+00
-4.746700e-02 -8.985170e-01 2.746226e+00
-1.726590e-01 -9.000410e-01 2.692227e+00
9.482800e-02 -8.986650e-01 2.708838e+00
-1.117210e-01 4.957890e-01 2.625190e+00
-2.065590e-01 2.903710e-01 2.509757e+00
-1.636340e-01 1.955220e-01 2.808603e+00
-4.851800e-02 2.727390e-01 2.645027e+00
-2.615820e-01 1.428540e-01 2.634407e+00
-1.886280e-01 -3.013100e-02 2.454325e+00
-1.323000e-01 -4.635700e-02 2.787965e+00
-2.221750e-01 -5.574600e-02 2.630712e+00
2.973600e-02 3.501580e-01 2.462543e+00
-1.568910e-01 1.277400e-02 2.969016e+00
2.874030e-01 3.750540e-01 2.473625e+00
8.690500e-02 -1.531000e-03 2.899659e+00
3.471610e-01 3.868410e-01 2.476472e+00
1.418840e-01 -2.785900e-02 2.898152e+00
-2.437820e-01 -5.073830e-01 2.633773e+00
-5.755200e-02 -5.193100e-01 2.708749e+00
-3.172170e-01 -8.844560e-01 2.711796e+00
-5.148800e-02 -9.094980e-01 2.745911e+00
-1.736980e-01 -9.147620e-01 2.700413e+00
9.444900e-02 -9.090060e-01 2.727259e+00
-9.799900e-02 4.690310e-01 2.646700e+00
-2.297510e-01 2.853770e-01 2.522547e+00
-3.515000e-02 1.623540e-01 2.743933e+00
-2.333900e-02 2.812350e-01 2.565891e+00
-1.985120e-01 1.140040e-01 2.626941e+00
-2.413400e-01 -4.895500e-02 2.452470e+00
-2.947000e-02 -7.936400e-02 2.715030e+00
-1.859900e-01 -6.707400e-02 2.624232e+00
2.050000e-03 3.327360e-01 2.442367e+00
-1.765230e-01 4.004200e-02 2.900458e+00
2.618120e-01 3.110910e-01 2.447178e+00
7.499600e-02 1.723900e-02 2.931521e+00
3.156590e-01 3.231430e-01 2.473126e+00
1.355520e-01 1.308400e-02 2.937337e+00
-2.425150e-01 -5.285200e-01 2.646114e+00
-5.500100e-02 -5.418950e-01 2.722479e+00
-3.255450e-01 -9.036030e-01 2.724105e+00
-5.103000e-02 -9.327220e-01 2.752519e+00
-2.035770e-01 -9.453450e-01 2.653202e+00
6.763400e-02 -9.381880e-01 2.665716e+00
-1.139010e-01 4.677070e-01 2.644131e+00
-2.042590e-01 3.389310e-01 2.492441e+00
-5.201200e-02 2.212680e-01 2.753117e+00
-4.317000e-03 3.006540e-01 2.559741e+00
-2.142980e-01 1.852980e-01 2.630311e+00
-2.223410e-01 -2.363400e-02 2.452838e+00
-3.565900e-02 -2.204700e-02 2.735501e+00
-1.830850e-01 -2.488800e-02 2.629901e+00
2.331700e-02 2.616510e-01 2.410271e+00
-2.221370e-01 1.549320e-01 2.914683e+00
2.848090e-01 2.514120e-01 2.452525e+00
1.305100e-02 7.745300e-02 2.973257e+00
3.416800e-01 2.500120e-01 2.474475e+00
7.009200e-02 5.980500e-02 2.985623e+00
-2.462830e-01 -4.942840e-01 2.641740e+00
-5.346900e-02 -5.039880e-01 2.705063e+00
-3.159540e-01 -8.729770e-01 2.715234e+00
-5.025800e-02 -8.934980e-01 2.749055e+00
-1.956810e-01 -9.099060e-01 2.638968e+00
7.473200e-02 -9.011900e-01 2.671828e+00
-1.036320e-01 5.231020e-01 2.597606e+00
-2.289580e-01 3.253160e-01 2.502378e+00
-6.990900e-02 2.545590e-01 2.775642e+00
-3.019100e-02 3.373070e-01 2.581872e+00
-2.113140e-01 1.777310e-01 2.645973e+00
-2.004840e-01 -9.886000e-03 2.459373e+00
-3.244800e-02 -1.860900e-02 2.753379e+00
-1.727680e-01 -1.647700e-02 2.638489e+00
-4.651900e-02 1.969760e-01 2.379676e+00
-2.249560e-01 1.501470e-01 2.932181e+00
2.137410e-01 1.639190e-01 2.421652e+00
1.672400e-02 1.190830e-01 3.005479e+00
2.722040e-01 1.496410e-01 2.431465e+00
7.520900e-02 1.126590e-01 3.021489e+00
-2.505770e-01 -4.816890e-01 2.639971e+00
-4.536400e-02 -4.998820e-01 2.692286e+00
-3.132430e-01 -8.614190e-01 2.714420e+00
-4.729100e-02 -8.874800e-01 2.750839e+00
-1.887300e-01 -8.957770e-01 2.643981e+00
8.191900e-02 -8.986170e-01 2.681365e+00
-9.747800e-02 5.195110e-01 2.590074e+00
-2.629080e-01 3.031470e-01 2.541037e+00
-3.181600e-02 2.895480e-01 2.767725e+00
-6.551600e-02 3.792470e-01 2.575918e+00
-1.673220e-01 1.702280e-01 2.667163e+00
-2.294490e-01 2.715000e-03 2.490160e+00
1.607700e-02 -2.176600e-02 2.722258e+00
-1.513670e-01 -1.402800e-02 2.653000e+00
-1.947320e-01 9.248100e-02 2.417348e+00
3.266400e-02 5.254800e-02 2.785446e+00
5.149700e-02 1.440900e-02 2.359564e+00
1.192250e-01 -1.886800e-01 2.766363e+00
9.972700e-02 -2.210600e-02 2.351908e+00
1.123410e-01 -2.404970e-01 2.734967e+00
-2.534390e-01 -4.760760e-01 2.639025e+00
-4.249400e-02 -4.993900e-01 2.686202e+00
-3.134280e-01 -8.581350e-01 2.703026e+00
-3.859400e-02 -8.853070e-01 2.754882e+00
-2.173290e-01 -8.910530e-01 2.596597e+00
6.310600e-02 -9.029380e-01 2.650039e+00
-1.110960e-01 5.127240e-01 2.578327e+00
-2.699950e-01 3.062750e-01 2.580405e+00
9.194000e-03 2.860980e-01 2.743568e+00
-6.843800e-02 3.779720e-01 2.566075e+00
-1.494090e-01 1.704140e-01 2.678957e+00
-2.516510e-01 -9.920000e-04 2.504561e+00
3.946000e-02 -7.445000e-03 2.677665e+00
-1.392490e-01 -4.657000e-03 2.646852e+00
-2.919560e-01 7.364700e-02 2.479300e+00
5.954100e-02 4.746700e-02 2.791892e+00
-1.091220e-01 -7.892800e-02 2.361433e+00
1.154500e-01 -2.050060e-01 2.770497e+00
-8.703500e-02 -1.154840e-01 2.317914e+00
1.205580e-01 -2.553020e-01 2.736406e+00
-2.542860e-01 -4.763090e-01 2.633817e+00
-4.092400e-02 -4.893880e-01 2.686623e+00
-3.168140e-01 -8.572560e-01 2.701891e+00
-3.812200e-02 -8.752310e-01 2.755768e+00
-2.445900e-01 -8.911980e-01 2.578289e+00
3.719400e-02 -8.969950e-01 2.631271e+00
-1.153580e-01 5.075540e-01 2.569239e+00
-2.836620e-01 3.086580e-01 2.604329e+00
2.357500e-02 3.048710e-01 2.707124e+00
-9.192600e-02 3.837960e-01 2.544638e+00
-1.408080e-01 1.818970e-01 2.683298e+00
-2.388180e-01 -3.060300e-02 2.545172e+00
7.276500e-02 2.648400e-02 2.665209e+00
-1.071710e-01 3.744000e-03 2.665102e+00
-3.175540e-01 5.954500e-02 2.542796e+00
6.638200e-02 5.628500e-02 2.736852e+00
-2.538070e-01 -1.516000e-01 2.386849e+00
1.137370e-01 -2.044920e-01 2.740920e+00
-2.469940e-01 -2.030500e-01 2.354839e+00
1.227450e-01 -2.647970e-01 2.741383e+00
-2.573650e-01 -4.748460e-01 2.633857e+00
-4.102500e-02 -4.771910e-01 2.678946e+00
-3.194800e-01 -8.560790e-01 2.700692e+00
-3.799600e-02 -8.599330e-01 2.763584e+00
-2.708420e-01 -8.877060e-01 2.565489e+00
-1.740200e-02 -8.912320e-01 2.621310e+00
-1.235030e-01 5.142290e-01 2.553765e+00
-2.922690e-01 2.976090e-01 2.646741e+00
3.111500e-02 3.084630e-01 2.663516e+00
-1.272150e-01 3.821400e-01 2.539117e+00
-1.277960e-01 1.777160e-01 2.682607e+00
-2.897950e-01 7.050000e-04 2.560046e+00
4.641500e-02 2.609000e-03 2.601411e+00
-1.295570e-01 1.261400e-02 2.644165e+00
-3.570490e-01 4.272600e-02 2.621894e+00
6.833600e-02 5.461500e-02 2.709385e+00
-3.857290e-01 -2.052100e-01 2.504819e+00
7.815200e-02 -2.143390e-01 2.669984e+00
-3.875750e-01 -2.609910e-01 2.480260e+00
7.909200e-02 -2.700930e-01 2.645313e+00
-2.533040e-01 -4.739910e-01 2.652574e+00
-3.439600e-02 -4.777240e-01 2.673203e+00
-3.090460e-01 -8.570990e-01 2.714097e+00
-3.915000e-02 -8.582690e-01 2.767156e+00
-2.922110e-01 -8.826590e-01 2.570191e+00
-1.815800e-02 -8.934200e-01 2.625843e+00
-1.301860e-01 5.040390e-01 2.544918e+00
-2.974800e-01 2.925500e-01 2.668928e+00
2.542900e-02 3.109850e-01 2.649800e+00
-1.474750e-01 3.874290e-01 2.548646e+00
-1.276480e-01 1.752000e-01 2.678818e+00
-2.992430e-01 1.367700e-02 2.588576e+00
3.788900e-02 2.212000e-03 2.557552e+00
-1.245390e-01 1.465800e-02 2.637278e+00
-3.611900e-01 3.325200e-02 2.662318e+00
5.595600e-02 4.999800e-02 2.677618e+00
-4.242960e-01 -2.251930e-01 2.579114e+00
6.083700e-02 -2.222350e-01 2.633901e+00
-4.342650e-01 -2.832820e-01 2.563482e+00
6.636500e-02 -2.804400e-01 2.616589e+00
-2.526290e-01 -4.666690e-01 2.664152e+00
-3.968700e-02 -4.721860e-01 2.665593e+00
-2.987550e-01 -8.495060e-01 2.734665e+00
-4.067500e-02 -8.520480e-01 2.762380e+00
-3.137580e-01 -8.742670e-01 2.590417e+00
-5.255900e-02 -8.882270e-01 2.620268e+00
-1.380710e-01 5.046200e-01 2.554883e+00
-2.983600e-01 2.897940e-01 2.677451e+00
2.195100e-02 3.053710e-01 2.631249e+00
-1.581750e-01 3.830910e-01 2.544728e+00
-1.292990e-01 1.709910e-01 2.673410e+00
-3.138430e-01 4.212000e-03 2.591733e+00
2.008500e-02 -2.505000e-03 2.535182e+00
-1.359760e-01 8.238000e-03 2.626961e+00
-3.569150e-01 2.874400e-02 2.708789e+00
5.062200e-02 4.130700e-02 2.658898e+00
-4.150320e-01 -2.403410e-01 2.651840e+00
4.978900e-02 -2.340170e-01 2.615633e+00
-4.404940e-01 -2.956930e-01 2.649406e+00
4.194100e-02 -2.930300e-01 2.602443e+00
-2.527190e-01 -4.717360e-01 2.682705e+00
-5.015700e-02 -4.757240e-01 2.663347e+00
-3.132920e-01 -8.543670e-01 2.742614e+00
-3.729600e-02 -8.555110e-01 2.759579e+00
-3.364480e-01 -8.732560e-01 2.598556e+00
-6.086300e-02 -8.919310e-01 2.618995e+00
-1.410640e-01 5.045240e-01 2.555819e+00
-3.073240e-01 2.944100e-01 2.684893e+00
1.143000e-02 2.934650e-01 2.626834e+00
-1.664700e-01 3.873750e-01 2.552647e+00
-1.463580e-01 1.660750e-01 2.666669e+00
-3.258880e-01 1.590400e-02 2.590674e+00
4.904000e-03 -3.013000e-03 2.520172e+00
-1.467530e-01 1.109600e-02 2.618635e+00
-3.522160e-01 3.185300e-02 2.729340e+00
4.262200e-02 2.777000e-02 2.648094e+00
-3.610430e-01 -2.479200e-01 2.696497e+00
2.488400e-02 -2.476350e-01 2.600366e+00
-3.822010e-01 -3.041980e-01 2.686333e+00
1.422100e-02 -3.011480e-01 2.627583e+00
-2.605690e-01 -4.645590e-01 2.679847e+00
-6.157900e-02 -4.711530e-01 2.654757e+00
-3.141120e-01 -8.472450e-01 2.745790e+00
-4.773900e-02 -8.495760e-01 2.756089e+00
-3.444460e-01 -8.675600e-01 2.603267e+00
-7.824500e-02 -8.878450e-01 2.617343e+00
-1.533820e-01 5.040220e-01 2.566439e+00
-3.130820e-01 2.884250e-01 2.684244e+00
5.214000e-03 2.975740e-01 2.624410e+00
-1.760620e-01 3.852070e-01 2.550714e+00
-1.481060e-01 1.653200e-01 2.665810e+00
-3.267740e-01 8.900000e-03 2.582328e+00
6.876000e-03 -2.140000e-04 2.524478e+00
-1.487990e-01 7.475000e-03 2.617215e+00
-3.516010e-01 2.504600e-02 2.719640e+00
2.944800e-02 3.275100e-02 2.648312e+00
-3.449690e-01 -2.345350e-01 2.614242e+00
1.563000e-02 -2.417580e-01 2.602479e+00
-3.619770e-01 -2.924960e-01 2.622566e+00
9.528000e-03 -3.006320e-01 2.617130e+00
-2.746560e-01 -4.642410e-01 2.682567e+00
-7.415800e-02 -4.739170e-01 2.651067e+00
-3.125460e-01 -8.497740e-01 2.742504e+00
-5.288200e-02 -8.505080e-01 2.757796e+00
-3.369050e-01 -8.697230e-01 2.598788e+00
-7.751800e-02 -8.913440e-01 2.618615e+00
-1.688150e-01 5.010550e-01 2.562118e+00
-3.229730e-01 2.842540e-01 2.688346e+00
-4.938000e-03 3.022660e-01 2.629142e+00
-1.881090e-01 3.878590e-01 2.557774e+00
-1.552560e-01 1.654690e-01 2.666596e+00
-3.326700e-01 5.618000e-03 2.584662e+00
-1.033000e-03 7.978000e-03 2.515650e+00
-1.536770e-01 1.002100e-02 2.613576e+00
-3.642460e-01 2.319400e-02 2.727221e+00
1.800000e-02 3.826900e-02 2.649506e+00
-3.451850e-01 -2.299940e-01 2.612051e+00
1.937700e-02 -2.358990e-01 2.607509e+00
-3.566480e-01 -2.792770e-01 2.646078e+00
4.671000e-03 -2.948400e-01 2.612775e+00
-2.884890e-01 -4.628130e-01 2.676669e+00
-8.121400e-02 -4.690560e-01 2.648638e+00
-3.074980e-01 -8.483130e-01 2.745173e+00
-5.294500e-02 -8.453090e-01 2.754929e+00
-3.385320e-01 -8.719900e-01 2.603321e+00
-8.137200e-02 -8.865270e-01 2.616586e+00
-1.828210e-01 4.989430e-01 2.564555e+00
