-4.352030e-01 2.195200e-01 2.518639e+00
-3.455965e-01 2.246472e-01 2.511975e+00
-2.559900e-01 2.297745e-01 2.505311e+00
-1.663835e-01 2.349017e-01 2.498646e+00
-7.677700e-02 2.400290e-01 2.491982e+00
-1.239450e-01 2.484062e-01 2.471936e+00
-1.711130e-01 2.567835e-01 2.451890e+00
-2.182810e-01 2.651608e-01 2.431844e+00
-2.654490e-01 2.735380e-01 2.411798e+00
-2.595345e-01 2.306192e-01 2.458302e+00
-2.536200e-01 1.877005e-01 2.504805e+00
-2.477055e-01 1.447817e-01 2.551309e+00
-2.417910e-01 1.018630e-01 2.597813e+00
-2.952262e-01 4.828150e-02 2.573067e+00
-3.486615e-01 -5.300000e-03 2.548320e+00
-4.020968e-01 -5.888150e-02 2.523574e+00
-4.555320e-01 -1.124630e-01 2.498828e+00
-3.485950e-01 -1.131630e-01 2.493519e+00
-2.416580e-01 -1.138630e-01 2.488209e+00
-1.347210e-01 -1.145630e-01 2.482900e+00
-2.778400e-02 -1.152630e-01 2.477590e+00
-7.974325e-02 -1.121518e-01 2.510279e+00
-1.317025e-01 -1.090405e-01 2.542968e+00
-1.836618e-01 -1.059293e-01 2.575657e+00
-2.356210e-01 -1.028180e-01 2.608346e+00
-3.019317e-01 -8.865250e-02 2.587001e+00
-3.682425e-01 -7.448700e-02 2.565655e+00
-4.345533e-01 -6.032150e-02 2.544309e+00
-5.008640e-01 -4.615600e-02 2.522964e+00
-3.708800e-01 -3.854350e-02 2.519733e+00
-2.408960e-01 -3.093100e-02 2.516503e+00
-1.109120e-01 -2.331850e-02 2.513272e+00
1.907200e-02 -1.570600e-02 2.510041e+00
-1.047180e-01 -9.207725e-02 2.491294e+00
-2.285080e-01 -1.684485e-01 2.472548e+00
-3.522980e-01 -2.448198e-01 2.453801e+00
-4.760880e-01 -3.211910e-01 2.435055e+00
-3.585928e-01 -3.132810e-01 2.430942e+00
-2.410975e-01 -3.053710e-01 2.426829e+00
-1.236022e-01 -2.974610e-01 2.422715e+00
-6.107000e-03 -2.895510e-01 2.418602e+00
-1.280980e-01 -3.125948e-01 2.415949e+00
-2.500890e-01 -3.356385e-01 2.413296e+00
-3.720800e-01 -3.586822e-01 2.410644e+00
-4.940710e-01 -3.817260e-01 2.407991e+00
-3.754555e-01 -3.752397e-01 2.407565e+00
-2.568400e-01 -3.687535e-01 2.407139e+00
-1.382245e-01 -3.622673e-01 2.406712e+00
-1.960900e-02 -3.557810e-01 2.406286e+00
-1.022572e-01 -4.211048e-01 2.436132e+00
-1.849055e-01 -4.864285e-01 2.465978e+00
-2.675538e-01 -5.517523e-01 2.495823e+00
-3.502020e-01 -6.170760e-01 2.525669e+00
-2.920105e-01 -6.171298e-01 2.523193e+00
-2.338190e-01 -6.171835e-01 2.520716e+00
-1.756275e-01 -6.172373e-01 2.518240e+00
-1.174360e-01 -6.172910e-01 2.515764e+00
-1.768040e-01 -7.134545e-01 2.541519e+00
-2.361720e-01 -8.096180e-01 2.567273e+00
-2.955400e-01 -9.057815e-01 2.593027e+00
-3.549080e-01 -1.001945e+00 2.618782e+00
-2.980265e-01 -1.000613e+00 2.621345e+00
-2.411450e-01 -9.992805e-01 2.623907e+00
-1.842635e-01 -9.979482e-01 2.626469e+00
-1.273820e-01 -9.966160e-01 2.629032e+00
-1.867737e-01 -1.007734e+00 2.585896e+00
-2.461655e-01 -1.018852e+00 2.542759e+00
-3.055573e-01 -1.029969e+00 2.499623e+00
-3.649490e-01 -1.041087e+00 2.456487e+00
-3.056137e-01 -1.041931e+00 2.459558e+00
-2.462785e-01 -1.042775e+00 2.462630e+00
-1.869433e-01 -1.043620e+00 2.465701e+00
-1.276080e-01 -1.044464e+00 2.468772e+00
-1.615313e-01 -6.543120e-01 2.445177e+00
-1.954545e-01 -2.641600e-01 2.421583e+00
-2.293777e-01 1.259920e-01 2.397988e+00
-2.633010e-01 5.161440e-01 2.374394e+00
-3.059797e-01 4.420202e-01 2.410564e+00
-3.486585e-01 3.678965e-01 2.446734e+00
-3.913372e-01 2.937727e-01 2.482905e+00
-4.340160e-01 2.196490e-01 2.519075e+00
-3.443675e-01 2.249017e-01 2.513113e+00
-2.547190e-01 2.301545e-01 2.507150e+00
-1.650705e-01 2.354072e-01 2.501188e+00
-7.542200e-02 2.406600e-01 2.495225e+00
-1.224510e-01 2.492542e-01 2.474945e+00
-1.694800e-01 2.578485e-01 2.454665e+00
-2.165090e-01 2.664427e-01 2.434386e+00
-2.635380e-01 2.750370e-01 2.414106e+00
-2.579295e-01 2.315640e-01 2.460130e+00
-2.523210e-01 1.880910e-01 2.506155e+00
-2.467125e-01 1.446180e-01 2.552179e+00
-2.411040e-01 1.011450e-01 2.598203e+00
-2.948907e-01 4.782125e-02 2.573994e+00
-3.486775e-01 -5.502500e-03 2.549785e+00
-4.024642e-01 -5.882625e-02 2.525577e+00
-4.562510e-01 -1.121500e-01 2.501368e+00
-3.493945e-01 -1.132963e-01 2.494688e+00
-2.425380e-01 -1.144425e-01 2.488008e+00
-1.356815e-01 -1.155887e-01 2.481327e+00
-2.882500e-02 -1.167350e-01 2.474647e+00
-8.034750e-02 -1.134002e-01 2.507999e+00
-1.318700e-01 -1.100655e-01 2.541351e+00
-1.833925e-01 -1.067307e-01 2.574702e+00
-2.349150e-01 -1.033960e-01 2.608054e+00
-3.013535e-01 -8.902500e-02 2.587056e+00
-3.677920e-01 -7.465400e-02 2.566058e+00
-4.342305e-01 -6.028300e-02 2.545059e+00
-5.006690e-01 -4.591200e-02 2.524061e+00
-3.700475e-01 -3.817425e-02 2.520317e+00
-2.394260e-01 -3.043650e-02 2.516573e+00
-1.088045e-01 -2.269875e-02 2.512829e+00
2.181700e-02 -1.496100e-02 2.509085e+00
-1.036452e-01 -9.151875e-02 2.490655e+00
-2.291075e-01 -1.680765e-01 2.472226e+00
-3.545697e-01 -2.446343e-01 2.453797e+00
-4.800320e-01 -3.211920e-01 2.435367e+00
-3.625445e-01 -3.129205e-01 2.430821e+00
-2.450570e-01 -3.046490e-01 2.426274e+00
-1.275695e-01 -2.963775e-01 2.421728e+00
-1.008200e-02 -2.881060e-01 2.417181e+00
-1.292895e-01 -3.113405e-01 2.413471e+00
-2.484970e-01 -3.345750e-01 2.409760e+00
-3.677045e-01 -3.578095e-01 2.406050e+00
-4.869120e-01 -3.810440e-01 2.402340e+00
-3.663218e-01 -3.748475e-01 2.404371e+00
-2.457315e-01 -3.686510e-01 2.406402e+00
-1.251412e-01 -3.624545e-01 2.408432e+00
-4.551000e-03 -3.562580e-01 2.410463e+00
-9.042875e-02 -4.215130e-01 2.439952e+00
-1.763065e-01 -4.867680e-01 2.469442e+00
-2.621843e-01 -5.520230e-01 2.498931e+00
-3.480620e-01 -6.172780e-01 2.528421e+00
-2.905357e-01 -6.174728e-01 2.525390e+00
-2.330095e-01 -6.176675e-01 2.522359e+00
-1.754832e-01 -6.178622e-01 2.519329e+00
-1.179570e-01 -6.180570e-01 2.516298e+00
-1.783862e-01 -7.144723e-01 2.540754e+00
-2.388155e-01 -8.108875e-01 2.565210e+00
-2.992448e-01 -9.073028e-01 2.589666e+00
-3.596740e-01 -1.003718e+00 2.614122e+00
-3.037842e-01 -1.001302e+00 2.620398e+00
-2.478945e-01 -9.988870e-01 2.626674e+00
-1.920048e-01 -9.964715e-01 2.632950e+00
-1.361150e-01 -9.940560e-01 2.639226e+00
-1.947860e-01 -1.005425e+00 2.592202e+00
-2.534570e-01 -1.016793e+00 2.545178e+00
-3.121280e-01 -1.028162e+00 2.498154e+00
-3.707990e-01 -1.039531e+00 2.451130e+00
-3.121860e-01 -1.041153e+00 2.458411e+00
-2.535730e-01 -1.042775e+00 2.465692e+00
-1.949600e-01 -1.044397e+00 2.472972e+00
-1.363470e-01 -1.046019e+00 2.480253e+00
-1.682725e-01 -6.555385e-01 2.454612e+00
-2.001980e-01 -2.650580e-01 2.428971e+00
-2.321235e-01 1.254225e-01 2.403329e+00
-2.640490e-01 5.159030e-01 2.377688e+00
-3.065050e-01 4.419195e-01 2.413502e+00
-3.489610e-01 3.679360e-01 2.449317e+00
-3.914170e-01 2.939525e-01 2.485131e+00
-4.338730e-01 2.199690e-01 2.520946e+00
-3.443007e-01 2.245385e-01 2.513468e+00
-2.547285e-01 2.291080e-01 2.505990e+00
-1.651562e-01 2.336775e-01 2.498513e+00
-7.558400e-02 2.382470e-01 2.491035e+00
-1.228768e-01 2.467540e-01 2.471341e+00
-1.701695e-01 2.552610e-01 2.451647e+00
-2.174623e-01 2.637680e-01 2.431953e+00
-2.647550e-01 2.722750e-01 2.412259e+00
-2.586778e-01 2.296468e-01 2.459009e+00
-2.526005e-01 1.870185e-01 2.505758e+00
-2.465232e-01 1.443902e-01 2.552507e+00
-2.404460e-01 1.017620e-01 2.599257e+00
-2.947152e-01 4.813100e-02 2.574896e+00
-3.489845e-01 -5.500000e-03 2.550534e+00
-4.032537e-01 -5.913100e-02 2.526173e+00
-4.575230e-01 -1.127620e-01 2.501812e+00
-3.506215e-01 -1.141848e-01 2.495958e+00
-2.437200e-01 -1.156075e-01 2.490105e+00
-1.368185e-01 -1.170303e-01 2.484252e+00
-2.991700e-02 -1.184530e-01 2.478398e+00
-8.168925e-02 -1.152477e-01 2.511373e+00
-1.334615e-01 -1.120425e-01 2.544349e+00
-1.852338e-01 -1.088372e-01 2.577325e+00
-2.370060e-01 -1.056320e-01 2.610300e+00
-3.035423e-01 -9.038150e-02 2.587395e+00
-3.700785e-01 -7.513100e-02 2.564489e+00
-4.366147e-01 -5.988050e-02 2.541583e+00
-5.031510e-01 -4.463000e-02 2.518678e+00
-3.723677e-01 -3.781975e-02 2.516339e+00
-2.415845e-01 -3.100950e-02 2.514000e+00
-1.108013e-01 -2.419925e-02 2.511662e+00
1.998200e-02 -1.738900e-02 2.509323e+00
-1.039848e-01 -9.251200e-02 2.488656e+00
-2.279515e-01 -1.676350e-01 2.467988e+00
-3.519183e-01 -2.427580e-01 2.447321e+00
-4.758850e-01 -3.178810e-01 2.426653e+00
-3.600745e-01 -3.106722e-01 2.423583e+00
-2.442640e-01 -3.034635e-01 2.420513e+00
-1.284535e-01 -2.962548e-01 2.417442e+00
-1.264300e-02 -2.890460e-01 2.414372e+00
-1.304842e-01 -3.123783e-01 2.411881e+00
-2.483255e-01 -3.357105e-01 2.409389e+00
-3.661667e-01 -3.590428e-01 2.406898e+00
-4.840080e-01 -3.823750e-01 2.404406e+00
-3.661830e-01 -3.750125e-01 2.400573e+00
-2.483580e-01 -3.676500e-01 2.396740e+00
-1.305330e-01 -3.602875e-01 2.392908e+00
-1.270800e-02 -3.529250e-01 2.389075e+00
-9.649425e-02 -4.192585e-01 2.424231e+00
-1.802805e-01 -4.855920e-01 2.459387e+00
-2.640668e-01 -5.519255e-01 2.494543e+00
-3.478530e-01 -6.182590e-01 2.529699e+00
-2.907373e-01 -6.185480e-01 2.527133e+00
-2.336215e-01 -6.188370e-01 2.524566e+00
-1.765058e-01 -6.191260e-01 2.522000e+00
-1.193900e-01 -6.194150e-01 2.519433e+00
-1.781790e-01 -7.156715e-01 2.543844e+00
-2.369680e-01 -8.119280e-01 2.568254e+00
-2.957570e-01 -9.081845e-01 2.592664e+00
-3.545460e-01 -1.004441e+00 2.617075e+00
-2.974435e-01 -1.003443e+00 2.619570e+00
-2.403410e-01 -1.002445e+00 2.622065e+00
-1.832385e-01 -1.001448e+00 2.624561e+00
-1.261360e-01 -1.000450e+00 2.627056e+00
-1.857377e-01 -1.010617e+00 2.583843e+00
-2.453395e-01 -1.020784e+00 2.540629e+00
-3.049412e-01 -1.030952e+00 2.497416e+00
-3.645430e-01 -1.041119e+00 2.454203e+00
-3.054555e-01 -1.042308e+00 2.457179e+00
-2.463680e-01 -1.043497e+00 2.460154e+00
-1.872805e-01 -1.044685e+00 2.463130e+00
-1.281930e-01 -1.045874e+00 2.466106e+00
-1.617763e-01 -6.550015e-01 2.444224e+00
-1.953595e-01 -2.641290e-01 2.422341e+00
-2.289428e-01 1.267435e-01 2.400459e+00
-2.625260e-01 5.176160e-01 2.378577e+00
-3.067617e-01 4.436530e-01 2.414629e+00
-3.509975e-01 3.696900e-01 2.450680e+00
-3.952332e-01 2.957270e-01 2.486732e+00
-4.394690e-01 2.217640e-01 2.522783e+00
-3.497425e-01 2.265497e-01 2.517659e+00
-2.600160e-01 2.313355e-01 2.512535e+00
-1.702895e-01 2.361213e-01 2.507410e+00
-8.056300e-02 2.409070e-01 2.502286e+00
-1.273652e-01 2.501670e-01 2.481777e+00
-1.741675e-01 2.594270e-01 2.461267e+00
-2.209697e-01 2.686870e-01 2.440758e+00
-2.677720e-01 2.779470e-01 2.420249e+00
-2.628220e-01 2.336145e-01 2.465523e+00
-2.578720e-01 1.892820e-01 2.510797e+00
-2.529220e-01 1.449495e-01 2.556071e+00
-2.479720e-01 1.006170e-01 2.601345e+00
-3.021987e-01 4.658725e-02 2.577045e+00
-3.564255e-01 -7.442500e-03 2.552745e+00
-4.106522e-01 -6.147225e-02 2.528444e+00
-4.648790e-01 -1.155020e-01 2.504144e+00
-3.579398e-01 -1.158800e-01 2.498844e+00
-2.510005e-01 -1.162580e-01 2.493545e+00
-1.440613e-01 -1.166360e-01 2.488246e+00
-3.712200e-02 -1.170140e-01 2.482946e+00
-8.909350e-02 -1.139985e-01 2.515624e+00
-1.410650e-01 -1.109830e-01 2.548303e+00
-1.930365e-01 -1.079675e-01 2.580982e+00
-2.450080e-01 -1.049520e-01 2.613660e+00
-3.113730e-01 -8.912925e-02 2.589186e+00
-3.777380e-01 -7.330650e-02 2.564711e+00
-4.441030e-01 -5.748375e-02 2.540236e+00
-5.104680e-01 -4.166100e-02 2.515762e+00
-3.821793e-01 -3.573400e-02 2.518224e+00
-2.538905e-01 -2.980700e-02 2.520685e+00
-1.256018e-01 -2.388000e-02 2.523147e+00
2.687000e-03 -1.795300e-02 2.525608e+00
-1.177345e-01 -9.241475e-02 2.501698e+00
-2.381560e-01 -1.668765e-01 2.477789e+00
-3.585775e-01 -2.413383e-01 2.453880e+00
-4.789990e-01 -3.158000e-01 2.429970e+00
-3.653692e-01 -3.041293e-01 2.418807e+00
-2.517395e-01 -2.924585e-01 2.407644e+00
-1.381098e-01 -2.807878e-01 2.396481e+00
-2.448000e-02 -2.691170e-01 2.385318e+00
-1.385123e-01 -2.958855e-01 2.388300e+00
-2.525445e-01 -3.226540e-01 2.391282e+00
-3.665768e-01 -3.494225e-01 2.394265e+00
-4.806090e-01 -3.761910e-01 2.397247e+00
-3.666207e-01 -3.665985e-01 2.394144e+00
-2.526325e-01 -3.570060e-01 2.391041e+00
-1.386442e-01 -3.474135e-01 2.387938e+00
-2.465600e-02 -3.378210e-01 2.384835e+00
-1.056670e-01 -4.084258e-01 2.420602e+00
-1.866780e-01 -4.790305e-01 2.456369e+00
-2.676890e-01 -5.496353e-01 2.492136e+00
-3.487000e-01 -6.202400e-01 2.527903e+00
-2.914975e-01 -6.199208e-01 2.525542e+00
-2.342950e-01 -6.196015e-01 2.523181e+00
-1.770925e-01 -6.192823e-01 2.520820e+00
-1.198900e-01 -6.189630e-01 2.518459e+00
-1.795770e-01 -7.158050e-01 2.542687e+00
-2.392640e-01 -8.126470e-01 2.566915e+00
-2.989510e-01 -9.094890e-01 2.591143e+00
-3.586380e-01 -1.006331e+00 2.615371e+00
-3.032327e-01 -1.003220e+00 2.622721e+00
-2.478275e-01 -1.000109e+00 2.630072e+00
-1.924223e-01 -9.969973e-01 2.637423e+00
-1.370170e-01 -9.938860e-01 2.644773e+00
-1.944545e-01 -1.006175e+00 2.596680e+00
-2.518920e-01 -1.018464e+00 2.548588e+00
-3.093295e-01 -1.030753e+00 2.500495e+00
-3.667670e-01 -1.043042e+00 2.452403e+00
-3.083555e-01 -1.044139e+00 2.460895e+00
-2.499440e-01 -1.045236e+00 2.469388e+00
-1.915325e-01 -1.046333e+00 2.477880e+00
-1.331210e-01 -1.047430e+00 2.486373e+00
-1.669693e-01 -6.566520e-01 2.460102e+00
-2.008175e-01 -2.658740e-01 2.433831e+00
-2.346657e-01 1.249040e-01 2.407560e+00
-2.685140e-01 5.156820e-01 2.381289e+00
-3.114533e-01 4.426712e-01 2.415468e+00
-3.543925e-01 3.696605e-01 2.449647e+00
-3.973317e-01 2.966497e-01 2.483825e+00
-4.402710e-01 2.236390e-01 2.518004e+00
-3.503943e-01 2.273190e-01 2.515067e+00
-2.605175e-01 2.309990e-01 2.512131e+00
-8.076400e-02 2.383590e-01 2.506257e+00
-1.731030e-01 2.578700e-01 2.462897e+00
-2.654420e-01 2.773810e-01 2.419536e+00
-2.588455e-01 1.889175e-01 2.510580e+00
-2.522490e-01 1.004540e-01 2.601624e+00
-3.529525e-01 -1.125600e-02 2.549011e+00
-4.536560e-01 -1.229660e-01 2.496397e+00
-2.395550e-01 -1.224740e-01 2.492229e+00
-2.545400e-02 -1.219820e-01 2.488062e+00
-1.313480e-01 -1.164840e-01 2.550258e+00
-2.372420e-01 -1.109860e-01 2.612454e+00
-3.715195e-01 -7.520150e-02 2.563292e+00
-5.057970e-01 -3.941700e-02 2.514129e+00
-2.407280e-01 -2.375250e-02 2.530953e+00
2.434100e-02 -8.088000e-03 2.547778e+00
-2.212335e-01 -1.592125e-01 2.487677e+00
-4.668080e-01 -3.103370e-01 2.427576e+00
-2.471835e-01 -2.613925e-01 2.390269e+00
-2.755900e-02 -2.124480e-01 2.352963e+00
-2.553025e-01 -2.929690e-01 2.379447e+00
-4.830460e-01 -3.734900e-01 2.405931e+00
-2.524655e-01 -3.187380e-01 2.356908e+00
-2.188500e-02 -2.639860e-01 2.307885e+00
-1.864760e-01 -4.451375e-01 2.417692e+00
-3.510670e-01 -6.262890e-01 2.527499e+00
-2.344950e-01 -6.260310e-01 2.521153e+00
-1.179230e-01 -6.257730e-01 2.514806e+00
-2.389840e-01 -8.186055e-01 2.566965e+00
-3.600450e-01 -1.011438e+00 2.619123e+00
-2.449940e-01 -1.006877e+00 2.627971e+00
-1.299430e-01 -1.002316e+00 2.636819e+00
-2.476465e-01 -1.026162e+00 2.546644e+00
-3.653500e-01 -1.050009e+00 2.456468e+00
-2.450300e-01 -1.052003e+00 2.467155e+00
-1.247100e-01 -1.053997e+00 2.477841e+00
-1.964725e-01 -2.682960e-01 2.432306e+00
-2.682350e-01 5.174050e-01 2.386771e+00
-3.550635e-01 3.714300e-01 2.444776e+00
-4.418920e-01 2.254550e-01 2.502782e+00
-2.626320e-01 2.346215e-01 2.516266e+00
-8.337200e-02 2.437880e-01 2.529751e+00
-1.707530e-01 2.629405e-01 2.476977e+00
-2.581340e-01 2.820930e-01 2.424203e+00
-2.603435e-01 1.925800e-01 2.514430e+00
-2.625530e-01 1.030670e-01 2.604657e+00
-3.587335e-01 -1.162200e-02 2.539340e+00
-4.549140e-01 -1.263110e-01 2.474022e+00
-2.429865e-01 -1.112705e-01 2.500807e+00
-3.105900e-02 -9.623000e-02 2.527591e+00
-1.446980e-01 -1.022610e-01 2.574088e+00
-2.583370e-01 -1.082920e-01 2.620585e+00
-3.824585e-01 -7.024600e-02 2.569422e+00
-5.065800e-01 -3.220000e-02 2.518259e+00
-2.483665e-01 -1.212100e-02 2.564330e+00
9.847000e-03 7.958000e-03 2.610401e+00
-2.352760e-01 -1.430730e-01 2.514064e+00
-4.803990e-01 -2.941040e-01 2.417728e+00
-2.428025e-01 -1.376395e-01 2.373493e+00
-5.206000e-03 1.882500e-02 2.329259e+00
-2.549105e-01 -1.697170e-01 2.375624e+00
-5.046150e-01 -3.582590e-01 2.421989e+00
-2.634635e-01 -1.483890e-01 2.350089e+00
-2.231200e-02 6.148100e-02 2.278188e+00
-1.882130e-01 -2.788900e-01 2.405928e+00
-3.541140e-01 -6.192610e-01 2.533668e+00
-2.380450e-01 -6.141875e-01 2.520525e+00
-1.219760e-01 -6.091140e-01 2.507381e+00
-2.386215e-01 -8.080575e-01 2.560748e+00
-3.552670e-01 -1.007001e+00 2.614116e+00
-2.460490e-01 -9.944045e-01 2.627258e+00
-1.368310e-01 -9.818080e-01 2.640400e+00
-2.362525e-01 -1.011304e+00 2.545947e+00
-3.356740e-01 -1.040800e+00 2.451493e+00
-2.238625e-01 -1.039541e+00 2.468215e+00
-1.120510e-01 -1.038283e+00 2.484936e+00
-1.861080e-01 -2.629285e-01 2.431494e+00
-2.601650e-01 5.124260e-01 2.378052e+00
-3.515000e-01 3.698515e-01 2.442074e+00
-4.428350e-01 2.272770e-01 2.506096e+00
-2.634265e-01 2.357515e-01 2.517960e+00
-8.401800e-02 2.442260e-01 2.529824e+00
-1.718440e-01 2.642845e-01 2.478137e+00
-2.596700e-01 2.843430e-01 2.426449e+00
-2.612845e-01 1.937300e-01 2.515585e+00
-2.628990e-01 1.031170e-01 2.604720e+00
-3.597945e-01 -1.242300e-02 2.539607e+00
-4.566900e-01 -1.279630e-01 2.474494e+00
-2.448695e-01 -1.105400e-01 2.500676e+00
-3.304900e-02 -9.311700e-02 2.526859e+00
-1.464795e-01 -1.004350e-01 2.573679e+00
-2.599100e-01 -1.077530e-01 2.620499e+00
-3.832625e-01 -6.950400e-02 2.565249e+00
-5.066150e-01 -3.125500e-02 2.509999e+00
-2.557970e-01 -1.778950e-02 2.546827e+00
-4.979000e-03 -4.324000e-03 2.583655e+00
-2.424640e-01 -1.499000e-01 2.499426e+00
-4.799490e-01 -2.954760e-01 2.415196e+00
-2.322585e-01 -9.758000e-02 2.368902e+00
1.543200e-02 1.003160e-01 2.322608e+00
-2.392975e-01 -1.289980e-01 2.380880e+00
-4.940270e-01 -3.583120e-01 2.439152e+00
-2.485380e-01 -1.064865e-01 2.356632e+00
-3.049000e-03 1.453390e-01 2.274113e+00
-1.781925e-01 -2.370880e-01 2.404107e+00
-3.533360e-01 -6.195150e-01 2.534101e+00
-2.380430e-01 -6.134100e-01 2.521856e+00
-1.227500e-01 -6.073050e-01 2.509612e+00
-2.361890e-01 -8.069645e-01 2.563537e+00
-3.496280e-01 -1.006624e+00 2.617462e+00
-2.390545e-01 -9.947440e-01 2.626263e+00
-1.284810e-01 -9.828640e-01 2.635065e+00
-2.295530e-01 -1.012147e+00 2.545023e+00
-3.306250e-01 -1.041431e+00 2.454981e+00
-2.186495e-01 -1.038566e+00 2.466433e+00
-1.066740e-01 -1.035701e+00 2.477886e+00
-1.826225e-01 -2.632960e-01 2.425419e+00
-2.585710e-01 5.091090e-01 2.372952e+00
-3.538550e-01 3.707340e-01 2.430694e+00
-4.491390e-01 2.323590e-01 2.488437e+00
-2.706150e-01 2.412445e-01 2.509654e+00
-9.209100e-02 2.501300e-01 2.530872e+00
-1.766470e-01 2.652320e-01 2.472480e+00
-2.612030e-01 2.803340e-01 2.414088e+00
-2.687585e-01 1.991885e-01 2.511642e+00
-2.763140e-01 1.180430e-01 2.609196e+00
-3.670740e-01 -1.740000e-03 2.547895e+00
-4.578340e-01 -1.215230e-01 2.486594e+00
-2.449950e-01 -1.073600e-01 2.505454e+00
-3.215600e-02 -9.319700e-02 2.524315e+00
-1.439530e-01 -9.956800e-02 2.575038e+00
-2.557500e-01 -1.059390e-01 2.625761e+00
-3.840845e-01 -6.267600e-02 2.566020e+00
-5.124190e-01 -1.941300e-02 2.506279e+00
-1.731030e-01 1.166350e-01 2.502891e+00
1.662130e-01 2.526830e-01 2.499503e+00
-1.660020e-01 -1.661000e-02 2.468636e+00
-4.982170e-01 -2.859030e-01 2.437770e+00
-6.403200e-02 5.340050e-02 2.407984e+00
3.701530e-01 3.927040e-01 2.378198e+00
-6.000900e-02 2.700550e-02 2.386369e+00
-4.901710e-01 -3.386930e-01 2.394540e+00
-3.485450e-02 4.477050e-02 2.371145e+00
4.204620e-01 4.282340e-01 2.347750e+00
3.492450e-02 -9.406900e-02 2.438846e+00
-3.506130e-01 -6.163720e-01 2.529941e+00
-2.331510e-01 -6.107105e-01 2.523687e+00
-1.156890e-01 -6.050490e-01 2.517433e+00
-2.352145e-01 -8.037775e-01 2.567560e+00
-3.547400e-01 -1.002506e+00 2.617687e+00
-2.467675e-01 -9.916815e-01 2.628900e+00
-1.387950e-01 -9.808570e-01 2.640112e+00
-2.402960e-01 -1.010223e+00 2.547613e+00
-3.417970e-01 -1.039588e+00 2.455114e+00
-2.284865e-01 -1.036569e+00 2.469130e+00
-1.151760e-01 -1.033550e+00 2.483146e+00
-1.963785e-01 -2.575210e-01 2.429671e+00
-2.775810e-01 5.185080e-01 2.376196e+00
-3.625860e-01 3.760025e-01 2.432287e+00
-4.475910e-01 2.334970e-01 2.488378e+00
-2.695410e-01 2.411520e-01 2.506938e+00
-9.149100e-02 2.488070e-01 2.525498e+00
-1.759205e-01 2.640485e-01 2.468230e+00
-2.603500e-01 2.792900e-01 2.410963e+00
-2.671640e-01 1.991390e-01 2.509390e+00
-2.739780e-01 1.189880e-01 2.607817e+00
-3.651955e-01 5.250000e-04 2.550054e+00
-4.564130e-01 -1.179380e-01 2.492291e+00
-2.429370e-01 -1.061175e-01 2.504336e+00
-2.946100e-02 -9.429700e-02 2.516382e+00
-1.396620e-01 -9.910350e-02 2.570647e+00
-2.498630e-01 -1.039100e-01 2.624912e+00
-3.801830e-01 -6.149000e-02 2.565178e+00
-5.105030e-01 -1.907000e-02 2.505444e+00
-1.724510e-01 1.285010e-01 2.498152e+00
1.656010e-01 2.760720e-01 2.490861e+00
-1.646980e-01 -4.937000e-03 2.463453e+00
-4.949970e-01 -2.859460e-01 2.436046e+00
-5.064100e-02 5.247000e-02 2.410867e+00
3.937150e-01 3.908860e-01 2.385689e+00
-4.774350e-02 2.539250e-02 2.389926e+00
-4.892020e-01 -3.401010e-01 2.394164e+00
-1.947800e-02 3.981600e-02 2.376769e+00
4.502460e-01 4.197330e-01 2.359374e+00
5.020800e-02 -9.736850e-02 2.444244e+00
-3.498300e-01 -6.144700e-01 2.529114e+00
-2.334515e-01 -6.097195e-01 2.524182e+00
-1.170730e-01 -6.049690e-01 2.519251e+00
-2.359340e-01 -8.029905e-01 2.567125e+00
-3.547950e-01 -1.001012e+00 2.615000e+00
-2.401045e-01 -9.929710e-01 2.622750e+00
-1.254140e-01 -9.849300e-01 2.630499e+00
-2.363290e-01 -1.011137e+00 2.541209e+00
-3.472440e-01 -1.037344e+00 2.451919e+00
-2.284555e-01 -1.034690e+00 2.461356e+00
-1.096670e-01 -1.032035e+00 2.470794e+00
-1.899215e-01 -2.548305e-01 2.426397e+00
-2.701760e-01 5.223740e-01 2.382001e+00
-3.577725e-01 3.773950e-01 2.438055e+00
-4.453690e-01 2.324160e-01 2.494109e+00
-2.669355e-01 2.401120e-01 2.505143e+00
-8.850200e-02 2.478080e-01 2.516178e+00
-1.750665e-01 2.635215e-01 2.462724e+00
-2.616310e-01 2.792350e-01 2.409270e+00
-2.641800e-01 1.980895e-01 2.507083e+00
-2.667290e-01 1.169440e-01 2.604896e+00
-3.590940e-01 2.425000e-03 2.552245e+00
-4.514590e-01 -1.120940e-01 2.499593e+00
-2.374270e-01 -1.056805e-01 2.502045e+00
-2.339500e-02 -9.926700e-02 2.504496e+00
-1.311625e-01 -1.004565e-01 2.563630e+00
-2.389300e-01 -1.016460e-01 2.622763e+00
-3.720845e-01 -6.409600e-02 2.566937e+00
-5.052390e-01 -2.654600e-02 2.511111e+00
-1.671970e-01 1.272505e-01 2.488301e+00
1.708450e-01 2.810470e-01 2.465490e+00
-1.658745e-01 -4.914500e-03 2.439189e+00
-5.025940e-01 -2.908760e-01 2.412888e+00
-4.871000e-02 5.142600e-02 2.384605e+00
4.051740e-01 3.937280e-01 2.356321e+00
-2.817500e-02 3.399300e-02 2.363285e+00
-4.615240e-01 -3.257420e-01 2.370249e+00
2.060000e-04 4.797900e-02 2.349905e+00
4.619360e-01 4.217000e-01 2.329561e+00
5.570800e-02 -9.514350e-02 2.428584e+00
-3.505200e-01 -6.119870e-01 2.527606e+00
-2.325525e-01 -6.094585e-01 2.522038e+00
-1.145850e-01 -6.069300e-01 2.516470e+00
-2.328625e-01 -8.019280e-01 2.568506e+00
-3.511400e-01 -9.969260e-01 2.620542e+00
-2.392575e-01 -9.913525e-01 2.625790e+00
-1.273750e-01 -9.857790e-01 2.631038e+00
-2.399780e-01 -1.010976e+00 2.544503e+00
-3.525810e-01 -1.036174e+00 2.457968e+00
-2.352375e-01 -1.035290e+00 2.464631e+00
-1.178940e-01 -1.034407e+00 2.471294e+00
-1.938550e-01 -2.570890e-01 2.422165e+00
-2.698160e-01 5.202290e-01 2.373035e+00
-3.555650e-01 3.760385e-01 2.434401e+00
-4.413140e-01 2.318480e-01 2.495768e+00
-2.620090e-01 2.411735e-01 2.508529e+00
-8.270400e-02 2.504990e-01 2.521291e+00
-1.700515e-01 2.665025e-01 2.467424e+00
-2.573990e-01 2.825060e-01 2.413557e+00
-2.598855e-01 1.990935e-01 2.509445e+00
-2.623720e-01 1.156810e-01 2.605334e+00
-3.557595e-01 3.480500e-03 2.552165e+00
-4.491470e-01 -1.087200e-01 2.498996e+00
-2.350660e-01 -1.043060e-01 2.501578e+00
-2.098500e-02 -9.989200e-02 2.504161e+00
-1.287905e-01 -1.003045e-01 2.563235e+00
-2.365960e-01 -1.007170e-01 2.622310e+00
-3.702865e-01 -6.340200e-02 2.567850e+00
-5.039770e-01 -2.608700e-02 2.513390e+00
-1.631650e-01 1.103365e-01 2.490086e+00
1.776470e-01 2.467600e-01 2.466782e+00
-1.596075e-01 -2.089550e-02 2.439095e+00
-4.968620e-01 -2.885510e-01 2.411408e+00
-5.745050e-02 5.647700e-02 2.380683e+00
3.819610e-01 4.015050e-01 2.349958e+00
-4.898250e-02 2.366900e-02 2.375024e+00
-4.799260e-01 -3.541670e-01 2.400090e+00
-2.426450e-02 4.270950e-02 2.360651e+00
4.313970e-01 4.395860e-01 2.321211e+00
4.027900e-02 -8.508000e-02 2.423412e+00
-3.508390e-01 -6.097460e-01 2.525614e+00
-2.328855e-01 -6.081715e-01 2.519968e+00
-1.149320e-01 -6.065970e-01 2.514322e+00
-2.337760e-01 -7.991600e-01 2.572185e+00
-3.526200e-01 -9.917230e-01 2.630049e+00
-2.461970e-01 -9.862875e-01 2.635691e+00
-1.397740e-01 -9.808520e-01 2.641333e+00
-2.473400e-01 -1.008335e+00 2.555033e+00
-3.549060e-01 -1.035817e+00 2.468733e+00
-2.415290e-01 -1.035490e+00 2.476154e+00
-1.281520e-01 -1.035162e+00 2.483574e+00
-2.005820e-01 -2.575150e-01 2.426776e+00
-2.730120e-01 5.201320e-01 2.369979e+00
-3.586610e-01 3.718870e-01 2.431319e+00
-4.443100e-01 2.236420e-01 2.492659e+00
-2.652425e-01 2.387115e-01 2.503045e+00
-8.617500e-02 2.537810e-01 2.513430e+00
-1.747320e-01 2.672865e-01 2.460870e+00
-2.632890e-01 2.807920e-01 2.408309e+00
-2.617430e-01 1.967170e-01 2.503637e+00
-2.601970e-01 1.126420e-01 2.598965e+00
-3.541345e-01 -4.660000e-04 2.544681e+00
-4.480720e-01 -1.135740e-01 2.490396e+00
-2.341910e-01 -1.063610e-01 2.498120e+00
-2.031000e-02 -9.914800e-02 2.505844e+00
-1.295345e-01 -9.956450e-02 2.562252e+00
-2.387590e-01 -9.998100e-02 2.618660e+00
-3.681290e-01 -6.581800e-02 2.566934e+00
-4.974990e-01 -3.165500e-02 2.515207e+00
-2.077390e-01 1.154800e-02 2.526679e+00
8.202100e-02 5.475100e-02 2.538151e+00
-2.037480e-01 -1.211460e-01 2.486940e+00
-4.895170e-01 -2.970430e-01 2.435728e+00
-1.618690e-01 -1.648050e-02 2.406353e+00
1.657790e-01 2.640820e-01 2.376979e+00
-1.591530e-01 -4.583850e-02 2.388723e+00
-4.840850e-01 -3.557590e-01 2.400466e+00
-1.307875e-01 -3.366350e-02 2.373646e+00
2.225100e-01 2.884320e-01 2.346827e+00
-6.252500e-02 -1.619810e-01 2.438772e+00
-3.475600e-01 -6.123940e-01 2.530716e+00
-2.302770e-01 -6.099010e-01 2.522903e+00
-1.129940e-01 -6.074080e-01 2.515091e+00
-2.355550e-01 -8.034300e-01 2.564408e+00
-3.581160e-01 -9.994520e-01 2.613725e+00
-2.444825e-01 -9.937125e-01 2.618417e+00
-1.308490e-01 -9.879730e-01 2.623108e+00
-2.424015e-01 -1.011297e+00 2.536688e+00
-3.539540e-01 -1.034621e+00 2.450268e+00
-2.358360e-01 -1.034345e+00 2.456570e+00
-1.177180e-01 -1.034069e+00 2.462873e+00
-1.943685e-01 -2.586350e-01 2.413406e+00
-2.710190e-01 5.167990e-01 2.363940e+00
-3.563130e-01 3.701390e-01 2.429538e+00
-4.416070e-01 2.234790e-01 2.495136e+00
-2.622615e-01 2.363500e-01 2.503482e+00
-8.291600e-02 2.492210e-01 2.511828e+00
-1.719295e-01 2.642075e-01 2.460453e+00
-2.609430e-01 2.791940e-01 2.409078e+00
-2.592540e-01 1.943140e-01 2.503687e+00
-2.575650e-01 1.094340e-01 2.598297e+00
-3.520190e-01 -2.798500e-03 2.541892e+00
-4.464730e-01 -1.150310e-01 2.485487e+00
-2.327730e-01 -1.070840e-01 2.496714e+00
-1.907300e-02 -9.913700e-02 2.507942e+00
-1.292175e-01 -9.957950e-02 2.562532e+00
-2.393620e-01 -1.000220e-01 2.617123e+00
-3.677305e-01 -6.527850e-02 2.571638e+00
-4.960990e-01 -3.053500e-02 2.526152e+00
-2.306000e-01 -4.147000e-03 2.546623e+00
3.489900e-02 2.224100e-02 2.567095e+00
-2.271320e-01 -1.349855e-01 2.501285e+00
-4.891630e-01 -2.922120e-01 2.435475e+00
-1.773940e-01 -4.699000e-02 2.406579e+00
1.343750e-01 1.982320e-01 2.377683e+00
-1.763985e-01 -8.079450e-02 2.400550e+00
-4.871720e-01 -3.598210e-01 2.423416e+00
-1.554000e-01 -6.758600e-02 2.376786e+00
1.763720e-01 2.246490e-01 2.330156e+00
-8.503100e-02 -1.941825e-01 2.431261e+00
-3.464340e-01 -6.130140e-01 2.532365e+00
-2.294585e-01 -6.104650e-01 2.522902e+00
-1.124830e-01 -6.079160e-01 2.513438e+00
-2.335395e-01 -8.040870e-01 2.564107e+00
-3.545960e-01 -1.000258e+00 2.614776e+00
-2.463840e-01 -9.919485e-01 2.625322e+00
-1.381720e-01 -9.836390e-01 2.635867e+00
-2.429065e-01 -1.009410e+00 2.543613e+00
-3.476410e-01 -1.035181e+00 2.451360e+00
-2.343260e-01 -1.035711e+00 2.464697e+00
-1.210110e-01 -1.036241e+00 2.478034e+00
-1.959045e-01 -2.589125e-01 2.423500e+00
-2.707980e-01 5.184160e-01 2.368966e+00
-3.561120e-01 3.692970e-01 2.432449e+00
-4.414260e-01 2.201780e-01 2.495931e+00
-2.622735e-01 2.342220e-01 2.506285e+00
-8.312100e-02 2.482660e-01 2.516639e+00
-1.719675e-01 2.656510e-01 2.465733e+00
-2.608140e-01 2.830360e-01 2.414828e+00
-2.588440e-01 1.922905e-01 2.503821e+00
-2.568740e-01 1.015450e-01 2.592814e+00
-3.489105e-01 -9.675500e-03 2.535762e+00
-4.409470e-01 -1.208960e-01 2.478711e+00
-2.274065e-01 -1.096460e-01 2.490156e+00
-1.386600e-02 -9.839600e-02 2.501600e+00
-1.241555e-01 -9.828450e-02 2.555899e+00
-2.344450e-01 -9.817300e-02 2.610198e+00
-3.639905e-01 -6.589400e-02 2.570512e+00
-4.935360e-01 -3.361500e-02 2.530825e+00
-2.450605e-01 -9.266500e-03 2.563983e+00
3.415000e-03 1.508200e-02 2.597142e+00
-2.402865e-01 -1.399050e-01 2.518530e+00
-4.839880e-01 -2.948920e-01 2.439918e+00
-2.157345e-01 -1.231920e-01 2.383352e+00
5.251900e-02 4.850800e-02 2.326787e+00
-2.031065e-01 -1.542060e-01 2.375687e+00
-4.587320e-01 -3.569200e-01 2.424586e+00
-1.736260e-01 -1.589880e-01 2.358712e+00
1.114800e-01 3.894400e-02 2.292837e+00
-1.173205e-01 -2.884530e-01 2.413207e+00
-3.461210e-01 -6.158500e-01 2.533577e+00
-2.303045e-01 -6.125675e-01 2.521302e+00
-1.144880e-01 -6.092850e-01 2.509027e+00
-2.359315e-01 -8.061590e-01 2.562469e+00
-3.573750e-01 -1.003033e+00 2.615910e+00
-2.458120e-01 -9.925685e-01 2.628482e+00
-1.342490e-01 -9.821040e-01 2.641055e+00
-2.422240e-01 -1.010045e+00 2.546783e+00
-3.501990e-01 -1.037987e+00 2.452511e+00
-2.350530e-01 -1.038196e+00 2.468365e+00
-1.199070e-01 -1.038404e+00 2.484220e+00
-1.922855e-01 -2.607755e-01 2.430364e+00
-2.646640e-01 5.168530e-01 2.376507e+00
-3.470565e-01 3.726830e-01 2.438791e+00
-4.294490e-01 2.285130e-01 2.501076e+00
-2.499265e-01 2.348915e-01 2.512525e+00
-7.040400e-02 2.412700e-01 2.523975e+00
-1.580160e-01 2.609835e-01 2.471793e+00
-2.456280e-01 2.806970e-01 2.419612e+00
-2.483580e-01 1.927925e-01 2.511393e+00
-2.510880e-01 1.048880e-01 2.603175e+00
-3.506715e-01 -3.864500e-03 2.543938e+00
-4.502550e-01 -1.126170e-01 2.484701e+00
-2.363015e-01 -1.127310e-01 2.493677e+00
-2.234800e-02 -1.128450e-01 2.502653e+00
-1.318435e-01 -1.074750e-01 2.558276e+00
-2.413390e-01 -1.021050e-01 2.613899e+00
-3.686260e-01 -6.568750e-02 2.566357e+00
-4.959130e-01 -2.927000e-02 2.518815e+00
-2.377395e-01 -1.936600e-02 2.525450e+00
2.043400e-02 -9.462000e-03 2.532085e+00
-2.288095e-01 -1.500405e-01 2.472576e+00
-4.780530e-01 -2.906190e-01 2.413066e+00
-2.364500e-01 -2.834540e-01 2.426819e+00
5.153000e-03 -2.762890e-01 2.440572e+00
-2.483310e-01 -3.156795e-01 2.426135e+00
-5.018150e-01 -3.550700e-01 2.411698e+00
-2.369430e-01 -3.479210e-01 2.422830e+00
2.792900e-02 -3.407720e-01 2.433963e+00
-1.586565e-01 -4.783345e-01 2.482162e+00
-3.452420e-01 -6.158970e-01 2.530360e+00
-2.289165e-01 -6.161305e-01 2.521955e+00
-1.125910e-01 -6.163640e-01 2.513549e+00
-2.349075e-01 -8.094120e-01 2.564502e+00
-3.572240e-01 -1.002460e+00 2.615455e+00
-2.483370e-01 -9.967345e-01 2.627223e+00
-1.394500e-01 -9.910090e-01 2.638991e+00
-2.455430e-01 -1.014785e+00 2.545617e+00
-3.516360e-01 -1.038562e+00 2.452244e+00
-2.365965e-01 -1.041761e+00 2.466970e+00
-1.215570e-01 -1.044959e+00 2.481696e+00
-1.815390e-01 -2.659305e-01 2.427066e+00
-2.415210e-01 5.130980e-01 2.372436e+00
-3.339235e-01 3.701635e-01 2.437818e+00
-4.263260e-01 2.272290e-01 2.503201e+00
-2.468775e-01 2.359210e-01 2.514282e+00
-6.742900e-02 2.446130e-01 2.525362e+00
-1.554240e-01 2.635640e-01 2.473544e+00
-2.434190e-01 2.825150e-01 2.421726e+00
-2.447490e-01 1.938565e-01 2.512810e+00
-2.460790e-01 1.051980e-01 2.603894e+00
-3.468490e-01 -2.317000e-03 2.543128e+00
-4.476190e-01 -1.098320e-01 2.482362e+00
-2.338595e-01 -1.114640e-01 2.495055e+00
-2.010000e-02 -1.130960e-01 2.507748e+00
-1.305150e-01 -1.077510e-01 2.561525e+00
-2.409300e-01 -1.024060e-01 2.615302e+00
-3.669175e-01 -6.717200e-02 2.564770e+00
-4.929050e-01 -3.193800e-02 2.514238e+00
-2.368920e-01 -2.037500e-02 2.521135e+00
1.912100e-02 -8.812000e-03 2.528031e+00
-2.316845e-01 -1.540640e-01 2.474209e+00
-4.824900e-01 -2.993160e-01 2.420387e+00
-2.342440e-01 -2.895725e-01 2.432581e+00
1.400200e-02 -2.798290e-01 2.444776e+00
-2.261755e-01 -2.985105e-01 2.400408e+00
-4.663530e-01 -3.171920e-01 2.356040e+00
-2.217895e-01 -3.312295e-01 2.409912e+00
2.277400e-02 -3.452670e-01 2.463785e+00
-1.613585e-01 -4.794975e-01 2.497560e+00
-3.454910e-01 -6.137280e-01 2.531336e+00
-2.290760e-01 -6.148560e-01 2.522465e+00
-1.126610e-01 -6.159840e-01 2.513594e+00
-2.346195e-01 -8.082900e-01 2.564377e+00
-3.565780e-01 -1.000596e+00 2.615161e+00
-2.486740e-01 -9.953415e-01 2.627766e+00
-1.407700e-01 -9.900870e-01 2.640372e+00
-2.445865e-01 -1.013140e+00 2.546160e+00
-3.484030e-01 -1.036194e+00 2.451948e+00
-2.344600e-01 -1.040465e+00 2.467776e+00
-1.205170e-01 -1.044735e+00 2.483604e+00
-1.829110e-01 -2.655985e-01 2.429295e+00
-2.453050e-01 5.135380e-01 2.374985e+00
