-4.297280e-01 2.256190e-01 2.511587e+00
-2.502355e-01 2.355100e-01 2.520780e+00
-7.074300e-02 2.454010e-01 2.529974e+00
-1.595190e-01 2.651855e-01 2.479827e+00
-2.482950e-01 2.849700e-01 2.429680e+00
-2.477790e-01 1.935310e-01 2.517981e+00
-2.472630e-01 1.020920e-01 2.606282e+00
-3.422000e-01 -5.558500e-03 2.544237e+00
-4.371370e-01 -1.132090e-01 2.482193e+00
-2.235095e-01 -1.108255e-01 2.496835e+00
-9.882000e-03 -1.084420e-01 2.511476e+00
-1.208630e-01 -1.053120e-01 2.564254e+00
-2.318440e-01 -1.021820e-01 2.617032e+00
-3.596165e-01 -7.186650e-02 2.568525e+00
-4.873890e-01 -4.155100e-02 2.520018e+00
-2.323385e-01 -2.634350e-02 2.532593e+00
2.271200e-02 -1.113600e-02 2.545169e+00
-2.274060e-01 -1.658165e-01 2.494111e+00
-4.775240e-01 -3.204970e-01 2.443054e+00
-2.077265e-01 -2.981535e-01 2.438817e+00
6.207100e-02 -2.758100e-01 2.434579e+00
-2.113200e-01 -3.312795e-01 2.430458e+00
-4.847110e-01 -3.867490e-01 2.426337e+00
-2.110890e-01 -3.651430e-01 2.436231e+00
6.253300e-02 -3.435370e-01 2.446126e+00
-1.394285e-01 -4.789445e-01 2.488966e+00
-3.413900e-01 -6.143520e-01 2.531806e+00
-2.270915e-01 -6.143650e-01 2.524809e+00
-1.127930e-01 -6.143780e-01 2.517813e+00
-2.346745e-01 -8.076485e-01 2.567094e+00
-3.565560e-01 -1.000919e+00 2.616374e+00
-2.418375e-01 -9.971635e-01 2.623985e+00
-1.271190e-01 -9.934080e-01 2.631597e+00
-2.372045e-01 -1.015181e+00 2.542456e+00
-3.472900e-01 -1.036954e+00 2.453315e+00
-2.292365e-01 -1.039392e+00 2.462810e+00
-1.111830e-01 -1.041830e+00 2.472305e+00
-1.814720e-01 -2.622010e-01 2.432164e+00
-2.517610e-01 5.174280e-01 2.392023e+00
-3.415060e-01 3.717950e-01 2.453716e+00
-4.312510e-01 2.261620e-01 2.515409e+00
-2.518505e-01 2.366245e-01 2.525702e+00
-7.245000e-02 2.470870e-01 2.535996e+00
-1.611275e-01 2.682250e-01 2.486229e+00
-2.498050e-01 2.893630e-01 2.436462e+00
-2.491630e-01 1.947880e-01 2.521395e+00
-2.485210e-01 1.002130e-01 2.606328e+00
-3.422365e-01 -3.899500e-03 2.541132e+00
-4.359520e-01 -1.080120e-01 2.475937e+00
-2.228765e-01 -1.084675e-01 2.497280e+00
-9.801000e-03 -1.089230e-01 2.518623e+00
-1.223315e-01 -1.041135e-01 2.567876e+00
-2.348620e-01 -9.930400e-02 2.617129e+00
-3.609380e-01 -7.090750e-02 2.567277e+00
-4.870140e-01 -4.251100e-02 2.517425e+00
-2.321045e-01 -2.635900e-02 2.524213e+00
2.280500e-02 -1.020700e-02 2.531001e+00
-2.272435e-01 -1.647335e-01 2.480244e+00
-4.772920e-01 -3.192600e-01 2.429486e+00
-2.137760e-01 -2.978280e-01 2.423595e+00
4.974000e-02 -2.763960e-01 2.417703e+00
-2.133780e-01 -3.305920e-01 2.413276e+00
-4.764960e-01 -3.847880e-01 2.408849e+00
-2.131330e-01 -3.649230e-01 2.412088e+00
5.023000e-02 -3.450580e-01 2.415326e+00
-1.463070e-01 -4.779065e-01 2.472316e+00
-3.428440e-01 -6.107550e-01 2.529307e+00
-2.270520e-01 -6.119710e-01 2.522107e+00
-1.112600e-01 -6.131870e-01 2.514906e+00
-2.325455e-01 -8.051315e-01 2.565267e+00
-3.538310e-01 -9.970760e-01 2.615628e+00
-2.472365e-01 -9.922060e-01 2.628444e+00
-1.406420e-01 -9.873360e-01 2.641260e+00
-2.403750e-01 -1.010566e+00 2.547148e+00
-3.401080e-01 -1.033796e+00 2.453037e+00
-2.285710e-01 -1.037885e+00 2.468998e+00
-1.170340e-01 -1.041974e+00 2.484959e+00
-1.822625e-01 -2.625370e-01 2.442903e+00
-2.474910e-01 5.169000e-01 2.400847e+00
-3.393420e-01 3.708395e-01 2.456272e+00
-4.311930e-01 2.247790e-01 2.511697e+00
-2.518480e-01 2.357850e-01 2.522388e+00
-7.250300e-02 2.467910e-01 2.533080e+00
-1.610115e-01 2.663740e-01 2.482384e+00
-2.495200e-01 2.859570e-01 2.431687e+00
-2.490895e-01 1.938465e-01 2.519287e+00
-2.486590e-01 1.017360e-01 2.606888e+00
-3.436170e-01 -4.779500e-03 2.541019e+00
-4.385750e-01 -1.112950e-01 2.475150e+00
-2.254575e-01 -1.089420e-01 2.495941e+00
-1.234000e-02 -1.065890e-01 2.516731e+00
-1.247975e-01 -1.027880e-01 2.566238e+00
-2.372550e-01 -9.898700e-02 2.615745e+00
-3.630075e-01 -7.107200e-02 2.566930e+00
-4.887600e-01 -4.315700e-02 2.518115e+00
-2.338485e-01 -2.700800e-02 2.524283e+00
2.106300e-02 -1.085900e-02 2.530451e+00
-2.277250e-01 -1.629345e-01 2.473806e+00
-4.765130e-01 -3.150100e-01 2.417160e+00
-2.149495e-01 -2.950570e-01 2.415138e+00
4.661400e-02 -2.751040e-01 2.413115e+00
-2.172240e-01 -3.276455e-01 2.404512e+00
-4.810620e-01 -3.801870e-01 2.395908e+00
-2.134945e-01 -3.617120e-01 2.406893e+00
5.407300e-02 -3.432370e-01 2.417877e+00
-1.445755e-01 -4.777900e-01 2.474026e+00
-3.432240e-01 -6.123430e-01 2.530175e+00
-2.278310e-01 -6.123820e-01 2.521720e+00
-1.124380e-01 -6.124210e-01 2.513265e+00
-2.345760e-01 -8.057115e-01 2.563936e+00
-3.567140e-01 -9.990020e-01 2.614607e+00
-2.479915e-01 -9.927585e-01 2.627478e+00
-1.392690e-01 -9.865150e-01 2.640349e+00
-2.410280e-01 -1.010768e+00 2.546113e+00
-3.427870e-01 -1.035022e+00 2.451877e+00
-2.295715e-01 -1.038149e+00 2.467932e+00
-1.163560e-01 -1.041276e+00 2.483988e+00
-1.832520e-01 -2.612665e-01 2.441536e+00
-2.501480e-01 5.187430e-01 2.399085e+00
-3.401840e-01 3.707045e-01 2.440445e+00
-4.302200e-01 2.226660e-01 2.481805e+00
-2.507505e-01 2.336560e-01 2.490163e+00
-7.128100e-02 2.446460e-01 2.498521e+00
-1.598205e-01 2.567110e-01 2.445582e+00
-2.483600e-01 2.687760e-01 2.392643e+00
-2.483505e-01 1.917340e-01 2.493752e+00
-2.483410e-01 1.146920e-01 2.594860e+00
-3.426515e-01 2.010000e-04 2.542250e+00
-4.369620e-01 -1.142900e-01 2.489641e+00
-2.231240e-01 -1.096100e-01 2.500043e+00
-9.286000e-03 -1.049300e-01 2.510445e+00
-1.192575e-01 -1.011830e-01 2.565257e+00
-2.292290e-01 -9.743600e-02 2.620068e+00
-3.578500e-01 -7.141450e-02 2.559642e+00
-4.864710e-01 -4.539300e-02 2.499217e+00
-2.299455e-01 -2.846950e-02 2.504151e+00
2.658000e-02 -1.154600e-02 2.509086e+00
-2.208710e-01 -1.657510e-01 2.457432e+00
-4.683220e-01 -3.199560e-01 2.405779e+00
-2.187975e-01 -2.962085e-01 2.393496e+00
3.072700e-02 -2.724610e-01 2.381213e+00
-2.175245e-01 -3.287225e-01 2.382480e+00
-4.657760e-01 -3.849840e-01 2.383748e+00
-2.234705e-01 -3.619200e-01 2.389013e+00
1.883500e-02 -3.388560e-01 2.394279e+00
-1.618965e-01 -4.763550e-01 2.466408e+00
-3.426280e-01 -6.138540e-01 2.538537e+00
-2.262315e-01 -6.128365e-01 2.531982e+00
-1.098350e-01 -6.118190e-01 2.525427e+00
-2.331745e-01 -8.065985e-01 2.572132e+00
-3.565140e-01 -1.001378e+00 2.618837e+00
-2.486875e-01 -9.952545e-01 2.630203e+00
-1.408610e-01 -9.891310e-01 2.641569e+00
-2.456935e-01 -1.012314e+00 2.548392e+00
-3.505260e-01 -1.035497e+00 2.455214e+00
-2.379255e-01 -1.037392e+00 2.468994e+00
-1.253250e-01 -1.039288e+00 2.482775e+00
-1.857315e-01 -2.669430e-01 2.409371e+00
-2.461380e-01 5.054020e-01 2.335966e+00
-3.370780e-01 3.611415e-01 2.394246e+00
-4.280180e-01 2.168810e-01 2.452527e+00
-2.485420e-01 2.280420e-01 2.460510e+00
-6.906600e-02 2.392030e-01 2.468493e+00
-1.572745e-01 2.451605e-01 2.413985e+00
-2.454830e-01 2.511180e-01 2.359478e+00
-2.463645e-01 1.868500e-01 2.469146e+00
-2.472460e-01 1.225820e-01 2.578815e+00
-3.428190e-01 4.565000e-04 2.543493e+00
-4.383920e-01 -1.216690e-01 2.508170e+00
-2.247530e-01 -1.121715e-01 2.519357e+00
-1.111400e-02 -1.026740e-01 2.530545e+00
-1.213825e-01 -1.003775e-01 2.584837e+00
-2.316510e-01 -9.808100e-02 2.639129e+00
-3.587600e-01 -7.341150e-02 2.563475e+00
-4.858690e-01 -4.874200e-02 2.487821e+00
-2.302910e-01 -3.211450e-02 2.496718e+00
2.528700e-02 -1.548700e-02 2.505615e+00
-2.172840e-01 -1.717245e-01 2.459276e+00
-4.598550e-01 -3.279620e-01 2.412937e+00
-2.150205e-01 -3.072560e-01 2.407428e+00
2.981400e-02 -2.865500e-01 2.401920e+00
-2.117175e-01 -3.408120e-01 2.414001e+00
-4.532490e-01 -3.950740e-01 2.426082e+00
-2.158320e-01 -3.748500e-01 2.411855e+00
2.158500e-02 -3.546260e-01 2.397627e+00
-1.628795e-01 -4.865580e-01 2.473975e+00
-3.473440e-01 -6.184900e-01 2.550323e+00
-2.288420e-01 -6.153925e-01 2.545675e+00
-1.103400e-01 -6.122950e-01 2.541028e+00
-2.309880e-01 -8.095065e-01 2.584651e+00
-3.516360e-01 -1.006718e+00 2.628275e+00
-2.450900e-01 -1.000309e+00 2.635637e+00
-1.385440e-01 -9.939000e-01 2.643000e+00
-2.425670e-01 -1.016790e+00 2.553692e+00
-3.465900e-01 -1.039681e+00 2.464384e+00
-2.350310e-01 -1.038810e+00 2.473371e+00
-1.234720e-01 -1.037940e+00 2.482358e+00
-1.868220e-01 -2.861020e-01 2.370159e+00
-2.501720e-01 4.657360e-01 2.257959e+00
-3.394565e-01 3.392830e-01 2.351006e+00
-4.287410e-01 2.128300e-01 2.444054e+00
-2.492975e-01 2.250560e-01 2.451157e+00
-6.985400e-02 2.372820e-01 2.458261e+00
-1.582430e-01 2.411540e-01 2.403858e+00
-2.466320e-01 2.450260e-01 2.349455e+00
-2.469030e-01 1.841600e-01 2.461051e+00
-2.471740e-01 1.232940e-01 2.572647e+00
-3.436330e-01 4.595000e-04 2.543984e+00
-4.400920e-01 -1.223750e-01 2.515321e+00
-2.262860e-01 -1.126475e-01 2.522339e+00
-1.248000e-02 -1.029200e-01 2.529357e+00
-1.217500e-01 -9.881700e-02 2.585529e+00
-2.310200e-01 -9.471400e-02 2.641701e+00
-3.592830e-01 -7.299200e-02 2.564914e+00
-4.875460e-01 -5.127000e-02 2.488127e+00
-2.317405e-01 -3.401250e-02 2.494371e+00
2.406500e-02 -1.675500e-02 2.500615e+00
-2.168045e-01 -1.736700e-01 2.457829e+00
-4.576740e-01 -3.305850e-01 2.415043e+00
-2.123170e-01 -3.119660e-01 2.414048e+00
3.304000e-02 -2.933470e-01 2.413053e+00
-2.068630e-01 -3.416360e-01 2.430481e+00
-4.467660e-01 -3.899250e-01 2.447909e+00
-2.198465e-01 -3.732200e-01 2.426743e+00
7.073000e-03 -3.565150e-01 2.405576e+00
-1.704275e-01 -4.877730e-01 2.479774e+00
-3.479280e-01 -6.190310e-01 2.553973e+00
-2.281565e-01 -6.155620e-01 2.550733e+00
-1.083850e-01 -6.120930e-01 2.547494e+00
-2.301205e-01 -8.108210e-01 2.583505e+00
-3.518560e-01 -1.009549e+00 2.619515e+00
-2.456325e-01 -1.002061e+00 2.632397e+00
-1.394090e-01 -9.945740e-01 2.645278e+00
-2.444255e-01 -1.015913e+00 2.549936e+00
-3.494420e-01 -1.037253e+00 2.454593e+00
-2.379360e-01 -1.037058e+00 2.469289e+00
-1.264300e-01 -1.036863e+00 2.483984e+00
-1.878125e-01 -2.950915e-01 2.356901e+00
-2.491950e-01 4.466800e-01 2.229817e+00
-3.413660e-01 3.122820e-01 2.309067e+00
-4.335370e-01 1.778840e-01 2.388317e+00
-2.540845e-01 1.896150e-01 2.396011e+00
-7.463200e-02 2.013460e-01 2.403705e+00
-1.619050e-01 1.918335e-01 2.348205e+00
-2.491780e-01 1.823210e-01 2.292705e+00
-2.525400e-01 1.526955e-01 2.416275e+00
-2.559020e-01 1.230700e-01 2.539844e+00
-3.500170e-01 -7.237000e-03 2.542939e+00
-4.441320e-01 -1.375440e-01 2.546034e+00
-2.303855e-01 -1.249850e-01 2.542641e+00
-1.663900e-02 -1.124260e-01 2.539248e+00
-1.237300e-01 -9.952900e-02 2.598216e+00
-2.308210e-01 -8.663200e-02 2.657185e+00
-3.500800e-01 -8.604250e-02 2.558044e+00
-4.693390e-01 -8.545300e-02 2.458902e+00
-2.252310e-01 -6.282500e-02 2.477464e+00
1.887700e-02 -4.019700e-02 2.496027e+00
-2.137585e-01 -2.072160e-01 2.462923e+00
-4.463940e-01 -3.742350e-01 2.429819e+00
-2.061915e-01 -3.504965e-01 2.438319e+00
3.401100e-02 -3.267580e-01 2.446820e+00
-1.997205e-01 -3.752670e-01 2.461225e+00
-4.334520e-01 -4.237760e-01 2.475630e+00
-2.015370e-01 -4.095070e-01 2.463328e+00
3.037800e-02 -3.952380e-01 2.451027e+00
-1.586295e-01 -5.122670e-01 2.514934e+00
-3.476370e-01 -6.292960e-01 2.578841e+00
-2.284775e-01 -6.241790e-01 2.581636e+00
-1.093180e-01 -6.190620e-01 2.584431e+00
-2.297190e-01 -8.212970e-01 2.600261e+00
-3.501200e-01 -1.023532e+00 2.616091e+00
-2.443100e-01 -1.016569e+00 2.629587e+00
-1.385000e-01 -1.009606e+00 2.643083e+00
-2.469190e-01 -1.024415e+00 2.546372e+00
-3.553380e-01 -1.039225e+00 2.449661e+00
-2.455265e-01 -1.036935e+00 2.463701e+00
-1.357150e-01 -1.034645e+00 2.477741e+00
-1.911415e-01 -3.279875e-01 2.310164e+00
-2.465680e-01 3.786700e-01 2.142587e+00
-3.409715e-01 2.670460e-01 2.258142e+00
-4.353750e-01 1.554220e-01 2.373698e+00
-2.561035e-01 1.692425e-01 2.382106e+00
-7.683200e-02 1.830630e-01 2.390514e+00
-1.634820e-01 1.685700e-01 2.335115e+00
-2.501320e-01 1.540770e-01 2.279716e+00
-2.544680e-01 1.340025e-01 2.405162e+00
-2.588040e-01 1.139280e-01 2.530607e+00
-3.511665e-01 -1.747350e-02 2.541683e+00
-4.435290e-01 -1.488750e-01 2.552760e+00
-2.298665e-01 -1.347070e-01 2.550639e+00
-1.620400e-02 -1.205390e-01 2.548519e+00
-1.239710e-01 -1.051220e-01 2.605621e+00
-2.317380e-01 -8.970500e-02 2.662724e+00
-3.514845e-01 -9.805600e-02 2.557488e+00
-4.712310e-01 -1.064070e-01 2.452251e+00
-2.268750e-01 -8.165250e-02 2.470205e+00
1.748100e-02 -5.689800e-02 2.488160e+00
-2.145635e-01 -2.268205e-01 2.461330e+00
-4.466080e-01 -3.967430e-01 2.434500e+00
-2.074640e-01 -3.719320e-01 2.447323e+00
3.168000e-02 -3.471210e-01 2.460147e+00
-1.949425e-01 -4.039155e-01 2.446719e+00
-4.215650e-01 -4.607100e-01 2.433290e+00
-1.951505e-01 -4.381940e-01 2.448969e+00
3.126400e-02 -4.156780e-01 2.464647e+00
-1.587240e-01 -5.265480e-01 2.528325e+00
-3.487120e-01 -6.374180e-01 2.592003e+00
-2.296010e-01 -6.317760e-01 2.595084e+00
-1.104900e-01 -6.261340e-01 2.598164e+00
-2.322740e-01 -8.294320e-01 2.606439e+00
-3.540580e-01 -1.032730e+00 2.614714e+00
-2.445990e-01 -1.025945e+00 2.627292e+00
-1.351400e-01 -1.019159e+00 2.639869e+00
-2.463300e-01 -1.030717e+00 2.543820e+00
-3.575200e-01 -1.042274e+00 2.447772e+00
-2.453520e-01 -1.039601e+00 2.460675e+00
-1.331840e-01 -1.036928e+00 2.473577e+00
-1.919770e-01 -3.492185e-01 2.294218e+00
-2.507700e-01 3.384910e-01 2.114858e+00
-3.428820e-01 2.270800e-01 2.225499e+00
-4.349940e-01 1.156690e-01 2.336139e+00
-2.563640e-01 1.306270e-01 2.352498e+00
-7.773400e-02 1.455850e-01 2.368856e+00
-1.613415e-01 1.242120e-01 2.311061e+00
-2.449490e-01 1.028390e-01 2.253266e+00
-2.561775e-01 9.853300e-02 2.379811e+00
-2.674060e-01 9.422700e-02 2.506357e+00
-3.566695e-01 -4.281000e-02 2.521052e+00
-4.459330e-01 -1.798470e-01 2.535748e+00
-2.350060e-01 -1.518950e-01 2.559944e+00
-2.407900e-02 -1.239430e-01 2.584139e+00
-1.394125e-01 -1.080895e-01 2.623622e+00
-2.547460e-01 -9.223600e-02 2.663106e+00
-3.633900e-01 -1.137895e-01 2.555300e+00
-4.720340e-01 -1.353430e-01 2.447494e+00
-2.322290e-01 -1.101910e-01 2.472037e+00
7.576000e-03 -8.503900e-02 2.496581e+00
-2.164640e-01 -2.551395e-01 2.455888e+00
-4.405040e-01 -4.252400e-01 2.415194e+00
-2.033430e-01 -4.002740e-01 2.439056e+00
3.381800e-02 -3.753080e-01 2.462919e+00
-1.983880e-01 -4.308645e-01 2.453881e+00
-4.305940e-01 -4.864210e-01 2.444843e+00
-2.093645e-01 -4.630240e-01 2.458918e+00
1.186500e-02 -4.396270e-01 2.472993e+00
-1.720025e-01 -5.464835e-01 2.541821e+00
-3.558700e-01 -6.533400e-01 2.610649e+00
-2.335525e-01 -6.416465e-01 2.608177e+00
-1.112350e-01 -6.299530e-01 2.605705e+00
-2.321390e-01 -8.395095e-01 2.600945e+00
-3.530430e-01 -1.049066e+00 2.596186e+00
-2.471385e-01 -1.036608e+00 2.612405e+00
-1.412340e-01 -1.024149e+00 2.628625e+00
-2.376705e-01 -1.033505e+00 2.529376e+00
-3.341070e-01 -1.042862e+00 2.430127e+00
-2.267510e-01 -1.039146e+00 2.446659e+00
-1.193950e-01 -1.035430e+00 2.463191e+00
-1.847435e-01 -3.821705e-01 2.265737e+00
-2.500920e-01 2.710890e-01 2.068282e+00
-3.430040e-01 1.909225e-01 2.200826e+00
-4.359160e-01 1.107560e-01 2.333370e+00
-2.571505e-01 1.236650e-01 2.349987e+00
-7.838500e-02 1.365740e-01 2.366604e+00
-1.621035e-01 1.151490e-01 2.308989e+00
-2.458220e-01 9.372400e-02 2.251374e+00
-2.574725e-01 9.213100e-02 2.377944e+00
-2.691230e-01 9.053800e-02 2.504515e+00
-3.581790e-01 -4.405750e-02 2.521401e+00
-4.472350e-01 -1.786530e-01 2.538286e+00
-2.355115e-01 -1.562865e-01 2.561301e+00
-2.378800e-02 -1.339200e-01 2.584316e+00
-1.384755e-01 -1.141340e-01 2.623905e+00
-2.531630e-01 -9.434800e-02 2.663494e+00
-3.614225e-01 -1.179560e-01 2.553368e+00
-4.696820e-01 -1.415640e-01 2.443241e+00
-2.315555e-01 -1.178085e-01 2.469092e+00
6.571000e-03 -9.405300e-02 2.494942e+00
-2.155790e-01 -2.626435e-01 2.451360e+00
-4.377290e-01 -4.312340e-01 2.407779e+00
-2.007240e-01 -4.082230e-01 2.439831e+00
3.628100e-02 -3.852120e-01 2.471883e+00
-1.975145e-01 -4.371855e-01 2.458024e+00
-4.313100e-01 -4.891590e-01 2.444165e+00
-2.114975e-01 -4.683785e-01 2.461424e+00
8.315000e-03 -4.475980e-01 2.478683e+00
-1.742020e-01 -5.512145e-01 2.545725e+00
-3.567190e-01 -6.548310e-01 2.612767e+00
-2.343190e-01 -6.453220e-01 2.610301e+00
-1.119190e-01 -6.358130e-01 2.607834e+00
-2.322805e-01 -8.429810e-01 2.598874e+00
-3.526420e-01 -1.050149e+00 2.589915e+00
-2.447765e-01 -1.040447e+00 2.606273e+00
-1.369110e-01 -1.030746e+00 2.622632e+00
-2.358470e-01 -1.035557e+00 2.523270e+00
-3.347830e-01 -1.040369e+00 2.423909e+00
-2.252050e-01 -1.039336e+00 2.440411e+00
-1.156270e-01 -1.038303e+00 2.456914e+00
-1.833780e-01 -3.964760e-01 2.257731e+00
-2.511290e-01 2.453510e-01 2.058548e+00
-3.437250e-01 1.730425e-01 2.193066e+00
-4.363210e-01 1.007340e-01 2.327583e+00
-2.576545e-01 1.151965e-01 2.343991e+00
-7.898800e-02 1.296590e-01 2.360398e+00
-1.626165e-01 1.080990e-01 2.302702e+00
-2.462450e-01 8.653900e-02 2.245006e+00
-2.576080e-01 8.333200e-02 2.371573e+00
-2.689710e-01 8.012500e-02 2.498139e+00
-3.531890e-01 -4.616400e-02 2.516649e+00
-4.374070e-01 -1.724530e-01 2.535160e+00
-2.252745e-01 -1.607700e-01 2.561996e+00
-1.314200e-02 -1.490870e-01 2.588832e+00
-1.273520e-01 -1.223030e-01 2.625584e+00
-2.415620e-01 -9.551900e-02 2.662337e+00
-3.569565e-01 -1.236125e-01 2.549228e+00
-4.723510e-01 -1.517060e-01 2.436120e+00
-2.333115e-01 -1.254300e-01 2.463972e+00
5.728000e-03 -9.915400e-02 2.491823e+00
-2.188370e-01 -2.708470e-01 2.450892e+00
-4.434020e-01 -4.425400e-01 2.409960e+00
-2.065970e-01 -4.163945e-01 2.437006e+00
3.020800e-02 -3.902490e-01 2.464053e+00
-2.017595e-01 -4.503815e-01 2.435757e+00
-4.337270e-01 -5.105140e-01 2.407460e+00
-2.142305e-01 -4.790215e-01 2.450050e+00
5.266000e-03 -4.475290e-01 2.492641e+00
-1.767420e-01 -5.501910e-01 2.554552e+00
-3.587500e-01 -6.528530e-01 2.616463e+00
-2.375860e-01 -6.485050e-01 2.614589e+00
-1.164220e-01 -6.441570e-01 2.612715e+00
-2.314030e-01 -8.460625e-01 2.602894e+00
-3.463840e-01 -1.047968e+00 2.593073e+00
-2.434055e-01 -1.043692e+00 2.604489e+00
-1.404270e-01 -1.039416e+00 2.615905e+00
-2.336045e-01 -1.038479e+00 2.521604e+00
-3.267820e-01 -1.037541e+00 2.427303e+00
-2.220325e-01 -1.039849e+00 2.438795e+00
-1.172830e-01 -1.042158e+00 2.450287e+00
-1.843785e-01 -4.114270e-01 2.249137e+00
-2.514740e-01 2.193040e-01 2.047988e+00
-3.427350e-01 1.645100e-01 2.187566e+00
-4.339960e-01 1.097160e-01 2.327144e+00
-2.554495e-01 1.208655e-01 2.347064e+00
-7.690300e-02 1.320150e-01 2.366984e+00
-1.598625e-01 1.149430e-01 2.306871e+00
-2.428220e-01 9.787100e-02 2.246758e+00
-2.562265e-01 8.745150e-02 2.372735e+00
-2.696310e-01 7.703200e-02 2.498712e+00
-3.614470e-01 -5.471650e-02 2.511998e+00
-4.532630e-01 -1.864650e-01 2.525284e+00
-2.418655e-01 -1.658645e-01 2.552552e+00
-3.046800e-02 -1.452640e-01 2.579820e+00
-1.457850e-01 -1.228250e-01 2.616021e+00
-2.611020e-01 -1.003860e-01 2.652221e+00
-3.710210e-01 -1.203560e-01 2.542565e+00
-4.809400e-01 -1.403260e-01 2.432910e+00
-2.369880e-01 -1.181305e-01 2.464979e+00
6.964000e-03 -9.593500e-02 2.497048e+00
-2.275260e-01 -2.617020e-01 2.441022e+00
-4.620160e-01 -4.274690e-01 2.384996e+00
-2.172980e-01 -4.023435e-01 2.403717e+00
2.742000e-02 -3.772180e-01 2.422438e+00
-2.019240e-01 -4.312970e-01 2.413985e+00
-4.312680e-01 -4.853760e-01 2.405531e+00
-2.180180e-01 -4.610625e-01 2.419909e+00
-4.768000e-03 -4.367490e-01 2.434286e+00
-1.796435e-01 -5.495790e-01 2.524138e+00
-3.545190e-01 -6.624090e-01 2.613989e+00
-2.372570e-01 -6.534695e-01 2.612568e+00
-1.199950e-01 -6.445300e-01 2.611147e+00
-2.327415e-01 -8.513700e-01 2.608210e+00
-3.454880e-01 -1.058210e+00 2.605273e+00
-2.418930e-01 -1.049135e+00 2.611242e+00
-1.382980e-01 -1.040060e+00 2.617210e+00
-2.311430e-01 -1.047064e+00 2.528336e+00
-3.239880e-01 -1.054068e+00 2.439463e+00
-2.192290e-01 -1.048884e+00 2.445584e+00
-1.144700e-01 -1.043700e+00 2.451706e+00
-1.828225e-01 -4.006775e-01 2.254491e+00
-2.511750e-01 2.423450e-01 2.057276e+00
-3.451095e-01 1.792340e-01 2.196843e+00
-4.390440e-01 1.161230e-01 2.336411e+00
-2.601840e-01 1.290760e-01 2.351944e+00
-8.132400e-02 1.420290e-01 2.367477e+00
-1.656285e-01 1.254380e-01 2.309126e+00
-2.499330e-01 1.088470e-01 2.250775e+00
-2.598700e-01 9.500300e-02 2.376743e+00
-2.698070e-01 8.115900e-02 2.502712e+00
-3.653805e-01 -5.574100e-02 2.515122e+00
-4.609540e-01 -1.926410e-01 2.527532e+00
-2.492840e-01 -1.659420e-01 2.545970e+00
-3.761400e-02 -1.392430e-01 2.564408e+00
-1.519270e-01 -1.200005e-01 2.605326e+00
-2.662400e-01 -1.007580e-01 2.646244e+00
-3.728040e-01 -1.204175e-01 2.537392e+00
-4.793680e-01 -1.400770e-01 2.428540e+00
-2.361285e-01 -1.122990e-01 2.462442e+00
7.111000e-03 -8.452100e-02 2.496343e+00
-2.280410e-01 -2.555065e-01 2.436793e+00
-4.631930e-01 -4.264920e-01 2.377243e+00
-2.192160e-01 -3.962820e-01 2.400241e+00
2.476100e-02 -3.660720e-01 2.423240e+00
-2.019470e-01 -4.219200e-01 2.415227e+00
-4.286550e-01 -4.777680e-01 2.407214e+00
-2.150795e-01 -4.536500e-01 2.414317e+00
-1.504000e-03 -4.295320e-01 2.421420e+00
-1.795565e-01 -5.471700e-01 2.516366e+00
-3.576090e-01 -6.648080e-01 2.611312e+00
-2.380375e-01 -6.531830e-01 2.608748e+00
-1.184660e-01 -6.415580e-01 2.606184e+00
-2.317220e-01 -8.510370e-01 2.604515e+00
-3.449780e-01 -1.060516e+00 2.602846e+00
-2.381325e-01 -1.048823e+00 2.611111e+00
-1.312870e-01 -1.037130e+00 2.619377e+00
-2.309030e-01 -1.046810e+00 2.527824e+00
-3.305190e-01 -1.056491e+00 2.436271e+00
-2.224830e-01 -1.049856e+00 2.444680e+00
-1.144470e-01 -1.043222e+00 2.453089e+00
-1.847320e-01 -3.852230e-01 2.262669e+00
-2.550170e-01 2.727760e-01 2.072250e+00
-3.481905e-01 1.970770e-01 2.205080e+00
-4.413640e-01 1.213780e-01 2.337910e+00
-2.626550e-01 1.351960e-01 2.354410e+00
-8.394600e-02 1.490140e-01 2.370910e+00
-1.679340e-01 1.333780e-01 2.311843e+00
-2.519220e-01 1.177420e-01 2.252776e+00
-2.621760e-01 1.004775e-01 2.378296e+00
-2.724300e-01 8.321300e-02 2.503815e+00
-3.647195e-01 -4.999850e-02 2.515011e+00
-4.570090e-01 -1.832100e-01 2.526207e+00
-2.444105e-01 -1.640860e-01 2.543327e+00
-3.181200e-02 -1.449620e-01 2.560447e+00
-1.450945e-01 -1.220465e-01 2.602328e+00
-2.583770e-01 -9.913100e-02 2.644210e+00
-3.705955e-01 -1.170040e-01 2.536606e+00
-4.828140e-01 -1.348770e-01 2.429002e+00
-2.369940e-01 -1.073760e-01 2.460547e+00
8.826000e-03 -7.987500e-02 2.492092e+00
-2.266155e-01 -2.499690e-01 2.432774e+00
-4.620570e-01 -4.200630e-01 2.373456e+00
-2.197785e-01 -3.901285e-01 2.393781e+00
2.250000e-02 -3.601940e-01 2.414105e+00
-2.058385e-01 -4.156075e-01 2.412127e+00
-4.341770e-01 -4.710210e-01 2.410150e+00
-2.141130e-01 -4.480695e-01 2.419732e+00
5.951000e-03 -4.251180e-01 2.429313e+00
-1.766640e-01 -5.426130e-01 2.519020e+00
-3.592790e-01 -6.601080e-01 2.608727e+00
-2.391360e-01 -6.519650e-01 2.606206e+00
-1.189930e-01 -6.438220e-01 2.603686e+00
-2.328590e-01 -8.498080e-01 2.601445e+00
-3.467250e-01 -1.055794e+00 2.599204e+00
-2.390665e-01 -1.047602e+00 2.608001e+00
-1.314080e-01 -1.039410e+00 2.616797e+00
-2.325940e-01 -1.045391e+00 2.524655e+00
-3.337800e-01 -1.051372e+00 2.432514e+00
-2.246635e-01 -1.048398e+00 2.441461e+00
-1.155470e-01 -1.045423e+00 2.450409e+00
-1.856405e-01 -3.747150e-01 2.266876e+00
-2.557340e-01 2.959930e-01 2.083344e+00
-3.495130e-01 2.392510e-01 2.238948e+00
-4.432920e-01 1.825090e-01 2.394552e+00
-2.639875e-01 1.967325e-01 2.401445e+00
-8.468300e-02 2.109560e-01 2.408337e+00
-1.728110e-01 2.095860e-01 2.353392e+00
-2.609390e-01 2.082160e-01 2.298448e+00
-2.613310e-01 1.568190e-01 2.414709e+00
-2.617230e-01 1.054220e-01 2.530970e+00
-3.553275e-01 -2.668900e-02 2.506193e+00
-4.489320e-01 -1.588000e-01 2.481415e+00
-2.370995e-01 -1.365430e-01 2.503513e+00
-2.526700e-02 -1.142860e-01 2.525612e+00
-1.395525e-01 -9.908050e-02 2.568268e+00
-2.538380e-01 -8.387500e-02 2.610925e+00
-3.741625e-01 -8.185900e-02 2.525173e+00
-4.944870e-01 -7.984300e-02 2.439420e+00
-2.437105e-01 -5.581550e-02 2.462997e+00
7.066000e-03 -3.178800e-02 2.486573e+00
-2.275200e-01 -1.919630e-01 2.420668e+00
-4.621060e-01 -3.521380e-01 2.354763e+00
-2.227450e-01 -3.222290e-01 2.360685e+00
1.661600e-02 -2.923200e-01 2.366607e+00
-2.183080e-01 -3.546940e-01 2.350367e+00
-4.532320e-01 -4.170680e-01 2.334127e+00
-2.118830e-01 -3.882245e-01 2.354178e+00
2.946600e-02 -3.593810e-01 2.374230e+00
-1.633680e-01 -4.989620e-01 2.470826e+00
-3.562020e-01 -6.385430e-01 2.567422e+00
-2.352495e-01 -6.297395e-01 2.567359e+00
-1.142970e-01 -6.209360e-01 2.567296e+00
-2.336730e-01 -8.266345e-01 2.588187e+00
-3.530490e-01 -1.032333e+00 2.609078e+00
-2.418895e-01 -1.022413e+00 2.616598e+00
-1.307300e-01 -1.012493e+00 2.624118e+00
-2.335705e-01 -1.031100e+00 2.533842e+00
-3.364110e-01 -1.049708e+00 2.443567e+00
-2.230300e-01 -1.043448e+00 2.451808e+00
-1.096490e-01 -1.037187e+00 2.460050e+00
-1.877830e-01 -3.012570e-01 2.326450e+00
-2.659170e-01 4.346730e-01 2.192851e+00
-3.547795e-01 3.180965e-01 2.299516e+00
-4.436420e-01 2.015200e-01 2.406182e+00
-2.645670e-01 2.145085e-01 2.418967e+00
-8.549200e-02 2.274970e-01 2.431753e+00
-1.721800e-01 2.315915e-01 2.374694e+00
-2.588680e-01 2.356860e-01 2.317634e+00
-2.622710e-01 1.735105e-01 2.428454e+00
-2.656740e-01 1.113350e-01 2.539274e+00
-3.569825e-01 -1.711450e-02 2.507930e+00
-4.482910e-01 -1.455640e-01 2.476586e+00
-2.353780e-01 -1.268050e-01 2.489743e+00
-2.246500e-02 -1.080460e-01 2.502899e+00
-1.344425e-01 -9.345000e-02 2.551480e+00
-2.464200e-01 -7.885400e-02 2.600061e+00
-3.721160e-01 -6.950300e-02 2.523271e+00
-4.978120e-01 -6.015200e-02 2.446481e+00
-2.434450e-01 -3.937250e-02 2.467291e+00
1.092200e-02 -1.859300e-02 2.488100e+00
-2.289185e-01 -1.733405e-01 2.419224e+00
-4.687590e-01 -3.280880e-01 2.350348e+00
-2.230595e-01 -3.002460e-01 2.353426e+00
2.264000e-02 -2.724040e-01 2.356503e+00
-2.215170e-01 -3.326895e-01 2.342239e+00
-4.656740e-01 -3.929750e-01 2.327975e+00
-2.204805e-01 -3.668980e-01 2.345209e+00
2.471300e-02 -3.408210e-01 2.362442e+00
-1.633455e-01 -4.848550e-01 2.461874e+00
-3.514040e-01 -6.288890e-01 2.561307e+00
-2.327150e-01 -6.217725e-01 2.557111e+00
-1.140260e-01 -6.146560e-01 2.552916e+00
-2.334280e-01 -8.180180e-01 2.583399e+00
-3.528300e-01 -1.021380e+00 2.613882e+00
-2.453825e-01 -1.010717e+00 2.627311e+00
-1.379350e-01 -1.000054e+00 2.640740e+00
-2.403570e-01 -1.021818e+00 2.544579e+00
-3.427790e-01 -1.043581e+00 2.448417e+00
-2.322605e-01 -1.040787e+00 2.463537e+00
-1.217420e-01 -1.037994e+00 2.478657e+00
-1.964245e-01 -2.823020e-01 2.358773e+00
-2.711070e-01 4.733900e-01 2.238889e+00
-3.524065e-01 3.454625e-01 2.363809e+00
-4.337060e-01 2.175350e-01 2.488730e+00
-2.544435e-01 2.332655e-01 2.492908e+00
-7.518100e-02 2.489960e-01 2.497087e+00
-1.658825e-01 2.654765e-01 2.449243e+00
-2.565840e-01 2.819570e-01 2.401399e+00
-2.507080e-01 1.913645e-01 2.490375e+00
-2.448320e-01 1.007720e-01 2.579352e+00
-3.435965e-01 -1.368600e-02 2.516468e+00
-4.423610e-01 -1.281440e-01 2.453583e+00
-2.294350e-01 -1.141400e-01 2.471566e+00
-1.650900e-02 -1.001360e-01 2.489548e+00
-1.287055e-01 -9.577450e-02 2.539598e+00
-2.409020e-01 -9.141300e-02 2.589648e+00
-3.653920e-01 -6.930900e-02 2.544055e+00
-4.898820e-01 -4.720500e-02 2.498462e+00
-2.367615e-01 -2.638200e-02 2.504100e+00
1.635900e-02 -5.559000e-03 2.509738e+00
-2.383310e-01 -1.621470e-01 2.458053e+00
-4.930210e-01 -3.187350e-01 2.406368e+00
-2.198075e-01 -2.955150e-01 2.408810e+00
5.340600e-02 -2.722950e-01 2.411253e+00
-2.206760e-01 -3.280225e-01 2.397737e+00
-4.947580e-01 -3.837500e-01 2.384222e+00
-2.220585e-01 -3.599965e-01 2.410222e+00
5.064100e-02 -3.362430e-01 2.436221e+00
-1.494445e-01 -4.773805e-01 2.485991e+00
-3.495300e-01 -6.185180e-01 2.535761e+00
-2.331420e-01 -6.145210e-01 2.529686e+00
-1.167540e-01 -6.105240e-01 2.523612e+00
-2.360065e-01 -8.089185e-01 2.567173e+00
-3.552590e-01 -1.007313e+00 2.610735e+00
-2.390445e-01 -9.995105e-01 2.620741e+00
-1.228300e-01 -9.917080e-01 2.630746e+00
-2.322375e-01 -1.015389e+00 2.538919e+00
-3.416450e-01 -1.039070e+00 2.447093e+00
-2.239110e-01 -1.038026e+00 2.458849e+00
-1.061770e-01 -1.036982e+00 2.470604e+00
-1.890570e-01 -2.622665e-01 2.413010e+00
-2.719370e-01 5.124490e-01 2.355417e+00
-3.535045e-01 3.644300e-01 2.429733e+00
-4.350720e-01 2.164110e-01 2.504048e+00
-2.558300e-01 2.322705e-01 2.499494e+00
-7.658800e-02 2.481300e-01 2.494941e+00
-1.695340e-01 2.646960e-01 2.451652e+00
-2.624800e-01 2.812620e-01 2.408363e+00
-2.521965e-01 1.903810e-01 2.496643e+00
-2.419130e-01 9.950000e-02 2.584922e+00
-3.428220e-01 -1.406600e-02 2.524885e+00
-4.437310e-01 -1.276320e-01 2.464848e+00
-2.300680e-01 -1.159880e-01 2.473186e+00
-1.640500e-02 -1.043440e-01 2.481523e+00
-1.261210e-01 -9.979050e-02 2.536784e+00
-2.358370e-01 -9.523700e-02 2.592045e+00
-3.626320e-01 -7.243350e-02 2.549983e+00
-4.894270e-01 -4.963000e-02 2.507921e+00
-2.361490e-01 -2.747350e-02 2.514935e+00
1.712900e-02 -5.317000e-03 2.521950e+00
-2.378390e-01 -1.651740e-01 2.473637e+00
-4.928070e-01 -3.250310e-01 2.425324e+00
-2.208915e-01 -3.023625e-01 2.434117e+00
5.102400e-02 -2.796940e-01 2.442910e+00
-2.166715e-01 -3.353650e-01 2.425565e+00
-4.843670e-01 -3.910360e-01 2.408221e+00
-2.091820e-01 -3.684855e-01 2.420365e+00
6.600300e-02 -3.459350e-01 2.432510e+00
-1.404985e-01 -4.833595e-01 2.483010e+00
-3.470000e-01 -6.207840e-01 2.533511e+00
-2.316135e-01 -6.170670e-01 2.528585e+00
-1.162270e-01 -6.133500e-01 2.523658e+00
-2.359565e-01 -8.104480e-01 2.570881e+00
-3.556860e-01 -1.007546e+00 2.618104e+00
-2.470590e-01 -9.987545e-01 2.631059e+00
-1.384320e-01 -9.899630e-01 2.644014e+00
-2.444120e-01 -1.016670e+00 2.549418e+00
-3.503920e-01 -1.043377e+00 2.454823e+00
-2.383185e-01 -1.042384e+00 2.470079e+00
-1.262450e-01 -1.041391e+00 2.485335e+00
-2.007680e-01 -2.643550e-01 2.427592e+00
-2.752910e-01 5.126810e-01 2.369848e+00
-3.524665e-01 3.668395e-01 2.442229e+00
-4.296420e-01 2.209980e-01 2.514610e+00
-7.050000e-02 2.439130e-01 2.505042e+00
-2.554440e-01 2.777960e-01 2.416741e+00
-2.393920e-01 1.030260e-01 2.600674e+00
-4.427890e-01 -1.127370e-01 2.491811e+00
-1.454100e-02 -1.134340e-01 2.486296e+00
-2.270970e-01 -9.791100e-02 2.608881e+00
-4.885940e-01 -4.799500e-02 2.515305e+00
2.307400e-02 -1.365400e-02 2.532184e+00
-4.821140e-01 -3.278360e-01 2.433665e+00
5.375300e-02 -2.943490e-01 2.459476e+00
-4.879980e-01 -3.903630e-01 2.461524e+00
3.990900e-02 -3.581340e-01 2.480931e+00
-3.432380e-01 -6.152150e-01 2.538294e+00
-1.141040e-01 -6.158240e-01 2.532442e+00
-3.542440e-01 -1.002813e+00 2.618683e+00
-1.244280e-01 -9.986250e-01 2.633302e+00
-3.580070e-01 -1.036667e+00 2.454938e+00
-1.222060e-01 -1.041290e+00 2.471600e+00
-2.771530e-01 5.125590e-01 2.372817e+00
-4.292510e-01 2.192630e-01 2.519954e+00
-7.027300e-02 2.457230e-01 2.514027e+00
-2.546890e-01 2.785540e-01 2.424235e+00
-2.386900e-01 1.024180e-01 2.606866e+00
-4.420210e-01 -1.207930e-01 2.496235e+00
-1.412700e-02 -1.057600e-01 2.506682e+00
-2.314360e-01 -1.010590e-01 2.621587e+00
-4.877650e-01 -4.879200e-02 2.517235e+00
2.235300e-02 -1.171000e-02 2.534837e+00
-4.756400e-01 -3.233400e-01 2.423010e+00
4.722400e-02 -2.811550e-01 2.429087e+00
-4.818440e-01 -3.865900e-01 2.396907e+00
5.974500e-02 -3.476470e-01 2.417149e+00
-3.464170e-01 -6.186390e-01 2.542381e+00
-1.141420e-01 -6.136950e-01 2.536883e+00
-3.587630e-01 -1.007390e+00 2.616786e+00
-1.235200e-01 -9.985450e-01 2.629721e+00
-3.563470e-01 -1.038901e+00 2.452549e+00
-1.157370e-01 -1.037902e+00 2.467354e+00
-2.755980e-01 5.142070e-01 2.386704e+00
-4.284570e-01 2.203850e-01 2.518504e+00
-6.927100e-02 2.443530e-01 2.515164e+00
-2.527710e-01 2.779560e-01 2.423797e+00
-2.393690e-01 1.027140e-01 2.607492e+00
-4.417810e-01 -1.207680e-01 2.499732e+00
-1.378900e-02 -1.059970e-01 2.505392e+00
-2.297810e-01 -1.015900e-01 2.622763e+00
-4.879380e-01 -4.735900e-02 2.516947e+00
2.293400e-02 -1.322300e-02 2.534677e+00
-4.740730e-01 -3.215380e-01 2.422228e+00
4.799800e-02 -2.814600e-01 2.426240e+00
-4.728450e-01 -3.865080e-01 2.399915e+00
5.816700e-02 -3.458130e-01 2.404428e+00
-3.414680e-01 -6.191280e-01 2.543213e+00
-1.136720e-01 -6.138880e-01 2.536428e+00
-3.562920e-01 -1.007903e+00 2.617040e+00
-1.303160e-01 -9.980900e-01 2.630913e+00
-3.552030e-01 -1.039145e+00 2.452737e+00
-1.235300e-01 -1.038275e+00 2.468704e+00
-2.728120e-01 5.161890e-01 2.391184e+00
-4.280400e-01 2.228030e-01 2.507927e+00
-6.926400e-02 2.487500e-01 2.522300e+00
-2.481390e-01 2.804980e-01 2.421577e+00
-2.430330e-01 1.070010e-01 2.607336e+00
-4.407690e-01 -1.156460e-01 2.500350e+00
-1.297400e-02 -1.045550e-01 2.517552e+00
-2.319510e-01 -1.008240e-01 2.629282e+00
-4.875930e-01 -4.502500e-02 2.513972e+00
2.368100e-02 -9.422000e-03 2.527074e+00
-4.797190e-01 -3.220480e-01 2.426613e+00
4.532600e-02 -2.822320e-01 2.429392e+00
-4.674120e-01 -3.885110e-01 2.414300e+00
4.586700e-02 -3.509260e-01 2.430521e+00
-3.438870e-01 -6.146940e-01 2.548970e+00
-1.155590e-01 -6.119820e-01 2.536800e+00
-3.551480e-01 -1.004546e+00 2.617558e+00
-1.405700e-01 -9.925750e-01 2.643287e+00
-3.496220e-01 -1.033665e+00 2.452955e+00
-1.282990e-01 -1.038266e+00 2.482867e+00
-2.605690e-01 5.139810e-01 2.379747e+00
