-3.998320e-01 3.067900e-01 2.822067e+00
-2.724600e-02 3.804790e-01 2.633585e+00
-1.703580e-01 2.045220e-01 2.758798e+00
-6.451300e-02 7.171200e-02 2.545290e+00
-4.319170e-01 3.291800e-02 2.711217e+00
-4.309160e-01 -2.894470e-01 2.679989e+00
-4.439980e-01 -3.698640e-01 2.692616e+00
-3.212090e-01 -5.325760e-01 2.699448e+00
-3.428330e-01 -9.832670e-01 2.778023e+00
-4.494820e-01 -1.010969e+00 2.589776e+00
-2.040980e-01 6.413300e-01 2.600298e+00
-3.041500e-02 3.807090e-01 2.637567e+00
-1.751360e-01 2.010330e-01 2.755433e+00
-5.961600e-02 6.857600e-02 2.550292e+00
-4.351870e-01 2.079000e-02 2.709811e+00
-4.322480e-01 -3.034030e-01 2.682392e+00
-4.159140e-01 -3.838270e-01 2.674479e+00
-3.246940e-01 -5.355590e-01 2.695670e+00
-3.419090e-01 -9.868380e-01 2.771928e+00
-4.453200e-01 -1.014996e+00 2.581950e+00
-2.142520e-01 6.449800e-01 2.611741e+00
-2.794900e-02 3.837940e-01 2.634958e+00
-1.687890e-01 2.006170e-01 2.752134e+00
-4.653300e-02 5.929200e-02 2.550575e+00
-4.366910e-01 9.159000e-03 2.706643e+00
-4.415850e-01 -3.151970e-01 2.672228e+00
-4.427130e-01 -3.972290e-01 2.664046e+00
-3.244490e-01 -5.402260e-01 2.699710e+00
-3.361880e-01 -9.930630e-01 2.767271e+00
-4.398870e-01 -1.018748e+00 2.577100e+00
-2.129310e-01 6.427090e-01 2.603705e+00
-2.759300e-02 3.808330e-01 2.630536e+00
-1.693800e-01 2.000350e-01 2.750239e+00
-4.214200e-02 5.577800e-02 2.551894e+00
-4.359440e-01 3.217000e-03 2.709516e+00
-4.498210e-01 -3.207910e-01 2.670985e+00
-4.534380e-01 -4.026590e-01 2.661930e+00
-3.273270e-01 -5.429620e-01 2.704861e+00
-3.366430e-01 -9.973600e-01 2.761423e+00
-4.366560e-01 -1.019284e+00 2.568822e+00
-2.130410e-01 6.432130e-01 2.598396e+00
-1.282700e-02 3.705330e-01 2.625232e+00
-1.757880e-01 2.166480e-01 2.755168e+00
-3.177000e-02 5.956100e-02 2.564578e+00
-4.416340e-01 3.122300e-02 2.695324e+00
-4.684480e-01 -2.948100e-01 2.675364e+00
-4.747940e-01 -3.768930e-01 2.670962e+00
-3.250330e-01 -5.368860e-01 2.705803e+00
-3.329090e-01 -9.917450e-01 2.758770e+00
-4.150830e-01 -1.013711e+00 2.557913e+00
-2.109870e-01 6.520310e-01 2.567841e+00
-1.039000e-02 3.725240e-01 2.605692e+00
-1.738130e-01 2.312290e-01 2.748691e+00
-3.503700e-02 6.786300e-02 2.571932e+00
-4.448820e-01 5.260100e-02 2.686301e+00
-4.775680e-01 -2.725080e-01 2.666787e+00
-4.310400e-01 -3.360120e-01 2.642297e+00
-3.237270e-01 -5.250030e-01 2.715145e+00
-3.351190e-01 -9.809680e-01 2.756748e+00
-4.026420e-01 -9.981400e-01 2.550049e+00
-2.097460e-01 6.514820e-01 2.533763e+00
-7.292000e-03 3.710650e-01 2.590444e+00
-1.724910e-01 2.351260e-01 2.736559e+00
-4.017200e-02 7.156800e-02 2.552890e+00
-4.493310e-01 5.203700e-02 2.676749e+00
-4.795090e-01 -2.743290e-01 2.670312e+00
-4.841850e-01 -3.561180e-01 2.661031e+00
-3.223470e-01 -5.190390e-01 2.733569e+00
-3.433490e-01 -9.763630e-01 2.746873e+00
-4.270280e-01 -9.783800e-01 2.545447e+00
-2.093720e-01 6.418300e-01 2.496845e+00
-7.502000e-03 3.490220e-01 2.551783e+00
-1.799190e-01 2.327550e-01 2.706297e+00
-3.217200e-02 6.864700e-02 2.563018e+00
-4.577650e-01 4.274100e-02 2.665313e+00
-4.844710e-01 -2.849900e-01 2.651370e+00
-4.698960e-01 -3.606500e-01 2.622033e+00
-3.168780e-01 -5.204370e-01 2.762633e+00
-3.288720e-01 -9.764540e-01 2.721784e+00
-3.927300e-01 -9.561800e-01 2.514204e+00
-2.120320e-01 5.931170e-01 2.397755e+00
-9.413000e-03 3.287330e-01 2.529206e+00
-2.485730e-01 3.647380e-01 2.460257e+00
-1.826080e-01 2.287280e-01 2.693895e+00
-3.613760e-01 2.424000e-02 2.653352e+00
-3.115200e-02 5.315800e-02 2.557744e+00
-1.624480e-01 6.413000e-02 2.730037e+00
-4.646350e-01 2.307400e-02 2.653263e+00
7.304900e-02 4.605700e-02 2.598940e+00
-4.899650e-01 -3.056610e-01 2.646815e+00
1.041650e-01 -2.821870e-01 2.605082e+00
-4.503210e-01 -3.722870e-01 2.618765e+00
7.002400e-02 -3.571480e-01 2.601522e+00
-3.151110e-01 -5.312990e-01 2.781443e+00
-5.944300e-02 -5.187640e-01 2.754467e+00
-3.470490e-01 -9.830590e-01 2.713199e+00
-7.423600e-02 -9.750430e-01 2.717658e+00
-4.073270e-01 -9.475870e-01 2.506591e+00
-1.318160e-01 -9.562710e-01 2.508110e+00
-2.161910e-01 5.415060e-01 2.336487e+00
-4.209570e-01 2.956370e-01 2.611005e+00
-1.368600e-02 2.980640e-01 2.493106e+00
-2.545460e-01 3.192510e-01 2.423929e+00
-1.821530e-01 2.157150e-01 2.671873e+00
-3.565020e-01 2.979000e-03 2.657085e+00
-2.913400e-02 2.230500e-02 2.549934e+00
-1.559230e-01 5.216800e-02 2.723360e+00
-4.698680e-01 -2.792000e-03 2.632674e+00
7.591000e-02 2.343600e-02 2.585157e+00
-4.945090e-01 -3.315150e-01 2.655114e+00
1.040350e-01 -3.048070e-01 2.610354e+00
-4.572760e-01 -3.891370e-01 2.609389e+00
7.920200e-02 -3.817290e-01 2.626595e+00
-3.209220e-01 -5.489780e-01 2.798730e+00
-5.749900e-02 -5.402100e-01 2.773772e+00
-3.400710e-01 -9.958640e-01 2.700291e+00
-8.806200e-02 -9.918920e-01 2.704395e+00
-4.281200e-01 -9.493420e-01 2.506224e+00
-1.576410e-01 -9.559150e-01 2.500819e+00
-2.208250e-01 4.920600e-01 2.284393e+00
-4.254860e-01 2.449370e-01 2.570792e+00
-2.354800e-02 2.324430e-01 2.436383e+00
-2.675290e-01 2.340250e-01 2.375400e+00
-1.821030e-01 1.841190e-01 2.635494e+00
-3.544960e-01 -2.379200e-02 2.656194e+00
-2.826600e-02 -4.088300e-02 2.545260e+00
-1.527340e-01 4.047100e-02 2.703163e+00
-4.718970e-01 -5.180700e-02 2.612401e+00
7.678400e-02 -2.149400e-02 2.568262e+00
-4.910600e-01 -3.801020e-01 2.644801e+00
1.024380e-01 -3.456720e-01 2.626955e+00
-4.599460e-01 -4.564080e-01 2.647399e+00
7.548700e-02 -4.235830e-01 2.626020e+00
-3.209210e-01 -5.770450e-01 2.807573e+00
-5.421200e-02 -5.824390e-01 2.785523e+00
-3.474050e-01 -1.020859e+00 2.697613e+00
-6.764400e-02 -1.036290e+00 2.725498e+00
-4.367410e-01 -9.679970e-01 2.505771e+00
-1.424570e-01 -1.007251e+00 2.522673e+00
-2.240430e-01 3.850660e-01 2.205214e+00
-4.238430e-01 2.019280e-01 2.543549e+00
-2.006300e-02 1.884390e-01 2.414881e+00
-2.631880e-01 1.881090e-01 2.350554e+00
-1.811790e-01 1.430950e-01 2.612633e+00
-3.550680e-01 -5.746100e-02 2.651541e+00
-2.391900e-02 -7.096500e-02 2.555712e+00
-1.591640e-01 2.435200e-02 2.695952e+00
-4.752920e-01 -8.952100e-02 2.606945e+00
7.724700e-02 -5.636100e-02 2.563920e+00
-4.823180e-01 -4.161500e-01 2.652357e+00
9.761400e-02 -3.778750e-01 2.634720e+00
-4.934350e-01 -4.978440e-01 2.652395e+00
6.747000e-02 -4.545790e-01 2.637013e+00
-3.189470e-01 -5.957900e-01 2.826341e+00
-6.179200e-02 -6.086640e-01 2.784035e+00
-3.466470e-01 -1.033265e+00 2.693627e+00
-8.300200e-02 -1.060298e+00 2.710956e+00
-4.330440e-01 -9.701320e-01 2.503552e+00
-1.448120e-01 -1.024059e+00 2.504935e+00
-2.292920e-01 3.170160e-01 2.172875e+00
-4.287110e-01 1.612010e-01 2.515699e+00
-2.440200e-02 1.433770e-01 2.389239e+00
-2.666760e-01 1.580630e-01 2.323391e+00
-1.891910e-01 8.722600e-02 2.581102e+00
-3.544630e-01 -7.624700e-02 2.667826e+00
-2.620600e-02 -8.325000e-02 2.561886e+00
-1.581440e-01 6.305000e-03 2.708911e+00
-4.756050e-01 -1.236220e-01 2.604982e+00
7.591300e-02 -8.581700e-02 2.558653e+00
-4.852610e-01 -4.493190e-01 2.652449e+00
9.474400e-02 -4.022880e-01 2.647631e+00
-4.693180e-01 -5.277160e-01 2.672377e+00
6.156300e-02 -4.774980e-01 2.641318e+00
-3.022630e-01 -5.726020e-01 2.945943e+00
-1.038160e-01 -5.586020e-01 2.940747e+00
-2.766810e-01 -1.028356e+00 2.983336e+00
2.317600e-02 -9.794050e-01 2.812058e+00
-3.694730e-01 -1.049666e+00 2.787086e+00
-9.038300e-02 -1.064359e+00 2.977786e+00
-2.309030e-01 2.231660e-01 2.143422e+00
-4.376530e-01 8.006500e-02 2.477069e+00
-2.729200e-02 6.073600e-02 2.372159e+00
-2.665010e-01 4.992000e-02 2.295283e+00
-1.984820e-01 3.248000e-02 2.564553e+00
-3.508410e-01 -1.131060e-01 2.675929e+00
-1.782500e-02 -1.338170e-01 2.588202e+00
-1.590960e-01 -1.522100e-02 2.702313e+00
-4.761630e-01 -1.866340e-01 2.615366e+00
9.256400e-02 -1.484660e-01 2.555480e+00
-4.861700e-01 -5.119460e-01 2.670352e+00
8.133200e-02 -4.597230e-01 2.664769e+00
-4.892110e-01 -5.938180e-01 2.679573e+00
5.606400e-02 -5.366640e-01 2.649313e+00
-3.323970e-01 -6.389480e-01 2.793491e+00
-6.449500e-02 -6.573960e-01 2.772720e+00
-2.633800e-01 -1.056533e+00 2.968487e+00
-4.464300e-02 -1.114297e+00 2.748004e+00
-3.594860e-01 -1.145513e+00 2.794060e+00
-1.036080e-01 -1.105509e+00 2.538184e+00
-2.320040e-01 7.226800e-02 2.109249e+00
-4.281690e-01 -3.303000e-03 2.441498e+00
-8.246000e-03 2.585000e-03 2.383135e+00
-2.338240e-01 -6.333900e-02 2.293600e+00
-1.979160e-01 1.070700e-02 2.559428e+00
-3.537700e-01 -1.646550e-01 2.686504e+00
-1.423400e-02 -1.458000e-01 2.628325e+00
-1.792630e-01 -4.087600e-02 2.722136e+00
-4.814340e-01 -2.272600e-01 2.635487e+00
9.560800e-02 -2.014600e-01 2.578597e+00
-4.812270e-01 -5.519910e-01 2.682177e+00
6.842600e-02 -5.149490e-01 2.671422e+00
-4.827640e-01 -6.344220e-01 2.681753e+00
7.600200e-02 -5.906080e-01 2.703292e+00
-3.467380e-01 -6.666810e-01 2.787336e+00
-6.307700e-02 -6.735430e-01 2.775411e+00
-2.630580e-01 -1.075706e+00 2.975646e+00
-7.168200e-02 -1.112820e+00 2.646083e+00
-3.587880e-01 -1.173492e+00 2.805786e+00
-1.083880e-01 -1.051433e+00 2.440018e+00
-2.368400e-01 -2.048300e-02 2.084078e+00
-4.158870e-01 -5.334200e-02 2.426293e+00
7.458000e-03 -5.189900e-02 2.402783e+00
-2.099250e-01 -1.341310e-01 2.306707e+00
-1.963060e-01 -1.769600e-02 2.559085e+00
-3.618740e-01 -2.050860e-01 2.693378e+00
-1.978000e-02 -1.922390e-01 2.650580e+00
-1.867300e-01 -8.544700e-02 2.738712e+00
-4.855050e-01 -2.563590e-01 2.635015e+00
9.938700e-02 -2.570220e-01 2.600525e+00
-4.788630e-01 -5.768370e-01 2.695809e+00
5.943500e-02 -5.712900e-01 2.678530e+00
-4.772080e-01 -6.580160e-01 2.710113e+00
4.031500e-02 -6.502490e-01 2.692578e+00
-3.552720e-01 -7.097390e-01 2.846320e+00
-4.759200e-02 -7.168290e-01 2.747729e+00
-2.519840e-01 -1.128918e+00 2.999240e+00
-5.712100e-02 -1.172031e+00 2.698086e+00
-3.418490e-01 -1.216203e+00 2.820679e+00
-8.132800e-02 -1.148029e+00 2.482641e+00
-2.466840e-01 -8.140600e-02 2.082781e+00
-4.301740e-01 -1.289730e-01 2.403484e+00
-7.891000e-03 -1.010780e-01 2.429477e+00
-2.068890e-01 -2.189930e-01 2.330765e+00
-2.316140e-01 -4.783800e-02 2.548782e+00
-3.726160e-01 -2.734580e-01 2.699880e+00
-3.181600e-02 -2.362110e-01 2.661243e+00
-2.078630e-01 -1.389670e-01 2.742454e+00
-4.901540e-01 -2.876820e-01 2.647479e+00
1.052920e-01 -3.028580e-01 2.616008e+00
-4.784290e-01 -6.013980e-01 2.727080e+00
5.247700e-02 -6.098050e-01 2.704808e+00
-4.758790e-01 -6.811760e-01 2.747728e+00
3.515000e-02 -6.889430e-01 2.720116e+00
-3.662020e-01 -7.664770e-01 2.808362e+00
-6.672800e-02 -7.596650e-01 2.728496e+00
-2.456970e-01 -1.158838e+00 3.011575e+00
-6.625200e-02 -1.217661e+00 2.730484e+00
-3.458720e-01 -1.271318e+00 2.853804e+00
-8.589700e-02 -1.218624e+00 2.513248e+00
-2.354270e-01 -1.985050e-01 2.089283e+00
-3.537550e-01 -7.938800e-02 2.379542e+00
4.960000e-02 -1.549510e-01 2.486175e+00
-1.609910e-01 -2.409110e-01 2.378890e+00
-1.609470e-01 -1.378400e-02 2.539671e+00
-3.592700e-01 -2.240990e-01 2.705003e+00
-2.761500e-02 -2.894530e-01 2.636021e+00
-1.590470e-01 -1.443440e-01 2.729365e+00
-4.891660e-01 -2.608900e-01 2.570009e+00
1.318720e-01 -3.681570e-01 2.674142e+00
-4.704880e-01 -5.359810e-01 2.737227e+00
4.253300e-02 -6.735830e-01 2.726292e+00
-4.621270e-01 -6.166070e-01 2.722161e+00
3.227600e-02 -7.509430e-01 2.752892e+00
-3.619140e-01 -7.512290e-01 2.816644e+00
-6.982800e-02 -7.866800e-01 2.721965e+00
-2.471530e-01 -1.150613e+00 3.009223e+00
-6.687700e-02 -1.244658e+00 2.725436e+00
-3.532820e-01 -1.257260e+00 2.851295e+00
-1.008190e-01 -1.246510e+00 2.509976e+00
-2.187980e-01 -2.245320e-01 2.120303e+00
-3.620970e-01 -8.780100e-02 2.381541e+00
5.475300e-02 -1.185980e-01 2.452701e+00
-1.453750e-01 -2.024580e-01 2.325562e+00
-1.722720e-01 -4.308900e-02 2.552091e+00
-3.070160e-01 -3.144770e-01 2.793928e+00
-3.596700e-02 -2.555280e-01 2.588788e+00
-1.612720e-01 -1.632190e-01 2.739856e+00
-5.109360e-01 -3.141850e-01 2.495899e+00
1.184610e-01 -3.407230e-01 2.634587e+00
-4.777590e-01 -4.778170e-01 2.769453e+00
3.780700e-02 -6.386310e-01 2.720922e+00
-4.631850e-01 -5.569710e-01 2.751574e+00
-3.192400e-02 -6.787720e-01 2.702932e+00
-3.040690e-01 -6.435440e-01 3.133085e+00
2.068800e-02 -7.319880e-01 2.934296e+00
-2.500590e-01 -1.074828e+00 2.988720e+00
-2.545200e-02 -1.175721e+00 2.830681e+00
-3.523500e-01 -1.147378e+00 3.167190e+00
-2.077560e-01 -1.130837e+00 2.719645e+00
-1.935300e-01 -2.056670e-01 2.114638e+00
-3.943490e-01 -1.605460e-01 2.417639e+00
2.662800e-02 -1.908800e-01 2.458070e+00
-1.935860e-01 -3.106550e-01 2.437879e+00
-1.796850e-01 -3.906700e-02 2.496901e+00
-2.850050e-01 -2.359180e-01 2.658807e+00
4.887600e-02 -2.337540e-01 2.745663e+00
-1.301490e-01 -1.113040e-01 2.745610e+00
-4.957780e-01 -3.406720e-01 2.624773e+00
1.502170e-01 -3.509280e-01 2.669606e+00
-4.407300e-01 -5.979440e-01 2.805015e+00
6.454900e-02 -6.476610e-01 2.749085e+00
-4.220900e-01 -6.652510e-01 2.848829e+00
4.281500e-02 -7.243100e-01 2.770297e+00
-2.943620e-01 -4.810010e-01 3.212594e+00
1.124910e-01 -5.287600e-01 3.173756e+00
-4.057940e-01 -8.856130e-01 3.395996e+00
3.053900e-02 -9.342700e-01 2.977263e+00
-2.791520e-01 -9.866840e-01 3.249964e+00
1.279360e-01 -1.034966e+00 3.144453e+00
-2.690770e-01 -3.973130e-01 2.200975e+00
-4.137320e-01 -1.675820e-01 2.487217e+00
9.043000e-03 -1.960960e-01 2.472253e+00
-2.109290e-01 -3.161860e-01 2.493192e+00
-1.912010e-01 -4.045900e-02 2.525161e+00
-3.744570e-01 -2.281390e-01 2.750503e+00
-3.252700e-02 -2.168430e-01 2.795013e+00
-2.118210e-01 -9.515100e-02 2.804426e+00
-4.934150e-01 -3.409640e-01 2.707977e+00
1.531730e-01 -3.549140e-01 2.670113e+00
-3.838650e-01 -6.371760e-01 2.745111e+00
6.974000e-02 -6.467060e-01 2.765076e+00
-3.396450e-01 -7.028630e-01 2.722149e+00
4.857800e-02 -7.223690e-01 2.790070e+00
-4.082670e-01 -3.584820e-01 3.324233e+00
1.643000e-02 -3.949950e-01 3.313741e+00
-3.947280e-01 -6.681020e-01 3.661451e+00
-9.589800e-02 -8.363550e-01 3.362194e+00
-4.120550e-01 -8.286120e-01 3.514772e+00
7.771000e-03 -8.416790e-01 3.554034e+00
-3.737110e-01 -3.459070e-01 2.278284e+00
-3.972470e-01 -1.519580e-01 2.513968e+00
-4.561000e-03 -2.270450e-01 2.452051e+00
-2.347910e-01 -3.206220e-01 2.490592e+00
-1.762270e-01 -5.255300e-02 2.536924e+00
-3.516300e-01 -2.096230e-01 2.769168e+00
-9.209000e-03 -2.259440e-01 2.807984e+00
-1.769940e-01 -8.857600e-02 2.812686e+00
-4.370130e-01 -4.289130e-01 2.418264e+00
1.510030e-01 -3.511410e-01 2.670787e+00
-3.654490e-01 -6.267110e-01 2.662411e+00
7.444400e-02 -6.469980e-01 2.773061e+00
-3.378490e-01 -6.957630e-01 2.698012e+00
5.679800e-02 -7.225130e-01 2.801054e+00
-4.251650e-01 -2.893030e-01 3.338998e+00
-8.901000e-03 -3.398260e-01 3.360324e+00
-4.150650e-01 -5.863110e-01 3.687492e+00
-1.755020e-01 -7.055200e-01 3.580042e+00
-5.259190e-01 -7.308600e-01 3.567511e+00
-3.367900e-02 -6.725500e-01 3.742454e+00
-2.516500e-01 -3.856260e-01 2.267441e+00
-3.609420e-01 -1.425400e-01 2.513974e+00
4.063300e-02 -1.991880e-01 2.496990e+00
-1.886180e-01 -3.020200e-01 2.486153e+00
-1.481820e-01 -4.483000e-02 2.584413e+00
-3.954290e-01 -1.964360e-01 2.799625e+00
-5.331700e-02 -2.400210e-01 2.808833e+00
-2.081470e-01 -8.831300e-02 2.816334e+00
-4.394210e-01 -4.208510e-01 2.440795e+00
1.603620e-01 -3.794670e-01 2.702259e+00
-4.218840e-01 -5.195040e-01 2.750028e+00
5.617900e-02 -6.733490e-01 2.794154e+00
-3.807800e-01 -5.909240e-01 2.752679e+00
3.677300e-02 -7.473970e-01 2.824775e+00
-4.715310e-01 -2.739400e-01 3.357401e+00
-4.538200e-02 -3.041140e-01 3.378912e+00
-4.204300e-01 -5.799090e-01 3.694352e+00
-2.012010e-01 -6.172030e-01 3.674649e+00
-6.307630e-01 -6.348250e-01 3.676384e+00
-1.194800e-02 -6.092250e-01 3.782808e+00
-2.416080e-01 -4.196280e-01 2.296297e+00
-3.320180e-01 -1.255220e-01 2.527019e+00
6.534000e-02 -2.187370e-01 2.478615e+00
-1.736880e-01 -2.956720e-01 2.464666e+00
-1.026420e-01 -6.271100e-02 2.599271e+00
-3.624080e-01 -1.940310e-01 2.787879e+00
-2.769100e-02 -2.578180e-01 2.841921e+00
-1.722340e-01 -9.690300e-02 2.825880e+00
-4.538080e-01 -3.968490e-01 2.497112e+00
7.735700e-02 -4.253450e-01 2.694286e+00
-4.126450e-01 -5.442160e-01 2.784686e+00
-1.026280e-01 -6.964810e-01 2.680108e+00
-3.680560e-01 -6.130880e-01 2.776570e+00
-8.577900e-02 -7.763690e-01 2.691573e+00
-4.907830e-01 -2.545440e-01 3.344692e+00
-6.885800e-02 -3.221790e-01 3.402764e+00
-4.258520e-01 -5.618580e-01 3.678019e+00
-2.135790e-01 -6.244100e-01 3.714976e+00
-6.346730e-01 -5.413410e-01 3.737612e+00
-2.388000e-02 -7.309960e-01 3.699729e+00
-3.107300e-01 -3.450100e-01 2.276865e+00
-3.440350e-01 -1.090070e-01 2.514571e+00
5.302600e-02 -2.040760e-01 2.487199e+00
-1.853430e-01 -2.828660e-01 2.472360e+00
-1.189150e-01 -3.886800e-02 2.588501e+00
-3.471660e-01 -1.910050e-01 2.781338e+00
-1.055300e-02 -2.574970e-01 2.817331e+00
-1.555580e-01 -9.619900e-02 2.817976e+00
-4.361170e-01 -3.894720e-01 2.464302e+00
1.243710e-01 -3.878290e-01 2.712613e+00
-4.084900e-01 -5.504620e-01 2.746809e+00
-1.055190e-01 -6.159800e-01 2.672740e+00
-3.711720e-01 -6.232060e-01 2.736169e+00
-1.431990e-01 -6.887440e-01 2.663637e+00
-4.554510e-01 -2.683360e-01 3.339004e+00
-4.009700e-02 -3.701550e-01 3.373456e+00
-4.278220e-01 -5.668050e-01 3.685293e+00
-2.118720e-01 -6.244250e-01 3.713462e+00
-6.366750e-01 -6.217380e-01 3.654610e+00
-9.629400e-02 -7.957630e-01 3.643720e+00
-2.084710e-01 -2.913310e-01 2.242820e+00
-3.701980e-01 -1.256690e-01 2.414622e+00
4.160500e-02 -1.667600e-01 2.506847e+00
-1.705120e-01 -2.777910e-01 2.429864e+00
-1.718870e-01 -2.594100e-02 2.548215e+00
-3.830350e-01 -1.660280e-01 2.753078e+00
-4.154600e-02 -2.144840e-01 2.760993e+00
-1.943550e-01 -6.110100e-02 2.773915e+00
-4.634160e-01 -3.422420e-01 2.597852e+00
1.151650e-01 -3.742370e-01 2.708612e+00
-3.406720e-01 -6.111650e-01 2.733914e+00
-1.146690e-01 -6.034260e-01 2.685213e+00
-3.351080e-01 -6.914490e-01 2.716000e+00
-7.235200e-02 -6.733210e-01 2.696228e+00
-4.559270e-01 -2.637920e-01 3.309492e+00
-4.643200e-02 -3.069350e-01 3.329634e+00
-4.302280e-01 -5.504790e-01 3.665741e+00
-1.869580e-01 -5.858240e-01 3.664652e+00
-5.696430e-01 -6.859410e-01 3.566787e+00
-4.164000e-02 -7.355190e-01 3.600991e+00
-2.151810e-01 -3.593540e-01 2.205700e+00
-2.695150e-01 -6.523700e-02 2.379027e+00
8.099600e-02 -1.535170e-01 2.600667e+00
-9.395300e-02 -2.348980e-01 2.439366e+00
-1.279590e-01 -1.034000e-03 2.586294e+00
-3.915520e-01 -1.346340e-01 2.720709e+00
-6.257400e-02 -2.169620e-01 2.784115e+00
-1.986210e-01 -4.863300e-02 2.769955e+00
-4.272390e-01 -2.699550e-01 2.525766e+00
1.200400e-01 -4.181500e-01 2.730141e+00
-3.675990e-01 -5.222450e-01 2.719888e+00
-1.468220e-01 -5.948240e-01 2.680524e+00
-3.450600e-01 -6.015350e-01 2.718320e+00
-1.041770e-01 -6.647460e-01 2.690000e+00
-5.375440e-01 -2.394370e-01 3.269056e+00
-1.207310e-01 -2.886140e-01 3.341555e+00
-4.393380e-01 -5.147480e-01 3.621651e+00
-1.813130e-01 -5.893600e-01 3.681622e+00
-6.523770e-01 -5.453720e-01 3.657076e+00
-1.978640e-01 -7.508120e-01 3.535890e+00
-1.849860e-01 -2.713430e-01 2.230397e+00
-1.245280e-01 -2.974600e-02 2.338115e+00
9.568100e-02 -2.032410e-01 2.656209e+00
-1.214400e-02 -2.345810e-01 2.431177e+00
-6.742600e-02 -1.306200e-02 2.590268e+00
-3.319780e-01 -4.855900e-02 2.618549e+00
-9.591700e-02 -1.968580e-01 2.821791e+00
-1.879490e-01 -6.095000e-03 2.775063e+00
-3.880940e-01 -1.266010e-01 2.431432e+00
-5.717800e-02 -4.489350e-01 2.718055e+00
-3.724140e-01 -3.361610e-01 2.676021e+00
-1.031010e-01 -7.596820e-01 2.645170e+00
-4.018150e-01 -4.058150e-01 2.708903e+00
-1.166700e-01 -8.392370e-01 2.628312e+00
-6.749560e-01 -1.702660e-01 3.097344e+00
-4.348350e-01 -2.748450e-01 3.266609e+00
-5.104360e-01 -4.020520e-01 3.456472e+00
-2.327310e-01 -5.212750e-01 3.595531e+00
-7.076390e-01 -3.977460e-01 3.549591e+00
-4.268840e-01 -5.563370e-01 3.688559e+00
-1.551010e-01 -2.049740e-01 2.290221e+00
-2.670060e-01 -4.272300e-02 2.285125e+00
5.329400e-02 -1.179950e-01 2.552553e+00
-8.397200e-02 -1.990280e-01 2.358029e+00
-1.675230e-01 1.296300e-02 2.517767e+00
-3.994280e-01 -1.271530e-01 2.591118e+00
-7.298600e-02 -1.802440e-01 2.689310e+00
-2.213910e-01 -2.467300e-02 2.660720e+00
-4.353470e-01 -1.685760e-01 2.490981e+00
-2.829300e-02 -3.657580e-01 2.688609e+00
-4.057720e-01 -3.828060e-01 2.727681e+00
-1.040030e-01 -6.761320e-01 2.661560e+00
-4.078930e-01 -4.628720e-01 2.708131e+00
-1.208040e-01 -7.557590e-01 2.648343e+00
-7.096700e-01 -2.061370e-01 3.017852e+00
-3.822630e-01 -2.918680e-01 3.197664e+00
-5.458470e-01 -2.905840e-01 3.437131e+00
-2.611790e-01 -4.657130e-01 3.603719e+00
-7.495320e-01 -3.078610e-01 3.513237e+00
-4.068190e-01 -6.261200e-01 3.578472e+00
-2.431770e-01 -2.774850e-01 2.357333e+00
-4.366500e-01 2.997600e-02 2.454904e+00
-2.154100e-02 2.371200e-02 2.368758e+00
-2.557500e-01 -1.676500e-02 2.286564e+00
-1.991130e-01 1.470200e-02 2.557191e+00
-3.912020e-01 -1.540820e-01 2.644126e+00
-5.165600e-02 -1.794640e-01 2.588545e+00
-1.983200e-01 -9.866600e-02 2.726404e+00
-4.599300e-01 -1.999290e-01 2.635381e+00
6.098500e-02 -1.713050e-01 2.571558e+00
-5.040910e-01 -4.786800e-01 2.785211e+00
3.056100e-02 -4.740300e-01 2.669199e+00
-5.152680e-01 -5.506320e-01 2.823882e+00
6.424800e-02 -5.286970e-01 2.720911e+00
-3.547100e-01 -7.257490e-01 2.754185e+00
-6.699200e-02 -7.353810e-01 2.712220e+00
-2.549800e-01 -1.074258e+00 3.034112e+00
-7.123000e-03 -1.079283e+00 3.008719e+00
-3.298490e-01 -1.215150e+00 2.885375e+00
-1.883000e-03 -1.221149e+00 2.843114e+00
-2.689630e-01 3.056910e-01 2.204453e+00
-4.422080e-01 9.154300e-02 2.472940e+00
-2.798200e-02 8.595900e-02 2.382598e+00
-2.639760e-01 8.147400e-02 2.295796e+00
-2.060210e-01 3.684700e-02 2.564286e+00
-3.745040e-01 -1.210840e-01 2.657988e+00
-3.600900e-02 -1.549380e-01 2.600546e+00
-1.810460e-01 -4.120500e-02 2.714883e+00
-4.562350e-01 -1.467850e-01 2.636547e+00
6.558300e-02 -1.199200e-01 2.563217e+00
-4.097020e-01 -4.534670e-01 2.693666e+00
3.062900e-02 -4.214740e-01 2.648802e+00
-4.091920e-01 -5.357430e-01 2.698934e+00
-1.688000e-03 -4.971730e-01 2.653560e+00
-3.419340e-01 -6.706190e-01 2.702714e+00
-9.666600e-02 -6.876360e-01 2.661608e+00
-2.688680e-01 -1.028155e+00 2.979470e+00
-1.702000e-02 -1.030545e+00 2.954583e+00
-3.369230e-01 -1.163524e+00 2.822555e+00
-2.951500e-02 -1.173672e+00 2.790458e+00
-2.447000e-01 1.593830e-01 2.114230e+00
-4.367740e-01 1.745680e-01 2.507456e+00
-2.941100e-02 1.678490e-01 2.390039e+00
-2.701820e-01 1.844370e-01 2.319313e+00
-1.981550e-01 9.880400e-02 2.574099e+00
-3.671620e-01 -7.320800e-02 2.663784e+00
-3.367200e-02 -7.994600e-02 2.575668e+00
-1.743070e-01 1.374800e-02 2.711636e+00
-4.491820e-01 -8.247600e-02 2.625575e+00
5.285100e-02 -5.044200e-02 2.550537e+00
-4.303600e-01 -3.900840e-01 2.641226e+00
4.389200e-02 -3.532650e-01 2.609189e+00
-3.990900e-01 -4.639730e-01 2.660199e+00
4.581000e-03 -4.252890e-01 2.617228e+00
-3.418450e-01 -6.193820e-01 2.701010e+00
-7.974500e-02 -6.313910e-01 2.666596e+00
-2.767030e-01 -9.955880e-01 2.953970e+00
-2.727700e-02 -1.003557e+00 2.928328e+00
-3.626460e-01 -1.117490e+00 2.794809e+00
-5.117200e-02 -1.130523e+00 2.752580e+00
-2.415960e-01 3.283170e-01 2.164483e+00
-4.320100e-01 2.186790e-01 2.540276e+00
-2.680700e-02 2.221360e-01 2.415478e+00
-2.689660e-01 2.399450e-01 2.349980e+00
-1.915390e-01 1.419670e-01 2.598661e+00
-3.611360e-01 -4.826400e-02 2.650459e+00
-2.781000e-02 -6.380100e-02 2.562839e+00
-1.651760e-01 2.834400e-02 2.703137e+00
-4.447410e-01 -4.824400e-02 2.625180e+00
5.214200e-02 -1.085700e-02 2.550015e+00
-4.269880e-01 -3.531500e-01 2.615746e+00
4.244800e-02 -3.143510e-01 2.584202e+00
-4.209220e-01 -4.353030e-01 2.619136e+00
7.999000e-03 -3.889240e-01 2.577171e+00
-3.433510e-01 -6.024520e-01 2.699988e+00
-7.795000e-02 -6.185690e-01 2.663207e+00
-2.797430e-01 -9.839000e-01 2.945376e+00
-2.944200e-02 -9.938670e-01 2.921204e+00
-3.684910e-01 -1.101958e+00 2.784863e+00
-5.524600e-02 -1.118821e+00 2.744288e+00
-2.326000e-01 4.188710e-01 2.216684e+00
-4.278100e-01 2.629080e-01 2.566988e+00
-2.087300e-02 2.671140e-01 2.447991e+00
-2.621300e-01 2.836130e-01 2.378920e+00
-1.879230e-01 1.874560e-01 2.629288e+00
-3.616540e-01 -2.822300e-02 2.629033e+00
-2.623300e-02 -4.024500e-02 2.549202e+00
-1.666680e-01 4.280500e-02 2.692116e+00
-4.478310e-01 -6.180000e-03 2.633285e+00
5.301800e-02 2.194000e-02 2.555853e+00
-4.277600e-01 -3.059060e-01 2.595179e+00
5.829900e-02 -2.808180e-01 2.556725e+00
-4.262040e-01 -3.760670e-01 2.551908e+00
2.462900e-02 -3.558930e-01 2.551486e+00
-3.431180e-01 -5.880980e-01 2.691993e+00
-7.869300e-02 -6.020940e-01 2.659436e+00
-2.827530e-01 -9.707410e-01 2.936338e+00
-3.177700e-02 -9.812260e-01 2.912067e+00
-3.683080e-01 -1.088142e+00 2.773624e+00
-5.775800e-02 -1.103535e+00 2.733338e+00
-2.276820e-01 4.913920e-01 2.264330e+00
-4.195820e-01 3.184610e-01 2.625680e+00
-1.597900e-02 3.258290e-01 2.495963e+00
-2.583340e-01 3.573370e-01 2.436641e+00
-1.806160e-01 2.293280e-01 2.671184e+00
-3.599610e-01 1.764900e-02 2.638287e+00
-3.163700e-02 3.822000e-03 2.533230e+00
-1.566970e-01 5.912600e-02 2.701591e+00
-4.518210e-01 4.327300e-02 2.634146e+00
5.511100e-02 6.820100e-02 2.569540e+00
-4.190520e-01 -2.536350e-01 2.589101e+00
5.293900e-02 -2.309170e-01 2.527339e+00
-4.679880e-01 -3.132190e-01 2.559904e+00
4.028800e-02 -3.087240e-01 2.503185e+00
-3.340400e-01 -5.613410e-01 2.680827e+00
-7.104800e-02 -5.708550e-01 2.654587e+00
-2.890670e-01 -9.564050e-01 2.908129e+00
-6.374400e-02 -1.027708e+00 2.686140e+00
-3.760220e-01 -1.063512e+00 2.739176e+00
-1.301800e-01 -1.043080e+00 2.478948e+00
-2.266570e-01 5.895830e-01 2.359964e+00
-4.165370e-01 3.314560e-01 2.649614e+00
-1.189900e-02 3.480260e-01 2.524038e+00
-2.533960e-01 3.890660e-01 2.467093e+00
-1.790220e-01 2.347360e-01 2.686382e+00
-3.581130e-01 3.310900e-02 2.627625e+00
-2.486800e-02 2.907500e-02 2.538426e+00
-1.581980e-01 6.388900e-02 2.705922e+00
-4.528100e-01 5.410700e-02 2.642174e+00
6.119300e-02 8.369100e-02 2.579517e+00
-4.357740e-01 -2.448770e-01 2.584710e+00
7.808700e-02 -2.104300e-01 2.500831e+00
-4.258630e-01 -3.081500e-01 2.532790e+00
4.522000e-02 -2.859130e-01 2.496429e+00
-3.329140e-01 -5.470920e-01 2.678882e+00
-6.282000e-02 -5.523340e-01 2.649013e+00
-3.218550e-01 -9.547070e-01 2.887428e+00
-7.768900e-02 -1.008722e+00 2.684401e+00
-3.962360e-01 -1.049698e+00 2.705707e+00
-1.309260e-01 -1.023350e+00 2.473379e+00
-2.246970e-01 6.248940e-01 2.414104e+00
-4.114300e-01 3.433080e-01 2.676503e+00
-8.343000e-03 3.631170e-01 2.546487e+00
-2.491510e-01 4.185430e-01 2.499718e+00
-1.767440e-01 2.353690e-01 2.696292e+00
-3.525280e-01 4.611400e-02 2.634289e+00
-2.337200e-02 4.828600e-02 2.530962e+00
-1.490270e-01 6.471600e-02 2.706987e+00
-4.509990e-01 6.511000e-02 2.655704e+00
6.509400e-02 9.421200e-02 2.587593e+00
-4.416880e-01 -2.332690e-01 2.583774e+00
8.668800e-02 -1.990250e-01 2.499071e+00
-4.428660e-01 -3.114520e-01 2.557633e+00
5.904200e-02 -2.736690e-01 2.477592e+00
-3.297040e-01 -5.338350e-01 2.679179e+00
-6.078900e-02 -5.357150e-01 2.648467e+00
-3.259550e-01 -9.459380e-01 2.878982e+00
-7.704000e-02 -9.921690e-01 2.682374e+00
-4.059550e-01 -1.035055e+00 2.696673e+00
-1.390280e-01 -1.005466e+00 2.473665e+00
-2.160460e-01 6.449130e-01 2.458043e+00
-4.062790e-01 3.547660e-01 2.722899e+00
-8.313000e-03 3.693070e-01 2.577339e+00
-2.461870e-01 4.469960e-01 2.552275e+00
-1.793540e-01 2.301310e-01 2.713334e+00
-3.714040e-01 4.795000e-02 2.632248e+00
-4.565600e-02 7.885300e-02 2.522894e+00
-1.665810e-01 6.215600e-02 2.702177e+00
-4.496070e-01 7.849100e-02 2.662271e+00
5.705800e-02 9.133700e-02 2.595782e+00
-4.449150e-01 -2.275880e-01 2.602782e+00
9.227000e-02 -2.058920e-01 2.508258e+00
-4.577680e-01 -2.990530e-01 2.563732e+00
7.479100e-02 -2.827710e-01 2.484143e+00
-3.235420e-01 -5.222380e-01 2.685783e+00
-5.741600e-02 -5.055470e-01 2.652729e+00
-3.372780e-01 -9.400320e-01 2.872931e+00
-9.059900e-02 -9.606500e-01 2.692033e+00
-4.096250e-01 -1.022168e+00 2.684257e+00
-1.469730e-01 -9.746970e-01 2.481788e+00
-2.131070e-01 6.519480e-01 2.502482e+00
-4.034140e-01 3.508790e-01 2.745208e+00
-1.010600e-02 3.671580e-01 2.587664e+00
-2.477860e-01 4.480740e-01 2.573216e+00
-1.782860e-01 2.244990e-01 2.723620e+00
-3.714390e-01 4.562100e-02 2.647112e+00
-5.392800e-02 8.399500e-02 2.517733e+00
-1.623570e-01 5.712700e-02 2.703650e+00
-4.459230e-01 7.565200e-02 2.666534e+00
4.983000e-02 8.420400e-02 2.597237e+00
-4.560870e-01 -2.364730e-01 2.622532e+00
9.501300e-02 -2.179720e-01 2.519075e+00
-4.416730e-01 -2.996980e-01 2.571619e+00
6.743500e-02 -2.911700e-01 2.493018e+00
-3.182930e-01 -5.223290e-01 2.689314e+00
-5.404900e-02 -4.978700e-01 2.656486e+00
-3.425400e-01 -9.437770e-01 2.866959e+00
-8.986400e-02 -9.531020e-01 2.691765e+00
-4.236150e-01 -1.018452e+00 2.678734e+00
-1.563020e-01 -9.639540e-01 2.484288e+00
-2.092000e-01 6.552770e-01 2.531356e+00
-4.048870e-01 3.485810e-01 2.751985e+00
-1.121400e-02 3.613010e-01 2.595027e+00
-2.487810e-01 4.421340e-01 2.578415e+00
-1.798380e-01 2.215780e-01 2.733460e+00
-3.751000e-01 4.244700e-02 2.646537e+00
-5.414600e-02 8.795800e-02 2.528461e+00
-1.678390e-01 5.230600e-02 2.709698e+00
-4.471520e-01 7.065100e-02 2.670529e+00
4.434700e-02 7.395500e-02 2.598499e+00
-4.564150e-01 -2.460760e-01 2.633931e+00
9.438400e-02 -2.341290e-01 2.532761e+00
-4.645940e-01 -3.281040e-01 2.635300e+00
7.131900e-02 -3.131980e-01 2.529079e+00
-3.149900e-01 -5.225850e-01 2.689371e+00
-5.559700e-02 -4.945010e-01 2.662360e+00
-3.557780e-01 -9.455400e-01 2.860279e+00
-6.914000e-02 -9.447590e-01 2.745117e+00
-4.270120e-01 -1.016838e+00 2.666834e+00
-1.299200e-01 -9.808580e-01 2.538765e+00
-2.114700e-01 6.613180e-01 2.555941e+00
-3.996020e-01 3.459910e-01 2.774386e+00
-1.244700e-02 3.626240e-01 2.602312e+00
-2.504570e-01 4.436860e-01 2.597018e+00
-1.755070e-01 2.195900e-01 2.743989e+00
-3.732590e-01 4.424400e-02 2.666121e+00
-5.862200e-02 8.444000e-02 2.530428e+00
-1.627040e-01 5.095400e-02 2.717750e+00
-4.485940e-01 6.934500e-02 2.678267e+00
3.975100e-02 7.031300e-02 2.603467e+00
-4.571130e-01 -2.534780e-01 2.657569e+00
8.426700e-02 -2.465940e-01 2.555459e+00
-4.615960e-01 -3.355880e-01 2.651629e+00
5.865400e-02 -3.247830e-01 2.550183e+00
-3.131070e-01 -5.264950e-01 2.686045e+00
-4.934400e-02 -4.984710e-01 2.652100e+00
-3.404710e-01 -9.507060e-01 2.856516e+00
-8.449500e-02 -9.457910e-01 2.743933e+00
-4.238000e-01 -1.021219e+00 2.667670e+00
-1.489270e-01 -9.828290e-01 2.538859e+00
-2.146770e-01 6.565690e-01 2.569451e+00
-4.010410e-01 3.425940e-01 2.780110e+00
-1.397500e-02 3.640550e-01 2.608369e+00
-2.531440e-01 4.415840e-01 2.602417e+00
-1.750790e-01 2.193480e-01 2.750585e+00
-3.735580e-01 4.641500e-02 2.672064e+00
-5.805700e-02 8.795800e-02 2.538803e+00
-1.630630e-01 4.805200e-02 2.724344e+00
-4.444640e-01 6.266200e-02 2.686630e+00
4.249300e-02 7.114400e-02 2.607646e+00
-4.588870e-01 -2.614910e-01 2.666620e+00
6.991900e-02 -2.503210e-01 2.567751e+00
-4.410090e-01 -3.391070e-01 2.645323e+00
1.745700e-02 -3.136080e-01 2.561437e+00
-3.118150e-01 -5.239060e-01 2.684528e+00
-4.839500e-02 -4.937160e-01 2.655734e+00
-3.514940e-01 -9.471550e-01 2.854967e+00
-9.868300e-02 -9.457320e-01 2.709745e+00
-4.315900e-01 -1.016436e+00 2.664276e+00
-1.596120e-01 -9.638850e-01 2.501091e+00
-2.114760e-01 6.603500e-01 2.583149e+00
-3.921500e-01 3.410370e-01 2.799266e+00
-1.248200e-02 3.593060e-01 2.611398e+00
-2.491130e-01 4.440500e-01 2.619887e+00
-1.717030e-01 2.127440e-01 2.753834e+00
-3.711500e-01 4.262500e-02 2.693510e+00
-6.187800e-02 8.369000e-02 2.546237e+00
-1.585280e-01 4.408700e-02 2.736327e+00
-4.469160e-01 6.418000e-02 2.699829e+00
3.848400e-02 6.451900e-02 2.617717e+00
-4.551160e-01 -2.611310e-01 2.678795e+00
6.019700e-02 -2.583200e-01 2.577212e+00
-4.359620e-01 -3.373770e-01 2.653956e+00
3.424000e-03 -3.175630e-01 2.585243e+00
-3.109170e-01 -5.305840e-01 2.684294e+00
-4.930900e-02 -4.985260e-01 2.662049e+00
-3.582160e-01 -9.530150e-01 2.854821e+00
-9.968100e-02 -9.510130e-01 2.711876e+00
-4.454810e-01 -1.019368e+00 2.666245e+00
-1.702850e-01 -9.658210e-01 2.506025e+00
-2.097150e-01 6.560080e-01 2.588775e+00
-4.005900e-01 3.437470e-01 2.777617e+00
-7.619000e-03 3.607980e-01 2.619318e+00
-2.463920e-01 4.379980e-01 2.602724e+00
-1.737630e-01 2.198830e-01 2.759529e+00
-3.706860e-01 4.841700e-02 2.687670e+00
-5.028000e-02 7.795700e-02 2.563202e+00
-1.618540e-01 4.418600e-02 2.746109e+00
-4.370400e-01 5.642800e-02 2.700214e+00
4.247400e-02 6.529700e-02 2.625799e+00
-4.488280e-01 -2.689500e-01 2.673282e+00
5.635500e-02 -2.578510e-01 2.579779e+00
-4.468360e-01 -3.511500e-01 2.667229e+00
8.816000e-03 -3.244540e-01 2.589858e+00
-3.089930e-01 -5.292020e-01 2.684168e+00
-4.627600e-02 -5.043960e-01 2.662231e+00
-3.596850e-01 -9.520630e-01 2.852642e+00
-1.034720e-01 -9.553910e-01 2.717877e+00
-4.330580e-01 -1.020439e+00 2.658942e+00
-1.580450e-01 -9.744210e-01 2.507548e+00
-2.137920e-01 6.624050e-01 2.588640e+00
