-3.835310e-01 3.044390e-01 2.672244e+00
-2.115255e-01 3.109215e-01 2.660916e+00
-3.952000e-02 3.174040e-01 2.649589e+00
-1.314830e-01 3.457585e-01 2.582826e+00
-2.234460e-01 3.741130e-01 2.516064e+00
-2.125865e-01 2.744725e-01 2.623948e+00
-2.017270e-01 1.748320e-01 2.731832e+00
-2.934920e-01 6.652300e-02 2.665796e+00
-3.852570e-01 -4.178600e-02 2.599761e+00
-2.023810e-01 -4.170200e-02 2.583166e+00
-1.950500e-02 -4.161800e-02 2.566571e+00
-1.057500e-01 -4.115300e-02 2.632099e+00
-1.919950e-01 -4.068800e-02 2.697627e+00
-3.179390e-01 6.380000e-04 2.680203e+00
-4.438830e-01 4.196400e-02 2.662778e+00
-2.047985e-01 5.009950e-02 2.657681e+00
3.428600e-02 5.823500e-02 2.652585e+00
-1.942630e-01 -9.083650e-02 2.641286e+00
-4.228120e-01 -2.399080e-01 2.629987e+00
-1.988165e-01 -2.299590e-01 2.611841e+00
2.517900e-02 -2.200100e-01 2.593695e+00
-2.083215e-01 -2.612900e-01 2.611576e+00
-4.418220e-01 -3.025700e-01 2.629458e+00
-2.159365e-01 -2.927490e-01 2.606636e+00
9.949000e-03 -2.829280e-01 2.583813e+00
-1.427055e-01 -4.077955e-01 2.657787e+00
-2.953600e-01 -5.326630e-01 2.731761e+00
-1.958670e-01 -5.362220e-01 2.711404e+00
-9.637400e-02 -5.397810e-01 2.691047e+00
-1.994990e-01 -7.387020e-01 2.731428e+00
-3.026240e-01 -9.376230e-01 2.771809e+00
-1.861500e-01 -9.375055e-01 2.772795e+00
-6.967600e-02 -9.373880e-01 2.773782e+00
-1.928035e-01 -9.451280e-01 2.694509e+00
-3.159310e-01 -9.528680e-01 2.615236e+00
-1.999550e-01 -9.616025e-01 2.617641e+00
-8.397900e-02 -9.703370e-01 2.620047e+00
-1.526205e-01 -2.093620e-01 2.570599e+00
-2.212620e-01 5.516130e-01 2.521150e+00
-3.025935e-01 4.250560e-01 2.587320e+00
-3.839250e-01 2.984990e-01 2.653490e+00
-2.118075e-01 3.079610e-01 2.646984e+00
-3.969000e-02 3.174230e-01 2.640477e+00
-1.301745e-01 3.429230e-01 2.570615e+00
-2.206590e-01 3.684230e-01 2.500752e+00
-2.111415e-01 2.708685e-01 2.610651e+00
-2.016240e-01 1.733140e-01 2.720549e+00
-2.921055e-01 6.414350e-02 2.658297e+00
-3.825870e-01 -4.502700e-02 2.596045e+00
-1.994065e-01 -4.273200e-02 2.583458e+00
-1.622600e-02 -4.043700e-02 2.570871e+00
-1.039005e-01 -3.982350e-02 2.634472e+00
-1.915750e-01 -3.921000e-02 2.698072e+00
-3.161505e-01 -2.587000e-03 2.680288e+00
-4.407260e-01 3.403600e-02 2.662503e+00
-2.010145e-01 4.636850e-02 2.657948e+00
3.869700e-02 5.870100e-02 2.653394e+00
-1.908980e-01 -9.480700e-02 2.638362e+00
-4.204930e-01 -2.483150e-01 2.623329e+00
-1.952930e-01 -2.351185e-01 2.611718e+00
2.990700e-02 -2.219220e-01 2.600107e+00
-1.917110e-01 -2.669025e-01 2.618721e+00
-4.133290e-01 -3.118830e-01 2.637334e+00
-2.002480e-01 -2.979230e-01 2.624796e+00
1.283300e-02 -2.839630e-01 2.612257e+00
-1.410590e-01 -4.091510e-01 2.672219e+00
-2.949510e-01 -5.343390e-01 2.732182e+00
-1.926535e-01 -5.373400e-01 2.711936e+00
-9.035600e-02 -5.403410e-01 2.691690e+00
-1.952095e-01 -7.395065e-01 2.735057e+00
-3.000630e-01 -9.386720e-01 2.778424e+00
-1.856995e-01 -9.386505e-01 2.775844e+00
-7.133600e-02 -9.386290e-01 2.773263e+00
-1.904710e-01 -9.475435e-01 2.697553e+00
-3.096060e-01 -9.564580e-01 2.621844e+00
-1.956410e-01 -9.635850e-01 2.620436e+00
-8.167600e-02 -9.707120e-01 2.619028e+00
-1.526330e-01 -2.107065e-01 2.563160e+00
-2.235900e-01 5.492990e-01 2.507293e+00
-3.032765e-01 4.234395e-01 2.575949e+00
-3.829630e-01 2.975800e-01 2.644605e+00
-2.106675e-01 3.037870e-01 2.638940e+00
-3.837200e-02 3.099940e-01 2.633275e+00
-1.279570e-01 3.346285e-01 2.561958e+00
-2.175420e-01 3.592630e-01 2.490641e+00
-2.104375e-01 2.654450e-01 2.603924e+00
-2.033330e-01 1.716270e-01 2.717206e+00
-2.900785e-01 6.533550e-02 2.652656e+00
-3.768240e-01 -4.095600e-02 2.588107e+00
-1.932740e-01 -4.365150e-02 2.583520e+00
-9.724000e-03 -4.634700e-02 2.578933e+00
-1.000255e-01 -4.232650e-02 2.638613e+00
-1.903270e-01 -3.830600e-02 2.698293e+00
-3.136605e-01 -3.293500e-03 2.679492e+00
-4.369940e-01 3.171900e-02 2.660692e+00
-1.987650e-01 4.099350e-02 2.656254e+00
3.946400e-02 5.026800e-02 2.651817e+00
-1.898165e-01 -1.012535e-01 2.639741e+00
-4.190970e-01 -2.527750e-01 2.627666e+00
-1.948985e-01 -2.426450e-01 2.615875e+00
2.930000e-02 -2.325150e-01 2.604084e+00
-2.017615e-01 -2.740105e-01 2.622292e+00
-4.328230e-01 -3.155060e-01 2.640501e+00
-2.138440e-01 -3.041720e-01 2.626337e+00
5.135000e-03 -2.928380e-01 2.612173e+00
-1.454245e-01 -4.121570e-01 2.673008e+00
-2.959840e-01 -5.314760e-01 2.733844e+00
-1.934855e-01 -5.371165e-01 2.716843e+00
-9.098700e-02 -5.427570e-01 2.699841e+00
-1.921655e-01 -7.381415e-01 2.748458e+00
-2.933440e-01 -9.335260e-01 2.797076e+00
-1.809290e-01 -9.380375e-01 2.784895e+00
-6.851400e-02 -9.425490e-01 2.772714e+00
-1.833690e-01 -9.503115e-01 2.706956e+00
-2.982240e-01 -9.580740e-01 2.641198e+00
-1.858910e-01 -9.645970e-01 2.629363e+00
-7.355800e-02 -9.711200e-01 2.617528e+00
-1.469330e-01 -2.145245e-01 2.555591e+00
-2.203080e-01 5.420710e-01 2.493653e+00
-3.007055e-01 4.209115e-01 2.564210e+00
-3.811030e-01 2.997520e-01 2.634767e+00
-2.090660e-01 3.122455e-01 2.632911e+00
-3.702900e-02 3.247390e-01 2.631056e+00
-1.258355e-01 3.458485e-01 2.557665e+00
-2.146420e-01 3.669580e-01 2.484275e+00
-2.066510e-01 2.738260e-01 2.598063e+00
-1.986600e-01 1.806940e-01 2.711850e+00
-2.859205e-01 7.149050e-02 2.651204e+00
-3.731810e-01 -3.771300e-02 2.590558e+00
-1.895815e-01 -3.916850e-02 2.587725e+00
-5.982000e-03 -4.062400e-02 2.584891e+00
-9.687200e-02 -3.685700e-02 2.643688e+00
-1.877620e-01 -3.309000e-02 2.702485e+00
-3.139365e-01 1.078500e-03 2.677646e+00
-4.401110e-01 3.524700e-02 2.652808e+00
-2.007025e-01 4.986100e-02 2.650543e+00
3.870600e-02 6.447500e-02 2.648278e+00
-1.876805e-01 -9.267500e-02 2.641830e+00
-4.140670e-01 -2.498250e-01 2.635381e+00
-1.896295e-01 -2.346885e-01 2.622069e+00
3.480800e-02 -2.195520e-01 2.608757e+00
-2.075870e-01 -2.610580e-01 2.614705e+00
-4.499820e-01 -3.025640e-01 2.620652e+00
-2.159245e-01 -2.903385e-01 2.626755e+00
1.813300e-02 -2.781130e-01 2.632857e+00
-1.380760e-01 -4.028685e-01 2.684923e+00
-2.942850e-01 -5.276240e-01 2.736989e+00
-1.908035e-01 -5.324830e-01 2.721825e+00
-8.732200e-02 -5.373420e-01 2.706661e+00
-1.890760e-01 -7.325135e-01 2.759202e+00
-2.908300e-01 -9.276850e-01 2.811743e+00
-1.805800e-01 -9.332265e-01 2.791674e+00
-7.033000e-02 -9.387680e-01 2.771605e+00
-1.821380e-01 -9.477355e-01 2.714097e+00
-2.939460e-01 -9.567030e-01 2.656589e+00
-1.837965e-01 -9.604080e-01 2.636201e+00
-7.364700e-02 -9.641130e-01 2.615813e+00
-1.467070e-01 -2.090485e-01 2.548651e+00
-2.197670e-01 5.460160e-01 2.481489e+00
-3.031530e-01 4.238970e-01 2.545740e+00
-3.865390e-01 3.017780e-01 2.609991e+00
-2.143530e-01 3.110685e-01 2.605319e+00
-4.216700e-02 3.203590e-01 2.600646e+00
-1.314125e-01 3.355930e-01 2.526339e+00
-2.206580e-01 3.508270e-01 2.452031e+00
-2.129390e-01 2.693400e-01 2.574447e+00
-2.052200e-01 1.878530e-01 2.696862e+00
-2.874850e-01 7.424300e-02 2.650636e+00
-3.697500e-01 -3.936700e-02 2.604410e+00
-1.861595e-01 -4.047750e-02 2.600930e+00
-2.569000e-03 -4.158800e-02 2.597451e+00
-9.325350e-02 -3.693850e-02 2.656502e+00
-1.839380e-01 -3.228900e-02 2.715553e+00
-3.121145e-01 3.066000e-03 2.681055e+00
-4.402910e-01 3.842100e-02 2.646557e+00
-1.996760e-01 5.197400e-02 2.644441e+00
4.093900e-02 6.552700e-02 2.642325e+00
-1.854125e-01 -9.046500e-02 2.640250e+00
-4.117640e-01 -2.464570e-01 2.638175e+00
-1.855805e-01 -2.332605e-01 2.629328e+00
4.060300e-02 -2.200640e-01 2.620482e+00
-1.862975e-01 -2.648665e-01 2.637850e+00
-4.131980e-01 -3.096690e-01 2.655218e+00
-1.942465e-01 -2.966075e-01 2.636677e+00
2.470500e-02 -2.835460e-01 2.618135e+00
-1.323800e-01 -4.053720e-01 2.687599e+00
-2.894650e-01 -5.271980e-01 2.757062e+00
-1.856310e-01 -5.327430e-01 2.738844e+00
-8.179700e-02 -5.382880e-01 2.720627e+00
-1.854650e-01 -7.350085e-01 2.761227e+00
-2.891330e-01 -9.317290e-01 2.801828e+00
-1.780615e-01 -9.364950e-01 2.788808e+00
-6.699000e-02 -9.412610e-01 2.775788e+00
-1.797830e-01 -9.451765e-01 2.710368e+00
-2.925760e-01 -9.490920e-01 2.644948e+00
-1.816985e-01 -9.559475e-01 2.632192e+00
-7.082100e-02 -9.628030e-01 2.619437e+00
-1.454385e-01 -2.175930e-01 2.524783e+00
-2.200560e-01 5.276170e-01 2.430130e+00
-3.028005e-01 4.155390e-01 2.510817e+00
-3.855450e-01 3.034610e-01 2.591504e+00
-2.134160e-01 3.106170e-01 2.582754e+00
-4.128700e-02 3.177730e-01 2.574004e+00
-1.318545e-01 3.270675e-01 2.500319e+00
-2.224220e-01 3.363620e-01 2.426633e+00
-2.129425e-01 2.662475e-01 2.555782e+00
-2.034630e-01 1.961330e-01 2.684930e+00
-2.885090e-01 8.157900e-02 2.651502e+00
-3.735550e-01 -3.297500e-02 2.618074e+00
-1.900720e-01 -3.747800e-02 2.612365e+00
-6.589000e-03 -4.198100e-02 2.606656e+00
-9.635800e-02 -3.140950e-02 2.666339e+00
-1.861270e-01 -2.083800e-02 2.726022e+00
-3.148645e-01 1.178300e-02 2.685894e+00
-4.436020e-01 4.440400e-02 2.645765e+00
-2.014725e-01 5.603050e-02 2.642105e+00
4.065700e-02 6.765700e-02 2.638445e+00
-1.895500e-01 -8.652650e-02 2.643288e+00
-4.197570e-01 -2.407100e-01 2.648130e+00
-1.928225e-01 -2.294815e-01 2.638909e+00
3.411200e-02 -2.182530e-01 2.629687e+00
-1.942845e-01 -2.621790e-01 2.638015e+00
-4.226810e-01 -3.061050e-01 2.646343e+00
-2.012955e-01 -2.938060e-01 2.642773e+00
2.009000e-02 -2.815070e-01 2.639203e+00
-1.326085e-01 -4.022455e-01 2.705825e+00
-2.853070e-01 -5.229840e-01 2.772447e+00
-1.804190e-01 -5.282680e-01 2.756891e+00
-7.553100e-02 -5.335520e-01 2.741335e+00
-1.813715e-01 -7.309690e-01 2.774883e+00
-2.872120e-01 -9.283860e-01 2.808432e+00
-1.773055e-01 -9.336915e-01 2.792188e+00
-6.739900e-02 -9.389970e-01 2.775945e+00
-1.802900e-01 -9.406520e-01 2.713616e+00
-2.931810e-01 -9.423070e-01 2.651286e+00
-1.834225e-01 -9.474230e-01 2.635032e+00
-7.366400e-02 -9.525390e-01 2.618777e+00
-1.503660e-01 -2.273485e-01 2.499051e+00
-2.270680e-01 4.978420e-01 2.379325e+00
-3.090590e-01 3.899580e-01 2.466733e+00
-3.910500e-01 2.820740e-01 2.554141e+00
-2.188995e-01 2.893445e-01 2.545913e+00
-4.674900e-02 2.966150e-01 2.537685e+00
-1.365285e-01 2.911255e-01 2.462665e+00
-2.263080e-01 2.856360e-01 2.387645e+00
-2.177215e-01 2.407565e-01 2.527635e+00
-2.091350e-01 1.958770e-01 2.667625e+00
-2.900555e-01 7.459950e-02 2.649317e+00
-3.709760e-01 -4.667800e-02 2.631010e+00
-1.873775e-01 -4.578150e-02 2.627879e+00
-3.779000e-03 -4.488500e-02 2.624748e+00
-9.469600e-02 -3.139350e-02 2.682058e+00
-1.856130e-01 -1.790200e-02 2.739368e+00
-3.128460e-01 5.241500e-03 2.689042e+00
-4.400790e-01 2.838500e-02 2.638716e+00
-1.987600e-01 4.111950e-02 2.630051e+00
4.255900e-02 5.385400e-02 2.621387e+00
-1.844710e-01 -1.011430e-01 2.642687e+00
-4.115010e-01 -2.561400e-01 2.663987e+00
-1.877220e-01 -2.445145e-01 2.648725e+00
3.605700e-02 -2.328890e-01 2.633462e+00
-1.970065e-01 -2.759105e-01 2.648316e+00
-4.300700e-01 -3.189320e-01 2.663170e+00
-2.030195e-01 -3.080590e-01 2.649865e+00
2.403100e-02 -2.971860e-01 2.636559e+00
-1.279735e-01 -4.139120e-01 2.716533e+00
-2.799780e-01 -5.306380e-01 2.796507e+00
-1.746790e-01 -5.336290e-01 2.781510e+00
-6.938000e-02 -5.366200e-01 2.766513e+00
-1.720995e-01 -7.367630e-01 2.793440e+00
-2.748190e-01 -9.369060e-01 2.820367e+00
-1.698980e-01 -9.402200e-01 2.797011e+00
-6.497700e-02 -9.435340e-01 2.773656e+00
-1.714600e-01 -9.448665e-01 2.718226e+00
-2.779430e-01 -9.461990e-01 2.662796e+00
-1.727535e-01 -9.462655e-01 2.639311e+00
-6.756400e-02 -9.463320e-01 2.615827e+00
-1.486725e-01 -2.476400e-01 2.467421e+00
-2.297810e-01 4.510520e-01 2.319015e+00
-3.105580e-01 3.373545e-01 2.411096e+00
-3.913350e-01 2.236570e-01 2.503177e+00
-4.815900e-02 2.296490e-01 2.468257e+00
-2.342740e-01 1.800220e-01 2.334945e+00
-2.043010e-01 1.698030e-01 2.627756e+00
-3.722530e-01 -5.987800e-02 2.657937e+00
-5.753000e-03 -7.124400e-02 2.637338e+00
-1.816420e-01 -1.246200e-02 2.749306e+00
-4.461500e-01 -1.058100e-02 2.632414e+00
4.962200e-02 1.622800e-02 2.607772e+00
-3.898450e-01 -2.827810e-01 2.709104e+00
2.928600e-02 -2.682980e-01 2.649916e+00
-3.750140e-01 -3.464030e-01 2.704574e+00
-5.778000e-03 -3.236040e-01 2.649791e+00
-2.689560e-01 -5.345670e-01 2.846554e+00
-6.010500e-02 -5.479610e-01 2.800571e+00
-2.821680e-01 -9.411510e-01 2.833754e+00
-7.038500e-02 -9.547100e-01 2.790653e+00
-2.905000e-01 -9.359200e-01 2.676186e+00
-7.828900e-02 -9.506670e-01 2.633028e+00
-2.321420e-01 3.276810e-01 2.225222e+00
-3.895860e-01 1.529160e-01 2.481228e+00
-4.771300e-02 1.738300e-01 2.439874e+00
-2.314750e-01 9.318900e-02 2.319033e+00
-1.986200e-01 1.302110e-01 2.609362e+00
-3.696970e-01 -9.412300e-02 2.675949e+00
-2.848000e-03 -1.032440e-01 2.661306e+00
-1.808740e-01 -3.602600e-02 2.764831e+00
-4.458390e-01 -5.843900e-02 2.647989e+00
5.413900e-02 -2.725500e-02 2.597467e+00
-3.749700e-01 -3.263050e-01 2.734957e+00
2.085800e-02 -3.093240e-01 2.658023e+00
-3.565620e-01 -3.891010e-01 2.737421e+00
4.579000e-03 -3.638950e-01 2.690354e+00
-2.647430e-01 -5.625110e-01 2.873230e+00
-6.131000e-02 -5.753180e-01 2.829661e+00
-2.882310e-01 -9.664770e-01 2.829546e+00
-7.323700e-02 -9.800840e-01 2.788778e+00
-2.906360e-01 -9.493680e-01 2.672620e+00
-7.751000e-02 -9.641000e-01 2.631772e+00
-2.311030e-01 2.054600e-01 2.186274e+00
-3.844130e-01 4.999700e-02 2.454106e+00
-4.458800e-02 1.090080e-01 2.446237e+00
-1.999740e-01 -2.043800e-02 2.328030e+00
-2.113910e-01 8.209200e-02 2.603889e+00
-3.563720e-01 -1.772660e-01 2.691459e+00
7.587000e-03 -1.314210e-01 2.709004e+00
-1.877940e-01 -8.162700e-02 2.788225e+00
-4.371280e-01 -1.153650e-01 2.666468e+00
6.462000e-02 -8.902300e-02 2.601410e+00
-3.536860e-01 -3.777810e-01 2.756143e+00
3.210000e-03 -3.610310e-01 2.679556e+00
-2.961050e-01 -3.982500e-01 2.779673e+00
-4.325000e-03 -4.249090e-01 2.691849e+00
-2.718780e-01 -6.275040e-01 2.886903e+00
-6.138000e-02 -6.175370e-01 2.847574e+00
-2.937570e-01 -1.021793e+00 2.788379e+00
-7.580900e-02 -1.017420e+00 2.773180e+00
-2.715260e-01 -9.850640e-01 2.636454e+00
-6.160000e-02 -9.891570e-01 2.618506e+00
-2.362780e-01 8.147900e-02 2.169974e+00
-3.546860e-01 -1.463200e-02 2.456295e+00
-2.663100e-02 -3.800000e-03 2.562538e+00
-1.472190e-01 -9.602300e-02 2.384136e+00
-2.373640e-01 -2.417400e-02 2.655157e+00
-3.551200e-01 -2.556090e-01 2.726307e+00
2.823000e-03 -2.013950e-01 2.788062e+00
-2.018260e-01 -1.499010e-01 2.837014e+00
-4.688640e-01 -1.508620e-01 2.662033e+00
5.084300e-02 -2.464200e-01 2.657705e+00
-3.701210e-01 -3.931420e-01 2.780223e+00
-4.807000e-02 -4.955150e-01 2.760597e+00
-3.247200e-01 -4.403280e-01 2.779527e+00
-7.332200e-02 -5.511130e-01 2.784250e+00
-2.726580e-01 -7.098730e-01 2.885902e+00
-6.260700e-02 -6.886690e-01 2.854126e+00
-3.064500e-01 -1.092746e+00 2.752053e+00
-8.415900e-02 -1.078882e+00 2.740468e+00
-2.610810e-01 -1.046427e+00 2.608106e+00
-5.183300e-02 -1.037316e+00 2.591633e+00
-1.269900e-01 4.282200e-02 2.251184e+00
-2.360550e-01 -1.841900e-02 2.336572e+00
6.929500e-02 -1.110290e-01 2.467759e+00
-4.659700e-02 -1.366160e-01 2.265799e+00
-1.500750e-01 -9.228100e-02 2.537952e+00
-3.370400e-01 -3.052960e-01 2.671226e+00
2.698800e-02 -3.007190e-01 2.719583e+00
-1.634560e-01 -2.018340e-01 2.749285e+00
-4.618140e-01 -6.323800e-02 2.478669e+00
8.907000e-02 -2.755190e-01 2.681581e+00
-4.355210e-01 -2.526180e-01 2.690849e+00
-5.591600e-02 -5.172410e-01 2.727686e+00
-4.218060e-01 -3.140710e-01 2.708841e+00
-7.419500e-02 -5.762540e-01 2.749403e+00
-2.825190e-01 -7.347690e-01 2.888772e+00
-6.860500e-02 -7.447000e-01 2.855845e+00
-3.006060e-01 -1.105331e+00 2.721423e+00
-8.857100e-02 -1.130413e+00 2.727485e+00
-2.511730e-01 -1.045630e+00 2.583884e+00
-5.769300e-02 -1.082966e+00 2.580109e+00
-1.120500e-01 1.590280e-01 2.335162e+00
-1.555770e-01 8.599800e-02 2.398718e+00
1.713400e-02 -1.003210e-01 2.632130e+00
1.173900e-02 -7.795100e-02 2.399011e+00
-1.977880e-01 -2.239800e-02 2.598393e+00
-2.918940e-01 -2.566350e-01 2.610402e+00
4.494200e-02 -2.727460e-01 2.755857e+00
-1.515180e-01 -1.814760e-01 2.757286e+00
-3.925820e-01 -3.540100e-02 2.438460e+00
5.526300e-02 -3.629640e-01 2.677450e+00
-4.487240e-01 -2.295840e-01 2.638363e+00
-1.460000e-02 -6.159830e-01 2.786632e+00
-4.398710e-01 -2.823620e-01 2.676103e+00
-2.042900e-02 -6.812060e-01 2.787170e+00
-2.754840e-01 -6.885230e-01 2.905051e+00
-8.090200e-02 -7.295560e-01 2.879434e+00
-2.920630e-01 -1.071783e+00 2.769088e+00
-7.740600e-02 -1.101748e+00 2.714782e+00
-1.549600e-01 -1.103156e+00 2.840804e+00
1.993600e-02 -1.050699e+00 2.601455e+00
-9.501900e-02 1.948910e-01 2.381713e+00
-1.596000e-01 3.412500e-02 2.416106e+00
7.312800e-02 -1.384920e-01 2.603366e+00
-4.429000e-02 -1.693610e-01 2.403031e+00
-1.135880e-01 -7.026000e-03 2.638798e+00
-2.257490e-01 -1.627940e-01 2.703377e+00
8.071900e-02 -3.204160e-01 2.830296e+00
-8.232700e-02 -1.819660e-01 2.864597e+00
-4.114160e-01 -5.618200e-02 2.421695e+00
2.725500e-02 -3.887970e-01 2.686076e+00
-4.429720e-01 -2.479290e-01 2.626789e+00
-4.602000e-03 -6.440340e-01 2.802978e+00
-4.349020e-01 -2.999840e-01 2.665691e+00
1.147700e-02 -7.029520e-01 2.826606e+00
-2.880930e-01 -6.636440e-01 2.884815e+00
-8.770500e-02 -7.539280e-01 2.870509e+00
-2.780250e-01 -1.057261e+00 2.781789e+00
-7.501400e-02 -1.132492e+00 2.721588e+00
-1.937300e-01 -1.021446e+00 2.653196e+00
-1.536700e-02 -1.077254e+00 2.586253e+00
-7.430500e-02 9.870400e-02 2.292117e+00
-1.454540e-01 2.525600e-02 2.406019e+00
6.682100e-02 -1.490620e-01 2.614772e+00
-2.821800e-02 -1.775190e-01 2.402566e+00
-1.233860e-01 -1.893000e-02 2.631768e+00
-2.169580e-01 -1.775250e-01 2.683189e+00
6.210100e-02 -3.426120e-01 2.855665e+00
-9.591500e-02 -1.945590e-01 2.862039e+00
-4.041140e-01 -3.888400e-02 2.413723e+00
1.960100e-02 -4.001620e-01 2.690912e+00
-4.543120e-01 -2.324480e-01 2.611865e+00
-1.859400e-02 -6.543570e-01 2.805686e+00
-4.427300e-01 -2.823190e-01 2.652693e+00
-3.766800e-02 -7.081240e-01 2.837833e+00
-2.879120e-01 -6.726660e-01 2.886960e+00
-9.996200e-02 -7.689890e-01 2.868207e+00
-2.899810e-01 -1.056738e+00 2.752300e+00
-7.383300e-02 -1.150287e+00 2.728287e+00
-1.463740e-01 -1.035728e+00 2.690170e+00
9.361000e-03 -1.099077e+00 2.604268e+00
-8.131000e-02 7.348600e-02 2.294887e+00
-1.470060e-01 3.847000e-03 2.417714e+00
5.354800e-02 -1.458530e-01 2.655186e+00
-5.952000e-03 -1.826580e-01 2.431626e+00
-1.519590e-01 -4.072100e-02 2.644410e+00
-2.882810e-01 -2.332060e-01 2.699239e+00
3.487000e-02 -3.292030e-01 2.844955e+00
-1.447640e-01 -2.090230e-01 2.859698e+00
-4.117420e-01 -1.649500e-02 2.407117e+00
1.117100e-02 -4.026970e-01 2.708537e+00
-4.488710e-01 -2.220510e-01 2.594451e+00
-2.268100e-02 -6.654680e-01 2.800903e+00
-4.449230e-01 -2.689080e-01 2.640026e+00
-8.512000e-03 -7.285570e-01 2.790551e+00
-2.896610e-01 -7.269640e-01 2.878460e+00
-1.044220e-01 -7.792650e-01 2.863085e+00
-2.807800e-01 -1.113897e+00 2.752550e+00
-7.134200e-02 -1.158122e+00 2.718094e+00
-1.983400e-01 -1.070527e+00 2.625086e+00
-5.807000e-03 -1.101830e+00 2.585955e+00
-5.797000e-02 7.001300e-02 2.328492e+00
-1.289300e-01 -4.184500e-02 2.388771e+00
5.288100e-02 -1.364170e-01 2.666307e+00
1.315700e-02 -2.176570e-01 2.450215e+00
-1.524880e-01 -4.178700e-02 2.618655e+00
-2.908880e-01 -2.659960e-01 2.676448e+00
2.542300e-02 -3.149710e-01 2.856516e+00
-1.638660e-01 -2.105000e-01 2.842926e+00
-3.818700e-01 2.966400e-02 2.418835e+00
6.377000e-03 -3.939970e-01 2.704855e+00
-4.523680e-01 -1.838680e-01 2.584590e+00
-5.998500e-02 -6.547430e-01 2.780008e+00
-4.444590e-01 -2.309720e-01 2.629389e+00
-4.761900e-02 -7.190260e-01 2.778263e+00
-2.841840e-01 -7.392850e-01 2.890766e+00
-1.099810e-01 -7.743780e-01 2.872031e+00
-2.932760e-01 -1.121357e+00 2.750810e+00
-7.094400e-02 -1.136963e+00 2.691317e+00
-1.817720e-01 -1.085264e+00 2.645034e+00
1.207600e-02 -1.070009e+00 2.574915e+00
-8.037300e-02 5.085900e-02 2.364615e+00
-7.670800e-02 6.738700e-02 2.383751e+00
1.088400e-02 -8.281200e-02 2.681732e+00
9.962000e-02 -6.317100e-02 2.465829e+00
-1.799530e-01 -4.573400e-02 2.556800e+00
-3.012120e-01 -2.811500e-01 2.547742e+00
-6.322400e-02 -2.436790e-01 2.824931e+00
-2.503310e-01 -1.831050e-01 2.734095e+00
-3.178930e-01 1.628970e-01 2.432175e+00
-8.635000e-03 -3.459740e-01 2.683182e+00
-4.364420e-01 -8.547700e-02 2.475725e+00
-3.968500e-02 -6.072510e-01 2.774889e+00
-4.455480e-01 -1.251230e-01 2.527043e+00
-1.896300e-02 -6.383450e-01 2.828667e+00
-2.795720e-01 -6.810780e-01 2.901069e+00
-9.819700e-02 -7.146280e-01 2.862302e+00
-2.989050e-01 -1.058086e+00 2.748950e+00
-6.568200e-02 -1.095162e+00 2.721640e+00
-2.379270e-01 -1.115253e+00 2.882883e+00
7.410700e-02 -1.059513e+00 2.657511e+00
3.504600e-02 1.403710e-01 2.346001e+00
-1.025450e-01 1.901100e-02 2.390064e+00
4.997800e-02 -1.675920e-01 2.636926e+00
4.057200e-02 -1.659950e-01 2.402869e+00
-1.531220e-01 -6.379800e-02 2.599793e+00
-3.863570e-01 -2.400510e-01 2.636021e+00
-4.635100e-02 -2.807130e-01 2.768753e+00
-2.373270e-01 -1.791850e-01 2.780984e+00
-3.047190e-01 1.801640e-01 2.439758e+00
-6.233500e-02 -3.819290e-01 2.740652e+00
-4.157770e-01 -7.296100e-02 2.469323e+00
-3.490000e-02 -6.520060e-01 2.800536e+00
-4.364250e-01 -9.840900e-02 2.526018e+00
-4.832200e-02 -7.121910e-01 2.778496e+00
-2.692700e-01 -6.879410e-01 2.902299e+00
-9.852100e-02 -7.277170e-01 2.876808e+00
-3.027890e-01 -1.068034e+00 2.760681e+00
-6.452200e-02 -1.103445e+00 2.724094e+00
-1.508130e-01 -1.094070e+00 2.794589e+00
1.138300e-02 -1.045482e+00 2.598383e+00
-1.150600e-02 1.404490e-01 2.394396e+00
-3.556290e-01 9.964200e-02 2.426907e+00
-2.574100e-02 4.278000e-02 2.510366e+00
-1.742480e-01 -2.103600e-02 2.340817e+00
-2.294950e-01 6.420200e-02 2.617264e+00
-3.874420e-01 -1.847690e-01 2.674196e+00
-2.201600e-02 -2.012780e-01 2.706854e+00
-2.093020e-01 -1.195870e-01 2.778822e+00
-4.654440e-01 -6.239200e-02 2.599384e+00
5.082200e-02 -1.864130e-01 2.608710e+00
-4.086830e-01 -3.216200e-01 2.673304e+00
-1.190300e-02 -4.406970e-01 2.694090e+00
-3.976250e-01 -3.836550e-01 2.691126e+00
-2.625600e-02 -5.011050e-01 2.714900e+00
-2.726880e-01 -6.529040e-01 2.871381e+00
-6.837200e-02 -6.664930e-01 2.837955e+00
-3.034120e-01 -1.045036e+00 2.766799e+00
-8.348500e-02 -1.066373e+00 2.763679e+00
-2.647590e-01 -1.008425e+00 2.618171e+00
-6.232700e-02 -1.038575e+00 2.609718e+00
-8.088000e-03 1.577420e-01 2.271738e+00
-4.001840e-01 1.716450e-01 2.525026e+00
-5.935600e-02 1.793550e-01 2.472097e+00
-2.517880e-01 1.261170e-01 2.349585e+00
-2.064920e-01 1.212720e-01 2.640558e+00
-3.838110e-01 -1.275720e-01 2.717914e+00
-1.921400e-02 -1.414380e-01 2.676056e+00
-1.882760e-01 -6.923200e-02 2.790657e+00
-4.477500e-01 -6.840000e-02 2.618428e+00
2.993400e-02 -4.950200e-02 2.562981e+00
-3.970600e-01 -3.381220e-01 2.652683e+00
1.352100e-02 -3.154370e-01 2.637158e+00
-3.812210e-01 -3.969230e-01 2.676762e+00
-2.639000e-03 -3.773260e-01 2.651190e+00
-2.733310e-01 -6.129780e-01 2.839829e+00
-7.014800e-02 -6.201090e-01 2.794069e+00
-2.986350e-01 -1.014881e+00 2.780812e+00
-7.579700e-02 -1.026771e+00 2.778461e+00
-3.145700e-01 -9.910790e-01 2.625557e+00
-9.347400e-02 -1.020509e+00 2.621704e+00
-2.465820e-01 2.380470e-01 2.233449e+00
-3.974780e-01 2.307740e-01 2.549595e+00
-6.012000e-02 2.503880e-01 2.480102e+00
-2.580380e-01 2.056550e-01 2.363050e+00
-1.971680e-01 1.731300e-01 2.649368e+00
-3.729150e-01 -7.320700e-02 2.672555e+00
-1.026100e-02 -8.233900e-02 2.615336e+00
-1.747700e-01 -1.872800e-02 2.741111e+00
-4.514670e-01 -1.738700e-02 2.623036e+00
2.909600e-02 1.423300e-02 2.558613e+00
-4.032450e-01 -2.922100e-01 2.631497e+00
1.642100e-02 -2.628380e-01 2.590168e+00
-3.808170e-01 -3.520950e-01 2.617388e+00
-1.877000e-03 -3.236020e-01 2.606329e+00
-2.828450e-01 -5.573850e-01 2.805426e+00
-8.107300e-02 -5.628960e-01 2.771998e+00
-2.963010e-01 -9.640450e-01 2.795614e+00
-6.720300e-02 -9.693890e-01 2.786861e+00
-3.207790e-01 -9.594730e-01 2.639715e+00
-9.324200e-02 -9.759660e-01 2.631288e+00
-2.542080e-01 3.384500e-01 2.258065e+00
-3.976340e-01 2.529300e-01 2.586722e+00
-5.813000e-02 2.878820e-01 2.536325e+00
-2.508320e-01 2.672620e-01 2.404741e+00
-2.005930e-01 1.769140e-01 2.680520e+00
-3.744540e-01 -7.456900e-02 2.647777e+00
-9.698000e-03 -7.197300e-02 2.605092e+00
-1.800530e-01 -2.910100e-02 2.731861e+00
-4.500890e-01 -1.650000e-03 2.637347e+00
3.569500e-02 4.286200e-02 2.572215e+00
-3.866810e-01 -2.707030e-01 2.595224e+00
8.750000e-03 -2.352330e-01 2.561170e+00
-3.709810e-01 -3.307910e-01 2.615992e+00
-9.855000e-03 -2.975300e-01 2.568992e+00
-2.896600e-01 -5.616910e-01 2.780698e+00
-8.388900e-02 -5.640620e-01 2.745955e+00
-2.978300e-01 -9.686010e-01 2.778150e+00
-6.716000e-02 -9.696970e-01 2.774754e+00
-3.154370e-01 -9.672650e-01 2.621265e+00
-8.587100e-02 -9.815670e-01 2.618442e+00
-2.467410e-01 4.538860e-01 2.348953e+00
-3.920770e-01 2.654880e-01 2.611155e+00
-5.238000e-02 3.036640e-01 2.564538e+00
-2.451550e-01 2.977690e-01 2.431584e+00
-1.954640e-01 1.791460e-01 2.696537e+00
-3.802780e-01 -6.920800e-02 2.634520e+00
-1.559800e-02 -6.184100e-02 2.591735e+00
-1.858860e-01 -3.041200e-02 2.721903e+00
-4.521670e-01 9.691000e-03 2.647327e+00
3.660600e-02 5.409800e-02 2.576763e+00
-3.935590e-01 -2.525810e-01 2.568489e+00
-1.061000e-03 -2.219360e-01 2.548070e+00
-3.773850e-01 -3.125620e-01 2.589198e+00
-2.384200e-02 -2.831160e-01 2.553200e+00
-2.912720e-01 -5.581530e-01 2.763555e+00
-8.517600e-02 -5.585210e-01 2.726833e+00
-2.971620e-01 -9.645400e-01 2.785099e+00
-6.873300e-02 -9.617670e-01 2.779480e+00
-3.142960e-01 -9.726010e-01 2.628364e+00
-8.660200e-02 -9.827900e-01 2.624034e+00
-2.450820e-01 5.008840e-01 2.406779e+00
-3.900730e-01 2.796540e-01 2.641023e+00
-5.028200e-02 3.180290e-01 2.595256e+00
-2.445300e-01 3.319140e-01 2.465069e+00
-1.940800e-01 1.801880e-01 2.712404e+00
-3.830680e-01 -5.905500e-02 2.629200e+00
-1.891800e-02 -4.839000e-02 2.582752e+00
-1.874530e-01 -2.990600e-02 2.717599e+00
-4.517230e-01 2.045300e-02 2.651548e+00
3.541100e-02 6.579400e-02 2.583812e+00
-3.973800e-01 -2.391750e-01 2.557167e+00
2.064000e-03 -2.101720e-01 2.539107e+00
-3.909420e-01 -3.043160e-01 2.555331e+00
-2.084500e-02 -2.665450e-01 2.514910e+00
-2.958490e-01 -5.506680e-01 2.747925e+00
-9.001700e-02 -5.484510e-01 2.715881e+00
-2.971990e-01 -9.556960e-01 2.787914e+00
-6.856300e-02 -9.502550e-01 2.777055e+00
-3.158240e-01 -9.710380e-01 2.631894e+00
-8.764300e-02 -9.748390e-01 2.622277e+00
-2.316990e-01 5.229280e-01 2.449607e+00
-3.893610e-01 2.937440e-01 2.662281e+00
-4.839500e-02 3.217920e-01 2.617771e+00
-2.416840e-01 3.422010e-01 2.487017e+00
-1.967730e-01 1.879810e-01 2.733877e+00
-3.859580e-01 -5.199400e-02 2.622946e+00
-2.144200e-02 -4.274100e-02 2.579150e+00
-1.903650e-01 -3.535000e-02 2.714573e+00
-4.495110e-01 3.088900e-02 2.653985e+00
3.167300e-02 6.484200e-02 2.599188e+00
-4.152650e-01 -2.365230e-01 2.561997e+00
5.091000e-03 -2.100130e-01 2.529245e+00
-3.985540e-01 -2.998380e-01 2.562444e+00
-2.251600e-02 -2.651120e-01 2.507105e+00
-2.965220e-01 -5.451630e-01 2.739417e+00
-9.897900e-02 -5.440160e-01 2.707856e+00
-2.946320e-01 -9.493260e-01 2.787350e+00
-7.995700e-02 -9.460980e-01 2.768003e+00
-3.122630e-01 -9.678840e-01 2.631564e+00
-9.810800e-02 -9.701390e-01 2.613028e+00
-2.380460e-01 5.565730e-01 2.503531e+00
-3.866140e-01 2.894780e-01 2.668393e+00
-4.386500e-02 3.053040e-01 2.632366e+00
-2.331350e-01 3.396460e-01 2.498683e+00
-2.001610e-01 1.726560e-01 2.739033e+00
-3.868770e-01 -5.311400e-02 2.620166e+00
-2.179400e-02 -5.039500e-02 2.580378e+00
-1.919760e-01 -4.350300e-02 2.714243e+00
-4.520890e-01 2.588900e-02 2.657491e+00
3.372600e-02 4.565900e-02 2.611170e+00
-4.219050e-01 -2.437500e-01 2.563892e+00
5.436000e-03 -2.279310e-01 2.529161e+00
-4.142010e-01 -3.055920e-01 2.543782e+00
-2.533900e-02 -2.854430e-01 2.534952e+00
-2.972650e-01 -5.481740e-01 2.737276e+00
-9.818600e-02 -5.502240e-01 2.705567e+00
-2.969570e-01 -9.517190e-01 2.790193e+00
-8.004900e-02 -9.519020e-01 2.768615e+00
-3.134160e-01 -9.721460e-01 2.634512e+00
-9.700800e-02 -9.769880e-01 2.613672e+00
-2.277660e-01 5.521000e-01 2.525008e+00
-3.857240e-01 2.798740e-01 2.685188e+00
-4.402300e-02 2.973790e-01 2.640933e+00
-2.367090e-01 3.389950e-01 2.514387e+00
-1.977080e-01 1.592910e-01 2.744444e+00
-3.861570e-01 -5.742800e-02 2.617759e+00
-2.061500e-02 -5.871600e-02 2.582357e+00
-1.923010e-01 -5.206300e-02 2.714300e+00
-4.477260e-01 1.437700e-02 2.659776e+00
3.297800e-02 3.530300e-02 2.621794e+00
-4.364810e-01 -2.638140e-01 2.581805e+00
1.195200e-02 -2.411570e-01 2.539797e+00
-4.297560e-01 -3.209210e-01 2.550471e+00
-5.377000e-03 -3.028010e-01 2.553505e+00
-2.991720e-01 -5.518020e-01 2.741508e+00
-9.885800e-02 -5.578420e-01 2.704303e+00
-2.986580e-01 -9.561290e-01 2.788075e+00
-8.309900e-02 -9.590110e-01 2.771116e+00
-3.137990e-01 -9.741280e-01 2.631962e+00
-9.849000e-02 -9.854120e-01 2.616227e+00
-2.243030e-01 5.524130e-01 2.556148e+00
-3.841820e-01 2.725090e-01 2.685898e+00
-4.192500e-02 2.954420e-01 2.649026e+00
-2.325270e-01 3.359120e-01 2.519001e+00
-1.957050e-01 1.538760e-01 2.747578e+00
-3.820290e-01 -6.224300e-02 2.617371e+00
-1.685200e-02 -6.364800e-02 2.578391e+00
-1.872340e-01 -5.936300e-02 2.712111e+00
-4.510330e-01 5.870000e-03 2.667734e+00
3.512900e-02 3.167200e-02 2.629442e+00
-4.481440e-01 -2.721890e-01 2.582337e+00
2.576900e-02 -2.493650e-01 2.554953e+00
-4.531840e-01 -3.360840e-01 2.595765e+00
1.514400e-02 -3.128200e-01 2.567151e+00
-3.001290e-01 -5.557460e-01 2.741291e+00
-1.011160e-01 -5.627700e-01 2.701560e+00
-2.991140e-01 -9.599820e-01 2.788635e+00
-8.114300e-02 -9.633440e-01 2.770773e+00
-3.158920e-01 -9.782840e-01 2.632725e+00
-9.813000e-02 -9.908900e-01 2.616251e+00
-2.247980e-01 5.554670e-01 2.577841e+00
-3.801950e-01 2.800970e-01 2.699307e+00
-3.825100e-02 3.036100e-01 2.659976e+00
-2.300770e-01 3.531500e-01 2.534985e+00
-1.917120e-01 1.568730e-01 2.751189e+00
-3.830170e-01 -5.648900e-02 2.613013e+00
-1.725300e-02 -5.473800e-02 2.580009e+00
-1.898100e-01 -5.487600e-02 2.710980e+00
-4.443380e-01 1.336600e-02 2.664994e+00
3.652400e-02 3.858700e-02 2.635302e+00
-4.561130e-01 -2.707780e-01 2.599072e+00
3.570300e-02 -2.447280e-01 2.564917e+00
-4.584250e-01 -3.360130e-01 2.593845e+00
1.987400e-02 -3.080260e-01 2.559346e+00
-2.976830e-01 -5.490780e-01 2.737609e+00
-1.002530e-01 -5.556730e-01 2.696241e+00
-2.988820e-01 -9.531050e-01 2.786706e+00
-8.111900e-02 -9.559130e-01 2.767589e+00
-3.124850e-01 -9.720390e-01 2.630562e+00
-9.518700e-02 -9.841610e-01 2.612900e+00
-2.261430e-01 5.565520e-01 2.579685e+00
-3.742850e-01 2.772060e-01 2.708049e+00
-3.315300e-02 2.931070e-01 2.659048e+00
-2.271950e-01 3.521710e-01 2.541861e+00
-1.877880e-01 1.472630e-01 2.749708e+00
-3.832130e-01 -5.729300e-02 2.618480e+00
-1.897000e-02 -5.350800e-02 2.571699e+00
-1.864500e-01 -5.546800e-02 2.709089e+00
-4.476350e-01 1.241700e-02 2.670030e+00
3.771500e-02 2.576100e-02 2.638015e+00
-4.502720e-01 -2.727090e-01 2.603119e+00
3.934400e-02 -2.573700e-01 2.563079e+00
-4.501010e-01 -3.365130e-01 2.588377e+00
1.998600e-02 -3.198780e-01 2.560585e+00
-2.988240e-01 -5.505700e-01 2.734360e+00
-1.018360e-01 -5.541920e-01 2.694716e+00
-2.975990e-01 -9.547500e-01 2.782176e+00
-8.014300e-02 -9.537100e-01 2.769305e+00
-3.170190e-01 -9.732150e-01 2.626592e+00
-9.979100e-02 -9.834900e-01 2.615514e+00
-2.211560e-01 5.490370e-01 2.584448e+00
-3.734680e-01 2.707760e-01 2.696061e+00
-3.020100e-02 2.909300e-01 2.668021e+00
-2.174000e-01 3.463220e-01 2.538552e+00
-1.882060e-01 1.437630e-01 2.750349e+00
-3.776020e-01 -5.911500e-02 2.603272e+00
-1.120100e-02 -6.358700e-02 2.578654e+00
-1.866930e-01 -6.106500e-02 2.705639e+00
-4.458380e-01 3.064000e-03 2.668198e+00
4.033600e-02 2.312200e-02 2.636604e+00
-4.462540e-01 -2.817470e-01 2.594079e+00
4.722600e-02 -2.609830e-01 2.560131e+00
-4.530030e-01 -3.430220e-01 2.571985e+00
1.815400e-02 -3.192840e-01 2.553497e+00
-2.982690e-01 -5.519650e-01 2.733992e+00
-9.956800e-02 -5.622780e-01 2.695113e+00
-2.969450e-01 -9.556910e-01 2.785497e+00
-8.434800e-02 -9.613740e-01 2.773473e+00
-3.081070e-01 -9.756560e-01 2.629288e+00
-9.537800e-02 -9.921210e-01 2.619015e+00
-2.121750e-01 5.509630e-01 2.594171e+00
-3.718050e-01 2.789800e-01 2.701999e+00
-2.958700e-02 2.917270e-01 2.660180e+00
-2.205950e-01 3.512580e-01 2.538337e+00
-1.873030e-01 1.479460e-01 2.748805e+00
-3.778830e-01 -5.478500e-02 2.609200e+00
-1.294500e-02 -5.929800e-02 2.568259e+00
-1.825840e-01 -5.567100e-02 2.702939e+00
-4.420480e-01 1.128000e-02 2.663068e+00
4.057600e-02 2.244000e-02 2.634206e+00
-4.378750e-01 -2.741970e-01 2.588399e+00
4.020500e-02 -2.631040e-01 2.559676e+00
-4.453740e-01 -3.368000e-01 2.606088e+00
7.558000e-03 -3.084360e-01 2.593844e+00
-2.980140e-01 -5.493820e-01 2.730593e+00
-9.962300e-02 -5.570470e-01 2.693368e+00
-2.993880e-01 -9.528070e-01 2.784408e+00
-8.376400e-02 -9.560770e-01 2.771937e+00
-3.171380e-01 -9.734900e-01 2.628903e+00
-1.016550e-01 -9.870640e-01 2.618170e+00
-2.104000e-01 5.547630e-01 2.591989e+00
