-3.358400e-01 3.252500e-01 2.748361e+00
-1.914420e-01 3.271845e-01 2.753438e+00
-4.704400e-02 3.291190e-01 2.758515e+00
-1.175340e-01 3.466795e-01 2.700315e+00
-1.880240e-01 3.642400e-01 2.642114e+00
-1.903740e-01 2.757645e-01 2.742660e+00
-1.927240e-01 1.872890e-01 2.843206e+00
-2.816105e-01 7.597250e-02 2.785700e+00
-3.704970e-01 -3.534400e-02 2.728194e+00
-1.869770e-01 -3.310000e-02 2.724004e+00
-3.457000e-03 -3.085600e-02 2.719814e+00
-9.400900e-02 -2.866400e-02 2.776606e+00
-1.845610e-01 -2.647200e-02 2.833397e+00
-2.942065e-01 1.397950e-02 2.784829e+00
-4.038520e-01 5.443100e-02 2.736262e+00
-1.880980e-01 5.743250e-02 2.738122e+00
2.765600e-02 6.043400e-02 2.739982e+00
-1.922510e-01 -8.661550e-02 2.723592e+00
-4.121580e-01 -2.336650e-01 2.707202e+00
-1.864115e-01 -2.290180e-01 2.697796e+00
3.933500e-02 -2.243710e-01 2.688390e+00
-1.793440e-01 -2.547935e-01 2.698241e+00
-3.980230e-01 -2.852160e-01 2.708092e+00
-1.891875e-01 -2.768910e-01 2.686869e+00
1.964800e-02 -2.685660e-01 2.665645e+00
-1.406465e-01 -3.957475e-01 2.729596e+00
-3.009410e-01 -5.229290e-01 2.793546e+00
-1.883690e-01 -5.227510e-01 2.789477e+00
-7.579700e-02 -5.225730e-01 2.785408e+00
-2.018815e-01 -7.156930e-01 2.809994e+00
-3.279660e-01 -9.088130e-01 2.834580e+00
-1.944775e-01 -9.084540e-01 2.834869e+00
-6.098900e-02 -9.080950e-01 2.835158e+00
-1.955475e-01 -9.141880e-01 2.780242e+00
-3.301060e-01 -9.202810e-01 2.725326e+00
-1.964970e-01 -9.212535e-01 2.725769e+00
-6.288800e-02 -9.222260e-01 2.726212e+00
-1.231810e-01 -1.666995e-01 2.701523e+00
-1.834740e-01 5.888270e-01 2.676834e+00
-2.592580e-01 4.560260e-01 2.710843e+00
-3.350420e-01 3.232250e-01 2.744851e+00
-4.683400e-02 3.302340e-01 2.765047e+00
-1.840950e-01 3.647400e-01 2.644105e+00
-1.937230e-01 1.860920e-01 2.843514e+00
-3.758610e-01 -2.909500e-02 2.709869e+00
-9.756000e-03 -3.991900e-02 2.735538e+00
-2.002350e-01 -2.694500e-02 2.831810e+00
-4.055160e-01 5.281200e-02 2.739973e+00
2.348600e-02 6.126800e-02 2.736313e+00
-4.134040e-01 -2.349340e-01 2.707565e+00
1.690200e-02 -2.253060e-01 2.694571e+00
-4.031900e-01 -2.853600e-01 2.722091e+00
-1.437000e-03 -2.733460e-01 2.679944e+00
-3.004200e-01 -5.207090e-01 2.797684e+00
-7.450300e-02 -5.258880e-01 2.785619e+00
-3.300100e-01 -9.067020e-01 2.835829e+00
-6.398700e-02 -9.113930e-01 2.836572e+00
-3.223730e-01 -9.180610e-01 2.726810e+00
-5.506200e-02 -9.255030e-01 2.727973e+00
-1.847330e-01 5.879440e-01 2.676968e+00
-3.383310e-01 3.236830e-01 2.744011e+00
-5.018700e-02 3.369170e-01 2.761874e+00
-1.891150e-01 3.681220e-01 2.641943e+00
-1.933260e-01 1.898960e-01 2.841917e+00
-3.794520e-01 -3.797400e-02 2.710441e+00
-1.307400e-02 -4.178800e-02 2.734127e+00
-2.032150e-01 -3.073600e-02 2.831301e+00
-4.084570e-01 5.367000e-02 2.737167e+00
1.913000e-02 6.849600e-02 2.729990e+00
-4.148860e-01 -2.340360e-01 2.708280e+00
1.493700e-02 -2.184180e-01 2.693751e+00
-4.042090e-01 -2.864050e-01 2.707030e+00
-2.905000e-03 -2.655990e-01 2.676038e+00
-3.003560e-01 -5.279710e-01 2.795925e+00
-7.707000e-02 -5.302550e-01 2.783607e+00
-3.224530e-01 -9.142600e-01 2.836087e+00
-6.172800e-02 -9.148660e-01 2.839825e+00
-3.152670e-01 -9.260050e-01 2.727078e+00
-5.318700e-02 -9.303760e-01 2.731386e+00
-1.844960e-01 5.896600e-01 2.669546e+00
-3.398590e-01 3.299310e-01 2.746882e+00
-5.088000e-02 3.327760e-01 2.748946e+00
-1.949270e-01 3.674470e-01 2.636223e+00
-1.946490e-01 1.922340e-01 2.838885e+00
-3.775460e-01 -2.706300e-02 2.729098e+00
-1.067400e-02 -3.359700e-02 2.716019e+00
-1.900700e-01 -2.215000e-02 2.831799e+00
-4.075480e-01 5.925700e-02 2.730227e+00
1.908600e-02 6.253000e-02 2.734967e+00
-4.196860e-01 -2.294040e-01 2.709051e+00
2.393000e-02 -2.226120e-01 2.684057e+00
-4.076400e-01 -2.811680e-01 2.703258e+00
2.162600e-02 -2.625350e-01 2.648576e+00
-3.017050e-01 -5.185760e-01 2.796569e+00
-7.662800e-02 -5.203690e-01 2.786562e+00
-3.281200e-01 -9.044250e-01 2.838329e+00
-6.050400e-02 -9.059450e-01 2.835469e+00
-3.320040e-01 -9.159770e-01 2.729132e+00
-6.404100e-02 -9.199090e-01 2.726542e+00
-1.820600e-01 5.881860e-01 2.658255e+00
-3.390850e-01 3.282640e-01 2.742652e+00
-5.009600e-02 3.303890e-01 2.744014e+00
-1.943210e-01 3.644700e-01 2.631339e+00
-1.940070e-01 1.909830e-01 2.835481e+00
-3.764410e-01 -3.123100e-02 2.729953e+00
-9.811000e-03 -3.201000e-02 2.710177e+00
-1.872220e-01 -2.289900e-02 2.829178e+00
-4.088440e-01 5.763000e-02 2.730666e+00
2.157800e-02 6.035100e-02 2.730067e+00
-4.173310e-01 -2.311520e-01 2.706328e+00
4.046200e-02 -2.262090e-01 2.690229e+00
-4.061600e-01 -2.814250e-01 2.691977e+00
3.789400e-02 -2.677290e-01 2.656649e+00
-3.033990e-01 -5.204810e-01 2.795503e+00
-7.338500e-02 -5.201180e-01 2.785723e+00
-3.305190e-01 -9.063720e-01 2.836417e+00
-6.161600e-02 -9.059180e-01 2.834100e+00
-3.361660e-01 -9.175480e-01 2.727257e+00
-6.677600e-02 -9.197290e-01 2.725219e+00
-1.873380e-01 5.873540e-01 2.655625e+00
-3.393230e-01 3.266680e-01 2.736492e+00
-5.034100e-02 3.239500e-01 2.734688e+00
-1.952260e-01 3.581910e-01 2.622911e+00
-1.955230e-01 1.888490e-01 2.830505e+00
-3.761010e-01 -3.852100e-02 2.725510e+00
-9.151000e-03 -3.477400e-02 2.713573e+00
-1.891840e-01 -2.625900e-02 2.828614e+00
-4.075790e-01 5.531500e-02 2.728373e+00
2.519600e-02 5.449600e-02 2.727911e+00
-4.146840e-01 -2.336320e-01 2.703256e+00
4.974900e-02 -2.319000e-01 2.688587e+00
-4.067470e-01 -2.856460e-01 2.712727e+00
3.851500e-02 -2.840620e-01 2.685264e+00
-3.036440e-01 -5.254960e-01 2.797971e+00
-7.378300e-02 -5.245420e-01 2.786582e+00
-3.308950e-01 -9.114220e-01 2.838457e+00
-6.184000e-02 -9.101460e-01 2.836464e+00
-3.339410e-01 -9.226690e-01 2.729202e+00
-6.445700e-02 -9.243180e-01 2.727538e+00
-1.841870e-01 5.817650e-01 2.643958e+00
-3.365010e-01 3.275060e-01 2.714659e+00
-4.773700e-02 3.350150e-01 2.723583e+00
-1.892720e-01 3.576610e-01 2.604785e+00
-1.918890e-01 2.004690e-01 2.821708e+00
-3.701580e-01 -2.968700e-02 2.723978e+00
-3.120000e-03 -3.476000e-02 2.715829e+00
-1.840670e-01 -2.126400e-02 2.828944e+00
-4.058680e-01 5.644500e-02 2.728529e+00
3.083200e-02 6.613200e-02 2.726169e+00
-4.108320e-01 -2.327440e-01 2.703098e+00
5.459900e-02 -2.223780e-01 2.703820e+00
-4.005000e-01 -2.848330e-01 2.696923e+00
4.515500e-02 -2.703070e-01 2.682102e+00
-3.008100e-01 -5.200460e-01 2.792991e+00
-7.133000e-02 -5.218800e-01 2.787791e+00
-3.331130e-01 -9.050930e-01 2.837899e+00
-6.342500e-02 -9.075180e-01 2.838211e+00
-3.355470e-01 -9.176160e-01 2.728767e+00
-6.507200e-02 -9.217930e-01 2.729279e+00
-1.888120e-01 5.810940e-01 2.610266e+00
-3.349490e-01 3.216150e-01 2.698124e+00
-4.682500e-02 3.351210e-01 2.716087e+00
-1.847470e-01 3.504880e-01 2.591993e+00
-1.916440e-01 2.015690e-01 2.814585e+00
-3.681720e-01 -3.265800e-02 2.714306e+00
-1.189000e-03 -3.366800e-02 2.725782e+00
-1.880340e-01 -1.823800e-02 2.828592e+00
-4.018640e-01 5.038100e-02 2.720346e+00
3.121900e-02 6.598600e-02 2.720026e+00
-4.090480e-01 -2.395950e-01 2.705153e+00
5.765400e-02 -2.225780e-01 2.700021e+00
-3.971870e-01 -2.913530e-01 2.711362e+00
4.851000e-02 -2.750690e-01 2.695642e+00
-2.978450e-01 -5.203700e-01 2.798622e+00
-7.111600e-02 -5.225040e-01 2.788524e+00
-3.317200e-01 -9.057970e-01 2.838860e+00
-6.139200e-02 -9.086270e-01 2.834731e+00
-3.278730e-01 -9.175340e-01 2.729681e+00
-5.708000e-02 -9.215660e-01 2.725705e+00
-1.847150e-01 5.643780e-01 2.572519e+00
-3.347610e-01 3.155550e-01 2.684098e+00
-4.582100e-02 3.195560e-01 2.679789e+00
-1.921340e-01 3.244260e-01 2.564780e+00
-1.869090e-01 2.057610e-01 2.804911e+00
-3.705450e-01 -4.390600e-02 2.736397e+00
-4.243000e-03 -4.023900e-02 2.711530e+00
-1.802710e-01 -2.309300e-02 2.831694e+00
-4.069400e-01 4.665000e-02 2.716808e+00
2.892300e-02 5.147900e-02 2.713524e+00
-4.077270e-01 -2.436590e-01 2.704866e+00
5.166100e-02 -2.376350e-01 2.695697e+00
-3.925860e-01 -2.944660e-01 2.711759e+00
3.740900e-02 -2.865560e-01 2.679518e+00
-2.992810e-01 -5.304640e-01 2.803475e+00
-6.683600e-02 -5.285120e-01 2.795195e+00
-3.324970e-01 -9.165200e-01 2.837811e+00
-6.197100e-02 -9.143900e-01 2.844136e+00
-3.394190e-01 -9.256430e-01 2.728534e+00
-6.801100e-02 -9.282690e-01 2.735309e+00
-1.842050e-01 5.430210e-01 2.529454e+00
-3.326430e-01 2.991820e-01 2.647760e+00
-4.368400e-02 3.028410e-01 2.650945e+00
-1.868140e-01 2.965500e-01 2.532066e+00
-1.883730e-01 2.015980e-01 2.782572e+00
-3.663770e-01 -5.474500e-02 2.740933e+00
5.740000e-04 -4.510200e-02 2.733030e+00
-1.812470e-01 -2.534500e-02 2.843798e+00
-4.059170e-01 3.528700e-02 2.708076e+00
2.848600e-02 3.566500e-02 2.696295e+00
-4.007750e-01 -2.553100e-01 2.704681e+00
5.522900e-02 -2.536430e-01 2.687931e+00
-3.960070e-01 -3.084590e-01 2.707929e+00
4.146600e-02 -3.023410e-01 2.670692e+00
-2.976100e-01 -5.369050e-01 2.823755e+00
-6.022500e-02 -5.343820e-01 2.810868e+00
-3.295850e-01 -9.244460e-01 2.834279e+00
-6.119100e-02 -9.212970e-01 2.851085e+00
-3.305250e-01 -9.273510e-01 2.724447e+00
-6.152700e-02 -9.326550e-01 2.741799e+00
-1.856420e-01 4.932230e-01 2.457835e+00
-3.295830e-01 2.911660e-01 2.605921e+00
-4.059600e-02 2.917700e-01 2.608573e+00
-1.839850e-01 2.697560e-01 2.491899e+00
-1.862690e-01 2.127820e-01 2.753663e+00
-3.695610e-01 -4.735400e-02 2.749176e+00
-2.712000e-03 -3.843500e-02 2.736872e+00
-1.833390e-01 -1.263800e-02 2.848350e+00
-4.054080e-01 3.137000e-02 2.678426e+00
3.220400e-02 2.904000e-02 2.673175e+00
-3.995100e-01 -2.573770e-01 2.708704e+00
5.491400e-02 -2.602650e-01 2.683797e+00
-3.881110e-01 -3.074210e-01 2.693746e+00
3.323800e-02 -3.027310e-01 2.659613e+00
-2.997500e-01 -5.278390e-01 2.837850e+00
-5.358000e-02 -5.234040e-01 2.829120e+00
-3.251860e-01 -9.160060e-01 2.838156e+00
-6.067600e-02 -9.118240e-01 2.849133e+00
-3.275290e-01 -9.159390e-01 2.728307e+00
-6.176500e-02 -9.174580e-01 2.739408e+00
-1.783270e-01 4.654330e-01 2.398425e+00
-3.275810e-01 2.719930e-01 2.585797e+00
-3.866800e-02 2.727830e-01 2.578786e+00
-1.858000e-01 2.429210e-01 2.468702e+00
-1.792640e-01 2.037870e-01 2.733651e+00
-3.701380e-01 -3.883800e-02 2.762857e+00
-4.106000e-03 -5.565700e-02 2.739472e+00
-1.787990e-01 -7.896000e-03 2.853139e+00
-4.036420e-01 1.114100e-02 2.654120e+00
3.480900e-02 9.861000e-03 2.641793e+00
-4.017860e-01 -2.765090e-01 2.693824e+00
5.786900e-02 -2.789920e-01 2.660626e+00
-3.869380e-01 -3.277150e-01 2.697765e+00
3.722300e-02 -3.239490e-01 2.640358e+00
-2.994340e-01 -5.255960e-01 2.849194e+00
-5.777100e-02 -5.274510e-01 2.852700e+00
-3.272670e-01 -9.134110e-01 2.837113e+00
-5.318500e-02 -9.163960e-01 2.848075e+00
-3.337330e-01 -9.095320e-01 2.727497e+00
-6.048700e-02 -9.151790e-01 2.738449e+00
-1.815710e-01 4.152360e-01 2.351804e+00
-3.250290e-01 2.206920e-01 2.535189e+00
-3.651000e-02 2.253550e-01 2.519187e+00
-1.857300e-01 1.703570e-01 2.422405e+00
-1.712060e-01 1.877590e-01 2.689347e+00
-3.581900e-01 -4.699600e-02 2.763090e+00
8.296000e-03 -6.364900e-02 2.748271e+00
-1.685600e-01 2.631000e-03 2.848510e+00
-3.859900e-01 -4.204600e-02 2.611559e+00
3.606500e-02 -3.634700e-02 2.588647e+00
-3.802780e-01 -3.261050e-01 2.672300e+00
4.355200e-02 -3.226010e-01 2.637786e+00
-3.817940e-01 -3.730820e-01 2.697774e+00
3.111500e-02 -3.734480e-01 2.626925e+00
-3.047310e-01 -5.224920e-01 2.859820e+00
-5.929600e-02 -5.287910e-01 2.867328e+00
-3.247590e-01 -9.104030e-01 2.838724e+00
-5.879100e-02 -9.174170e-01 2.850286e+00
-3.293130e-01 -9.042070e-01 2.729118e+00
-6.348100e-02 -9.126140e-01 2.740616e+00
-1.817740e-01 3.376380e-01 2.280416e+00
-3.338650e-01 1.708550e-01 2.518514e+00
-4.638300e-02 1.700910e-01 2.488950e+00
-2.003040e-01 1.056310e-01 2.406419e+00
-1.732350e-01 1.548870e-01 2.668360e+00
-3.583430e-01 -6.605100e-02 2.780617e+00
7.103000e-03 -8.680200e-02 2.751844e+00
-1.650340e-01 -9.715000e-03 2.852568e+00
-3.781280e-01 -9.665900e-02 2.589924e+00
2.685000e-02 -8.988300e-02 2.564266e+00
-3.624080e-01 -3.796390e-01 2.654212e+00
4.160000e-02 -3.748170e-01 2.619515e+00
-3.379090e-01 -4.231980e-01 2.635226e+00
3.066200e-02 -4.270220e-01 2.615892e+00
-3.027720e-01 -5.373690e-01 2.869507e+00
-5.686700e-02 -5.449350e-01 2.876840e+00
-3.267870e-01 -9.243020e-01 2.837455e+00
-5.418500e-02 -9.330240e-01 2.850375e+00
-3.352760e-01 -9.147350e-01 2.728327e+00
-6.347000e-02 -9.256390e-01 2.741143e+00
-1.890970e-01 2.679670e-01 2.248946e+00
-3.359580e-01 1.215820e-01 2.495131e+00
-4.820900e-02 1.166780e-01 2.468719e+00
-2.016180e-01 4.438600e-02 2.391923e+00
-1.768600e-01 1.210020e-01 2.647440e+00
-3.512450e-01 -9.940100e-02 2.785658e+00
1.536700e-02 -1.061890e-01 2.766726e+00
-1.624370e-01 -2.762600e-02 2.855791e+00
-3.689960e-01 -1.465150e-01 2.570560e+00
1.905600e-02 -1.473450e-01 2.535233e+00
-3.393220e-01 -4.288030e-01 2.633223e+00
3.190000e-02 -4.333710e-01 2.585414e+00
-3.349900e-01 -4.815640e-01 2.640687e+00
2.608900e-02 -4.845100e-01 2.599878e+00
-3.025120e-01 -5.580980e-01 2.877525e+00
-4.932600e-02 -5.630390e-01 2.882082e+00
-3.283020e-01 -9.435600e-01 2.831978e+00
-5.519000e-02 -9.508840e-01 2.852708e+00
-3.335100e-01 -9.303380e-01 2.723026e+00
-6.009200e-02 -9.425200e-01 2.743261e+00
-1.956760e-01 1.486470e-01 2.212476e+00
-3.129040e-01 7.535000e-03 2.462384e+00
-2.437900e-02 2.141000e-02 2.453326e+00
-1.668820e-01 -7.312100e-02 2.379739e+00
-1.648020e-01 4.166700e-02 2.621795e+00
-3.481180e-01 -1.913780e-01 2.764862e+00
1.873500e-02 -1.805220e-01 2.775349e+00
-1.691460e-01 -9.662600e-02 2.833493e+00
-3.482940e-01 -2.551310e-01 2.548767e+00
1.550400e-02 -2.483280e-01 2.511277e+00
-3.140480e-01 -5.365170e-01 2.604657e+00
1.428100e-02 -5.329350e-01 2.560993e+00
-3.088530e-01 -5.891900e-01 2.612185e+00
2.595000e-02 -5.843460e-01 2.569874e+00
-3.099510e-01 -6.266300e-01 2.877879e+00
-7.426900e-02 -6.285210e-01 2.891729e+00
-3.257220e-01 -1.011366e+00 2.822646e+00
-4.179200e-02 -1.013785e+00 2.848857e+00
-3.224940e-01 -9.958890e-01 2.713914e+00
-4.010700e-02 -1.001494e+00 2.739685e+00
-1.944170e-01 1.082880e-01 2.202710e+00
-1.766020e-01 -1.482360e-01 2.602221e+00
-1.084900e-02 -2.434000e-02 2.440387e+00
-8.992600e-02 -1.905610e-01 2.466051e+00
-3.449100e-02 -1.295000e-02 2.658802e+00
-2.644910e-01 -3.106030e-01 2.804272e+00
7.987200e-02 -1.857220e-01 2.829338e+00
-1.209180e-01 -1.865410e-01 2.902834e+00
-3.857750e-01 -2.926940e-01 2.493543e+00
8.587000e-03 -2.939780e-01 2.498263e+00
-3.011800e-01 -5.562840e-01 2.567492e+00
1.484300e-02 -5.779710e-01 2.535863e+00
-2.964200e-01 -5.906820e-01 2.608140e+00
2.754000e-03 -6.291910e-01 2.545267e+00
-2.923930e-01 -7.050340e-01 2.891018e+00
-7.013000e-02 -6.852610e-01 2.889799e+00
-3.497060e-01 -1.080395e+00 2.806518e+00
-3.392200e-02 -1.069461e+00 2.840805e+00
-3.381790e-01 -1.058076e+00 2.699553e+00
-6.822100e-02 -1.059443e+00 2.736903e+00
-1.013950e-01 2.318800e-02 2.343811e+00
-2.030700e-02 -1.837090e-01 2.709661e+00
-6.995000e-03 -9.265300e-02 2.435703e+00
-1.298760e-01 -1.217630e-01 2.572491e+00
1.006250e-01 -2.542850e-01 2.539645e+00
-1.157860e-01 -1.418710e-01 2.911377e+00
-4.348800e-02 -3.820280e-01 2.643224e+00
2.747800e-02 -2.542660e-01 2.799299e+00
-2.301470e-01 -2.565730e-01 2.548576e+00
-9.371000e-03 -3.603600e-01 2.495849e+00
-3.268320e-01 -5.239350e-01 2.541698e+00
8.965000e-03 -6.434040e-01 2.516521e+00
-3.251430e-01 -5.769620e-01 2.548280e+00
-1.836300e-02 -6.804580e-01 2.543694e+00
-2.815770e-01 -6.381810e-01 2.881721e+00
-6.213600e-02 -7.627140e-01 2.901757e+00
-3.310400e-01 -1.016710e+00 2.806956e+00
-3.023200e-02 -1.144097e+00 2.832112e+00
-4.071190e-01 -9.918980e-01 2.731665e+00
-1.394740e-01 -1.154306e+00 2.837977e+00
-1.619060e-01 3.325700e-02 2.454491e+00
-1.938300e-02 -4.351370e-01 2.621704e+00
-6.934000e-03 -1.973290e-01 2.465162e+00
-1.254970e-01 -3.324850e-01 2.513470e+00
1.406240e-01 -3.579080e-01 2.496013e+00
-1.982160e-01 -2.416230e-01 2.618939e+00
1.219800e-02 -4.651100e-01 2.417474e+00
-8.999000e-03 -3.357270e-01 2.586381e+00
-2.661400e-01 -4.450660e-01 2.508533e+00
-8.375000e-02 -4.480900e-01 2.394353e+00
-3.606050e-01 -1.909570e-01 2.432524e+00
-4.149600e-02 -7.149430e-01 2.473576e+00
-3.441420e-01 -1.411970e-01 2.421985e+00
-3.419100e-02 -7.647300e-01 2.491632e+00
-2.967000e-01 -6.470270e-01 2.881134e+00
-1.646060e-01 -7.741970e-01 2.781206e+00
-3.232080e-01 -1.031186e+00 2.825998e+00
-2.926800e-02 -1.135420e+00 2.831433e+00
-3.940460e-01 -1.038309e+00 2.909686e+00
-1.289280e-01 -1.168223e+00 2.864058e+00
-9.008000e-02 -9.598300e-02 2.451021e+00
-3.262300e-02 -5.067780e-01 2.547863e+00
7.167000e-03 -2.544270e-01 2.421875e+00
-1.291550e-01 -3.698630e-01 2.474307e+00
1.190490e-01 -4.434250e-01 2.405353e+00
-1.660350e-01 -2.641750e-01 2.549888e+00
-2.051000e-02 -4.143210e-01 2.248080e+00
7.314000e-03 -3.231840e-01 2.439493e+00
-2.270520e-01 -3.516140e-01 2.442752e+00
-9.998900e-02 -4.501550e-01 2.269773e+00
-1.925170e-01 -7.601300e-02 2.477247e+00
-5.991300e-02 -7.063300e-01 2.375164e+00
-1.708850e-01 -3.255500e-02 2.499643e+00
-4.932400e-02 -7.551840e-01 2.394117e+00
-2.669590e-01 -6.163300e-01 2.797151e+00
-1.703510e-01 -7.625830e-01 2.614910e+00
-2.838550e-01 -9.971380e-01 2.874741e+00
-4.678500e-02 -1.082874e+00 2.797848e+00
-3.787810e-01 -9.820780e-01 2.927984e+00
-1.508450e-01 -1.110476e+00 2.819809e+00
-8.674200e-02 -1.445920e-01 2.435812e+00
-6.201300e-02 -4.940080e-01 2.554549e+00
1.903000e-02 -2.822200e-01 2.391503e+00
-1.333660e-01 -3.782350e-01 2.438561e+00
1.169400e-01 -4.737240e-01 2.438942e+00
-1.239100e-01 -2.514410e-01 2.442478e+00
5.706100e-02 -4.708640e-01 2.210289e+00
5.116300e-02 -3.650540e-01 2.395999e+00
-2.482150e-01 -3.471610e-01 2.428410e+00
-1.087450e-01 -4.603850e-01 2.236334e+00
-2.155010e-01 -7.178500e-02 2.452879e+00
-9.212200e-02 -7.230250e-01 2.327132e+00
-1.925460e-01 -3.718500e-02 2.486554e+00
-8.489800e-02 -7.724370e-01 2.346221e+00
-3.841510e-01 -6.257900e-01 2.582116e+00
-8.599400e-02 -8.314430e-01 2.511631e+00
-3.232460e-01 -9.762020e-01 2.739670e+00
-3.862600e-02 -1.088099e+00 2.800083e+00
-4.316370e-01 -9.896690e-01 2.751619e+00
-1.246980e-01 -1.145527e+00 2.763120e+00
-7.756300e-02 -1.337870e-01 2.437006e+00
-6.512100e-02 -5.978040e-01 2.420872e+00
7.001500e-02 -3.526440e-01 2.447401e+00
-1.019170e-01 -4.217230e-01 2.439842e+00
1.145070e-01 -5.284250e-01 2.323449e+00
-7.089600e-02 -3.264790e-01 2.526335e+00
8.858200e-02 -2.837340e-01 2.198390e+00
8.887500e-02 -3.737600e-01 2.392333e+00
-1.579360e-01 -3.517740e-01 2.465348e+00
-1.381970e-01 -5.189640e-01 2.436977e+00
-2.011610e-01 -7.958000e-02 2.444287e+00
-2.865640e-01 -7.489650e-01 2.475555e+00
-1.924770e-01 -3.467300e-02 2.471965e+00
-2.954910e-01 -8.016730e-01 2.474956e+00
-4.161900e-01 -3.981710e-01 2.572654e+00
-1.012350e-01 -4.589670e-01 1.892035e+00
-2.683620e-01 -7.564390e-01 2.539301e+00
-6.805400e-02 -6.919000e-01 2.201812e+00
-3.557760e-01 -7.973930e-01 2.591781e+00
-9.300100e-02 -7.786910e-01 2.139223e+00
-4.802100e-02 -2.254560e-01 2.466068e+00
-9.585000e-03 -6.215040e-01 2.337706e+00
2.793200e-02 -3.826380e-01 2.472892e+00
-1.024860e-01 -4.983920e-01 2.441778e+00
1.074930e-01 -4.426540e-01 2.285017e+00
-3.852300e-02 -3.498100e-01 2.389543e+00
1.563300e-02 -8.170200e-02 2.144605e+00
2.281200e-02 -2.896780e-01 2.193734e+00
-9.905900e-02 -3.819700e-01 2.409435e+00
-5.770400e-02 -6.316150e-01 2.507591e+00
-1.734410e-01 -1.169680e-01 2.410973e+00
-4.385000e-02 -9.038880e-01 2.545493e+00
-1.599260e-01 -6.971600e-02 2.432013e+00
-4.448300e-02 -9.559570e-01 2.557602e+00
-4.210660e-01 -3.442420e-01 2.513757e+00
-1.802810e-01 1.273000e-01 1.957513e+00
-2.680730e-01 -7.011050e-01 2.537479e+00
-1.106370e-01 -2.531680e-01 1.998927e+00
-3.483230e-01 -7.309310e-01 2.606347e+00
-1.219450e-01 -2.670380e-01 1.890519e+00
-2.344800e-02 -3.194760e-01 2.540310e+00
-8.198000e-03 -5.340590e-01 2.257304e+00
8.807000e-03 -2.714020e-01 2.327211e+00
-1.113570e-01 -3.999810e-01 2.328689e+00
9.337600e-02 -3.680400e-01 2.158877e+00
-4.030000e-02 -2.666560e-01 2.335804e+00
-1.292600e-02 -7.268000e-02 2.025268e+00
-3.778800e-02 -2.617110e-01 2.122056e+00
-1.079040e-01 -3.163050e-01 2.369701e+00
-3.805200e-02 -4.972750e-01 2.456738e+00
-1.545610e-01 -5.054000e-02 2.418462e+00
-4.377100e-02 -7.638210e-01 2.520812e+00
-1.603530e-01 -1.822800e-02 2.460658e+00
-4.013300e-02 -8.163160e-01 2.530259e+00
-3.787160e-01 -3.253580e-01 2.514002e+00
-2.490260e-01 2.315010e-01 2.016144e+00
-3.138980e-01 -7.053900e-01 2.565915e+00
-1.436240e-01 -1.386700e-01 1.959713e+00
-3.896570e-01 -7.074440e-01 2.645469e+00
-1.605810e-01 -1.270450e-01 1.851779e+00
-5.408300e-02 -3.379890e-01 2.554116e+00
-5.285200e-02 -2.733640e-01 2.355958e+00
7.873300e-02 -1.175790e-01 2.179588e+00
-3.843400e-02 -1.007740e-01 2.314374e+00
-1.037000e-02 -3.105020e-01 2.150062e+00
1.051000e-03 1.021000e-03 2.282398e+00
-1.232110e-01 -3.957300e-02 1.939294e+00
-1.426200e-02 -1.182570e-01 2.105601e+00
-1.869770e-01 -2.054770e-01 2.572033e+00
2.612800e-02 -1.592660e-01 2.434110e+00
-1.610170e-01 4.245300e-02 2.461194e+00
-1.175870e-01 -3.790460e-01 2.508078e+00
-1.923980e-01 7.646000e-02 2.487968e+00
-9.202100e-02 -4.258190e-01 2.503979e+00
-3.270170e-01 -2.303990e-01 2.499848e+00
-3.691670e-01 2.179820e-01 1.923229e+00
-3.411250e-01 -6.068650e-01 2.596777e+00
-1.994830e-01 -1.317730e-01 1.937353e+00
-4.160060e-01 -5.841960e-01 2.673923e+00
-2.288350e-01 -1.502230e-01 1.833091e+00
-7.954500e-02 -1.162280e-01 2.489087e+00
-7.434900e-02 -7.835000e-02 2.396156e+00
4.073500e-02 -2.087440e-01 2.176442e+00
2.142800e-02 -4.230200e-02 2.240640e+00
-1.446620e-01 -2.494150e-01 2.276558e+00
-4.996000e-03 -4.785700e-02 2.145947e+00
-1.175430e-01 -2.232370e-01 1.843649e+00
-4.626600e-02 -2.318050e-01 2.045056e+00
-2.850220e-01 -1.552700e-01 2.532450e+00
1.052600e-01 -8.330700e-02 2.397751e+00
-1.325160e-01 6.176500e-02 2.472244e+00
-1.192070e-01 -2.265190e-01 2.453355e+00
-1.143840e-01 1.065580e-01 2.495112e+00
-1.173540e-01 -2.644150e-01 2.491019e+00
-2.870000e-01 -1.491950e-01 2.448270e+00
-2.804670e-01 9.662400e-02 1.711047e+00
-3.750760e-01 -4.938240e-01 2.605733e+00
-2.386340e-01 -2.332670e-01 1.912895e+00
-4.221900e-01 -4.428630e-01 2.690914e+00
-2.993180e-01 -2.865490e-01 1.838390e+00
-8.334000e-03 6.949000e-03 2.473727e+00
-6.535700e-02 -7.153500e-02 2.459589e+00
4.368000e-02 -2.243660e-01 2.265492e+00
8.781900e-02 -8.415100e-02 2.354535e+00
-1.563230e-01 -1.693260e-01 2.284452e+00
-3.545940e-01 1.078940e-01 2.095276e+00
-7.737100e-02 -1.313400e-01 2.068381e+00
-2.764600e-01 -8.754700e-02 2.132915e+00
-3.216890e-01 -1.237300e-01 2.468257e+00
1.076990e-01 -3.016470e-01 2.507224e+00
-1.848240e-01 5.831400e-02 2.320888e+00
-1.428430e-01 -1.976460e-01 2.508561e+00
-1.530050e-01 9.991300e-02 2.331619e+00
-1.787530e-01 -2.372500e-01 2.508333e+00
-6.575620e-01 6.717000e-02 2.154720e+00
-2.960770e-01 -5.460700e-02 1.608946e+00
-8.703160e-01 -2.351260e-01 2.275857e+00
-2.335050e-01 -2.673850e-01 1.928526e+00
-9.553210e-01 -1.679600e-01 2.294171e+00
-2.556360e-01 -3.589170e-01 1.871917e+00
-3.339000e-03 4.133900e-02 2.488990e+00
0.000000e+00 0.000000e+00 0.000000e+00
0.000000e+00 0.000000e+00 0.000000e+00
0.000000e+00 0.000000e+00 0.000000e+00
0.000000e+00 0.000000e+00 0.000000e+00
0.000000e+00 0.000000e+00 0.000000e+00
0.000000e+00 0.000000e+00 0.000000e+00
0.000000e+00 0.000000e+00 0.000000e+00
0.000000e+00 0.000000e+00 0.000000e+00
0.000000e+00 0.000000e+00 0.000000e+00
0.000000e+00 0.000000e+00 0.000000e+00
0.000000e+00 0.000000e+00 0.000000e+00
0.000000e+00 0.000000e+00 0.000000e+00
0.000000e+00 0.000000e+00 0.000000e+00
0.000000e+00 0.000000e+00 0.000000e+00
0.000000e+00 0.000000e+00 0.000000e+00
0.000000e+00 0.000000e+00 0.000000e+00
0.000000e+00 0.000000e+00 0.000000e+00
0.000000e+00 0.000000e+00 0.000000e+00
0.000000e+00 0.000000e+00 0.000000e+00
0.000000e+00 0.000000e+00 0.000000e+00
0.000000e+00 0.000000e+00 0.000000e+00
0.000000e+00 0.000000e+00 0.000000e+00
0.000000e+00 0.000000e+00 0.000000e+00
0.000000e+00 0.000000e+00 0.000000e+00
0.000000e+00 0.000000e+00 0.000000e+00
0.000000e+00 0.000000e+00 0.000000e+00
0.000000e+00 0.000000e+00 0.000000e+00
0.000000e+00 0.000000e+00 0.000000e+00
0.000000e+00 0.000000e+00 0.000000e+00
0.000000e+00 0.000000e+00 0.000000e+00
0.000000e+00 0.000000e+00 0.000000e+00
0.000000e+00 0.000000e+00 0.000000e+00
0.000000e+00 0.000000e+00 0.000000e+00
0.000000e+00 0.000000e+00 0.000000e+00
0.000000e+00 0.000000e+00 0.000000e+00
0.000000e+00 0.000000e+00 0.000000e+00
0.000000e+00 0.000000e+00 0.000000e+00
0.000000e+00 0.000000e+00 0.000000e+00
0.000000e+00 0.000000e+00 0.000000e+00
0.000000e+00 0.000000e+00 0.000000e+00
0.000000e+00 0.000000e+00 0.000000e+00
0.000000e+00 0.000000e+00 0.000000e+00
0.000000e+00 0.000000e+00 0.000000e+00
0.000000e+00 0.000000e+00 0.000000e+00
0.000000e+00 0.000000e+00 0.000000e+00
0.000000e+00 0.000000e+00 0.000000e+00
0.000000e+00 0.000000e+00 0.000000e+00
0.000000e+00 0.000000e+00 0.000000e+00
0.000000e+00 0.000000e+00 0.000000e+00
0.000000e+00 0.000000e+00 0.000000e+00
0.000000e+00 0.000000e+00 0.000000e+00
0.000000e+00 0.000000e+00 0.000000e+00
0.000000e+00 0.000000e+00 0.000000e+00
0.000000e+00 0.000000e+00 0.000000e+00
0.000000e+00 0.000000e+00 0.000000e+00
0.000000e+00 0.000000e+00 0.000000e+00
0.000000e+00 0.000000e+00 0.000000e+00
0.000000e+00 0.000000e+00 0.000000e+00
0.000000e+00 0.000000e+00 0.000000e+00
0.000000e+00 0.000000e+00 0.000000e+00
0.000000e+00 0.000000e+00 0.000000e+00
0.000000e+00 0.000000e+00 0.000000e+00
0.000000e+00 0.000000e+00 0.000000e+00
0.000000e+00 0.000000e+00 0.000000e+00
0.000000e+00 0.000000e+00 0.000000e+00
0.000000e+00 0.000000e+00 0.000000e+00
0.000000e+00 0.000000e+00 0.000000e+00
0.000000e+00 0.000000e+00 0.000000e+00
0.000000e+00 0.000000e+00 0.000000e+00
0.000000e+00 0.000000e+00 0.000000e+00
0.000000e+00 0.000000e+00 0.000000e+00
0.000000e+00 0.000000e+00 0.000000e+00
0.000000e+00 0.000000e+00 0.000000e+00
0.000000e+00 0.000000e+00 0.000000e+00
0.000000e+00 0.000000e+00 0.000000e+00
0.000000e+00 0.000000e+00 0.000000e+00
0.000000e+00 0.000000e+00 0.000000e+00
0.000000e+00 0.000000e+00 0.000000e+00
0.000000e+00 0.000000e+00 0.000000e+00
0.000000e+00 0.000000e+00 0.000000e+00
0.000000e+00 0.000000e+00 0.000000e+00
0.000000e+00 0.000000e+00 0.000000e+00
0.000000e+00 0.000000e+00 0.000000e+00
0.000000e+00 0.000000e+00 0.000000e+00
0.000000e+00 0.000000e+00 0.000000e+00
0.000000e+00 0.000000e+00 0.000000e+00
0.000000e+00 0.000000e+00 0.000000e+00
0.000000e+00 0.000000e+00 0.000000e+00
0.000000e+00 0.000000e+00 0.000000e+00
0.000000e+00 0.000000e+00 0.000000e+00
0.000000e+00 0.000000e+00 0.000000e+00
0.000000e+00 0.000000e+00 0.000000e+00
0.000000e+00 0.000000e+00 0.000000e+00
0.000000e+00 0.000000e+00 0.000000e+00
0.000000e+00 0.000000e+00 0.000000e+00
0.000000e+00 0.000000e+00 0.000000e+00
0.000000e+00 0.000000e+00 0.000000e+00
0.000000e+00 0.000000e+00 0.000000e+00
0.000000e+00 0.000000e+00 0.000000e+00
0.000000e+00 0.000000e+00 0.000000e+00
0.000000e+00 0.000000e+00 0.000000e+00
0.000000e+00 0.000000e+00 0.000000e+00
0.000000e+00 0.000000e+00 0.000000e+00
0.000000e+00 0.000000e+00 0.000000e+00
0.000000e+00 0.000000e+00 0.000000e+00
0.000000e+00 0.000000e+00 0.000000e+00
0.000000e+00 0.000000e+00 0.000000e+00
0.000000e+00 0.000000e+00 0.000000e+00
0.000000e+00 0.000000e+00 0.000000e+00
0.000000e+00 0.000000e+00 0.000000e+00
0.000000e+00 0.000000e+00 0.000000e+00
0.000000e+00 0.000000e+00 0.000000e+00
0.000000e+00 0.000000e+00 0.000000e+00
0.000000e+00 0.000000e+00 0.000000e+00
0.000000e+00 0.000000e+00 0.000000e+00
0.000000e+00 0.000000e+00 0.000000e+00
0.000000e+00 0.000000e+00 0.000000e+00
0.000000e+00 0.000000e+00 0.000000e+00
0.000000e+00 0.000000e+00 0.000000e+00
0.000000e+00 0.000000e+00 0.000000e+00
0.000000e+00 0.000000e+00 0.000000e+00
0.000000e+00 0.000000e+00 0.000000e+00
0.000000e+00 0.000000e+00 0.000000e+00
0.000000e+00 0.000000e+00 0.000000e+00
0.000000e+00 0.000000e+00 0.000000e+00
0.000000e+00 0.000000e+00 0.000000e+00
0.000000e+00 0.000000e+00 0.000000e+00
0.000000e+00 0.000000e+00 0.000000e+00
0.000000e+00 0.000000e+00 0.000000e+00
0.000000e+00 0.000000e+00 0.000000e+00
0.000000e+00 0.000000e+00 0.000000e+00
0.000000e+00 0.000000e+00 0.000000e+00
0.000000e+00 0.000000e+00 0.000000e+00
0.000000e+00 0.000000e+00 0.000000e+00
0.000000e+00 0.000000e+00 0.000000e+00
0.000000e+00 0.000000e+00 0.000000e+00
0.000000e+00 0.000000e+00 0.000000e+00
0.000000e+00 0.000000e+00 0.000000e+00
0.000000e+00 0.000000e+00 0.000000e+00
0.000000e+00 0.000000e+00 0.000000e+00
0.000000e+00 0.000000e+00 0.000000e+00
0.000000e+00 0.000000e+00 0.000000e+00
0.000000e+00 0.000000e+00 0.000000e+00
0.000000e+00 0.000000e+00 0.000000e+00
0.000000e+00 0.000000e+00 0.000000e+00
0.000000e+00 0.000000e+00 0.000000e+00
0.000000e+00 0.000000e+00 0.000000e+00
0.000000e+00 0.000000e+00 0.000000e+00
0.000000e+00 0.000000e+00 0.000000e+00
0.000000e+00 0.000000e+00 0.000000e+00
0.000000e+00 0.000000e+00 0.000000e+00
0.000000e+00 0.000000e+00 0.000000e+00
0.000000e+00 0.000000e+00 0.000000e+00
0.000000e+00 0.000000e+00 0.000000e+00
0.000000e+00 0.000000e+00 0.000000e+00
0.000000e+00 0.000000e+00 0.000000e+00
0.000000e+00 0.000000e+00 0.000000e+00
0.000000e+00 0.000000e+00 0.000000e+00
0.000000e+00 0.000000e+00 0.000000e+00
0.000000e+00 0.000000e+00 0.000000e+00
0.000000e+00 0.000000e+00 0.000000e+00
0.000000e+00 0.000000e+00 0.000000e+00
0.000000e+00 0.000000e+00 0.000000e+00
0.000000e+00 0.000000e+00 0.000000e+00
0.000000e+00 0.000000e+00 0.000000e+00
0.000000e+00 0.000000e+00 0.000000e+00
0.000000e+00 0.000000e+00 0.000000e+00
0.000000e+00 0.000000e+00 0.000000e+00
0.000000e+00 0.000000e+00 0.000000e+00
0.000000e+00 0.000000e+00 0.000000e+00
0.000000e+00 0.000000e+00 0.000000e+00
0.000000e+00 0.000000e+00 0.000000e+00
0.000000e+00 0.000000e+00 0.000000e+00
0.000000e+00 0.000000e+00 0.000000e+00
0.000000e+00 0.000000e+00 0.000000e+00
0.000000e+00 0.000000e+00 0.000000e+00
0.000000e+00 0.000000e+00 0.000000e+00
0.000000e+00 0.000000e+00 0.000000e+00
0.000000e+00 0.000000e+00 0.000000e+00
0.000000e+00 0.000000e+00 0.000000e+00
0.000000e+00 0.000000e+00 0.000000e+00
0.000000e+00 0.000000e+00 0.000000e+00
0.000000e+00 0.000000e+00 0.000000e+00
0.000000e+00 0.000000e+00 0.000000e+00
0.000000e+00 0.000000e+00 0.000000e+00
0.000000e+00 0.000000e+00 0.000000e+00
0.000000e+00 0.000000e+00 0.000000e+00
0.000000e+00 0.000000e+00 0.000000e+00
0.000000e+00 0.000000e+00 0.000000e+00
0.000000e+00 0.000000e+00 0.000000e+00
0.000000e+00 0.000000e+00 0.000000e+00
0.000000e+00 0.000000e+00 0.000000e+00
0.000000e+00 0.000000e+00 0.000000e+00
0.000000e+00 0.000000e+00 0.000000e+00
0.000000e+00 0.000000e+00 0.000000e+00
0.000000e+00 0.000000e+00 0.000000e+00
0.000000e+00 0.000000e+00 0.000000e+00
0.000000e+00 0.000000e+00 0.000000e+00
0.000000e+00 0.000000e+00 0.000000e+00
0.000000e+00 0.000000e+00 0.000000e+00
0.000000e+00 0.000000e+00 0.000000e+00
0.000000e+00 0.000000e+00 0.000000e+00
0.000000e+00 0.000000e+00 0.000000e+00
0.000000e+00 0.000000e+00 0.000000e+00
0.000000e+00 0.000000e+00 0.000000e+00
0.000000e+00 0.000000e+00 0.000000e+00
0.000000e+00 0.000000e+00 0.000000e+00
0.000000e+00 0.000000e+00 0.000000e+00
0.000000e+00 0.000000e+00 0.000000e+00
0.000000e+00 0.000000e+00 0.000000e+00
0.000000e+00 0.000000e+00 0.000000e+00
0.000000e+00 0.000000e+00 0.000000e+00
0.000000e+00 0.000000e+00 0.000000e+00
0.000000e+00 0.000000e+00 0.000000e+00
0.000000e+00 0.000000e+00 0.000000e+00
0.000000e+00 0.000000e+00 0.000000e+00
0.000000e+00 0.000000e+00 0.000000e+00
0.000000e+00 0.000000e+00 0.000000e+00
0.000000e+00 0.000000e+00 0.000000e+00
0.000000e+00 0.000000e+00 0.000000e+00
0.000000e+00 0.000000e+00 0.000000e+00
0.000000e+00 0.000000e+00 0.000000e+00
0.000000e+00 0.000000e+00 0.000000e+00
0.000000e+00 0.000000e+00 0.000000e+00
0.000000e+00 0.000000e+00 0.000000e+00
0.000000e+00 0.000000e+00 0.000000e+00
0.000000e+00 0.000000e+00 0.000000e+00
0.000000e+00 0.000000e+00 0.000000e+00
0.000000e+00 0.000000e+00 0.000000e+00
0.000000e+00 0.000000e+00 0.000000e+00
0.000000e+00 0.000000e+00 0.000000e+00
0.000000e+00 0.000000e+00 0.000000e+00
0.000000e+00 0.000000e+00 0.000000e+00
0.000000e+00 0.000000e+00 0.000000e+00
0.000000e+00 0.000000e+00 0.000000e+00
0.000000e+00 0.000000e+00 0.000000e+00
0.000000e+00 0.000000e+00 0.000000e+00
0.000000e+00 0.000000e+00 0.000000e+00
0.000000e+00 0.000000e+00 0.000000e+00
0.000000e+00 0.000000e+00 0.000000e+00
