-3.681700e-01 3.998930e-01 2.629199e+00
-1.907950e-01 4.056745e-01 2.632505e+00
-1.342000e-02 4.114560e-01 2.635810e+00
-1.017830e-01 4.372530e-01 2.566539e+00
-1.901460e-01 4.630500e-01 2.497267e+00
-1.890220e-01 3.647755e-01 2.608880e+00
-1.878980e-01 2.665010e-01 2.720493e+00
-2.853750e-01 1.494710e-01 2.653172e+00
-3.828520e-01 3.244100e-02 2.585850e+00
-1.808800e-01 3.329000e-02 2.589105e+00
2.109200e-02 3.413900e-02 2.592359e+00
-8.092000e-02 3.492600e-02 2.654084e+00
-1.829320e-01 3.571300e-02 2.715810e+00
-3.097765e-01 7.714350e-02 2.673571e+00
-4.366210e-01 1.185740e-01 2.631332e+00
-1.871560e-01 1.254795e-01 2.640897e+00
6.230900e-02 1.323850e-01 2.650462e+00
-1.724055e-01 -2.049850e-02 2.607188e+00
-4.071200e-01 -1.733820e-01 2.563914e+00
-1.744910e-01 -1.705420e-01 2.595106e+00
5.813800e-02 -1.677020e-01 2.626298e+00
-1.661395e-01 -2.031950e-01 2.592357e+00
-3.904170e-01 -2.386880e-01 2.558416e+00
-1.812080e-01 -2.308185e-01 2.579971e+00
2.800100e-02 -2.229490e-01 2.601526e+00
-1.292590e-01 -3.604260e-01 2.628209e+00
-2.865190e-01 -4.979030e-01 2.654893e+00
-1.742770e-01 -4.960420e-01 2.662816e+00
-6.203500e-02 -4.941810e-01 2.670740e+00
-1.684565e-01 -7.058850e-01 2.704388e+00
-2.748780e-01 -9.175890e-01 2.738036e+00
-1.672465e-01 -9.157135e-01 2.746417e+00
-5.961500e-02 -9.138380e-01 2.754798e+00
-1.668740e-01 -9.314195e-01 2.667083e+00
-2.741330e-01 -9.490010e-01 2.579367e+00
-1.647780e-01 -9.472865e-01 2.587807e+00
-5.542300e-02 -9.455720e-01 2.596246e+00
-1.232130e-01 -1.168685e-01 2.568073e+00
-1.910030e-01 7.118350e-01 2.539901e+00
-2.779665e-01 5.547265e-01 2.582818e+00
-3.649300e-01 3.976180e-01 2.625735e+00
-1.876665e-01 4.048925e-01 2.631300e+00
-1.040300e-02 4.121670e-01 2.636865e+00
-9.810950e-02 4.375875e-01 2.566628e+00
-1.858160e-01 4.630080e-01 2.496390e+00
-1.852465e-01 3.641390e-01 2.607481e+00
-1.846770e-01 2.652700e-01 2.718572e+00
-2.831895e-01 1.482725e-01 2.646961e+00
-3.817020e-01 3.127500e-02 2.575351e+00
-1.802365e-01 3.309300e-02 2.589930e+00
2.122900e-02 3.491100e-02 2.604508e+00
-8.408950e-02 3.541800e-02 2.660410e+00
-1.894080e-01 3.592500e-02 2.716311e+00
-3.139490e-01 7.697350e-02 2.675331e+00
-4.384900e-01 1.180220e-01 2.634350e+00
-1.872450e-01 1.253965e-01 2.639524e+00
6.400000e-02 1.327710e-01 2.644698e+00
-1.716330e-01 -2.016200e-02 2.605084e+00
-4.072660e-01 -1.730950e-01 2.565469e+00
-1.750415e-01 -1.702220e-01 2.595731e+00
5.718300e-02 -1.673490e-01 2.625994e+00
-1.668140e-01 -2.025695e-01 2.590303e+00
-3.908110e-01 -2.377900e-01 2.554612e+00
-1.798130e-01 -2.325915e-01 2.581747e+00
3.118500e-02 -2.273930e-01 2.608881e+00
-1.256125e-01 -3.628890e-01 2.631102e+00
-2.824100e-01 -4.983850e-01 2.653323e+00
-1.717215e-01 -4.968520e-01 2.660691e+00
-6.103300e-02 -4.953190e-01 2.668059e+00
-1.687770e-01 -7.072385e-01 2.699741e+00
-2.765210e-01 -9.191580e-01 2.731423e+00
-1.672585e-01 -9.168095e-01 2.743026e+00
-5.799600e-02 -9.144610e-01 2.754629e+00
-1.619300e-01 -9.314645e-01 2.663668e+00
-2.658640e-01 -9.484680e-01 2.572708e+00
-1.550490e-01 -9.477160e-01 2.584742e+00
-4.423400e-02 -9.469640e-01 2.596777e+00
-1.144120e-01 -1.180510e-01 2.567616e+00
-1.845900e-01 7.108620e-01 2.538455e+00
-2.723470e-01 5.575630e-01 2.586165e+00
-3.601040e-01 4.042640e-01 2.633875e+00
-5.164000e-03 4.048210e-01 2.627399e+00
-1.851780e-01 4.639270e-01 2.496292e+00
-1.808470e-01 2.640190e-01 2.716485e+00
-3.825870e-01 3.372300e-02 2.590331e+00
2.139400e-02 3.530800e-02 2.586751e+00
-1.794820e-01 3.654600e-02 2.715265e+00
-4.333560e-01 1.247600e-01 2.633260e+00
6.584200e-02 1.252200e-01 2.643859e+00
-4.124030e-01 -1.673330e-01 2.565974e+00
5.720400e-02 -1.743090e-01 2.621674e+00
-3.936380e-01 -2.323060e-01 2.565309e+00
3.080500e-02 -2.359050e-01 2.612562e+00
-2.845710e-01 -4.974430e-01 2.651048e+00
-5.971100e-02 -4.928650e-01 2.667572e+00
-2.760260e-01 -9.163510e-01 2.738382e+00
-5.499000e-02 -9.128020e-01 2.750125e+00
-2.793210e-01 -9.494200e-01 2.580083e+00
-5.486900e-02 -9.440010e-01 2.591412e+00
-1.751550e-01 7.123040e-01 2.543978e+00
-3.576870e-01 4.072450e-01 2.629791e+00
-2.793000e-03 4.034390e-01 2.622008e+00
-1.826050e-01 4.619830e-01 2.490371e+00
-1.797830e-01 2.665990e-01 2.714612e+00
-3.805390e-01 3.881300e-02 2.592392e+00
2.324700e-02 3.048200e-02 2.582223e+00
-1.754540e-01 3.470200e-02 2.714014e+00
-4.347130e-01 1.284950e-01 2.634756e+00
6.960100e-02 1.240860e-01 2.641508e+00
-4.108740e-01 -1.642020e-01 2.569726e+00
5.546200e-02 -1.755420e-01 2.619320e+00
-3.928600e-01 -2.275130e-01 2.554194e+00
3.404300e-02 -2.373860e-01 2.602273e+00
-2.812360e-01 -4.950580e-01 2.653434e+00
-5.779800e-02 -4.936060e-01 2.668461e+00
-2.798980e-01 -9.135170e-01 2.743289e+00
-5.735800e-02 -9.118810e-01 2.759181e+00
-2.855880e-01 -9.474720e-01 2.585246e+00
-5.994300e-02 -9.461640e-01 2.601127e+00
-1.736330e-01 7.115350e-01 2.533317e+00
-3.574020e-01 4.099380e-01 2.632339e+00
-2.610000e-03 4.032630e-01 2.622180e+00
-1.828170e-01 4.633590e-01 2.491789e+00
-1.800800e-01 2.677930e-01 2.715872e+00
-3.816130e-01 3.949800e-02 2.597541e+00
2.194100e-02 2.914500e-02 2.581648e+00
-1.748480e-01 3.432300e-02 2.716242e+00
-4.309100e-01 1.304190e-01 2.633237e+00
6.690900e-02 1.232820e-01 2.639853e+00
-4.094100e-01 -1.634730e-01 2.574081e+00
5.749800e-02 -1.762080e-01 2.616365e+00
-3.912310e-01 -2.266090e-01 2.558039e+00
3.252800e-02 -2.372090e-01 2.601220e+00
-2.788360e-01 -4.955840e-01 2.653593e+00
-6.059100e-02 -4.946460e-01 2.668466e+00
-2.781610e-01 -9.158840e-01 2.734413e+00
-5.642600e-02 -9.142230e-01 2.752857e+00
-2.857530e-01 -9.464060e-01 2.575751e+00
-6.201600e-02 -9.461520e-01 2.594388e+00
-1.654880e-01 7.089420e-01 2.525360e+00
-3.588960e-01 4.073610e-01 2.632921e+00
-4.116000e-03 4.022960e-01 2.621491e+00
-1.850080e-01 4.634330e-01 2.492540e+00
-1.807120e-01 2.648160e-01 2.713899e+00
-3.821880e-01 4.008000e-02 2.598650e+00
2.120900e-02 2.794600e-02 2.580213e+00
-1.746880e-01 3.452100e-02 2.716043e+00
-4.338310e-01 1.288450e-01 2.636246e+00
6.747700e-02 1.233470e-01 2.637594e+00
-4.101300e-01 -1.649420e-01 2.580599e+00
5.541900e-02 -1.752970e-01 2.612381e+00
-3.900250e-01 -2.247150e-01 2.556166e+00
3.643700e-02 -2.348440e-01 2.586538e+00
-2.823470e-01 -4.956860e-01 2.652253e+00
-6.141900e-02 -4.953340e-01 2.667815e+00
-2.790690e-01 -9.155980e-01 2.735006e+00
-5.580000e-02 -9.129790e-01 2.761223e+00
-2.880960e-01 -9.468920e-01 2.576569e+00
-6.213700e-02 -9.483370e-01 2.603512e+00
-1.686760e-01 7.080930e-01 2.528291e+00
-3.571890e-01 4.096650e-01 2.643438e+00
-3.451000e-03 4.056020e-01 2.613808e+00
-1.909800e-01 4.644550e-01 2.493569e+00
-1.745160e-01 2.687740e-01 2.716964e+00
-3.860750e-01 4.194100e-02 2.592654e+00
1.757600e-02 2.827100e-02 2.582931e+00
-1.810980e-01 3.807600e-02 2.714464e+00
-4.352550e-01 1.322500e-01 2.635599e+00
6.350900e-02 1.260940e-01 2.636328e+00
-4.160930e-01 -1.616820e-01 2.579762e+00
5.188900e-02 -1.725260e-01 2.612424e+00
-4.013130e-01 -2.253870e-01 2.562522e+00
2.765900e-02 -2.354430e-01 2.607090e+00
-2.840980e-01 -4.937020e-01 2.655113e+00
-6.149700e-02 -4.941150e-01 2.669299e+00
-2.810310e-01 -9.141240e-01 2.735236e+00
-5.593500e-02 -9.131790e-01 2.756124e+00
-2.863980e-01 -9.444260e-01 2.576441e+00
-5.891400e-02 -9.460270e-01 2.597773e+00
-1.722350e-01 7.123920e-01 2.531868e+00
-3.615130e-01 4.041630e-01 2.634126e+00
-7.017000e-03 4.045220e-01 2.615225e+00
-1.916030e-01 4.578580e-01 2.488059e+00
-1.792350e-01 2.676660e-01 2.716403e+00
-3.867340e-01 4.167900e-02 2.588855e+00
1.692700e-02 2.514800e-02 2.588119e+00
-1.845800e-01 3.566700e-02 2.715213e+00
-4.408060e-01 1.271190e-01 2.638160e+00
6.080400e-02 1.253170e-01 2.637637e+00
-4.211360e-01 -1.666550e-01 2.582235e+00
5.232300e-02 -1.732910e-01 2.613580e+00
-4.079410e-01 -2.324680e-01 2.573953e+00
2.658600e-02 -2.248480e-01 2.578176e+00
-2.891130e-01 -4.944090e-01 2.655332e+00
-6.633900e-02 -4.969780e-01 2.669729e+00
-2.806080e-01 -9.139330e-01 2.739659e+00
-5.572000e-02 -9.159700e-01 2.756433e+00
-2.831340e-01 -9.458540e-01 2.581110e+00
-5.580600e-02 -9.487490e-01 2.598039e+00
-1.750800e-01 7.115930e-01 2.534169e+00
-3.666960e-01 4.049250e-01 2.634965e+00
-1.213100e-02 4.090010e-01 2.617882e+00
-1.966160e-01 4.597520e-01 2.489518e+00
-1.833960e-01 2.707830e-01 2.718827e+00
-3.934510e-01 3.807100e-02 2.592641e+00
1.040900e-02 2.747800e-02 2.593694e+00
-1.917580e-01 3.635200e-02 2.719862e+00
-4.415090e-01 1.275920e-01 2.640416e+00
5.402800e-02 1.301170e-01 2.637556e+00
-4.236790e-01 -1.656650e-01 2.586181e+00
4.684100e-02 -1.676340e-01 2.614069e+00
-3.933810e-01 -2.222690e-01 2.564919e+00
2.376800e-02 -2.293030e-01 2.598620e+00
-2.956030e-01 -4.965040e-01 2.658227e+00
-7.206100e-02 -4.974860e-01 2.670013e+00
-2.761770e-01 -9.168850e-01 2.736244e+00
-5.593100e-02 -9.167920e-01 2.754309e+00
-2.782920e-01 -9.464920e-01 2.577241e+00
-5.498000e-02 -9.486370e-01 2.595728e+00
-1.824780e-01 7.103960e-01 2.525386e+00
-3.682750e-01 4.058020e-01 2.624936e+00
-1.336300e-02 4.083550e-01 2.632451e+00
-1.882960e-01 4.598150e-01 2.491601e+00
-1.918010e-01 2.709290e-01 2.721334e+00
-3.941780e-01 3.803100e-02 2.582374e+00
8.598000e-03 2.682600e-02 2.611721e+00
-2.018480e-01 3.764100e-02 2.723361e+00
-4.497940e-01 1.316920e-01 2.641995e+00
4.971100e-02 1.289210e-01 2.635737e+00
-4.356880e-01 -1.627830e-01 2.599124e+00
4.343900e-02 -1.678810e-01 2.610799e+00
-4.110710e-01 -2.216220e-01 2.576630e+00
1.389600e-02 -2.252490e-01 2.590549e+00
-2.996250e-01 -4.960410e-01 2.660918e+00
-8.036600e-02 -5.004300e-01 2.666906e+00
-2.800090e-01 -9.176520e-01 2.731937e+00
-5.781000e-02 -9.200060e-01 2.748343e+00
-2.708380e-01 -9.440620e-01 2.572621e+00
-4.558400e-02 -9.501030e-01 2.589888e+00
-1.915360e-01 7.086770e-01 2.522508e+00
-3.841550e-01 4.049800e-01 2.622350e+00
-2.938900e-02 4.126170e-01 2.632747e+00
-2.037380e-01 4.568270e-01 2.488747e+00
-2.067620e-01 2.759090e-01 2.724811e+00
-4.033970e-01 3.385200e-02 2.585268e+00
-7.880000e-04 3.091200e-02 2.618629e+00
-2.124900e-01 3.955100e-02 2.728064e+00
-4.589560e-01 1.294700e-01 2.644978e+00
3.898500e-02 1.345370e-01 2.635871e+00
-4.435730e-01 -1.653590e-01 2.605896e+00
3.516900e-02 -1.627170e-01 2.618162e+00
-4.107210e-01 -2.221200e-01 2.589372e+00
1.287200e-02 -2.243510e-01 2.601483e+00
-3.000050e-01 -4.982860e-01 2.664381e+00
-8.332900e-02 -5.002050e-01 2.657326e+00
-2.796750e-01 -9.210910e-01 2.727683e+00
-6.688300e-02 -9.195220e-01 2.741507e+00
-2.678110e-01 -9.444180e-01 2.568065e+00
-5.117900e-02 -9.506170e-01 2.583553e+00
-2.016840e-01 7.104900e-01 2.519707e+00
-4.061060e-01 4.077460e-01 2.629339e+00
-5.121800e-02 4.121610e-01 2.637054e+00
-2.261850e-01 4.551020e-01 2.493421e+00
-2.292070e-01 2.790870e-01 2.733164e+00
-4.203010e-01 3.608900e-02 2.612350e+00
-1.638000e-02 2.860300e-02 2.615066e+00
-2.190660e-01 3.914100e-02 2.740269e+00
-4.799090e-01 1.315480e-01 2.651054e+00
2.299800e-02 1.352760e-01 2.642600e+00
-4.519800e-01 -1.625670e-01 2.610916e+00
2.435200e-02 -1.618590e-01 2.618035e+00
-4.333240e-01 -2.076800e-01 2.564109e+00
7.491000e-03 -2.250320e-01 2.600745e+00
-3.031730e-01 -5.002440e-01 2.659261e+00
-9.309000e-02 -5.020960e-01 2.634256e+00
-2.741640e-01 -9.237830e-01 2.713642e+00
-6.424600e-02 -9.225300e-01 2.709002e+00
-2.733360e-01 -9.443260e-01 2.553204e+00
-5.956800e-02 -9.505200e-01 2.549761e+00
-2.202600e-01 7.053450e-01 2.511911e+00
-4.224640e-01 3.985010e-01 2.628245e+00
-6.785000e-02 4.082510e-01 2.641629e+00
-2.407740e-01 4.393800e-01 2.492577e+00
-2.458310e-01 2.792850e-01 2.743198e+00
-4.313160e-01 2.820500e-02 2.627209e+00
-2.733900e-02 3.187700e-02 2.624823e+00
-2.286450e-01 3.716000e-02 2.752560e+00
-4.935850e-01 1.216650e-01 2.652990e+00
9.089000e-03 1.321020e-01 2.653049e+00
-4.613810e-01 -1.731720e-01 2.620708e+00
2.050600e-02 -1.644780e-01 2.622745e+00
-4.298190e-01 -2.322590e-01 2.611398e+00
-3.696000e-03 -2.255170e-01 2.606540e+00
-3.094020e-01 -5.056790e-01 2.659617e+00
-8.830400e-02 -4.974430e-01 2.583722e+00
-2.765540e-01 -9.284890e-01 2.717383e+00
-5.971500e-02 -9.163670e-01 2.666608e+00
-2.788500e-01 -9.505570e-01 2.557162e+00
-5.048200e-02 -9.471030e-01 2.508074e+00
-2.328410e-01 7.004780e-01 2.514897e+00
-4.365110e-01 3.918840e-01 2.636060e+00
-8.221500e-02 4.087830e-01 2.650693e+00
-2.553070e-01 4.381660e-01 2.501482e+00
-2.577900e-01 2.749330e-01 2.750110e+00
-4.414000e-01 2.377700e-02 2.641735e+00
-3.780200e-02 4.088400e-02 2.636099e+00
-2.380340e-01 3.707800e-02 2.765564e+00
-5.016480e-01 1.130910e-01 2.650739e+00
1.143000e-03 1.348130e-01 2.663939e+00
-4.663350e-01 -1.822580e-01 2.630872e+00
1.664100e-02 -1.607020e-01 2.627832e+00
-4.458140e-01 -2.457150e-01 2.642101e+00
-9.854000e-03 -2.174760e-01 2.602360e+00
-3.179510e-01 -5.065140e-01 2.662809e+00
-8.049900e-02 -4.760930e-01 2.526319e+00
-2.792040e-01 -9.288070e-01 2.720695e+00
-4.997300e-02 -8.961070e-01 2.602746e+00
-2.834570e-01 -9.511490e-01 2.560552e+00
-3.482500e-02 -9.238700e-01 2.444118e+00
-2.541790e-01 6.946800e-01 2.517974e+00
-4.513740e-01 3.937450e-01 2.649393e+00
-9.688700e-02 4.092350e-01 2.660540e+00
-2.717000e-01 4.464820e-01 2.515140e+00
-2.715720e-01 2.708220e-01 2.755161e+00
-4.514520e-01 1.816000e-02 2.634490e+00
-4.895600e-02 4.213900e-02 2.659757e+00
-2.584720e-01 3.579400e-02 2.773474e+00
-5.125030e-01 1.145110e-01 2.656030e+00
-9.707000e-03 1.376170e-01 2.679920e+00
-4.798120e-01 -1.806000e-01 2.640320e+00
9.129000e-03 -1.567070e-01 2.642171e+00
-4.590650e-01 -2.449710e-01 2.640405e+00
4.669000e-03 -2.241420e-01 2.639574e+00
-3.238950e-01 -5.100700e-01 2.660324e+00
-7.857100e-02 -4.228720e-01 2.431267e+00
-2.764410e-01 -9.303870e-01 2.725633e+00
-6.655300e-02 -8.173820e-01 2.596801e+00
-2.693920e-01 -9.544210e-01 2.565834e+00
-3.302800e-02 -8.777370e-01 2.450526e+00
-2.748440e-01 6.881880e-01 2.518184e+00
-4.617520e-01 3.941750e-01 2.654624e+00
-1.070990e-01 4.088710e-01 2.660122e+00
-2.840320e-01 4.445750e-01 2.516916e+00
-2.806490e-01 2.722430e-01 2.759315e+00
-4.602680e-01 2.389500e-02 2.644970e+00
-5.698700e-02 4.723200e-02 2.650928e+00
-2.605720e-01 3.681900e-02 2.774674e+00
-5.217350e-01 1.147710e-01 2.660242e+00
-1.835400e-02 1.378860e-01 2.679809e+00
-4.858440e-01 -1.798860e-01 2.644926e+00
1.417500e-02 -1.565520e-01 2.655447e+00
-4.678330e-01 -2.448670e-01 2.639719e+00
1.606000e-03 -2.230010e-01 2.654698e+00
-3.180520e-01 -5.045740e-01 2.658495e+00
-7.821800e-02 -3.752430e-01 2.372423e+00
-2.795510e-01 -9.261570e-01 2.721498e+00
-7.274800e-02 -7.162440e-01 2.631020e+00
-2.776220e-01 -9.498900e-01 2.561511e+00
-3.722700e-02 -8.112330e-01 2.505010e+00
-2.856860e-01 6.916710e-01 2.526414e+00
-4.695620e-01 3.927660e-01 2.669021e+00
-1.152170e-01 4.134610e-01 2.663021e+00
-2.974310e-01 4.490070e-01 2.526558e+00
-2.830480e-01 2.718760e-01 2.765062e+00
-4.701230e-01 2.397100e-02 2.661048e+00
-6.851000e-02 6.078200e-02 2.637211e+00
-2.608090e-01 3.112200e-02 2.775088e+00
-5.266800e-01 1.155920e-01 2.674755e+00
-2.729000e-02 1.448900e-01 2.679132e+00
-4.934750e-01 -1.755640e-01 2.647046e+00
1.708600e-02 -1.459210e-01 2.669037e+00
-4.749040e-01 -2.401930e-01 2.639812e+00
5.973000e-03 -2.096120e-01 2.649184e+00
-3.124100e-01 -4.996140e-01 2.646003e+00
-9.221000e-02 -2.726480e-01 2.278923e+00
-2.672540e-01 -9.210410e-01 2.705538e+00
-1.224460e-01 -5.750660e-01 2.580276e+00
-2.760040e-01 -9.445520e-01 2.545745e+00
-9.134000e-02 -6.886570e-01 2.469404e+00
-2.961290e-01 6.920000e-01 2.532519e+00
-4.750480e-01 3.905960e-01 2.681578e+00
-1.212310e-01 4.113880e-01 2.661422e+00
-3.088250e-01 4.484380e-01 2.532877e+00
-2.848310e-01 2.686580e-01 2.768611e+00
-4.786030e-01 3.106800e-02 2.670787e+00
-7.764200e-02 5.834600e-02 2.629534e+00
-2.641210e-01 2.765100e-02 2.774971e+00
-5.324030e-01 1.153010e-01 2.682280e+00
-3.410700e-02 1.449050e-01 2.683186e+00
-4.962820e-01 -1.737830e-01 2.656988e+00
1.248600e-02 -1.436420e-01 2.674064e+00
-4.795270e-01 -2.385680e-01 2.647184e+00
3.828000e-03 -2.077560e-01 2.654356e+00
-3.012840e-01 -4.925690e-01 2.626325e+00
-9.944000e-02 -2.076520e-01 2.241205e+00
-2.577180e-01 -9.104220e-01 2.708090e+00
-1.405640e-01 -4.782080e-01 2.570283e+00
-2.636020e-01 -9.420540e-01 2.549572e+00
-1.092630e-01 -6.026860e-01 2.471853e+00
-3.016190e-01 6.948010e-01 2.548377e+00
-4.771430e-01 3.911850e-01 2.692345e+00
-1.233910e-01 4.110910e-01 2.670238e+00
-3.118760e-01 4.571830e-01 2.545993e+00
-2.869560e-01 2.629390e-01 2.769857e+00
-4.846740e-01 2.136900e-02 2.668195e+00
-8.516200e-02 7.224800e-02 2.636301e+00
-2.717240e-01 2.048800e-02 2.775527e+00
-5.353920e-01 1.188110e-01 2.674996e+00
-3.626700e-02 1.473240e-01 2.697028e+00
-5.024240e-01 -1.688650e-01 2.655608e+00
2.281000e-03 -1.386710e-01 2.666355e+00
-4.913780e-01 -2.349690e-01 2.646535e+00
-1.257300e-02 -1.992790e-01 2.640274e+00
-2.979990e-01 -4.929510e-01 2.616964e+00
-1.146370e-01 -1.187740e-01 2.211787e+00
-2.524140e-01 -9.046910e-01 2.724558e+00
-1.592840e-01 -4.183170e-01 2.514218e+00
-2.573150e-01 -9.460740e-01 2.568269e+00
-1.348950e-01 -5.337110e-01 2.403527e+00
-2.978580e-01 6.928850e-01 2.557718e+00
-4.833830e-01 3.934330e-01 2.704467e+00
-1.291090e-01 4.074790e-01 2.686654e+00
-3.152890e-01 4.569280e-01 2.560243e+00
-2.963050e-01 2.618970e-01 2.784005e+00
-4.871410e-01 2.163100e-02 2.666657e+00
-8.756500e-02 7.863400e-02 2.649172e+00
-2.766620e-01 1.213900e-02 2.778358e+00
-5.394340e-01 1.224150e-01 2.670854e+00
-4.235700e-02 1.435390e-01 2.709718e+00
-5.021570e-01 -1.644380e-01 2.651519e+00
-4.733000e-03 -1.401610e-01 2.663387e+00
-4.879860e-01 -2.299690e-01 2.642637e+00
-2.360800e-02 -2.002490e-01 2.638744e+00
-3.210330e-01 -4.910650e-01 2.619064e+00
-9.245900e-02 -8.290100e-02 2.211656e+00
-2.646470e-01 -9.071220e-01 2.702138e+00
-1.937420e-01 -4.897020e-01 2.297907e+00
-2.710250e-01 -9.395990e-01 2.543810e+00
-1.610630e-01 -5.303040e-01 2.144784e+00
-3.034240e-01 6.864050e-01 2.562445e+00
-4.888500e-01 3.953360e-01 2.705204e+00
-1.341470e-01 4.088040e-01 2.699767e+00
-3.154220e-01 4.492360e-01 2.563411e+00
-3.049770e-01 2.698350e-01 2.800419e+00
-4.928690e-01 3.117300e-02 2.667236e+00
-9.045600e-02 6.606100e-02 2.659358e+00
-2.862640e-01 1.384000e-02 2.785059e+00
-5.438760e-01 1.217890e-01 2.679920e+00
-4.621100e-02 1.432510e-01 2.715404e+00
-5.099290e-01 -1.665510e-01 2.655588e+00
-1.115500e-02 -1.417920e-01 2.666353e+00
-4.795300e-01 -2.252980e-01 2.641491e+00
-2.997200e-02 -2.036710e-01 2.646581e+00
-3.323810e-01 -4.893380e-01 2.617307e+00
-1.375140e-01 -2.237660e-01 2.250869e+00
-2.781880e-01 -9.055380e-01 2.701124e+00
-1.679550e-01 -5.869810e-01 2.026521e+00
-2.809910e-01 -9.378170e-01 2.542652e+00
-1.459700e-01 -5.041070e-01 1.889366e+00
-3.082460e-01 6.881100e-01 2.569548e+00
-4.851170e-01 3.879740e-01 2.706373e+00
-1.306320e-01 4.047390e-01 2.697206e+00
-3.133580e-01 4.348340e-01 2.560117e+00
-2.991850e-01 2.704710e-01 2.807606e+00
-4.892360e-01 1.641600e-02 2.677330e+00
-8.813600e-02 6.275900e-02 2.663659e+00
-2.814330e-01 1.332800e-02 2.794278e+00
-5.442430e-01 1.122260e-01 2.702557e+00
-4.321600e-02 1.375160e-01 2.719520e+00
-5.052900e-01 -1.739430e-01 2.651446e+00
-1.115000e-02 -1.517850e-01 2.683481e+00
-4.854310e-01 -2.362980e-01 2.634371e+00
-2.761800e-02 -2.103390e-01 2.653911e+00
-3.331340e-01 -5.020110e-01 2.627635e+00
-1.407410e-01 -3.390220e-01 2.332216e+00
-2.913320e-01 -9.227290e-01 2.694211e+00
-1.404780e-01 -5.710810e-01 1.972587e+00
-2.969800e-01 -9.485430e-01 2.534634e+00
-1.573440e-01 -4.359170e-01 1.885357e+00
-3.099450e-01 6.856150e-01 2.572699e+00
-4.867400e-01 3.761260e-01 2.736549e+00
-1.356620e-01 3.941850e-01 2.687120e+00
-3.329780e-01 4.350830e-01 2.575399e+00
-2.911460e-01 2.510520e-01 2.805288e+00
-4.895890e-01 -1.020000e-03 2.692418e+00
-9.309300e-02 5.329200e-02 2.637127e+00
-2.711420e-01 4.056000e-03 2.787935e+00
-5.465140e-01 9.910900e-02 2.713380e+00
-4.104700e-02 1.272560e-01 2.712519e+00
-5.146590e-01 -1.910160e-01 2.666038e+00
-1.176400e-02 -1.660240e-01 2.688897e+00
-4.946780e-01 -2.506250e-01 2.641105e+00
-2.883100e-02 -2.299250e-01 2.674774e+00
-3.414450e-01 -5.158150e-01 2.611248e+00
-1.443300e-01 -3.717890e-01 2.339801e+00
-2.953310e-01 -9.340000e-01 2.689856e+00
-1.154090e-01 -6.915660e-01 2.056799e+00
-3.179250e-01 -9.659910e-01 2.532919e+00
-1.446620e-01 -5.876280e-01 1.936365e+00
-3.156810e-01 6.697570e-01 2.573350e+00
-4.855640e-01 3.739030e-01 2.729933e+00
-1.337310e-01 3.939230e-01 2.687064e+00
-3.291060e-01 4.303400e-01 2.570485e+00
-2.903310e-01 2.522870e-01 2.805560e+00
-4.907660e-01 -1.235000e-03 2.680006e+00
-9.204900e-02 4.319600e-02 2.632390e+00
-2.745700e-01 3.148000e-03 2.780549e+00
-5.469560e-01 9.413100e-02 2.725357e+00
-4.428600e-02 1.221280e-01 2.700812e+00
-5.167370e-01 -1.963110e-01 2.666434e+00
-6.121000e-03 -1.728320e-01 2.683968e+00
-5.184630e-01 -2.594620e-01 2.642288e+00
-2.145900e-02 -2.383810e-01 2.690466e+00
-3.451960e-01 -5.205630e-01 2.612578e+00
-1.444110e-01 -3.982320e-01 2.357410e+00
-2.861240e-01 -9.369200e-01 2.692216e+00
-9.510300e-02 -7.777410e-01 2.165769e+00
-3.072840e-01 -9.699370e-01 2.535292e+00
-1.133900e-01 -7.071980e-01 2.021366e+00
-3.216070e-01 6.750740e-01 2.581023e+00
-4.827310e-01 3.696030e-01 2.726609e+00
-1.320450e-01 3.968250e-01 2.678616e+00
-3.298500e-01 4.307140e-01 2.565423e+00
-2.840770e-01 2.509640e-01 2.797935e+00
-4.848950e-01 8.170000e-03 2.680518e+00
-8.817000e-02 4.421200e-02 2.613240e+00
-2.641820e-01 1.141200e-02 2.770761e+00
-5.449390e-01 8.894800e-02 2.721070e+00
-4.369200e-02 1.233820e-01 2.688144e+00
-5.155990e-01 -2.040450e-01 2.669194e+00
-6.310000e-03 -1.714670e-01 2.655545e+00
-5.023300e-01 -2.651310e-01 2.643378e+00
-1.435400e-02 -2.385690e-01 2.658127e+00
-3.391390e-01 -5.138590e-01 2.608177e+00
-1.420300e-01 -4.271170e-01 2.388793e+00
-2.906040e-01 -9.302940e-01 2.694262e+00
-9.357100e-02 -8.392190e-01 2.283873e+00
-3.162190e-01 -9.654820e-01 2.538477e+00
-1.117450e-01 -8.015740e-01 2.127618e+00
-3.212970e-01 6.854870e-01 2.598374e+00
-4.801420e-01 3.785690e-01 2.729524e+00
-1.304360e-01 4.023860e-01 2.673280e+00
-3.305640e-01 4.480260e-01 2.568620e+00
-2.821380e-01 2.513670e-01 2.786444e+00
-4.852560e-01 1.451000e-03 2.680984e+00
-9.196400e-02 4.509700e-02 2.599544e+00
-2.618210e-01 1.207900e-02 2.763639e+00
-5.431020e-01 9.853700e-02 2.714351e+00
-4.188200e-02 1.290990e-01 2.664067e+00
-5.231640e-01 -1.963150e-01 2.669617e+00
-1.362000e-02 -1.664860e-01 2.629900e+00
-4.910680e-01 -2.558460e-01 2.669777e+00
-2.920100e-02 -2.292980e-01 2.610256e+00
-3.384130e-01 -5.196780e-01 2.624233e+00
-1.422980e-01 -4.610120e-01 2.440074e+00
-2.881570e-01 -9.381960e-01 2.698405e+00
-9.485800e-02 -8.863740e-01 2.440858e+00
-3.200450e-01 -9.695730e-01 2.542964e+00
-1.133330e-01 -8.887310e-01 2.280184e+00
-3.225110e-01 6.878180e-01 2.590342e+00
-4.832270e-01 3.798600e-01 2.714826e+00
-1.328770e-01 4.028100e-01 2.662354e+00
-3.316970e-01 4.401650e-01 2.552068e+00
-2.852410e-01 2.580710e-01 2.782612e+00
-4.869930e-01 1.310000e-03 2.665834e+00
-8.946600e-02 4.442500e-02 2.608135e+00
-2.690140e-01 1.281100e-02 2.761861e+00
-5.403240e-01 9.819000e-02 2.715393e+00
-4.245200e-02 1.300720e-01 2.656324e+00
-5.098810e-01 -1.936080e-01 2.658393e+00
-1.810000e-02 -1.631440e-01 2.603853e+00
-4.955110e-01 -2.593580e-01 2.651714e+00
-5.145600e-02 -2.187960e-01 2.584766e+00
-3.331920e-01 -5.202380e-01 2.627683e+00
-1.321590e-01 -4.740660e-01 2.477100e+00
-2.882080e-01 -9.384920e-01 2.706573e+00
-8.912800e-02 -8.941110e-01 2.547066e+00
-3.099320e-01 -9.704540e-01 2.549507e+00
-9.331800e-02 -9.210960e-01 2.387638e+00
-3.235870e-01 6.970400e-01 2.592638e+00
-4.753110e-01 3.837510e-01 2.718030e+00
-1.260350e-01 4.043850e-01 2.657988e+00
-3.268510e-01 4.526830e-01 2.555871e+00
-2.779820e-01 2.542110e-01 2.771943e+00
-4.825340e-01 1.142300e-02 2.665718e+00
-8.499200e-02 3.770200e-02 2.598741e+00
-2.622130e-01 1.617100e-02 2.756847e+00
-5.391320e-01 1.040120e-01 2.703718e+00
-3.844700e-02 1.308010e-01 2.654560e+00
-5.047380e-01 -1.871260e-01 2.646227e+00
-2.418200e-02 -1.588900e-01 2.582969e+00
-5.034600e-01 -2.544700e-01 2.640129e+00
-5.149800e-02 -2.172940e-01 2.562551e+00
-3.282130e-01 -5.155140e-01 2.634329e+00
-1.236460e-01 -4.887900e-01 2.520380e+00
-2.884960e-01 -9.352610e-01 2.707945e+00
-8.179800e-02 -9.053620e-01 2.609267e+00
-3.126990e-01 -9.651070e-01 2.550826e+00
-8.782500e-02 -9.396710e-01 2.451313e+00
-3.199150e-01 6.980410e-01 2.594597e+00
-4.749160e-01 3.867500e-01 2.713447e+00
-1.265460e-01 4.067070e-01 2.648139e+00
-3.288620e-01 4.520340e-01 2.547633e+00
-2.765310e-01 2.590190e-01 2.767800e+00
-4.795730e-01 2.130000e-02 2.672183e+00
-8.652200e-02 2.810600e-02 2.579011e+00
-2.537470e-01 1.867500e-02 2.748762e+00
-5.304520e-01 1.071180e-01 2.679346e+00
-3.300600e-02 1.352840e-01 2.652741e+00
-5.014490e-01 -1.870650e-01 2.637318e+00
-2.651800e-02 -1.508280e-01 2.567599e+00
-4.934790e-01 -2.509220e-01 2.616514e+00
-4.984200e-02 -2.140350e-01 2.561685e+00
-3.188330e-01 -5.107430e-01 2.639807e+00
-1.109740e-01 -4.998910e-01 2.594313e+00
-2.929580e-01 -9.307140e-01 2.718157e+00
-6.742500e-02 -9.178460e-01 2.675561e+00
-3.137650e-01 -9.613700e-01 2.560708e+00
-9.140900e-02 -9.507750e-01 2.519025e+00
-3.064450e-01 7.036710e-01 2.589636e+00
-4.657510e-01 3.885150e-01 2.717695e+00
-1.190170e-01 4.056590e-01 2.643487e+00
-3.234530e-01 4.530060e-01 2.548343e+00
-2.671470e-01 2.589310e-01 2.766590e+00
-4.720740e-01 1.814300e-02 2.668902e+00
-8.033300e-02 3.091200e-02 2.570966e+00
-2.453420e-01 1.993200e-02 2.742779e+00
-5.215450e-01 1.115570e-01 2.663994e+00
-2.533300e-02 1.339790e-01 2.654239e+00
-4.996590e-01 -1.849220e-01 2.631514e+00
-1.838400e-02 -1.542730e-01 2.574886e+00
-4.717640e-01 -2.459180e-01 2.622829e+00
-4.587700e-02 -2.156390e-01 2.567649e+00
-3.162160e-01 -5.125850e-01 2.646728e+00
-1.015290e-01 -4.972060e-01 2.636199e+00
-2.857430e-01 -9.322930e-01 2.724835e+00
-6.345700e-02 -9.177030e-01 2.706321e+00
-3.172770e-01 -9.635280e-01 2.569294e+00
-9.652300e-02 -9.466560e-01 2.550657e+00
-3.045030e-01 7.006650e-01 2.584927e+00
-4.578210e-01 3.919760e-01 2.705140e+00
-1.083900e-01 4.115620e-01 2.645651e+00
-3.089200e-01 4.592430e-01 2.542685e+00
-2.607980e-01 2.626320e-01 2.760619e+00
-4.641860e-01 1.882900e-02 2.651179e+00
-6.619100e-02 3.752800e-02 2.584346e+00
-2.440510e-01 2.478300e-02 2.742687e+00
-5.113560e-01 1.130490e-01 2.655495e+00
-2.013600e-02 1.371240e-01 2.650779e+00
-4.908640e-01 -1.843250e-01 2.623147e+00
-7.701000e-03 -1.564030e-01 2.590910e+00
-4.766400e-01 -2.352110e-01 2.580929e+00
-4.123300e-02 -2.119540e-01 2.571838e+00
-3.135750e-01 -5.102980e-01 2.651435e+00
-1.057480e-01 -4.928350e-01 2.667677e+00
-2.892630e-01 -9.302630e-01 2.730318e+00
-6.005400e-02 -9.150960e-01 2.720514e+00
-3.133630e-01 -9.611360e-01 2.573382e+00
-8.537800e-02 -9.376270e-01 2.562356e+00
-2.972880e-01 7.066730e-01 2.584119e+00
-4.525260e-01 3.963280e-01 2.685870e+00
-9.955500e-02 4.190160e-01 2.655511e+00
-2.913160e-01 4.661540e-01 2.536794e+00
-2.596970e-01 2.679370e-01 2.756288e+00
-4.544440e-01 2.239400e-02 2.637605e+00
-5.251200e-02 4.530300e-02 2.603820e+00
-2.426710e-01 3.041200e-02 2.746950e+00
-5.065690e-01 1.149860e-01 2.649798e+00
-7.832000e-03 1.452270e-01 2.656909e+00
-4.739980e-01 -1.809530e-01 2.610801e+00
2.969000e-03 -1.517440e-01 2.613865e+00
-4.533490e-01 -2.280300e-01 2.566854e+00
-2.149300e-02 -2.145880e-01 2.608734e+00
-3.077840e-01 -5.052170e-01 2.657371e+00
-1.019380e-01 -4.886770e-01 2.672023e+00
-2.833690e-01 -9.255400e-01 2.734289e+00
-5.421700e-02 -9.117090e-01 2.716194e+00
-2.953350e-01 -9.552490e-01 2.575742e+00
-6.680000e-02 -9.298590e-01 2.555959e+00
-2.807700e-01 7.123030e-01 2.577341e+00
-4.410240e-01 4.006440e-01 2.686942e+00
-8.762300e-02 4.135810e-01 2.655872e+00
-2.782340e-01 4.699590e-01 2.539352e+00
-2.519470e-01 2.644800e-01 2.752786e+00
-4.432410e-01 2.141500e-02 2.644018e+00
-4.289200e-02 4.593400e-02 2.595688e+00
-2.277900e-01 3.224400e-02 2.745667e+00
-4.941140e-01 1.197970e-01 2.641068e+00
1.917000e-03 1.383690e-01 2.662111e+00
-4.632490e-01 -1.761150e-01 2.595227e+00
1.477500e-02 -1.605090e-01 2.628571e+00
-4.366450e-01 -2.378160e-01 2.587526e+00
-1.448200e-02 -2.208100e-01 2.619523e+00
-3.058020e-01 -5.056150e-01 2.665847e+00
-9.820100e-02 -4.887210e-01 2.675106e+00
-2.806720e-01 -9.256820e-01 2.743930e+00
-5.536700e-02 -9.123170e-01 2.718877e+00
-2.990590e-01 -9.561130e-01 2.586136e+00
-7.368500e-02 -9.306670e-01 2.559218e+00
-2.688890e-01 7.083550e-01 2.571603e+00
-4.273070e-01 4.086130e-01 2.683123e+00
-7.379700e-02 4.125380e-01 2.650869e+00
-2.634230e-01 4.696810e-01 2.533121e+00
-2.411790e-01 2.702370e-01 2.752652e+00
-4.365500e-01 2.663000e-02 2.639524e+00
-3.543800e-02 4.587700e-02 2.595310e+00
-2.220630e-01 3.531900e-02 2.743392e+00
-4.857270e-01 1.284260e-01 2.637162e+00
1.008700e-02 1.354610e-01 2.665750e+00
-4.626640e-01 -1.680270e-01 2.587628e+00
2.297900e-02 -1.644620e-01 2.638374e+00
-4.426360e-01 -2.246070e-01 2.556458e+00
-3.549000e-03 -2.266660e-01 2.637316e+00
-3.053460e-01 -5.010860e-01 2.674582e+00
-9.423400e-02 -4.869500e-01 2.677816e+00
-2.815620e-01 -9.218630e-01 2.749179e+00
-5.507200e-02 -9.104430e-01 2.725815e+00
-2.986410e-01 -9.508760e-01 2.590971e+00
-7.190400e-02 -9.300970e-01 2.566148e+00
-2.511080e-01 7.126600e-01 2.569476e+00
-4.157270e-01 4.016470e-01 2.653823e+00
-6.083100e-02 4.100680e-01 2.652260e+00
-2.400920e-01 4.566810e-01 2.515218e+00
-2.346640e-01 2.710360e-01 2.747539e+00
-4.207160e-01 2.833300e-02 2.633038e+00
-1.777200e-02 3.477400e-02 2.604567e+00
-2.103480e-01 3.379200e-02 2.745215e+00
-4.763570e-01 1.172890e-01 2.639447e+00
2.312100e-02 1.316610e-01 2.665812e+00
-4.399610e-01 -1.768820e-01 2.577981e+00
3.533300e-02 -1.703890e-01 2.649795e+00
-4.250500e-01 -2.253350e-01 2.533214e+00
1.606600e-02 -2.337200e-01 2.663654e+00
-3.038410e-01 -5.024900e-01 2.682178e+00
-8.304700e-02 -4.936400e-01 2.690918e+00
-2.826000e-01 -9.251660e-01 2.746040e+00
-4.933200e-02 -9.183960e-01 2.731290e+00
-2.943920e-01 -9.498450e-01 2.586619e+00
-6.104600e-02 -9.345810e-01 2.570779e+00
-2.250560e-01 7.122500e-01 2.560846e+00
-4.040540e-01 4.054340e-01 2.640951e+00
-4.933900e-02 4.138160e-01 2.652433e+00
-2.232030e-01 4.536900e-01 2.506593e+00
-2.268930e-01 2.795560e-01 2.747696e+00
-4.123240e-01 2.719300e-02 2.610631e+00
-8.657000e-03 3.604000e-02 2.624446e+00
-2.149230e-01 3.615700e-02 2.744125e+00
-4.643440e-01 1.212010e-01 2.640660e+00
2.993700e-02 1.344240e-01 2.661330e+00
-4.331490e-01 -1.726260e-01 2.577511e+00
4.207000e-02 -1.673570e-01 2.652610e+00
-4.096530e-01 -2.354460e-01 2.568815e+00
1.819700e-02 -2.306350e-01 2.652447e+00
-3.014010e-01 -5.012410e-01 2.685037e+00
-8.060400e-02 -4.941390e-01 2.697736e+00
-2.857500e-01 -9.218450e-01 2.762699e+00
-4.587400e-02 -9.191050e-01 2.734909e+00
-2.807400e-01 -9.510210e-01 2.603681e+00
-4.077600e-02 -9.327790e-01 2.573819e+00
-2.299980e-01 7.200130e-01 2.562009e+00
-3.908960e-01 3.976080e-01 2.640370e+00
-3.617200e-02 4.091830e-01 2.648226e+00
-2.118380e-01 4.467010e-01 2.503929e+00
-2.115610e-01 2.739000e-01 2.746017e+00
-4.046950e-01 2.332000e-02 2.619323e+00
-8.720000e-04 3.350400e-02 2.613039e+00
-2.009600e-01 3.423500e-02 2.742779e+00
-4.620930e-01 1.158830e-01 2.640036e+00
3.799900e-02 1.284650e-01 2.659805e+00
-4.266480e-01 -1.785460e-01 2.582020e+00
4.294900e-02 -1.735520e-01 2.651288e+00
-4.001770e-01 -2.385250e-01 2.565408e+00
2.343800e-02 -2.382830e-01 2.649473e+00
-2.990550e-01 -5.043540e-01 2.688940e+00
-7.804100e-02 -4.955150e-01 2.705034e+00
-2.835060e-01 -9.259770e-01 2.760884e+00
-4.592500e-02 -9.210230e-01 2.738129e+00
-2.866350e-01 -9.532910e-01 2.601487e+00
-4.899500e-02 -9.337940e-01 2.576913e+00
-2.148450e-01 7.131840e-01 2.560387e+00
-3.834550e-01 3.929180e-01 2.638410e+00
-2.908900e-02 4.135820e-01 2.643172e+00
-2.068300e-01 4.452550e-01 2.500018e+00
-2.001650e-01 2.748140e-01 2.743683e+00
-3.969640e-01 2.543400e-02 2.616766e+00
6.878000e-03 2.876200e-02 2.605963e+00
-1.917220e-01 3.466300e-02 2.737841e+00
-4.522470e-01 1.112300e-01 2.647999e+00
4.611900e-02 1.334690e-01 2.650449e+00
-4.224670e-01 -1.841020e-01 2.594007e+00
5.095600e-02 -1.681530e-01 2.645561e+00
-4.205350e-01 -2.497120e-01 2.610307e+00
2.474700e-02 -2.304060e-01 2.642145e+00
-2.947530e-01 -5.042260e-01 2.685705e+00
-6.909700e-02 -4.976180e-01 2.701731e+00
-2.810890e-01 -9.259180e-01 2.757630e+00
-4.817900e-02 -9.232470e-01 2.741570e+00
-2.864410e-01 -9.532680e-01 2.598299e+00
-5.286900e-02 -9.385420e-01 2.580613e+00
-2.086720e-01 7.092660e-01 2.541547e+00
