-3.578610e-01 4.016140e-01 2.626580e+00
-1.803820e-01 4.042735e-01 2.625929e+00
-2.903000e-03 4.069330e-01 2.625278e+00
-9.229100e-02 4.321080e-01 2.557101e+00
-1.816790e-01 4.572830e-01 2.488925e+00
-1.798395e-01 3.626160e-01 2.603605e+00
-1.780000e-01 2.679490e-01 2.718285e+00
-2.771375e-01 1.491460e-01 2.648995e+00
-3.762750e-01 3.034300e-02 2.579706e+00
-1.743750e-01 3.111100e-02 2.586005e+00
2.752500e-02 3.187900e-02 2.592304e+00
-7.540150e-02 3.155600e-02 2.652496e+00
-1.783280e-01 3.123300e-02 2.712689e+00
-3.038145e-01 8.079750e-02 2.674241e+00
-4.293010e-01 1.303620e-01 2.635794e+00
-1.793820e-01 1.332935e-01 2.635281e+00
7.053700e-02 1.362250e-01 2.634768e+00
-1.703235e-01 -8.777500e-03 2.603216e+00
-4.111840e-01 -1.537800e-01 2.571663e+00
-1.743050e-01 -1.546185e-01 2.600233e+00
6.257400e-02 -1.554570e-01 2.628803e+00
-1.693480e-01 -1.875955e-01 2.594622e+00
-4.012700e-01 -2.197340e-01 2.560442e+00
-1.835635e-01 -2.178395e-01 2.589450e+00
3.414300e-02 -2.159450e-01 2.618459e+00
-1.245835e-01 -3.583325e-01 2.630697e+00
-2.833100e-01 -5.007200e-01 2.642935e+00
-1.764185e-01 -4.995140e-01 2.652563e+00
-6.952700e-02 -4.983080e-01 2.662192e+00
-1.734940e-01 -7.096500e-01 2.692942e+00
-2.774610e-01 -9.209920e-01 2.723692e+00
-1.660665e-01 -9.191095e-01 2.736156e+00
-5.467200e-02 -9.172270e-01 2.748621e+00
-1.645155e-01 -9.343470e-01 2.656745e+00
-2.743590e-01 -9.514670e-01 2.564870e+00
-1.617180e-01 -9.505835e-01 2.577567e+00
-4.907700e-02 -9.497000e-01 2.590263e+00
-1.108320e-01 -1.215935e-01 2.555801e+00
-1.725870e-01 7.065130e-01 2.521339e+00
-2.685770e-01 5.551395e-01 2.580439e+00
-3.645670e-01 4.037660e-01 2.639539e+00
-1.874770e-01 4.056110e-01 2.627624e+00
-1.038700e-02 4.074560e-01 2.615708e+00
-1.038055e-01 4.330520e-01 2.553340e+00
-1.972240e-01 4.586480e-01 2.490972e+00
-1.885440e-01 3.639550e-01 2.605316e+00
-1.798640e-01 2.692620e-01 2.719660e+00
-2.810910e-01 1.513080e-01 2.657297e+00
-3.823180e-01 3.335400e-02 2.594934e+00
-1.804005e-01 3.250700e-02 2.589225e+00
2.151700e-02 3.166000e-02 2.583516e+00
-7.764950e-02 3.233400e-02 2.649717e+00
-1.768160e-01 3.300800e-02 2.715919e+00
-3.065960e-01 8.255050e-02 2.675383e+00
-4.363760e-01 1.320930e-01 2.634847e+00
-1.865195e-01 1.345830e-01 2.635795e+00
6.333700e-02 1.370730e-01 2.636744e+00
-1.754530e-01 -8.516500e-03 2.608343e+00
-4.142430e-01 -1.541060e-01 2.579942e+00
-1.749835e-01 -1.546040e-01 2.604921e+00
6.427600e-02 -1.551020e-01 2.629900e+00
-1.694430e-01 -1.864870e-01 2.595109e+00
-4.031620e-01 -2.178720e-01 2.560317e+00
-1.845140e-01 -2.162520e-01 2.589590e+00
3.413400e-02 -2.146320e-01 2.618864e+00
-1.233965e-01 -3.574745e-01 2.630205e+00
-2.809270e-01 -5.003170e-01 2.641546e+00
-1.775000e-01 -4.988035e-01 2.651641e+00
-7.407300e-02 -4.972900e-01 2.661736e+00
-1.764540e-01 -7.085440e-01 2.694113e+00
-2.788350e-01 -9.197980e-01 2.726490e+00
-1.674095e-01 -9.179795e-01 2.737138e+00
-5.598400e-02 -9.161610e-01 2.747785e+00
-1.704655e-01 -9.340340e-01 2.657931e+00
-2.849470e-01 -9.519070e-01 2.568077e+00
-1.725235e-01 -9.503880e-01 2.578754e+00
-6.010000e-02 -9.488690e-01 2.589431e+00
-1.222400e-01 -1.194375e-01 2.559731e+00
-1.843800e-01 7.099940e-01 2.530032e+00
-2.772035e-01 5.567480e-01 2.580458e+00
-3.700270e-01 4.035020e-01 2.630883e+00
-1.926060e-01 4.068450e-01 2.626786e+00
-1.518500e-02 4.101880e-01 2.622689e+00
-1.059525e-01 4.327580e-01 2.555430e+00
-1.967200e-01 4.553280e-01 2.488171e+00
-1.922910e-01 3.644800e-01 2.605830e+00
-1.878620e-01 2.736320e-01 2.723490e+00
-2.873210e-01 1.499815e-01 2.655874e+00
-3.867800e-01 2.633100e-02 2.588259e+00
-1.848590e-01 3.026350e-02 2.592306e+00
1.706200e-02 3.419600e-02 2.596353e+00
-8.517700e-02 3.267900e-02 2.657688e+00
-1.874160e-01 3.116200e-02 2.719023e+00
-3.145390e-01 8.140850e-02 2.679094e+00
-4.416620e-01 1.316550e-01 2.639164e+00
-1.924190e-01 1.350975e-01 2.636470e+00
5.682400e-02 1.385400e-01 2.633776e+00
-1.837225e-01 -8.238500e-03 2.608827e+00
-4.242690e-01 -1.550170e-01 2.583878e+00
-1.835495e-01 -1.544415e-01 2.605738e+00
5.717000e-02 -1.538660e-01 2.627597e+00
-1.735500e-01 -1.840450e-01 2.592810e+00
-4.042700e-01 -2.142240e-01 2.558022e+00
-1.879165e-01 -2.137210e-01 2.585297e+00
2.843700e-02 -2.132180e-01 2.612571e+00
-1.275425e-01 -3.586900e-01 2.628003e+00
-2.835220e-01 -5.041620e-01 2.643434e+00
-1.771915e-01 -5.014345e-01 2.651448e+00
-7.086100e-02 -4.987070e-01 2.659462e+00
-1.756485e-01 -7.115345e-01 2.692088e+00
-2.804360e-01 -9.243620e-01 2.724714e+00
-1.684885e-01 -9.215705e-01 2.732457e+00
-5.654100e-02 -9.187790e-01 2.740200e+00
-1.674330e-01 -9.369210e-01 2.653059e+00
-2.783250e-01 -9.550630e-01 2.565918e+00
-1.651270e-01 -9.521040e-01 2.573656e+00
-5.192900e-02 -9.491450e-01 2.581393e+00
-1.200860e-01 -1.204190e-01 2.549831e+00
-1.882430e-01 7.083070e-01 2.518269e+00
-2.861040e-01 5.551220e-01 2.570483e+00
-3.839650e-01 4.019370e-01 2.622698e+00
-2.065255e-01 4.064280e-01 2.623849e+00
-2.908600e-02 4.109190e-01 2.624999e+00
-1.178505e-01 4.285480e-01 2.553710e+00
-2.066150e-01 4.461770e-01 2.482421e+00
-2.053045e-01 3.628480e-01 2.605593e+00
-2.039940e-01 2.795190e-01 2.728765e+00
-3.016290e-01 1.541910e-01 2.663638e+00
-3.992640e-01 2.886300e-02 2.598510e+00
-1.972755e-01 3.002850e-02 2.596698e+00
4.713000e-03 3.119400e-02 2.594887e+00
-9.572600e-02 3.286150e-02 2.659123e+00
-1.961650e-01 3.452900e-02 2.723359e+00
-3.254460e-01 8.194950e-02 2.684133e+00
-4.547270e-01 1.293700e-01 2.644906e+00
-2.051685e-01 1.339350e-01 2.641703e+00
4.439000e-02 1.385000e-01 2.638500e+00
-1.934325e-01 -1.013250e-02 2.615648e+00
-4.312550e-01 -1.587650e-01 2.592796e+00
-1.932650e-01 -1.569515e-01 2.611636e+00
4.472500e-02 -1.551380e-01 2.630475e+00
-1.888425e-01 -1.900390e-01 2.617036e+00
-4.224100e-01 -2.249400e-01 2.603596e+00
-1.991375e-01 -2.189565e-01 2.602847e+00
2.413500e-02 -2.129730e-01 2.602098e+00
-1.323000e-01 -3.587395e-01 2.622181e+00
-2.887350e-01 -5.045060e-01 2.642264e+00
-1.848760e-01 -5.024680e-01 2.650319e+00
-8.101700e-02 -5.004300e-01 2.658374e+00
-1.800615e-01 -7.131400e-01 2.687604e+00
-2.791060e-01 -9.258500e-01 2.716834e+00
-1.697845e-01 -9.241125e-01 2.721971e+00
-6.046300e-02 -9.223750e-01 2.727107e+00
-1.710555e-01 -9.382330e-01 2.642348e+00
-2.816480e-01 -9.540910e-01 2.557589e+00
-1.713615e-01 -9.512505e-01 2.562528e+00
-6.107500e-02 -9.484100e-01 2.567467e+00
-1.331955e-01 -1.176720e-01 2.545725e+00
-2.053160e-01 7.130660e-01 2.523983e+00
-3.013800e-01 5.578615e-01 2.577036e+00
-3.974440e-01 4.026570e-01 2.630089e+00
-2.201520e-01 4.107255e-01 2.633061e+00
-4.286000e-02 4.187940e-01 2.636033e+00
-1.314160e-01 4.384015e-01 2.565002e+00
-2.199720e-01 4.580090e-01 2.493971e+00
-2.178730e-01 3.682240e-01 2.612508e+00
-2.157740e-01 2.784390e-01 2.731045e+00
-3.119400e-01 1.539145e-01 2.665541e+00
-4.081060e-01 2.939000e-02 2.600038e+00
-2.062025e-01 3.418400e-02 2.604040e+00
-4.299000e-03 3.897800e-02 2.608042e+00
-1.065595e-01 3.883200e-02 2.669360e+00
-2.088200e-01 3.868600e-02 2.730678e+00
-3.386570e-01 8.388700e-02 2.690249e+00
-4.684940e-01 1.290880e-01 2.649819e+00
-2.175525e-01 1.375025e-01 2.643460e+00
3.338900e-02 1.459170e-01 2.637102e+00
-2.048665e-01 -7.372500e-03 2.619940e+00
-4.431220e-01 -1.606620e-01 2.602778e+00
-2.034405e-01 -1.546600e-01 2.617228e+00
3.624100e-02 -1.486580e-01 2.631678e+00
-1.928310e-01 -1.866835e-01 2.614897e+00
-4.219030e-01 -2.247090e-01 2.598116e+00
-2.028060e-01 -2.179560e-01 2.606770e+00
1.629100e-02 -2.112030e-01 2.615424e+00
-1.370655e-01 -3.565130e-01 2.631728e+00
-2.904220e-01 -5.018230e-01 2.648031e+00
-1.904560e-01 -4.991450e-01 2.651362e+00
-9.049000e-02 -4.964670e-01 2.654692e+00
-1.825205e-01 -7.104400e-01 2.684341e+00
-2.745510e-01 -9.244130e-01 2.713991e+00
-1.698625e-01 -9.213015e-01 2.718593e+00
-6.517400e-02 -9.181900e-01 2.723196e+00
-1.685330e-01 -9.337235e-01 2.638689e+00
-2.718920e-01 -9.492570e-01 2.554182e+00
-1.662730e-01 -9.465535e-01 2.558870e+00
-6.065400e-02 -9.438500e-01 2.563558e+00
-1.416460e-01 -1.157885e-01 2.544299e+00
-2.226380e-01 7.122730e-01 2.525040e+00
-3.171660e-01 5.552135e-01 2.576375e+00
-4.116940e-01 3.981540e-01 2.627710e+00
-2.345045e-01 4.063285e-01 2.634294e+00
-5.731500e-02 4.145030e-01 2.640877e+00
-1.442510e-01 4.311875e-01 2.567149e+00
-2.311870e-01 4.478720e-01 2.493421e+00
-2.318105e-01 3.630205e-01 2.615555e+00
-2.324340e-01 2.781690e-01 2.737688e+00
-3.255200e-01 1.517745e-01 2.675883e+00
-4.186060e-01 2.538000e-02 2.614078e+00
-2.167130e-01 3.180400e-02 2.612665e+00
-1.482000e-02 3.822800e-02 2.611253e+00
-1.154290e-01 3.832650e-02 2.675244e+00
-2.160380e-01 3.842500e-02 2.739236e+00
-3.516570e-01 8.180850e-02 2.696051e+00
-4.872760e-01 1.251920e-01 2.652867e+00
-2.324810e-01 1.333980e-01 2.650010e+00
2.231400e-02 1.416040e-01 2.647154e+00
-2.110035e-01 -1.154000e-02 2.630250e+00
-4.443210e-01 -1.646840e-01 2.613346e+00
-2.076760e-01 -1.591260e-01 2.622128e+00
2.896900e-02 -1.535680e-01 2.630910e+00
-2.008680e-01 -1.848085e-01 2.601209e+00
-4.307050e-01 -2.160490e-01 2.571508e+00
-2.106470e-01 -2.160110e-01 2.592589e+00
9.411000e-03 -2.159730e-01 2.613670e+00
-1.424535e-01 -3.604540e-01 2.635814e+00
-2.943180e-01 -5.049350e-01 2.657958e+00
-1.933380e-01 -5.021225e-01 2.640957e+00
-9.235800e-02 -4.993100e-01 2.623956e+00
-1.850340e-01 -7.143325e-01 2.667302e+00
-2.777100e-01 -9.293550e-01 2.710648e+00
-1.695280e-01 -9.242010e-01 2.706172e+00
-6.134600e-02 -9.190470e-01 2.701696e+00
-1.700715e-01 -9.341855e-01 2.625917e+00
-2.787970e-01 -9.493240e-01 2.550139e+00
-1.689720e-01 -9.488340e-01 2.546388e+00
-5.914700e-02 -9.483440e-01 2.542637e+00
-1.474780e-01 -1.225070e-01 2.528392e+00
-2.358090e-01 7.033300e-01 2.514148e+00
-3.356975e-01 5.472200e-01 2.571969e+00
-4.355860e-01 3.911100e-01 2.629791e+00
-2.587870e-01 4.027140e-01 2.640451e+00
-8.198800e-02 4.143180e-01 2.651111e+00
-1.673590e-01 4.275020e-01 2.574888e+00
-2.527300e-01 4.406860e-01 2.498665e+00
-2.548605e-01 3.589970e-01 2.622919e+00
-2.569910e-01 2.773080e-01 2.747173e+00
-3.458680e-01 1.502990e-01 2.689755e+00
-4.347450e-01 2.329000e-02 2.632337e+00
-2.329745e-01 3.283500e-02 2.633558e+00
-3.120400e-02 4.238000e-02 2.634779e+00
-1.326410e-01 4.117600e-02 2.697439e+00
-2.340780e-01 3.997200e-02 2.760098e+00
-3.680690e-01 7.784250e-02 2.705684e+00
-5.020600e-01 1.157130e-01 2.651270e+00
-2.504800e-01 1.292285e-01 2.655295e+00
1.100000e-03 1.427440e-01 2.659319e+00
-2.297795e-01 -1.625200e-02 2.640117e+00
-4.606590e-01 -1.752480e-01 2.620915e+00
-2.186375e-01 -1.628555e-01 2.625736e+00
2.338400e-02 -1.504630e-01 2.630557e+00
-2.132980e-01 -1.951720e-01 2.617331e+00
-4.499800e-01 -2.398810e-01 2.604105e+00
-2.240040e-01 -2.271605e-01 2.614959e+00
1.972000e-03 -2.144400e-01 2.625813e+00
-1.532495e-01 -3.601855e-01 2.645233e+00
-3.084710e-01 -5.059310e-01 2.664654e+00
-1.919870e-01 -4.925920e-01 2.601725e+00
-7.550300e-02 -4.792530e-01 2.538796e+00
-1.769955e-01 -7.042105e-01 2.629814e+00
-2.784880e-01 -9.291680e-01 2.720832e+00
-1.645430e-01 -9.124755e-01 2.677424e+00
-5.059800e-02 -8.957830e-01 2.634017e+00
-1.644800e-01 -9.231125e-01 2.597252e+00
-2.783620e-01 -9.504420e-01 2.560488e+00
-1.554965e-01 -9.405135e-01 2.518784e+00
-3.263100e-02 -9.305850e-01 2.477080e+00
-1.473380e-01 -1.157110e-01 2.498130e+00
-2.620450e-01 6.991630e-01 2.519180e+00
-3.538730e-01 5.480660e-01 2.580951e+00
-4.457010e-01 3.969690e-01 2.642721e+00
-2.685970e-01 4.061425e-01 2.650215e+00
-9.149300e-02 4.153160e-01 2.657709e+00
-1.782085e-01 4.325500e-01 2.583849e+00
-2.649240e-01 4.497840e-01 2.509988e+00
-2.655500e-01 3.631340e-01 2.630852e+00
-2.661760e-01 2.764840e-01 2.751716e+00
-3.557965e-01 1.496070e-01 2.693935e+00
-4.454170e-01 2.273000e-02 2.636153e+00
-2.438855e-01 3.463600e-02 2.643032e+00
-4.235400e-02 4.654200e-02 2.649912e+00
-1.454320e-01 4.316450e-02 2.709751e+00
-2.485100e-01 3.978700e-02 2.769589e+00
-3.796705e-01 7.978250e-02 2.707827e+00
-5.108310e-01 1.197780e-01 2.646065e+00
-2.582995e-01 1.320225e-01 2.660132e+00
-5.768000e-03 1.442670e-01 2.674199e+00
-2.403330e-01 -1.469050e-02 2.651490e+00
-4.748980e-01 -1.736480e-01 2.628780e+00
-2.301245e-01 -1.614605e-01 2.634861e+00
1.464900e-02 -1.492730e-01 2.640941e+00
-2.198245e-01 -1.932145e-01 2.629465e+00
-4.542980e-01 -2.371560e-01 2.617989e+00
-2.265600e-01 -2.220245e-01 2.613091e+00
1.178000e-03 -2.068930e-01 2.608193e+00
-1.553430e-01 -3.560195e-01 2.638907e+00
-3.118640e-01 -5.051460e-01 2.669620e+00
-1.930110e-01 -4.764070e-01 2.572471e+00
-7.415800e-02 -4.476680e-01 2.475322e+00
-1.769965e-01 -6.877855e-01 2.601774e+00
-2.798350e-01 -9.279030e-01 2.728225e+00
-1.704000e-01 -8.885815e-01 2.675485e+00
-6.096500e-02 -8.492600e-01 2.622746e+00
-1.678700e-01 -8.994930e-01 2.595390e+00
-2.747750e-01 -9.497260e-01 2.568033e+00
-1.522150e-01 -9.263825e-01 2.520740e+00
-2.965500e-02 -9.030390e-01 2.473446e+00
-1.529605e-01 -1.040565e-01 2.495152e+00
-2.762660e-01 6.949260e-01 2.516858e+00
-3.680605e-01 5.443435e-01 2.577794e+00
-4.598550e-01 3.937610e-01 2.638731e+00
-2.830845e-01 4.055900e-01 2.649615e+00
-1.063140e-01 4.174190e-01 2.660499e+00
-1.915655e-01 4.300120e-01 2.584042e+00
-2.768170e-01 4.426050e-01 2.507586e+00
-2.790910e-01 3.617585e-01 2.632388e+00
-2.813650e-01 2.809120e-01 2.757189e+00
-3.675150e-01 1.490595e-01 2.699800e+00
-4.536650e-01 1.720700e-02 2.642412e+00
-2.526170e-01 3.645100e-02 2.646064e+00
-5.156900e-02 5.569500e-02 2.649717e+00
-1.533905e-01 4.760850e-02 2.711232e+00
-2.552120e-01 3.952200e-02 2.772747e+00
-3.872615e-01 7.741450e-02 2.712754e+00
-5.193110e-01 1.153070e-01 2.652761e+00
-2.659910e-01 1.323290e-01 2.669266e+00
-1.267100e-02 1.493510e-01 2.685771e+00
-2.474325e-01 -1.439750e-02 2.659382e+00
-4.821940e-01 -1.781460e-01 2.632994e+00
-2.303735e-01 -1.607005e-01 2.642796e+00
2.144700e-02 -1.432550e-01 2.652598e+00
-2.232725e-01 -1.934370e-01 2.638169e+00
-4.679920e-01 -2.436190e-01 2.623740e+00
-2.289995e-01 -2.248755e-01 2.627109e+00
9.993000e-03 -2.061320e-01 2.630477e+00
-1.499075e-01 -3.561840e-01 2.647527e+00
-3.098080e-01 -5.062360e-01 2.664577e+00
-1.924300e-01 -4.555150e-01 2.538320e+00
-7.505200e-02 -4.047940e-01 2.412062e+00
-1.770880e-01 -6.671865e-01 2.565812e+00
-2.791240e-01 -9.295790e-01 2.719563e+00
-1.739255e-01 -8.470535e-01 2.681717e+00
-6.872700e-02 -7.645280e-01 2.643872e+00
-1.723735e-01 -8.573580e-01 2.601517e+00
-2.760200e-01 -9.501880e-01 2.559162e+00
-1.555885e-01 -9.000030e-01 2.534880e+00
-3.515700e-02 -8.498180e-01 2.510598e+00
-1.588925e-01 -7.436550e-02 2.518093e+00
-2.826280e-01 7.010870e-01 2.525589e+00
-3.741145e-01 5.451760e-01 2.593301e+00
-4.656010e-01 3.892650e-01 2.661014e+00
-1.116860e-01 4.161100e-01 2.667951e+00
-2.892800e-01 4.472570e-01 2.524501e+00
-2.807410e-01 2.725100e-01 2.765036e+00
-4.634420e-01 1.967700e-02 2.643059e+00
-6.212800e-02 6.587000e-02 2.648460e+00
-2.635430e-01 3.457100e-02 2.772238e+00
-5.247760e-01 1.113570e-01 2.658114e+00
-2.139900e-02 1.482260e-01 2.696760e+00
-4.922000e-01 -1.816790e-01 2.638527e+00
2.090100e-02 -1.429670e-01 2.669693e+00
-4.757230e-01 -2.446190e-01 2.620058e+00
7.383000e-03 -2.087550e-01 2.661746e+00
-3.087720e-01 -5.012260e-01 2.648376e+00
-8.953200e-02 -3.024320e-01 2.304418e+00
-2.673650e-01 -9.232310e-01 2.706532e+00
-1.072200e-01 -6.114040e-01 2.600066e+00
-2.649540e-01 -9.450780e-01 2.546282e+00
-7.740100e-02 -7.222020e-01 2.486058e+00
-2.946510e-01 6.926100e-01 2.532326e+00
-4.699100e-01 3.948740e-01 2.664515e+00
-1.154740e-01 4.127810e-01 2.673429e+00
-2.914490e-01 4.488290e-01 2.529133e+00
-2.886110e-01 2.731840e-01 2.769148e+00
-4.678620e-01 2.237900e-02 2.640464e+00
-6.661600e-02 6.838300e-02 2.650548e+00
-2.679490e-01 2.418100e-02 2.770464e+00
-5.319230e-01 1.190200e-01 2.659753e+00
-2.721900e-02 1.455220e-01 2.700765e+00
-4.982840e-01 -1.725890e-01 2.642280e+00
1.631600e-02 -1.445760e-01 2.680269e+00
-4.783620e-01 -2.367310e-01 2.634350e+00
7.937000e-03 -2.112010e-01 2.672210e+00
-2.901570e-01 -4.958640e-01 2.640853e+00
-9.493900e-02 -2.308960e-01 2.253520e+00
-2.616310e-01 -9.170700e-01 2.711251e+00
-1.204540e-01 -5.522470e-01 2.535064e+00
-2.540530e-01 -9.432050e-01 2.551806e+00
-9.197300e-02 -6.584460e-01 2.416431e+00
-2.971990e-01 6.968520e-01 2.544209e+00
-4.728540e-01 3.942450e-01 2.670101e+00
-1.186210e-01 4.145020e-01 2.681656e+00
-2.939790e-01 4.527470e-01 2.537175e+00
-2.912970e-01 2.713820e-01 2.772901e+00
-4.755000e-01 3.623200e-02 2.649576e+00
-7.209200e-02 5.804900e-02 2.648340e+00
-2.722290e-01 2.523400e-02 2.773787e+00
-5.327240e-01 1.192590e-01 2.661779e+00
-3.582300e-02 1.461240e-01 2.701382e+00
-5.012410e-01 -1.712590e-01 2.643558e+00
1.252500e-02 -1.426420e-01 2.701187e+00
-4.797700e-01 -2.328840e-01 2.625798e+00
-2.350000e-03 -2.052490e-01 2.680373e+00
-3.011510e-01 -4.893080e-01 2.619925e+00
-9.401100e-02 -1.884460e-01 2.238473e+00
-2.572090e-01 -9.069590e-01 2.702514e+00
-1.632800e-01 -5.371350e-01 2.476805e+00
-2.500090e-01 -9.375770e-01 2.543851e+00
-1.344800e-01 -6.308110e-01 2.348125e+00
-3.014230e-01 6.979970e-01 2.552409e+00
-4.846150e-01 3.965390e-01 2.690875e+00
-1.299050e-01 4.096190e-01 2.684990e+00
-3.114000e-01 4.532630e-01 2.549925e+00
-3.007300e-01 2.687370e-01 2.782956e+00
-4.832850e-01 2.421400e-02 2.660840e+00
-8.225000e-02 7.268900e-02 2.654765e+00
-2.767050e-01 1.354500e-02 2.779496e+00
-5.378070e-01 1.222910e-01 2.661473e+00
-3.780700e-02 1.456340e-01 2.712121e+00
-5.055180e-01 -1.677390e-01 2.648490e+00
-5.231000e-03 -1.442750e-01 2.697277e+00
-4.816970e-01 -2.294800e-01 2.634537e+00
-2.098600e-02 -2.044690e-01 2.670771e+00
-3.220100e-01 -4.924450e-01 2.624229e+00
-1.202480e-01 -1.123250e-01 2.213777e+00
-2.626600e-01 -9.091640e-01 2.701733e+00
-1.849690e-01 -5.080340e-01 2.363478e+00
-2.655830e-01 -9.391370e-01 2.542811e+00
-1.633780e-01 -5.678320e-01 2.214747e+00
-3.086180e-01 6.977870e-01 2.569526e+00
-4.862870e-01 3.939120e-01 2.700406e+00
-1.315540e-01 4.068840e-01 2.695778e+00
-3.124770e-01 4.480670e-01 2.559179e+00
-3.028000e-01 2.678050e-01 2.795566e+00
-4.869510e-01 1.749100e-02 2.666718e+00
-8.657700e-02 7.123500e-02 2.661454e+00
-2.804770e-01 9.448000e-03 2.785766e+00
-5.377580e-01 1.178530e-01 2.664371e+00
-4.161300e-02 1.395420e-01 2.720181e+00
-5.093310e-01 -1.748620e-01 2.650539e+00
-1.015000e-02 -1.521710e-01 2.695794e+00
-4.799170e-01 -2.291100e-01 2.622862e+00
-2.780200e-02 -2.098040e-01 2.665121e+00
-3.292720e-01 -4.974640e-01 2.622583e+00
-1.289760e-01 -1.952820e-01 2.240093e+00
-2.832740e-01 -9.167800e-01 2.694991e+00
-1.688450e-01 -5.968120e-01 2.097378e+00
-2.859300e-01 -9.445830e-01 2.535671e+00
-1.399390e-01 -5.460690e-01 1.946538e+00
-3.094780e-01 6.920230e-01 2.573212e+00
-4.867460e-01 3.845610e-01 2.687556e+00
-1.326980e-01 4.020880e-01 2.706724e+00
-3.039130e-01 4.311050e-01 2.555293e+00
-3.092990e-01 2.679730e-01 2.803940e+00
-4.826440e-01 7.736000e-03 2.658484e+00
-8.265600e-02 6.117100e-02 2.677736e+00
-2.846140e-01 4.764000e-03 2.791314e+00
-5.421960e-01 1.062220e-01 2.677768e+00
-4.487600e-02 1.326620e-01 2.725162e+00
-5.097670e-01 -1.858920e-01 2.649047e+00
-7.745000e-03 -1.592970e-01 2.700904e+00
-4.852260e-01 -2.410820e-01 2.618618e+00
-3.628200e-02 -2.193770e-01 2.688651e+00
-3.350870e-01 -5.089740e-01 2.632091e+00
-1.483540e-01 -3.199380e-01 2.313817e+00
-2.867570e-01 -9.300920e-01 2.691322e+00
-1.380280e-01 -6.083000e-01 1.997707e+00
-2.816380e-01 -9.520330e-01 2.531148e+00
-1.479040e-01 -4.891850e-01 1.888725e+00
-3.101160e-01 6.884920e-01 2.577744e+00
-4.881270e-01 3.657370e-01 2.707135e+00
-1.345370e-01 3.960360e-01 2.698134e+00
-3.183940e-01 4.214020e-01 2.561602e+00
-2.977940e-01 2.537350e-01 2.806409e+00
-4.842480e-01 -1.613000e-03 2.674058e+00
-8.388000e-02 4.888300e-02 2.654782e+00
-2.752770e-01 1.491000e-03 2.788906e+00
-5.476820e-01 8.635400e-02 2.705442e+00
-4.250000e-02 1.267480e-01 2.722993e+00
-5.104250e-01 -2.011240e-01 2.640516e+00
-1.935900e-02 -1.686210e-01 2.701343e+00
-4.965460e-01 -2.641450e-01 2.620273e+00
-4.058400e-02 -2.328330e-01 2.701887e+00
-3.433400e-01 -5.184900e-01 2.610007e+00
-1.533270e-01 -3.632390e-01 2.333535e+00
-2.865490e-01 -9.375160e-01 2.676157e+00
-1.065550e-01 -6.112640e-01 1.987875e+00
-2.994520e-01 -9.643630e-01 2.517174e+00
-1.289340e-01 -4.825580e-01 1.892496e+00
-3.218120e-01 6.750800e-01 2.577163e+00
-4.882200e-01 3.722910e-01 2.725047e+00
-1.353680e-01 3.922750e-01 2.691572e+00
-3.275890e-01 4.298550e-01 2.570219e+00
-2.951430e-01 2.498480e-01 2.804764e+00
-4.882300e-01 -1.642000e-03 2.681872e+00
-8.965300e-02 4.428500e-02 2.634515e+00
-2.719250e-01 1.538000e-03 2.782224e+00
-5.492030e-01 9.323700e-02 2.705448e+00
-4.616800e-02 1.213970e-01 2.716927e+00
-5.212980e-01 -1.983730e-01 2.652239e+00
-9.395000e-03 -1.734620e-01 2.698152e+00
-4.878460e-01 -2.477800e-01 2.620395e+00
-3.793000e-02 -2.341640e-01 2.689490e+00
-3.475150e-01 -5.195620e-01 2.604466e+00
-1.572980e-01 -3.683810e-01 2.324867e+00
-2.935090e-01 -9.354440e-01 2.689961e+00
-1.124700e-01 -7.165040e-01 2.079949e+00
-3.151800e-01 -9.704160e-01 2.533531e+00
-1.345480e-01 -6.262150e-01 1.947573e+00
-3.222320e-01 6.726930e-01 2.579416e+00
-4.872510e-01 3.759550e-01 2.718049e+00
-1.339220e-01 3.881810e-01 2.685887e+00
-3.248150e-01 4.289470e-01 2.563470e+00
-2.971440e-01 2.500230e-01 2.799452e+00
-4.899420e-01 1.942000e-03 2.669119e+00
-8.979800e-02 4.396400e-02 2.632583e+00
-2.766660e-01 5.799000e-03 2.775735e+00
-5.526800e-01 9.662000e-02 2.707390e+00
-5.021800e-02 1.143320e-01 2.706461e+00
-5.204700e-01 -1.931380e-01 2.643089e+00
-9.471000e-03 -1.789210e-01 2.668072e+00
-4.932950e-01 -2.532620e-01 2.628232e+00
-3.198900e-02 -2.425090e-01 2.663210e+00
-3.446320e-01 -5.182190e-01 2.605618e+00
-1.527390e-01 -3.982690e-01 2.354998e+00
-2.919590e-01 -9.355850e-01 2.684452e+00
-1.157640e-01 -7.895020e-01 2.185429e+00
-3.086060e-01 -9.674730e-01 2.526753e+00
-1.290030e-01 -7.264490e-01 2.037064e+00
-3.190920e-01 6.827240e-01 2.591539e+00
-4.852360e-01 3.710400e-01 2.719316e+00
-1.334800e-01 3.973650e-01 2.679322e+00
-3.287770e-01 4.382550e-01 2.564105e+00
-2.889540e-01 2.474450e-01 2.788765e+00
-4.889580e-01 1.552000e-03 2.672637e+00
-9.274000e-02 4.465100e-02 2.606528e+00
-2.688910e-01 1.194200e-02 2.763912e+00
-5.497610e-01 9.064200e-02 2.703143e+00
-4.654600e-02 1.226270e-01 2.682472e+00
-5.171860e-01 -2.002150e-01 2.638731e+00
-2.066200e-02 -1.717560e-01 2.632708e+00
-5.077090e-01 -2.593880e-01 2.607381e+00
-3.036900e-02 -2.371980e-01 2.618665e+00
-3.389540e-01 -5.192190e-01 2.614293e+00
-1.495920e-01 -4.347830e-01 2.392411e+00
-2.859840e-01 -9.371480e-01 2.689882e+00
-1.258320e-01 -8.566800e-01 2.324416e+00
-3.120500e-01 -9.687530e-01 2.533406e+00
-1.398820e-01 -8.318120e-01 2.165208e+00
-3.232530e-01 6.878170e-01 2.601539e+00
-4.864350e-01 3.735400e-01 2.716138e+00
-1.344050e-01 3.994300e-01 2.678327e+00
-3.290340e-01 4.441170e-01 2.563390e+00
-2.909570e-01 2.473620e-01 2.783173e+00
-4.909790e-01 1.174700e-02 2.656852e+00
-8.994600e-02 3.895400e-02 2.616252e+00
-2.770290e-01 1.474600e-02 2.762137e+00
-5.484960e-01 9.211100e-02 2.694664e+00
-4.687900e-02 1.241820e-01 2.668692e+00
-5.144530e-01 -2.002500e-01 2.634010e+00
-2.031100e-02 -1.704290e-01 2.615671e+00
-5.089190e-01 -2.503750e-01 2.588945e+00
-5.127200e-02 -2.282320e-01 2.599107e+00
-3.407830e-01 -5.141120e-01 2.608539e+00
-1.482930e-01 -4.480680e-01 2.417192e+00
-2.858350e-01 -9.298500e-01 2.694140e+00
-1.185110e-01 -8.749480e-01 2.408788e+00
-3.017980e-01 -9.643320e-01 2.536916e+00
-1.193630e-01 -8.718240e-01 2.247071e+00
-3.221290e-01 6.875450e-01 2.593181e+00
-4.846990e-01 3.717850e-01 2.708211e+00
-1.327730e-01 4.012780e-01 2.672105e+00
-3.272460e-01 4.428310e-01 2.555735e+00
-2.882090e-01 2.483580e-01 2.777373e+00
-4.893680e-01 2.049500e-02 2.647702e+00
-8.731900e-02 3.188500e-02 2.609709e+00
-2.762200e-01 1.822800e-02 2.754618e+00
-5.422880e-01 8.869800e-02 2.685460e+00
-4.198200e-02 1.263450e-01 2.660228e+00
-5.145200e-01 -2.046600e-01 2.622395e+00
-3.209500e-02 -1.663080e-01 2.589064e+00
-4.883560e-01 -2.657510e-01 2.609848e+00
-5.650900e-02 -2.216040e-01 2.558728e+00
-3.367630e-01 -5.104000e-01 2.608819e+00
-1.420690e-01 -4.641710e-01 2.441659e+00
-2.887410e-01 -9.254530e-01 2.701604e+00
-1.048180e-01 -8.871100e-01 2.495687e+00
-2.947740e-01 -9.613810e-01 2.544010e+00
-9.919200e-02 -9.071060e-01 2.335276e+00
-3.186110e-01 6.934000e-01 2.600227e+00
-4.779570e-01 3.776270e-01 2.711382e+00
-1.280270e-01 4.045920e-01 2.658028e+00
-3.277160e-01 4.518450e-01 2.553246e+00
-2.796670e-01 2.500260e-01 2.766383e+00
-4.851380e-01 1.771500e-02 2.643597e+00
-8.591900e-02 3.416700e-02 2.583850e+00
-2.664610e-01 1.721200e-02 2.738723e+00
-5.334870e-01 9.641100e-02 2.663520e+00
-3.836400e-02 1.281880e-01 2.653793e+00
-5.102290e-01 -2.020190e-01 2.621933e+00
-3.075500e-02 -1.625150e-01 2.571543e+00
-4.879520e-01 -2.654590e-01 2.614641e+00
-5.712200e-02 -2.218970e-01 2.552764e+00
-3.291000e-01 -5.120560e-01 2.616117e+00
-1.292830e-01 -4.881220e-01 2.496538e+00
-2.888930e-01 -9.289570e-01 2.704212e+00
-8.581400e-02 -9.000250e-01 2.604384e+00
-3.063830e-01 -9.638150e-01 2.547234e+00
-8.659200e-02 -9.410700e-01 2.447931e+00
-3.163810e-01 6.948630e-01 2.588988e+00
-4.779370e-01 3.818890e-01 2.700761e+00
-1.276500e-01 4.017010e-01 2.646621e+00
-3.266320e-01 4.470450e-01 2.539673e+00
-2.814370e-01 2.541200e-01 2.761492e+00
-4.820180e-01 1.437200e-02 2.637298e+00
-8.279600e-02 3.069900e-02 2.577538e+00
-2.633010e-01 1.250000e-02 2.732313e+00
-5.319450e-01 9.970000e-02 2.661824e+00
-3.311200e-02 1.276510e-01 2.651459e+00
-4.968750e-01 -1.940570e-01 2.603660e+00
-2.591400e-02 -1.615070e-01 2.566362e+00
-4.931240e-01 -2.613720e-01 2.598300e+00
-5.220300e-02 -2.227450e-01 2.554837e+00
-3.231450e-01 -5.151960e-01 2.617155e+00
-1.193100e-01 -4.988000e-01 2.533796e+00
-2.877180e-01 -9.333460e-01 2.701295e+00
-7.865600e-02 -9.095350e-01 2.647060e+00
-3.052190e-01 -9.664900e-01 2.543948e+00
-8.169000e-02 -9.528050e-01 2.491234e+00
-3.093920e-01 7.012920e-01 2.589657e+00
-4.679210e-01 3.708670e-01 2.695206e+00
-1.185820e-01 4.038790e-01 2.641374e+00
-3.191450e-01 4.453720e-01 2.535824e+00
-2.671460e-01 2.481830e-01 2.752341e+00
-4.760960e-01 1.233800e-02 2.627766e+00
-7.662000e-02 2.520300e-02 2.568859e+00
-2.576640e-01 1.125700e-02 2.723447e+00
-5.251860e-01 9.031000e-02 2.650322e+00
-2.983200e-02 1.279670e-01 2.642789e+00
-4.951340e-01 -2.056030e-01 2.601575e+00
-1.608100e-02 -1.654790e-01 2.575381e+00
-4.680520e-01 -2.623220e-01 2.576605e+00
-4.532300e-02 -2.256820e-01 2.565653e+00
-3.183140e-01 -5.181600e-01 2.622479e+00
-1.071730e-01 -5.059220e-01 2.582609e+00
-2.863020e-01 -9.357660e-01 2.710594e+00
-7.492700e-02 -9.211030e-01 2.681446e+00
-3.034600e-01 -9.702300e-01 2.553492e+00
-8.421100e-02 -9.591830e-01 2.524517e+00
-3.004830e-01 6.982440e-01 2.589867e+00
-4.505340e-01 3.781680e-01 2.678443e+00
-9.908100e-02 4.046140e-01 2.635939e+00
-2.953260e-01 4.502790e-01 2.524177e+00
-2.540800e-01 2.514710e-01 2.741526e+00
-4.600610e-01 1.243700e-02 2.617290e+00
-5.922200e-02 2.942200e-02 2.569799e+00
-2.443960e-01 1.209900e-02 2.719060e+00
-5.088480e-01 9.554800e-02 2.643701e+00
-1.205600e-02 1.274080e-01 2.643984e+00
-4.811500e-01 -1.993310e-01 2.583395e+00
-3.483000e-03 -1.676580e-01 2.579021e+00
-4.451330e-01 -2.479120e-01 2.553119e+00
-2.920500e-02 -2.301900e-01 2.580501e+00
-3.113870e-01 -5.169290e-01 2.625872e+00
-9.732100e-02 -5.019130e-01 2.626841e+00
-2.871740e-01 -9.347090e-01 2.715636e+00
-7.184300e-02 -9.200370e-01 2.714631e+00
-3.036880e-01 -9.694240e-01 2.558521e+00
-8.395800e-02 -9.538870e-01 2.556927e+00
-2.922630e-01 7.045070e-01 2.586681e+00
-4.402210e-01 3.802380e-01 2.678500e+00
-8.954600e-02 4.089790e-01 2.631321e+00
-2.875660e-01 4.538650e-01 2.522412e+00
-2.421650e-01 2.545050e-01 2.738423e+00
-4.474070e-01 1.998400e-02 2.626190e+00
-4.862300e-02 2.990900e-02 2.562246e+00
-2.278110e-01 1.806600e-02 2.719154e+00
-5.005570e-01 9.857700e-02 2.637711e+00
2.170000e-04 1.326030e-01 2.645335e+00
-4.650870e-01 -1.963340e-01 2.580301e+00
1.084600e-02 -1.643210e-01 2.588328e+00
-4.404960e-01 -2.533340e-01 2.553461e+00
-1.836200e-02 -2.205870e-01 2.564769e+00
-3.051010e-01 -5.122410e-01 2.623250e+00
-9.605700e-02 -4.987890e-01 2.641912e+00
-2.831010e-01 -9.298490e-01 2.714377e+00
-6.960200e-02 -9.189270e-01 2.719164e+00
-3.058450e-01 -9.651330e-01 2.558170e+00
-9.185500e-02 -9.492550e-01 2.561849e+00
-2.824870e-01 7.062240e-01 2.581062e+00
-4.284870e-01 3.854550e-01 2.639133e+00
-7.445500e-02 4.116250e-01 2.640114e+00
-2.547740e-01 4.484070e-01 2.501479e+00
-2.418360e-01 2.646200e-01 2.734977e+00
-4.345930e-01 1.919100e-02 2.590437e+00
-3.078800e-02 3.115200e-02 2.594280e+00
-2.337160e-01 1.912900e-02 2.718956e+00
-4.909980e-01 1.015140e-01 2.632539e+00
1.096200e-02 1.337290e-01 2.647275e+00
-4.532650e-01 -1.916260e-01 2.568490e+00
1.691700e-02 -1.647930e-01 2.599250e+00
-4.284050e-01 -2.537430e-01 2.578365e+00
-1.235600e-02 -2.250370e-01 2.589879e+00
-2.961530e-01 -5.106890e-01 2.635792e+00
-8.743400e-02 -5.001310e-01 2.650213e+00
-2.799270e-01 -9.288570e-01 2.725546e+00
-7.128300e-02 -9.211850e-01 2.725290e+00
-2.774320e-01 -9.627050e-01 2.567397e+00
-6.621500e-02 -9.493760e-01 2.566096e+00
-2.597850e-01 7.166320e-01 2.582378e+00
-4.117150e-01 3.911410e-01 2.635935e+00
-5.719200e-02 4.088720e-01 2.640853e+00
-2.352000e-01 4.529500e-01 2.501360e+00
-2.289260e-01 2.638410e-01 2.730850e+00
-4.169460e-01 2.555300e-02 2.592724e+00
-1.306400e-02 3.292200e-02 2.586268e+00
-2.129310e-01 2.659500e-02 2.716197e+00
-4.730830e-01 1.067370e-01 2.628098e+00
2.661300e-02 1.302890e-01 2.649883e+00
-4.354530e-01 -1.846300e-01 2.555309e+00
3.291400e-02 -1.704550e-01 2.616383e+00
-4.106920e-01 -2.473260e-01 2.549808e+00
3.620000e-04 -2.274330e-01 2.600016e+00
-2.919660e-01 -5.053930e-01 2.642766e+00
-7.603200e-02 -4.970320e-01 2.652840e+00
-2.843030e-01 -9.218690e-01 2.741119e+00
-7.443700e-02 -9.186950e-01 2.726199e+00
-2.866600e-01 -9.590810e-01 2.583725e+00
-7.331700e-02 -9.464140e-01 2.566846e+00
-2.399310e-01 7.147040e-01 2.568381e+00
-3.978210e-01 3.937510e-01 2.632515e+00
-4.373200e-02 4.137520e-01 2.648207e+00
-2.181190e-01 4.623720e-01 2.505683e+00
-2.167240e-01 2.638810e-01 2.727192e+00
-4.096210e-01 2.493800e-02 2.588667e+00
-6.611000e-03 5.318100e-02 2.589787e+00
-2.082600e-01 3.609600e-02 2.715938e+00
-4.637990e-01 1.105240e-01 2.628327e+00
3.369900e-02 1.334100e-01 2.649332e+00
-4.244240e-01 -1.804990e-01 2.556020e+00
3.903600e-02 -1.680800e-01 2.625923e+00
-4.024570e-01 -2.444610e-01 2.556703e+00
9.310000e-03 -2.285950e-01 2.620595e+00
-2.881870e-01 -4.984280e-01 2.648821e+00
-7.269800e-02 -4.837520e-01 2.654794e+00
-2.827650e-01 -9.165830e-01 2.739930e+00
-6.486100e-02 -9.014690e-01 2.747719e+00
-2.814080e-01 -9.510000e-01 2.581890e+00
-5.977800e-02 -9.364850e-01 2.589887e+00
-2.201820e-01 7.143520e-01 2.562076e+00
-3.892810e-01 3.962820e-01 2.633181e+00
-3.479800e-02 4.123100e-01 2.643668e+00
-2.107560e-01 4.637850e-01 2.504108e+00
-2.082270e-01 2.638100e-01 2.724268e+00
-3.990390e-01 2.643000e-02 2.584266e+00
4.653000e-03 3.888500e-02 2.593949e+00
-2.002030e-01 3.171400e-02 2.715814e+00
-4.521060e-01 1.132180e-01 2.630387e+00
4.363300e-02 1.332460e-01 2.650867e+00
-4.173530e-01 -1.761960e-01 2.553213e+00
4.771500e-02 -1.673870e-01 2.627908e+00
-3.857360e-01 -2.316500e-01 2.530870e+00
1.770400e-02 -2.279480e-01 2.625507e+00
-2.881950e-01 -5.014550e-01 2.650421e+00
-6.655700e-02 -4.913700e-01 2.671244e+00
-2.805620e-01 -9.197160e-01 2.740887e+00
-6.304900e-02 -9.120480e-01 2.750000e+00
-2.771380e-01 -9.538430e-01 2.582816e+00
-5.655300e-02 -9.417360e-01 2.591130e+00
-2.158220e-01 7.143250e-01 2.558527e+00
-3.746290e-01 3.996450e-01 2.621446e+00
-2.083100e-02 4.132380e-01 2.647278e+00
-1.900450e-01 4.633660e-01 2.499150e+00
-1.988590e-01 2.675830e-01 2.722887e+00
-3.907750e-01 3.469900e-02 2.576304e+00
1.228300e-02 3.724700e-02 2.603760e+00
-1.978500e-01 3.460200e-02 2.716478e+00
-4.450590e-01 1.187330e-01 2.634169e+00
5.552800e-02 1.335970e-01 2.649363e+00
-4.114230e-01 -1.715890e-01 2.560303e+00
5.409000e-02 -1.670600e-01 2.627509e+00
-3.961460e-01 -2.364180e-01 2.548564e+00
2.121200e-02 -2.252350e-01 2.617082e+00
-2.889150e-01 -4.954780e-01 2.650898e+00
-6.463800e-02 -4.907340e-01 2.673651e+00
-2.812600e-01 -9.131090e-01 2.744223e+00
-5.853900e-02 -9.115240e-01 2.751642e+00
-2.718190e-01 -9.481590e-01 2.586599e+00
-4.607800e-02 -9.407390e-01 2.593041e+00
-2.057180e-01 7.154250e-01 2.550730e+00
