-4.347040e-01 2.219850e-01 2.534106e+00
-2.551390e-01 2.301570e-01 2.524639e+00
-7.557400e-02 2.383290e-01 2.515172e+00
-1.688700e-01 2.585590e-01 2.474258e+00
-2.621660e-01 2.787890e-01 2.433343e+00
-2.533650e-01 1.881330e-01 2.522013e+00
-2.445640e-01 9.747700e-02 2.610684e+00
-3.500600e-01 -1.504750e-02 2.554759e+00
-4.555560e-01 -1.275720e-01 2.498834e+00
-2.417300e-01 -1.159680e-01 2.499764e+00
-2.790400e-02 -1.043640e-01 2.500695e+00
-1.354540e-01 -1.032370e-01 2.560225e+00
-2.430040e-01 -1.021100e-01 2.619755e+00
-3.717445e-01 -7.538350e-02 2.576195e+00
-5.004850e-01 -4.865700e-02 2.532636e+00
-2.444575e-01 -3.670650e-02 2.537765e+00
1.157000e-02 -2.475600e-02 2.542894e+00
-2.410930e-01 -1.814525e-01 2.509831e+00
-4.937560e-01 -3.381490e-01 2.476768e+00
-2.305605e-01 -3.229930e-01 2.469851e+00
3.263500e-02 -3.078370e-01 2.462934e+00
-2.277610e-01 -3.571420e-01 2.467382e+00
-4.881570e-01 -4.064470e-01 2.471829e+00
-2.332380e-01 -3.900290e-01 2.475662e+00
2.168100e-02 -3.736110e-01 2.479494e+00
-1.625700e-01 -4.981145e-01 2.516402e+00
-3.468210e-01 -6.226180e-01 2.553310e+00
-2.326910e-01 -6.181620e-01 2.546348e+00
-1.185610e-01 -6.137060e-01 2.539387e+00
-2.371205e-01 -8.134300e-01 2.578826e+00
-3.556800e-01 -1.013154e+00 2.618266e+00
-2.438020e-01 -1.005597e+00 2.626065e+00
-1.319240e-01 -9.980390e-01 2.633863e+00
-2.432810e-01 -1.019328e+00 2.543577e+00
-3.546380e-01 -1.040617e+00 2.453290e+00
-2.401360e-01 -1.039379e+00 2.462452e+00
-1.256340e-01 -1.038141e+00 2.471614e+00
-1.950180e-01 -2.596120e-01 2.436175e+00
-2.644020e-01 5.189170e-01 2.400736e+00
-3.506380e-01 3.703120e-01 2.467316e+00
-4.368740e-01 2.217070e-01 2.533895e+00
-2.572125e-01 2.290250e-01 2.525641e+00
-7.755100e-02 2.363430e-01 2.517386e+00
-1.704680e-01 2.568255e-01 2.475742e+00
-2.633850e-01 2.773080e-01 2.434098e+00
-2.556120e-01 1.869825e-01 2.523200e+00
-2.478390e-01 9.665700e-02 2.612303e+00
-3.534760e-01 -1.562100e-02 2.557189e+00
-4.591130e-01 -1.278990e-01 2.502076e+00
-2.453490e-01 -1.152105e-01 2.501103e+00
-3.158500e-02 -1.025220e-01 2.500129e+00
-1.385925e-01 -1.021460e-01 2.560638e+00
-2.456000e-01 -1.017700e-01 2.621147e+00
-3.743335e-01 -7.560300e-02 2.577580e+00
-5.030670e-01 -4.943600e-02 2.534013e+00
-2.457890e-01 -3.767400e-02 2.542976e+00
1.148900e-02 -2.591200e-02 2.551939e+00
-2.413385e-01 -1.820910e-01 2.512033e+00
-4.941660e-01 -3.382700e-01 2.472126e+00
-2.341655e-01 -3.207540e-01 2.461489e+00
2.583500e-02 -3.032380e-01 2.450852e+00
-2.303290e-01 -3.521740e-01 2.474837e+00
-4.864930e-01 -4.011100e-01 2.498822e+00
-2.277165e-01 -3.860060e-01 2.480194e+00
3.106000e-02 -3.709020e-01 2.461565e+00
-1.583015e-01 -4.968200e-01 2.506865e+00
-3.476630e-01 -6.227380e-01 2.552165e+00
-2.342500e-01 -6.175780e-01 2.545953e+00
-1.208370e-01 -6.124180e-01 2.539740e+00
-2.382850e-01 -8.129570e-01 2.577809e+00
-3.557330e-01 -1.013496e+00 2.615877e+00
-2.458140e-01 -1.004023e+00 2.629200e+00
-1.358950e-01 -9.945500e-01 2.642523e+00
-2.460015e-01 -1.017476e+00 2.546665e+00
-3.561080e-01 -1.040402e+00 2.450806e+00
-2.431220e-01 -1.039290e+00 2.465986e+00
-1.301360e-01 -1.038177e+00 2.481166e+00
-1.983565e-01 -2.612650e-01 2.439324e+00
-2.665770e-01 5.156470e-01 2.397482e+00
-3.525090e-01 3.679520e-01 2.465179e+00
-4.384410e-01 2.202570e-01 2.532875e+00
-2.589230e-01 2.312255e-01 2.525597e+00
-7.940500e-02 2.421940e-01 2.518320e+00
-1.724785e-01 2.604730e-01 2.476006e+00
-2.655520e-01 2.787520e-01 2.433692e+00
-2.564420e-01 1.892095e-01 2.523455e+00
-2.473320e-01 9.966700e-02 2.613219e+00
-3.516170e-01 -1.319300e-02 2.561288e+00
-4.559020e-01 -1.260530e-01 2.509357e+00
-2.421415e-01 -1.134585e-01 2.507188e+00
-2.838100e-02 -1.008640e-01 2.505020e+00
-1.349900e-01 -1.014080e-01 2.566226e+00
-2.415990e-01 -1.019520e-01 2.627433e+00
-3.714870e-01 -7.692950e-02 2.582581e+00
-5.013750e-01 -5.190700e-02 2.537729e+00
-2.448245e-01 -3.639950e-02 2.539626e+00
1.172600e-02 -2.089200e-02 2.541523e+00
-2.406195e-01 -1.799610e-01 2.504270e+00
-4.929650e-01 -3.390300e-01 2.467017e+00
-2.359540e-01 -3.188685e-01 2.453669e+00
2.105700e-02 -2.987070e-01 2.440321e+00
-2.357170e-01 -3.524215e-01 2.461035e+00
-4.924910e-01 -4.061360e-01 2.481749e+00
-2.340085e-01 -3.864730e-01 2.465240e+00
2.447400e-02 -3.668100e-01 2.448731e+00
-1.638105e-01 -4.940605e-01 2.499551e+00
-3.520950e-01 -6.213110e-01 2.550372e+00
-2.358655e-01 -6.161610e-01 2.546697e+00
-1.196360e-01 -6.110110e-01 2.543022e+00
-2.362170e-01 -8.117320e-01 2.577614e+00
-3.527980e-01 -1.012453e+00 2.612205e+00
-2.455725e-01 -1.002349e+00 2.630356e+00
-1.383470e-01 -9.922440e-01 2.648507e+00
-2.468165e-01 -1.015402e+00 2.547766e+00
-3.552860e-01 -1.038561e+00 2.447024e+00
-2.442655e-01 -1.037809e+00 2.467239e+00
-1.332450e-01 -1.037057e+00 2.487453e+00
-2.018460e-01 -2.593370e-01 2.444977e+00
-2.704470e-01 5.183830e-01 2.402500e+00
-3.561430e-01 3.710260e-01 2.468819e+00
-4.418390e-01 2.236690e-01 2.535138e+00
-2.625110e-01 2.343255e-01 2.523826e+00
-8.318300e-02 2.449820e-01 2.512513e+00
-1.771395e-01 2.629310e-01 2.472049e+00
-2.710960e-01 2.808800e-01 2.431585e+00
-2.601230e-01 1.922860e-01 2.522079e+00
-2.491500e-01 1.036920e-01 2.612572e+00
-3.530930e-01 -8.805000e-03 2.564757e+00
-4.570360e-01 -1.213020e-01 2.516942e+00
-2.431820e-01 -1.119010e-01 2.511038e+00
-2.932800e-02 -1.025000e-01 2.505135e+00
-1.348600e-01 -1.012005e-01 2.568169e+00
-2.403920e-01 -9.990100e-02 2.631203e+00
-3.713120e-01 -7.447050e-02 2.587394e+00
-5.022320e-01 -4.904000e-02 2.543585e+00
-2.460885e-01 -3.326250e-02 2.539300e+00
1.005500e-02 -1.748500e-02 2.535016e+00
-2.427105e-01 -1.762610e-01 2.501531e+00
-4.954760e-01 -3.350370e-01 2.468046e+00
-2.353395e-01 -3.150990e-01 2.450972e+00
2.479700e-02 -2.951610e-01 2.433898e+00
-2.380855e-01 -3.489950e-01 2.446114e+00
-5.009680e-01 -4.028290e-01 2.458329e+00
-2.436490e-01 -3.828380e-01 2.444163e+00
1.367000e-02 -3.628470e-01 2.429996e+00
-1.716035e-01 -4.912135e-01 2.482723e+00
-3.568770e-01 -6.195800e-01 2.535450e+00
-2.402860e-01 -6.151720e-01 2.541851e+00
-1.236950e-01 -6.107640e-01 2.548253e+00
-2.414315e-01 -8.095505e-01 2.579530e+00
-3.591680e-01 -1.008337e+00 2.610806e+00
-2.454245e-01 -1.002566e+00 2.623495e+00
-1.316810e-01 -9.967950e-01 2.636185e+00
-2.492860e-01 -1.018441e+00 2.541482e+00
-3.668910e-01 -1.040086e+00 2.446779e+00
-2.494820e-01 -1.037009e+00 2.459945e+00
-1.320730e-01 -1.033933e+00 2.473111e+00
-2.020845e-01 -2.572325e-01 2.434330e+00
-2.720960e-01 5.194680e-01 2.395549e+00
-3.645110e-01 3.698160e-01 2.466637e+00
-4.569260e-01 2.201640e-01 2.537725e+00
-2.780840e-01 2.326705e-01 2.521631e+00
-9.924200e-02 2.451770e-01 2.505537e+00
-1.943945e-01 2.609455e-01 2.467005e+00
-2.895470e-01 2.767140e-01 2.428474e+00
-2.752095e-01 1.906310e-01 2.520900e+00
-2.608720e-01 1.045480e-01 2.613327e+00
-3.619535e-01 -7.316000e-03 2.573571e+00
-4.630350e-01 -1.191800e-01 2.533815e+00
-2.498515e-01 -1.122495e-01 2.514795e+00
-3.666800e-02 -1.053190e-01 2.495775e+00
-1.381185e-01 -1.026405e-01 2.565149e+00
-2.395690e-01 -9.996200e-02 2.634522e+00
-3.744625e-01 -7.587800e-02 2.601239e+00
-5.093560e-01 -5.179400e-02 2.567955e+00
-2.540225e-01 -3.302700e-02 2.543921e+00
1.311000e-03 -1.426000e-02 2.519886e+00
-2.522280e-01 -1.706205e-01 2.490807e+00
-5.057670e-01 -3.269810e-01 2.461727e+00
-2.432785e-01 -3.107010e-01 2.445491e+00
1.921000e-02 -2.944210e-01 2.429255e+00
-2.424445e-01 -3.426880e-01 2.432991e+00
-5.040990e-01 -3.909550e-01 2.436728e+00
-2.461515e-01 -3.760190e-01 2.425548e+00
1.179600e-02 -3.610830e-01 2.414368e+00
-1.758970e-01 -4.900995e-01 2.469014e+00
-3.635900e-01 -6.191160e-01 2.523660e+00
-2.447965e-01 -6.153485e-01 2.536604e+00
-1.260030e-01 -6.115810e-01 2.549548e+00
-2.426820e-01 -8.084000e-01 2.580544e+00
-3.593610e-01 -1.005219e+00 2.611539e+00
-2.458010e-01 -1.000636e+00 2.627869e+00
-1.322410e-01 -9.960520e-01 2.644199e+00
-2.555620e-01 -1.019169e+00 2.546910e+00
-3.788830e-01 -1.042286e+00 2.449621e+00
-2.603125e-01 -1.039054e+00 2.465822e+00
-1.417420e-01 -1.035823e+00 2.482024e+00
-2.126830e-01 -2.563530e-01 2.443982e+00
-2.836240e-01 5.231170e-01 2.405939e+00
-3.756140e-01 3.703150e-01 2.480409e+00
-4.676040e-01 2.175130e-01 2.554878e+00
-2.900545e-01 2.304430e-01 2.528250e+00
-1.125050e-01 2.433730e-01 2.501623e+00
-2.098030e-01 2.601215e-01 2.469375e+00
-3.071010e-01 2.768700e-01 2.437128e+00
-2.872930e-01 1.884365e-01 2.526266e+00
-2.674850e-01 1.000030e-01 2.615404e+00
-3.745940e-01 -1.381600e-02 2.575524e+00
-4.817030e-01 -1.276350e-01 2.535644e+00
-2.694420e-01 -1.138900e-01 2.510884e+00
-5.718100e-02 -1.001450e-01 2.486124e+00
-1.568045e-01 -1.000660e-01 2.558146e+00
-2.564280e-01 -9.998700e-02 2.630168e+00
-3.901220e-01 -7.701250e-02 2.603604e+00
-5.238160e-01 -5.403800e-02 2.577039e+00
-2.696170e-01 -3.541450e-02 2.547689e+00
-1.541800e-02 -1.679100e-02 2.518338e+00
-2.729005e-01 -1.740015e-01 2.497954e+00
-5.303830e-01 -3.312120e-01 2.477571e+00
-2.559955e-01 -3.123160e-01 2.450266e+00
1.839200e-02 -2.934200e-01 2.422962e+00
-2.452810e-01 -3.439885e-01 2.458151e+00
-5.089540e-01 -3.945570e-01 2.493340e+00
-2.532255e-01 -3.770075e-01 2.463320e+00
2.503000e-03 -3.594580e-01 2.433299e+00
-1.828860e-01 -4.917170e-01 2.478631e+00
-3.682750e-01 -6.239760e-01 2.523963e+00
-2.517670e-01 -6.168065e-01 2.533010e+00
-1.352590e-01 -6.096370e-01 2.542056e+00
-2.483415e-01 -8.098720e-01 2.576804e+00
-3.614240e-01 -1.010107e+00 2.611553e+00
-2.472770e-01 -1.001171e+00 2.627869e+00
-1.331300e-01 -9.922350e-01 2.644185e+00
-2.581670e-01 -1.019697e+00 2.547052e+00
-3.832040e-01 -1.047158e+00 2.449920e+00
-2.643065e-01 -1.041238e+00 2.466483e+00
-1.454090e-01 -1.035317e+00 2.483046e+00
-2.233720e-01 -2.575575e-01 2.447477e+00
-3.013350e-01 5.202020e-01 2.411908e+00
-3.961850e-01 3.675570e-01 2.490683e+00
-4.910350e-01 2.149120e-01 2.569457e+00
-3.140145e-01 2.295175e-01 2.540295e+00
-1.369940e-01 2.441230e-01 2.511133e+00
-2.348935e-01 2.609495e-01 2.480804e+00
-3.327930e-01 2.777760e-01 2.450474e+00
-3.110370e-01 1.875815e-01 2.537365e+00
-2.892810e-01 9.738700e-02 2.624256e+00
-3.962095e-01 -1.548350e-02 2.584585e+00
-5.031380e-01 -1.283540e-01 2.544914e+00
-2.918150e-01 -1.131295e-01 2.513805e+00
-8.049200e-02 -9.790500e-02 2.482696e+00
-1.777665e-01 -1.001970e-01 2.557825e+00
-2.750410e-01 -1.024890e-01 2.632955e+00
-4.096085e-01 -7.884900e-02 2.618598e+00
-5.441760e-01 -5.520900e-02 2.604241e+00
-2.906150e-01 -3.490100e-02 2.562072e+00
-3.705400e-02 -1.459300e-02 2.519903e+00
-2.988535e-01 -1.749495e-01 2.518488e+00
-5.606530e-01 -3.353060e-01 2.517073e+00
-2.732675e-01 -3.098325e-01 2.466209e+00
1.411800e-02 -2.843590e-01 2.415346e+00
-2.741410e-01 -3.429725e-01 2.457205e+00
-5.624000e-01 -4.015860e-01 2.499064e+00
-2.754200e-01 -3.772860e-01 2.458233e+00
1.156000e-02 -3.529860e-01 2.417403e+00
-1.869350e-01 -4.885975e-01 2.476439e+00
-3.854300e-01 -6.242090e-01 2.535475e+00
-2.645500e-01 -6.154980e-01 2.503431e+00
-1.436700e-01 -6.067870e-01 2.471387e+00
-2.515530e-01 -8.093865e-01 2.541408e+00
-3.594360e-01 -1.011986e+00 2.611429e+00
-2.499555e-01 -9.962935e-01 2.606733e+00
-1.404750e-01 -9.806010e-01 2.602036e+00
-2.635060e-01 -1.013030e+00 2.525928e+00
-3.865370e-01 -1.045458e+00 2.449820e+00
-2.653850e-01 -1.040627e+00 2.447011e+00
-1.442330e-01 -1.035797e+00 2.444202e+00
-2.357795e-01 -2.572155e-01 2.441179e+00
-3.273260e-01 5.213660e-01 2.438156e+00
-4.181755e-01 3.642880e-01 2.508158e+00
-5.090250e-01 2.072100e-01 2.578159e+00
-3.318140e-01 2.227525e-01 2.550689e+00
-1.546030e-01 2.382950e-01 2.523219e+00
-2.522970e-01 2.549270e-01 2.492129e+00
-3.499910e-01 2.715590e-01 2.461040e+00
-3.286340e-01 1.808505e-01 2.547494e+00
-3.072770e-01 9.014200e-02 2.633948e+00
-4.107265e-01 -2.082400e-02 2.585557e+00
-5.141760e-01 -1.317900e-01 2.537166e+00
-3.013840e-01 -1.169775e-01 2.518273e+00
-8.859200e-02 -1.021650e-01 2.499380e+00
-1.899035e-01 -1.059855e-01 2.568903e+00
-2.912150e-01 -1.098060e-01 2.638425e+00
-4.263720e-01 -8.599700e-02 2.628716e+00
-5.615290e-01 -6.218800e-02 2.619008e+00
-3.052140e-01 -3.979300e-02 2.581697e+00
-4.889900e-02 -1.739800e-02 2.544386e+00
-3.123220e-01 -1.806780e-01 2.540682e+00
-5.757450e-01 -3.439580e-01 2.536978e+00
-2.811445e-01 -3.103005e-01 2.478978e+00
1.345600e-02 -2.766430e-01 2.420978e+00
-2.737585e-01 -3.432895e-01 2.485084e+00
-5.609730e-01 -4.099360e-01 2.549190e+00
-2.674275e-01 -3.728400e-01 2.468751e+00
2.611800e-02 -3.357440e-01 2.388311e+00
-1.817105e-01 -4.819105e-01 2.463735e+00
-3.895390e-01 -6.280770e-01 2.539160e+00
-2.715510e-01 -6.149915e-01 2.480758e+00
-1.535630e-01 -6.019060e-01 2.422357e+00
-2.545195e-01 -8.089910e-01 2.516508e+00
-3.554760e-01 -1.016076e+00 2.610660e+00
-2.601060e-01 -9.997210e-01 2.569373e+00
-1.647360e-01 -9.833660e-01 2.528087e+00
-2.687190e-01 -1.015526e+00 2.487709e+00
-3.727020e-01 -1.047686e+00 2.447330e+00
-2.642980e-01 -1.037952e+00 2.407268e+00
-1.558940e-01 -1.028217e+00 2.367206e+00
-2.504490e-01 -2.566015e-01 2.403058e+00
-3.450040e-01 5.150140e-01 2.438909e+00
-4.318750e-01 3.647895e-01 2.508892e+00
-5.187460e-01 2.145650e-01 2.578874e+00
-3.403895e-01 2.249630e-01 2.556947e+00
-1.620330e-01 2.353610e-01 2.535019e+00
-2.582005e-01 2.519915e-01 2.499485e+00
-3.543680e-01 2.686220e-01 2.463952e+00
-3.380080e-01 1.828910e-01 2.556369e+00
-3.216480e-01 9.716000e-02 2.648787e+00
-4.189425e-01 -1.790550e-02 2.605676e+00
-5.162370e-01 -1.329710e-01 2.562565e+00
-3.049040e-01 -1.180290e-01 2.531389e+00
-9.357100e-02 -1.030870e-01 2.500213e+00
-1.904440e-01 -1.102605e-01 2.575554e+00
-2.873170e-01 -1.174340e-01 2.650895e+00
-4.294345e-01 -8.625650e-02 2.632320e+00
-5.715520e-01 -5.507900e-02 2.613744e+00
-3.117765e-01 -3.505350e-02 2.596235e+00
-5.200100e-02 -1.502800e-02 2.578725e+00
-3.232010e-01 -1.776520e-01 2.564050e+00
-5.944010e-01 -3.402760e-01 2.549376e+00
-2.920795e-01 -3.040590e-01 2.496571e+00
1.024200e-02 -2.678420e-01 2.443766e+00
-2.946855e-01 -3.375590e-01 2.489426e+00
-5.996130e-01 -4.072760e-01 2.535085e+00
-2.966655e-01 -3.635610e-01 2.467063e+00
6.282000e-03 -3.198460e-01 2.399041e+00
-1.905510e-01 -4.746035e-01 2.471178e+00
-3.873840e-01 -6.293610e-01 2.543314e+00
-2.832320e-01 -6.107400e-01 2.461898e+00
-1.790800e-01 -5.921190e-01 2.380481e+00
-2.735580e-01 -8.055840e-01 2.495753e+00
-3.680360e-01 -1.019049e+00 2.611024e+00
-2.752305e-01 -1.003011e+00 2.480802e+00
-1.824250e-01 -9.869740e-01 2.350580e+00
-2.875125e-01 -1.017764e+00 2.399410e+00
-3.926000e-01 -1.048553e+00 2.448240e+00
-2.962825e-01 -1.011410e+00 2.316490e+00
-1.999650e-01 -9.742670e-01 2.184739e+00
-2.739925e-01 -2.305340e-01 2.307838e+00
-3.480200e-01 5.131990e-01 2.430937e+00
-4.384725e-01 3.622865e-01 2.505002e+00
-5.289250e-01 2.113740e-01 2.579067e+00
-3.495385e-01 2.211630e-01 2.567905e+00
-1.701520e-01 2.309520e-01 2.556742e+00
-2.638845e-01 2.454495e-01 2.514417e+00
-3.576170e-01 2.599470e-01 2.472093e+00
-3.471360e-01 1.791240e-01 2.569644e+00
-3.366550e-01 9.830100e-02 2.667195e+00
-4.316085e-01 -1.735800e-02 2.622285e+00
-5.265620e-01 -1.330170e-01 2.577376e+00
-3.145625e-01 -1.197850e-01 2.550207e+00
-1.025630e-01 -1.065530e-01 2.523039e+00
-2.007145e-01 -1.161000e-01 2.596437e+00
-2.988660e-01 -1.256470e-01 2.669835e+00
-4.436100e-01 -9.194350e-02 2.634276e+00
-5.883540e-01 -5.824000e-02 2.598718e+00
-3.301790e-01 -3.698150e-02 2.616872e+00
-7.200400e-02 -1.572300e-02 2.635026e+00
-3.401980e-01 -1.798620e-01 2.585940e+00
-6.083920e-01 -3.440010e-01 2.536855e+00
-3.065280e-01 -3.049960e-01 2.517532e+00
-4.664000e-03 -2.659910e-01 2.498210e+00
-3.129705e-01 -3.386970e-01 2.519223e+00
-6.212770e-01 -4.114030e-01 2.540236e+00
-3.190140e-01 -3.722030e-01 2.514646e+00
-1.675100e-02 -3.330030e-01 2.489056e+00
-1.968775e-01 -4.812435e-01 2.518325e+00
-3.770040e-01 -6.294840e-01 2.547593e+00
-2.859985e-01 -5.824555e-01 2.417573e+00
-1.949930e-01 -5.354270e-01 2.287552e+00
-2.835800e-01 -7.773230e-01 2.452570e+00
-3.721670e-01 -1.019219e+00 2.617587e+00
-2.963470e-01 -9.444050e-01 2.347097e+00
-2.205270e-01 -8.695910e-01 2.076606e+00
-3.048710e-01 -9.592125e-01 2.265236e+00
-3.892150e-01 -1.048834e+00 2.453865e+00
-3.142625e-01 -9.143435e-01 2.195295e+00
-2.393100e-01 -7.798530e-01 1.936724e+00
-2.965760e-01 -1.417445e-01 2.180994e+00
-3.538420e-01 4.963640e-01 2.425263e+00
-4.420735e-01 3.533495e-01 2.504323e+00
-5.303050e-01 2.103350e-01 2.583383e+00
-3.507860e-01 2.189740e-01 2.573467e+00
-1.712670e-01 2.276130e-01 2.563551e+00
-2.646065e-01 2.426350e-01 2.520546e+00
-3.579460e-01 2.576570e-01 2.477541e+00
-3.486620e-01 1.769235e-01 2.575287e+00
-3.393780e-01 9.619000e-02 2.673033e+00
-4.367485e-01 -2.075200e-02 2.627725e+00
-5.341190e-01 -1.376940e-01 2.582417e+00
-3.213425e-01 -1.236245e-01 2.562794e+00
-1.085660e-01 -1.095550e-01 2.543172e+00
-2.091940e-01 -1.199905e-01 2.613009e+00
-3.098220e-01 -1.304260e-01 2.682846e+00
-4.494690e-01 -9.519400e-02 2.641265e+00
-5.891160e-01 -5.996200e-02 2.599683e+00
-3.308140e-01 -4.004600e-02 2.619219e+00
-7.251200e-02 -2.013000e-02 2.638755e+00
-3.460395e-01 -1.795090e-01 2.576332e+00
-6.195670e-01 -3.388880e-01 2.513909e+00
-3.145040e-01 -3.122355e-01 2.522386e+00
-9.441000e-03 -2.855830e-01 2.530863e+00
-3.133315e-01 -3.464620e-01 2.519693e+00
-6.172220e-01 -4.073410e-01 2.508524e+00
-3.211815e-01 -3.774575e-01 2.507133e+00
-2.514100e-02 -3.475740e-01 2.505742e+00
-2.049245e-01 -4.903340e-01 2.522742e+00
-3.847080e-01 -6.330940e-01 2.539743e+00
-2.917615e-01 -5.566195e-01 2.390802e+00
-1.988150e-01 -4.801450e-01 2.241861e+00
-2.862195e-01 -7.463050e-01 2.447305e+00
-3.736240e-01 -1.012465e+00 2.652749e+00
-3.046875e-01 -8.971445e-01 2.320379e+00
-2.357510e-01 -7.818240e-01 1.988008e+00
-3.092020e-01 -9.211040e-01 2.240387e+00
-3.826530e-01 -1.060384e+00 2.492765e+00
-3.140070e-01 -8.670075e-01 2.176797e+00
-2.453610e-01 -6.736310e-01 1.860829e+00
-2.979830e-01 -9.660300e-02 2.135629e+00
-3.506050e-01 4.804250e-01 2.410428e+00
-4.400785e-01 3.454880e-01 2.501259e+00
-5.295520e-01 2.105510e-01 2.592089e+00
-3.500080e-01 2.164960e-01 2.580750e+00
-1.704640e-01 2.224410e-01 2.569412e+00
-2.639120e-01 2.398620e-01 2.527564e+00
-3.573600e-01 2.572830e-01 2.485715e+00
-3.485550e-01 1.743880e-01 2.581680e+00
-3.397500e-01 9.149300e-02 2.677645e+00
-4.389395e-01 -2.257500e-02 2.634901e+00
-5.381290e-01 -1.366430e-01 2.592156e+00
-3.256800e-01 -1.274820e-01 2.566890e+00
-1.132310e-01 -1.183210e-01 2.541625e+00
-2.121500e-01 -1.274540e-01 2.614038e+00
-3.110690e-01 -1.365870e-01 2.686452e+00
-4.501145e-01 -9.872550e-02 2.643649e+00
-5.891600e-01 -6.086400e-02 2.600846e+00
-3.298155e-01 -4.479050e-02 2.617595e+00
-7.047100e-02 -2.871700e-02 2.634344e+00
-3.431890e-01 -1.813860e-01 2.564426e+00
-6.159070e-01 -3.340550e-01 2.494509e+00
-3.184785e-01 -3.219465e-01 2.528423e+00
-2.105000e-02 -3.098380e-01 2.562336e+00
-3.084905e-01 -3.498560e-01 2.511062e+00
-5.959310e-01 -3.898740e-01 2.459787e+00
-3.141945e-01 -3.831870e-01 2.505008e+00
-3.245800e-02 -3.765000e-01 2.550230e+00
-2.054495e-01 -5.049930e-01 2.544472e+00
-3.784410e-01 -6.334860e-01 2.538713e+00
-2.972960e-01 -5.377490e-01 2.373854e+00
-2.161510e-01 -4.420120e-01 2.208995e+00
-2.954170e-01 -7.240050e-01 2.441004e+00
-3.746830e-01 -1.005998e+00 2.673013e+00
-3.017200e-01 -8.590730e-01 2.296364e+00
-2.287570e-01 -7.121480e-01 1.919714e+00
-3.008040e-01 -8.874250e-01 2.217696e+00
-3.728510e-01 -1.062702e+00 2.515679e+00
-3.068985e-01 -8.263355e-01 2.160915e+00
-2.409460e-01 -5.899690e-01 1.806152e+00
-2.953845e-01 -6.448500e-02 2.100796e+00
-3.498230e-01 4.609990e-01 2.395440e+00
-4.363680e-01 3.408885e-01 2.498409e+00
-5.229130e-01 2.207780e-01 2.601377e+00
-3.438465e-01 2.173605e-01 2.583390e+00
-1.647800e-01 2.139430e-01 2.565403e+00
-2.586860e-01 2.361260e-01 2.526972e+00
-3.525920e-01 2.583090e-01 2.488542e+00
-3.445470e-01 1.752355e-01 2.584420e+00
-3.365020e-01 9.216200e-02 2.680297e+00
-4.393080e-01 -2.042350e-02 2.636800e+00
-5.421140e-01 -1.330090e-01 2.593303e+00
-3.300460e-01 -1.266610e-01 2.564257e+00
-1.179780e-01 -1.203130e-01 2.535211e+00
-2.157000e-01 -1.283510e-01 2.609358e+00
-3.134220e-01 -1.363890e-01 2.683506e+00
-4.525280e-01 -9.248250e-02 2.643763e+00
-5.916340e-01 -4.857600e-02 2.604019e+00
-3.326085e-01 -4.443100e-02 2.617622e+00
-7.358300e-02 -4.028600e-02 2.631224e+00
-3.343885e-01 -1.808950e-01 2.562533e+00
-5.951940e-01 -3.215040e-01 2.493843e+00
-3.147830e-01 -3.238360e-01 2.533486e+00
-3.437200e-02 -3.261680e-01 2.573130e+00
-3.204255e-01 -3.546430e-01 2.519373e+00
-6.064790e-01 -3.831180e-01 2.465616e+00
-3.267995e-01 -3.854180e-01 2.533242e+00
-4.712000e-02 -3.877180e-01 2.600868e+00
-2.074570e-01 -5.086790e-01 2.569090e+00
-3.677940e-01 -6.296400e-01 2.537312e+00
-2.970950e-01 -5.300705e-01 2.367167e+00
-2.263960e-01 -4.305010e-01 2.197022e+00
-3.001445e-01 -7.163130e-01 2.434312e+00
-3.738930e-01 -1.002125e+00 2.671602e+00
-2.985390e-01 -8.650705e-01 2.303650e+00
-2.231850e-01 -7.280160e-01 1.935697e+00
-2.908050e-01 -8.934230e-01 2.225359e+00
-3.584250e-01 -1.058830e+00 2.515021e+00
-2.962700e-01 -8.383875e-01 2.162634e+00
-2.341150e-01 -6.179450e-01 1.810248e+00
-2.855415e-01 -7.607300e-02 2.104309e+00
-3.369680e-01 4.657990e-01 2.398370e+00
-4.283745e-01 3.443080e-01 2.499341e+00
-5.197810e-01 2.228170e-01 2.600312e+00
-1.619030e-01 2.126530e-01 2.562628e+00
-3.496880e-01 2.583700e-01 2.486496e+00
-3.341330e-01 9.287500e-02 2.678859e+00
-5.379130e-01 -1.280240e-01 2.584577e+00
-1.119900e-01 -1.229290e-01 2.539953e+00
-3.123040e-01 -1.322540e-01 2.682204e+00
-5.867010e-01 -4.689700e-02 2.606143e+00
-6.849500e-02 -4.126600e-02 2.626331e+00
-5.927270e-01 -3.168190e-01 2.489008e+00
-3.756900e-02 -3.278460e-01 2.566915e+00
-5.954560e-01 -3.799030e-01 2.461927e+00
-4.493700e-02 -3.959200e-01 2.572576e+00
-3.665210e-01 -6.279280e-01 2.544346e+00
-2.127700e-01 -4.645700e-01 2.222842e+00
-3.744700e-01 -1.004739e+00 2.665864e+00
-2.232880e-01 -7.928370e-01 2.001605e+00
-3.552950e-01 -1.056100e+00 2.507854e+00
-2.258700e-01 -6.993190e-01 1.862968e+00
-3.348850e-01 4.813820e-01 2.416053e+00
-5.200560e-01 2.234080e-01 2.609513e+00
-1.648290e-01 2.150960e-01 2.551679e+00
-3.567350e-01 2.610580e-01 2.486802e+00
-3.298870e-01 9.318900e-02 2.675833e+00
-5.367820e-01 -1.304610e-01 2.590670e+00
-1.141450e-01 -1.174310e-01 2.522583e+00
-3.061660e-01 -1.269650e-01 2.675831e+00
-5.840270e-01 -4.639600e-02 2.624574e+00
-6.849200e-02 -3.819800e-02 2.612300e+00
-5.828880e-01 -3.143290e-01 2.503481e+00
-2.813600e-02 -3.220390e-01 2.547044e+00
-5.912450e-01 -3.725700e-01 2.468005e+00
-5.022900e-02 -3.863200e-01 2.557056e+00
-3.813580e-01 -6.302010e-01 2.550519e+00
-2.040100e-01 -5.187520e-01 2.266259e+00
-3.653210e-01 -1.021749e+00 2.607516e+00
-2.010130e-01 -8.857020e-01 2.117414e+00
-3.779010e-01 -1.046278e+00 2.442553e+00
-2.122170e-01 -8.230550e-01 1.962745e+00
-3.362800e-01 4.907090e-01 2.425284e+00
-5.097830e-01 2.189850e-01 2.604518e+00
-1.555660e-01 2.221600e-01 2.540328e+00
-3.498390e-01 2.639950e-01 2.479852e+00
-3.148300e-01 9.286700e-02 2.664578e+00
-5.243850e-01 -1.403550e-01 2.583829e+00
-1.066740e-01 -1.161710e-01 2.492394e+00
-2.895560e-01 -1.309760e-01 2.656050e+00
-5.689250e-01 -5.068500e-02 2.627300e+00
-6.195800e-02 -3.160600e-02 2.600151e+00
-5.885700e-01 -3.331090e-01 2.550598e+00
-1.249100e-02 -2.991840e-01 2.490666e+00
-5.929900e-01 -3.916140e-01 2.514849e+00
-2.839200e-02 -3.660230e-01 2.490297e+00
-3.845640e-01 -6.380610e-01 2.549016e+00
-1.943160e-01 -5.865140e-01 2.337555e+00
-3.631860e-01 -1.026434e+00 2.623345e+00
-1.691080e-01 -9.798000e-01 2.376365e+00
-3.962030e-01 -1.059005e+00 2.462654e+00
-1.860840e-01 -9.972170e-01 2.210893e+00
-3.380070e-01 4.996530e-01 2.429885e+00
-5.007170e-01 2.184880e-01 2.599599e+00
-1.478010e-01 2.235430e-01 2.528716e+00
-3.434070e-01 2.642910e-01 2.471908e+00
-3.039820e-01 9.346200e-02 2.656019e+00
-5.172750e-01 -1.416890e-01 2.583471e+00
-1.017430e-01 -1.072150e-01 2.485635e+00
-2.814880e-01 -1.289910e-01 2.651965e+00
-5.600500e-01 -5.054400e-02 2.628138e+00
-4.588900e-02 -3.086100e-02 2.568792e+00
-5.781590e-01 -3.335480e-01 2.553406e+00
7.610000e-04 -2.939500e-01 2.447912e+00
-5.601960e-01 -3.933230e-01 2.582124e+00
-3.032000e-02 -3.549100e-01 2.454092e+00
-3.766540e-01 -6.361990e-01 2.549024e+00
-1.794690e-01 -6.063670e-01 2.401007e+00
-3.588900e-01 -1.025857e+00 2.617336e+00
-1.447200e-01 -9.760460e-01 2.538651e+00
-3.946740e-01 -1.055650e+00 2.456699e+00
-1.596870e-01 -1.035404e+00 2.383006e+00
-3.381980e-01 5.048630e-01 2.431746e+00
-4.924850e-01 2.170030e-01 2.583511e+00
-1.374740e-01 2.285330e-01 2.524910e+00
-3.315600e-01 2.688730e-01 2.462838e+00
-2.961810e-01 9.246300e-02 2.642453e+00
-5.034110e-01 -1.382390e-01 2.566473e+00
-8.340500e-02 -1.126790e-01 2.486665e+00
-2.708850e-01 -1.250150e-01 2.645245e+00
-5.507750e-01 -5.084400e-02 2.619072e+00
-4.183400e-02 -2.468000e-02 2.580946e+00
-5.629820e-01 -3.366110e-01 2.557062e+00
1.076500e-02 -2.619020e-01 2.417801e+00
-5.707340e-01 -3.771280e-01 2.612005e+00
1.990600e-02 -3.201560e-01 2.382542e+00
-3.730640e-01 -6.358300e-01 2.548263e+00
-1.573430e-01 -6.211310e-01 2.467971e+00
-3.563140e-01 -1.025170e+00 2.618616e+00
-1.497020e-01 -9.802360e-01 2.634707e+00
-3.866740e-01 -1.055681e+00 2.456999e+00
-1.567110e-01 -1.050730e+00 2.483201e+00
-3.299040e-01 5.143950e-01 2.440103e+00
-4.801510e-01 2.186830e-01 2.550528e+00
-1.214860e-01 2.386670e-01 2.526857e+00
-3.094910e-01 2.748350e-01 2.446262e+00
-2.876660e-01 9.840400e-02 2.628002e+00
-4.921070e-01 -1.376780e-01 2.542066e+00
-6.658500e-02 -9.725400e-02 2.515159e+00
-2.720200e-01 -1.143520e-01 2.649145e+00
-5.377950e-01 -4.887600e-02 2.588535e+00
-2.336300e-02 -1.767200e-02 2.558758e+00
-5.427010e-01 -3.394800e-01 2.554951e+00
3.210600e-02 -2.442050e-01 2.382100e+00
-5.317880e-01 -3.906990e-01 2.599424e+00
1.679400e-02 -2.939790e-01 2.337284e+00
-3.555340e-01 -6.306910e-01 2.544347e+00
-1.412210e-01 -6.115720e-01 2.537046e+00
-3.595000e-01 -1.019918e+00 2.617168e+00
-1.514800e-01 -9.927130e-01 2.644012e+00
-3.683840e-01 -1.050544e+00 2.452986e+00
-1.520590e-01 -1.037891e+00 2.482980e+00
-3.162210e-01 5.143490e-01 2.410110e+00
-4.685730e-01 2.164750e-01 2.536462e+00
-1.096190e-01 2.426390e-01 2.528237e+00
-2.945070e-01 2.744760e-01 2.439063e+00
-2.776010e-01 1.005910e-01 2.623757e+00
-4.716530e-01 -1.304320e-01 2.534308e+00
-4.481100e-02 -1.010040e-01 2.515160e+00
-2.534290e-01 -1.070550e-01 2.645122e+00
-5.208720e-01 -5.121700e-02 2.579521e+00
-8.438000e-03 -1.041300e-02 2.572682e+00
-5.318950e-01 -3.409810e-01 2.542127e+00
4.610400e-02 -2.383430e-01 2.397880e+00
-5.122620e-01 -3.949200e-01 2.579882e+00
4.005200e-02 -2.805330e-01 2.343993e+00
-3.468650e-01 -6.267270e-01 2.543267e+00
-1.323780e-01 -6.126620e-01 2.549073e+00
-3.605840e-01 -1.014582e+00 2.621982e+00
-1.501980e-01 -9.960520e-01 2.646595e+00
-3.672030e-01 -1.047596e+00 2.458156e+00
-1.506430e-01 -1.037263e+00 2.484503e+00
-3.024250e-01 5.093590e-01 2.392463e+00
-4.515660e-01 2.164540e-01 2.520273e+00
-9.406500e-02 2.536410e-01 2.540519e+00
-2.723600e-01 2.812120e-01 2.437563e+00
-2.644150e-01 1.050990e-01 2.620742e+00
-4.530050e-01 -1.214900e-01 2.512212e+00
-2.576700e-02 -9.973500e-02 2.532758e+00
-2.457090e-01 -9.992800e-02 2.642640e+00
-5.050350e-01 -4.989900e-02 2.570668e+00
6.932000e-03 -1.008000e-03 2.576524e+00
-5.120400e-01 -3.357520e-01 2.508797e+00
6.417700e-02 -2.409990e-01 2.419310e+00
-4.924870e-01 -3.943100e-01 2.538947e+00
4.378700e-02 -2.894650e-01 2.375087e+00
-3.445990e-01 -6.190290e-01 2.548069e+00
-1.248580e-01 -6.100500e-01 2.551488e+00
-3.555650e-01 -1.007873e+00 2.622203e+00
-1.544520e-01 -9.933270e-01 2.646564e+00
-3.487190e-01 -1.039355e+00 2.458085e+00
-1.406090e-01 -1.034462e+00 2.485044e+00
-2.936060e-01 5.125360e-01 2.391418e+00
-4.357290e-01 2.184570e-01 2.523129e+00
-7.805100e-02 2.563100e-01 2.538406e+00
-2.579170e-01 2.843870e-01 2.438361e+00
-2.468570e-01 1.066430e-01 2.619795e+00
-4.413190e-01 -1.180150e-01 2.502633e+00
-1.478200e-02 -9.634200e-02 2.534623e+00
-2.375830e-01 -9.664500e-02 2.638585e+00
-4.904000e-01 -5.108700e-02 2.554431e+00
1.773000e-02 1.121000e-03 2.586649e+00
-4.909410e-01 -3.339690e-01 2.477750e+00
7.198300e-02 -2.683280e-01 2.484881e+00
-4.649350e-01 -3.975560e-01 2.478665e+00
6.412300e-02 -3.363130e-01 2.478831e+00
-3.405320e-01 -6.150120e-01 2.544365e+00
-1.162220e-01 -6.067540e-01 2.549832e+00
-3.534140e-01 -1.004124e+00 2.616767e+00
-1.546180e-01 -9.908870e-01 2.638058e+00
-3.425940e-01 -1.035001e+00 2.452749e+00
-1.364590e-01 -1.029826e+00 2.476421e+00
-2.739830e-01 5.104230e-01 2.382451e+00
-4.283010e-01 2.194970e-01 2.522411e+00
-7.048400e-02 2.546250e-01 2.540663e+00
-2.495370e-01 2.860220e-01 2.440146e+00
-2.407690e-01 1.043950e-01 2.617822e+00
-4.330980e-01 -1.168230e-01 2.502501e+00
-5.643000e-03 -1.001620e-01 2.523278e+00
-2.256300e-01 -9.772500e-02 2.633040e+00
-4.827040e-01 -5.145700e-02 2.545719e+00
2.727900e-02 -1.703000e-03 2.581375e+00
-4.768690e-01 -3.305840e-01 2.454676e+00
8.273600e-02 -2.866470e-01 2.537031e+00
-4.664780e-01 -3.926850e-01 2.482170e+00
6.344100e-02 -3.525670e-01 2.535387e+00
-3.411960e-01 -6.146520e-01 2.541456e+00
-1.153470e-01 -6.092040e-01 2.545637e+00
-3.533990e-01 -1.003576e+00 2.614976e+00
-1.533270e-01 -9.919560e-01 2.639839e+00
-3.479640e-01 -1.034790e+00 2.450754e+00
-1.412380e-01 -1.032952e+00 2.478143e+00
-2.625450e-01 5.117670e-01 2.384907e+00
-4.189060e-01 2.172140e-01 2.519450e+00
-6.056500e-02 2.492380e-01 2.532340e+00
-2.405080e-01 2.792690e-01 2.433003e+00
-2.313720e-01 1.032770e-01 2.616244e+00
-4.304830e-01 -1.203720e-01 2.494561e+00
-3.967000e-03 -1.011910e-01 2.528373e+00
-2.271510e-01 -1.016560e-01 2.631507e+00
-4.786940e-01 -5.254100e-02 2.552211e+00
3.057300e-02 -9.230000e-03 2.580340e+00
-4.759410e-01 -3.326620e-01 2.461017e+00
8.171600e-02 -2.992130e-01 2.571102e+00
-4.762990e-01 -3.976130e-01 2.438621e+00
6.862500e-02 -3.666380e-01 2.572820e+00
-3.387430e-01 -6.170570e-01 2.541923e+00
-1.178160e-01 -6.112030e-01 2.543441e+00
-3.534800e-01 -1.005279e+00 2.618619e+00
-1.528090e-01 -9.918920e-01 2.646720e+00
-3.425660e-01 -1.038023e+00 2.454969e+00
-1.398190e-01 -1.036663e+00 2.486098e+00
-2.550730e-01 5.136470e-01 2.389009e+00
-4.111970e-01 2.219670e-01 2.526187e+00
-5.194200e-02 2.430910e-01 2.535653e+00
-2.320520e-01 2.816550e-01 2.439620e+00
-2.260070e-01 9.944300e-02 2.616808e+00
-4.276070e-01 -1.217790e-01 2.490819e+00
-1.142000e-03 -1.034190e-01 2.525717e+00
-2.245610e-01 -1.042250e-01 2.628341e+00
-4.772740e-01 -4.641900e-02 2.558897e+00
3.391200e-02 -1.735100e-02 2.583258e+00
-4.738990e-01 -3.231850e-01 2.457713e+00
7.871300e-02 -3.084120e-01 2.572083e+00
-4.838130e-01 -3.894550e-01 2.442535e+00
6.612500e-02 -3.757970e-01 2.567475e+00
-3.391390e-01 -6.179390e-01 2.543595e+00
-1.178470e-01 -6.132420e-01 2.540014e+00
-3.517160e-01 -1.006634e+00 2.618252e+00
-1.463260e-01 -9.951550e-01 2.640745e+00
-3.402160e-01 -1.038465e+00 2.454462e+00
-1.354920e-01 -1.038474e+00 2.479566e+00
-2.440200e-01 5.056460e-01 2.379611e+00
-4.127510e-01 2.282160e-01 2.531673e+00
-5.302600e-02 2.416500e-01 2.527537e+00
-2.357460e-01 2.832220e-01 2.437902e+00
-2.269450e-01 1.025480e-01 2.616544e+00
-4.339010e-01 -1.195040e-01 2.506338e+00
-6.012000e-03 -1.017580e-01 2.511182e+00
-2.216380e-01 -1.029960e-01 2.629301e+00
-4.796890e-01 -4.099800e-02 2.556354e+00
3.301500e-02 -1.738800e-02 2.582875e+00
-4.805890e-01 -3.228210e-01 2.469550e+00
7.890800e-02 -3.072240e-01 2.553739e+00
-4.731990e-01 -3.906430e-01 2.461428e+00
6.075500e-02 -3.733420e-01 2.558125e+00
-3.382970e-01 -6.169550e-01 2.543823e+00
-1.186540e-01 -6.111160e-01 2.538304e+00
-3.484820e-01 -1.003207e+00 2.630550e+00
-1.480440e-01 -9.932120e-01 2.638075e+00
-3.492280e-01 -1.039829e+00 2.467360e+00
-1.467920e-01 -1.035556e+00 2.476279e+00
-2.416470e-01 5.104960e-01 2.382272e+00
-4.100900e-01 2.304590e-01 2.538241e+00
-5.054800e-02 2.409210e-01 2.523425e+00
-2.355040e-01 2.847840e-01 2.439662e+00
-2.229160e-01 1.025210e-01 2.616453e+00
-4.362550e-01 -1.188820e-01 2.515708e+00
-8.413000e-03 -1.026020e-01 2.505026e+00
-2.195880e-01 -1.037920e-01 2.630930e+00
-4.804110e-01 -3.887300e-02 2.552522e+00
3.516400e-02 -1.786500e-02 2.581493e+00
-4.825450e-01 -3.250000e-01 2.480245e+00
7.927900e-02 -3.033160e-01 2.520923e+00
-4.694440e-01 -3.816950e-01 2.516775e+00
6.005500e-02 -3.692650e-01 2.522150e+00
-3.389260e-01 -6.173230e-01 2.542886e+00
-1.176320e-01 -6.111610e-01 2.540906e+00
-3.581430e-01 -1.006000e+00 2.616211e+00
-1.521640e-01 -9.936360e-01 2.637530e+00
-3.637700e-01 -1.036719e+00 2.451903e+00
-1.532880e-01 -1.034505e+00 2.475354e+00
-2.383290e-01 5.082090e-01 2.379606e+00
