-3.781740e-01 3.627560e-01 2.686578e+00
-2.191700e-02 3.544700e-01 2.720876e+00
-2.129640e-01 2.035370e-01 2.800450e+00
-5.557600e-02 -1.661200e-02 2.650493e+00
-4.340600e-01 1.012410e-01 2.664307e+00
-4.119510e-01 -1.850520e-01 2.625244e+00
-4.116010e-01 -2.518290e-01 2.639470e+00
-3.035550e-01 -5.913580e-01 2.689907e+00
-3.055770e-01 -1.011460e+00 2.766325e+00
-3.065510e-01 -1.041588e+00 2.600671e+00
-1.853420e-01 6.680880e-01 2.605874e+00
-8.994000e-03 3.583200e-01 2.719663e+00
-1.987960e-01 2.076780e-01 2.802697e+00
-4.507200e-02 -1.408700e-02 2.646794e+00
-4.225530e-01 1.043790e-01 2.666883e+00
-4.020860e-01 -1.814540e-01 2.623688e+00
-3.977790e-01 -2.495920e-01 2.623210e+00
-3.029370e-01 -5.878010e-01 2.687185e+00
-3.035550e-01 -1.007040e+00 2.768224e+00
-3.096790e-01 -1.038966e+00 2.603017e+00
-1.679790e-01 6.710780e-01 2.608151e+00
4.034000e-03 3.573480e-01 2.719983e+00
-1.850060e-01 2.062390e-01 2.803902e+00
-2.940300e-02 -1.437800e-02 2.657121e+00
-4.068260e-01 1.022540e-01 2.667321e+00
-3.898550e-01 -1.845100e-01 2.628965e+00
-3.763730e-01 -2.513170e-01 2.624876e+00
-2.968900e-01 -5.849700e-01 2.681665e+00
-3.001400e-01 -1.006643e+00 2.748828e+00
-2.953260e-01 -1.033153e+00 2.582623e+00
-1.506420e-01 6.691760e-01 2.607255e+00
1.604500e-02 3.562710e-01 2.715454e+00
-1.730240e-01 2.070080e-01 2.802548e+00
-2.245200e-02 -1.465800e-02 2.654091e+00
-3.996150e-01 1.041530e-01 2.673475e+00
-3.834920e-01 -1.815200e-01 2.627352e+00
-3.791270e-01 -2.488740e-01 2.637648e+00
-2.934980e-01 -5.861190e-01 2.683340e+00
-2.992260e-01 -1.005734e+00 2.762204e+00
-3.010420e-01 -1.036808e+00 2.596732e+00
-1.363200e-01 6.699480e-01 2.606549e+00
3.045400e-02 3.512540e-01 2.719065e+00
-1.639520e-01 2.084810e-01 2.805287e+00
-1.518600e-02 -1.910800e-02 2.659026e+00
-3.902680e-01 1.083440e-01 2.672838e+00
-3.770680e-01 -1.781610e-01 2.631115e+00
-3.878790e-01 -2.436430e-01 2.615092e+00
-2.897450e-01 -5.867280e-01 2.680772e+00
-3.010320e-01 -1.005855e+00 2.761606e+00
-2.992770e-01 -1.037785e+00 2.596295e+00
-1.211840e-01 6.677080e-01 2.601838e+00
4.377200e-02 3.475020e-01 2.712308e+00
-1.488490e-01 2.061080e-01 2.804595e+00
-6.598000e-03 -1.848500e-02 2.660942e+00
-3.782040e-01 1.071570e-01 2.672326e+00
-3.741480e-01 -1.804340e-01 2.636573e+00
-3.563530e-01 -2.452030e-01 2.624330e+00
-2.898740e-01 -5.849720e-01 2.684845e+00
-2.947110e-01 -1.005317e+00 2.759784e+00
-2.955540e-01 -1.034859e+00 2.594023e+00
-9.214400e-02 6.611560e-01 2.596091e+00
4.701600e-02 3.430720e-01 2.708888e+00
-1.495770e-01 2.094900e-01 2.804382e+00
-1.972000e-03 -1.678900e-02 2.660357e+00
-3.777420e-01 1.138570e-01 2.670879e+00
-3.674380e-01 -1.743130e-01 2.641608e+00
-3.585140e-01 -2.420030e-01 2.641297e+00
-2.869050e-01 -5.847650e-01 2.684995e+00
-2.942410e-01 -1.005003e+00 2.760329e+00
-2.981170e-01 -1.034640e+00 2.594628e+00
-8.582800e-02 6.621170e-01 2.589649e+00
5.578400e-02 3.462370e-01 2.708902e+00
-1.384710e-01 2.102880e-01 2.805829e+00
8.920000e-04 -1.492800e-02 2.660545e+00
-3.692770e-01 1.119280e-01 2.665246e+00
-3.627480e-01 -1.771480e-01 2.645263e+00
-3.557870e-01 -2.435320e-01 2.659625e+00
-2.895810e-01 -5.835130e-01 2.688828e+00
-2.948160e-01 -1.004635e+00 2.759237e+00
-3.012520e-01 -1.032303e+00 2.593275e+00
-7.311200e-02 6.633930e-01 2.597406e+00
6.342800e-02 3.460110e-01 2.708981e+00
-1.303090e-01 2.077940e-01 2.803714e+00
6.969000e-03 -1.581700e-02 2.665133e+00
-3.615320e-01 1.101740e-01 2.669769e+00
-3.554550e-01 -1.783970e-01 2.643340e+00
-3.518640e-01 -2.461980e-01 2.650531e+00
-2.851910e-01 -5.830280e-01 2.687128e+00
-2.933510e-01 -1.004826e+00 2.753077e+00
-2.932160e-01 -1.030838e+00 2.586724e+00
-7.141600e-02 6.578930e-01 2.582676e+00
6.580800e-02 3.437550e-01 2.702726e+00
-1.274290e-01 2.097960e-01 2.804346e+00
5.967000e-03 -1.519700e-02 2.658265e+00
-3.633460e-01 1.135370e-01 2.668339e+00
-3.576200e-01 -1.753030e-01 2.644924e+00
-3.468070e-01 -2.425190e-01 2.639761e+00
-2.865160e-01 -5.837630e-01 2.688750e+00
-2.930020e-01 -1.005090e+00 2.757820e+00
-3.023870e-01 -1.032146e+00 2.591898e+00
-6.915600e-02 6.579460e-01 2.579483e+00
6.623100e-02 3.404520e-01 2.699374e+00
-1.267930e-01 2.088790e-01 2.804456e+00
5.461000e-03 -1.569300e-02 2.653883e+00
-3.651040e-01 1.164640e-01 2.673527e+00
-3.522480e-01 -1.712290e-01 2.641273e+00
-3.460400e-01 -2.392140e-01 2.640224e+00
-2.875110e-01 -5.830850e-01 2.684371e+00
-2.939490e-01 -1.004810e+00 2.750975e+00
-3.074540e-01 -1.030790e+00 2.585165e+00
-6.538700e-02 6.571610e-01 2.582554e+00
7.038300e-02 3.437920e-01 2.702869e+00
-1.257090e-01 2.137180e-01 2.804064e+00
6.097000e-03 -1.513900e-02 2.661384e+00
-3.615800e-01 1.188610e-01 2.672795e+00
-3.513320e-01 -1.689010e-01 2.640048e+00
-3.469510e-01 -2.367150e-01 2.646657e+00
-2.916170e-01 -5.814460e-01 2.682367e+00
-3.004790e-01 -1.003484e+00 2.746671e+00
-3.094360e-01 -1.028626e+00 2.580425e+00
-6.635300e-02 6.592400e-01 2.573697e+00
6.725800e-02 3.439790e-01 2.699029e+00
-1.028570e-01 3.984230e-01 2.593449e+00
-1.299030e-01 2.165140e-01 2.801461e+00
-2.744220e-01 -1.405100e-02 2.654837e+00
6.691000e-03 -1.495200e-02 2.663549e+00
-1.376560e-01 1.738000e-03 2.783179e+00
-3.644040e-01 1.224960e-01 2.669982e+00
1.017130e-01 7.841300e-02 2.681538e+00
-3.609160e-01 -1.663720e-01 2.646907e+00
9.276800e-02 -2.089980e-01 2.645425e+00
-3.509140e-01 -2.309580e-01 2.666661e+00
7.075300e-02 -2.734220e-01 2.640274e+00
-2.957580e-01 -5.791260e-01 2.680504e+00
-4.371300e-02 -5.908690e-01 2.694663e+00
-2.996420e-01 -1.001923e+00 2.740142e+00
-7.711900e-02 -1.005233e+00 2.792209e+00
-3.114440e-01 -1.025277e+00 2.573813e+00
-6.261700e-02 -1.044779e+00 2.629188e+00
-5.753800e-02 6.608840e-01 2.573025e+00
-2.938270e-01 3.780530e-01 2.680020e+00
6.214700e-02 3.451670e-01 2.699127e+00
-1.071580e-01 3.988090e-01 2.591848e+00
-1.351780e-01 2.156550e-01 2.798635e+00
-2.808200e-01 -1.556900e-02 2.656246e+00
1.460000e-04 -1.032900e-02 2.667758e+00
-1.457510e-01 5.889000e-03 2.785559e+00
-3.696450e-01 1.209250e-01 2.667414e+00
9.695200e-02 7.947600e-02 2.684311e+00
-3.662030e-01 -1.679170e-01 2.643898e+00
9.629200e-02 -2.078870e-01 2.646680e+00
-3.518400e-01 -2.310130e-01 2.622122e+00
6.165400e-02 -2.655720e-01 2.635091e+00
-2.986170e-01 -5.783540e-01 2.676396e+00
-4.549200e-02 -5.875360e-01 2.695293e+00
-2.934860e-01 -1.001519e+00 2.733268e+00
-7.697400e-02 -1.002287e+00 2.791830e+00
-3.064380e-01 -1.024034e+00 2.566909e+00
-6.042200e-02 -1.041463e+00 2.628914e+00
-8.170000e-02 6.608800e-01 2.566574e+00
-3.080790e-01 3.778420e-01 2.671020e+00
4.763000e-02 3.495460e-01 2.699903e+00
-1.192940e-01 4.020440e-01 2.588409e+00
-1.506320e-01 2.163420e-01 2.792428e+00
-2.905270e-01 -2.415800e-02 2.654856e+00
-1.026200e-02 -1.033700e-02 2.673885e+00
-1.597920e-01 4.096000e-03 2.787279e+00
-3.803340e-01 1.196010e-01 2.660170e+00
8.550800e-02 8.435700e-02 2.683580e+00
-3.729920e-01 -1.698430e-01 2.647244e+00
8.488400e-02 -2.039900e-01 2.654345e+00
-3.620090e-01 -2.348110e-01 2.665137e+00
5.700700e-02 -2.647110e-01 2.640294e+00
-3.043580e-01 -5.837040e-01 2.677095e+00
-5.171200e-02 -5.894210e-01 2.695226e+00
-2.950290e-01 -1.009883e+00 2.701878e+00
-7.440300e-02 -1.004040e+00 2.794755e+00
-3.003010e-01 -1.019768e+00 2.533876e+00
-5.434700e-02 -1.044099e+00 2.632449e+00
-8.598000e-02 6.573820e-01 2.556008e+00
-3.205640e-01 3.793230e-01 2.663089e+00
3.483300e-02 3.491200e-01 2.693830e+00
-1.311680e-01 4.035820e-01 2.581902e+00
-1.645800e-01 2.158000e-01 2.783676e+00
-2.989120e-01 -2.521900e-02 2.652933e+00
-1.881900e-02 -1.027300e-02 2.673575e+00
-1.691980e-01 7.183000e-03 2.785411e+00
-3.928670e-01 1.210680e-01 2.652811e+00
8.023700e-02 8.463900e-02 2.689701e+00
-3.737190e-01 -1.675080e-01 2.633868e+00
7.819700e-02 -2.036000e-01 2.659436e+00
-3.784250e-01 -2.343050e-01 2.620539e+00
5.066200e-02 -2.638390e-01 2.642863e+00
-3.069330e-01 -5.849310e-01 2.680797e+00
-5.534500e-02 -5.882700e-01 2.693508e+00
-2.933370e-01 -1.011575e+00 2.691725e+00
-7.341700e-02 -1.001905e+00 2.797953e+00
-2.952340e-01 -1.015946e+00 2.523418e+00
-5.156300e-02 -1.043675e+00 2.636312e+00
-1.044700e-01 6.592020e-01 2.548770e+00
-3.419860e-01 3.727610e-01 2.656359e+00
1.347000e-02 3.521650e-01 2.693653e+00
-1.518360e-01 4.032870e-01 2.579149e+00
-1.837770e-01 2.122450e-01 2.778081e+00
-3.114040e-01 -3.103100e-02 2.645839e+00
-3.249000e-02 -5.906000e-03 2.671865e+00
-1.858490e-01 1.065300e-02 2.779720e+00
-4.066090e-01 1.125490e-01 2.644361e+00
5.978500e-02 8.793300e-02 2.685474e+00
-3.829110e-01 -1.760780e-01 2.632653e+00
6.607700e-02 -2.016820e-01 2.676107e+00
-3.822480e-01 -2.443240e-01 2.634557e+00
4.021600e-02 -2.561030e-01 2.643994e+00
-3.182910e-01 -5.852760e-01 2.676029e+00
-6.151200e-02 -5.849060e-01 2.690495e+00
-2.867920e-01 -1.010861e+00 2.690661e+00
-7.482100e-02 -9.985460e-01 2.795634e+00
-2.919700e-01 -1.017026e+00 2.522479e+00
-5.003400e-02 -1.040321e+00 2.634418e+00
-1.306540e-01 6.529610e-01 2.537631e+00
-3.718130e-01 3.706850e-01 2.650663e+00
-1.615800e-02 3.536900e-01 2.687867e+00
-1.819980e-01 4.047530e-01 2.574112e+00
-2.117720e-01 2.100460e-01 2.769802e+00
-3.365980e-01 -3.730200e-02 2.635117e+00
-5.835100e-02 -5.958000e-03 2.661526e+00
-2.124040e-01 9.611000e-03 2.768537e+00
-4.352460e-01 1.099990e-01 2.643457e+00
3.140800e-02 9.014500e-02 2.670143e+00
-4.083530e-01 -1.775980e-01 2.619565e+00
4.188400e-02 -1.994950e-01 2.667807e+00
-3.936260e-01 -2.441390e-01 2.615443e+00
2.415700e-02 -2.633030e-01 2.651198e+00
-3.270310e-01 -5.916050e-01 2.665348e+00
-7.516800e-02 -5.845610e-01 2.678526e+00
-2.881340e-01 -1.015963e+00 2.692489e+00
-7.628000e-02 -9.981710e-01 2.784614e+00
-2.930360e-01 -1.027153e+00 2.524557e+00
-5.073700e-02 -1.039584e+00 2.623422e+00
-1.667670e-01 6.574050e-01 2.540606e+00
-3.963610e-01 3.652340e-01 2.657542e+00
-3.932900e-02 3.551780e-01 2.681849e+00
-2.101420e-01 4.043320e-01 2.574811e+00
-2.289100e-01 2.063420e-01 2.768562e+00
-3.575950e-01 -3.854500e-02 2.631452e+00
-7.854500e-02 -7.994000e-03 2.648752e+00
-2.285660e-01 3.676000e-03 2.761816e+00
-4.564340e-01 1.038580e-01 2.647151e+00
1.114300e-02 9.240600e-02 2.660938e+00
-4.225500e-01 -1.824780e-01 2.617638e+00
2.105000e-02 -1.972310e-01 2.656468e+00
-4.123260e-01 -2.497930e-01 2.612565e+00
-6.468000e-03 -2.588740e-01 2.646248e+00
-3.411230e-01 -5.958380e-01 2.661875e+00
-8.854700e-02 -5.861180e-01 2.647799e+00
-2.875700e-01 -1.018625e+00 2.688569e+00
-7.583600e-02 -9.958880e-01 2.767200e+00
-2.991470e-01 -1.030670e+00 2.521024e+00
-5.437100e-02 -1.041992e+00 2.606688e+00
-2.082210e-01 6.561570e-01 2.542031e+00
-4.180220e-01 3.589580e-01 2.664350e+00
-6.020400e-02 3.526900e-01 2.673862e+00
-2.358160e-01 3.990210e-01 2.573541e+00
-2.444710e-01 2.029080e-01 2.769899e+00
-3.781190e-01 -3.766800e-02 2.630858e+00
-9.840500e-02 -8.859000e-03 2.636474e+00
-2.429810e-01 -1.433000e-03 2.756758e+00
-4.753190e-01 9.699600e-02 2.653034e+00
-7.742000e-03 9.045700e-02 2.651128e+00
-4.503870e-01 -1.891320e-01 2.614080e+00
8.200000e-05 -1.990640e-01 2.639957e+00
-4.467420e-01 -2.562250e-01 2.626201e+00
-2.577100e-02 -2.586140e-01 2.618815e+00
-3.492330e-01 -5.991060e-01 2.659565e+00
-1.042740e-01 -5.822920e-01 2.591354e+00
-2.901500e-01 -1.020336e+00 2.697031e+00
-8.964600e-02 -9.825610e-01 2.739340e+00
-3.066700e-01 -1.037478e+00 2.530348e+00
-6.981400e-02 -1.039905e+00 2.582278e+00
-2.267670e-01 6.540810e-01 2.543173e+00
-4.420340e-01 3.493570e-01 2.684575e+00
-8.434800e-02 3.565830e-01 2.671438e+00
-2.675820e-01 3.998730e-01 2.584250e+00
-2.565480e-01 1.962320e-01 2.772665e+00
-4.021090e-01 -4.144400e-02 2.637487e+00
-1.225830e-01 -1.222100e-02 2.626872e+00
-2.587940e-01 -1.556500e-02 2.756723e+00
-4.987510e-01 8.855500e-02 2.656267e+00
-3.008600e-02 9.498800e-02 2.645755e+00
-4.864550e-01 -1.967250e-01 2.606529e+00
-3.288400e-02 -1.920260e-01 2.605446e+00
-4.934830e-01 -2.578200e-01 2.636186e+00
-5.826500e-02 -2.493890e-01 2.578486e+00
-3.539240e-01 -6.072150e-01 2.647157e+00
-1.292800e-01 -5.736840e-01 2.514987e+00
-2.936740e-01 -1.027178e+00 2.695426e+00
-1.230670e-01 -9.966800e-01 2.572996e+00
-3.158480e-01 -1.049373e+00 2.530000e+00
-1.130390e-01 -1.019371e+00 2.406458e+00
-2.623420e-01 6.496460e-01 2.550565e+00
-4.595230e-01 3.460020e-01 2.688030e+00
-1.019970e-01 3.596450e-01 2.675671e+00
-2.857530e-01 3.980120e-01 2.587286e+00
-2.714820e-01 1.978920e-01 2.779222e+00
-4.113720e-01 -3.377600e-02 2.638608e+00
-1.315730e-01 -6.487000e-03 2.630300e+00
-2.685660e-01 -1.193900e-02 2.759254e+00
-5.118740e-01 8.417100e-02 2.660823e+00
-4.244500e-02 9.979000e-02 2.644603e+00
-5.064740e-01 -1.992590e-01 2.600416e+00
-4.907800e-02 -1.840940e-01 2.586495e+00
-4.960580e-01 -2.664040e-01 2.607094e+00
-5.882000e-02 -2.447970e-01 2.556800e+00
-3.503770e-01 -6.019490e-01 2.637702e+00
-1.386370e-01 -5.498080e-01 2.468364e+00
-3.009050e-01 -1.018494e+00 2.717523e+00
-1.618280e-01 -9.679770e-01 2.385141e+00
-3.191280e-01 -1.052082e+00 2.553541e+00
-1.565210e-01 -9.354110e-01 2.220030e+00
-2.797310e-01 6.512930e-01 2.556847e+00
-4.806910e-01 3.376950e-01 2.696668e+00
-1.235300e-01 3.556520e-01 2.680017e+00
-3.086920e-01 3.885990e-01 2.592382e+00
-2.897230e-01 1.952280e-01 2.790723e+00
-4.273220e-01 -2.505900e-02 2.644422e+00
-1.462900e-01 -1.687200e-02 2.636989e+00
-2.835050e-01 -2.076300e-02 2.765764e+00
-5.265590e-01 7.688300e-02 2.652967e+00
-5.848800e-02 9.717100e-02 2.648494e+00
-5.204700e-01 -2.064300e-01 2.592074e+00
-6.082900e-02 -1.785460e-01 2.559129e+00
-4.994420e-01 -2.666250e-01 2.567661e+00
-7.684400e-02 -2.215140e-01 2.508543e+00
-3.565120e-01 -6.010090e-01 2.623406e+00
-1.415940e-01 -4.638250e-01 2.341980e+00
-2.877570e-01 -1.014107e+00 2.706788e+00
-1.794610e-01 -8.063260e-01 2.089813e+00
-3.042960e-01 -1.049900e+00 2.543095e+00
-1.637850e-01 -7.080590e-01 1.953990e+00
-2.991920e-01 6.473190e-01 2.568110e+00
-4.865980e-01 3.308710e-01 2.697378e+00
-1.295680e-01 3.531380e-01 2.683334e+00
-3.144960e-01 3.844570e-01 2.594617e+00
-2.946140e-01 1.900690e-01 2.791871e+00
-4.393160e-01 -4.650100e-02 2.651334e+00
-1.590670e-01 -2.370100e-02 2.644827e+00
-2.952850e-01 -4.760500e-02 2.772495e+00
-5.320280e-01 7.019900e-02 2.652399e+00
-6.292100e-02 9.446000e-02 2.657237e+00
-5.231280e-01 -2.071580e-01 2.568701e+00
-5.031200e-02 -1.767480e-01 2.555754e+00
-5.094740e-01 -2.738560e-01 2.563542e+00
-5.350500e-02 -2.334990e-01 2.517930e+00
-3.241340e-01 -6.167210e-01 2.609027e+00
-1.363590e-01 -3.729640e-01 2.263618e+00
-2.868520e-01 -1.029978e+00 2.709812e+00
-1.734620e-01 -6.385850e-01 1.931357e+00
-2.908880e-01 -1.070204e+00 2.546363e+00
-1.594310e-01 -5.082960e-01 1.825631e+00
-3.024010e-01 6.402920e-01 2.566002e+00
-4.920290e-01 3.195170e-01 2.696701e+00
-1.358810e-01 3.534500e-01 2.683620e+00
-3.215130e-01 3.789410e-01 2.594507e+00
-2.957880e-01 1.848170e-01 2.791346e+00
-4.412970e-01 -6.470000e-02 2.657119e+00
-1.637420e-01 -2.045200e-02 2.646779e+00
-2.933280e-01 -7.189500e-02 2.773219e+00
-5.357620e-01 5.922600e-02 2.647983e+00
-6.368400e-02 9.610100e-02 2.659199e+00
-5.251620e-01 -2.218180e-01 2.577883e+00
-4.673700e-02 -1.757340e-01 2.560050e+00
-5.166920e-01 -2.835300e-01 2.605838e+00
-3.162600e-02 -2.415850e-01 2.550211e+00
-3.805540e-01 -6.222000e-01 2.596332e+00
-1.283960e-01 -2.579660e-01 2.206469e+00
-2.898820e-01 -1.024466e+00 2.707193e+00
-1.781780e-01 -4.871630e-01 1.849650e+00
-3.243760e-01 -1.075433e+00 2.550468e+00
-1.576470e-01 -3.478710e-01 1.757313e+00
-3.112310e-01 6.303620e-01 2.559928e+00
-4.953440e-01 3.198830e-01 2.704575e+00
-1.385350e-01 3.326740e-01 2.678354e+00
-3.254900e-01 3.720060e-01 2.597415e+00
-3.043040e-01 1.707830e-01 2.787551e+00
-4.428780e-01 -8.797300e-02 2.654880e+00
-1.713370e-01 -1.796800e-02 2.633289e+00
-2.870250e-01 -9.507000e-02 2.760166e+00
-5.385040e-01 6.024400e-02 2.652015e+00
-6.419300e-02 7.574500e-02 2.656026e+00
-5.140560e-01 -2.183210e-01 2.575751e+00
-2.890200e-02 -2.063890e-01 2.599749e+00
-5.214670e-01 -2.861930e-01 2.575971e+00
-5.042900e-02 -2.635880e-01 2.569311e+00
-3.735750e-01 -6.292470e-01 2.632355e+00
-1.834840e-01 -2.303550e-01 2.164211e+00
-1.843570e-01 -1.004647e+00 2.707195e+00
-1.570090e-01 -3.249940e-01 1.748673e+00
-2.529350e-01 -1.067217e+00 2.566724e+00
-1.980080e-01 -1.663500e-01 1.709929e+00
-3.168210e-01 6.184370e-01 2.554575e+00
-4.978920e-01 3.236390e-01 2.710626e+00
-1.417210e-01 3.438350e-01 2.680646e+00
-3.303030e-01 3.797080e-01 2.601902e+00
-3.029670e-01 1.780970e-01 2.790840e+00
-4.455560e-01 -9.744300e-02 2.647914e+00
-1.815580e-01 -3.505000e-03 2.623791e+00
-2.858390e-01 -9.970900e-02 2.747469e+00
-5.429900e-01 6.471500e-02 2.656199e+00
-6.641700e-02 8.751900e-02 2.654775e+00
-5.262000e-01 -2.137820e-01 2.577650e+00
-3.276800e-02 -1.965130e-01 2.607814e+00
-5.066700e-01 -2.774030e-01 2.562398e+00
-2.906300e-02 -2.641350e-01 2.616488e+00
-3.780270e-01 -6.207450e-01 2.631155e+00
-1.529330e-01 -2.698090e-01 2.157552e+00
-1.850260e-01 -9.946660e-01 2.703700e+00
-1.817470e-01 -3.837620e-01 1.747048e+00
-2.602930e-01 -1.059857e+00 2.567924e+00
-2.330030e-01 -2.283310e-01 1.707499e+00
-3.228580e-01 6.263950e-01 2.561066e+00
-4.991710e-01 3.240720e-01 2.720662e+00
-1.443570e-01 3.507310e-01 2.681167e+00
-3.356130e-01 3.838930e-01 2.607876e+00
-2.996370e-01 1.813610e-01 2.794364e+00
-4.433700e-01 -8.869700e-02 2.660808e+00
-1.785050e-01 7.660000e-04 2.630075e+00
-2.828130e-01 -8.821400e-02 2.759027e+00
-5.435070e-01 6.326000e-02 2.675388e+00
-7.241700e-02 9.350400e-02 2.654766e+00
-5.239490e-01 -2.144500e-01 2.594722e+00
-3.018100e-02 -1.900070e-01 2.611755e+00
-4.960550e-01 -2.759790e-01 2.584841e+00
-3.397200e-02 -2.579640e-01 2.617141e+00
-3.436500e-01 -6.220140e-01 2.625453e+00
-1.388340e-01 -3.420030e-01 2.201515e+00
-1.809480e-01 -1.008779e+00 2.704638e+00
-1.933710e-01 -5.104430e-01 1.812950e+00
-2.294230e-01 -1.060444e+00 2.551893e+00
-2.362850e-01 -3.589490e-01 1.753302e+00
-3.257360e-01 6.289400e-01 2.563861e+00
-4.921980e-01 3.313230e-01 2.737250e+00
-1.402110e-01 3.578530e-01 2.677540e+00
-3.353260e-01 3.916620e-01 2.615591e+00
-2.889490e-01 1.879570e-01 2.798471e+00
-4.366410e-01 -7.310900e-02 2.667500e+00
-1.715220e-01 8.893000e-03 2.621792e+00
-2.751760e-01 -5.945000e-02 2.763252e+00
-5.377830e-01 6.924500e-02 2.701539e+00
-7.614400e-02 9.934800e-02 2.644243e+00
-5.229770e-01 -2.091030e-01 2.622070e+00
-3.782500e-02 -1.846190e-01 2.600577e+00
-5.063410e-01 -2.726100e-01 2.603315e+00
-3.818300e-02 -2.528930e-01 2.600958e+00
-3.515430e-01 -6.160940e-01 2.637909e+00
-1.263840e-01 -4.769110e-01 2.325755e+00
-1.847760e-01 -1.003949e+00 2.701836e+00
-1.702380e-01 -8.431040e-01 2.110561e+00
-2.496250e-01 -1.055965e+00 2.555415e+00
-1.970630e-01 -7.565100e-01 1.968673e+00
-3.291310e-01 6.371320e-01 2.572394e+00
-4.862050e-01 3.341420e-01 2.749026e+00
-1.379490e-01 3.558120e-01 2.668946e+00
-3.356480e-01 3.956740e-01 2.620196e+00
-2.828360e-01 1.846790e-01 2.792773e+00
-4.242420e-01 -6.416600e-02 2.666811e+00
-1.575350e-01 1.968000e-03 2.606852e+00
-2.591260e-01 -5.097400e-02 2.756191e+00
-5.335310e-01 7.195600e-02 2.716518e+00
-7.375000e-02 9.857300e-02 2.627175e+00
-5.219680e-01 -2.092580e-01 2.647254e+00
-4.536500e-02 -1.876170e-01 2.591088e+00
-5.109190e-01 -2.751960e-01 2.633406e+00
-5.065300e-02 -2.514040e-01 2.614852e+00
-3.535850e-01 -6.154410e-01 2.641402e+00
-1.288950e-01 -5.439390e-01 2.416113e+00
-1.996380e-01 -1.013558e+00 2.629894e+00
-1.073480e-01 -9.640790e-01 2.342987e+00
-2.755630e-01 -1.038634e+00 2.481717e+00
-1.380400e-01 -9.372200e-01 2.179626e+00
-3.264920e-01 6.425450e-01 2.586067e+00
-4.769730e-01 3.348740e-01 2.744593e+00
-1.295250e-01 3.604570e-01 2.662196e+00
-3.278380e-01 4.004100e-01 2.616086e+00
-2.724450e-01 1.855100e-01 2.782941e+00
-4.232490e-01 -5.587300e-02 2.659474e+00
-1.552230e-01 3.071000e-03 2.597920e+00
-2.589160e-01 -3.811400e-02 2.749503e+00
-5.330850e-01 7.277900e-02 2.730583e+00
-7.066000e-02 1.047480e-01 2.605749e+00
-5.306960e-01 -2.141930e-01 2.689913e+00
-4.486000e-02 -1.826920e-01 2.578822e+00
-5.102700e-01 -2.790700e-01 2.695852e+00
-3.794500e-02 -2.475330e-01 2.599059e+00
-3.578660e-01 -6.106810e-01 2.648621e+00
-1.315620e-01 -5.731830e-01 2.505354e+00
-1.420890e-01 -9.787480e-01 2.665808e+00
-8.466800e-02 -9.893610e-01 2.588577e+00
-2.433400e-01 -1.043610e+00 2.547946e+00
-1.031310e-01 -1.024176e+00 2.424878e+00
-3.172680e-01 6.505130e-01 2.593401e+00
-4.516850e-01 3.375750e-01 2.732640e+00
-1.056140e-01 3.610290e-01 2.644050e+00
-3.044340e-01 4.026300e-01 2.601738e+00
-2.475920e-01 1.865590e-01 2.766582e+00
-4.205500e-01 -3.123400e-02 2.656469e+00
-1.480250e-01 -7.791000e-03 2.591032e+00
-2.548600e-01 -2.230100e-02 2.745311e+00
-5.265910e-01 8.077400e-02 2.754560e+00
-5.697800e-02 1.040320e-01 2.583839e+00
-5.274030e-01 -2.074890e-01 2.724283e+00
-3.583400e-02 -1.847050e-01 2.569811e+00
-5.144850e-01 -2.713410e-01 2.744719e+00
-2.383400e-02 -2.457470e-01 2.597944e+00
-3.663870e-01 -6.007850e-01 2.652033e+00
-9.807700e-02 -5.763610e-01 2.620564e+00
-1.143450e-01 -9.159630e-01 2.791556e+00
-4.727600e-02 -9.641120e-01 2.792022e+00
-2.048580e-01 -1.027329e+00 2.703492e+00
-5.226600e-02 -1.032721e+00 2.638341e+00
-2.890250e-01 6.673040e-01 2.616949e+00
-4.358530e-01 3.509600e-01 2.730968e+00
-8.808900e-02 3.655770e-01 2.647239e+00
-2.850600e-01 4.133150e-01 2.602813e+00
-2.365980e-01 1.938050e-01 2.765778e+00
-4.107180e-01 -2.369700e-02 2.666119e+00
-1.415370e-01 -1.316100e-02 2.585298e+00
-2.403240e-01 -1.423100e-02 2.745504e+00
-5.110850e-01 9.666900e-02 2.772377e+00
-4.125900e-02 1.078520e-01 2.588729e+00
-5.208730e-01 -1.930120e-01 2.771058e+00
-3.425200e-02 -1.809380e-01 2.564989e+00
-5.001120e-01 -2.578020e-01 2.765319e+00
-4.059700e-02 -2.442330e-01 2.589792e+00
-3.641580e-01 -5.975850e-01 2.650750e+00
-9.027400e-02 -5.698700e-01 2.690531e+00
-7.171300e-02 -8.374080e-01 2.848967e+00
-1.388600e-02 -9.727140e-01 2.809737e+00
-1.486330e-01 -9.767030e-01 2.793919e+00
-5.242400e-02 -1.025899e+00 2.654701e+00
-2.722680e-01 6.708240e-01 2.603448e+00
-4.215200e-01 3.522180e-01 2.716839e+00
-6.849600e-02 3.654510e-01 2.658852e+00
-2.614820e-01 4.140360e-01 2.600148e+00
-2.259970e-01 1.942150e-01 2.766013e+00
-3.960600e-01 -1.416100e-02 2.653883e+00
-1.183650e-01 -2.259400e-02 2.610111e+00
-2.375900e-01 -1.292300e-02 2.755430e+00
-4.911140e-01 9.692700e-02 2.761807e+00
-2.088700e-02 1.072760e-01 2.603019e+00
-5.087630e-01 -1.916600e-01 2.782269e+00
-4.833300e-02 -1.789170e-01 2.566239e+00
-4.903370e-01 -2.569720e-01 2.789776e+00
-3.455500e-02 -2.453640e-01 2.558716e+00
-3.523140e-01 -5.941990e-01 2.651408e+00
-8.129600e-02 -5.705230e-01 2.724277e+00
-5.649000e-02 -7.887660e-01 2.890073e+00
-3.872200e-02 -9.847100e-01 2.818965e+00
-1.178580e-01 -9.386270e-01 2.843966e+00
-6.049900e-02 -1.024044e+00 2.656703e+00
-2.405890e-01 6.740230e-01 2.609394e+00
-3.983380e-01 3.526240e-01 2.682934e+00
-4.067700e-02 3.672790e-01 2.677696e+00
-2.228210e-01 4.073790e-01 2.586778e+00
-2.116930e-01 2.027540e-01 2.774118e+00
-3.600250e-01 -1.760100e-02 2.641093e+00
-7.879700e-02 -2.110500e-02 2.641127e+00
-2.193420e-01 -1.264400e-02 2.766032e+00
-4.592270e-01 9.606300e-02 2.733007e+00
1.885200e-02 1.078180e-01 2.643421e+00
-4.825840e-01 -1.914910e-01 2.760936e+00
-3.213900e-02 -1.682420e-01 2.571283e+00
-4.588640e-01 -2.452500e-01 2.795705e+00
-4.236900e-02 -2.253780e-01 2.535333e+00
-3.271130e-01 -5.947880e-01 2.653776e+00
-7.981300e-02 -5.804000e-01 2.742927e+00
-7.558700e-02 -8.370170e-01 2.899518e+00
-3.273100e-02 -9.928930e-01 2.842735e+00
-1.435480e-01 -9.756770e-01 2.832400e+00
-3.118700e-02 -1.032323e+00 2.679049e+00
-1.948330e-01 6.718860e-01 2.590571e+00
-3.793460e-01 3.561830e-01 2.677850e+00
-2.176300e-02 3.666540e-01 2.691593e+00
-1.982710e-01 4.072750e-01 2.590375e+00
-1.997110e-01 2.057690e-01 2.781384e+00
-3.418690e-01 -1.797800e-02 2.640638e+00
-6.107400e-02 -1.397400e-02 2.656128e+00
-2.084670e-01 -7.467000e-03 2.772999e+00
-4.339240e-01 9.662900e-02 2.718980e+00
3.231700e-02 1.070350e-01 2.650221e+00
-4.673960e-01 -1.912420e-01 2.723727e+00
-2.109100e-02 -1.712520e-01 2.589256e+00
-4.354040e-01 -2.401110e-01 2.759082e+00
-4.740300e-02 -2.329290e-01 2.576405e+00
-3.161190e-01 -5.914020e-01 2.656565e+00
-5.813200e-02 -5.803280e-01 2.728822e+00
-7.538800e-02 -8.463790e-01 2.900214e+00
-4.248200e-02 -9.947880e-01 2.830348e+00
-1.459250e-01 -9.814390e-01 2.828565e+00
-2.473500e-02 -1.033993e+00 2.667566e+00
-1.767290e-01 6.691410e-01 2.582782e+00
-3.598420e-01 3.569120e-01 2.677758e+00
-2.373000e-03 3.664220e-01 2.694778e+00
-1.776310e-01 4.032740e-01 2.590007e+00
-1.820120e-01 2.104660e-01 2.789749e+00
-3.214960e-01 -1.831200e-02 2.648914e+00
-4.080900e-02 -1.463600e-02 2.666323e+00
-1.890240e-01 -3.563000e-03 2.781804e+00
-4.169390e-01 9.516200e-02 2.694056e+00
5.327000e-02 1.058220e-01 2.662692e+00
-4.321360e-01 -1.937000e-01 2.675609e+00
3.951000e-03 -1.759640e-01 2.616028e+00
-4.083390e-01 -2.495880e-01 2.706784e+00
-1.200400e-02 -2.423190e-01 2.614026e+00
-3.040980e-01 -5.900410e-01 2.663593e+00
-4.388900e-02 -5.841250e-01 2.723262e+00
-5.371600e-02 -8.599560e-01 2.879888e+00
-2.629400e-02 -9.983240e-01 2.825528e+00
-1.310410e-01 -9.903700e-01 2.806654e+00
-6.584000e-03 -1.037617e+00 2.662992e+00
-1.678750e-01 6.693260e-01 2.579382e+00
-3.307300e-01 3.608930e-01 2.682409e+00
2.690600e-02 3.640230e-01 2.698240e+00
-1.478860e-01 3.991740e-01 2.592114e+00
-1.555420e-01 2.166100e-01 2.801167e+00
-2.966470e-01 -1.351000e-02 2.664610e+00
-1.573200e-02 -1.608900e-02 2.678072e+00
-1.620030e-01 -1.980000e-04 2.795452e+00
-3.905680e-01 9.945700e-02 2.671977e+00
8.182100e-02 1.017090e-01 2.683610e+00
-3.862010e-01 -1.799430e-01 2.594973e+00
5.005900e-02 -1.830360e-01 2.639743e+00
-3.648350e-01 -2.408760e-01 2.572786e+00
4.607200e-02 -2.508100e-01 2.632508e+00
-2.997270e-01 -5.832940e-01 2.668086e+00
-1.170700e-02 -5.813980e-01 2.737302e+00
-3.536600e-02 -8.562730e-01 2.862829e+00
2.620000e-03 -1.002826e+00 2.804554e+00
-1.203930e-01 -9.857300e-01 2.796787e+00
1.850500e-02 -1.028715e+00 2.638941e+00
-1.250800e-01 6.681300e-01 2.580319e+00
-3.130630e-01 3.664950e-01 2.687822e+00
4.474900e-02 3.638760e-01 2.699145e+00
-1.307710e-01 3.998570e-01 2.594509e+00
-1.388090e-01 2.216650e-01 2.807287e+00
-2.645490e-01 -5.146000e-03 2.669713e+00
1.597100e-02 -2.188100e-02 2.681113e+00
-1.285360e-01 -2.100000e-05 2.799713e+00
-3.652350e-01 1.045100e-01 2.661737e+00
1.028190e-01 1.020410e-01 2.688722e+00
-3.332810e-01 -1.646200e-01 2.558972e+00
8.723300e-02 -1.852090e-01 2.653265e+00
-3.217380e-01 -2.316780e-01 2.564589e+00
8.830300e-02 -2.532900e-01 2.658314e+00
-2.756660e-01 -5.794770e-01 2.688673e+00
-1.950900e-02 -5.886460e-01 2.738875e+00
-6.085700e-02 -9.112800e-01 2.850208e+00
3.238000e-03 -1.008443e+00 2.813589e+00
-1.478570e-01 -1.015891e+00 2.751023e+00
1.237800e-02 -1.037423e+00 2.647979e+00
-1.099500e-01 6.722200e-01 2.585543e+00
-2.996540e-01 3.762080e-01 2.689660e+00
5.783400e-02 3.585840e-01 2.697127e+00
-1.171830e-01 4.008990e-01 2.594030e+00
-1.303220e-01 2.253490e-01 2.808741e+00
-2.523600e-01 -1.319000e-03 2.679419e+00
2.810200e-02 -2.175700e-02 2.674439e+00
-1.090060e-01 1.003000e-03 2.801362e+00
-3.475320e-01 1.144430e-01 2.654658e+00
1.100500e-01 9.533300e-02 2.693807e+00
-3.072440e-01 -1.475880e-01 2.537485e+00
1.127260e-01 -1.939790e-01 2.676367e+00
-2.903510e-01 -1.970810e-01 2.493591e+00
1.180410e-01 -2.618590e-01 2.681438e+00
-2.737690e-01 -5.747260e-01 2.690670e+00
-1.981000e-02 -5.888470e-01 2.736638e+00
-2.354640e-01 -9.992770e-01 2.715542e+00
-5.889600e-02 -1.002517e+00 2.835017e+00
-2.594600e-01 -1.011180e+00 2.549311e+00
-5.229700e-02 -1.042033e+00 2.671478e+00
-1.027720e-01 6.745470e-01 2.583477e+00
-2.901480e-01 3.802480e-01 2.692065e+00
6.712300e-02 3.614990e-01 2.705081e+00
-1.060630e-01 4.062520e-01 2.599942e+00
-1.231760e-01 2.266830e-01 2.811019e+00
-2.323120e-01 5.380000e-03 2.671273e+00
4.781000e-02 -1.700900e-02 2.682770e+00
-9.636500e-02 6.606000e-03 2.801438e+00
-3.304320e-01 1.185350e-01 2.648225e+00
1.257270e-01 9.957600e-02 2.704639e+00
-2.892760e-01 -1.481320e-01 2.542358e+00
1.608910e-01 -1.877250e-01 2.689329e+00
-2.636160e-01 -2.021090e-01 2.509348e+00
1.527150e-01 -2.550740e-01 2.697003e+00
-2.838400e-01 -5.611990e-01 2.688779e+00
-2.397600e-02 -5.855180e-01 2.737081e+00
-2.223760e-01 -9.800500e-01 2.744594e+00
-4.760400e-02 -9.987510e-01 2.842006e+00
-2.603730e-01 -1.007183e+00 2.582822e+00
-3.708300e-02 -1.040673e+00 2.679273e+00
-1.004880e-01 6.777330e-01 2.589023e+00
-2.886760e-01 3.740540e-01 2.690651e+00
6.875300e-02 3.616500e-01 2.706613e+00
-1.043050e-01 4.045410e-01 2.600492e+00
-1.199570e-01 2.220930e-01 2.809201e+00
-2.290080e-01 5.923000e-03 2.667566e+00
5.087800e-02 -2.001200e-02 2.677200e+00
-9.205300e-02 6.877000e-03 2.796672e+00
-3.311890e-01 1.119510e-01 2.651494e+00
1.371110e-01 1.021230e-01 2.709997e+00
-3.002520e-01 -1.591660e-01 2.553764e+00
1.696300e-01 -1.854870e-01 2.694641e+00
-2.885850e-01 -2.263980e-01 2.551451e+00
1.605890e-01 -2.515790e-01 2.680091e+00
-2.736260e-01 -5.637950e-01 2.698002e+00
-2.155400e-02 -5.869470e-01 2.734496e+00
-2.338990e-01 -9.850770e-01 2.755208e+00
-4.849000e-02 -1.003929e+00 2.822415e+00
-2.593300e-01 -1.009825e+00 2.590615e+00
-3.967100e-02 -1.039164e+00 2.658005e+00
-9.960900e-02 6.777550e-01 2.596095e+00
-2.858830e-01 3.747170e-01 2.687713e+00
7.094800e-02 3.601410e-01 2.712674e+00
-9.912100e-02 4.039130e-01 2.602169e+00
-1.211420e-01 2.219260e-01 2.810705e+00
-2.388950e-01 2.709000e-03 2.666419e+00
4.176500e-02 -1.547700e-02 2.667338e+00
-9.802100e-02 8.290000e-03 2.791116e+00
-3.328040e-01 1.132870e-01 2.649097e+00
1.320900e-01 9.879800e-02 2.712905e+00
-3.220190e-01 -1.685180e-01 2.582147e+00
1.575930e-01 -1.887140e-01 2.686467e+00
-3.021530e-01 -2.321020e-01 2.567179e+00
1.454830e-01 -2.547360e-01 2.698962e+00
-2.739170e-01 -5.661560e-01 2.694992e+00
-2.346300e-02 -5.846770e-01 2.729599e+00
-2.310270e-01 -9.868290e-01 2.754358e+00
-4.730500e-02 -9.971570e-01 2.837398e+00
-2.610100e-01 -1.012974e+00 2.590750e+00
-4.197700e-02 -1.039998e+00 2.674652e+00
-9.572100e-02 6.803720e-01 2.606108e+00
-2.881610e-01 3.696390e-01 2.684438e+00
6.759400e-02 3.577720e-01 2.722667e+00
-9.861400e-02 4.047800e-01 2.607708e+00
-1.263860e-01 2.130990e-01 2.806652e+00
-2.459090e-01 -8.691000e-03 2.646054e+00
3.246000e-02 -1.879900e-02 2.684911e+00
-1.231650e-01 4.857000e-03 2.788097e+00
-3.476890e-01 1.092880e-01 2.657757e+00
1.202830e-01 9.484900e-02 2.711092e+00
-3.474890e-01 -1.791150e-01 2.628833e+00
1.266150e-01 -1.932040e-01 2.679496e+00
-3.404020e-01 -2.461050e-01 2.639957e+00
1.125500e-01 -2.598190e-01 2.674377e+00
-2.692220e-01 -5.772080e-01 2.698917e+00
-2.565100e-02 -5.907550e-01 2.724642e+00
-2.293900e-01 -9.956990e-01 2.773803e+00
-4.925800e-02 -1.000856e+00 2.841216e+00
-2.323720e-01 -1.025627e+00 2.608136e+00
-1.966000e-02 -1.047751e+00 2.682235e+00
-9.643100e-02 6.748050e-01 2.605093e+00
-2.901100e-01 3.669220e-01 2.682825e+00
6.565200e-02 3.594940e-01 2.722100e+00
-1.008230e-01 4.056130e-01 2.607167e+00
-1.265750e-01 2.111390e-01 2.803657e+00
-2.535570e-01 -9.724000e-03 2.653350e+00
2.681000e-02 -2.363600e-02 2.670727e+00
-1.199890e-01 3.908000e-03 2.785257e+00
-3.525570e-01 1.068740e-01 2.660160e+00
1.184420e-01 9.717400e-02 2.701130e+00
-3.684450e-01 -1.823390e-01 2.649357e+00
1.008240e-01 -1.906420e-01 2.671728e+00
-3.619480e-01 -2.502570e-01 2.646810e+00
8.657000e-02 -2.569410e-01 2.663804e+00
-2.719340e-01 -5.802260e-01 2.692962e+00
-2.342600e-02 -5.930900e-01 2.720628e+00
-2.307290e-01 -9.961940e-01 2.780148e+00
-5.095400e-02 -1.000693e+00 2.844848e+00
-2.484150e-01 -1.032220e+00 2.616625e+00
-3.045200e-02 -1.050679e+00 2.685376e+00
-9.807400e-02 6.731220e-01 2.600221e+00
-2.936190e-01 3.706700e-01 2.684483e+00
6.226500e-02 3.642310e-01 2.722816e+00
-1.046600e-01 4.105060e-01 2.608601e+00
-1.292390e-01 2.146860e-01 2.803900e+00
-2.605840e-01 -8.652000e-03 2.644529e+00
1.915400e-02 -2.027900e-02 2.671239e+00
-1.315540e-01 6.847000e-03 2.780680e+00
-3.575780e-01 1.102560e-01 2.673005e+00
1.125610e-01 1.011920e-01 2.704950e+00
-3.723680e-01 -1.787770e-01 2.657060e+00
8.846300e-02 -1.846210e-01 2.663197e+00
-3.768210e-01 -2.396980e-01 2.687563e+00
7.392400e-02 -2.509980e-01 2.669847e+00
-2.732400e-01 -5.795840e-01 2.687988e+00
-2.709200e-02 -5.897660e-01 2.721457e+00
-2.260150e-01 -9.955390e-01 2.772133e+00
-5.063200e-02 -9.991190e-01 2.840644e+00
-2.375150e-01 -1.030099e+00 2.607745e+00
-2.518800e-02 -1.046994e+00 2.681236e+00
-9.941700e-02 6.760860e-01 2.600074e+00
