-3.842300e-01 3.067290e-01 2.791903e+00
-1.967715e-01 3.100825e-01 2.793995e+00
-9.313000e-03 3.134360e-01 2.796087e+00
-1.031070e-01 3.455075e-01 2.746763e+00
-1.969010e-01 3.775790e-01 2.697439e+00
-1.959140e-01 2.760560e-01 2.771742e+00
-1.949270e-01 1.745330e-01 2.846045e+00
-2.738685e-01 7.760200e-02 2.778237e+00
-3.528100e-01 -1.932900e-02 2.710429e+00
-1.850850e-01 -1.881950e-02 2.700830e+00
-1.736000e-02 -1.831000e-02 2.691232e+00
-9.845400e-02 -2.940950e-02 2.743834e+00
-1.795480e-01 -4.050900e-02 2.796435e+00
-2.966655e-01 -9.188500e-03 2.784762e+00
-4.137830e-01 2.213200e-02 2.773089e+00
-1.850715e-01 2.923650e-02 2.758911e+00
4.364000e-02 3.634100e-02 2.744733e+00
-1.773865e-01 -1.186660e-01 2.722380e+00
-3.984130e-01 -2.736730e-01 2.700028e+00
-1.877625e-01 -2.688535e-01 2.697790e+00
2.288800e-02 -2.640340e-01 2.695553e+00
-1.791965e-01 -3.030545e-01 2.704880e+00
-3.812810e-01 -3.420750e-01 2.714206e+00
-1.898625e-01 -3.358305e-01 2.694618e+00
1.556000e-03 -3.295860e-01 2.675030e+00
-1.455525e-01 -4.378855e-01 2.731175e+00
-2.926610e-01 -5.461850e-01 2.787320e+00
-1.785400e-01 -5.461810e-01 2.778924e+00
-6.441900e-02 -5.461770e-01 2.770528e+00
-1.794135e-01 -7.536840e-01 2.829181e+00
-2.944080e-01 -9.611910e-01 2.887834e+00
-1.778300e-01 -9.604780e-01 2.882263e+00
-6.125200e-02 -9.597650e-01 2.876691e+00
-1.836655e-01 -9.813595e-01 2.795943e+00
-3.060790e-01 -1.002954e+00 2.715196e+00
-1.866435e-01 -1.003497e+00 2.709792e+00
-6.720800e-02 -1.004039e+00 2.704388e+00
-1.361645e-01 -2.053105e-01 2.730695e+00
-2.051210e-01 5.934180e-01 2.757001e+00
-2.939860e-01 4.494655e-01 2.772077e+00
-3.828510e-01 3.055130e-01 2.787154e+00
-1.955865e-01 3.138445e-01 2.791489e+00
-8.322000e-03 3.221760e-01 2.795824e+00
-1.023325e-01 3.516660e-01 2.745316e+00
-1.963430e-01 3.811560e-01 2.694807e+00
-1.935590e-01 2.798165e-01 2.769314e+00
-1.907750e-01 1.784770e-01 2.843821e+00
-2.710805e-01 8.095250e-02 2.771803e+00
-3.513860e-01 -1.657200e-02 2.699786e+00
-1.833890e-01 -1.725200e-02 2.699047e+00
-1.539200e-02 -1.793200e-02 2.698308e+00
-9.922350e-02 -2.841500e-02 2.746564e+00
-1.830550e-01 -3.889800e-02 2.794821e+00
-2.977420e-01 -9.349000e-03 2.782934e+00
-4.124290e-01 2.020000e-02 2.771047e+00
-1.849860e-01 3.225050e-02 2.757241e+00
4.245700e-02 4.430100e-02 2.743435e+00
-1.775225e-01 -1.162685e-01 2.721971e+00
-3.975020e-01 -2.768380e-01 2.700506e+00
-1.862070e-01 -2.668835e-01 2.697528e+00
2.508800e-02 -2.569290e-01 2.694550e+00
-1.779040e-01 -3.012765e-01 2.703971e+00
-3.808960e-01 -3.456240e-01 2.713392e+00
-1.878325e-01 -3.343635e-01 2.693970e+00
5.231000e-03 -3.231030e-01 2.674548e+00
-1.442175e-01 -4.329035e-01 2.730923e+00
-2.936660e-01 -5.427040e-01 2.787298e+00
-1.792700e-01 -5.443515e-01 2.778156e+00
-6.487400e-02 -5.459990e-01 2.769014e+00
-1.794330e-01 -7.533085e-01 2.821983e+00
-2.939920e-01 -9.606180e-01 2.874953e+00
-1.789920e-01 -9.595965e-01 2.877018e+00
-6.399200e-02 -9.585750e-01 2.879083e+00
-1.801465e-01 -9.778640e-01 2.789921e+00
-2.963010e-01 -9.971530e-01 2.700758e+00
-1.783550e-01 -1.000798e+00 2.703944e+00
-6.040900e-02 -1.004442e+00 2.707131e+00
-1.308040e-01 -2.050805e-01 2.732381e+00
-2.011990e-01 5.942810e-01 2.757632e+00
-2.941340e-01 4.509200e-01 2.772968e+00
-3.870690e-01 3.075590e-01 2.788303e+00
-1.996875e-01 3.140635e-01 2.789775e+00
-1.230600e-02 3.205680e-01 2.791246e+00
-1.067890e-01 3.510580e-01 2.742235e+00
-2.012720e-01 3.815480e-01 2.693223e+00
-1.983320e-01 2.800565e-01 2.767517e+00
-1.953920e-01 1.785650e-01 2.841811e+00
-2.738540e-01 8.049600e-02 2.773820e+00
-3.523160e-01 -1.757300e-02 2.705830e+00
-1.845090e-01 -1.675700e-02 2.697826e+00
-1.670200e-02 -1.594100e-02 2.689822e+00
-9.827450e-02 -2.769600e-02 2.741533e+00
-1.798470e-01 -3.945100e-02 2.793244e+00
-2.965495e-01 -8.804000e-03 2.779773e+00
-4.132520e-01 2.184300e-02 2.766302e+00
-1.864325e-01 3.156950e-02 2.756227e+00
4.038700e-02 4.129600e-02 2.746152e+00
-1.777780e-01 -1.184070e-01 2.726818e+00
-3.959430e-01 -2.781100e-01 2.707483e+00
-1.842035e-01 -2.686790e-01 2.698361e+00
2.753600e-02 -2.592480e-01 2.689238e+00
-1.793870e-01 -3.028325e-01 2.708541e+00
-3.863100e-01 -3.464170e-01 2.727845e+00
-1.927270e-01 -3.357820e-01 2.703092e+00
8.560000e-04 -3.251470e-01 2.678340e+00
-1.465350e-01 -4.342180e-01 2.731818e+00
-2.939260e-01 -5.432890e-01 2.785295e+00
-1.798260e-01 -5.434955e-01 2.777237e+00
-6.572600e-02 -5.437020e-01 2.769179e+00
-1.796875e-01 -7.512315e-01 2.826526e+00
-2.936490e-01 -9.587610e-01 2.883872e+00
-1.782910e-01 -9.571715e-01 2.882830e+00
-6.293300e-02 -9.555820e-01 2.881788e+00
-1.833210e-01 -9.776880e-01 2.796373e+00
-3.037090e-01 -9.997940e-01 2.710958e+00
-1.853700e-01 -1.001167e+00 2.710550e+00
-6.703100e-02 -1.002539e+00 2.710142e+00
-1.366455e-01 -2.023085e-01 2.731172e+00
-2.062600e-01 5.979220e-01 2.752202e+00
-2.958990e-01 4.518410e-01 2.767759e+00
-3.855380e-01 3.057600e-01 2.783315e+00
-1.982565e-01 3.143030e-01 2.786295e+00
-1.097500e-02 3.228460e-01 2.789274e+00
-1.053940e-01 3.524415e-01 2.739596e+00
-1.998130e-01 3.820370e-01 2.689918e+00
-1.963530e-01 2.803750e-01 2.763956e+00
-1.928930e-01 1.787130e-01 2.837995e+00
-2.738995e-01 7.935600e-02 2.769101e+00
-3.549060e-01 -2.000100e-02 2.700206e+00
-1.869715e-01 -1.785050e-02 2.696035e+00
-1.903700e-02 -1.570000e-02 2.691864e+00
-1.016790e-01 -2.730100e-02 2.741884e+00
-1.843210e-01 -3.890200e-02 2.791904e+00
-3.005655e-01 -9.014000e-03 2.777208e+00
-4.168100e-01 2.087400e-02 2.762512e+00
-1.881735e-01 3.248650e-02 2.752309e+00
4.046300e-02 4.409900e-02 2.742107e+00
-1.794050e-01 -1.172330e-01 2.722745e+00
-3.992730e-01 -2.785650e-01 2.703382e+00
-1.870295e-01 -2.679010e-01 2.698087e+00
2.521400e-02 -2.572370e-01 2.692793e+00
-1.804995e-01 -2.999565e-01 2.713026e+00
-3.862130e-01 -3.426760e-01 2.733258e+00
-1.941235e-01 -3.332280e-01 2.712167e+00
-2.034000e-03 -3.237800e-01 2.691075e+00
-1.474640e-01 -4.349740e-01 2.735591e+00
-2.928940e-01 -5.461680e-01 2.780108e+00
-1.789620e-01 -5.456925e-01 2.772896e+00
-6.503000e-02 -5.452170e-01 2.765684e+00
-1.787110e-01 -7.565860e-01 2.806171e+00
-2.923920e-01 -9.679550e-01 2.846659e+00
-1.774790e-01 -9.623300e-01 2.863192e+00
-6.256600e-02 -9.567050e-01 2.879726e+00
-1.798795e-01 -9.761990e-01 2.775313e+00
-2.971930e-01 -9.956930e-01 2.670899e+00
-1.794065e-01 -9.999660e-01 2.689546e+00
-6.162000e-02 -1.004239e+00 2.708193e+00
-1.357885e-01 -2.054505e-01 2.727227e+00
-2.099570e-01 5.933380e-01 2.746262e+00
-3.023005e-01 4.515955e-01 2.762793e+00
-3.946440e-01 3.098530e-01 2.779325e+00
-2.076160e-01 3.201480e-01 2.787734e+00
-2.058800e-02 3.304430e-01 2.796143e+00
-1.139295e-01 3.606465e-01 2.744821e+00
-2.072710e-01 3.908500e-01 2.693500e+00
-2.047405e-01 2.869575e-01 2.764414e+00
-2.022100e-01 1.830650e-01 2.835328e+00
-2.787015e-01 8.403050e-02 2.764699e+00
-3.551930e-01 -1.500400e-02 2.694070e+00
-1.872365e-01 -1.265050e-02 2.697087e+00
-1.928000e-02 -1.029700e-02 2.700104e+00
-1.039590e-01 -2.272650e-02 2.746379e+00
-1.886380e-01 -3.515600e-02 2.792653e+00
-3.036330e-01 -5.118500e-03 2.785133e+00
-4.186280e-01 2.491900e-02 2.777613e+00
-1.891695e-01 4.060350e-02 2.759957e+00
4.028900e-02 5.628800e-02 2.742300e+00
-1.802010e-01 -1.068300e-01 2.723596e+00
-4.006910e-01 -2.699480e-01 2.704891e+00
-1.860270e-01 -2.572315e-01 2.701580e+00
2.863700e-02 -2.445150e-01 2.698270e+00
-1.777215e-01 -2.909635e-01 2.710882e+00
-3.840800e-01 -3.374120e-01 2.723494e+00
-1.883765e-01 -3.252310e-01 2.713230e+00
7.327000e-03 -3.130500e-01 2.702965e+00
-1.448120e-01 -4.265495e-01 2.740699e+00
-2.969510e-01 -5.400490e-01 2.778434e+00
-1.826310e-01 -5.408565e-01 2.769291e+00
-6.831100e-02 -5.416640e-01 2.760148e+00
-1.810530e-01 -7.478410e-01 2.821620e+00
-2.937950e-01 -9.540180e-01 2.883092e+00
-1.785425e-01 -9.524315e-01 2.882608e+00
-6.329000e-02 -9.508450e-01 2.882125e+00
-1.780730e-01 -9.742420e-01 2.796323e+00
-2.928560e-01 -9.976390e-01 2.710522e+00
-1.736250e-01 -9.995855e-01 2.711125e+00
-5.439400e-02 -1.001532e+00 2.711727e+00
-1.329535e-01 -2.025790e-01 2.728192e+00
-2.115130e-01 5.963740e-01 2.744657e+00
-3.042010e-01 4.542250e-01 2.762360e+00
-3.968890e-01 3.120760e-01 2.780063e+00
-2.096815e-01 3.201715e-01 2.786697e+00
-2.247400e-02 3.282670e-01 2.793330e+00
-1.158325e-01 3.580570e-01 2.741798e+00
-2.091910e-01 3.878470e-01 2.690267e+00
-2.074240e-01 2.862250e-01 2.764420e+00
-2.056570e-01 1.846030e-01 2.838573e+00
-2.813845e-01 8.576800e-02 2.767225e+00
-3.571120e-01 -1.306700e-02 2.695878e+00
-1.891495e-01 -1.114350e-02 2.698856e+00
-2.118700e-02 -9.220000e-03 2.701833e+00
-1.058765e-01 -2.208200e-02 2.747970e+00
-1.905660e-01 -3.494400e-02 2.794107e+00
-3.059055e-01 -3.457500e-03 2.787281e+00
-4.212450e-01 2.802900e-02 2.780455e+00
-1.919805e-01 4.111850e-02 2.761413e+00
3.728400e-02 5.420800e-02 2.742371e+00
-1.814995e-01 -1.056790e-01 2.724789e+00
-4.002830e-01 -2.655660e-01 2.707208e+00
-1.921755e-01 -2.554280e-01 2.703299e+00
1.593200e-02 -2.452900e-01 2.699390e+00
-1.904860e-01 -2.887275e-01 2.716776e+00
-3.969040e-01 -3.321650e-01 2.734162e+00
-1.965450e-01 -3.214910e-01 2.703241e+00
3.814000e-03 -3.108170e-01 2.672321e+00
-1.501840e-01 -4.249390e-01 2.722252e+00
-3.041820e-01 -5.390610e-01 2.772184e+00
-1.900040e-01 -5.406510e-01 2.761790e+00
-7.582600e-02 -5.422410e-01 2.751396e+00
-1.860990e-01 -7.476285e-01 2.814022e+00
-2.963720e-01 -9.530160e-01 2.876648e+00
-1.799035e-01 -9.510815e-01 2.878456e+00
-6.343500e-02 -9.491470e-01 2.880263e+00
-1.802505e-01 -9.728645e-01 2.792163e+00
-2.970660e-01 -9.965820e-01 2.704063e+00
-1.760190e-01 -9.995880e-01 2.707375e+00
-5.497200e-02 -1.002594e+00 2.710687e+00
-1.331965e-01 -2.022365e-01 2.730546e+00
-2.114210e-01 5.981210e-01 2.750406e+00
-3.075810e-01 4.540940e-01 2.770295e+00
-4.037410e-01 3.100670e-01 2.790184e+00
-2.164415e-01 3.181315e-01 2.793375e+00
-2.914200e-02 3.261960e-01 2.796565e+00
-1.234980e-01 3.572765e-01 2.747680e+00
-2.178540e-01 3.883570e-01 2.698796e+00
-2.146105e-01 2.847930e-01 2.770160e+00
-2.113670e-01 1.812290e-01 2.841523e+00
-2.869050e-01 8.454050e-02 2.764839e+00
-3.624430e-01 -1.214800e-02 2.688156e+00
-1.949335e-01 -1.255800e-02 2.700981e+00
-2.742400e-02 -1.296800e-02 2.713805e+00
-1.148330e-01 -2.527900e-02 2.754725e+00
-2.022420e-01 -3.759000e-02 2.795645e+00
-3.179295e-01 -5.121000e-03 2.795181e+00
-4.336170e-01 2.734800e-02 2.794717e+00
-2.027640e-01 4.047450e-02 2.767096e+00
2.808900e-02 5.360100e-02 2.739475e+00
-1.904990e-01 -1.037000e-01 2.723035e+00
-4.090870e-01 -2.610010e-01 2.706596e+00
-2.001030e-01 -2.534530e-01 2.704064e+00
8.881000e-03 -2.459050e-01 2.701533e+00
-1.952860e-01 -2.887505e-01 2.708984e+00
-3.994530e-01 -3.315960e-01 2.716436e+00
-2.032940e-01 -3.225995e-01 2.699849e+00
-7.135000e-03 -3.136030e-01 2.683262e+00
-1.588345e-01 -4.268215e-01 2.724464e+00
-3.105340e-01 -5.400400e-01 2.765666e+00
-1.981675e-01 -5.438780e-01 2.748830e+00
-8.580100e-02 -5.477160e-01 2.731995e+00
-1.938475e-01 -7.500265e-01 2.804213e+00
-3.018940e-01 -9.523370e-01 2.876432e+00
-1.833625e-01 -9.523060e-01 2.871713e+00
-6.483100e-02 -9.522750e-01 2.866993e+00
-1.792230e-01 -9.752915e-01 2.785832e+00
-2.936150e-01 -9.983080e-01 2.704670e+00
-1.701260e-01 -1.002890e+00 2.701710e+00
-4.663700e-02 -1.007473e+00 2.698749e+00
-1.317360e-01 -2.046230e-01 2.722884e+00
-2.168350e-01 5.982270e-01 2.747018e+00
-3.204460e-01 4.536250e-01 2.787338e+00
-4.240570e-01 3.090230e-01 2.827658e+00
-2.373515e-01 3.154905e-01 2.811680e+00
-5.064600e-02 3.219580e-01 2.795702e+00
-1.492860e-01 3.520090e-01 2.755381e+00
-2.479260e-01 3.820600e-01 2.715059e+00
-2.380460e-01 2.812745e-01 2.789715e+00
-2.281660e-01 1.804890e-01 2.864371e+00
-3.051865e-01 8.179900e-02 2.798475e+00
-3.822070e-01 -1.689100e-02 2.732580e+00
-2.148685e-01 -1.574200e-02 2.717732e+00
-4.753000e-02 -1.459300e-02 2.702884e+00
-1.269430e-01 -2.907100e-02 2.757200e+00
-2.063560e-01 -4.354900e-02 2.811517e+00
-3.304230e-01 -8.232500e-03 2.809252e+00
-4.544900e-01 2.708400e-02 2.806986e+00
-2.231060e-01 3.644450e-02 2.784679e+00
8.278000e-03 4.580500e-02 2.762372e+00
-2.150775e-01 -1.098385e-01 2.747062e+00
-4.384330e-01 -2.654820e-01 2.731752e+00
-2.245260e-01 -2.572000e-01 2.714297e+00
-1.061900e-02 -2.489180e-01 2.696842e+00
-2.169730e-01 -2.922400e-01 2.711380e+00
-4.233270e-01 -3.355620e-01 2.725919e+00
-2.218100e-01 -3.206420e-01 2.689857e+00
-2.029300e-02 -3.057220e-01 2.653795e+00
-1.750240e-01 -4.269450e-01 2.708538e+00
-3.297550e-01 -5.481680e-01 2.763281e+00
-2.250550e-01 -5.475595e-01 2.693867e+00
-1.203550e-01 -5.469510e-01 2.624452e+00
-2.122435e-01 -7.548450e-01 2.743381e+00
-3.041320e-01 -9.627390e-01 2.862309e+00
-1.821690e-01 -9.512300e-01 2.821557e+00
-6.020600e-02 -9.397210e-01 2.780804e+00
-1.938205e-01 -9.724100e-01 2.735902e+00
-3.274350e-01 -1.005099e+00 2.691001e+00
-1.989935e-01 -1.005953e+00 2.653628e+00
-7.055200e-02 -1.006808e+00 2.616255e+00
-1.608410e-01 -2.076315e-01 2.687515e+00
-2.511300e-01 5.915450e-01 2.758775e+00
-3.461070e-01 4.488075e-01 2.797822e+00
-4.410840e-01 3.060700e-01 2.836869e+00
-2.543435e-01 3.091240e-01 2.820291e+00
-6.760300e-02 3.121780e-01 2.803714e+00
-1.658465e-01 3.430990e-01 2.763083e+00
-2.640900e-01 3.740200e-01 2.722453e+00
-2.556690e-01 2.745140e-01 2.798981e+00
-2.472480e-01 1.750080e-01 2.875509e+00
-3.228860e-01 7.741000e-02 2.806995e+00
-3.985240e-01 -2.018800e-02 2.738480e+00
-2.306340e-01 -2.153700e-02 2.732557e+00
-6.274400e-02 -2.288600e-02 2.726635e+00
-1.451520e-01 -3.673100e-02 2.776470e+00
-2.275600e-01 -5.057600e-02 2.826305e+00
-3.515805e-01 -1.330350e-02 2.824264e+00
-4.756010e-01 2.396900e-02 2.822223e+00
-2.468930e-01 2.818800e-02 2.804711e+00
-1.818500e-02 3.240700e-02 2.787199e+00
-2.366845e-01 -1.188390e-01 2.770106e+00
-4.551840e-01 -2.700850e-01 2.753012e+00
-2.369735e-01 -2.617255e-01 2.720085e+00
-1.876300e-02 -2.533660e-01 2.687158e+00
-2.257060e-01 -2.936390e-01 2.707923e+00
-4.326490e-01 -3.339120e-01 2.728688e+00
-2.228570e-01 -3.280880e-01 2.697999e+00
-1.306500e-02 -3.222640e-01 2.667311e+00
-1.756895e-01 -4.386845e-01 2.713780e+00
-3.383140e-01 -5.551050e-01 2.760248e+00
-2.321080e-01 -5.420720e-01 2.658171e+00
-1.259020e-01 -5.290390e-01 2.556094e+00
-2.151075e-01 -7.483905e-01 2.710387e+00
-3.043130e-01 -9.677420e-01 2.864681e+00
-1.935830e-01 -9.545535e-01 2.761537e+00
-8.285300e-02 -9.413650e-01 2.658392e+00
-2.012440e-01 -9.769015e-01 2.675729e+00
-3.196350e-01 -1.012438e+00 2.693067e+00
-1.990840e-01 -9.981140e-01 2.589321e+00
-7.853300e-02 -9.837900e-01 2.485575e+00
-1.699670e-01 -1.993230e-01 2.619539e+00
-2.614010e-01 5.851440e-01 2.753503e+00
-3.582875e-01 4.474445e-01 2.793925e+00
-4.551740e-01 3.097450e-01 2.834347e+00
-2.677635e-01 3.126700e-01 2.829347e+00
-8.035300e-02 3.155950e-01 2.824348e+00
-1.758750e-01 3.466295e-01 2.777753e+00
-2.713970e-01 3.776640e-01 2.731157e+00
-2.677940e-01 2.780810e-01 2.807963e+00
-2.641910e-01 1.784980e-01 2.884768e+00
-3.380870e-01 8.123250e-02 2.815532e+00
-4.119830e-01 -1.603300e-02 2.746295e+00
-2.439950e-01 -1.622100e-02 2.748255e+00
-7.600700e-02 -1.640900e-02 2.750216e+00
-1.605630e-01 -3.146800e-02 2.795930e+00
-2.451190e-01 -4.652700e-02 2.841645e+00
-3.673520e-01 -1.017050e-02 2.834606e+00
-4.895850e-01 2.618600e-02 2.827566e+00
-2.583675e-01 3.093950e-02 2.815229e+00
-2.715000e-02 3.569300e-02 2.802892e+00
-2.481125e-01 -1.172860e-01 2.783188e+00
-4.690750e-01 -2.702650e-01 2.763484e+00
-2.506005e-01 -2.587120e-01 2.727554e+00
-3.212600e-02 -2.471590e-01 2.691624e+00
-2.363080e-01 -2.912190e-01 2.721866e+00
-4.404900e-01 -3.352790e-01 2.752108e+00
-2.402985e-01 -3.241615e-01 2.708004e+00
-4.010700e-02 -3.130440e-01 2.663899e+00
-1.902850e-01 -4.324070e-01 2.712042e+00
-3.404630e-01 -5.517700e-01 2.760185e+00
-2.350690e-01 -5.252365e-01 2.641888e+00
-1.296750e-01 -4.987030e-01 2.523592e+00
-2.156815e-01 -7.302280e-01 2.698329e+00
-3.016880e-01 -9.617530e-01 2.873066e+00
-2.094660e-01 -9.419690e-01 2.671682e+00
-1.172440e-01 -9.221850e-01 2.470297e+00
-2.131420e-01 -9.658970e-01 2.586037e+00
-3.090400e-01 -1.009609e+00 2.701777e+00
-2.064455e-01 -9.546220e-01 2.498009e+00
-1.038510e-01 -8.996350e-01 2.294240e+00
-1.865965e-01 -1.581940e-01 2.527058e+00
-2.693420e-01 5.832470e-01 2.759876e+00
-3.702895e-01 4.447710e-01 2.793989e+00
-4.712370e-01 3.062950e-01 2.828103e+00
-2.839640e-01 3.115005e-01 2.835716e+00
-9.669100e-02 3.167060e-01 2.843328e+00
-1.891815e-01 3.456255e-01 2.789775e+00
-2.816720e-01 3.745450e-01 2.736222e+00
-2.821520e-01 2.765100e-01 2.815075e+00
-2.826320e-01 1.784750e-01 2.893927e+00
-3.562600e-01 7.927050e-02 2.823556e+00
-4.298880e-01 -1.993400e-02 2.753184e+00
-2.623960e-01 -1.602800e-02 2.765639e+00
-9.490400e-02 -1.212200e-02 2.778094e+00
-1.817760e-01 -2.892650e-02 2.818557e+00
-2.686480e-01 -4.573100e-02 2.859020e+00
-3.855535e-01 -1.162450e-02 2.840502e+00
-5.024590e-01 2.248200e-02 2.821984e+00
-2.711035e-01 2.986300e-02 2.825234e+00
-3.974800e-02 3.724400e-02 2.828483e+00
-2.604355e-01 -1.203750e-01 2.805325e+00
-4.811230e-01 -2.779940e-01 2.782167e+00
-2.649520e-01 -2.573420e-01 2.739741e+00
-4.878100e-02 -2.366900e-01 2.697315e+00
-2.562975e-01 -2.921705e-01 2.742069e+00
-4.638140e-01 -3.476510e-01 2.786823e+00
-2.658975e-01 -3.172940e-01 2.718195e+00
-6.798100e-02 -2.869370e-01 2.649566e+00
-2.028655e-01 -4.210680e-01 2.702334e+00
-3.377500e-01 -5.551990e-01 2.755102e+00
-2.418105e-01 -5.038640e-01 2.617854e+00
-1.458710e-01 -4.525290e-01 2.480607e+00
-2.269275e-01 -7.067115e-01 2.682772e+00
-3.079840e-01 -9.608940e-01 2.884936e+00
-2.229475e-01 -8.677450e-01 2.542646e+00
-1.379110e-01 -7.745960e-01 2.200356e+00
-2.201690e-01 -8.946740e-01 2.457864e+00
-3.024270e-01 -1.014752e+00 2.715371e+00
-2.158905e-01 -8.362590e-01 2.390853e+00
-1.293540e-01 -6.577660e-01 2.066336e+00
-2.065905e-01 -3.802750e-02 2.409165e+00
-2.838270e-01 5.817110e-01 2.751994e+00
-3.818705e-01 4.460595e-01 2.790306e+00
-4.799140e-01 3.104080e-01 2.828618e+00
-2.926320e-01 3.112315e-01 2.837619e+00
-1.053500e-01 3.120550e-01 2.846619e+00
-1.966950e-01 3.418185e-01 2.791583e+00
-2.880400e-01 3.715820e-01 2.736547e+00
-2.915280e-01 2.756795e-01 2.817907e+00
-2.950160e-01 1.797770e-01 2.899266e+00
-3.678865e-01 7.859050e-02 2.832737e+00
-4.407570e-01 -2.259600e-02 2.766209e+00
-2.733165e-01 -1.228150e-02 2.775225e+00
-1.058760e-01 -1.967000e-03 2.784241e+00
-1.912415e-01 -2.144050e-02 2.826666e+00
-2.766070e-01 -4.091400e-02 2.869090e+00
-3.927450e-01 -6.671000e-03 2.843129e+00
-5.088830e-01 2.757200e-02 2.817168e+00
-2.760885e-01 3.096600e-02 2.832251e+00
-4.329400e-02 3.436000e-02 2.847333e+00
-2.657660e-01 -1.192080e-01 2.816305e+00
-4.882380e-01 -2.727760e-01 2.785277e+00
-2.706525e-01 -2.531135e-01 2.745889e+00
-5.306700e-02 -2.334510e-01 2.706500e+00
-2.618455e-01 -2.858360e-01 2.733848e+00
-4.706240e-01 -3.382210e-01 2.761195e+00
-2.701575e-01 -3.147580e-01 2.714156e+00
-6.969100e-02 -2.912950e-01 2.667116e+00
-2.037705e-01 -4.227865e-01 2.705114e+00
-3.378500e-01 -5.542780e-01 2.743112e+00
-2.415590e-01 -4.760315e-01 2.592418e+00
-1.452680e-01 -3.977850e-01 2.441725e+00
-2.371175e-01 -6.803075e-01 2.654340e+00
-3.289670e-01 -9.628300e-01 2.866956e+00
-2.549315e-01 -8.025035e-01 2.480176e+00
-1.808960e-01 -6.421770e-01 2.093395e+00
-2.521700e-01 -8.282545e-01 2.395027e+00
-3.234440e-01 -1.014332e+00 2.696659e+00
-2.497040e-01 -7.555445e-01 2.343761e+00
-1.759640e-01 -4.967570e-01 1.990862e+00
-2.336890e-01 4.116600e-02 2.374243e+00
-2.914140e-01 5.790890e-01 2.757625e+00
-3.882260e-01 4.406265e-01 2.793803e+00
-4.850380e-01 3.021640e-01 2.829981e+00
-2.979650e-01 3.060445e-01 2.842019e+00
-1.108920e-01 3.099250e-01 2.854057e+00
-2.018365e-01 3.387185e-01 2.797854e+00
-2.927810e-01 3.675120e-01 2.741651e+00
-2.959415e-01 2.707240e-01 2.821969e+00
-2.991020e-01 1.739360e-01 2.902286e+00
-3.739975e-01 7.456750e-02 2.837948e+00
-4.488930e-01 -2.480100e-02 2.773610e+00
-2.809315e-01 -2.142700e-02 2.774909e+00
-1.129700e-01 -1.805300e-02 2.776209e+00
-1.970230e-01 -3.421550e-02 2.822471e+00
-2.810760e-01 -5.037800e-02 2.868734e+00
-3.994800e-01 -1.560500e-02 2.843011e+00
-5.178840e-01 1.916800e-02 2.817288e+00
-2.851405e-01 2.499000e-02 2.835149e+00
-5.239700e-02 3.081200e-02 2.853010e+00
-2.750750e-01 -1.252835e-01 2.816939e+00
-4.977530e-01 -2.813790e-01 2.780867e+00
-2.810870e-01 -2.537875e-01 2.736529e+00
-6.442100e-02 -2.261960e-01 2.692192e+00
-2.739025e-01 -2.843045e-01 2.718910e+00
-4.833840e-01 -3.424130e-01 2.745629e+00
-2.744460e-01 -3.156690e-01 2.701323e+00
-6.550800e-02 -2.889250e-01 2.657018e+00
-2.020455e-01 -4.248590e-01 2.701919e+00
-3.385830e-01 -5.607930e-01 2.746821e+00
-2.533745e-01 -4.579510e-01 2.571296e+00
-1.681660e-01 -3.551090e-01 2.395772e+00
-2.476590e-01 -6.616515e-01 2.634983e+00
-3.271520e-01 -9.681940e-01 2.874193e+00
-2.225160e-01 -7.726425e-01 2.454340e+00
-1.178800e-01 -5.770910e-01 2.034488e+00
-2.217795e-01 -7.991805e-01 2.369393e+00
-3.256790e-01 -1.021270e+00 2.704297e+00
-2.229935e-01 -7.234325e-01 2.322682e+00
-1.203080e-01 -4.255950e-01 1.941068e+00
-2.074705e-01 7.488300e-02 2.346507e+00
-2.946330e-01 5.753610e-01 2.751945e+00
-3.922485e-01 4.399290e-01 2.798915e+00
-4.898640e-01 3.044970e-01 2.845885e+00
-3.024400e-01 3.072415e-01 2.850455e+00
-1.150160e-01 3.099860e-01 2.855024e+00
-2.079355e-01 3.387495e-01 2.802134e+00
-3.008550e-01 3.675130e-01 2.749243e+00
-3.014390e-01 2.716790e-01 2.830756e+00
-3.020230e-01 1.758450e-01 2.912269e+00
-3.813985e-01 7.509900e-02 2.846908e+00
-4.607740e-01 -2.564700e-02 2.781548e+00
-2.928445e-01 -2.086700e-02 2.780620e+00
-1.249150e-01 -1.608700e-02 2.779692e+00
-2.082230e-01 -3.241700e-02 2.827225e+00
-2.915310e-01 -4.874700e-02 2.874759e+00
-4.083605e-01 -1.201250e-02 2.845654e+00
-5.251900e-01 2.472200e-02 2.816549e+00
-2.934930e-01 2.812900e-02 2.837746e+00
-6.179600e-02 3.153600e-02 2.858942e+00
-2.805915e-01 -1.201170e-01 2.813160e+00
-4.993870e-01 -2.717700e-01 2.767379e+00
-2.865510e-01 -2.459570e-01 2.730234e+00
-7.371500e-02 -2.201440e-01 2.693090e+00
-2.905220e-01 -2.803630e-01 2.720549e+00
-5.073290e-01 -3.405820e-01 2.748008e+00
-2.897870e-01 -3.144615e-01 2.709145e+00
-7.224500e-02 -2.883410e-01 2.670282e+00
-2.042410e-01 -4.243980e-01 2.710869e+00
-3.362370e-01 -5.604550e-01 2.751456e+00
-2.595040e-01 -4.608575e-01 2.578689e+00
-1.827710e-01 -3.612600e-01 2.405921e+00
-2.592655e-01 -6.641865e-01 2.643802e+00
-3.357600e-01 -9.671130e-01 2.881683e+00
-1.863835e-01 -7.670400e-01 2.471488e+00
-3.700700e-02 -5.669670e-01 2.061293e+00
-1.840455e-01 -7.941715e-01 2.386756e+00
-3.310840e-01 -1.021376e+00 2.712220e+00
-1.926445e-01 -7.197555e-01 2.338701e+00
-5.420500e-02 -4.181350e-01 1.965182e+00
-1.773010e-01 7.795850e-02 2.357449e+00
-3.003970e-01 5.740520e-01 2.749717e+00
-3.958490e-01 4.406855e-01 2.799710e+00
-4.913010e-01 3.073190e-01 2.849704e+00
-1.163620e-01 3.118420e-01 2.854744e+00
-3.031420e-01 3.670200e-01 2.749369e+00
-3.031470e-01 1.799460e-01 2.917651e+00
-4.633660e-01 -2.892000e-02 2.791387e+00
-1.281310e-01 -1.019000e-02 2.778611e+00
-2.906550e-01 -4.639200e-02 2.879313e+00
-5.340340e-01 2.818200e-02 2.825531e+00
-6.223100e-02 3.364600e-02 2.856926e+00
-5.103900e-01 -2.657050e-01 2.762278e+00
-8.113400e-02 -2.205550e-01 2.695825e+00
-5.011490e-01 -3.368620e-01 2.757319e+00
-1.021940e-01 -2.623960e-01 2.641243e+00
-3.445240e-01 -5.613280e-01 2.758495e+00
-1.778260e-01 -3.759120e-01 2.421909e+00
-3.358770e-01 -9.719440e-01 2.875327e+00
-1.362830e-01 -6.843940e-01 2.129602e+00
-3.399880e-01 -1.020724e+00 2.704190e+00
-1.439900e-01 -5.626250e-01 2.000000e+00
-3.056010e-01 5.784820e-01 2.758263e+00
-4.959030e-01 3.013030e-01 2.851085e+00
-1.214500e-01 3.211530e-01 2.855093e+00
-3.105820e-01 3.680110e-01 2.749886e+00
-3.025420e-01 1.821360e-01 2.919300e+00
-4.627600e-01 -2.772600e-02 2.790459e+00
-1.276130e-01 -6.054000e-03 2.780293e+00
-2.907070e-01 -4.164000e-02 2.880290e+00
-5.352950e-01 2.238200e-02 2.827507e+00
-6.276800e-02 4.466100e-02 2.858787e+00
-5.131480e-01 -2.672500e-01 2.749580e+00
-7.087000e-02 -2.254010e-01 2.726684e+00
-4.958440e-01 -3.356830e-01 2.763394e+00
-8.420900e-02 -2.869930e-01 2.692017e+00
-3.526680e-01 -5.598020e-01 2.764997e+00
-1.692760e-01 -4.039710e-01 2.451033e+00
-3.362290e-01 -9.706630e-01 2.880119e+00
-1.520800e-01 -7.915340e-01 2.272625e+00
-3.424250e-01 -1.018889e+00 2.708888e+00
-1.477670e-01 -7.169670e-01 2.111055e+00
-3.039230e-01 5.793110e-01 2.777002e+00
-4.972890e-01 3.006080e-01 2.857099e+00
-1.230600e-01 3.211960e-01 2.844707e+00
-3.168180e-01 3.706880e-01 2.749610e+00
-3.009150e-01 1.799350e-01 2.912936e+00
-4.572380e-01 -2.353100e-02 2.781179e+00
-1.214130e-01 -1.604200e-02 2.773337e+00
-2.866010e-01 -4.181000e-02 2.872907e+00
-5.320300e-01 1.883000e-02 2.835764e+00
-6.365500e-02 4.298400e-02 2.833330e+00
-5.162830e-01 -2.782420e-01 2.778678e+00
-7.433600e-02 -2.478260e-01 2.749221e+00
-4.970050e-01 -3.459990e-01 2.764164e+00
-7.489200e-02 -3.115450e-01 2.715861e+00
-3.504190e-01 -5.603910e-01 2.777703e+00
-1.710450e-01 -4.731720e-01 2.515107e+00
-3.196560e-01 -9.775620e-01 2.863445e+00
-1.334440e-01 -8.971830e-01 2.481487e+00
-3.253370e-01 -1.013782e+00 2.689262e+00
-1.255980e-01 -8.824360e-01 2.304272e+00
-3.127370e-01 5.824750e-01 2.762455e+00
-4.960110e-01 2.993690e-01 2.870128e+00
-1.234960e-01 3.264590e-01 2.836607e+00
-3.232380e-01 3.778930e-01 2.756029e+00
-2.951370e-01 1.789930e-01 2.907569e+00
-4.589010e-01 -2.098400e-02 2.785356e+00
-1.244720e-01 -1.754200e-02 2.753078e+00
-2.822380e-01 -3.822000e-02 2.865095e+00
-5.238520e-01 1.684900e-02 2.842968e+00
-6.586000e-02 4.743300e-02 2.824242e+00
-5.177170e-01 -2.817060e-01 2.789195e+00
-7.382400e-02 -2.456630e-01 2.746168e+00
-4.993280e-01 -3.493710e-01 2.773173e+00
-9.625300e-02 -3.042230e-01 2.710941e+00
-3.550070e-01 -5.593280e-01 2.779612e+00
-1.698060e-01 -5.140050e-01 2.574859e+00
-3.089890e-01 -9.685740e-01 2.892438e+00
-1.217720e-01 -9.304100e-01 2.656283e+00
-3.286300e-01 -1.017643e+00 2.722466e+00
-1.178050e-01 -9.641190e-01 2.481549e+00
-3.217000e-01 5.866350e-01 2.776443e+00
-4.938950e-01 2.958770e-01 2.862780e+00
-1.221940e-01 3.310580e-01 2.827772e+00
-3.233230e-01 3.779910e-01 2.747899e+00
-2.902920e-01 1.799800e-01 2.899610e+00
-4.577730e-01 -2.506700e-02 2.772592e+00
-1.236500e-01 -1.999400e-02 2.737487e+00
-2.803530e-01 -3.988400e-02 2.851127e+00
-5.212880e-01 1.174100e-02 2.847589e+00
-6.256000e-02 5.199800e-02 2.810938e+00
-5.121500e-01 -2.890770e-01 2.803727e+00
-6.618500e-02 -2.455750e-01 2.748199e+00
-4.918250e-01 -3.580150e-01 2.806507e+00
-8.919000e-02 -3.125560e-01 2.735646e+00
-3.634960e-01 -5.610000e-01 2.799241e+00
-1.609370e-01 -5.468200e-01 2.652297e+00
-2.995650e-01 -9.755630e-01 2.879112e+00
-1.158950e-01 -9.493510e-01 2.787463e+00
-3.232920e-01 -1.012459e+00 2.706602e+00
-1.132360e-01 -1.005739e+00 2.618652e+00
-3.206970e-01 5.895480e-01 2.801050e+00
-4.854480e-01 2.921590e-01 2.863680e+00
-1.164530e-01 3.250150e-01 2.805470e+00
-3.218810e-01 3.736850e-01 2.738643e+00
-2.807470e-01 1.747200e-01 2.887089e+00
-4.561280e-01 -2.326900e-02 2.767619e+00
-1.245900e-01 -1.875600e-02 2.713230e+00
-2.746230e-01 -4.486500e-02 2.834364e+00
-5.168620e-01 6.186000e-03 2.852346e+00
-6.382100e-02 4.303500e-02 2.780697e+00
-5.125040e-01 -2.970020e-01 2.808818e+00
-6.782300e-02 -2.586430e-01 2.727680e+00
-4.956180e-01 -3.668050e-01 2.812771e+00
-7.120700e-02 -3.303220e-01 2.732573e+00
-3.603710e-01 -5.575750e-01 2.792019e+00
-1.533920e-01 -5.486490e-01 2.778283e+00
-2.993950e-01 -9.666170e-01 2.898302e+00
-1.141010e-01 -9.532680e-01 2.908932e+00
-3.319680e-01 -1.015157e+00 2.730175e+00
-1.341680e-01 -1.009375e+00 2.741202e+00
-3.194750e-01 5.896500e-01 2.789040e+00
-4.743400e-01 2.924210e-01 2.860877e+00
-1.081180e-01 3.167840e-01 2.783983e+00
-3.158420e-01 3.650690e-01 2.724364e+00
-2.702500e-01 1.732770e-01 2.880737e+00
-4.523270e-01 -2.475200e-02 2.766747e+00
-1.236810e-01 -2.756200e-02 2.696893e+00
-2.683000e-01 -4.835400e-02 2.825416e+00
-5.130860e-01 5.880000e-03 2.858442e+00
-6.004800e-02 3.277900e-02 2.758611e+00
-5.026320e-01 -2.989930e-01 2.818550e+00
-6.464800e-02 -2.735620e-01 2.730645e+00
-5.007250e-01 -3.664370e-01 2.843471e+00
-9.017300e-02 -3.397350e-01 2.742601e+00
-3.572200e-01 -5.604670e-01 2.796419e+00
-1.518390e-01 -5.427970e-01 2.825191e+00
-2.940680e-01 -9.701990e-01 2.898700e+00
-1.222010e-01 -9.562340e-01 2.927765e+00
-3.344970e-01 -1.018024e+00 2.732080e+00
-1.578220e-01 -1.000630e+00 2.759111e+00
-3.153280e-01 5.893250e-01 2.773231e+00
-4.729230e-01 2.949850e-01 2.854272e+00
-1.063480e-01 3.211300e-01 2.779677e+00
-3.140050e-01 3.668000e-01 2.717806e+00
-2.680380e-01 1.778230e-01 2.877463e+00
-4.522140e-01 -2.497800e-02 2.764998e+00
-1.228130e-01 -2.594100e-02 2.698741e+00
-2.685600e-01 -4.421400e-02 2.826370e+00
-5.046550e-01 7.033000e-03 2.853276e+00
-5.417100e-02 3.701800e-02 2.757718e+00
-4.963980e-01 -2.991600e-01 2.818957e+00
-6.211300e-02 -2.694720e-01 2.726072e+00
-4.860500e-01 -3.700540e-01 2.825306e+00
-9.675300e-02 -3.305000e-01 2.741851e+00
-3.507530e-01 -5.593540e-01 2.806606e+00
-1.453090e-01 -5.448450e-01 2.816540e+00
-2.976800e-01 -9.718660e-01 2.903284e+00
-1.237780e-01 -9.613040e-01 2.908340e+00
-3.344120e-01 -1.016074e+00 2.734819e+00
-1.564610e-01 -1.000580e+00 2.737831e+00
-3.078330e-01 5.865830e-01 2.775380e+00
-4.741930e-01 3.023570e-01 2.846740e+00
-1.042700e-01 3.259050e-01 2.789932e+00
-3.083560e-01 3.736110e-01 2.718460e+00
-2.715890e-01 1.833960e-01 2.879027e+00
-4.504930e-01 -2.318700e-02 2.769325e+00
-1.213220e-01 -1.912300e-02 2.702051e+00
-2.663640e-01 -3.906200e-02 2.830233e+00
-5.038780e-01 1.538200e-02 2.838927e+00
-5.326200e-02 4.193300e-02 2.782473e+00
-4.859280e-01 -2.905750e-01 2.819983e+00
-7.030200e-02 -2.558560e-01 2.709523e+00
-4.908840e-01 -3.590070e-01 2.841568e+00
-8.484200e-02 -3.255640e-01 2.719661e+00
-3.525130e-01 -5.564790e-01 2.809004e+00
-1.418580e-01 -5.461210e-01 2.790724e+00
-3.000190e-01 -9.718730e-01 2.892799e+00
-1.242910e-01 -9.605320e-01 2.892136e+00
-3.375370e-01 -1.010824e+00 2.723214e+00
-1.533870e-01 -1.003436e+00 2.721852e+00
-3.104120e-01 5.885230e-01 2.760912e+00
-4.751860e-01 3.030120e-01 2.841902e+00
-1.038590e-01 3.305810e-01 2.797385e+00
-3.059690e-01 3.761590e-01 2.719222e+00
-2.724930e-01 1.862030e-01 2.880813e+00
-4.519960e-01 -2.157100e-02 2.760756e+00
-1.182970e-01 -1.550700e-02 2.721976e+00
-2.736980e-01 -3.959000e-02 2.836587e+00
-5.056480e-01 1.875300e-02 2.828457e+00
-5.456200e-02 4.881400e-02 2.787981e+00
-4.832720e-01 -2.844550e-01 2.811528e+00
-6.271200e-02 -2.462190e-01 2.713070e+00
-4.960740e-01 -3.550380e-01 2.816770e+00
-8.255900e-02 -3.146940e-01 2.722583e+00
-3.536120e-01 -5.537740e-01 2.806729e+00
-1.431270e-01 -5.455230e-01 2.786265e+00
-3.002040e-01 -9.694590e-01 2.888482e+00
-1.246960e-01 -9.586020e-01 2.892828e+00
-3.231090e-01 -1.006351e+00 2.715860e+00
-1.373220e-01 -1.003481e+00 2.721041e+00
-3.130070e-01 5.830950e-01 2.738329e+00
-4.742130e-01 2.991370e-01 2.848993e+00
-1.029020e-01 3.290050e-01 2.805852e+00
-3.050340e-01 3.776570e-01 2.729626e+00
-2.714010e-01 1.809990e-01 2.882955e+00
-4.475060e-01 -2.005500e-02 2.762975e+00
-1.139270e-01 -1.711100e-02 2.722819e+00
-2.690800e-01 -4.015600e-02 2.837979e+00
-4.974790e-01 1.518000e-02 2.831344e+00
-5.113500e-02 4.851000e-02 2.794572e+00
-4.848960e-01 -2.859000e-01 2.793511e+00
-5.816400e-02 -2.468960e-01 2.724395e+00
-4.644980e-01 -3.543550e-01 2.785079e+00
-7.852000e-02 -3.131990e-01 2.743444e+00
-3.505340e-01 -5.524290e-01 2.812464e+00
-1.370090e-01 -5.452610e-01 2.789465e+00
-3.021320e-01 -9.715770e-01 2.878051e+00
-1.238950e-01 -9.540330e-01 2.912193e+00
-3.254730e-01 -1.001485e+00 2.704141e+00
-1.345580e-01 -1.005440e+00 2.742112e+00
-3.049130e-01 5.648600e-01 2.706611e+00
-4.698540e-01 3.030380e-01 2.847508e+00
-9.698700e-02 3.234160e-01 2.813158e+00
-2.959680e-01 3.726810e-01 2.729404e+00
-2.705790e-01 1.824620e-01 2.892153e+00
-4.466130e-01 -2.534100e-02 2.779353e+00
-1.139010e-01 -1.652400e-02 2.733299e+00
-2.665880e-01 -4.589500e-02 2.850301e+00
-5.016690e-01 1.889900e-02 2.840408e+00
-4.905700e-02 4.147900e-02 2.809701e+00
-4.795590e-01 -2.754170e-01 2.766368e+00
-5.020300e-02 -2.562480e-01 2.746851e+00
-4.651050e-01 -3.424480e-01 2.788077e+00
-6.615700e-02 -3.260850e-01 2.740407e+00
-3.477590e-01 -5.571370e-01 2.812443e+00
-1.376540e-01 -5.464580e-01 2.796924e+00
-3.018580e-01 -9.753590e-01 2.885328e+00
-1.271190e-01 -9.613300e-01 2.897418e+00
-3.275830e-01 -1.008335e+00 2.712311e+00
-1.432070e-01 -1.003450e+00 2.725223e+00
-2.984340e-01 5.181260e-01 2.648947e+00
