-4.599250e-01 3.020400e-01 2.643915e+00
-2.725590e-01 3.083105e-01 2.647223e+00
-8.519300e-02 3.145810e-01 2.650532e+00
-1.790020e-01 3.350785e-01 2.611232e+00
-2.728110e-01 3.555760e-01 2.571931e+00
-2.712585e-01 2.648370e-01 2.655997e+00
-2.697060e-01 1.740980e-01 2.740063e+00
-3.675595e-01 6.188500e-02 2.685017e+00
-4.654130e-01 -5.032800e-02 2.629971e+00
-2.693295e-01 -5.787300e-02 2.632897e+00
-7.324600e-02 -6.541800e-02 2.635822e+00
-1.722870e-01 -6.445000e-02 2.694095e+00
-2.713280e-01 -6.348200e-02 2.752367e+00
-3.963265e-01 -2.481250e-02 2.703601e+00
-5.213250e-01 1.385700e-02 2.654834e+00
-2.732530e-01 2.005550e-02 2.659838e+00
-2.518100e-02 2.625400e-02 2.664841e+00
-2.590980e-01 -1.280775e-01 2.614466e+00
-4.930150e-01 -2.824090e-01 2.564091e+00
-2.676965e-01 -2.816240e-01 2.590974e+00
-4.237800e-02 -2.808390e-01 2.617857e+00
-2.608120e-01 -3.167135e-01 2.587143e+00
-4.792460e-01 -3.525880e-01 2.556430e+00
-2.688665e-01 -3.456870e-01 2.567420e+00
-5.848700e-02 -3.387860e-01 2.578411e+00
-2.243720e-01 -4.732045e-01 2.628537e+00
-3.902570e-01 -6.076230e-01 2.678663e+00
-2.807775e-01 -6.053660e-01 2.710904e+00
-1.712980e-01 -6.031090e-01 2.743145e+00
-2.736735e-01 -8.183755e-01 2.739213e+00
-3.760490e-01 -1.033642e+00 2.735281e+00
-2.955205e-01 -1.030549e+00 2.766232e+00
-2.149920e-01 -1.027456e+00 2.797183e+00
-2.961935e-01 -1.042189e+00 2.678819e+00
-3.773950e-01 -1.056922e+00 2.560454e+00
-2.933020e-01 -1.053616e+00 2.591422e+00
-2.092090e-01 -1.050310e+00 2.622390e+00
-2.456755e-01 -2.339045e-01 2.585162e+00
-2.821420e-01 5.825010e-01 2.547934e+00
-3.704120e-01 4.414985e-01 2.594701e+00
-4.586820e-01 3.004960e-01 2.641468e+00
-2.713685e-01 3.068525e-01 2.646891e+00
-8.405500e-02 3.132090e-01 2.652314e+00
-1.774235e-01 3.336580e-01 2.611954e+00
-2.707920e-01 3.541070e-01 2.571593e+00
-2.701480e-01 2.633805e-01 2.655685e+00
-2.695040e-01 1.726540e-01 2.739777e+00
-3.672140e-01 5.949800e-02 2.682338e+00
-4.649240e-01 -5.365800e-02 2.624899e+00
-2.688200e-01 -5.909600e-02 2.630154e+00
-7.271600e-02 -6.453400e-02 2.635409e+00
-1.724545e-01 -6.493250e-02 2.692486e+00
-2.721930e-01 -6.533100e-02 2.749563e+00
-3.935585e-01 -2.711700e-02 2.703181e+00
-5.149240e-01 1.109700e-02 2.656799e+00
-2.684690e-01 1.796150e-02 2.660388e+00
-2.201400e-02 2.482600e-02 2.663976e+00
-2.658870e-01 -1.340550e-01 2.626545e+00
-5.097600e-01 -2.929360e-01 2.589113e+00
-2.747610e-01 -2.876830e-01 2.602447e+00
-3.976200e-02 -2.824300e-01 2.615780e+00
-2.600705e-01 -3.185975e-01 2.591411e+00
-4.803790e-01 -3.547650e-01 2.567041e+00
-2.713435e-01 -3.525660e-01 2.587889e+00
-6.230800e-02 -3.503670e-01 2.608737e+00
-2.265940e-01 -4.796970e-01 2.643515e+00
-3.908800e-01 -6.090270e-01 2.678294e+00
-2.799885e-01 -6.064330e-01 2.708876e+00
-1.690970e-01 -6.038390e-01 2.739458e+00
-2.729610e-01 -8.193575e-01 2.737839e+00
-3.768250e-01 -1.034876e+00 2.736219e+00
-2.855760e-01 -1.032275e+00 2.764895e+00
-1.943270e-01 -1.029674e+00 2.793572e+00
-2.851950e-01 -1.044148e+00 2.677512e+00
-3.760630e-01 -1.058623e+00 2.561452e+00
-2.822345e-01 -1.055432e+00 2.590099e+00
-1.884060e-01 -1.052241e+00 2.618747e+00
-2.339200e-01 -2.323915e-01 2.580772e+00
-2.794340e-01 5.874580e-01 2.542797e+00
-3.704625e-01 4.437060e-01 2.597299e+00
-4.614910e-01 2.999540e-01 2.651801e+00
-2.741195e-01 3.067475e-01 2.653222e+00
-8.674800e-02 3.135410e-01 2.654643e+00
-1.810275e-01 3.343235e-01 2.616639e+00
-2.753070e-01 3.551060e-01 2.578635e+00
-2.726005e-01 2.631545e-01 2.661344e+00
-2.698940e-01 1.712030e-01 2.744053e+00
-3.678935e-01 5.951250e-02 2.691021e+00
-4.658930e-01 -5.217800e-02 2.637989e+00
-2.697865e-01 -5.843600e-02 2.633839e+00
-7.368000e-02 -6.469400e-02 2.629688e+00
-1.705775e-01 -6.494000e-02 2.691467e+00
-2.674750e-01 -6.518600e-02 2.753245e+00
-3.917685e-01 -2.745800e-02 2.709377e+00
-5.160620e-01 1.027000e-02 2.665510e+00
-2.704840e-01 1.772550e-02 2.665229e+00
-2.490600e-02 2.518100e-02 2.664948e+00
-2.663870e-01 -1.329125e-01 2.626066e+00
-5.078680e-01 -2.910060e-01 2.587185e+00
-2.748435e-01 -2.852165e-01 2.594854e+00
-4.181900e-02 -2.794270e-01 2.602523e+00
-2.602090e-01 -3.175065e-01 2.588813e+00
-4.785990e-01 -3.555860e-01 2.575102e+00
-2.660005e-01 -3.527960e-01 2.585012e+00
-5.340200e-02 -3.500060e-01 2.594921e+00
-2.220200e-01 -4.793490e-01 2.637916e+00
-3.906380e-01 -6.086920e-01 2.680911e+00
-2.811005e-01 -6.057315e-01 2.711483e+00
-1.715630e-01 -6.027710e-01 2.742055e+00
-2.715680e-01 -8.186315e-01 2.739906e+00
-3.715730e-01 -1.034492e+00 2.737757e+00
-2.878560e-01 -1.031227e+00 2.767532e+00
-2.041390e-01 -1.027961e+00 2.797307e+00
-2.919730e-01 -1.043065e+00 2.680240e+00
-3.798070e-01 -1.058168e+00 2.563173e+00
-2.928995e-01 -1.054358e+00 2.592783e+00
-2.059920e-01 -1.050548e+00 2.622394e+00
-2.425115e-01 -2.317490e-01 2.583152e+00
-2.790310e-01 5.870500e-01 2.543910e+00
-3.707370e-01 4.432810e-01 2.598710e+00
-4.624430e-01 2.995120e-01 2.653509e+00
-2.751160e-01 3.074270e-01 2.654980e+00
-8.778900e-02 3.153420e-01 2.656450e+00
-1.822085e-01 3.361420e-01 2.618806e+00
-2.766280e-01 3.569420e-01 2.581161e+00
-2.733275e-01 2.637220e-01 2.662416e+00
-2.700270e-01 1.705020e-01 2.743671e+00
-3.667330e-01 5.933850e-02 2.687976e+00
-4.634390e-01 -5.182500e-02 2.632281e+00
-2.673445e-01 -5.942300e-02 2.634110e+00
-7.125000e-02 -6.702100e-02 2.635938e+00
-1.700485e-01 -6.826900e-02 2.694616e+00
-2.688470e-01 -6.951700e-02 2.753293e+00
-3.939850e-01 -2.950600e-02 2.712251e+00
-5.191230e-01 1.050500e-02 2.671210e+00
-2.714065e-01 1.900550e-02 2.668651e+00
-2.369000e-02 2.750600e-02 2.666092e+00
-2.670395e-01 -1.308850e-01 2.626851e+00
-5.103890e-01 -2.892760e-01 2.587611e+00
-2.751810e-01 -2.836390e-01 2.597984e+00
-3.997300e-02 -2.780020e-01 2.608357e+00
-2.641525e-01 -3.171030e-01 2.605185e+00
-4.883320e-01 -3.562040e-01 2.602013e+00
-2.742400e-01 -3.481070e-01 2.590008e+00
-6.014800e-02 -3.400100e-01 2.578004e+00
-2.255350e-01 -4.741640e-01 2.629049e+00
-3.909220e-01 -6.083180e-01 2.680095e+00
-2.799265e-01 -6.065745e-01 2.709182e+00
-1.689310e-01 -6.048310e-01 2.738270e+00
-2.723935e-01 -8.196880e-01 2.736587e+00
-3.758560e-01 -1.034545e+00 2.734904e+00
-2.938945e-01 -1.031222e+00 2.768463e+00
-2.119330e-01 -1.027899e+00 2.802022e+00
-2.951560e-01 -1.042512e+00 2.681010e+00
-3.783790e-01 -1.057125e+00 2.559998e+00
-2.928965e-01 -1.055873e+00 2.593870e+00
-2.074140e-01 -1.054621e+00 2.627742e+00
-2.449645e-01 -2.324315e-01 2.589727e+00
-2.825150e-01 5.897580e-01 2.551713e+00
-3.727500e-01 4.463195e-01 2.602833e+00
-4.629850e-01 3.028810e-01 2.653953e+00
-8.828100e-02 3.167910e-01 2.659247e+00
-2.764540e-01 3.599050e-01 2.583145e+00
-2.717640e-01 1.722320e-01 2.744296e+00
-4.651780e-01 -5.025700e-02 2.634734e+00
-7.287500e-02 -6.249900e-02 2.636930e+00
-2.699920e-01 -6.592700e-02 2.755066e+00
-5.219500e-01 1.484000e-02 2.673774e+00
-2.542900e-02 2.892300e-02 2.663557e+00
-5.097850e-01 -2.853720e-01 2.593645e+00
-4.052500e-02 -2.771490e-01 2.610756e+00
-4.905980e-01 -3.541360e-01 2.602401e+00
-5.895700e-02 -3.417640e-01 2.585095e+00
-3.888680e-01 -6.064230e-01 2.680543e+00
-1.674740e-01 -6.012470e-01 2.739797e+00
-3.757500e-01 -1.032007e+00 2.740597e+00
-2.143050e-01 -1.025636e+00 2.790800e+00
-3.785470e-01 -1.056733e+00 2.565986e+00
-2.090070e-01 -1.047248e+00 2.615835e+00
-2.859570e-01 5.879140e-01 2.552003e+00
-4.686940e-01 2.986460e-01 2.650548e+00
-9.424700e-02 3.160870e-01 2.661053e+00
-2.816880e-01 3.566160e-01 2.581789e+00
-2.776130e-01 1.707770e-01 2.745068e+00
-4.720630e-01 -5.396500e-02 2.633719e+00
-7.967400e-02 -6.153600e-02 2.639205e+00
-2.777220e-01 -6.742900e-02 2.755675e+00
-5.217170e-01 1.021400e-02 2.674781e+00
-3.154700e-02 2.861400e-02 2.665479e+00
-5.145640e-01 -2.880070e-01 2.588549e+00
-4.528600e-02 -2.781140e-01 2.619084e+00
-4.875530e-01 -3.546470e-01 2.590242e+00
-6.634600e-02 -3.334330e-01 2.578225e+00
-3.910620e-01 -6.088920e-01 2.681482e+00
-1.672510e-01 -6.016200e-01 2.739761e+00
-3.684250e-01 -1.035218e+00 2.732800e+00
-1.908170e-01 -1.027943e+00 2.790690e+00
-3.697800e-01 -1.056368e+00 2.557703e+00
-1.863960e-01 -1.049098e+00 2.615645e+00
-2.838570e-01 5.834140e-01 2.554804e+00
-4.706480e-01 3.039640e-01 2.649164e+00
-9.590000e-02 3.137830e-01 2.658788e+00
-2.825930e-01 3.564580e-01 2.578887e+00
-2.821170e-01 1.742510e-01 2.746258e+00
-4.742010e-01 -5.152800e-02 2.635231e+00
-8.201300e-02 -6.298200e-02 2.645869e+00
-2.815860e-01 -6.560000e-02 2.759827e+00
-5.307030e-01 1.722000e-02 2.671874e+00
-3.432100e-02 2.674300e-02 2.671457e+00
-5.178460e-01 -2.854990e-01 2.605969e+00
-4.885700e-02 -2.785170e-01 2.618988e+00
-5.082910e-01 -3.463750e-01 2.568872e+00
-5.647600e-02 -3.348160e-01 2.574878e+00
-3.953610e-01 -6.081300e-01 2.680829e+00
-1.718020e-01 -6.025860e-01 2.743750e+00
-3.709630e-01 -1.033795e+00 2.736633e+00
-2.179710e-01 -1.026797e+00 2.796797e+00
-3.708550e-01 -1.056715e+00 2.561754e+00
-2.084210e-01 -1.049673e+00 2.622173e+00
-2.893000e-01 5.841710e-01 2.550900e+00
-4.765200e-01 3.012750e-01 2.640994e+00
-1.021040e-01 3.150760e-01 2.656723e+00
-2.878030e-01 3.540240e-01 2.572709e+00
-2.884370e-01 1.757310e-01 2.744243e+00
-4.780210e-01 -5.254600e-02 2.639650e+00
-8.573500e-02 -6.305200e-02 2.647240e+00
-2.843820e-01 -6.506100e-02 2.762817e+00
-5.346440e-01 1.457500e-02 2.672280e+00
-3.746300e-02 2.889000e-02 2.678477e+00
-5.215990e-01 -2.877870e-01 2.603085e+00
-5.224800e-02 -2.772360e-01 2.628991e+00
-5.033300e-01 -3.557090e-01 2.618124e+00
-6.195500e-02 -3.432740e-01 2.602193e+00
-3.954350e-01 -6.095190e-01 2.682002e+00
-1.757820e-01 -6.039240e-01 2.743469e+00
-3.757180e-01 -1.035561e+00 2.736770e+00
-1.984760e-01 -1.030540e+00 2.792296e+00
-3.760470e-01 -1.058064e+00 2.561836e+00
-1.936270e-01 -1.050843e+00 2.617161e+00
-2.884420e-01 5.838730e-01 2.532406e+00
-4.908340e-01 2.979760e-01 2.628044e+00
-1.172210e-01 3.153580e-01 2.655166e+00
-3.004030e-01 3.498700e-01 2.563994e+00
-3.052760e-01 1.776070e-01 2.741517e+00
-4.896740e-01 -5.257500e-02 2.631915e+00
-9.825300e-02 -5.902000e-02 2.660282e+00
-3.026780e-01 -6.034800e-02 2.765313e+00
-5.484430e-01 1.068700e-02 2.659260e+00
-5.009800e-02 3.056700e-02 2.690048e+00
-5.313220e-01 -2.934180e-01 2.596711e+00
-6.001900e-02 -2.770290e-01 2.645639e+00
-5.051270e-01 -3.604000e-01 2.597514e+00
-6.377300e-02 -3.472730e-01 2.630642e+00
-3.972000e-01 -6.088080e-01 2.684745e+00
-1.778400e-01 -6.016250e-01 2.747426e+00
-3.879800e-01 -1.035794e+00 2.734732e+00
-1.911380e-01 -1.028669e+00 2.795969e+00
-3.768550e-01 -1.056024e+00 2.559875e+00
-1.769140e-01 -1.048962e+00 2.621344e+00
-3.033380e-01 5.778980e-01 2.527895e+00
-5.005420e-01 2.965180e-01 2.612630e+00
-1.277210e-01 3.134320e-01 2.649288e+00
-3.081570e-01 3.449240e-01 2.551766e+00
-3.187990e-01 1.801520e-01 2.736020e+00
-4.982350e-01 -5.723500e-02 2.630144e+00
-1.071870e-01 -5.755700e-02 2.663877e+00
-3.129900e-01 -6.114600e-02 2.766128e+00
-5.581410e-01 1.029400e-02 2.659782e+00
-5.974800e-02 2.970500e-02 2.697709e+00
-5.364020e-01 -2.941660e-01 2.594761e+00
-6.528900e-02 -2.799480e-01 2.659241e+00
-5.202730e-01 -3.629640e-01 2.608176e+00
-6.774800e-02 -3.500070e-01 2.643148e+00
-4.060490e-01 -6.113270e-01 2.687114e+00
-1.833960e-01 -6.023100e-01 2.748481e+00
-3.838570e-01 -1.038711e+00 2.728959e+00
-1.913740e-01 -1.028861e+00 2.802252e+00
-3.709330e-01 -1.055187e+00 2.553832e+00
-1.746190e-01 -1.051128e+00 2.628093e+00
-3.091390e-01 5.777790e-01 2.522800e+00
-5.163780e-01 2.972370e-01 2.605168e+00
-1.433010e-01 3.113080e-01 2.640388e+00
-3.237090e-01 3.422890e-01 2.542651e+00
-3.354220e-01 1.820050e-01 2.730758e+00
-5.048830e-01 -4.625200e-02 2.624915e+00
-1.147820e-01 -4.539200e-02 2.668243e+00
-3.230340e-01 -4.717100e-02 2.765460e+00
-5.693010e-01 1.117100e-02 2.663557e+00
-6.796400e-02 3.256600e-02 2.708735e+00
-5.571550e-01 -2.962200e-01 2.605220e+00
-6.502400e-02 -2.780990e-01 2.669763e+00
-5.447600e-01 -3.666980e-01 2.612473e+00
-7.861600e-02 -3.480370e-01 2.659900e+00
-4.014770e-01 -6.006840e-01 2.685178e+00
-1.826650e-01 -5.904430e-01 2.748192e+00
-3.753880e-01 -1.023329e+00 2.759948e+00
-2.070200e-01 -1.014853e+00 2.812870e+00
-3.586990e-01 -1.052917e+00 2.586876e+00
-1.824950e-01 -1.042541e+00 2.640417e+00
-3.255950e-01 5.760670e-01 2.513180e+00
-5.309530e-01 2.935820e-01 2.599539e+00
-1.565340e-01 3.077260e-01 2.614872e+00
-3.418410e-01 3.378020e-01 2.526461e+00
-3.436510e-01 1.795580e-01 2.716641e+00
-5.196220e-01 -6.436200e-02 2.628374e+00
-1.297010e-01 -4.892100e-02 2.670550e+00
-3.375440e-01 -5.615400e-02 2.768384e+00
-5.944050e-01 1.149800e-02 2.675939e+00
-7.714800e-02 3.023200e-02 2.693163e+00
-6.006210e-01 -3.030060e-01 2.650703e+00
-7.127800e-02 -2.852890e-01 2.693310e+00
-5.845220e-01 -3.702890e-01 2.631029e+00
-8.306500e-02 -3.533740e-01 2.673340e+00
-4.139070e-01 -6.137140e-01 2.694279e+00
-1.935760e-01 -5.971470e-01 2.758550e+00
-3.689010e-01 -1.039836e+00 2.730258e+00
-2.002360e-01 -1.025184e+00 2.799054e+00
-3.527780e-01 -1.052921e+00 2.555110e+00
-1.777380e-01 -1.042011e+00 2.624931e+00
-3.466520e-01 5.728770e-01 2.496193e+00
-5.444750e-01 2.837710e-01 2.603953e+00
-1.702410e-01 3.066790e-01 2.596930e+00
-3.612100e-01 3.335960e-01 2.520341e+00
-3.478370e-01 1.725650e-01 2.707698e+00
-5.293070e-01 -6.723800e-02 2.648966e+00
-1.370510e-01 -5.379700e-02 2.645743e+00
-3.323120e-01 -5.714400e-02 2.766923e+00
-6.006370e-01 3.688000e-03 2.697298e+00
-7.771600e-02 3.082900e-02 2.672162e+00
-6.212880e-01 -3.127430e-01 2.693650e+00
-6.799200e-02 -2.857580e-01 2.687859e+00
-5.969440e-01 -3.758100e-01 2.718211e+00
-8.649500e-02 -3.524660e-01 2.707377e+00
-4.208940e-01 -6.182270e-01 2.690938e+00
-1.969690e-01 -5.980940e-01 2.760924e+00
-3.863800e-01 -1.045022e+00 2.730374e+00
-1.935170e-01 -1.026908e+00 2.792664e+00
-3.899150e-01 -1.061530e+00 2.554809e+00
-1.926630e-01 -1.039920e+00 2.616771e+00
-3.760820e-01 5.731440e-01 2.507215e+00
-5.580420e-01 2.724740e-01 2.619131e+00
-1.861480e-01 3.058790e-01 2.584428e+00
-3.830150e-01 3.289250e-01 2.523014e+00
-3.512540e-01 1.648310e-01 2.705433e+00
-5.357780e-01 -7.095700e-02 2.649572e+00
-1.441430e-01 -5.376400e-02 2.630003e+00
-3.341490e-01 -5.881700e-02 2.759213e+00
-6.109710e-01 -5.717000e-03 2.722919e+00
-8.664200e-02 3.149800e-02 2.660440e+00
-6.382090e-01 -3.226900e-01 2.731745e+00
-6.978500e-02 -2.863140e-01 2.658933e+00
-6.244210e-01 -3.772020e-01 2.776596e+00
-9.959500e-02 -3.491920e-01 2.677128e+00
-4.280820e-01 -6.211640e-01 2.678962e+00
-1.950050e-01 -6.006820e-01 2.739305e+00
-3.818830e-01 -1.045847e+00 2.728055e+00
-2.331760e-01 -1.025462e+00 2.794128e+00
-3.948140e-01 -1.067434e+00 2.553485e+00
-2.314590e-01 -1.048189e+00 2.619232e+00
-3.915850e-01 5.665580e-01 2.501060e+00
-5.695140e-01 2.594350e-01 2.654859e+00
-2.039700e-01 2.992070e-01 2.581236e+00
-4.065790e-01 3.211080e-01 2.542130e+00
-3.533830e-01 1.524250e-01 2.715129e+00
-5.489540e-01 -8.666500e-02 2.652822e+00
-1.614580e-01 -5.916900e-02 2.596722e+00
-3.377910e-01 -7.703000e-02 2.743046e+00
-6.324520e-01 -8.760000e-03 2.779867e+00
-9.474100e-02 2.613500e-02 2.652069e+00
-6.652190e-01 -3.260010e-01 2.793681e+00
-8.512000e-02 -2.922130e-01 2.630409e+00
-6.740020e-01 -3.888160e-01 2.827600e+00
-7.147100e-02 -3.597330e-01 2.651097e+00
-4.420910e-01 -6.344650e-01 2.627191e+00
-1.924630e-01 -6.169740e-01 2.628649e+00
-3.801430e-01 -1.053623e+00 2.700466e+00
-1.942000e-01 -1.025221e+00 2.763673e+00
-4.144000e-01 -1.088318e+00 2.530964e+00
-1.966860e-01 -1.080590e+00 2.596233e+00
-4.122620e-01 5.620840e-01 2.534266e+00
-5.743480e-01 2.383100e-01 2.687206e+00
-2.141850e-01 2.890010e-01 2.595891e+00
-4.189520e-01 3.110010e-01 2.570469e+00
-3.540080e-01 1.300010e-01 2.726142e+00
-5.495690e-01 -1.006720e-01 2.652948e+00
-1.703610e-01 -6.572100e-02 2.557890e+00
-3.299480e-01 -9.582000e-02 2.720521e+00
-6.441130e-01 -3.489600e-02 2.799365e+00
-9.814000e-02 1.562900e-02 2.658258e+00
-6.901010e-01 -3.517390e-01 2.793129e+00
-6.302000e-02 -2.985580e-01 2.607294e+00
-6.657700e-01 -4.193800e-01 2.795609e+00
-6.513300e-02 -3.681090e-01 2.625501e+00
-4.480170e-01 -6.453340e-01 2.594504e+00
-1.898010e-01 -6.196280e-01 2.517449e+00
-3.812070e-01 -1.058426e+00 2.693455e+00
-1.916600e-01 -1.016249e+00 2.683547e+00
-4.329910e-01 -1.105576e+00 2.531580e+00
-1.863450e-01 -1.084369e+00 2.520944e+00
-4.209860e-01 5.503000e-01 2.558187e+00
-5.792630e-01 2.169630e-01 2.714921e+00
-2.223600e-01 2.794470e-01 2.618271e+00
-4.279770e-01 3.008930e-01 2.600344e+00
-3.568170e-01 1.085940e-01 2.738799e+00
-5.557840e-01 -1.145640e-01 2.642671e+00
-1.752620e-01 -6.855300e-02 2.558157e+00
-3.374720e-01 -1.139570e-01 2.714520e+00
-6.621280e-01 -6.318400e-02 2.801595e+00
-9.707500e-02 6.920000e-03 2.672067e+00
-7.168230e-01 -3.788630e-01 2.774032e+00
-5.722700e-02 -3.003790e-01 2.586137e+00
-6.977210e-01 -4.474850e-01 2.784007e+00
-7.366200e-02 -3.655610e-01 2.611722e+00
-4.571300e-01 -6.529920e-01 2.558748e+00
-1.980650e-01 -5.957730e-01 2.398186e+00
-3.918900e-01 -1.057147e+00 2.690288e+00
-1.847600e-01 -9.658940e-01 2.616666e+00
-4.409470e-01 -1.116688e+00 2.531681e+00
-1.592890e-01 -1.053932e+00 2.465972e+00
-4.327970e-01 5.373660e-01 2.584183e+00
-5.891160e-01 1.930040e-01 2.738856e+00
-2.278290e-01 2.584720e-01 2.662632e+00
-4.322330e-01 2.861920e-01 2.640049e+00
-3.696080e-01 7.790900e-02 2.757986e+00
-5.524980e-01 -1.221190e-01 2.640414e+00
-1.712800e-01 -8.385500e-02 2.555175e+00
-3.336600e-01 -1.358390e-01 2.709296e+00
-6.802070e-01 -9.440900e-02 2.766187e+00
-8.803700e-02 -6.952000e-03 2.703362e+00
-7.379770e-01 -3.944860e-01 2.673061e+00
-2.635700e-02 -2.943950e-01 2.578350e+00
-7.380780e-01 -4.638810e-01 2.691975e+00
-5.095400e-02 -3.619840e-01 2.578712e+00
-4.625360e-01 -6.586220e-01 2.526019e+00
-2.067950e-01 -5.266490e-01 2.260021e+00
-3.605740e-01 -1.044435e+00 2.686182e+00
-2.119540e-01 -9.158770e-01 2.077332e+00
-4.157490e-01 -1.120894e+00 2.537126e+00
-2.266640e-01 -8.410390e-01 1.918301e+00
-4.420580e-01 5.129610e-01 2.625995e+00
-5.904620e-01 1.750920e-01 2.745753e+00
-2.280730e-01 2.456340e-01 2.680004e+00
-4.321280e-01 2.736470e-01 2.654777e+00
-3.708170e-01 6.004100e-02 2.763525e+00
-5.555410e-01 -1.376750e-01 2.632886e+00
-1.725550e-01 -9.951400e-02 2.555932e+00
-3.379800e-01 -1.603970e-01 2.703413e+00
-6.854440e-01 -1.129630e-01 2.736217e+00
-8.159200e-02 -1.805300e-02 2.713177e+00
-7.404290e-01 -3.905190e-01 2.586276e+00
-3.876000e-03 -2.997910e-01 2.582306e+00
-7.213970e-01 -4.588270e-01 2.574233e+00
-1.417200e-02 -3.679050e-01 2.561625e+00
-4.646420e-01 -6.736220e-01 2.527958e+00
-2.217030e-01 -4.829790e-01 2.196408e+00
-3.688790e-01 -1.048378e+00 2.715809e+00
-2.082560e-01 -6.450490e-01 1.798347e+00
-4.192460e-01 -1.134234e+00 2.570206e+00
-2.456010e-01 -4.858430e-01 1.732264e+00
-4.476340e-01 4.994110e-01 2.652165e+00
-5.853150e-01 1.597390e-01 2.761132e+00
-2.274160e-01 2.369550e-01 2.680070e+00
-4.328330e-01 2.614730e-01 2.663876e+00
-3.631320e-01 4.850500e-02 2.768751e+00
-5.548890e-01 -1.427590e-01 2.636455e+00
-1.756660e-01 -1.127550e-01 2.539779e+00
-3.347460e-01 -1.780280e-01 2.692277e+00
-6.716970e-01 -1.216410e-01 2.693029e+00
-5.426700e-02 -8.931000e-03 2.708946e+00
-7.135060e-01 -3.583030e-01 2.483553e+00
3.405900e-02 -2.890250e-01 2.584919e+00
-6.868150e-01 -3.947860e-01 2.427608e+00
3.537800e-02 -3.575100e-01 2.562977e+00
-4.647950e-01 -6.784220e-01 2.515393e+00
-2.392970e-01 -3.942090e-01 2.123683e+00
-3.852740e-01 -1.029423e+00 2.750713e+00
-2.094950e-01 -5.746130e-01 1.734496e+00
-4.296800e-01 -1.131302e+00 2.613757e+00
-2.369550e-01 -4.173560e-01 1.659499e+00
-4.562580e-01 4.879670e-01 2.667213e+00
-5.812650e-01 1.610570e-01 2.761033e+00
-2.253920e-01 2.486630e-01 2.681631e+00
-4.313580e-01 2.675360e-01 2.664858e+00
-3.560920e-01 5.601700e-02 2.768818e+00
-5.499610e-01 -1.326910e-01 2.636280e+00
-1.709270e-01 -1.194530e-01 2.535213e+00
-3.308120e-01 -1.759790e-01 2.690341e+00
-6.574820e-01 -1.165390e-01 2.675593e+00
-5.136000e-02 4.394000e-03 2.696268e+00
-6.852910e-01 -3.274060e-01 2.440714e+00
5.348700e-02 -2.678900e-01 2.572677e+00
-6.749710e-01 -3.869750e-01 2.401747e+00
5.168600e-02 -3.394770e-01 2.579412e+00
-4.439260e-01 -6.751260e-01 2.521896e+00
-2.355620e-01 -3.825620e-01 2.117817e+00
-3.850600e-01 -1.032840e+00 2.753143e+00
-2.110600e-01 -5.412150e-01 1.718907e+00
-4.192210e-01 -1.130710e+00 2.610445e+00
-2.308860e-01 -3.787870e-01 1.653089e+00
-4.564200e-01 4.927610e-01 2.679550e+00
-5.820840e-01 1.722540e-01 2.763493e+00
-2.271820e-01 2.593080e-01 2.679284e+00
-4.333370e-01 2.777730e-01 2.664501e+00
-3.567200e-01 6.754400e-02 2.770075e+00
-5.461680e-01 -1.269890e-01 2.641561e+00
-1.681910e-01 -1.101350e-01 2.537132e+00
-3.260810e-01 -1.673780e-01 2.694030e+00
-6.385870e-01 -1.072160e-01 2.672461e+00
-4.680600e-02 2.060300e-02 2.687500e+00
-6.515010e-01 -3.078970e-01 2.428915e+00
5.773800e-02 -2.477610e-01 2.557864e+00
-6.428160e-01 -3.583290e-01 2.378374e+00
5.702500e-02 -3.191790e-01 2.549366e+00
-4.455120e-01 -6.687920e-01 2.528417e+00
-2.399860e-01 -3.870180e-01 2.125014e+00
-3.866920e-01 -1.031716e+00 2.751412e+00
-2.159140e-01 -5.573590e-01 1.730927e+00
-4.251350e-01 -1.126311e+00 2.607599e+00
-2.396660e-01 -3.974680e-01 1.660364e+00
-4.721190e-01 5.068940e-01 2.674800e+00
-5.686260e-01 2.508250e-01 2.711392e+00
-2.062520e-01 3.156570e-01 2.639933e+00
-4.102890e-01 3.378830e-01 2.609365e+00
-3.481270e-01 1.415170e-01 2.746438e+00
-5.430970e-01 -9.737500e-02 2.663227e+00
-1.617780e-01 -4.330600e-02 2.587537e+00
-3.261690e-01 -9.634400e-02 2.739147e+00
-6.234780e-01 -3.374500e-02 2.774672e+00
-5.271200e-02 6.186400e-02 2.642658e+00
-6.540490e-01 -3.363330e-01 2.700583e+00
4.397000e-03 -2.098220e-01 2.498062e+00
-6.337860e-01 -4.022050e-01 2.680003e+00
3.584000e-03 -2.796510e-01 2.480837e+00
-4.358200e-01 -6.338300e-01 2.639321e+00
-1.814300e-01 -5.995770e-01 2.514983e+00
-3.791820e-01 -1.056399e+00 2.695246e+00
-1.786150e-01 -1.028671e+00 2.487220e+00
-4.188590e-01 -1.084162e+00 2.525649e+00
-2.053210e-01 -1.017588e+00 2.313231e+00
-4.203810e-01 5.710620e-01 2.603214e+00
-5.600600e-01 2.652310e-01 2.682664e+00
-1.930940e-01 3.209290e-01 2.629197e+00
-3.945220e-01 3.425020e-01 2.584247e+00
-3.436920e-01 1.570580e-01 2.739937e+00
-5.466910e-01 -8.721200e-02 2.658709e+00
-1.621550e-01 -3.301700e-02 2.601687e+00
-3.344340e-01 -7.954800e-02 2.746523e+00
-6.296070e-01 -4.063000e-03 2.787588e+00
-5.329200e-02 5.934300e-02 2.649043e+00
-6.609750e-01 -3.157130e-01 2.770598e+00
-1.006000e-03 -2.207740e-01 2.517901e+00
-6.528070e-01 -3.850600e-01 2.753350e+00
-1.209900e-02 -2.856890e-01 2.488980e+00
-4.343610e-01 -6.246820e-01 2.648415e+00
-1.740870e-01 -5.948510e-01 2.588150e+00
-3.648190e-01 -1.041510e+00 2.727905e+00
-1.905140e-01 -1.017205e+00 2.667190e+00
-3.985370e-01 -1.079351e+00 2.558970e+00
-1.926260e-01 -1.049567e+00 2.493822e+00
-4.115040e-01 5.809360e-01 2.587621e+00
-5.552330e-01 2.826750e-01 2.666628e+00
-1.863690e-01 3.255270e-01 2.614402e+00
-3.866660e-01 3.496410e-01 2.565832e+00
-3.424470e-01 1.724840e-01 2.732783e+00
-5.406990e-01 -7.720000e-02 2.660390e+00
-1.535680e-01 -3.837800e-02 2.608638e+00
-3.305790e-01 -6.526300e-02 2.752746e+00
-6.253420e-01 1.680700e-02 2.783122e+00
-5.650200e-02 6.067500e-02 2.660871e+00
-6.665680e-01 -2.947300e-01 2.806368e+00
-7.692000e-03 -2.303690e-01 2.550388e+00
-6.461210e-01 -3.634020e-01 2.800098e+00
-2.138500e-02 -2.957250e-01 2.523660e+00
-4.241110e-01 -6.201510e-01 2.677320e+00
-1.709490e-01 -5.958280e-01 2.659241e+00
-3.608340e-01 -1.042685e+00 2.725907e+00
-1.806110e-01 -1.018488e+00 2.737759e+00
-3.886700e-01 -1.066690e+00 2.553404e+00
-1.884600e-01 -1.050497e+00 2.564490e+00
-3.994990e-01 5.880940e-01 2.548203e+00
-5.438420e-01 2.921620e-01 2.640627e+00
-1.714420e-01 3.170810e-01 2.604267e+00
-3.680450e-01 3.473820e-01 2.545204e+00
-3.393750e-01 1.762140e-01 2.721534e+00
-5.325130e-01 -6.666400e-02 2.678801e+00
-1.459110e-01 -4.630600e-02 2.614141e+00
-3.195330e-01 -5.544400e-02 2.764456e+00
-6.199850e-01 2.652000e-02 2.760056e+00
-4.972100e-02 4.915700e-02 2.667730e+00
-6.686390e-01 -2.842070e-01 2.804752e+00
-1.122600e-02 -2.592230e-01 2.601885e+00
-6.473300e-01 -3.503760e-01 2.823213e+00
-2.870400e-02 -3.262190e-01 2.582408e+00
-4.130760e-01 -6.162850e-01 2.692327e+00
-1.789880e-01 -5.914830e-01 2.735394e+00
-3.709920e-01 -1.042521e+00 2.730439e+00
-1.941800e-01 -1.013902e+00 2.814332e+00
-4.017410e-01 -1.060998e+00 2.557750e+00
-2.139450e-01 -1.045409e+00 2.641923e+00
-3.609600e-01 5.791910e-01 2.517741e+00
-5.274640e-01 2.914920e-01 2.620453e+00
-1.533830e-01 3.099010e-01 2.601758e+00
-3.463280e-01 3.398670e-01 2.531519e+00
-3.290450e-01 1.769210e-01 2.716891e+00
-5.242180e-01 -6.457900e-02 2.668056e+00
-1.329600e-01 -5.483600e-02 2.638415e+00
-3.196460e-01 -5.610100e-02 2.772465e+00
-6.085680e-01 2.578700e-02 2.736757e+00
-4.466900e-02 4.326500e-02 2.690021e+00
-6.645910e-01 -2.865130e-01 2.754962e+00
-9.137000e-03 -2.693130e-01 2.644924e+00
-6.769290e-01 -3.572620e-01 2.758917e+00
-2.202400e-02 -3.400750e-01 2.645005e+00
-4.061170e-01 -6.172280e-01 2.698304e+00
-1.867960e-01 -5.972700e-01 2.761132e+00
-3.749640e-01 -1.044936e+00 2.729856e+00
-2.233350e-01 -1.019662e+00 2.832896e+00
-3.892430e-01 -1.058904e+00 2.554616e+00
-2.272160e-01 -1.048871e+00 2.659000e+00
-3.498340e-01 5.744190e-01 2.506123e+00
-5.115570e-01 3.032520e-01 2.613061e+00
-1.365900e-01 3.033200e-01 2.608138e+00
-3.251410e-01 3.404110e-01 2.529830e+00
-3.226150e-01 1.821710e-01 2.720004e+00
-5.171380e-01 -6.097200e-02 2.665714e+00
-1.252730e-01 -5.592800e-02 2.643974e+00
-3.146320e-01 -5.461600e-02 2.774221e+00
-5.920660e-01 3.426000e-02 2.719275e+00
-3.387400e-02 3.826700e-02 2.704656e+00
-6.470420e-01 -2.762810e-01 2.689396e+00
1.703000e-03 -2.760860e-01 2.688306e+00
-6.592940e-01 -3.468300e-01 2.682609e+00
-1.750800e-02 -3.430850e-01 2.670546e+00
-4.060340e-01 -6.148820e-01 2.699921e+00
-1.926580e-01 -5.972560e-01 2.769572e+00
-3.763100e-01 -1.042846e+00 2.729307e+00
-2.061390e-01 -1.025458e+00 2.806468e+00
-3.874730e-01 -1.055676e+00 2.553754e+00
-2.126390e-01 -1.040386e+00 2.630846e+00
-3.194670e-01 5.728190e-01 2.493475e+00
-4.841310e-01 3.097570e-01 2.610270e+00
-1.095370e-01 2.986800e-01 2.623748e+00
-2.928360e-01 3.411400e-01 2.536237e+00
-3.043460e-01 1.834100e-01 2.726504e+00
-5.000090e-01 -5.868800e-02 2.651817e+00
-1.075290e-01 -5.474000e-02 2.652284e+00
-3.039370e-01 -5.414200e-02 2.771642e+00
-5.707620e-01 3.115800e-02 2.681223e+00
-2.159800e-02 3.309500e-02 2.732781e+00
-6.035130e-01 -2.668270e-01 2.578631e+00
7.104000e-03 -2.820050e-01 2.716031e+00
-5.828480e-01 -3.357050e-01 2.580088e+00
-1.463100e-02 -3.503060e-01 2.722018e+00
-4.020070e-01 -6.127040e-01 2.689471e+00
-1.874310e-01 -5.996390e-01 2.759470e+00
-3.772940e-01 -1.040157e+00 2.729139e+00
-2.088240e-01 -1.025032e+00 2.818493e+00
-3.794730e-01 -1.056579e+00 2.553544e+00
-2.054050e-01 -1.049436e+00 2.643848e+00
-2.879580e-01 5.720910e-01 2.503952e+00
-4.683380e-01 3.129330e-01 2.610760e+00
-9.465100e-02 2.998030e-01 2.639226e+00
-2.740630e-01 3.436820e-01 2.544646e+00
-2.940190e-01 1.850410e-01 2.733451e+00
-4.886540e-01 -5.517500e-02 2.650947e+00
-9.618000e-02 -5.891900e-02 2.653575e+00
-2.932220e-01 -5.746800e-02 2.771877e+00
-5.553200e-01 3.068300e-02 2.668736e+00
-1.787800e-02 2.571000e-02 2.737057e+00
-5.626060e-01 -2.507800e-01 2.521756e+00
1.520800e-02 -2.895590e-01 2.717351e+00
-5.385160e-01 -2.922510e-01 2.468154e+00
-8.104000e-03 -3.569330e-01 2.726872e+00
-3.935970e-01 -6.122040e-01 2.677099e+00
-1.753300e-01 -6.020560e-01 2.753901e+00
-3.730550e-01 -1.037787e+00 2.735044e+00
-1.947110e-01 -1.028165e+00 2.808264e+00
-3.752900e-01 -1.061685e+00 2.560310e+00
-1.910890e-01 -1.050644e+00 2.633365e+00
-2.612020e-01 5.751470e-01 2.513597e+00
-4.537180e-01 3.166530e-01 2.619375e+00
-8.061700e-02 2.996580e-01 2.653017e+00
-2.582330e-01 3.492210e-01 2.557857e+00
-2.821450e-01 1.818630e-01 2.738501e+00
-4.774350e-01 -5.187600e-02 2.643076e+00
-8.510800e-02 -5.943500e-02 2.651951e+00
-2.840120e-01 -5.748500e-02 2.767088e+00
-5.339170e-01 2.933600e-02 2.656079e+00
-3.761000e-03 2.293700e-02 2.741614e+00
-5.191920e-01 -2.282430e-01 2.471627e+00
9.464000e-03 -2.931370e-01 2.719074e+00
-5.098770e-01 -2.910940e-01 2.437918e+00
1.360100e-02 -3.640110e-01 2.707538e+00
-3.873940e-01 -6.101730e-01 2.661914e+00
-1.726110e-01 -6.020720e-01 2.748974e+00
-3.735990e-01 -1.033609e+00 2.735476e+00
-2.265290e-01 -1.022111e+00 2.823543e+00
-3.742930e-01 -1.063820e+00 2.561708e+00
-2.158790e-01 -1.054209e+00 2.650441e+00
-2.339530e-01 5.747770e-01 2.529445e+00
-4.331290e-01 3.213850e-01 2.631334e+00
-6.165400e-02 2.935350e-01 2.674414e+00
-2.352310e-01 3.545110e-01 2.578433e+00
-2.679980e-01 1.736790e-01 2.744079e+00
-4.626260e-01 -5.306700e-02 2.627832e+00
-7.145100e-02 -6.023700e-02 2.659249e+00
-2.767190e-01 -6.313700e-02 2.762591e+00
-5.120340e-01 3.226200e-02 2.646561e+00
5.060000e-03 9.350000e-03 2.743970e+00
-4.685090e-01 -2.156200e-01 2.454380e+00
1.571600e-02 -3.048110e-01 2.705726e+00
-4.487200e-01 -2.765840e-01 2.421743e+00
-1.119400e-02 -3.713030e-01 2.700425e+00
-3.786250e-01 -6.108520e-01 2.650912e+00
-1.572400e-01 -6.013390e-01 2.751328e+00
-3.724340e-01 -1.033778e+00 2.728343e+00
-2.241000e-01 -1.017135e+00 2.838183e+00
-3.635980e-01 -1.065376e+00 2.555047e+00
-2.005010e-01 -1.056503e+00 2.667885e+00
-2.303930e-01 5.742530e-01 2.533645e+00
-4.248150e-01 3.170710e-01 2.639348e+00
-5.230700e-02 2.951850e-01 2.676542e+00
-2.283400e-01 3.542540e-01 2.583900e+00
-2.554790e-01 1.709470e-01 2.747836e+00
-4.498720e-01 -5.711400e-02 2.624773e+00
-5.923500e-02 -5.658700e-02 2.662968e+00
-2.661440e-01 -6.636900e-02 2.762546e+00
-5.027230e-01 2.721400e-02 2.643202e+00
1.112000e-02 8.929000e-03 2.740855e+00
-4.409040e-01 -2.227030e-01 2.458673e+00
8.129000e-03 -3.047160e-01 2.696708e+00
-4.285350e-01 -2.876880e-01 2.430438e+00
1.245000e-03 -3.475490e-01 2.639338e+00
-3.724680e-01 -6.117650e-01 2.645439e+00
-1.524220e-01 -6.006500e-01 2.750463e+00
-3.759790e-01 -1.033227e+00 2.730630e+00
-2.381560e-01 -1.013996e+00 2.832289e+00
-3.653450e-01 -1.068193e+00 2.558083e+00
-2.086880e-01 -1.053626e+00 2.662969e+00
-2.214140e-01 5.789250e-01 2.564472e+00
-4.178580e-01 3.169030e-01 2.643006e+00
-4.561000e-02 2.939490e-01 2.682123e+00
-2.210030e-01 3.548330e-01 2.589441e+00
-2.493490e-01 1.687080e-01 2.749961e+00
-4.410730e-01 -5.644200e-02 2.623634e+00
-5.058800e-02 -5.495800e-02 2.663333e+00
-2.578390e-01 -6.653900e-02 2.762004e+00
-4.976940e-01 2.706400e-02 2.637588e+00
1.516700e-02 5.455000e-03 2.741181e+00
-4.274920e-01 -2.453680e-01 2.490865e+00
4.112000e-03 -3.080350e-01 2.693471e+00
-4.128020e-01 -3.157640e-01 2.489501e+00
3.119000e-03 -3.649990e-01 2.649569e+00
-3.704970e-01 -6.098020e-01 2.648491e+00
-1.499410e-01 -5.986010e-01 2.753067e+00
-3.717290e-01 -1.031926e+00 2.730405e+00
-2.451120e-01 -1.010595e+00 2.831190e+00
-3.610200e-01 -1.065493e+00 2.557585e+00
-2.139860e-01 -1.049852e+00 2.662080e+00
-2.198220e-01 5.842420e-01 2.570869e+00
-4.106750e-01 3.134070e-01 2.646601e+00
-3.765600e-02 2.950410e-01 2.680433e+00
-2.150770e-01 3.533050e-01 2.589953e+00
-2.389030e-01 1.678460e-01 2.751971e+00
-4.265440e-01 -5.549800e-02 2.636047e+00
-3.457100e-02 -6.022300e-02 2.655820e+00
-2.366560e-01 -6.463100e-02 2.765206e+00
-4.834760e-01 2.145800e-02 2.645546e+00
2.483300e-02 6.316000e-03 2.737599e+00
-4.258150e-01 -2.723300e-01 2.539821e+00
1.357200e-02 -3.057660e-01 2.680220e+00
-4.236720e-01 -3.442240e-01 2.539772e+00
2.030000e-04 -3.724850e-01 2.656916e+00
-3.675630e-01 -6.099120e-01 2.648633e+00
-1.461690e-01 -6.030060e-01 2.753287e+00
-3.762940e-01 -1.031487e+00 2.732885e+00
-2.364170e-01 -1.015719e+00 2.833436e+00
-3.764770e-01 -1.066048e+00 2.559929e+00
-2.180390e-01 -1.053023e+00 2.662033e+00
-2.131300e-01 5.874630e-01 2.571422e+00
-4.075120e-01 3.051270e-01 2.648067e+00
-3.386000e-02 2.938030e-01 2.677742e+00
-2.133400e-01 3.485320e-01 2.589137e+00
-2.318810e-01 1.630470e-01 2.751815e+00
-4.156020e-01 -5.894900e-02 2.636527e+00
-2.424600e-02 -6.348000e-02 2.666135e+00
-2.290040e-01 -6.693200e-02 2.770468e+00
-4.743200e-01 1.122600e-02 2.648633e+00
2.476200e-02 3.381000e-03 2.733064e+00
-4.225530e-01 -2.888210e-01 2.556725e+00
1.382700e-02 -3.077680e-01 2.668088e+00
-4.260110e-01 -3.599700e-01 2.566689e+00
-3.861000e-03 -3.758750e-01 2.653188e+00
-3.680190e-01 -6.116480e-01 2.649447e+00
-1.460410e-01 -6.086200e-01 2.752454e+00
-3.769120e-01 -1.031900e+00 2.740049e+00
-1.930860e-01 -1.033867e+00 2.795484e+00
-3.762260e-01 -1.069084e+00 2.567639e+00
-1.771880e-01 -1.053291e+00 2.620904e+00
-2.118740e-01 5.846480e-01 2.563495e+00
