-3.978840e-01 2.278200e-01 2.520857e+00
-2.180225e-01 2.339160e-01 2.517302e+00
-3.816100e-02 2.400120e-01 2.513747e+00
-1.297795e-01 2.595825e-01 2.468910e+00
-2.213980e-01 2.791530e-01 2.424073e+00
-2.166150e-01 1.918075e-01 2.516303e+00
-2.118320e-01 1.044620e-01 2.608532e+00
-3.169640e-01 -7.858000e-03 2.554265e+00
-4.220960e-01 -1.201780e-01 2.499998e+00
-2.081015e-01 -1.123250e-01 2.501173e+00
5.893000e-03 -1.044720e-01 2.502347e+00
-1.015670e-01 -1.048080e-01 2.562049e+00
-2.090270e-01 -1.051440e-01 2.621750e+00
-3.376465e-01 -7.342550e-02 2.578181e+00
-4.662660e-01 -4.170700e-02 2.534611e+00
-2.098295e-01 -3.294450e-02 2.535653e+00
4.660700e-02 -2.418200e-02 2.536695e+00
-2.145770e-01 -1.762795e-01 2.501640e+00
-4.757610e-01 -3.283770e-01 2.466584e+00
-1.982720e-01 -3.088375e-01 2.439294e+00
7.921700e-02 -2.892980e-01 2.412005e+00
-1.957240e-01 -3.370750e-01 2.458692e+00
-4.706650e-01 -3.848520e-01 2.505379e+00
-2.080030e-01 -3.690540e-01 2.461272e+00
5.465900e-02 -3.532560e-01 2.417166e+00
-1.391045e-01 -4.854020e-01 2.477839e+00
-3.328680e-01 -6.175480e-01 2.538513e+00
-2.245145e-01 -6.154700e-01 2.533357e+00
-1.161610e-01 -6.133920e-01 2.528201e+00
-2.356100e-01 -8.087200e-01 2.575014e+00
-3.550590e-01 -1.004048e+00 2.621827e+00
-2.562715e-01 -9.973595e-01 2.631514e+00
-1.574840e-01 -9.906710e-01 2.641202e+00
-2.569445e-01 -1.014943e+00 2.549761e+00
-3.564050e-01 -1.039216e+00 2.458321e+00
-2.582240e-01 -1.038806e+00 2.469623e+00
-1.600430e-01 -1.038396e+00 2.480926e+00
-1.919125e-01 -2.639245e-01 2.426451e+00
-2.237820e-01 5.105470e-01 2.371977e+00
-3.117140e-01 3.686350e-01 2.446815e+00
-3.996460e-01 2.267230e-01 2.521652e+00
-2.198340e-01 2.325705e-01 2.515869e+00
-4.002200e-02 2.384180e-01 2.510087e+00
-1.321565e-01 2.577745e-01 2.466224e+00
-2.242910e-01 2.771310e-01 2.422361e+00
-2.184875e-01 1.904540e-01 2.515161e+00
-2.126840e-01 1.037770e-01 2.607961e+00
-3.184955e-01 -8.164500e-03 2.555230e+00
-4.243070e-01 -1.201060e-01 2.502500e+00
-2.102715e-01 -1.145470e-01 2.498649e+00
3.764000e-03 -1.089880e-01 2.494799e+00
-1.022640e-01 -1.081180e-01 2.557003e+00
-2.082920e-01 -1.072480e-01 2.619207e+00
-3.381360e-01 -7.528800e-02 2.577905e+00
-4.679800e-01 -4.332800e-02 2.536603e+00
-2.110490e-01 -3.322800e-02 2.545900e+00
4.588200e-02 -2.312800e-02 2.555197e+00
-2.164715e-01 -1.773235e-01 2.513985e+00
-4.788250e-01 -3.315190e-01 2.472773e+00
-2.008230e-01 -3.097970e-01 2.450604e+00
7.717900e-02 -2.880750e-01 2.428434e+00
-1.972080e-01 -3.421360e-01 2.461613e+00
-4.715950e-01 -3.961970e-01 2.494791e+00
-2.116440e-01 -3.726345e-01 2.455166e+00
4.830700e-02 -3.490720e-01 2.415541e+00
-1.425645e-01 -4.840905e-01 2.476624e+00
-3.334360e-01 -6.191090e-01 2.537707e+00
-2.252275e-01 -6.176955e-01 2.533412e+00
-1.170190e-01 -6.162820e-01 2.529118e+00
-2.344265e-01 -8.109585e-01 2.575468e+00
-3.518340e-01 -1.005635e+00 2.621819e+00
-2.570155e-01 -1.001208e+00 2.625455e+00
-1.621970e-01 -9.967820e-01 2.629090e+00
-2.596820e-01 -1.018860e+00 2.543757e+00
-3.571670e-01 -1.040938e+00 2.458424e+00
-2.613570e-01 -1.039920e+00 2.462845e+00
-1.655470e-01 -1.038902e+00 2.467265e+00
-1.946980e-01 -2.611045e-01 2.424836e+00
-2.238490e-01 5.166930e-01 2.382406e+00
-3.131810e-01 3.724625e-01 2.450890e+00
-4.025130e-01 2.282320e-01 2.519374e+00
-2.225925e-01 2.320445e-01 2.515623e+00
-4.267200e-02 2.358570e-01 2.511872e+00
-1.340825e-01 2.564740e-01 2.467079e+00
-2.254930e-01 2.770910e-01 2.422286e+00
-2.217185e-01 1.899195e-01 2.514727e+00
-2.179440e-01 1.027480e-01 2.607168e+00
-3.215415e-01 -9.231500e-03 2.555898e+00
-4.251390e-01 -1.212110e-01 2.504628e+00
-2.111020e-01 -1.163810e-01 2.499964e+00
2.935000e-03 -1.115510e-01 2.495300e+00
-1.028605e-01 -1.099925e-01 2.557886e+00
-2.086560e-01 -1.084340e-01 2.620472e+00
-3.398205e-01 -7.527650e-02 2.578796e+00
-4.709850e-01 -4.211900e-02 2.537120e+00
-2.135640e-01 -3.377250e-02 2.548669e+00
4.385700e-02 -2.542600e-02 2.560219e+00
-2.231820e-01 -1.786425e-01 2.520247e+00
-4.902210e-01 -3.318590e-01 2.480275e+00
-2.094910e-01 -3.134205e-01 2.460789e+00
7.123900e-02 -2.949820e-01 2.441304e+00
-2.034220e-01 -3.396930e-01 2.482074e+00
-4.780830e-01 -3.844040e-01 2.522844e+00
-2.149990e-01 -3.678100e-01 2.498058e+00
4.808500e-02 -3.512160e-01 2.473273e+00
-1.436140e-01 -4.859500e-01 2.505859e+00
-3.353130e-01 -6.206840e-01 2.538445e+00
-2.264400e-01 -6.195395e-01 2.534707e+00
-1.175670e-01 -6.183950e-01 2.530968e+00
-2.348310e-01 -8.135470e-01 2.573367e+00
-3.520950e-01 -1.008699e+00 2.615765e+00
-2.537125e-01 -1.005478e+00 2.618199e+00
-1.553300e-01 -1.002257e+00 2.620632e+00
-2.566730e-01 -1.021688e+00 2.536213e+00
-3.580160e-01 -1.041118e+00 2.451794e+00
-2.589330e-01 -1.040491e+00 2.454761e+00
-1.598500e-01 -1.039864e+00 2.457728e+00
-1.928175e-01 -2.650590e-01 2.413676e+00
-2.257850e-01 5.097460e-01 2.369623e+00
-3.196105e-01 3.689585e-01 2.444893e+00
-4.134360e-01 2.281710e-01 2.520163e+00
-2.336645e-01 2.315910e-01 2.511762e+00
-5.389300e-02 2.350110e-01 2.503361e+00
-1.463895e-01 2.544145e-01 2.460288e+00
-2.388860e-01 2.738180e-01 2.417215e+00
-2.328470e-01 1.894570e-01 2.512111e+00
-2.268080e-01 1.050960e-01 2.607006e+00
-3.291680e-01 -8.658500e-03 2.551065e+00
-4.315280e-01 -1.224130e-01 2.495124e+00
-2.175305e-01 -1.173280e-01 2.501136e+00
-3.533000e-03 -1.122430e-01 2.507148e+00
-1.123285e-01 -1.103485e-01 2.564349e+00
-2.211240e-01 -1.084540e-01 2.621551e+00
-3.491055e-01 -7.534800e-02 2.586538e+00
-4.770870e-01 -4.224200e-02 2.551526e+00
-2.223380e-01 -3.326100e-02 2.556934e+00
3.241100e-02 -2.428000e-02 2.562342e+00
-2.332445e-01 -1.769605e-01 2.523205e+00
-4.989000e-01 -3.296410e-01 2.484069e+00
-2.156290e-01 -3.164830e-01 2.477062e+00
6.764200e-02 -3.033250e-01 2.470056e+00
-2.053470e-01 -3.485700e-01 2.483757e+00
-4.783360e-01 -3.938150e-01 2.497457e+00
-2.197255e-01 -3.767465e-01 2.497152e+00
3.888500e-02 -3.596780e-01 2.496847e+00
-1.511735e-01 -4.906985e-01 2.516640e+00
-3.412320e-01 -6.217190e-01 2.536433e+00
-2.318145e-01 -6.206180e-01 2.534613e+00
-1.223970e-01 -6.195170e-01 2.532794e+00
-2.381980e-01 -8.134195e-01 2.579232e+00
-3.539990e-01 -1.007322e+00 2.625671e+00
-2.551765e-01 -1.005225e+00 2.625342e+00
-1.563540e-01 -1.003129e+00 2.625014e+00
-2.544825e-01 -1.024101e+00 2.543878e+00
-3.526110e-01 -1.045073e+00 2.462743e+00
-2.519280e-01 -1.043852e+00 2.462660e+00
-1.512450e-01 -1.042632e+00 2.462576e+00
-1.933480e-01 -2.648530e-01 2.417454e+00
-2.354510e-01 5.129260e-01 2.372333e+00
-3.291640e-01 3.715225e-01 2.448455e+00
-4.228770e-01 2.301190e-01 2.524577e+00
-2.432265e-01 2.345600e-01 2.514289e+00
-6.357600e-02 2.390010e-01 2.504000e+00
-1.566275e-01 2.586230e-01 2.462242e+00
-2.496790e-01 2.782450e-01 2.420483e+00
-2.422040e-01 1.924295e-01 2.513962e+00
-2.347290e-01 1.066140e-01 2.607441e+00
-3.382960e-01 -6.016000e-03 2.560600e+00
-4.418630e-01 -1.186460e-01 2.513758e+00
-2.278870e-01 -1.135185e-01 2.507051e+00
-1.391100e-02 -1.083910e-01 2.500343e+00
-1.190985e-01 -1.072695e-01 2.563955e+00
-2.242860e-01 -1.061480e-01 2.627567e+00
-3.558045e-01 -7.356000e-02 2.588774e+00
-4.873230e-01 -4.097200e-02 2.549981e+00
-2.304845e-01 -3.046450e-02 2.555018e+00
2.635400e-02 -1.995700e-02 2.560055e+00
-2.406350e-01 -1.749620e-01 2.524036e+00
-5.076240e-01 -3.299670e-01 2.488017e+00
-2.240335e-01 -3.159250e-01 2.481653e+00
5.955700e-02 -3.018830e-01 2.475289e+00
-2.158400e-01 -3.469305e-01 2.493968e+00
-4.912370e-01 -3.919780e-01 2.512646e+00
-2.243090e-01 -3.793985e-01 2.501331e+00
4.261900e-02 -3.668190e-01 2.490016e+00
-1.503145e-01 -4.931080e-01 2.512370e+00
-3.432480e-01 -6.193970e-01 2.534724e+00
-2.337165e-01 -6.175215e-01 2.533132e+00
-1.241850e-01 -6.156460e-01 2.531540e+00
-2.393920e-01 -8.113435e-01 2.573193e+00
-3.545990e-01 -1.007041e+00 2.614845e+00
-2.572735e-01 -1.002786e+00 2.620457e+00
-1.599480e-01 -9.985310e-01 2.626069e+00
-2.610275e-01 -1.019589e+00 2.538623e+00
-3.621070e-01 -1.040648e+00 2.451178e+00
-2.611675e-01 -1.039621e+00 2.457434e+00
-1.602280e-01 -1.038595e+00 2.463689e+00
-2.027580e-01 -2.609755e-01 2.422309e+00
-2.452880e-01 5.166440e-01 2.380930e+00
-3.411615e-01 3.702000e-01 2.455731e+00
-4.370350e-01 2.237560e-01 2.530531e+00
-2.579575e-01 2.333435e-01 2.515060e+00
-7.888000e-02 2.429310e-01 2.499588e+00
-1.736205e-01 2.596340e-01 2.460439e+00
-2.683610e-01 2.763370e-01 2.421290e+00
-2.557195e-01 1.912600e-01 2.514887e+00
-2.430780e-01 1.061830e-01 2.608485e+00
-3.463000e-01 -4.584500e-03 2.567458e+00
-4.495220e-01 -1.153520e-01 2.526431e+00
-2.359880e-01 -1.120390e-01 2.510649e+00
-2.245400e-02 -1.087260e-01 2.494867e+00
-1.248155e-01 -1.076730e-01 2.562933e+00
-2.271770e-01 -1.066200e-01 2.631000e+00
-3.617575e-01 -7.692850e-02 2.599088e+00
-4.963380e-01 -4.723700e-02 2.567176e+00
-2.389670e-01 -3.125450e-02 2.556642e+00
1.840400e-02 -1.527200e-02 2.546108e+00
-2.549730e-01 -1.756375e-01 2.527621e+00
-5.283500e-01 -3.360030e-01 2.509135e+00
-2.413635e-01 -3.169005e-01 2.485143e+00
4.562300e-02 -2.977980e-01 2.461152e+00
-2.284925e-01 -3.448560e-01 2.500406e+00
-5.026080e-01 -3.919140e-01 2.539659e+00
-2.324335e-01 -3.766945e-01 2.512688e+00
3.774100e-02 -3.614750e-01 2.485718e+00
-1.562195e-01 -4.895465e-01 2.509870e+00
-3.501800e-01 -6.176180e-01 2.534022e+00
-2.422355e-01 -6.160980e-01 2.535023e+00
-1.342910e-01 -6.145780e-01 2.536023e+00
-2.472580e-01 -8.100380e-01 2.574593e+00
-3.602250e-01 -1.005498e+00 2.613163e+00
-2.580445e-01 -1.002223e+00 2.620990e+00
-1.558640e-01 -9.989480e-01 2.628816e+00
-2.652715e-01 -1.018699e+00 2.539323e+00
-3.746790e-01 -1.038450e+00 2.449830e+00
-2.696920e-01 -1.038061e+00 2.458090e+00
-1.647050e-01 -1.037673e+00 2.466351e+00
-2.124825e-01 -2.589515e-01 2.426127e+00
-2.602600e-01 5.197700e-01 2.385902e+00
-3.609595e-01 3.670685e-01 2.465928e+00
-4.616590e-01 2.143670e-01 2.545954e+00
-2.844695e-01 2.255845e-01 2.516321e+00
-1.072800e-01 2.368020e-01 2.486688e+00
-2.049875e-01 2.517720e-01 2.454805e+00
-3.026950e-01 2.667420e-01 2.422922e+00
-2.817430e-01 1.835310e-01 2.516706e+00
-2.607910e-01 1.003200e-01 2.610489e+00
-3.691960e-01 -1.472250e-02 2.573481e+00
-4.776010e-01 -1.297650e-01 2.536472e+00
-2.654010e-01 -1.166690e-01 2.510848e+00
-5.320100e-02 -1.035730e-01 2.485223e+00
-1.522925e-01 -1.065160e-01 2.557917e+00
-2.513840e-01 -1.094590e-01 2.630610e+00
-3.833300e-01 -8.295800e-02 2.613656e+00
-5.152760e-01 -5.645700e-02 2.596701e+00
-2.621635e-01 -4.000500e-02 2.560150e+00
-9.051000e-03 -2.355300e-02 2.523599e+00
-2.826765e-01 -1.860310e-01 2.541703e+00
-5.563020e-01 -3.485090e-01 2.559807e+00
-2.663025e-01 -3.243645e-01 2.489931e+00
2.369700e-02 -3.002200e-01 2.420056e+00
-2.450745e-01 -3.508215e-01 2.495366e+00
-5.138460e-01 -4.014230e-01 2.570675e+00
-2.435735e-01 -3.814790e-01 2.510792e+00
2.669900e-02 -3.615350e-01 2.450910e+00
-1.674405e-01 -4.942635e-01 2.491142e+00
-3.615800e-01 -6.269920e-01 2.531374e+00
-2.527100e-01 -6.205710e-01 2.532283e+00
-1.438400e-01 -6.141500e-01 2.533192e+00
-2.496270e-01 -8.138765e-01 2.575030e+00
-3.554140e-01 -1.013603e+00 2.616868e+00
-2.561430e-01 -1.006242e+00 2.621475e+00
-1.568720e-01 -9.988810e-01 2.626082e+00
-2.667995e-01 -1.024313e+00 2.540525e+00
-3.767270e-01 -1.049746e+00 2.454967e+00
-2.741990e-01 -1.043626e+00 2.459497e+00
-1.716710e-01 -1.037506e+00 2.464028e+00
-2.329280e-01 -2.597895e-01 2.430151e+00
-2.941850e-01 5.179270e-01 2.396274e+00
-3.867720e-01 3.644660e-01 2.479951e+00
-4.793590e-01 2.110050e-01 2.563628e+00
-3.033690e-01 2.265480e-01 2.529190e+00
-1.273790e-01 2.420910e-01 2.494753e+00
-2.262425e-01 2.574100e-01 2.466849e+00
-3.251060e-01 2.727290e-01 2.438946e+00
-3.000805e-01 1.845870e-01 2.527055e+00
-2.750550e-01 9.644500e-02 2.615163e+00
-3.853660e-01 -1.899750e-02 2.579859e+00
-4.956770e-01 -1.344400e-01 2.544556e+00
-2.846900e-01 -1.179260e-01 2.511863e+00
-7.370300e-02 -1.014120e-01 2.479170e+00
-1.702380e-01 -1.060870e-01 2.555138e+00
-2.667730e-01 -1.107620e-01 2.631107e+00
-3.979095e-01 -8.512250e-02 2.623317e+00
-5.290460e-01 -5.948300e-02 2.615527e+00
-2.791675e-01 -3.955350e-02 2.562377e+00
-2.928900e-02 -1.962400e-02 2.509227e+00
-3.031215e-01 -1.847330e-01 2.544998e+00
-5.769540e-01 -3.498420e-01 2.580768e+00
-2.774975e-01 -3.211855e-01 2.493258e+00
2.195900e-02 -2.925290e-01 2.405748e+00
-2.813395e-01 -3.550160e-01 2.488695e+00
-5.846380e-01 -4.175030e-01 2.571641e+00
-2.941575e-01 -3.866735e-01 2.492384e+00
-3.677000e-03 -3.558440e-01 2.413127e+00
-1.877425e-01 -4.928185e-01 2.472075e+00
-3.718080e-01 -6.297930e-01 2.531024e+00
-2.604235e-01 -6.219110e-01 2.515333e+00
-1.490390e-01 -6.140290e-01 2.499642e+00
-2.562975e-01 -8.158290e-01 2.555116e+00
-3.635560e-01 -1.017629e+00 2.610590e+00
-2.607270e-01 -1.002927e+00 2.619759e+00
-1.578980e-01 -9.882250e-01 2.628927e+00
-2.735690e-01 -1.019796e+00 2.538865e+00
-3.892400e-01 -1.051367e+00 2.448804e+00
-2.788395e-01 -1.046938e+00 2.459944e+00
-1.684390e-01 -1.042510e+00 2.471084e+00
-2.397085e-01 -2.610625e-01 2.445110e+00
-3.109780e-01 5.203850e-01 2.419136e+00
-4.039775e-01 3.641495e-01 2.498166e+00
-4.969770e-01 2.079140e-01 2.577197e+00
-3.214815e-01 2.231295e-01 2.540185e+00
-1.459860e-01 2.383450e-01 2.503174e+00
-2.452015e-01 2.546260e-01 2.477124e+00
-3.444170e-01 2.709070e-01 2.451075e+00
-3.184530e-01 1.811935e-01 2.537306e+00
-2.924890e-01 9.148000e-02 2.623537e+00
-4.023530e-01 -2.300400e-02 2.589263e+00
-5.122170e-01 -1.374880e-01 2.554989e+00
-3.025835e-01 -1.187120e-01 2.515515e+00
-9.295000e-02 -9.993600e-02 2.476040e+00
-1.868310e-01 -1.066660e-01 2.555117e+00
-2.807120e-01 -1.133960e-01 2.634194e+00
-4.155085e-01 -8.701550e-02 2.634587e+00
-5.503050e-01 -6.063500e-02 2.634979e+00
-2.963575e-01 -4.111050e-02 2.570587e+00
-4.241000e-02 -2.158600e-02 2.506195e+00
-3.185355e-01 -1.865985e-01 2.553630e+00
-5.946610e-01 -3.516110e-01 2.601066e+00
-2.861630e-01 -3.145700e-01 2.486390e+00
2.233500e-02 -2.775290e-01 2.371713e+00
-2.741665e-01 -3.436890e-01 2.500110e+00
-5.706680e-01 -4.098490e-01 2.628508e+00
-2.882180e-01 -3.728735e-01 2.488669e+00
-5.768000e-03 -3.358980e-01 2.348829e+00
-1.936765e-01 -4.837165e-01 2.439338e+00
-3.815850e-01 -6.315350e-01 2.529848e+00
-2.685425e-01 -6.208875e-01 2.492754e+00
-1.555000e-01 -6.102400e-01 2.455659e+00
-2.596820e-01 -8.138325e-01 2.536317e+00
-3.638640e-01 -1.017425e+00 2.616975e+00
-2.662015e-01 -9.994055e-01 2.605048e+00
-1.685390e-01 -9.813860e-01 2.593121e+00
-2.812540e-01 -1.018179e+00 2.524960e+00
-3.939690e-01 -1.054972e+00 2.456799e+00
-2.832715e-01 -1.047153e+00 2.446541e+00
-1.725740e-01 -1.039333e+00 2.436282e+00
-2.599325e-01 -2.605280e-01 2.436210e+00
-3.472910e-01 5.182770e-01 2.436139e+00
-4.334630e-01 3.653965e-01 2.511970e+00
-5.196350e-01 2.125160e-01 2.587802e+00
-3.423870e-01 2.217445e-01 2.557834e+00
-1.651390e-01 2.309730e-01 2.527867e+00
-2.626275e-01 2.505625e-01 2.497873e+00
-3.601160e-01 2.701520e-01 2.467880e+00
-3.406655e-01 1.797265e-01 2.555077e+00
-3.212150e-01 8.930100e-02 2.642274e+00
-4.237165e-01 -2.757800e-02 2.598454e+00
-5.262180e-01 -1.444570e-01 2.554634e+00
-3.158355e-01 -1.204175e-01 2.522728e+00
-1.054530e-01 -9.637800e-02 2.490821e+00
-2.015375e-01 -1.088495e-01 2.566479e+00
-2.976220e-01 -1.213210e-01 2.642138e+00
-4.358125e-01 -8.843000e-02 2.638243e+00
-5.740030e-01 -5.553900e-02 2.634348e+00
-3.146295e-01 -3.965600e-02 2.582329e+00
-5.525600e-02 -2.377300e-02 2.530310e+00
-3.378080e-01 -1.809930e-01 2.549754e+00
-6.203600e-01 -3.382130e-01 2.569198e+00
-2.949440e-01 -3.005200e-01 2.475926e+00
3.047200e-02 -2.628270e-01 2.382655e+00
-3.010410e-01 -3.338400e-01 2.481643e+00
-6.325540e-01 -4.048530e-01 2.580632e+00
-3.153045e-01 -3.580350e-01 2.461863e+00
1.945000e-03 -3.112170e-01 2.343094e+00
-1.969020e-01 -4.731830e-01 2.434426e+00
-3.957490e-01 -6.351490e-01 2.525759e+00
-2.915575e-01 -6.129845e-01 2.448392e+00
-1.873660e-01 -5.908200e-01 2.371024e+00
-2.776350e-01 -8.049320e-01 2.494935e+00
-3.679040e-01 -1.019044e+00 2.618846e+00
-2.771260e-01 -1.002920e+00 2.492830e+00
-1.863480e-01 -9.867960e-01 2.366813e+00
-2.901795e-01 -1.023278e+00 2.412777e+00
-3.940110e-01 -1.059760e+00 2.458742e+00
-2.993885e-01 -1.022417e+00 2.329665e+00
-2.047660e-01 -9.850750e-01 2.200589e+00
-2.757070e-01 -2.353815e-01 2.320870e+00
-3.466480e-01 5.143120e-01 2.441152e+00
-4.372725e-01 3.654130e-01 2.514893e+00
-5.278970e-01 2.165140e-01 2.588633e+00
-1.706050e-01 2.271250e-01 2.545858e+00
-3.617620e-01 2.632020e-01 2.473010e+00
-3.340940e-01 9.620100e-02 2.662691e+00
-5.299420e-01 -1.423440e-01 2.561944e+00
-1.076370e-01 -9.884500e-02 2.505427e+00
-3.019700e-01 -1.288390e-01 2.653019e+00
-5.974820e-01 -5.063000e-02 2.613825e+00
-6.065100e-02 -2.621400e-02 2.569770e+00
-6.540620e-01 -3.322630e-01 2.553571e+00
2.284500e-02 -2.648600e-01 2.420687e+00
-6.362250e-01 -3.901690e-01 2.585962e+00
4.233600e-02 -3.179060e-01 2.381615e+00
-3.915040e-01 -6.339800e-01 2.530623e+00
-1.898270e-01 -5.380330e-01 2.276381e+00
-3.707180e-01 -1.020056e+00 2.616234e+00
-2.035880e-01 -9.118890e-01 2.146543e+00
-3.917410e-01 -1.057055e+00 2.454488e+00
-2.192270e-01 -8.567460e-01 1.989421e+00
-3.538850e-01 5.085850e-01 2.437815e+00
-5.344990e-01 2.100620e-01 2.585744e+00
-1.756930e-01 2.220370e-01 2.559011e+00
-3.635290e-01 2.558050e-01 2.476996e+00
-3.436490e-01 9.210500e-02 2.670492e+00
-5.454340e-01 -1.518200e-01 2.572234e+00
-1.216560e-01 -1.007370e-01 2.537166e+00
-3.217860e-01 -1.420090e-01 2.673888e+00
-6.100470e-01 -5.644100e-02 2.587792e+00
-6.429300e-02 -2.942900e-02 2.592035e+00
-6.678720e-01 -3.303440e-01 2.500259e+00
3.200800e-02 -2.794530e-01 2.472693e+00
-6.562120e-01 -3.949520e-01 2.520515e+00
7.418000e-03 -3.433620e-01 2.467096e+00
-3.818280e-01 -6.386220e-01 2.524653e+00
-1.929150e-01 -4.289840e-01 2.193301e+00
-3.798120e-01 -1.022287e+00 2.622696e+00
-2.060260e-01 -7.667890e-01 1.987069e+00
-3.853870e-01 -1.063701e+00 2.460751e+00
-2.072850e-01 -6.796060e-01 1.844345e+00
-3.535430e-01 4.922250e-01 2.429071e+00
-5.382340e-01 2.116260e-01 2.586414e+00
-1.792010e-01 2.147710e-01 2.560236e+00
-3.661210e-01 2.480690e-01 2.475967e+00
-3.500570e-01 9.435400e-02 2.677826e+00
-5.669200e-01 -1.458960e-01 2.579453e+00
-1.419090e-01 -1.072880e-01 2.543364e+00
-3.427830e-01 -1.433450e-01 2.680469e+00
-6.125170e-01 -5.435600e-02 2.573323e+00
-7.684700e-02 -3.613100e-02 2.615077e+00
-6.675820e-01 -3.032790e-01 2.429455e+00
1.582200e-02 -3.049120e-01 2.545349e+00
-6.899220e-01 -3.678840e-01 2.422565e+00
1.028900e-02 -3.730280e-01 2.552419e+00
-3.725260e-01 -6.317660e-01 2.521507e+00
-2.044930e-01 -2.512020e-01 2.142939e+00
-3.568430e-01 -1.015214e+00 2.619168e+00
-2.029470e-01 -5.488280e-01 1.881726e+00
-3.456550e-01 -1.055971e+00 2.457346e+00
-1.860460e-01 -4.390190e-01 1.756710e+00
-3.479930e-01 4.663630e-01 2.393165e+00
-5.330430e-01 2.103360e-01 2.589039e+00
-1.736530e-01 2.096510e-01 2.568094e+00
-3.588910e-01 2.478670e-01 2.482212e+00
-3.476960e-01 8.795900e-02 2.679538e+00
-5.718380e-01 -1.547560e-01 2.567675e+00
-1.497130e-01 -8.990300e-02 2.535549e+00
-3.483220e-01 -1.449350e-01 2.669618e+00
-6.132340e-01 -5.267400e-02 2.564752e+00
-7.839200e-02 -4.445500e-02 2.618595e+00
-6.652650e-01 -2.983630e-01 2.415244e+00
5.429000e-03 -3.205520e-01 2.572043e+00
-6.816720e-01 -3.583400e-01 2.386022e+00
-1.224800e-02 -3.798180e-01 2.601968e+00
-3.955120e-01 -6.351740e-01 2.518067e+00
-2.243580e-01 -2.164800e-01 2.125319e+00
-3.365780e-01 -1.011233e+00 2.627258e+00
-2.105590e-01 -4.149120e-01 1.782901e+00
-3.450930e-01 -1.059038e+00 2.467212e+00
-2.183150e-01 -2.704950e-01 1.698899e+00
-3.423510e-01 4.562070e-01 2.392502e+00
-5.289190e-01 2.128640e-01 2.590055e+00
-1.695510e-01 2.035470e-01 2.570872e+00
-3.533370e-01 2.474010e-01 2.484566e+00
-3.471250e-01 8.482100e-02 2.679919e+00
-5.749700e-01 -1.603820e-01 2.554318e+00
-1.527500e-01 -9.521500e-02 2.524129e+00
-3.515760e-01 -1.529540e-01 2.656729e+00
-6.140400e-01 -4.827100e-02 2.566796e+00
-8.169600e-02 -5.289700e-02 2.620836e+00
-6.380080e-01 -2.959390e-01 2.414265e+00
4.300000e-04 -3.288560e-01 2.573076e+00
-6.600160e-01 -3.486950e-01 2.376149e+00
-1.795500e-02 -3.949990e-01 2.575815e+00
-3.950670e-01 -6.400760e-01 2.521241e+00
-2.233840e-01 -2.222580e-01 2.111454e+00
-3.336900e-01 -1.013628e+00 2.637465e+00
-2.073110e-01 -3.430160e-01 1.734658e+00
-3.404980e-01 -1.064293e+00 2.478219e+00
-2.232460e-01 -1.846690e-01 1.683230e+00
-3.350820e-01 4.657530e-01 2.412279e+00
-5.264920e-01 2.144810e-01 2.603297e+00
-1.676910e-01 2.027110e-01 2.576409e+00
-3.524760e-01 2.554080e-01 2.497500e+00
-3.447040e-01 7.760900e-02 2.679051e+00
-5.628270e-01 -1.410980e-01 2.569569e+00
-1.369480e-01 -1.097900e-01 2.536784e+00
-3.390510e-01 -1.493820e-01 2.671078e+00
-6.065770e-01 -4.771600e-02 2.576485e+00
-8.327200e-02 -5.745100e-02 2.609107e+00
-6.198120e-01 -3.026900e-01 2.435479e+00
-8.817000e-03 -3.334330e-01 2.551141e+00
-6.285410e-01 -3.537450e-01 2.390340e+00
-2.360100e-02 -3.995180e-01 2.562742e+00
-3.930600e-01 -6.319350e-01 2.525278e+00
-2.056140e-01 -2.374420e-01 2.128105e+00
-3.700560e-01 -1.015685e+00 2.620262e+00
-1.937080e-01 -5.574120e-01 1.895097e+00
-3.741780e-01 -1.056090e+00 2.458019e+00
-1.773700e-01 -4.590310e-01 1.760833e+00
-3.345120e-01 4.833430e-01 2.447262e+00
-5.258070e-01 2.149720e-01 2.604766e+00
-1.672750e-01 2.036810e-01 2.574322e+00
-3.527780e-01 2.578120e-01 2.498113e+00
-3.433490e-01 7.673700e-02 2.676317e+00
-5.481710e-01 -1.391930e-01 2.561322e+00
-1.220020e-01 -1.169220e-01 2.525099e+00
-3.241620e-01 -1.429610e-01 2.662583e+00
-5.967590e-01 -5.132300e-02 2.585542e+00
-7.804300e-02 -5.630800e-02 2.601895e+00
-6.106620e-01 -3.155420e-01 2.460826e+00
-1.132000e-02 -3.283350e-01 2.517584e+00
-6.160800e-01 -3.704150e-01 2.419838e+00
-3.353700e-02 -3.839860e-01 2.551195e+00
-3.777490e-01 -6.341150e-01 2.526321e+00
-2.117140e-01 -3.529120e-01 2.142874e+00
-3.807870e-01 -1.023897e+00 2.596149e+00
-1.769110e-01 -7.222160e-01 2.004241e+00
-3.810150e-01 -1.053388e+00 2.431520e+00
-1.743440e-01 -6.632320e-01 1.847758e+00
-3.373320e-01 4.882270e-01 2.455226e+00
-5.213810e-01 2.114800e-01 2.609412e+00
-1.648720e-01 2.061760e-01 2.559684e+00
-3.550080e-01 2.581150e-01 2.494110e+00
-3.332490e-01 7.545000e-02 2.669592e+00
-5.308520e-01 -1.392020e-01 2.570254e+00
-1.105520e-01 -1.273910e-01 2.488794e+00
-2.975140e-01 -1.444350e-01 2.647548e+00
-5.898960e-01 -5.581300e-02 2.600332e+00
-6.969100e-02 -4.977400e-02 2.600341e+00
-5.981060e-01 -3.208880e-01 2.477361e+00
-1.215600e-02 -3.154300e-01 2.492775e+00
-6.048520e-01 -3.830510e-01 2.448890e+00
-4.870000e-03 -3.823080e-01 2.478824e+00
-3.812540e-01 -6.391840e-01 2.531129e+00
-1.978000e-01 -4.757880e-01 2.182899e+00
-3.720730e-01 -1.025564e+00 2.617395e+00
-1.606820e-01 -8.628470e-01 2.107907e+00
-3.940770e-01 -1.062189e+00 2.455695e+00
-1.637410e-01 -8.313210e-01 1.943683e+00
-3.390910e-01 4.995290e-01 2.468087e+00
-5.101920e-01 2.120060e-01 2.601683e+00
-1.555810e-01 2.159880e-01 2.539756e+00
-3.491460e-01 2.629080e-01 2.480760e+00
-3.166180e-01 8.096900e-02 2.655327e+00
-5.194700e-01 -1.460460e-01 2.557158e+00
-1.002040e-01 -1.150400e-01 2.475416e+00
-2.859390e-01 -1.433600e-01 2.633999e+00
-5.682290e-01 -5.634100e-02 2.612218e+00
-6.282700e-02 -3.775100e-02 2.589785e+00
-5.906380e-01 -3.219960e-01 2.495785e+00
4.568000e-03 -2.773260e-01 2.439141e+00
-6.076420e-01 -3.839450e-01 2.471421e+00
-9.870000e-04 -3.407960e-01 2.464852e+00
-3.808270e-01 -6.407010e-01 2.531158e+00
-1.834950e-01 -5.843270e-01 2.305278e+00
-3.625080e-01 -1.027170e+00 2.615549e+00
-1.485300e-01 -9.782250e-01 2.326192e+00
-3.918150e-01 -1.063623e+00 2.454972e+00
-1.656650e-01 -9.885630e-01 2.160144e+00
-3.335060e-01 5.088410e-01 2.464865e+00
-5.010340e-01 2.166620e-01 2.588730e+00
-1.459010e-01 2.195600e-01 2.529806e+00
-3.386920e-01 2.685900e-01 2.469995e+00
-3.086760e-01 8.361700e-02 2.641803e+00
-5.128720e-01 -1.468300e-01 2.546063e+00
-9.243900e-02 -1.030690e-01 2.477149e+00
-2.820820e-01 -1.359760e-01 2.630124e+00
-5.603880e-01 -5.112400e-02 2.594616e+00
-4.638300e-02 -3.493900e-02 2.554157e+00
-5.924580e-01 -3.336430e-01 2.535143e+00
1.626700e-02 -2.809540e-01 2.412969e+00
-5.629290e-01 -3.952040e-01 2.542802e+00
3.698200e-02 -3.456000e-01 2.402375e+00
-3.737120e-01 -6.378050e-01 2.526641e+00
-1.702970e-01 -6.033630e-01 2.375600e+00
-3.481100e-01 -1.021210e+00 2.622355e+00
-1.348050e-01 -9.766070e-01 2.503057e+00
-3.732200e-01 -1.062837e+00 2.462326e+00
-1.455100e-01 -1.031455e+00 2.345420e+00
-3.256380e-01 5.132040e-01 2.455329e+00
-4.898980e-01 2.200020e-01 2.549411e+00
-1.307170e-01 2.230210e-01 2.525338e+00
-3.168720e-01 2.688330e-01 2.445358e+00
-3.032930e-01 8.999200e-02 2.625539e+00
-4.971010e-01 -1.466390e-01 2.522719e+00
-7.214100e-02 -1.020100e-01 2.493665e+00
-2.755890e-01 -1.320750e-01 2.628399e+00
-5.500390e-01 -4.549400e-02 2.582647e+00
-3.462300e-02 -3.256100e-02 2.550908e+00
-5.643680e-01 -3.290660e-01 2.521821e+00
4.006700e-02 -2.691780e-01 2.400072e+00
-5.862770e-01 -3.937820e-01 2.514596e+00
3.138600e-02 -3.322770e-01 2.374311e+00
-3.604620e-01 -6.371980e-01 2.529425e+00
-1.450090e-01 -6.123450e-01 2.430002e+00
-3.583180e-01 -1.024047e+00 2.614037e+00
-1.431730e-01 -9.789110e-01 2.579807e+00
-3.677980e-01 -1.059776e+00 2.450923e+00
-1.376670e-01 -1.042124e+00 2.425061e+00
-3.146450e-01 5.176210e-01 2.430340e+00
-4.653020e-01 2.258610e-01 2.515785e+00
-1.054290e-01 2.325340e-01 2.522600e+00
-2.844360e-01 2.743740e-01 2.425878e+00
-2.846970e-01 9.976900e-02 2.610666e+00
-4.710820e-01 -1.392430e-01 2.502642e+00
-4.527100e-02 -9.376500e-02 2.509316e+00
-2.599230e-01 -1.178770e-01 2.626754e+00
-5.256390e-01 -4.013000e-02 2.536156e+00
-8.152000e-03 -1.965400e-02 2.564373e+00
-5.455320e-01 -3.258940e-01 2.493617e+00
6.359800e-02 -2.520620e-01 2.407196e+00
-5.290570e-01 -3.847840e-01 2.524937e+00
9.081700e-02 -3.130730e-01 2.391156e+00
-3.424680e-01 -6.299950e-01 2.524866e+00
-1.129280e-01 -6.088290e-01 2.490821e+00
-3.639910e-01 -1.014048e+00 2.618972e+00
-1.358740e-01 -9.893480e-01 2.598033e+00
-3.595520e-01 -1.054073e+00 2.456642e+00
-1.198060e-01 -1.035392e+00 2.438051e+00
-2.864780e-01 5.145050e-01 2.395108e+00
-4.436660e-01 2.226490e-01 2.488600e+00
-8.551900e-02 2.414800e-01 2.519845e+00
-2.582890e-01 2.711680e-01 2.408407e+00
-2.668110e-01 1.088610e-01 2.603900e+00
-4.531370e-01 -1.396840e-01 2.488300e+00
-2.939400e-02 -8.756900e-02 2.522272e+00
-2.512240e-01 -1.111140e-01 2.625644e+00
-5.059580e-01 -4.286300e-02 2.511342e+00
1.286600e-02 -8.493000e-03 2.572075e+00
-5.270270e-01 -3.259090e-01 2.452987e+00
8.842700e-02 -2.520300e-01 2.434433e+00
-5.369550e-01 -3.935160e-01 2.460147e+00
9.244900e-02 -3.136810e-01 2.404379e+00
-3.320630e-01 -6.282400e-01 2.522441e+00
-1.085870e-01 -6.058420e-01 2.509145e+00
-3.650170e-01 -1.010593e+00 2.620095e+00
-1.376470e-01 -9.911840e-01 2.595648e+00
-3.506890e-01 -1.052986e+00 2.458942e+00
-1.228480e-01 -1.028736e+00 2.433342e+00
-2.561410e-01 5.172010e-01 2.378118e+00
-4.115820e-01 2.227700e-01 2.470935e+00
-5.504200e-02 2.461570e-01 2.514892e+00
-2.237710e-01 2.707090e-01 2.396245e+00
-2.381610e-01 1.143200e-01 2.596168e+00
-4.261230e-01 -1.289930e-01 2.487723e+00
-4.610000e-04 -9.278500e-02 2.518187e+00
-2.224970e-01 -1.038450e-01 2.623192e+00
-4.743270e-01 -4.345300e-02 2.487641e+00
4.014400e-02 -3.191000e-03 2.576985e+00
-4.866000e-01 -3.200460e-01 2.400866e+00
1.121390e-01 -2.719340e-01 2.494653e+00
-4.960650e-01 -3.878520e-01 2.395101e+00
1.082370e-01 -3.402510e-01 2.488493e+00
-3.267110e-01 -6.217540e-01 2.518969e+00
-1.023650e-01 -6.076390e-01 2.524442e+00
-3.640410e-01 -1.004443e+00 2.613687e+00
-1.390370e-01 -9.927630e-01 2.609002e+00
-3.541320e-01 -1.045465e+00 2.451849e+00
-1.298270e-01 -1.029413e+00 2.446077e+00
-2.300460e-01 5.191150e-01 2.362461e+00
-3.903300e-01 2.280010e-01 2.470872e+00
-3.268300e-02 2.420700e-01 2.509478e+00
-2.025450e-01 2.719500e-01 2.393705e+00
-2.177820e-01 1.140740e-01 2.592392e+00
-4.086590e-01 -1.219430e-01 2.474356e+00
1.603400e-02 -9.860800e-02 2.524551e+00
-2.109030e-01 -1.020630e-01 2.619082e+00
-4.555640e-01 -3.855700e-02 2.476922e+00
5.538500e-02 -9.769000e-03 2.574024e+00
-4.606780e-01 -3.116410e-01 2.377579e+00
1.208770e-01 -2.876880e-01 2.519783e+00
-4.670300e-01 -3.794630e-01 2.368623e+00
1.270440e-01 -3.520770e-01 2.542943e+00
-3.245440e-01 -6.173170e-01 2.515904e+00
-9.616500e-02 -6.100390e-01 2.528266e+00
-3.633210e-01 -9.999500e-01 2.610264e+00
-1.409970e-01 -9.947260e-01 2.610859e+00
-3.476510e-01 -1.041315e+00 2.448969e+00
-1.223620e-01 -1.031689e+00 2.448813e+00
-2.117660e-01 5.240580e-01 2.365308e+00
-3.787530e-01 2.320070e-01 2.468060e+00
-2.095000e-02 2.431180e-01 2.506179e+00
-1.907330e-01 2.746340e-01 2.390724e+00
-2.069490e-01 1.164100e-01 2.589057e+00
-3.944030e-01 -1.169180e-01 2.459852e+00
2.811100e-02 -9.968300e-02 2.527767e+00
-2.026560e-01 -9.801900e-02 2.612575e+00
-4.442930e-01 -3.407900e-02 2.487328e+00
5.772500e-02 -1.188200e-02 2.571396e+00
-4.511880e-01 -3.066570e-01 2.386027e+00
1.325660e-01 -2.921410e-01 2.549898e+00
-4.543860e-01 -3.710870e-01 2.362386e+00
1.251400e-01 -3.576220e-01 2.569326e+00
-3.229130e-01 -6.123410e-01 2.515435e+00
-9.349900e-02 -6.093660e-01 2.527670e+00
-3.657170e-01 -9.950940e-01 2.607542e+00
-1.376690e-01 -9.946460e-01 2.607820e+00
-3.437270e-01 -1.036205e+00 2.446922e+00
-1.140040e-01 -1.030963e+00 2.446285e+00
-2.064150e-01 5.234880e-01 2.360727e+00
-3.662460e-01 2.359110e-01 2.470825e+00
-7.375000e-03 2.386390e-01 2.499187e+00
-1.795160e-01 2.757400e-01 2.389003e+00
-1.937920e-01 1.146250e-01 2.585145e+00
-3.881750e-01 -1.125280e-01 2.465347e+00
3.675100e-02 -1.014670e-01 2.517727e+00
-1.907160e-01 -9.567900e-02 2.610861e+00
-4.370030e-01 -2.920100e-02 2.496696e+00
7.383000e-02 -1.743500e-02 2.560764e+00
-4.433500e-01 -3.041210e-01 2.399032e+00
1.362280e-01 -3.019960e-01 2.543687e+00
-4.465140e-01 -3.687710e-01 2.375991e+00
1.276320e-01 -3.699970e-01 2.548406e+00
-3.168450e-01 -6.101960e-01 2.510952e+00
-8.781900e-02 -6.093340e-01 2.523683e+00
-3.671880e-01 -9.904920e-01 2.609219e+00
-1.389900e-01 -9.922280e-01 2.610803e+00
-3.518280e-01 -1.034060e+00 2.448476e+00
-1.185070e-01 -1.031652e+00 2.449562e+00
-1.917200e-01 5.247520e-01 2.357945e+00
-3.607350e-01 2.344300e-01 2.478325e+00
-1.039000e-03 2.386650e-01 2.492501e+00
-1.775480e-01 2.750360e-01 2.389200e+00
-1.833970e-01 1.138760e-01 2.585737e+00
-3.844890e-01 -1.095950e-01 2.479535e+00
4.351000e-02 -1.070770e-01 2.494980e+00
-1.748960e-01 -9.559100e-02 2.607297e+00
-4.310280e-01 -3.075500e-02 2.501356e+00
7.957700e-02 -1.480200e-02 2.563569e+00
-4.468230e-01 -3.102940e-01 2.420225e+00
1.395420e-01 -2.953290e-01 2.511773e+00
-4.517150e-01 -3.761440e-01 2.401243e+00
1.282010e-01 -3.627920e-01 2.505407e+00
-3.168310e-01 -6.095910e-01 2.508531e+00
-8.677300e-02 -6.121000e-01 2.519302e+00
-3.625750e-01 -9.884260e-01 2.614395e+00
-1.372640e-01 -9.933540e-01 2.613708e+00
-3.630180e-01 -1.033389e+00 2.453303e+00
-1.299750e-01 -1.034425e+00 2.451744e+00
-1.859160e-01 5.251810e-01 2.362588e+00
-3.579170e-01 2.322510e-01 2.478232e+00
1.705000e-03 2.377300e-01 2.493776e+00
-1.746050e-01 2.756170e-01 2.390680e+00
-1.804210e-01 1.101150e-01 2.583576e+00
-3.835580e-01 -1.136860e-01 2.462695e+00
4.211200e-02 -1.045560e-01 2.509053e+00
-1.840000e-01 -9.611200e-02 2.605230e+00
-4.295590e-01 -3.209500e-02 2.506786e+00
7.876600e-02 -2.254700e-02 2.540081e+00
-4.483440e-01 -3.145190e-01 2.436834e+00
1.397340e-01 -3.012600e-01 2.479982e+00
-4.542560e-01 -3.810130e-01 2.420584e+00
1.250890e-01 -3.683860e-01 2.479830e+00
-3.167790e-01 -6.110370e-01 2.510947e+00
-8.864900e-02 -6.117110e-01 2.516713e+00
-3.618650e-01 -9.907030e-01 2.614084e+00
-1.265140e-01 -9.949980e-01 2.608765e+00
-3.499910e-01 -1.035749e+00 2.453452e+00
-1.114070e-01 -1.035304e+00 2.447149e+00
-1.802000e-01 5.255360e-01 2.364908e+00
-3.592840e-01 2.278050e-01 2.485209e+00
3.430000e-04 2.409170e-01 2.495022e+00
-1.784760e-01 2.776050e-01 2.395890e+00
-1.773920e-01 1.068860e-01 2.584272e+00
-3.881090e-01 -1.154910e-01 2.465425e+00
3.898000e-02 -1.023080e-01 2.494563e+00
-1.832000e-01 -9.319200e-02 2.599452e+00
-4.318160e-01 -3.554100e-02 2.519573e+00
7.937900e-02 -2.167700e-02 2.519337e+00
-4.527400e-01 -3.194210e-01 2.456756e+00
1.327090e-01 -2.931430e-01 2.427503e+00
-4.529880e-01 -3.722030e-01 2.500738e+00
1.207110e-01 -3.604720e-01 2.420918e+00
-3.186200e-01 -6.112240e-01 2.516158e+00
-8.956600e-02 -6.101740e-01 2.515682e+00
-3.545150e-01 -9.886230e-01 2.630603e+00
-1.356110e-01 -9.911800e-01 2.613306e+00
-3.500520e-01 -1.037530e+00 2.470726e+00
-1.261400e-01 -1.033699e+00 2.451829e+00
-1.839790e-01 5.176190e-01 2.357017e+00
