-4.461990e-01 2.248080e-01 2.720240e+00
-6.935600e-02 2.342350e-01 2.680980e+00
-2.476810e-01 8.709400e-02 2.763324e+00
-2.701800e-02 -1.093100e-01 2.614396e+00
-4.931630e-01 -4.053200e-02 2.705372e+00
-4.799990e-01 -3.248460e-01 2.654372e+00
-4.845400e-01 -3.897300e-01 2.687038e+00
-3.190140e-01 -6.415610e-01 2.651777e+00
-2.767320e-01 -1.071162e+00 2.746748e+00
-2.952520e-01 -1.111627e+00 2.571949e+00
-2.613870e-01 5.089090e-01 2.604921e+00
-5.365700e-02 2.389370e-01 2.684500e+00
-2.335780e-01 9.201900e-02 2.763710e+00
-1.527200e-02 -1.109660e-01 2.622458e+00
-4.813430e-01 -3.545100e-02 2.694489e+00
-4.724690e-01 -3.209980e-01 2.647779e+00
-4.453570e-01 -3.871390e-01 2.661490e+00
-3.126400e-01 -6.351110e-01 2.664435e+00
-2.973660e-01 -1.071829e+00 2.730824e+00
-3.112650e-01 -1.099332e+00 2.553100e+00
-2.354880e-01 5.080820e-01 2.592983e+00
-3.058500e-02 2.392250e-01 2.685753e+00
-2.131850e-01 9.425600e-02 2.762383e+00
-6.714000e-03 -1.038510e-01 2.639740e+00
-4.766670e-01 -3.014700e-02 2.675929e+00
-4.517180e-01 -3.136360e-01 2.616356e+00
-4.015510e-01 -3.570590e-01 2.586435e+00
-3.048170e-01 -6.335730e-01 2.678860e+00
-2.963780e-01 -1.073067e+00 2.725094e+00
-3.052100e-01 -1.092084e+00 2.545942e+00
-2.125400e-01 5.068340e-01 2.581641e+00
-1.689900e-02 2.373590e-01 2.687268e+00
-1.982070e-01 9.198900e-02 2.766171e+00
-1.870000e-03 -1.047320e-01 2.629521e+00
-4.618880e-01 -2.732500e-02 2.652292e+00
-4.207400e-01 -3.039560e-01 2.569353e+00
-4.106740e-01 -3.734840e-01 2.588385e+00
-2.997540e-01 -6.382290e-01 2.682944e+00
-2.852940e-01 -1.076996e+00 2.734311e+00
-3.058220e-01 -1.098500e+00 2.556402e+00
-2.032360e-01 4.971480e-01 2.572083e+00
-7.353000e-03 2.350870e-01 2.687693e+00
-1.894390e-01 9.208800e-02 2.769098e+00
6.558000e-03 -9.938200e-02 2.639520e+00
-4.504000e-01 -2.837900e-02 2.645473e+00
-3.968140e-01 -2.984920e-01 2.548711e+00
-3.591260e-01 -3.512090e-01 2.581850e+00
-2.953310e-01 -6.435380e-01 2.680848e+00
-2.852420e-01 -1.082095e+00 2.734976e+00
-2.996390e-01 -1.104446e+00 2.556571e+00
-1.906910e-01 4.848920e-01 2.554630e+00
4.287000e-03 2.365330e-01 2.706970e+00
-1.805870e-01 8.845500e-02 2.771200e+00
1.908600e-02 -1.003300e-01 2.657842e+00
-4.469830e-01 -3.727800e-02 2.636592e+00
-3.471140e-01 -2.829390e-01 2.515961e+00
-3.458660e-01 -3.508530e-01 2.489812e+00
-2.888810e-01 -6.422680e-01 2.679791e+00
-2.850150e-01 -1.080688e+00 2.735801e+00
-2.880510e-01 -1.103569e+00 2.556909e+00
-1.840910e-01 4.737950e-01 2.546460e+00
1.234000e-02 2.402210e-01 2.719911e+00
-1.761570e-01 9.296600e-02 2.774825e+00
2.795800e-02 -9.552500e-02 2.676070e+00
-4.519260e-01 -2.803900e-02 2.633798e+00
-3.288320e-01 -2.557150e-01 2.501222e+00
-2.979580e-01 -3.150640e-01 2.529893e+00
-2.896830e-01 -6.419910e-01 2.681983e+00
-2.811600e-01 -1.080624e+00 2.735770e+00
-2.686900e-01 -1.102287e+00 2.557135e+00
-1.839030e-01 4.745250e-01 2.545080e+00
1.470100e-02 2.388740e-01 2.734117e+00
-1.772360e-01 9.130700e-02 2.774308e+00
3.528700e-02 -9.106300e-02 2.687578e+00
-4.484080e-01 -2.491400e-02 2.621590e+00
-3.063940e-01 -2.544710e-01 2.514067e+00
-3.036580e-01 -3.112480e-01 2.468609e+00
-2.873720e-01 -6.444360e-01 2.677813e+00
-2.843090e-01 -1.083272e+00 2.730519e+00
-2.647320e-01 -1.104519e+00 2.552473e+00
-1.662840e-01 4.761870e-01 2.551604e+00
1.446000e-02 2.400370e-01 2.742309e+00
-1.799320e-01 9.397800e-02 2.775615e+00
3.795600e-02 -1.028460e-01 2.710332e+00
-4.432270e-01 -2.281300e-02 2.612154e+00
-2.970020e-01 -2.525980e-01 2.510368e+00
-3.026120e-01 -3.013880e-01 2.456650e+00
-2.927260e-01 -6.630540e-01 2.680551e+00
-2.802540e-01 -1.102221e+00 2.728930e+00
-2.437920e-01 -1.120541e+00 2.553232e+00
-1.716590e-01 4.820290e-01 2.555412e+00
1.529000e-02 2.436390e-01 2.746689e+00
-1.770820e-01 9.354400e-02 2.773055e+00
3.961400e-02 -7.740800e-02 2.706239e+00
-4.331520e-01 -2.363500e-02 2.603030e+00
-2.908230e-01 -2.654080e-01 2.522854e+00
-2.568680e-01 -3.237630e-01 2.550044e+00
-2.917120e-01 -6.451790e-01 2.675179e+00
-2.802710e-01 -1.083429e+00 2.731484e+00
-2.522910e-01 -1.105417e+00 2.554654e+00
-1.667340e-01 4.770420e-01 2.552132e+00
1.766000e-02 2.413410e-01 2.752689e+00
-1.769990e-01 9.356000e-02 2.775038e+00
4.136100e-02 -8.008400e-02 2.720159e+00
-4.369850e-01 -2.259200e-02 2.605914e+00
-2.910850e-01 -2.629200e-01 2.521628e+00
-3.032430e-01 -3.270150e-01 2.553901e+00
-2.901840e-01 -6.445390e-01 2.678629e+00
-2.843340e-01 -1.082887e+00 2.735032e+00
-2.454630e-01 -1.104855e+00 2.560271e+00
-1.628330e-01 4.742940e-01 2.550684e+00
1.827300e-02 2.381540e-01 2.758821e+00
-1.785770e-01 9.248900e-02 2.775016e+00
5.171400e-02 -7.638100e-02 2.722732e+00
-4.311560e-01 -2.794100e-02 2.630767e+00
-3.054600e-01 -2.700560e-01 2.523716e+00
-3.103760e-01 -3.382390e-01 2.498725e+00
-2.918430e-01 -6.287240e-01 2.677395e+00
-2.843880e-01 -1.067271e+00 2.732024e+00
-2.350940e-01 -1.087894e+00 2.559745e+00
-1.592470e-01 4.737230e-01 2.551568e+00
1.947500e-02 2.399340e-01 2.748823e+00
-1.784510e-01 9.712100e-02 2.774530e+00
5.017000e-02 -8.300500e-02 2.703393e+00
-4.369680e-01 -2.000000e-02 2.607612e+00
-2.983570e-01 -2.585910e-01 2.509295e+00
-2.930220e-01 -3.212270e-01 2.472609e+00
-2.902880e-01 -6.315790e-01 2.675647e+00
-2.816720e-01 -1.070120e+00 2.730160e+00
-2.474830e-01 -1.091305e+00 2.554326e+00
-1.554770e-01 4.794970e-01 2.547914e+00
1.877400e-02 2.373970e-01 2.744135e+00
-1.798680e-01 9.609000e-02 2.772500e+00
4.494300e-02 -8.697200e-02 2.712537e+00
-4.302220e-01 -2.131900e-02 2.604527e+00
-2.882440e-01 -2.500880e-01 2.490880e+00
-2.545860e-01 -3.063270e-01 2.459228e+00
-2.913500e-01 -6.322260e-01 2.676763e+00
-2.814550e-01 -1.070740e+00 2.731272e+00
-2.445190e-01 -1.091698e+00 2.555968e+00
-1.519970e-01 4.769150e-01 2.544421e+00
2.345900e-02 2.375650e-01 2.741097e+00
-1.742830e-01 9.604500e-02 2.774282e+00
3.730600e-02 -8.997800e-02 2.714730e+00
-4.273420e-01 -1.884400e-02 2.600918e+00
-2.805710e-01 -2.366950e-01 2.476126e+00
-2.450950e-01 -2.907170e-01 2.442648e+00
-2.904860e-01 -6.419140e-01 2.677605e+00
-2.825350e-01 -1.079747e+00 2.737631e+00
-2.418960e-01 -1.102893e+00 2.563425e+00
-1.392860e-01 4.807970e-01 2.551002e+00
2.271800e-02 2.368320e-01 2.741131e+00
-1.763070e-01 9.729600e-02 2.775034e+00
3.762900e-02 -9.028100e-02 2.714735e+00
-4.229500e-01 -1.770000e-02 2.598478e+00
-2.689310e-01 -2.303260e-01 2.475771e+00
-2.305620e-01 -2.829710e-01 2.443307e+00
-2.913080e-01 -6.410440e-01 2.679085e+00
-2.835890e-01 -1.079597e+00 2.733641e+00
-2.427220e-01 -1.100576e+00 2.559214e+00
-1.483620e-01 4.802490e-01 2.547154e+00
2.451300e-02 2.366380e-01 2.740257e+00
-1.380320e-01 3.089460e-01 2.586299e+00
-1.750980e-01 9.792400e-02 2.774092e+00
-3.812740e-01 -1.098770e-01 2.623761e+00
3.798500e-02 -8.956600e-02 2.702110e+00
-1.951060e-01 -1.103590e-01 2.791239e+00
-4.261410e-01 -1.531900e-02 2.605078e+00
8.018700e-02 -2.693300e-02 2.730464e+00
-2.757740e-01 -2.231250e-01 2.472326e+00
6.766200e-02 -3.136900e-01 2.698357e+00
-2.380900e-01 -2.749960e-01 2.437875e+00
3.679300e-02 -3.789120e-01 2.707882e+00
-2.921250e-01 -6.459100e-01 2.680477e+00
-8.810300e-02 -6.380340e-01 2.729528e+00
-2.846580e-01 -1.084933e+00 2.731138e+00
-1.455600e-01 -1.073417e+00 2.779570e+00
-2.536810e-01 -1.104783e+00 2.554555e+00
-1.106270e-01 -1.098166e+00 2.604349e+00
-1.513730e-01 4.823190e-01 2.547783e+00
-3.491590e-01 2.346240e-01 2.666510e+00
2.415400e-02 2.346610e-01 2.731919e+00
-1.419950e-01 3.075310e-01 2.582130e+00
-1.750480e-01 9.671200e-02 2.770898e+00
-3.835430e-01 -1.059080e-01 2.629105e+00
3.753700e-02 -8.919000e-02 2.697958e+00
-1.936650e-01 -1.076910e-01 2.792355e+00
-4.313600e-01 -1.531800e-02 2.612943e+00
8.010400e-02 -2.789800e-02 2.726446e+00
-2.835400e-01 -2.216450e-01 2.477504e+00
6.575600e-02 -3.135630e-01 2.695550e+00
-2.464470e-01 -2.733010e-01 2.442101e+00
3.223800e-02 -3.780330e-01 2.699769e+00
-2.960030e-01 -6.435760e-01 2.673182e+00
-9.353200e-02 -6.368000e-01 2.726264e+00
-2.854500e-01 -1.081953e+00 2.728668e+00
-1.423050e-01 -1.072158e+00 2.784991e+00
-2.602510e-01 -1.103783e+00 2.551401e+00
-1.129630e-01 -1.099174e+00 2.609081e+00
-1.544790e-01 4.851500e-01 2.549085e+00
-3.513580e-01 2.319890e-01 2.667331e+00
2.194800e-02 2.365880e-01 2.732618e+00
-1.453940e-01 3.096330e-01 2.584249e+00
-1.750770e-01 9.488100e-02 2.769103e+00
-3.824830e-01 -1.015530e-01 2.618965e+00
3.434000e-02 -8.891900e-02 2.710769e+00
-2.019140e-01 -1.037530e-01 2.792451e+00
-4.457570e-01 -1.409200e-02 2.621608e+00
7.746800e-02 -2.483500e-02 2.721097e+00
-3.018980e-01 -2.221920e-01 2.486909e+00
6.786200e-02 -3.104590e-01 2.699368e+00
-2.659160e-01 -2.741210e-01 2.450765e+00
3.426000e-02 -3.726250e-01 2.681939e+00
-3.012650e-01 -6.406470e-01 2.655064e+00
-9.620400e-02 -6.363110e-01 2.723782e+00
-2.829070e-01 -1.077891e+00 2.717068e+00
-1.375850e-01 -1.071784e+00 2.787146e+00
-2.517520e-01 -1.101553e+00 2.540987e+00
-9.877300e-02 -1.100754e+00 2.613395e+00
-1.562170e-01 4.843550e-01 2.550610e+00
-3.610320e-01 2.345050e-01 2.668136e+00
1.365000e-02 2.374240e-01 2.725112e+00
-1.568520e-01 3.134320e-01 2.581919e+00
-1.827430e-01 9.530500e-02 2.763359e+00
-3.843580e-01 -1.057770e-01 2.616777e+00
3.678400e-02 -7.682000e-02 2.681042e+00
-1.931470e-01 -9.671400e-02 2.778220e+00
-4.670350e-01 -9.373000e-03 2.646556e+00
7.685400e-02 -2.175600e-02 2.721946e+00
-3.466700e-01 -2.353030e-01 2.519362e+00
6.285800e-02 -3.063090e-01 2.698617e+00
-3.161790e-01 -2.922050e-01 2.485747e+00
4.333200e-02 -3.611070e-01 2.654874e+00
-3.024250e-01 -6.393200e-01 2.640522e+00
-9.872100e-02 -6.274350e-01 2.717172e+00
-2.755480e-01 -1.075604e+00 2.706080e+00
-1.337740e-01 -1.062109e+00 2.789239e+00
-2.590950e-01 -1.101304e+00 2.528305e+00
-1.135540e-01 -1.093012e+00 2.612685e+00
-1.642930e-01 4.846040e-01 2.546785e+00
-3.828940e-01 2.265990e-01 2.659606e+00
-8.903000e-03 2.369560e-01 2.720138e+00
-1.799980e-01 3.130890e-01 2.577723e+00
-2.020380e-01 8.897200e-02 2.752239e+00
-4.010310e-01 -1.137510e-01 2.601746e+00
1.806900e-02 -7.371400e-02 2.673029e+00
-2.123520e-01 -1.044710e-01 2.766129e+00
-4.825680e-01 -1.435900e-02 2.717715e+00
5.719800e-02 -2.112600e-02 2.700217e+00
-4.189090e-01 -2.581590e-01 2.581916e+00
5.212600e-02 -3.020420e-01 2.645511e+00
-4.053620e-01 -3.092580e-01 2.531886e+00
3.163700e-02 -3.664840e-01 2.672439e+00
-2.998330e-01 -6.448460e-01 2.646098e+00
-9.692100e-02 -6.283630e-01 2.697958e+00
-2.818040e-01 -1.083395e+00 2.698191e+00
-1.297170e-01 -1.060237e+00 2.786126e+00
-2.543980e-01 -1.103313e+00 2.521026e+00
-1.023390e-01 -1.097892e+00 2.611863e+00
-1.842560e-01 4.939400e-01 2.561354e+00
-4.052070e-01 2.267370e-01 2.657822e+00
-2.952800e-02 2.334740e-01 2.707425e+00
-2.039460e-01 3.111550e-01 2.569961e+00
-2.230860e-01 8.742400e-02 2.745312e+00
-4.175180e-01 -1.211320e-01 2.596088e+00
2.599000e-03 -7.944200e-02 2.660064e+00
-2.257930e-01 -1.133590e-01 2.756988e+00
-5.033230e-01 -1.162800e-02 2.729710e+00
4.266700e-02 -2.241100e-02 2.677045e+00
-4.745760e-01 -2.767580e-01 2.624413e+00
5.599800e-02 -3.049880e-01 2.630348e+00
-4.349570e-01 -3.315100e-01 2.597392e+00
2.014800e-02 -3.679700e-01 2.637111e+00
-2.995080e-01 -6.523920e-01 2.640182e+00
-9.687600e-02 -6.351820e-01 2.674740e+00
-2.785890e-01 -1.090147e+00 2.697602e+00
-1.289230e-01 -1.064316e+00 2.775640e+00
-2.528500e-01 -1.112156e+00 2.520434e+00
-9.966300e-02 -1.107121e+00 2.602878e+00
-2.042880e-01 5.065160e-01 2.582819e+00
-4.258440e-01 2.187340e-01 2.668264e+00
-4.845500e-02 2.319560e-01 2.700575e+00
-2.306660e-01 3.102040e-01 2.573971e+00
-2.370620e-01 8.065300e-02 2.742599e+00
-4.308320e-01 -1.246780e-01 2.605728e+00
-8.703000e-03 -7.804400e-02 2.650014e+00
-2.315210e-01 -1.177590e-01 2.757170e+00
-5.264620e-01 -1.747700e-02 2.745247e+00
3.285500e-02 -1.992300e-02 2.658246e+00
-5.136260e-01 -2.847200e-01 2.640879e+00
4.762900e-02 -3.017250e-01 2.604905e+00
-4.911070e-01 -3.480150e-01 2.612876e+00
1.291100e-02 -3.602470e-01 2.630741e+00
-3.113850e-01 -6.546230e-01 2.632371e+00
-9.103300e-02 -6.323210e-01 2.579388e+00
-2.776220e-01 -1.090473e+00 2.697635e+00
-1.182360e-01 -1.040816e+00 2.745989e+00
-2.625720e-01 -1.115950e+00 2.519704e+00
-9.709800e-02 -1.109669e+00 2.580617e+00
-2.244670e-01 5.057410e-01 2.597623e+00
-4.440380e-01 2.109370e-01 2.685573e+00
-6.575300e-02 2.259360e-01 2.703356e+00
-2.531820e-01 3.048920e-01 2.585081e+00
-2.517610e-01 7.293700e-02 2.750505e+00
-4.488780e-01 -1.223730e-01 2.613981e+00
-2.368700e-02 -8.874500e-02 2.634253e+00
-2.407700e-01 -1.266380e-01 2.753194e+00
-5.579260e-01 -2.649300e-02 2.736239e+00
1.619700e-02 -2.408000e-02 2.651522e+00
-5.449110e-01 -2.902390e-01 2.623017e+00
4.664300e-02 -2.934620e-01 2.556354e+00
-5.457830e-01 -3.616220e-01 2.608827e+00
2.911900e-02 -3.609810e-01 2.577133e+00
-3.244570e-01 -6.568610e-01 2.610837e+00
-7.846100e-02 -5.851300e-01 2.409382e+00
-2.880170e-01 -1.083623e+00 2.719968e+00
-1.027690e-01 -9.403500e-01 2.671283e+00
-2.865610e-01 -1.128192e+00 2.545192e+00
-7.110100e-02 -1.047127e+00 2.529399e+00
-2.485790e-01 4.975270e-01 2.602818e+00
-4.584080e-01 2.072420e-01 2.709649e+00
-7.970800e-02 2.166180e-01 2.697824e+00
-2.746090e-01 2.970320e-01 2.593425e+00
-2.636750e-01 6.708000e-02 2.761271e+00
-4.521680e-01 -1.266080e-01 2.628863e+00
-2.689000e-02 -9.613400e-02 2.605641e+00
-2.304930e-01 -1.404920e-01 2.744514e+00
-5.698790e-01 -3.711100e-02 2.710927e+00
8.920000e-03 -3.170100e-02 2.646650e+00
-5.583630e-01 -2.853710e-01 2.565863e+00
4.788900e-02 -2.962330e-01 2.540286e+00
-5.133740e-01 -3.424560e-01 2.561992e+00
3.340500e-02 -3.657270e-01 2.556364e+00
-3.350360e-01 -6.610210e-01 2.595009e+00
-7.382000e-02 -5.333960e-01 2.307659e+00
-2.545620e-01 -1.082336e+00 2.701694e+00
-1.029390e-01 -8.836200e-01 2.575726e+00
-2.785080e-01 -1.130506e+00 2.529528e+00
-7.021300e-02 -9.931410e-01 2.436193e+00
-2.604520e-01 4.898420e-01 2.613660e+00
-4.618270e-01 1.974630e-01 2.746631e+00
-8.560600e-02 2.013860e-01 2.700984e+00
-2.873290e-01 2.909240e-01 2.619478e+00
-2.662920e-01 5.138400e-02 2.772280e+00
-4.589470e-01 -1.308170e-01 2.630743e+00
-3.523100e-02 -1.039460e-01 2.585227e+00
-2.313570e-01 -1.546140e-01 2.732450e+00
-5.610840e-01 -4.080900e-02 2.672658e+00
2.651000e-03 -4.699500e-02 2.649846e+00
-5.422110e-01 -2.738270e-01 2.504993e+00
4.780400e-02 -3.042670e-01 2.529275e+00
-5.529410e-01 -3.438160e-01 2.488141e+00
1.530700e-02 -3.648250e-01 2.553239e+00
-3.172610e-01 -6.645920e-01 2.566204e+00
-7.651800e-02 -4.821200e-01 2.235384e+00
-2.296470e-01 -1.078080e+00 2.695490e+00
-1.082010e-01 -8.962490e-01 2.386569e+00
-2.553850e-01 -1.136303e+00 2.526721e+00
-7.039900e-02 -9.592760e-01 2.221846e+00
-2.631320e-01 4.798250e-01 2.641347e+00
-4.680160e-01 1.641100e-01 2.789249e+00
-9.519100e-02 1.782310e-01 2.722590e+00
-3.020940e-01 2.729900e-01 2.662887e+00
-2.701300e-01 1.895400e-02 2.787845e+00
-4.678320e-01 -1.470190e-01 2.646912e+00
-4.772400e-02 -1.060060e-01 2.582445e+00
-2.346660e-01 -1.769530e-01 2.733198e+00
-5.508450e-01 -4.563900e-02 2.643403e+00
-1.276000e-03 -6.589500e-02 2.661689e+00
-4.833380e-01 -2.194660e-01 2.424256e+00
4.044100e-02 -3.269640e-01 2.548108e+00
-4.808480e-01 -2.921170e-01 2.420627e+00
1.718700e-02 -3.950570e-01 2.537147e+00
-3.100990e-01 -6.705760e-01 2.542990e+00
-7.544300e-02 -3.485250e-01 2.156776e+00
-2.152890e-01 -1.070317e+00 2.706031e+00
-8.419900e-02 -7.270960e-01 1.928804e+00
-2.413590e-01 -1.142989e+00 2.543015e+00
-5.251800e-02 -6.360290e-01 1.776362e+00
-2.721830e-01 4.379090e-01 2.654753e+00
-4.696940e-01 1.431650e-01 2.793194e+00
-9.713200e-02 1.599240e-01 2.725686e+00
-3.048280e-01 2.532610e-01 2.666504e+00
-2.708020e-01 -6.030000e-04 2.791266e+00
-4.839970e-01 -1.474840e-01 2.643556e+00
-6.416700e-02 -1.262310e-01 2.568593e+00
-2.506640e-01 -1.959110e-01 2.720484e+00
-5.227890e-01 -6.091800e-02 2.628590e+00
-1.766700e-02 -8.752500e-02 2.662298e+00
-4.594900e-01 -2.137670e-01 2.394533e+00
3.871200e-02 -3.507950e-01 2.564001e+00
-4.193230e-01 -2.743860e-01 2.397606e+00
4.380000e-04 -4.099070e-01 2.582395e+00
-3.174900e-01 -6.729440e-01 2.526072e+00
-5.009800e-02 -3.279490e-01 2.144711e+00
-2.184340e-01 -1.067770e+00 2.698305e+00
-1.633870e-01 -6.165470e-01 1.829686e+00
-2.395080e-01 -1.143813e+00 2.536106e+00
-8.129200e-02 -5.139170e-01 1.706143e+00
-2.794490e-01 4.223180e-01 2.661442e+00
-4.623920e-01 1.198880e-01 2.810035e+00
-9.560300e-02 1.483710e-01 2.718958e+00
-3.089900e-01 2.377120e-01 2.676105e+00
-2.605550e-01 -1.843200e-02 2.791060e+00
-4.912880e-01 -1.795300e-01 2.639310e+00
-7.688600e-02 -1.267010e-01 2.550943e+00
-2.525940e-01 -2.112670e-01 2.708051e+00
-5.193110e-01 -6.510400e-02 2.627223e+00
-3.078300e-02 -1.044750e-01 2.666519e+00
-4.348930e-01 -2.087480e-01 2.395684e+00
4.518100e-02 -3.658950e-01 2.581317e+00
-3.763600e-01 -2.515780e-01 2.389592e+00
6.688000e-03 -4.275470e-01 2.577457e+00
-3.127760e-01 -6.933970e-01 2.510649e+00
-6.298300e-02 -3.063250e-01 2.121206e+00
-1.976410e-01 -1.072460e+00 2.706656e+00
-2.371300e-01 -5.876880e-01 1.828167e+00
-2.211010e-01 -1.160176e+00 2.550801e+00
-1.426930e-01 -5.087890e-01 1.696290e+00
-2.815760e-01 4.067740e-01 2.676453e+00
-4.652750e-01 1.138120e-01 2.810808e+00
-9.975800e-02 1.434390e-01 2.715094e+00
-3.143930e-01 2.299010e-01 2.672568e+00
-2.624100e-01 -2.312300e-02 2.792762e+00
-4.730570e-01 -1.914890e-01 2.631233e+00
-6.252100e-02 -1.308720e-01 2.530659e+00
-2.318160e-01 -2.294210e-01 2.686655e+00
-5.138990e-01 -6.346900e-02 2.620856e+00
-2.866700e-02 -1.059470e-01 2.663836e+00
-4.085290e-01 -2.260620e-01 2.414280e+00
4.542600e-02 -3.669300e-01 2.582528e+00
-3.801400e-01 -2.677100e-01 2.361772e+00
3.725300e-02 -4.374380e-01 2.598635e+00
-3.186720e-01 -7.037830e-01 2.517801e+00
-7.888900e-02 -2.527090e-01 2.082210e+00
-1.928800e-01 -1.071097e+00 2.729037e+00
-2.290630e-01 -6.480290e-01 1.953625e+00
-2.291080e-01 -1.168346e+00 2.581506e+00
-1.715960e-01 -6.152770e-01 1.785816e+00
-2.847670e-01 4.081760e-01 2.685398e+00
-4.645800e-01 1.223490e-01 2.793859e+00
-9.372300e-02 1.470730e-01 2.719735e+00
-3.043350e-01 2.363180e-01 2.664689e+00
-2.628330e-01 -1.726300e-02 2.787752e+00
-4.920430e-01 -1.870990e-01 2.637073e+00
-7.662100e-02 -1.339180e-01 2.553857e+00
-2.540990e-01 -2.237890e-01 2.705949e+00
-5.258320e-01 -6.481100e-02 2.618181e+00
-2.599200e-02 -1.027830e-01 2.668469e+00
-4.281530e-01 -2.441420e-01 2.422612e+00
5.454200e-02 -3.568650e-01 2.574106e+00
-3.588010e-01 -2.516430e-01 2.401837e+00
1.549000e-02 -4.182460e-01 2.576326e+00
-3.228210e-01 -7.026280e-01 2.529314e+00
-3.223200e-02 -1.809630e-01 2.128873e+00
-1.857000e-01 -1.079084e+00 2.715976e+00
-1.921060e-01 -5.109540e-01 1.882072e+00
-2.176120e-01 -1.167142e+00 2.561825e+00
-1.050950e-01 -4.455410e-01 1.738248e+00
-2.805210e-01 4.126950e-01 2.678034e+00
-4.623350e-01 1.371210e-01 2.789229e+00
-9.066200e-02 1.582610e-01 2.718144e+00
-3.006040e-01 2.447300e-01 2.656505e+00
-2.605990e-01 -2.610000e-03 2.792123e+00
-4.862840e-01 -1.857420e-01 2.633326e+00
-6.902800e-02 -1.192710e-01 2.571617e+00
-2.507160e-01 -2.214120e-01 2.710413e+00
-5.143490e-01 -6.440600e-02 2.627015e+00
-2.121200e-02 -9.082800e-02 2.665578e+00
-4.375380e-01 -2.482880e-01 2.426461e+00
5.521700e-02 -3.467950e-01 2.572982e+00
-3.755760e-01 -2.787130e-01 2.403381e+00
2.063900e-02 -4.089370e-01 2.557480e+00
-3.146140e-01 -6.952410e-01 2.534591e+00
-8.876000e-02 -3.511800e-01 2.126682e+00
-1.947150e-01 -1.085811e+00 2.703242e+00
-2.093900e-01 -7.311440e-01 1.935791e+00
-2.208500e-01 -1.163264e+00 2.542453e+00
-1.472830e-01 -6.712770e-01 1.777380e+00
-2.771330e-01 4.310580e-01 2.682412e+00
-4.590450e-01 1.642190e-01 2.781044e+00
-8.764100e-02 1.797710e-01 2.707167e+00
-2.972930e-01 2.653620e-01 2.643353e+00
-2.583260e-01 2.318600e-02 2.788275e+00
-4.720320e-01 -1.708830e-01 2.644345e+00
-5.432900e-02 -1.143390e-01 2.576109e+00
-2.368000e-01 -1.979990e-01 2.725819e+00
-5.181350e-01 -5.516900e-02 2.645522e+00
-9.712000e-03 -6.765800e-02 2.655256e+00
-4.259230e-01 -2.539420e-01 2.465717e+00
4.893400e-02 -3.275750e-01 2.558573e+00
-4.486160e-01 -3.222070e-01 2.454647e+00
3.534200e-02 -3.989300e-01 2.563191e+00
-3.170930e-01 -6.899180e-01 2.553971e+00
-1.237420e-01 -4.986680e-01 2.212681e+00
-2.331530e-01 -1.099286e+00 2.697969e+00
-1.430040e-01 -8.450310e-01 1.938772e+00
-2.620760e-01 -1.163614e+00 2.531955e+00
-1.651500e-01 -7.332360e-01 1.798963e+00
-2.740300e-01 4.585770e-01 2.675586e+00
-4.577680e-01 1.838900e-01 2.772969e+00
-8.576300e-02 1.959120e-01 2.701493e+00
-2.939860e-01 2.848340e-01 2.637552e+00
-2.587990e-01 4.036700e-02 2.779566e+00
-4.607780e-01 -1.538400e-01 2.642610e+00
-4.058200e-02 -1.231100e-01 2.573186e+00
-2.274160e-01 -1.884240e-01 2.726596e+00
-5.161240e-01 -4.713000e-02 2.658079e+00
-3.933000e-03 -5.139900e-02 2.655490e+00
-4.547970e-01 -2.777950e-01 2.505234e+00
4.046200e-02 -3.092670e-01 2.546577e+00
-4.177060e-01 -3.116590e-01 2.452556e+00
3.912200e-02 -3.806260e-01 2.560850e+00
-3.284780e-01 -6.845180e-01 2.581228e+00
-1.269190e-01 -5.551720e-01 2.263558e+00
-2.481980e-01 -1.103428e+00 2.697133e+00
-1.426930e-01 -9.346380e-01 2.037459e+00
-2.826450e-01 -1.156744e+00 2.528296e+00
-1.635250e-01 -8.422900e-01 1.883924e+00
-2.654320e-01 4.782410e-01 2.670893e+00
-4.525160e-01 2.046200e-01 2.764179e+00
-8.011700e-02 2.073220e-01 2.693803e+00
-2.856970e-01 3.023780e-01 2.630138e+00
-2.574820e-01 5.576000e-02 2.769972e+00
-4.601740e-01 -1.331400e-01 2.647426e+00
-3.939300e-02 -1.031070e-01 2.581321e+00
-2.275640e-01 -1.649060e-01 2.734552e+00
-5.238740e-01 -3.712500e-02 2.684378e+00
3.613000e-03 -3.971900e-02 2.650668e+00
-4.616220e-01 -2.766610e-01 2.546571e+00
3.805300e-02 -2.995740e-01 2.543276e+00
-4.381490e-01 -3.241300e-01 2.496637e+00
1.957300e-02 -3.696890e-01 2.549592e+00
-3.303910e-01 -6.648260e-01 2.587188e+00
-1.246830e-01 -5.939960e-01 2.353493e+00
-2.492510e-01 -1.085052e+00 2.697598e+00
-1.927220e-01 -1.006912e+00 2.211244e+00
-2.835730e-01 -1.136220e+00 2.528073e+00
-2.056660e-01 -9.464100e-01 2.041812e+00
-2.521950e-01 4.915690e-01 2.668109e+00
-4.348380e-01 2.263100e-01 2.730295e+00
-5.889000e-02 2.141610e-01 2.683858e+00
-2.564820e-01 3.142990e-01 2.604599e+00
-2.460600e-01 7.108200e-02 2.752610e+00
-4.484630e-01 -1.097660e-01 2.633452e+00
-2.357600e-02 -9.677800e-02 2.593069e+00
-2.230190e-01 -1.432150e-01 2.737199e+00
-4.989970e-01 -3.054700e-02 2.709374e+00
2.091500e-02 -3.582800e-02 2.643037e+00
-4.722890e-01 -2.898940e-01 2.595394e+00
2.858700e-02 -2.969420e-01 2.530226e+00
-4.353920e-01 -3.525990e-01 2.593348e+00
2.385400e-02 -3.656270e-01 2.553837e+00
-3.168280e-01 -6.483810e-01 2.595482e+00
-1.152720e-01 -6.281880e-01 2.472032e+00
-2.710740e-01 -1.072818e+00 2.710039e+00
-1.782590e-01 -1.047530e+00 2.596728e+00
-2.905530e-01 -1.121500e+00 2.537453e+00
-1.636060e-01 -1.100790e+00 2.425019e+00
-2.317080e-01 5.090050e-01 2.648506e+00
-4.232280e-01 2.359780e-01 2.708876e+00
-4.592100e-02 2.225120e-01 2.675723e+00
-2.409300e-01 3.171520e-01 2.584254e+00
-2.350360e-01 8.299600e-02 2.746447e+00
-4.413040e-01 -9.920700e-02 2.628283e+00
-1.528800e-02 -9.704100e-02 2.599381e+00
-2.196030e-01 -1.344620e-01 2.739248e+00
-4.831850e-01 -2.408000e-02 2.708560e+00
2.795500e-02 -3.171200e-02 2.641994e+00
-4.795740e-01 -3.008870e-01 2.636946e+00
3.440700e-02 -2.963750e-01 2.533940e+00
-4.205300e-01 -3.372160e-01 2.614775e+00
-3.117000e-03 -3.568010e-01 2.549374e+00
-3.145610e-01 -6.417560e-01 2.603657e+00
-1.029960e-01 -6.381650e-01 2.559409e+00
-2.742080e-01 -1.066359e+00 2.719622e+00
-1.268800e-01 -1.018520e+00 2.783292e+00
-2.894650e-01 -1.115059e+00 2.546617e+00
-1.130230e-01 -1.110393e+00 2.628687e+00
-2.112620e-01 5.139820e-01 2.617210e+00
-3.972580e-01 2.405160e-01 2.688689e+00
-1.915200e-02 2.253800e-01 2.667529e+00
-2.110640e-01 3.170010e-01 2.566893e+00
-2.106650e-01 8.870100e-02 2.737331e+00
-4.211610e-01 -7.635600e-02 2.635414e+00
2.134000e-03 -1.237610e-01 2.605350e+00
-2.039890e-01 -1.312550e-01 2.747353e+00
-4.577710e-01 -2.115600e-02 2.701191e+00
5.795200e-02 -3.050100e-02 2.638032e+00
-4.876250e-01 -3.034250e-01 2.652005e+00
2.048400e-02 -3.075070e-01 2.568388e+00
-4.302740e-01 -3.454400e-01 2.636411e+00
3.908100e-02 -3.726740e-01 2.541835e+00
-3.030070e-01 -6.335410e-01 2.628242e+00
-9.892200e-02 -6.446510e-01 2.673652e+00
-2.848470e-01 -1.068829e+00 2.702797e+00
-1.206040e-01 -1.069771e+00 2.792677e+00
-2.889090e-01 -1.099437e+00 2.525085e+00
-1.309000e-01 -1.117836e+00 2.619129e+00
-1.957510e-01 5.128190e-01 2.588554e+00
-3.796740e-01 2.428320e-01 2.677490e+00
-1.443000e-03 2.283980e-01 2.658160e+00
-1.936530e-01 3.112980e-01 2.550759e+00
-1.923270e-01 9.606900e-02 2.737427e+00
-4.046950e-01 -8.063200e-02 2.640369e+00
1.697600e-02 -1.406770e-01 2.610089e+00
-1.877500e-01 -1.327260e-01 2.754073e+00
-4.447400e-01 -1.884800e-02 2.680177e+00
7.609100e-02 -2.943700e-02 2.643095e+00
-4.668470e-01 -3.050620e-01 2.647479e+00
3.158300e-02 -3.074800e-01 2.578383e+00
-4.844530e-01 -3.755380e-01 2.642923e+00
4.284200e-02 -3.721100e-01 2.546859e+00
-2.931710e-01 -6.418930e-01 2.647043e+00
-9.721800e-02 -6.559490e-01 2.702644e+00
-2.875250e-01 -1.080334e+00 2.702729e+00
-1.502740e-01 -1.086866e+00 2.785466e+00
-2.850620e-01 -1.103028e+00 2.523804e+00
-1.626500e-01 -1.119360e+00 2.608474e+00
-1.663850e-01 5.099500e-01 2.560025e+00
-3.622370e-01 2.463560e-01 2.667689e+00
1.623800e-02 2.279990e-01 2.659875e+00
-1.718630e-01 3.109680e-01 2.545478e+00
-1.782290e-01 9.880800e-02 2.735526e+00
-3.981140e-01 -7.091000e-02 2.637720e+00
2.541400e-02 -1.233420e-01 2.623449e+00
-1.836390e-01 -1.106520e-01 2.760719e+00
-4.386820e-01 -1.259600e-02 2.658003e+00
8.291100e-02 -3.343500e-02 2.645725e+00
-4.522220e-01 -3.006550e-01 2.632857e+00
3.859100e-02 -3.123980e-01 2.582408e+00
-4.540540e-01 -3.732110e-01 2.627389e+00
4.037800e-02 -3.819380e-01 2.560991e+00
-2.835250e-01 -6.299490e-01 2.664772e+00
-8.460700e-02 -6.430910e-01 2.709324e+00
-2.895710e-01 -1.069881e+00 2.707045e+00
-1.557830e-01 -1.074457e+00 2.774294e+00
-2.818930e-01 -1.087223e+00 2.527670e+00
-1.566360e-01 -1.101183e+00 2.595912e+00
-1.345240e-01 4.913470e-01 2.523329e+00
-3.387230e-01 2.405480e-01 2.639426e+00
3.858600e-02 2.245270e-01 2.671393e+00
-1.369140e-01 2.953140e-01 2.531603e+00
-1.626890e-01 1.011990e-01 2.738545e+00
-3.773050e-01 -7.352000e-02 2.637372e+00
4.566500e-02 -1.213340e-01 2.671117e+00
-1.773350e-01 -1.075630e-01 2.784205e+00
-4.242070e-01 -1.582700e-02 2.654536e+00
8.879600e-02 -3.964400e-02 2.640475e+00
-4.133670e-01 -2.937330e-01 2.572353e+00
5.123900e-02 -3.264770e-01 2.619993e+00
-4.286870e-01 -3.648520e-01 2.574603e+00
3.606400e-02 -3.948490e-01 2.600179e+00
-2.831490e-01 -6.305090e-01 2.684261e+00
-7.065300e-02 -6.488130e-01 2.705866e+00
-2.849350e-01 -1.070743e+00 2.723694e+00
-1.453400e-01 -1.080554e+00 2.764051e+00
-2.671400e-01 -1.086828e+00 2.544921e+00
-1.238170e-01 -1.108125e+00 2.587099e+00
-1.087850e-01 4.804590e-01 2.502363e+00
-3.314710e-01 2.373190e-01 2.644639e+00
4.701200e-02 2.267150e-01 2.661332e+00
-1.350150e-01 2.907850e-01 2.526746e+00
-1.497080e-01 1.033830e-01 2.740837e+00
-3.753420e-01 -8.869700e-02 2.637965e+00
4.967400e-02 -1.056950e-01 2.675401e+00
-1.744800e-01 -1.014810e-01 2.786957e+00
-4.188390e-01 -1.904400e-02 2.646274e+00
9.339700e-02 -3.963800e-02 2.645129e+00
-3.949400e-01 -2.882950e-01 2.540704e+00
7.277700e-02 -3.290410e-01 2.639428e+00
-3.953230e-01 -3.594870e-01 2.525566e+00
5.926300e-02 -3.965840e-01 2.615914e+00
-2.806010e-01 -6.362740e-01 2.693990e+00
-7.296200e-02 -6.440080e-01 2.707608e+00
-2.856140e-01 -1.076504e+00 2.733189e+00
-1.422850e-01 -1.077809e+00 2.756339e+00
-2.709640e-01 -1.092614e+00 2.554133e+00
-1.212280e-01 -1.101127e+00 2.578722e+00
-1.080650e-01 4.829930e-01 2.499772e+00
-3.258770e-01 2.371900e-01 2.652061e+00
5.287300e-02 2.241680e-01 2.656459e+00
-1.330570e-01 2.879800e-01 2.527190e+00
-1.419280e-01 1.030890e-01 2.743770e+00
-3.780790e-01 -1.152260e-01 2.654024e+00
4.849000e-02 -9.723400e-02 2.660634e+00
-1.667690e-01 -1.074710e-01 2.788172e+00
-4.064190e-01 -2.138500e-02 2.639668e+00
9.290300e-02 -4.389700e-02 2.650100e+00
-3.737340e-01 -2.788900e-01 2.509284e+00
9.153200e-02 -3.340150e-01 2.635745e+00
-3.674200e-01 -3.425720e-01 2.474611e+00
7.608500e-02 -4.050180e-01 2.631554e+00
-2.858370e-01 -6.514900e-01 2.701108e+00
-7.844000e-02 -6.454690e-01 2.710403e+00
-2.776640e-01 -1.091469e+00 2.742525e+00
-1.441530e-01 -1.079573e+00 2.761388e+00
-2.764570e-01 -1.108352e+00 2.562946e+00
-1.406130e-01 -1.101138e+00 2.582342e+00
-1.080890e-01 4.808070e-01 2.498142e+00
-3.219200e-01 2.439170e-01 2.677054e+00
5.518900e-02 2.195670e-01 2.648120e+00
-1.390030e-01 2.930800e-01 2.537495e+00
-1.351990e-01 1.014830e-01 2.748318e+00
-3.786890e-01 -1.138370e-01 2.674927e+00
4.635700e-02 -8.472900e-02 2.646329e+00
-1.574370e-01 -9.847500e-02 2.791198e+00
-3.992820e-01 -1.372800e-02 2.639781e+00
9.555800e-02 -4.899200e-02 2.649307e+00
-3.462490e-01 -2.711660e-01 2.514959e+00
1.171310e-01 -3.390020e-01 2.639513e+00
-3.349170e-01 -3.348380e-01 2.481566e+00
9.447100e-02 -4.070910e-01 2.651681e+00
-2.743320e-01 -6.479390e-01 2.703535e+00
-7.358700e-02 -6.364920e-01 2.703134e+00
-2.767350e-01 -1.085611e+00 2.765191e+00
-1.354760e-01 -1.070180e+00 2.761855e+00
-2.900230e-01 -1.110633e+00 2.587055e+00
-1.525620e-01 -1.091877e+00 2.583606e+00
-1.127080e-01 4.844410e-01 2.510017e+00
-3.246390e-01 2.439000e-01 2.682288e+00
5.273400e-02 2.207410e-01 2.655937e+00
-1.406100e-01 2.969250e-01 2.545636e+00
-1.383390e-01 9.984600e-02 2.751366e+00
-3.743980e-01 -1.107550e-01 2.671159e+00
5.105700e-02 -8.441600e-02 2.646203e+00
-1.540320e-01 -9.719000e-02 2.789321e+00
-4.063470e-01 -1.320700e-02 2.647970e+00
9.608500e-02 -4.765300e-02 2.649351e+00
-3.404030e-01 -2.699300e-01 2.526952e+00
1.216100e-01 -3.375200e-01 2.634302e+00
-3.264430e-01 -3.341310e-01 2.495633e+00
8.122600e-02 -3.980690e-01 2.633609e+00
-2.729780e-01 -6.450240e-01 2.708129e+00
-7.180100e-02 -6.351100e-01 2.704862e+00
-2.760530e-01 -1.081195e+00 2.779608e+00
-1.323950e-01 -1.068821e+00 2.764750e+00
-2.879520e-01 -1.110220e+00 2.601982e+00
-1.473060e-01 -1.091363e+00 2.586411e+00
-1.077010e-01 4.847020e-01 2.518779e+00
-3.309130e-01 2.372210e-01 2.687191e+00
4.749200e-02 2.258320e-01 2.669280e+00
-1.453710e-01 3.004520e-01 2.557083e+00
-1.421250e-01 9.611400e-02 2.755591e+00
-3.724980e-01 -1.269260e-01 2.664924e+00
5.290500e-02 -9.300500e-02 2.650407e+00
-1.549830e-01 -1.144010e-01 2.788365e+00
-4.135520e-01 -1.918900e-02 2.648259e+00
9.508600e-02 -4.141100e-02 2.649103e+00
-3.535620e-01 -2.875320e-01 2.551064e+00
1.194900e-01 -3.303060e-01 2.617520e+00
-3.400980e-01 -3.540590e-01 2.524787e+00
8.834800e-02 -3.959270e-01 2.622182e+00
-2.738120e-01 -6.568200e-01 2.719028e+00
-6.785800e-02 -6.462710e-01 2.700115e+00
-2.747060e-01 -1.094125e+00 2.783277e+00
-1.274200e-01 -1.079734e+00 2.762779e+00
-2.806810e-01 -1.120318e+00 2.604913e+00
-1.389040e-01 -1.103942e+00 2.584405e+00
-1.237280e-01 4.904130e-01 2.537828e+00
-3.390650e-01 2.395030e-01 2.699932e+00
3.883500e-02 2.281260e-01 2.673411e+00
-1.562640e-01 3.065330e-01 2.567860e+00
-1.491370e-01 9.603000e-02 2.759713e+00
-3.791240e-01 -1.328680e-01 2.659370e+00
4.590300e-02 -9.802200e-02 2.637747e+00
-1.593790e-01 -1.226920e-01 2.779021e+00
-4.185040e-01 -1.768500e-02 2.653301e+00
8.902900e-02 -3.952100e-02 2.651593e+00
-3.835310e-01 -3.022290e-01 2.594272e+00
9.763200e-02 -3.254530e-01 2.589611e+00
-3.559280e-01 -3.680620e-01 2.608474e+00
7.252400e-02 -3.933000e-01 2.597606e+00
-2.725900e-01 -6.627200e-01 2.712116e+00
-6.950800e-02 -6.503460e-01 2.698840e+00
-2.676010e-01 -1.100192e+00 2.775025e+00
-1.162100e-01 -1.085711e+00 2.759175e+00
-2.760810e-01 -1.125932e+00 2.596698e+00
-1.279210e-01 -1.109186e+00 2.580718e+00
-1.467350e-01 4.947830e-01 2.550344e+00
-3.482600e-01 2.308930e-01 2.700046e+00
3.020200e-02 2.282440e-01 2.680029e+00
-1.647180e-01 3.044680e-01 2.572566e+00
-1.562810e-01 9.042200e-02 2.760404e+00
-3.746430e-01 -1.059720e-01 2.661141e+00
5.190400e-02 -1.019020e-01 2.641909e+00
-1.553720e-01 -1.186570e-01 2.781420e+00
-4.210100e-01 -3.267700e-02 2.685020e+00
9.649600e-02 -3.466200e-02 2.641659e+00
-4.033690e-01 -3.191750e-01 2.624278e+00
8.294000e-02 -3.200780e-01 2.575052e+00
-3.971310e-01 -3.902750e-01 2.610010e+00
5.864200e-02 -3.825600e-01 2.603394e+00
-2.736590e-01 -6.463280e-01 2.701979e+00
-7.165400e-02 -6.452770e-01 2.696722e+00
-2.660180e-01 -1.083552e+00 2.766332e+00
-1.187280e-01 -1.080438e+00 2.758227e+00
-2.755110e-01 -1.109943e+00 2.588151e+00
-1.241490e-01 -1.105095e+00 2.579628e+00
-1.550690e-01 4.966350e-01 2.564082e+00
