-4.045410e-01 3.153910e-01 2.794945e+00
-3.111625e-01 3.157815e-01 2.786615e+00
-2.177840e-01 3.161720e-01 2.778285e+00
-1.244055e-01 3.165625e-01 2.769955e+00
-3.102700e-02 3.169530e-01 2.761625e+00
-8.008550e-02 3.305543e-01 2.739877e+00
-1.291440e-01 3.441555e-01 2.718129e+00
-1.782025e-01 3.577567e-01 2.696382e+00
-2.272610e-01 3.713580e-01 2.674634e+00
-2.232433e-01 3.255152e-01 2.717523e+00
-2.192255e-01 2.796725e-01 2.760413e+00
-2.152078e-01 2.338298e-01 2.803303e+00
-2.111900e-01 1.879870e-01 2.846192e+00
-2.544808e-01 1.369027e-01 2.813737e+00
-2.977715e-01 8.581850e-02 2.781281e+00
-3.410623e-01 3.473425e-02 2.748826e+00
-3.843530e-01 -1.635000e-02 2.716371e+00
-3.004132e-01 -1.834950e-02 2.713895e+00
-2.164735e-01 -2.034900e-02 2.711419e+00
-1.325338e-01 -2.234850e-02 2.708944e+00
-4.859400e-02 -2.434800e-02 2.706468e+00
-8.996325e-02 -2.797050e-02 2.731807e+00
-1.313325e-01 -3.159300e-02 2.757146e+00
-1.727018e-01 -3.521550e-02 2.782484e+00
-2.140710e-01 -3.883800e-02 2.807823e+00
-2.727142e-01 -2.172450e-02 2.810688e+00
-3.313575e-01 -4.611000e-03 2.813552e+00
-3.900008e-01 1.250250e-02 2.816416e+00
-4.486440e-01 2.961600e-02 2.819281e+00
-3.339692e-01 2.966075e-02 2.806750e+00
-2.192945e-01 2.970550e-02 2.794220e+00
-1.046197e-01 2.975025e-02 2.781689e+00
1.005500e-02 2.979500e-02 2.769158e+00
-1.028905e-01 -4.623675e-02 2.768259e+00
-2.158360e-01 -1.222685e-01 2.767361e+00
-3.287815e-01 -1.983003e-01 2.766462e+00
-4.417270e-01 -2.743320e-01 2.765563e+00
-3.319945e-01 -2.741570e-01 2.752577e+00
-2.222620e-01 -2.739820e-01 2.739591e+00
-1.125295e-01 -2.738070e-01 2.726604e+00
-2.797000e-03 -2.736320e-01 2.713618e+00
-1.055945e-01 -2.898058e-01 2.722213e+00
-2.083920e-01 -3.059795e-01 2.730809e+00
-3.111895e-01 -3.221533e-01 2.739405e+00
-4.139870e-01 -3.383270e-01 2.748000e+00
-3.165042e-01 -3.392882e-01 2.740621e+00
-2.190215e-01 -3.402495e-01 2.733241e+00
-1.215388e-01 -3.412108e-01 2.725861e+00
-2.405600e-02 -3.421720e-01 2.718482e+00
-9.751100e-02 -3.941560e-01 2.734897e+00
-1.709660e-01 -4.461400e-01 2.751313e+00
-2.444210e-01 -4.981240e-01 2.767728e+00
-3.178760e-01 -5.501080e-01 2.784143e+00
-2.643903e-01 -5.507970e-01 2.781504e+00
-2.109045e-01 -5.514860e-01 2.778866e+00
-1.574187e-01 -5.521750e-01 2.776227e+00
-1.039330e-01 -5.528640e-01 2.773588e+00
-1.527682e-01 -6.560400e-01 2.800435e+00
-2.016035e-01 -7.592160e-01 2.827281e+00
-2.504387e-01 -8.623920e-01 2.854128e+00
-2.992740e-01 -9.655680e-01 2.880975e+00
-2.490938e-01 -9.652808e-01 2.882547e+00
-1.989135e-01 -9.649935e-01 2.884119e+00
-1.487332e-01 -9.647063e-01 2.885692e+00
-9.855300e-02 -9.644190e-01 2.887264e+00
-1.510325e-01 -9.748912e-01 2.842434e+00
-2.035120e-01 -9.853635e-01 2.797605e+00
-2.559915e-01 -9.958358e-01 2.752775e+00
-3.084710e-01 -1.006308e+00 2.707945e+00
-2.562930e-01 -1.007687e+00 2.709883e+00
-2.041150e-01 -1.009066e+00 2.711821e+00
-1.519370e-01 -1.010445e+00 2.713759e+00
-9.975900e-02 -1.011824e+00 2.715697e+00
-1.310615e-01 -6.124580e-01 2.706248e+00
-1.623640e-01 -2.130920e-01 2.696798e+00
-1.936665e-01 1.862740e-01 2.687349e+00
-2.249690e-01 5.856400e-01 2.677900e+00
-2.765462e-01 5.174257e-01 2.707240e+00
-3.281235e-01 4.492115e-01 2.736579e+00
-3.797008e-01 3.809972e-01 2.765918e+00
-4.312780e-01 3.127830e-01 2.795258e+00
-3.379245e-01 3.139068e-01 2.786721e+00
-2.445710e-01 3.150305e-01 2.778183e+00
-5.786400e-02 3.172780e-01 2.761108e+00
-1.563380e-01 3.422630e-01 2.717093e+00
-2.548120e-01 3.672480e-01 2.673078e+00
-2.456680e-01 2.780405e-01 2.761322e+00
-2.365240e-01 1.888330e-01 2.849567e+00
-3.158900e-01 8.372300e-02 2.789608e+00
-3.952560e-01 -2.138700e-02 2.729650e+00
-2.275565e-01 -2.314500e-02 2.719761e+00
-5.985700e-02 -2.490300e-02 2.709872e+00
-1.409790e-01 -3.389050e-02 2.762833e+00
-2.221010e-01 -4.287800e-02 2.815793e+00
-3.467630e-01 -8.017500e-03 2.815215e+00
-4.714250e-01 2.684300e-02 2.814637e+00
-2.405105e-01 2.999750e-02 2.801022e+00
-9.596000e-03 3.315200e-02 2.787406e+00
-2.291475e-01 -1.212770e-01 2.774805e+00
-4.486990e-01 -2.757060e-01 2.762203e+00
-2.320510e-01 -2.700735e-01 2.735415e+00
-1.540300e-02 -2.644410e-01 2.708627e+00
-2.182390e-01 -3.015110e-01 2.724727e+00
-4.210750e-01 -3.385810e-01 2.740826e+00
-2.275900e-01 -3.361910e-01 2.726518e+00
-3.410500e-02 -3.338010e-01 2.712210e+00
-1.791160e-01 -4.451275e-01 2.745148e+00
-3.241270e-01 -5.564540e-01 2.778086e+00
-2.156610e-01 -5.554805e-01 2.776372e+00
-1.071950e-01 -5.545070e-01 2.774658e+00
-2.002665e-01 -7.637900e-01 2.820558e+00
-2.933380e-01 -9.730730e-01 2.866459e+00
-1.993275e-01 -9.683210e-01 2.881782e+00
-1.053170e-01 -9.635690e-01 2.897106e+00
-2.068495e-01 -9.872545e-01 2.795145e+00
-3.083820e-01 -1.010940e+00 2.693185e+00
-2.085560e-01 -1.012780e+00 2.709901e+00
-1.087300e-01 -1.014619e+00 2.726618e+00
-1.764455e-01 -2.139020e-01 2.704927e+00
-2.441610e-01 5.868150e-01 2.683235e+00
-3.490115e-01 4.493850e-01 2.732369e+00
-4.538620e-01 3.119550e-01 2.781504e+00
-2.666555e-01 3.164175e-01 2.772012e+00
-7.944900e-02 3.208800e-01 2.762521e+00
-1.763470e-01 3.430440e-01 2.713753e+00
-2.732450e-01 3.652080e-01 2.664985e+00
-2.665585e-01 2.789130e-01 2.756293e+00
-2.598720e-01 1.926180e-01 2.847602e+00
-3.318130e-01 8.681300e-02 2.786803e+00
-4.037540e-01 -1.899200e-02 2.726004e+00
-2.357635e-01 -2.036500e-02 2.724863e+00
-6.777300e-02 -2.173800e-02 2.723722e+00
-1.515025e-01 -2.882200e-02 2.772768e+00
-2.352320e-01 -3.590600e-02 2.821814e+00
-3.610850e-01 -4.529000e-03 2.817870e+00
-4.869380e-01 2.684800e-02 2.813927e+00
-2.545935e-01 3.365550e-02 2.807756e+00
-2.224900e-02 4.046300e-02 2.801586e+00
-2.408615e-01 -1.166630e-01 2.779008e+00
-4.594740e-01 -2.737890e-01 2.756430e+00
-2.405795e-01 -2.607860e-01 2.725725e+00
-2.168500e-02 -2.477830e-01 2.695020e+00
-2.307175e-01 -2.927360e-01 2.738965e+00
-4.397500e-01 -3.376890e-01 2.782910e+00
-2.436400e-01 -3.255340e-01 2.731847e+00
-4.753000e-02 -3.133790e-01 2.680785e+00
-1.849730e-01 -4.347675e-01 2.726689e+00
-3.224160e-01 -5.561560e-01 2.772593e+00
-2.132795e-01 -5.538040e-01 2.776505e+00
-1.041430e-01 -5.514520e-01 2.780417e+00
-2.018925e-01 -7.602335e-01 2.829791e+00
-2.996420e-01 -9.690150e-01 2.879166e+00
-2.026425e-01 -9.668425e-01 2.883591e+00
-1.056430e-01 -9.646700e-01 2.888017e+00
-2.052405e-01 -9.892120e-01 2.797487e+00
-3.048380e-01 -1.013754e+00 2.706958e+00
-2.016315e-01 -1.011633e+00 2.711434e+00
-9.842500e-02 -1.009512e+00 2.715910e+00
-1.820765e-01 -2.118835e-01 2.694049e+00
-2.657280e-01 5.857450e-01 2.672187e+00
-3.729210e-01 4.468415e-01 2.718559e+00
-4.801140e-01 3.079380e-01 2.764931e+00
-2.928870e-01 3.177860e-01 2.767253e+00
-1.056600e-01 3.276340e-01 2.769576e+00
-1.998925e-01 3.471230e-01 2.714811e+00
-2.941250e-01 3.666120e-01 2.660047e+00
-2.907220e-01 2.803355e-01 2.751554e+00
-2.873190e-01 1.940590e-01 2.843061e+00
-3.508900e-01 8.376150e-02 2.782628e+00
-4.144610e-01 -2.653600e-02 2.722194e+00
-2.470225e-01 -2.130950e-02 2.734885e+00
-7.958400e-02 -1.608300e-02 2.747576e+00
-1.667880e-01 -2.498400e-02 2.789797e+00
-2.539920e-01 -3.388500e-02 2.832017e+00
-3.818535e-01 -4.644500e-03 2.818742e+00
-5.097150e-01 2.459600e-02 2.805468e+00
-2.708715e-01 3.879750e-02 2.809634e+00
-3.202800e-02 5.299900e-02 2.813801e+00
-2.537135e-01 -1.114875e-01 2.786129e+00
-4.753990e-01 -2.759740e-01 2.758458e+00
-2.548280e-01 -2.457920e-01 2.712689e+00
-3.425700e-02 -2.156100e-01 2.666919e+00
-2.474240e-01 -2.775420e-01 2.727869e+00
-4.605910e-01 -3.394740e-01 2.788820e+00
-2.629240e-01 -3.097825e-01 2.731563e+00
-6.525700e-02 -2.800910e-01 2.674306e+00
-1.950855e-01 -4.203525e-01 2.724245e+00
-3.249140e-01 -5.606140e-01 2.774185e+00
-2.091460e-01 -5.543955e-01 2.780510e+00
-9.337800e-02 -5.481770e-01 2.786835e+00
-1.945990e-01 -7.634740e-01 2.821214e+00
-2.958200e-01 -9.787710e-01 2.855594e+00
-1.936070e-01 -9.720335e-01 2.866867e+00
-9.139400e-02 -9.652960e-01 2.878141e+00
-1.882100e-01 -9.886480e-01 2.779599e+00
-2.850260e-01 -1.012000e+00 2.681056e+00
-1.756450e-01 -1.007432e+00 2.693516e+00
-6.626400e-02 -1.002863e+00 2.705975e+00
-1.808605e-01 -2.080915e-01 2.689843e+00
-2.954570e-01 5.866800e-01 2.673711e+00
-4.072460e-01 4.449490e-01 2.717011e+00
-5.190350e-01 3.032180e-01 2.760312e+00
-3.325120e-01 3.213115e-01 2.766479e+00
-1.459890e-01 3.394050e-01 2.772646e+00
-2.396820e-01 3.532975e-01 2.715310e+00
-3.333750e-01 3.671900e-01 2.657974e+00
-3.283700e-01 2.835900e-01 2.751862e+00
-3.233650e-01 1.999900e-01 2.845749e+00
-3.793510e-01 8.699000e-02 2.789138e+00
-4.353370e-01 -2.601000e-02 2.732528e+00
-2.682555e-01 -1.266550e-02 2.743919e+00
-1.011740e-01 6.790000e-04 2.755310e+00
-1.877610e-01 -9.568500e-03 2.798484e+00
-2.743480e-01 -1.981600e-02 2.841659e+00
-4.063570e-01 -1.168000e-03 2.814564e+00
-5.383660e-01 1.748000e-02 2.787468e+00
-2.920445e-01 4.655650e-02 2.808024e+00
-4.572300e-02 7.563300e-02 2.828580e+00
-2.760355e-01 -1.043980e-01 2.788625e+00
-5.063480e-01 -2.844290e-01 2.748670e+00
-2.781260e-01 -2.307420e-01 2.702297e+00
-4.990400e-02 -1.770550e-01 2.655924e+00
-2.673910e-01 -2.650435e-01 2.701084e+00
-4.848780e-01 -3.530320e-01 2.746243e+00
-2.728380e-01 -2.962440e-01 2.718119e+00
-6.079800e-02 -2.394560e-01 2.689995e+00
-1.939360e-01 -3.976325e-01 2.735494e+00
-3.270740e-01 -5.558090e-01 2.780992e+00
-1.908530e-01 -5.396095e-01 2.772216e+00
-5.463200e-02 -5.234100e-01 2.763440e+00
-1.807145e-01 -7.468010e-01 2.822725e+00
-3.067970e-01 -9.701920e-01 2.882010e+00
-1.450175e-01 -9.527130e-01 2.866408e+00
1.676200e-02 -9.352340e-01 2.850807e+00
-1.393835e-01 -9.734895e-01 2.780051e+00
-2.955290e-01 -1.011745e+00 2.709295e+00
-1.247575e-01 -9.892745e-01 2.693691e+00
4.601400e-02 -9.668040e-01 2.678088e+00
-1.428590e-01 -1.901780e-01 2.672262e+00
-3.317320e-01 5.864480e-01 2.666435e+00
-4.327710e-01 4.439755e-01 2.709834e+00
-5.338100e-01 3.015030e-01 2.753233e+00
-3.478065e-01 3.230175e-01 2.763042e+00
-1.618030e-01 3.445320e-01 2.772851e+00
-2.541665e-01 3.535535e-01 2.712466e+00
-3.465300e-01 3.625750e-01 2.652081e+00
-3.427130e-01 2.845940e-01 2.750738e+00
-3.388960e-01 2.066130e-01 2.849395e+00
-3.963530e-01 8.929000e-02 2.794719e+00
-4.538100e-01 -2.803300e-02 2.740042e+00
-2.886910e-01 2.022000e-03 2.747553e+00
-1.235720e-01 3.207700e-02 2.755065e+00
-2.077860e-01 1.390150e-02 2.800276e+00
-2.920000e-01 -4.274000e-03 2.845486e+00
-4.232080e-01 5.143500e-03 2.809428e+00
-5.544160e-01 1.456100e-02 2.773370e+00
-3.088335e-01 4.699550e-02 2.801278e+00
-6.325100e-02 7.943000e-02 2.829186e+00
-2.948720e-01 -1.049955e-01 2.785813e+00
-5.264930e-01 -2.894210e-01 2.742440e+00
-2.917735e-01 -2.250800e-01 2.690390e+00
-5.705400e-02 -1.607390e-01 2.638339e+00
-2.772475e-01 -2.574245e-01 2.696404e+00
-4.974410e-01 -3.541100e-01 2.754470e+00
-2.833015e-01 -2.888645e-01 2.680028e+00
-6.916200e-02 -2.236190e-01 2.605585e+00
-2.023450e-01 -3.852315e-01 2.692596e+00
-3.355280e-01 -5.468440e-01 2.779607e+00
-1.664435e-01 -5.087320e-01 2.762101e+00
2.641000e-03 -4.706200e-01 2.744595e+00
-1.507185e-01 -7.164810e-01 2.808743e+00
-3.040780e-01 -9.623420e-01 2.872890e+00
-8.456450e-02 -9.102115e-01 2.869361e+00
1.349490e-01 -8.580810e-01 2.865832e+00
-8.089250e-02 -9.294260e-01 2.782538e+00
-2.967340e-01 -1.000771e+00 2.699244e+00
-5.973600e-02 -9.485790e-01 2.698237e+00
1.772620e-01 -8.963870e-01 2.697231e+00
-9.005950e-02 -1.517990e-01 2.682511e+00
-3.573810e-01 5.927890e-01 2.667790e+00
-4.509160e-01 4.517570e-01 2.708477e+00
-5.444510e-01 3.107250e-01 2.749165e+00
-3.583635e-01 3.290450e-01 2.763022e+00
-1.722760e-01 3.473650e-01 2.776879e+00
-2.634215e-01 3.602200e-01 2.715348e+00
-3.545670e-01 3.730750e-01 2.653817e+00
-3.536005e-01 2.910835e-01 2.749238e+00
-3.526340e-01 2.090920e-01 2.844660e+00
-4.095590e-01 8.351250e-02 2.792583e+00
-4.664840e-01 -4.206700e-02 2.740506e+00
-3.059345e-01 6.399500e-03 2.750451e+00
-1.453850e-01 5.486600e-02 2.760395e+00
-2.289390e-01 3.144650e-02 2.804401e+00
-3.124930e-01 8.027000e-03 2.848408e+00
-4.395110e-01 1.655200e-02 2.808168e+00
-5.665290e-01 2.507700e-02 2.767927e+00
-3.253965e-01 5.230600e-02 2.799584e+00
-8.426400e-02 7.953500e-02 2.831242e+00
-3.168800e-01 -9.857500e-02 2.777432e+00
-5.494960e-01 -2.766850e-01 2.723621e+00
-3.150510e-01 -2.086815e-01 2.671594e+00
-8.060600e-02 -1.406780e-01 2.619567e+00
-2.971455e-01 -2.396295e-01 2.667728e+00
-5.136850e-01 -3.385810e-01 2.715890e+00
-3.000145e-01 -2.712430e-01 2.650826e+00
-8.634400e-02 -2.039050e-01 2.585763e+00
-2.083940e-01 -3.752250e-01 2.679699e+00
-3.304440e-01 -5.465450e-01 2.773635e+00
-1.369070e-01 -4.791690e-01 2.754633e+00
5.663000e-02 -4.117930e-01 2.735632e+00
-1.216340e-01 -6.858145e-01 2.806079e+00
-2.998980e-01 -9.598360e-01 2.876526e+00
-1.032750e-02 -8.575290e-01 2.866966e+00
2.792430e-01 -7.552220e-01 2.857407e+00
-5.413000e-03 -8.786550e-01 2.780650e+00
-2.900690e-01 -1.002088e+00 2.703893e+00
1.901150e-02 -8.927550e-01 2.696236e+00
3.280920e-01 -7.834220e-01 2.688580e+00
-1.838700e-02 -9.526150e-02 2.672269e+00
-3.648660e-01 5.928990e-01 2.655958e+00
-4.602595e-01 4.571445e-01 2.703120e+00
-5.556530e-01 3.213900e-01 2.750283e+00
-3.692380e-01 3.329065e-01 2.766806e+00
-1.828230e-01 3.444230e-01 2.783330e+00
-2.726975e-01 3.621005e-01 2.721130e+00
-3.625720e-01 3.797780e-01 2.658930e+00
-3.655980e-01 2.951990e-01 2.752021e+00
-3.686240e-01 2.106200e-01 2.845113e+00
-4.264770e-01 7.857700e-02 2.790548e+00
-4.843300e-01 -5.346600e-02 2.735983e+00
-3.246255e-01 -2.888500e-03 2.748647e+00
-1.649210e-01 4.768900e-02 2.761311e+00
-2.502545e-01 2.756100e-02 2.803493e+00
-3.355880e-01 7.433000e-03 2.845675e+00
-4.634080e-01 2.305450e-02 2.801487e+00
-5.912280e-01 3.867600e-02 2.757298e+00
-3.426920e-01 5.966550e-02 2.801160e+00
-9.415600e-02 8.065500e-02 2.845022e+00
-3.356215e-01 -8.954050e-02 2.775111e+00
-5.770870e-01 -2.597360e-01 2.705201e+00
-3.468640e-01 -1.867890e-01 2.659321e+00
-1.166410e-01 -1.138420e-01 2.613442e+00
-3.298920e-01 -2.184350e-01 2.657375e+00
-5.431430e-01 -3.230280e-01 2.701308e+00
-3.322365e-01 -2.421970e-01 2.630483e+00
-1.213300e-01 -1.613660e-01 2.559657e+00
-2.171300e-01 -3.567160e-01 2.664385e+00
-3.129300e-01 -5.520660e-01 2.769113e+00
-9.531100e-02 -4.368260e-01 2.748296e+00
1.223080e-01 -3.215860e-01 2.727479e+00
-8.852900e-02 -6.455335e-01 2.792764e+00
-2.993660e-01 -9.694810e-01 2.858049e+00
8.629650e-02 -7.620985e-01 2.830592e+00
4.719590e-01 -5.547160e-01 2.803135e+00
9.584200e-02 -7.802410e-01 2.743985e+00
-2.802750e-01 -1.005766e+00 2.684835e+00
1.172320e-01 -7.761650e-01 2.657690e+00
5.147390e-01 -5.465640e-01 2.630545e+00
7.730400e-02 2.441350e-02 2.648557e+00
-3.601310e-01 5.953910e-01 2.666570e+00
-4.580135e-01 4.623495e-01 2.710037e+00
-5.558960e-01 3.293080e-01 2.753503e+00
-3.692350e-01 3.368010e-01 2.769558e+00
-1.825740e-01 3.442940e-01 2.785613e+00
-2.722110e-01 3.640220e-01 2.723688e+00
-3.618480e-01 3.837500e-01 2.661762e+00
-3.664410e-01 2.990560e-01 2.754685e+00
-3.710340e-01 2.143620e-01 2.847608e+00
-4.289780e-01 8.464100e-02 2.791208e+00
-4.869220e-01 -4.508000e-02 2.734808e+00
-3.242440e-01 -5.122000e-03 2.747582e+00
-1.615660e-01 3.483600e-02 2.760356e+00
-2.480090e-01 2.011900e-02 2.802513e+00
-3.344520e-01 5.402000e-03 2.844671e+00
-4.681530e-01 2.747300e-02 2.798687e+00
-6.018540e-01 4.954400e-02 2.752703e+00
-3.455825e-01 6.690950e-02 2.801067e+00
-8.931100e-02 8.427500e-02 2.849431e+00
-3.387870e-01 -8.094600e-02 2.772085e+00
-5.882630e-01 -2.461670e-01 2.694739e+00
-3.614230e-01 -1.667810e-01 2.650153e+00
-1.345830e-01 -8.739500e-02 2.605567e+00
-3.511050e-01 -1.999210e-01 2.640739e+00
-5.676270e-01 -3.124470e-01 2.675911e+00
-3.560655e-01 -2.212885e-01 2.612241e+00
-1.445040e-01 -1.301300e-01 2.548571e+00
-2.243410e-01 -3.400345e-01 2.659011e+00
-3.041780e-01 -5.499390e-01 2.769451e+00
-7.585250e-02 -4.055340e-01 2.742308e+00
1.524730e-01 -2.611290e-01 2.715165e+00
-7.218600e-02 -6.133545e-01 2.791088e+00
-2.968450e-01 -9.655800e-01 2.867010e+00
1.157115e-01 -7.100070e-01 2.821666e+00
5.282680e-01 -4.544340e-01 2.776322e+00
1.276345e-01 -7.299615e-01 2.735755e+00
-2.729990e-01 -1.005489e+00 2.695189e+00
1.508220e-01 -7.114295e-01 2.651852e+00
5.746430e-01 -4.173700e-01 2.608514e+00
1.065145e-01 9.135150e-02 2.639369e+00
-3.616140e-01 6.000730e-01 2.670225e+00
-4.574060e-01 4.667765e-01 2.709711e+00
-5.531980e-01 3.334800e-01 2.749197e+00
-3.672725e-01 3.421535e-01 2.771840e+00
-1.813470e-01 3.508270e-01 2.794482e+00
-2.688830e-01 3.702060e-01 2.729515e+00
-3.564190e-01 3.895850e-01 2.664549e+00
-3.636995e-01 3.044880e-01 2.756931e+00
-3.709800e-01 2.193910e-01 2.849312e+00
-4.268470e-01 8.786650e-02 2.789839e+00
-4.827140e-01 -4.365800e-02 2.730366e+00
-3.207645e-01 -3.063500e-03 2.749033e+00
-1.588150e-01 3.753100e-02 2.767700e+00
-2.462125e-01 2.052700e-02 2.806928e+00
-3.336100e-01 3.523000e-03 2.846156e+00
-4.678510e-01 2.936950e-02 2.797978e+00
-6.020920e-01 5.521600e-02 2.749800e+00
-3.485610e-01 7.034550e-02 2.794271e+00
-9.503000e-02 8.547500e-02 2.838742e+00
-3.477700e-01 -7.643650e-02 2.761969e+00
-6.005100e-01 -2.383480e-01 2.685195e+00
-3.697230e-01 -1.549350e-01 2.635695e+00
-1.389360e-01 -7.152200e-02 2.586195e+00
-3.647245e-01 -1.904375e-01 2.638504e+00
-5.905130e-01 -3.093530e-01 2.690814e+00
-3.719015e-01 -2.168070e-01 2.615127e+00
-1.532900e-01 -1.242610e-01 2.539441e+00
-2.290250e-01 -3.369365e-01 2.656574e+00
-3.047600e-01 -5.496120e-01 2.773706e+00
-7.201650e-02 -3.938055e-01 2.735169e+00
1.607270e-01 -2.379990e-01 2.696631e+00
-7.112250e-02 -6.009625e-01 2.786817e+00
-3.029720e-01 -9.639260e-01 2.877003e+00
1.255095e-01 -6.797750e-01 2.813401e+00
5.539910e-01 -3.956240e-01 2.749799e+00
1.404565e-01 -7.009385e-01 2.728256e+00
-2.730780e-01 -1.006253e+00 2.706712e+00
1.628415e-01 -6.725180e-01 2.646940e+00
5.987610e-01 -3.387830e-01 2.587169e+00
1.181910e-01 1.299420e-01 2.624540e+00
-3.623790e-01 5.986670e-01 2.661910e+00
-4.584015e-01 4.667100e-01 2.704777e+00
-5.544240e-01 3.347530e-01 2.747645e+00
-3.680270e-01 3.384585e-01 2.767612e+00
-1.816300e-01 3.421640e-01 2.787580e+00
-2.693450e-01 3.607310e-01 2.722618e+00
-3.570600e-01 3.792980e-01 2.657655e+00
-3.658940e-01 2.999050e-01 2.754854e+00
-3.747280e-01 2.205120e-01 2.852052e+00
-4.305705e-01 8.689150e-02 2.796082e+00
-4.864130e-01 -4.672900e-02 2.740113e+00
-3.246260e-01 -3.556500e-03 2.753718e+00
-1.628390e-01 3.961600e-02 2.767322e+00
-2.483525e-01 1.995300e-02 2.809359e+00
-3.338660e-01 2.900000e-04 2.851396e+00
-4.685535e-01 2.873600e-02 2.798256e+00
-6.032410e-01 5.718200e-02 2.745116e+00
-3.492620e-01 6.814050e-02 2.792692e+00
-9.528300e-02 7.909900e-02 2.840268e+00
-3.454870e-01 -7.784850e-02 2.758739e+00
-5.956910e-01 -2.347960e-01 2.677211e+00
-3.666930e-01 -1.515040e-01 2.629880e+00
-1.376950e-01 -6.821200e-02 2.582548e+00
-3.617770e-01 -1.869405e-01 2.633541e+00
-5.858590e-01 -3.056690e-01 2.684533e+00
-3.718140e-01 -2.136315e-01 2.611628e+00
-1.577690e-01 -1.215940e-01 2.538723e+00
-2.356585e-01 -3.369510e-01 2.655958e+00
-3.135480e-01 -5.523080e-01 2.773194e+00
-8.106200e-02 -4.002045e-01 2.725626e+00
1.514240e-01 -2.481010e-01 2.678059e+00
-7.637650e-02 -6.068380e-01 2.779133e+00
-3.041770e-01 -9.655750e-01 2.880207e+00
1.128410e-01 -7.022220e-01 2.805225e+00
5.298590e-01 -4.388690e-01 2.730244e+00
1.241000e-01 -7.241135e-01 2.719697e+00
-2.816590e-01 -1.009358e+00 2.709151e+00
1.480770e-01 -6.989625e-01 2.637761e+00
5.778130e-01 -3.885670e-01 2.566371e+00
1.064495e-01 1.099765e-01 2.621711e+00
-3.649140e-01 6.085200e-01 2.677052e+00
-4.619025e-01 4.676570e-01 2.715477e+00
-5.588910e-01 3.267940e-01 2.753902e+00
-3.722080e-01 3.350635e-01 2.769308e+00
-1.855250e-01 3.433330e-01 2.784714e+00
-2.753235e-01 3.609685e-01 2.722392e+00
-3.651220e-01 3.786040e-01 2.660070e+00
-3.693870e-01 2.968730e-01 2.755625e+00
-3.736520e-01 2.151420e-01 2.851179e+00
-4.316545e-01 8.396950e-02 2.795699e+00
-4.896570e-01 -4.720300e-02 2.740218e+00
-3.273890e-01 -5.111500e-03 2.751240e+00
-1.651210e-01 3.698000e-02 2.762261e+00
-2.506200e-01 2.000150e-02 2.805481e+00
-3.361190e-01 3.023000e-03 2.848701e+00
-4.683705e-01 2.601850e-02 2.798849e+00
-6.006220e-01 4.901400e-02 2.748997e+00
-3.510835e-01 6.429150e-02 2.790851e+00
-1.015450e-01 7.956900e-02 2.832705e+00
-3.437015e-01 -8.113150e-02 2.757182e+00
-5.858580e-01 -2.418320e-01 2.681660e+00
-3.618155e-01 -1.596280e-01 2.631301e+00
-1.377730e-01 -7.742400e-02 2.580942e+00
-3.478700e-01 -1.899230e-01 2.617844e+00
-5.579670e-01 -3.024220e-01 2.654746e+00
-3.584520e-01 -2.133175e-01 2.592664e+00
-1.589370e-01 -1.242130e-01 2.530582e+00
-2.389060e-01 -3.385175e-01 2.653137e+00
-3.188750e-01 -5.528220e-01 2.775692e+00
-9.523450e-02 -4.204540e-01 2.724687e+00
1.284060e-01 -2.880860e-01 2.673683e+00
-8.629000e-02 -6.276745e-01 2.775302e+00
-3.009860e-01 -9.672630e-01 2.876921e+00
8.784150e-02 -7.486965e-01 2.800087e+00
4.766690e-01 -5.301300e-01 2.723253e+00
9.705850e-02 -7.693255e-01 2.714003e+00
-2.825520e-01 -1.008521e+00 2.704753e+00
1.219615e-01 -7.505655e-01 2.630643e+00
5.264750e-01 -4.926100e-01 2.556533e+00
8.278200e-02 5.187450e-02 2.606616e+00
-3.609110e-01 5.963590e-01 2.656698e+00
-4.589875e-01 4.596070e-01 2.705331e+00
-5.570640e-01 3.228550e-01 2.753964e+00
-3.702140e-01 3.319410e-01 2.766641e+00
-1.833640e-01 3.410270e-01 2.779319e+00
-2.741265e-01 3.580965e-01 2.718249e+00
-3.648890e-01 3.751660e-01 2.657179e+00
-3.674325e-01 2.937190e-01 2.753037e+00
-3.699760e-01 2.122720e-01 2.848895e+00
-4.292400e-01 8.230550e-02 2.794920e+00
-4.885040e-01 -4.766100e-02 2.740946e+00
-3.260505e-01 -5.727000e-03 2.749564e+00
-1.635970e-01 3.620700e-02 2.758183e+00
-2.490595e-01 2.168550e-02 2.802360e+00
-3.345220e-01 7.164000e-03 2.846536e+00
-4.611685e-01 2.519850e-02 2.798886e+00
-5.878150e-01 4.323300e-02 2.751236e+00
-3.434425e-01 6.001750e-02 2.788844e+00
-9.907000e-02 7.680200e-02 2.826452e+00
-3.390940e-01 -8.626600e-02 2.757555e+00
-5.791180e-01 -2.493340e-01 2.688657e+00
-3.504080e-01 -1.720585e-01 2.635455e+00
-1.216980e-01 -9.478300e-02 2.582253e+00
-3.358365e-01 -2.002385e-01 2.618518e+00
-5.499750e-01 -3.056940e-01 2.654783e+00
-3.460120e-01 -2.260780e-01 2.595668e+00
-1.420490e-01 -1.464620e-01 2.536553e+00
-2.325840e-01 -3.495375e-01 2.658812e+00
-3.231190e-01 -5.526130e-01 2.781071e+00
-1.192730e-01 -4.512585e-01 2.722632e+00
8.457300e-02 -3.499040e-01 2.664194e+00
-1.099490e-01 -6.600500e-01 2.766239e+00
-3.044710e-01 -9.701960e-01 2.868283e+00
3.499900e-02 -8.088495e-01 2.815544e+00
3.744690e-01 -6.475030e-01 2.762805e+00
4.220950e-02 -8.266760e-01 2.728646e+00
-2.900500e-01 -1.005849e+00 2.694488e+00
7.209350e-02 -8.253405e-01 2.644824e+00
4.342370e-01 -6.448320e-01 2.595160e+00
3.549750e-02 -2.330750e-02 2.626600e+00
-3.632420e-01 5.982170e-01 2.658041e+00
-4.581120e-01 4.554650e-01 2.707985e+00
-5.529820e-01 3.127130e-01 2.757930e+00
-3.663320e-01 3.291925e-01 2.764752e+00
-1.796820e-01 3.456720e-01 2.771573e+00
-2.728105e-01 3.580460e-01 2.712983e+00
-3.659390e-01 3.704200e-01 2.654393e+00
-3.624720e-01 2.908435e-01 2.751781e+00
-3.590050e-01 2.112670e-01 2.849169e+00
-4.200560e-01 8.623850e-02 2.793772e+00
-4.811070e-01 -3.879000e-02 2.738375e+00
-3.163455e-01 -6.264000e-03 2.742822e+00
-1.515840e-01 2.626200e-02 2.747270e+00
-2.369535e-01 1.854000e-02 2.793300e+00
-3.223230e-01 1.081800e-02 2.839330e+00
-4.512855e-01 2.123950e-02 2.804749e+00
-5.802480e-01 3.166100e-02 2.770169e+00
-3.359455e-01 5.644900e-02 2.794358e+00
-9.164300e-02 8.123700e-02 2.818547e+00
-3.279125e-01 -9.037800e-02 2.762994e+00
-5.641820e-01 -2.619930e-01 2.707440e+00
-3.339725e-01 -1.924685e-01 2.652779e+00
-1.037630e-01 -1.229440e-01 2.598118e+00
-3.201920e-01 -2.248955e-01 2.645572e+00
-5.366210e-01 -3.268470e-01 2.693026e+00
-3.289930e-01 -2.513680e-01 2.622876e+00
-1.213650e-01 -1.758890e-01 2.552727e+00
-2.228225e-01 -3.628515e-01 2.667279e+00
-3.242800e-01 -5.498140e-01 2.781830e+00
-1.595365e-01 -4.944860e-01 2.729050e+00
5.207000e-03 -4.391580e-01 2.676270e+00
-1.515360e-01 -7.015245e-01 2.780562e+00
-3.082790e-01 -9.638910e-01 2.884853e+00
-6.181500e-02 -8.884570e-01 2.831441e+00
1.846490e-01 -8.130230e-01 2.778029e+00
-5.660050e-02 -9.097185e-01 2.745176e+00
-2.978500e-01 -1.006414e+00 2.712322e+00
-3.209850e-02 -9.210415e-01 2.660367e+00
2.336530e-01 -8.356690e-01 2.608412e+00
-6.988350e-02 -1.198155e-01 2.635299e+00
-3.734200e-01 5.960380e-01 2.662186e+00
-4.603235e-01 4.510225e-01 2.716050e+00
-5.472270e-01 3.060070e-01 2.769913e+00
-3.612440e-01 3.289245e-01 2.763490e+00
-1.752610e-01 3.518420e-01 2.757066e+00
-2.728655e-01 3.625815e-01 2.705912e+00
-3.704700e-01 3.733210e-01 2.654758e+00
-3.570850e-01 2.911305e-01 2.749068e+00
-3.437000e-01 2.089400e-01 2.843377e+00
-4.079540e-01 8.787050e-02 2.789743e+00
-4.722080e-01 -3.319900e-02 2.736109e+00
-3.057110e-01 -1.084150e-02 2.734444e+00
-1.392140e-01 1.151600e-02 2.732779e+00
-2.231090e-01 8.753500e-03 2.781976e+00
-3.070040e-01 5.991000e-03 2.831172e+00
-4.376615e-01 1.444950e-02 2.801805e+00
-5.683190e-01 2.290800e-02 2.772437e+00
-3.262775e-01 5.585200e-02 2.792668e+00
-8.423600e-02 8.879600e-02 2.812900e+00
-3.166260e-01 -9.204550e-02 2.763660e+00
-5.490160e-01 -2.728870e-01 2.714421e+00
-3.112350e-01 -2.088320e-01 2.668056e+00
-7.345400e-02 -1.447770e-01 2.621692e+00
-2.981150e-01 -2.420855e-01 2.671978e+00
-5.227760e-01 -3.393940e-01 2.722265e+00
-3.127495e-01 -2.745830e-01 2.667175e+00
-1.027230e-01 -2.097720e-01 2.612085e+00
-2.072325e-01 -3.800595e-01 2.700561e+00
-3.117420e-01 -5.503470e-01 2.789037e+00
-1.766865e-01 -5.196050e-01 2.746155e+00
-4.163100e-02 -4.888630e-01 2.703273e+00
-1.757195e-01 -7.289080e-01 2.788269e+00
-3.098080e-01 -9.689530e-01 2.873265e+00
-1.386785e-01 -9.363835e-01 2.822389e+00
3.245100e-02 -9.038140e-01 2.771514e+00
-1.358920e-01 -9.539185e-01 2.735178e+00
-3.042350e-01 -1.004023e+00 2.698843e+00
-1.173945e-01 -9.648200e-01 2.648807e+00
6.944600e-02 -9.256170e-01 2.598771e+00
-1.516480e-01 -1.641470e-01 2.633829e+00
-3.727420e-01 5.973230e-01 2.668887e+00
-4.514975e-01 4.505895e-01 2.723496e+00
-5.302530e-01 3.038560e-01 2.778106e+00
-3.450625e-01 3.294075e-01 2.763693e+00
-1.598720e-01 3.549590e-01 2.749279e+00
-2.597930e-01 3.649005e-01 2.702635e+00
-3.597140e-01 3.748420e-01 2.655990e+00
-3.410475e-01 2.918320e-01 2.748671e+00
-3.223810e-01 2.088220e-01 2.841351e+00
-3.915465e-01 9.346250e-02 2.788576e+00
-4.607120e-01 -2.189700e-02 2.735801e+00
-2.932425e-01 -1.652950e-02 2.723590e+00
-1.257730e-01 -1.116200e-02 2.711378e+00
-2.062290e-01 -6.100000e-03 2.765853e+00
-2.866850e-01 -1.038000e-03 2.820328e+00
-4.207710e-01 9.603000e-03 2.801258e+00
-5.548570e-01 2.024400e-02 2.782189e+00
-3.086610e-01 5.554900e-02 2.787054e+00
-6.246500e-02 9.085400e-02 2.791920e+00
-3.006275e-01 -9.350200e-02 2.761397e+00
-5.387900e-01 -2.778580e-01 2.730874e+00
-2.975875e-01 -2.306185e-01 2.697140e+00
-5.638500e-02 -1.833790e-01 2.663405e+00
-2.865305e-01 -2.645485e-01 2.701594e+00
-5.166760e-01 -3.457180e-01 2.739783e+00
-2.908310e-01 -2.999025e-01 2.706586e+00
-6.498600e-02 -2.540870e-01 2.673389e+00
-1.935640e-01 -4.025405e-01 2.734113e+00
-3.221420e-01 -5.509940e-01 2.794837e+00
-2.076345e-01 -5.401030e-01 2.761179e+00
-9.312700e-02 -5.292120e-01 2.727521e+00
-2.020210e-01 -7.504175e-01 2.797492e+00
-3.109150e-01 -9.716230e-01 2.867463e+00
-1.961250e-01 -9.610490e-01 2.831870e+00
-8.133500e-02 -9.504750e-01 2.796277e+00
-1.996855e-01 -9.762715e-01 2.744254e+00
-3.180360e-01 -1.002068e+00 2.692231e+00
-1.916165e-01 -9.903285e-01 2.656742e+00
-6.519700e-02 -9.785890e-01 2.621253e+00
-2.186020e-01 -1.918685e-01 2.642830e+00
-3.720070e-01 5.948520e-01 2.664407e+00
-4.327130e-01 4.453650e-01 2.725233e+00
-4.934190e-01 2.958780e-01 2.786058e+00
-3.087190e-01 3.195865e-01 2.764147e+00
-1.240190e-01 3.432950e-01 2.742237e+00
-2.259870e-01 3.591750e-01 2.702123e+00
-3.279550e-01 3.750550e-01 2.662010e+00
-3.062940e-01 2.835055e-01 2.745547e+00
-2.846330e-01 1.919560e-01 2.829083e+00
-3.608840e-01 8.066650e-02 2.776708e+00
-4.371350e-01 -3.062300e-02 2.724332e+00
-2.705315e-01 -2.362800e-02 2.703877e+00
-1.039280e-01 -1.663300e-02 2.683423e+00
-1.815155e-01 -1.457150e-02 2.742094e+00
-2.591030e-01 -1.251000e-02 2.800764e+00
-3.919350e-01 -9.095000e-04 2.801763e+00
-5.247670e-01 1.069100e-02 2.802761e+00
-2.852110e-01 3.882150e-02 2.777164e+00
-4.565500e-02 6.695200e-02 2.751567e+00
-2.831115e-01 -1.119225e-01 2.751758e+00
-5.205680e-01 -2.907970e-01 2.751948e+00
-2.600500e-01 -2.619235e-01 2.733277e+00
4.680000e-04 -2.330500e-01 2.714606e+00
-2.508970e-01 -2.960815e-01 2.739816e+00
-5.022620e-01 -3.591130e-01 2.765026e+00
-2.429950e-01 -3.310375e-01 2.736823e+00
1.627200e-02 -3.029620e-01 2.708620e+00
-1.623220e-01 -4.305255e-01 2.754328e+00
-3.409160e-01 -5.580890e-01 2.800036e+00
-2.474050e-01 -5.555365e-01 2.781809e+00
-1.538940e-01 -5.529840e-01 2.763581e+00
-2.290565e-01 -7.631080e-01 2.828279e+00
-3.042190e-01 -9.732320e-01 2.892978e+00
-2.317455e-01 -9.734160e-01 2.864963e+00
-1.592720e-01 -9.736000e-01 2.836949e+00
-2.433960e-01 -9.936725e-01 2.779086e+00
-3.275200e-01 -1.013745e+00 2.721223e+00
-2.517760e-01 -1.008794e+00 2.691781e+00
-1.760320e-01 -1.003843e+00 2.662339e+00
-2.622100e-01 -2.085800e-01 2.667470e+00
-3.483880e-01 5.866830e-01 2.672601e+00
-4.124755e-01 4.410900e-01 2.737651e+00
-4.765630e-01 2.954970e-01 2.802701e+00
-2.933245e-01 3.169510e-01 2.769241e+00
-1.100860e-01 3.384050e-01 2.735782e+00
-2.141850e-01 3.603955e-01 2.705146e+00
-3.182840e-01 3.823860e-01 2.674510e+00
-2.933470e-01 2.827745e-01 2.747205e+00
-2.684100e-01 1.831630e-01 2.819899e+00
-3.499795e-01 7.611500e-02 2.769106e+00
-4.315490e-01 -3.093300e-02 2.718312e+00
-2.659505e-01 -1.909550e-02 2.692602e+00
-1.003520e-01 -7.258000e-03 2.666892e+00
-1.759275e-01 -9.130000e-03 2.728139e+00
-2.515030e-01 -1.100200e-02 2.789386e+00
-3.773715e-01 -1.541000e-03 2.796056e+00
-5.032400e-01 7.920000e-03 2.802725e+00
-2.681425e-01 3.406950e-02 2.773993e+00
-3.304500e-02 6.021900e-02 2.745261e+00
-2.666800e-01 -1.185750e-01 2.756592e+00
-5.003150e-01 -2.973690e-01 2.767923e+00
-2.398645e-01 -2.698370e-01 2.754150e+00
2.058600e-02 -2.423050e-01 2.740378e+00
-2.300595e-01 -3.040805e-01 2.749191e+00
-4.807050e-01 -3.658560e-01 2.758005e+00
-2.269330e-01 -3.367965e-01 2.763793e+00
2.683900e-02 -3.077370e-01 2.769582e+00
-1.605755e-01 -4.309465e-01 2.782181e+00
-3.479900e-01 -5.541560e-01 2.794780e+00
-2.521085e-01 -5.499900e-01 2.779636e+00
-1.562270e-01 -5.458240e-01 2.764493e+00
-2.280620e-01 -7.564285e-01 2.828495e+00
-2.998970e-01 -9.670330e-01 2.892498e+00
-2.195185e-01 -9.640060e-01 2.877698e+00
-1.391400e-01 -9.609790e-01 2.862897e+00
-2.353170e-01 -9.859165e-01 2.792896e+00
-3.314940e-01 -1.010854e+00 2.722895e+00
-2.472190e-01 -1.006722e+00 2.707185e+00
-1.629440e-01 -1.002591e+00 2.691474e+00
-2.472825e-01 -2.092865e-01 2.684402e+00
-3.316210e-01 5.840180e-01 2.677330e+00
-3.965535e-01 4.426570e-01 2.734263e+00
-4.614860e-01 3.012960e-01 2.791197e+00
-2.771655e-01 3.190140e-01 2.761733e+00
-9.284500e-02 3.367320e-01 2.732269e+00
-1.958040e-01 3.587535e-01 2.698016e+00
-2.987630e-01 3.807750e-01 2.663763e+00
-2.770895e-01 2.839555e-01 2.741127e+00
-2.554160e-01 1.871360e-01 2.818490e+00
-3.366430e-01 7.837500e-02 2.764558e+00
-4.178700e-01 -3.038600e-02 2.710626e+00
-2.516590e-01 -2.289600e-02 2.687350e+00
-8.544800e-02 -1.540600e-02 2.664075e+00
-1.618385e-01 -1.716150e-02 2.724305e+00
-2.382290e-01 -1.891700e-02 2.784536e+00
-3.639290e-01 -2.623500e-03 2.796712e+00
-4.896290e-01 1.367000e-02 2.808889e+00
-2.566475e-01 3.491300e-02 2.779594e+00
-2.366600e-02 5.615600e-02 2.750299e+00
-2.490735e-01 -1.169750e-01 2.755157e+00
-4.744810e-01 -2.901060e-01 2.760014e+00
-2.222440e-01 -2.682195e-01 2.766552e+00
2.999300e-02 -2.463330e-01 2.773090e+00
-2.122065e-01 -3.020895e-01 2.773290e+00
-4.544060e-01 -3.578460e-01 2.773491e+00
-2.129190e-01 -3.375610e-01 2.779173e+00
2.856800e-02 -3.172760e-01 2.784854e+00
-1.563130e-01 -4.367045e-01 2.787384e+00
-3.411940e-01 -5.561330e-01 2.789913e+00
-2.419265e-01 -5.535005e-01 2.777496e+00
-1.426590e-01 -5.508680e-01 2.765078e+00
-2.189060e-01 -7.615395e-01 2.819594e+00
-2.951530e-01 -9.722110e-01 2.874110e+00
-2.176020e-01 -9.721230e-01 2.854738e+00
-1.400510e-01 -9.720350e-01 2.835367e+00
-2.322765e-01 -9.910905e-01 2.769030e+00
-3.245020e-01 -1.010146e+00 2.702693e+00
-2.433050e-01 -1.005695e+00 2.681932e+00
-1.621080e-01 -1.001244e+00 2.661171e+00
-2.357570e-01 -2.044025e-01 2.668976e+00
-3.094060e-01 5.924390e-01 2.676782e+00
