-2.953500e-01 2.291860e-01 2.722790e+00
-1.061245e-01 2.289745e-01 2.732986e+00
8.310100e-02 2.287630e-01 2.743182e+00
-8.321000e-03 2.667625e-01 2.679651e+00
-9.974300e-02 3.047620e-01 2.616120e+00
-1.048775e-01 1.970295e-01 2.709179e+00
-1.100120e-01 8.929700e-02 2.802238e+00
-2.192690e-01 -4.923500e-03 2.738541e+00
-3.285260e-01 -9.914400e-02 2.674844e+00
-1.154465e-01 -9.638700e-02 2.687951e+00
9.763300e-02 -9.363000e-02 2.701059e+00
-1.289350e-02 -9.721000e-02 2.759778e+00
-1.234200e-01 -1.007900e-01 2.818497e+00
-2.528280e-01 -6.514400e-02 2.768029e+00
-3.822360e-01 -2.949800e-02 2.717562e+00
-1.140445e-01 -2.936700e-02 2.703526e+00
1.541470e-01 -2.923600e-02 2.689491e+00
-9.475600e-02 -1.675430e-01 2.659775e+00
-3.436590e-01 -3.058500e-01 2.630059e+00
-1.396080e-01 -3.018820e-01 2.623439e+00
6.444300e-02 -2.979140e-01 2.616819e+00
-1.422560e-01 -3.294215e-01 2.647081e+00
-3.489550e-01 -3.609290e-01 2.677344e+00
-1.479770e-01 -3.652145e-01 2.650325e+00
5.300100e-02 -3.695000e-01 2.623306e+00
-8.443750e-02 -5.056465e-01 2.665617e+00
-2.218760e-01 -6.417930e-01 2.707927e+00
-1.251935e-01 -6.404260e-01 2.721395e+00
-2.851100e-02 -6.390590e-01 2.734864e+00
-1.208115e-01 -8.575400e-01 2.762422e+00
-2.131120e-01 -1.076021e+00 2.789980e+00
-1.488535e-01 -1.075198e+00 2.788492e+00
-8.459500e-02 -1.074375e+00 2.787004e+00
-1.450165e-01 -1.091854e+00 2.699939e+00
-2.054380e-01 -1.109333e+00 2.612874e+00
-1.379100e-01 -1.103448e+00 2.610783e+00
-7.038200e-02 -1.097563e+00 2.608691e+00
-8.424950e-02 -3.141305e-01 2.590599e+00
-9.811700e-02 4.693020e-01 2.572508e+00
-1.990445e-01 3.514865e-01 2.640948e+00
-2.999720e-01 2.336710e-01 2.709388e+00
-1.109495e-01 2.300340e-01 2.722328e+00
7.807300e-02 2.263970e-01 2.735268e+00
-1.163200e-02 2.622955e-01 2.668169e+00
-1.013370e-01 2.981940e-01 2.601069e+00
-1.101030e-01 1.966405e-01 2.700581e+00
-1.188690e-01 9.508700e-02 2.800092e+00
-2.272110e-01 -3.208000e-03 2.732299e+00
-3.355530e-01 -1.015030e-01 2.664506e+00
-1.233985e-01 -9.559550e-02 2.687699e+00
8.875600e-02 -8.968800e-02 2.710891e+00
-2.436600e-02 -9.489150e-02 2.764307e+00
-1.374880e-01 -1.000950e-01 2.817723e+00
-2.640035e-01 -6.192250e-02 2.767345e+00
-3.905190e-01 -2.375000e-02 2.716966e+00
-1.240625e-01 -3.063200e-02 2.712559e+00
1.423940e-01 -3.751400e-02 2.708152e+00
-9.823650e-02 -1.683455e-01 2.670667e+00
-3.388670e-01 -2.991770e-01 2.633182e+00
-1.403965e-01 -3.019575e-01 2.628747e+00
5.807400e-02 -3.047380e-01 2.624312e+00
-1.507745e-01 -3.333895e-01 2.643870e+00
-3.596230e-01 -3.620410e-01 2.663428e+00
-1.566220e-01 -3.647745e-01 2.626400e+00
4.637900e-02 -3.675080e-01 2.589372e+00
-8.784950e-02 -5.050135e-01 2.646350e+00
-2.220780e-01 -6.425190e-01 2.703327e+00
-1.256985e-01 -6.396080e-01 2.722355e+00
-2.931900e-02 -6.366970e-01 2.741384e+00
-1.188565e-01 -8.569890e-01 2.761595e+00
-2.083940e-01 -1.077281e+00 2.781806e+00
-1.470465e-01 -1.075136e+00 2.782998e+00
-8.569900e-02 -1.072991e+00 2.784191e+00
-1.386970e-01 -1.090834e+00 2.694581e+00
-1.916950e-01 -1.108676e+00 2.604971e+00
-1.268490e-01 -1.101079e+00 2.605764e+00
-6.200300e-02 -1.093482e+00 2.606557e+00
-8.290750e-02 -3.110390e-01 2.582908e+00
-1.038120e-01 4.714040e-01 2.559258e+00
-2.069550e-01 3.507760e-01 2.632359e+00
-3.100980e-01 2.301480e-01 2.705460e+00
-1.212180e-01 2.284365e-01 2.720680e+00
6.766200e-02 2.267250e-01 2.735899e+00
-2.162850e-02 2.627945e-01 2.668340e+00
-1.109190e-01 2.988640e-01 2.600780e+00
-1.197180e-01 1.954505e-01 2.698354e+00
-1.285170e-01 9.203700e-02 2.795928e+00
-2.325590e-01 -6.969500e-03 2.730219e+00
-3.366010e-01 -1.059760e-01 2.664510e+00
-1.240990e-01 -9.828950e-02 2.683638e+00
8.840300e-02 -9.060300e-02 2.702767e+00
-2.367950e-02 -9.539800e-02 2.758367e+00
-1.357620e-01 -1.001930e-01 2.813967e+00
-2.649860e-01 -6.470200e-02 2.766841e+00
-3.942100e-01 -2.921100e-02 2.719715e+00
-1.271335e-01 -3.058050e-02 2.703272e+00
1.399430e-01 -3.195000e-02 2.686828e+00
-9.851600e-02 -1.675295e-01 2.660613e+00
-3.369750e-01 -3.031090e-01 2.634397e+00
-1.441775e-01 -3.000215e-01 2.618724e+00
4.862000e-02 -2.969340e-01 2.603050e+00
-1.589855e-01 -3.329865e-01 2.614430e+00
-3.665910e-01 -3.690390e-01 2.625810e+00
-1.750820e-01 -3.624330e-01 2.628508e+00
1.642700e-02 -3.558270e-01 2.631207e+00
-9.985650e-02 -5.005065e-01 2.673542e+00
-2.161400e-01 -6.451860e-01 2.715878e+00
-1.223110e-01 -6.415715e-01 2.729808e+00
-2.848200e-02 -6.379570e-01 2.743739e+00
-1.151980e-01 -8.598475e-01 2.763661e+00
-2.019140e-01 -1.081738e+00 2.783583e+00
-1.419945e-01 -1.077822e+00 2.788361e+00
-8.207500e-02 -1.073906e+00 2.793139e+00
-1.343890e-01 -1.091352e+00 2.699519e+00
-1.867030e-01 -1.108799e+00 2.605899e+00
-1.243325e-01 -1.102664e+00 2.610610e+00
-6.196200e-02 -1.096528e+00 2.615322e+00
-8.930700e-02 -3.087380e-01 2.592397e+00
-1.166520e-01 4.790520e-01 2.569472e+00
-2.282935e-01 3.541340e-01 2.632015e+00
-3.399350e-01 2.292160e-01 2.694557e+00
-1.511410e-01 2.328700e-01 2.710488e+00
3.765300e-02 2.365240e-01 2.726419e+00
-5.224250e-02 2.681285e-01 2.657440e+00
-1.421380e-01 2.997330e-01 2.588462e+00
-1.486955e-01 1.992475e-01 2.689221e+00
-1.552530e-01 9.876200e-02 2.789979e+00
-2.492020e-01 -6.944000e-03 2.729193e+00
-3.431510e-01 -1.126500e-01 2.668407e+00
-1.307425e-01 -1.027265e-01 2.687546e+00
8.166600e-02 -9.280300e-02 2.706685e+00
-3.044000e-02 -9.711000e-02 2.762277e+00
-1.425460e-01 -1.014170e-01 2.817870e+00
-2.690745e-01 -6.971200e-02 2.760122e+00
-3.956030e-01 -3.800700e-02 2.702374e+00
-1.327790e-01 -2.757400e-02 2.693866e+00
1.300450e-01 -1.714100e-02 2.685358e+00
-1.126760e-01 -1.691820e-01 2.663153e+00
-3.553970e-01 -3.212230e-01 2.640947e+00
-1.609645e-01 -2.987540e-01 2.615407e+00
3.346800e-02 -2.762850e-01 2.589868e+00
-1.392625e-01 -3.278465e-01 2.612753e+00
-3.119930e-01 -3.794080e-01 2.635638e+00
-1.587705e-01 -3.580235e-01 2.606991e+00
-5.548000e-03 -3.366390e-01 2.578343e+00
-1.085350e-01 -4.936475e-01 2.648661e+00
-2.115220e-01 -6.506560e-01 2.718979e+00
-1.175930e-01 -6.457980e-01 2.734735e+00
-2.366400e-02 -6.409400e-01 2.750490e+00
-1.126195e-01 -8.644820e-01 2.766254e+00
-2.015750e-01 -1.088024e+00 2.782018e+00
-1.372820e-01 -1.083081e+00 2.787402e+00
-7.298900e-02 -1.078138e+00 2.792787e+00
-1.291465e-01 -1.095714e+00 2.698475e+00
-1.853040e-01 -1.113289e+00 2.604164e+00
-1.185105e-01 -1.105526e+00 2.609457e+00
-5.171700e-02 -1.097763e+00 2.614749e+00
-9.997100e-02 -3.096940e-01 2.583108e+00
-1.482250e-01 4.783750e-01 2.551466e+00
-2.558130e-01 3.541850e-01 2.619026e+00
-3.634010e-01 2.299950e-01 2.686585e+00
-1.748880e-01 2.312750e-01 2.705861e+00
1.362500e-02 2.325550e-01 2.725137e+00
-7.465150e-02 2.656370e-01 2.654773e+00
-1.629280e-01 2.987190e-01 2.584410e+00
-1.724705e-01 1.977470e-01 2.684441e+00
-1.820130e-01 9.677500e-02 2.784472e+00
-2.671380e-01 -6.671500e-03 2.729446e+00
-3.522630e-01 -1.101180e-01 2.674420e+00
-1.402915e-01 -9.854500e-02 2.697144e+00
7.168000e-02 -8.697200e-02 2.719868e+00
-4.136100e-02 -9.123100e-02 2.773538e+00
-1.544020e-01 -9.549000e-02 2.827209e+00
-2.826760e-01 -6.703100e-02 2.758534e+00
-4.109500e-01 -3.857200e-02 2.689859e+00
-1.508315e-01 -2.850850e-02 2.683793e+00
1.092870e-01 -1.844500e-02 2.677726e+00
-1.251635e-01 -1.708615e-01 2.663082e+00
-3.596140e-01 -3.232780e-01 2.648438e+00
-1.807135e-01 -2.978500e-01 2.616819e+00
-1.813000e-03 -2.724220e-01 2.585200e+00
-1.672990e-01 -3.298885e-01 2.605957e+00
-3.327850e-01 -3.873550e-01 2.626714e+00
-1.629900e-01 -3.630560e-01 2.591614e+00
6.805000e-03 -3.387570e-01 2.556513e+00
-1.018410e-01 -4.931295e-01 2.636655e+00
-2.104870e-01 -6.475020e-01 2.716798e+00
-1.157985e-01 -6.425465e-01 2.722141e+00
-2.111000e-02 -6.375910e-01 2.727483e+00
-1.048035e-01 -8.616975e-01 2.748463e+00
-1.884970e-01 -1.085804e+00 2.769443e+00
-1.237450e-01 -1.080353e+00 2.774384e+00
-5.899300e-02 -1.074902e+00 2.779325e+00
-1.140860e-01 -1.090569e+00 2.685299e+00
-1.691790e-01 -1.106235e+00 2.591273e+00
-1.014830e-01 -1.102158e+00 2.596751e+00
-3.378700e-02 -1.098080e+00 2.602230e+00
-1.018185e-01 -3.102095e-01 2.575280e+00
-1.698500e-01 4.776610e-01 2.548330e+00
-2.778795e-01 3.502275e-01 2.612468e+00
-3.859090e-01 2.227940e-01 2.676605e+00
-1.981815e-01 2.298145e-01 2.701490e+00
-1.045400e-02 2.368350e-01 2.726376e+00
-9.762000e-02 2.677690e-01 2.653690e+00
-1.847860e-01 2.987030e-01 2.581004e+00
-1.940735e-01 1.965755e-01 2.679879e+00
-2.033610e-01 9.444800e-02 2.778754e+00
-2.777065e-01 -8.938000e-03 2.723373e+00
-3.520520e-01 -1.123240e-01 2.667992e+00
-1.419740e-01 -9.466400e-02 2.701720e+00
6.810400e-02 -7.700400e-02 2.735448e+00
-4.771650e-02 -8.039500e-02 2.782892e+00
-1.635370e-01 -8.378600e-02 2.830336e+00
-2.985890e-01 -6.447200e-02 2.753939e+00
-4.336410e-01 -4.515800e-02 2.677542e+00
-1.680370e-01 -2.364750e-02 2.665552e+00
9.756700e-02 -2.137000e-03 2.653563e+00
-1.433710e-01 -1.664940e-01 2.649865e+00
-3.843090e-01 -3.308510e-01 2.646167e+00
-2.031390e-01 -2.927515e-01 2.608074e+00
-2.196900e-02 -2.546520e-01 2.569982e+00
-1.823260e-01 -3.225945e-01 2.607287e+00
-3.426830e-01 -3.905370e-01 2.644593e+00
-1.753375e-01 -3.562635e-01 2.595373e+00
-7.992000e-03 -3.219900e-01 2.546153e+00
-1.086540e-01 -4.836435e-01 2.631135e+00
-2.093160e-01 -6.452970e-01 2.716117e+00
-9.486250e-02 -6.345100e-01 2.704306e+00
1.959100e-02 -6.237230e-01 2.692496e+00
-8.485750e-02 -8.534990e-01 2.732318e+00
-1.893060e-01 -1.083275e+00 2.772141e+00
-1.126830e-01 -1.069977e+00 2.767021e+00
-3.606000e-02 -1.056678e+00 2.761900e+00
-9.843950e-02 -1.080636e+00 2.678605e+00
-1.608190e-01 -1.104593e+00 2.595310e+00
-7.352000e-02 -1.097468e+00 2.593579e+00
1.377900e-02 -1.090344e+00 2.591847e+00
-9.202050e-02 -3.097765e-01 2.565027e+00
-1.978200e-01 4.707910e-01 2.538207e+00
-3.046895e-01 3.426755e-01 2.601430e+00
-4.115590e-01 2.145600e-01 2.664652e+00
-2.243970e-01 2.286365e-01 2.690778e+00
-3.723500e-02 2.427130e-01 2.716903e+00
-1.247575e-01 2.686100e-01 2.642692e+00
-2.122800e-01 2.945070e-01 2.568481e+00
-2.189855e-01 1.949580e-01 2.670155e+00
-2.256910e-01 9.540900e-02 2.771829e+00
-2.995255e-01 -8.768500e-03 2.723011e+00
-3.733600e-01 -1.129460e-01 2.674193e+00
-1.638220e-01 -8.773700e-02 2.706452e+00
4.571600e-02 -6.252800e-02 2.738710e+00
-7.015000e-02 -6.421650e-02 2.786134e+00
-1.860160e-01 -6.590500e-02 2.833558e+00
-3.208280e-01 -5.929800e-02 2.754714e+00
-4.556400e-01 -5.269100e-02 2.675871e+00
-1.996040e-01 -2.933300e-02 2.669587e+00
5.643200e-02 -5.975000e-03 2.663303e+00
-1.802465e-01 -1.730895e-01 2.662457e+00
-4.169250e-01 -3.402040e-01 2.661610e+00
-2.344045e-01 -2.995270e-01 2.615851e+00
-5.188400e-02 -2.588500e-01 2.570093e+00
-2.116980e-01 -3.216310e-01 2.633747e+00
-3.715120e-01 -3.844120e-01 2.697401e+00
-2.225955e-01 -3.502735e-01 2.653374e+00
-7.367900e-02 -3.161350e-01 2.609347e+00
-1.338625e-01 -4.766070e-01 2.659846e+00
-1.940460e-01 -6.370790e-01 2.710345e+00
-1.974850e-02 -5.957380e-01 2.706425e+00
1.545490e-01 -5.543970e-01 2.702505e+00
-1.624800e-02 -8.140645e-01 2.740517e+00
-1.870450e-01 -1.073732e+00 2.778528e+00
7.999500e-03 -1.032973e+00 2.758738e+00
2.030440e-01 -9.922150e-01 2.738949e+00
2.383600e-02 -1.046423e+00 2.670977e+00
-1.553720e-01 -1.100632e+00 2.603005e+00
6.294150e-02 -1.048854e+00 2.589745e+00
2.812550e-01 -9.970750e-01 2.576484e+00
3.031900e-02 -2.636065e-01 2.551401e+00
-2.206170e-01 4.698620e-01 2.526319e+00
-3.175335e-01 3.492030e-01 2.590733e+00
-4.144500e-01 2.285440e-01 2.655147e+00
-2.277590e-01 2.337715e-01 2.687232e+00
-4.106800e-02 2.389990e-01 2.719318e+00
-1.249380e-01 2.696230e-01 2.642728e+00
-2.088080e-01 3.002470e-01 2.566138e+00
-2.232360e-01 2.000900e-01 2.666403e+00
-2.376640e-01 9.993300e-02 2.766667e+00
-3.120965e-01 -1.245450e-02 2.714554e+00
-3.865290e-01 -1.248420e-01 2.662440e+00
-1.802475e-01 -8.662600e-02 2.702060e+00
2.603400e-02 -4.841000e-02 2.741680e+00
-9.223050e-02 -4.903950e-02 2.782789e+00
-2.104950e-01 -4.966900e-02 2.823898e+00
-3.404875e-01 -4.299700e-02 2.744850e+00
-4.704800e-01 -3.632500e-02 2.665802e+00
-2.138575e-01 -2.179700e-02 2.654702e+00
4.276500e-02 -7.269000e-03 2.643603e+00
-2.025340e-01 -1.663400e-01 2.661525e+00
-4.478330e-01 -3.254110e-01 2.679448e+00
-2.629355e-01 -2.888840e-01 2.612514e+00
-7.803800e-02 -2.523570e-01 2.545580e+00
-2.414835e-01 -3.154730e-01 2.625055e+00
-4.049290e-01 -3.785890e-01 2.704529e+00
-2.566665e-01 -3.459565e-01 2.612224e+00
-1.084040e-01 -3.133240e-01 2.519919e+00
-1.409815e-01 -4.721005e-01 2.608299e+00
-1.735590e-01 -6.308770e-01 2.696680e+00
2.206300e-02 -5.578620e-01 2.713764e+00
2.176850e-01 -4.848470e-01 2.730848e+00
1.911750e-02 -7.749925e-01 2.754834e+00
-1.794500e-01 -1.065138e+00 2.778820e+00
1.322250e-01 -9.645235e-01 2.743623e+00
4.439000e-01 -8.639090e-01 2.708426e+00
1.552835e-01 -9.810300e-01 2.658010e+00
-1.333330e-01 -1.098151e+00 2.607594e+00
1.762825e-01 -9.634160e-01 2.572088e+00
4.858980e-01 -8.286810e-01 2.536582e+00
1.342495e-01 -1.773925e-01 2.529268e+00
-2.173990e-01 4.738960e-01 2.521954e+00
-3.140825e-01 3.502960e-01 2.582629e+00
-4.107660e-01 2.266960e-01 2.643303e+00
-2.278415e-01 2.322245e-01 2.692479e+00
-4.491700e-02 2.377530e-01 2.741655e+00
-1.216790e-01 2.697895e-01 2.658473e+00
-1.984410e-01 3.018260e-01 2.575290e+00
-2.211565e-01 1.991035e-01 2.671335e+00
-2.438720e-01 9.638100e-02 2.767380e+00
-3.100670e-01 -1.562400e-02 2.704241e+00
-3.762620e-01 -1.276290e-01 2.641101e+00
-1.729230e-01 -9.902350e-02 2.699559e+00
3.041600e-02 -7.041800e-02 2.758016e+00
-9.092100e-02 -6.748700e-02 2.788766e+00
-2.122580e-01 -6.455600e-02 2.819517e+00
-3.501500e-01 -4.806050e-02 2.744717e+00
-4.880420e-01 -3.156500e-02 2.669916e+00
-2.312350e-01 -1.071200e-02 2.641360e+00
2.557200e-02 1.014100e-02 2.612803e+00
-2.230695e-01 -1.552555e-01 2.651329e+00
-4.717110e-01 -3.206520e-01 2.689855e+00
-2.852275e-01 -2.769550e-01 2.602499e+00
-9.874400e-02 -2.332580e-01 2.515143e+00
-2.760470e-01 -3.121645e-01 2.601872e+00
-4.533500e-01 -3.910710e-01 2.688602e+00
-2.841895e-01 -3.412935e-01 2.622111e+00
-1.150290e-01 -2.915160e-01 2.555620e+00
-1.351755e-01 -4.646655e-01 2.622466e+00
-1.553220e-01 -6.378150e-01 2.689312e+00
6.263200e-02 -5.320150e-01 2.714234e+00
2.805860e-01 -4.262150e-01 2.739157e+00
5.377750e-02 -7.477710e-01 2.761264e+00
-1.730310e-01 -1.069327e+00 2.783371e+00
2.282165e-01 -8.809185e-01 2.735117e+00
6.294640e-01 -6.925100e-01 2.686862e+00
2.624685e-01 -9.000265e-01 2.653904e+00
-1.045270e-01 -1.107543e+00 2.620946e+00
2.788295e-01 -8.627845e-01 2.573411e+00
6.621860e-01 -6.180260e-01 2.525876e+00
2.189825e-01 -7.521750e-02 2.524278e+00
-2.242210e-01 4.675910e-01 2.522680e+00
-3.208220e-01 3.484940e-01 2.581710e+00
-4.174230e-01 2.293970e-01 2.640740e+00
-2.334990e-01 2.302420e-01 2.686363e+00
-4.957500e-02 2.310870e-01 2.731987e+00
-1.268200e-01 2.631045e-01 2.649246e+00
-2.040650e-01 2.951220e-01 2.566504e+00
-2.283320e-01 1.962705e-01 2.666164e+00
-2.525990e-01 9.741900e-02 2.765823e+00
-3.153250e-01 -1.404400e-02 2.701400e+00
-3.780510e-01 -1.255070e-01 2.636977e+00
-1.726425e-01 -1.022850e-01 2.690367e+00
3.276600e-02 -7.906300e-02 2.743757e+00
-8.754700e-02 -7.559450e-02 2.778249e+00
-2.078600e-01 -7.212600e-02 2.812742e+00
-3.582895e-01 -4.814550e-02 2.741934e+00
-5.087190e-01 -2.416500e-02 2.671126e+00
-2.432880e-01 -1.055350e-02 2.637503e+00
2.214300e-02 3.058000e-03 2.603880e+00
-2.394010e-01 -1.556995e-01 2.632370e+00
-5.009450e-01 -3.144570e-01 2.660861e+00
-3.092505e-01 -2.702835e-01 2.576690e+00
-1.175560e-01 -2.261100e-01 2.492518e+00
-3.118935e-01 -2.978355e-01 2.600318e+00
-5.062310e-01 -3.695610e-01 2.708117e+00
-3.285945e-01 -3.275745e-01 2.587626e+00
-1.509580e-01 -2.855880e-01 2.467135e+00
-1.459005e-01 -4.612810e-01 2.576220e+00
-1.408430e-01 -6.369740e-01 2.685305e+00
9.519250e-02 -4.834690e-01 2.706099e+00
3.312280e-01 -3.299640e-01 2.726894e+00
8.851600e-02 -6.970505e-01 2.762485e+00
-1.541960e-01 -1.064137e+00 2.798076e+00
2.861875e-01 -7.906500e-01 2.730764e+00
7.265710e-01 -5.171630e-01 2.663452e+00
3.235980e-01 -8.126880e-01 2.651717e+00
-7.937500e-02 -1.108213e+00 2.639981e+00
3.367465e-01 -7.604150e-01 2.579408e+00
7.528680e-01 -4.126170e-01 2.518836e+00
2.770075e-01 3.930450e-02 2.535918e+00
-1.988530e-01 4.912260e-01 2.553000e+00
-3.088150e-01 3.643215e-01 2.594437e+00
-4.187770e-01 2.374170e-01 2.635874e+00
-2.360790e-01 2.337680e-01 2.686059e+00
-5.338100e-02 2.301190e-01 2.736243e+00
-1.276945e-01 2.636380e-01 2.651437e+00
-2.020080e-01 2.971570e-01 2.566631e+00
-2.313000e-01 1.995555e-01 2.666173e+00
-2.605920e-01 1.019540e-01 2.765714e+00
-3.171290e-01 -1.175750e-02 2.702124e+00
-3.736660e-01 -1.254690e-01 2.638534e+00
-1.710280e-01 -9.445400e-02 2.698186e+00
3.161000e-02 -6.343900e-02 2.757837e+00
-8.954950e-02 -6.702650e-02 2.789213e+00
-2.107090e-01 -7.061400e-02 2.820588e+00
-3.645705e-01 -4.187000e-02 2.744187e+00
-5.184320e-01 -1.312600e-02 2.667785e+00
-2.443390e-01 -3.558500e-03 2.637623e+00
2.975400e-02 6.009000e-03 2.607461e+00
-2.490320e-01 -1.486115e-01 2.627878e+00
-5.278180e-01 -3.032320e-01 2.648295e+00
-3.193720e-01 -2.644450e-01 2.575038e+00
-1.109260e-01 -2.256580e-01 2.501781e+00
-2.960145e-01 -2.904775e-01 2.585095e+00
-4.811030e-01 -3.552970e-01 2.668409e+00
-3.168365e-01 -3.136915e-01 2.566333e+00
-1.525700e-01 -2.720860e-01 2.464258e+00
-1.495945e-01 -4.543065e-01 2.580797e+00
-1.466190e-01 -6.365270e-01 2.697336e+00
9.481600e-02 -4.750715e-01 2.704626e+00
3.362510e-01 -3.136160e-01 2.711917e+00
9.004850e-02 -6.888970e-01 2.760276e+00
-1.561540e-01 -1.064178e+00 2.808636e+00
2.877925e-01 -7.844575e-01 2.735648e+00
7.317390e-01 -5.047370e-01 2.662661e+00
3.230430e-01 -8.061010e-01 2.655506e+00
-8.565300e-02 -1.107465e+00 2.648352e+00
3.416020e-01 -7.501140e-01 2.587281e+00
7.688570e-01 -3.927630e-01 2.526209e+00
2.888175e-01 4.943550e-02 2.537822e+00
-1.912220e-01 4.916340e-01 2.549434e+00
-3.042860e-01 3.637750e-01 2.590148e+00
-4.173500e-01 2.359160e-01 2.630861e+00
-2.354170e-01 2.344485e-01 2.683856e+00
-5.348400e-02 2.329810e-01 2.736851e+00
-1.266650e-01 2.640105e-01 2.650135e+00
-1.998460e-01 2.950400e-01 2.563418e+00
-2.301745e-01 1.997800e-01 2.664899e+00
-2.605030e-01 1.045200e-01 2.766379e+00
-3.171120e-01 -1.264200e-02 2.700387e+00
-3.737210e-01 -1.298040e-01 2.634394e+00
-1.725760e-01 -9.388500e-02 2.696303e+00
2.856900e-02 -5.796600e-02 2.758213e+00
-9.276200e-02 -6.493900e-02 2.788329e+00
-2.140930e-01 -7.191200e-02 2.818446e+00
-3.675650e-01 -4.250200e-02 2.741371e+00
-5.210370e-01 -1.309200e-02 2.664297e+00
-2.449045e-01 -2.870000e-03 2.637746e+00
3.122800e-02 7.352000e-03 2.611195e+00
-2.489400e-01 -1.475380e-01 2.621747e+00
-5.291080e-01 -3.024280e-01 2.632300e+00
-3.205870e-01 -2.602780e-01 2.563804e+00
-1.120660e-01 -2.181280e-01 2.495308e+00
-3.164180e-01 -2.959430e-01 2.569724e+00
-5.207700e-01 -3.737580e-01 2.644139e+00
-3.364185e-01 -3.206435e-01 2.551997e+00
-1.520670e-01 -2.675290e-01 2.459854e+00
-1.538730e-01 -4.538620e-01 2.582581e+00
-1.556790e-01 -6.401950e-01 2.705308e+00
8.551950e-02 -4.889190e-01 2.706083e+00
3.267180e-01 -3.376430e-01 2.706858e+00
8.142500e-02 -7.030120e-01 2.760749e+00
-1.638680e-01 -1.068381e+00 2.814640e+00
2.692365e-01 -8.179400e-01 2.741788e+00
7.023410e-01 -5.674990e-01 2.668936e+00
3.029300e-01 -8.392410e-01 2.660888e+00
-9.648100e-02 -1.110983e+00 2.652840e+00
3.262925e-01 -7.892885e-01 2.589524e+00
7.490660e-01 -4.675940e-01 2.526208e+00
2.776465e-01 1.783650e-02 2.545293e+00
-1.937730e-01 5.032670e-01 2.564378e+00
-3.044815e-01 3.716835e-01 2.607118e+00
-4.151900e-01 2.401000e-01 2.649858e+00
-2.310385e-01 2.400525e-01 2.694563e+00
-4.688700e-02 2.400050e-01 2.739268e+00
-1.246680e-01 2.745700e-01 2.658068e+00
-2.024490e-01 3.091350e-01 2.576867e+00
-2.258555e-01 2.068170e-01 2.673177e+00
-2.492620e-01 1.044990e-01 2.769488e+00
-3.177570e-01 -1.302400e-02 2.704701e+00
-3.862520e-01 -1.305470e-01 2.639914e+00
-1.828750e-01 -9.590100e-02 2.694866e+00
2.050200e-02 -6.125500e-02 2.749818e+00
-9.959200e-02 -6.894650e-02 2.784388e+00
-2.196860e-01 -7.663800e-02 2.818959e+00
-3.607025e-01 -4.728750e-02 2.733209e+00
-5.017190e-01 -1.793700e-02 2.647459e+00
-2.301275e-01 -2.989500e-03 2.633646e+00
4.146400e-02 1.195800e-02 2.619833e+00
-2.443365e-01 -1.461785e-01 2.610107e+00
-5.301370e-01 -3.043150e-01 2.600380e+00
-3.150960e-01 -2.594935e-01 2.551694e+00
-1.000550e-01 -2.146720e-01 2.503009e+00
-3.004565e-01 -2.927860e-01 2.552992e+00
-5.008580e-01 -3.709000e-01 2.602974e+00
-3.190490e-01 -3.158335e-01 2.531836e+00
-1.372400e-01 -2.607670e-01 2.460699e+00
-1.544155e-01 -4.520090e-01 2.587032e+00
-1.715910e-01 -6.432510e-01 2.713364e+00
4.477150e-02 -5.431085e-01 2.703033e+00
2.611340e-01 -4.429660e-01 2.692702e+00
4.121950e-02 -7.602340e-01 2.744080e+00
-1.786950e-01 -1.077502e+00 2.795459e+00
1.938885e-01 -9.200245e-01 2.743676e+00
5.664720e-01 -7.625470e-01 2.691892e+00
2.237895e-01 -9.363025e-01 2.660160e+00
-1.188930e-01 -1.110058e+00 2.628429e+00
2.529375e-01 -9.082495e-01 2.579556e+00
6.247680e-01 -7.064410e-01 2.530682e+00
2.097335e-01 -1.001620e-01 2.551160e+00
-2.053010e-01 5.061170e-01 2.571639e+00
-3.110880e-01 3.706185e-01 2.615927e+00
-4.168750e-01 2.351200e-01 2.660215e+00
-2.305520e-01 2.372550e-01 2.694703e+00
-4.422900e-02 2.393900e-01 2.729191e+00
-1.267850e-01 2.731565e-01 2.652494e+00
-2.093410e-01 3.069230e-01 2.575798e+00
-2.261505e-01 2.041290e-01 2.672975e+00
-2.429600e-01 1.013350e-01 2.770152e+00
-3.208870e-01 -1.301550e-02 2.708179e+00
-3.988140e-01 -1.273660e-01 2.646207e+00
-1.942525e-01 -8.500400e-02 2.690277e+00
1.030900e-02 -4.264200e-02 2.734347e+00
-1.078270e-01 -5.217950e-02 2.774717e+00
-2.259630e-01 -6.171700e-02 2.815087e+00
-3.567730e-01 -4.496050e-02 2.734234e+00
-4.875830e-01 -2.820400e-02 2.653381e+00
-2.243635e-01 -1.581050e-02 2.645113e+00
3.885600e-02 -3.417000e-03 2.636846e+00
-2.357750e-01 -1.578360e-01 2.612763e+00
-5.104060e-01 -3.122550e-01 2.588681e+00
-3.065405e-01 -2.701500e-01 2.551724e+00
-1.026750e-01 -2.280450e-01 2.514767e+00
-2.858495e-01 -2.867825e-01 2.526831e+00
-4.690240e-01 -3.455200e-01 2.538895e+00
-2.903905e-01 -3.192690e-01 2.542592e+00
-1.117570e-01 -2.930180e-01 2.546288e+00
-1.521520e-01 -4.646860e-01 2.630305e+00
-1.925470e-01 -6.363540e-01 2.714321e+00
-5.322000e-03 -5.688275e-01 2.692905e+00
1.819030e-01 -5.013010e-01 2.671489e+00
-2.893500e-03 -7.880845e-01 2.720499e+00
-1.876900e-01 -1.074868e+00 2.769509e+00
1.057545e-01 -9.762955e-01 2.760665e+00
3.991990e-01 -8.777230e-01 2.751822e+00
1.281740e-01 -9.869590e-01 2.673962e+00
-1.428510e-01 -1.096195e+00 2.596102e+00
1.621980e-01 -9.851385e-01 2.590459e+00
4.672470e-01 -8.740820e-01 2.584815e+00
1.281305e-01 -1.891540e-01 2.569765e+00
-2.109860e-01 4.957740e-01 2.554716e+00
-3.118410e-01 3.651635e-01 2.612945e+00
-4.126960e-01 2.345530e-01 2.671174e+00
-2.253950e-01 2.388920e-01 2.699630e+00
-3.809400e-02 2.432310e-01 2.728086e+00
-1.235625e-01 2.767955e-01 2.654557e+00
-2.090310e-01 3.103600e-01 2.581028e+00
-2.212480e-01 2.061110e-01 2.677337e+00
-2.334650e-01 1.018620e-01 2.773645e+00
-3.157645e-01 -4.899500e-03 2.714501e+00
-3.980640e-01 -1.116610e-01 2.655357e+00
-1.894720e-01 -8.342150e-02 2.691051e+00
1.912000e-02 -5.518200e-02 2.726746e+00
-9.728700e-02 -6.032550e-02 2.772570e+00
-2.136940e-01 -6.546900e-02 2.818394e+00
-3.411415e-01 -4.843200e-02 2.733355e+00
-4.685890e-01 -3.139500e-02 2.648316e+00
-2.146205e-01 -1.609100e-02 2.641209e+00
3.934800e-02 -7.870000e-04 2.634103e+00
-2.134070e-01 -1.561635e-01 2.599699e+00
-4.661620e-01 -3.115400e-01 2.565295e+00
-2.783035e-01 -2.736660e-01 2.542023e+00
-9.044500e-02 -2.357920e-01 2.518751e+00
-2.813910e-01 -3.081010e-01 2.553386e+00
-4.723370e-01 -3.804100e-01 2.588021e+00
-3.148935e-01 -3.213160e-01 2.558615e+00
-1.574500e-01 -2.622220e-01 2.529209e+00
-1.836260e-01 -4.478275e-01 2.622442e+00
-2.098020e-01 -6.334330e-01 2.715675e+00
-4.667350e-02 -5.945340e-01 2.694527e+00
1.164550e-01 -5.556350e-01 2.673378e+00
-4.192400e-02 -8.140855e-01 2.719334e+00
-2.003030e-01 -1.072536e+00 2.765290e+00
1.092400e-02 -1.024412e+00 2.761885e+00
2.221510e-01 -9.762890e-01 2.758481e+00
2.820400e-02 -1.033982e+00 2.673888e+00
-1.657430e-01 -1.091675e+00 2.589295e+00
6.108750e-02 -1.042619e+00 2.590355e+00
2.879180e-01 -9.935630e-01 2.591414e+00
3.748750e-02 -2.517570e-01 2.570738e+00
-2.129430e-01 4.900490e-01 2.550062e+00
-3.056360e-01 3.574070e-01 2.617582e+00
-3.983290e-01 2.247650e-01 2.685102e+00
-2.098815e-01 2.342860e-01 2.702631e+00
-2.143400e-02 2.438070e-01 2.720159e+00
-1.118990e-01 2.747105e-01 2.651608e+00
-2.023640e-01 3.056140e-01 2.583057e+00
-2.061435e-01 2.015250e-01 2.680236e+00
-2.099230e-01 9.743600e-02 2.777415e+00
-2.992515e-01 -4.830000e-03 2.719996e+00
-3.885800e-01 -1.070960e-01 2.662578e+00
-1.778855e-01 -8.718700e-02 2.690749e+00
3.280900e-02 -6.727800e-02 2.718920e+00
-8.196900e-02 -6.813450e-02 2.768941e+00
-1.967470e-01 -6.899100e-02 2.818961e+00
-3.189690e-01 -5.595450e-02 2.738625e+00
-4.411910e-01 -4.291800e-02 2.658288e+00
-1.964325e-01 -2.675600e-02 2.655223e+00
4.832600e-02 -1.059400e-02 2.652158e+00
-1.801650e-01 -1.630605e-01 2.605684e+00
-4.086560e-01 -3.155270e-01 2.559209e+00
-2.403380e-01 -2.836775e-01 2.549752e+00
-7.202000e-02 -2.518280e-01 2.540294e+00
-2.252980e-01 -3.154135e-01 2.559292e+00
-3.785760e-01 -3.789990e-01 2.578291e+00
-2.597900e-01 -3.266300e-01 2.562277e+00
-1.410040e-01 -2.742610e-01 2.546263e+00
-1.806490e-01 -4.552510e-01 2.630051e+00
-2.202940e-01 -6.362410e-01 2.713839e+00
-1.060290e-01 -6.223805e-01 2.694279e+00
8.236000e-03 -6.085200e-01 2.674719e+00
-9.669850e-02 -8.412350e-01 2.723546e+00
-2.016330e-01 -1.073950e+00 2.772372e+00
-9.987050e-02 -1.060189e+00 2.753380e+00
1.892000e-03 -1.046428e+00 2.734388e+00
-8.683900e-02 -1.071471e+00 2.664855e+00
-1.755700e-01 -1.096515e+00 2.595322e+00
-6.556150e-02 -1.083607e+00 2.578057e+00
4.444700e-02 -1.070699e+00 2.560793e+00
-8.099450e-02 -2.833630e-01 2.570978e+00
-2.064360e-01 5.039730e-01 2.581163e+00
-2.986030e-01 3.620545e-01 2.639071e+00
-3.907700e-01 2.201360e-01 2.696979e+00
-1.288700e-02 2.458040e-01 2.710632e+00
-2.021140e-01 3.016990e-01 2.582486e+00
-1.954550e-01 9.785200e-02 2.781414e+00
-3.751760e-01 -1.157940e-01 2.674472e+00
5.056400e-02 -8.844000e-02 2.692544e+00
-1.687440e-01 -8.774000e-02 2.813420e+00
-4.198690e-01 -4.749400e-02 2.657153e+00
7.670100e-02 4.540000e-04 2.634238e+00
-3.711500e-01 -3.178180e-01 2.559340e+00
-4.489500e-02 -2.392920e-01 2.521313e+00
-3.300010e-01 -3.723250e-01 2.584508e+00
-1.077210e-01 -2.715910e-01 2.538844e+00
-2.246070e-01 -6.504930e-01 2.714295e+00
-3.225100e-02 -6.374070e-01 2.676688e+00
-1.993340e-01 -1.087068e+00 2.778543e+00
-6.377200e-02 -1.070536e+00 2.758963e+00
-1.910640e-01 -1.112834e+00 2.600209e+00
-4.533300e-02 -1.105315e+00 2.582936e+00
-1.925700e-01 4.957530e-01 2.568515e+00
-3.742240e-01 2.229440e-01 2.718765e+00
3.865000e-03 2.444620e-01 2.703725e+00
-1.940210e-01 3.059190e-01 2.592297e+00
-1.744560e-01 9.633600e-02 2.784292e+00
-3.706140e-01 -1.254980e-01 2.679905e+00
5.434300e-02 -8.402600e-02 2.675380e+00
-1.575470e-01 -9.654200e-02 2.808246e+00
-4.159280e-01 -3.953600e-02 2.661345e+00
8.845400e-02 -3.769000e-03 2.631904e+00
-3.349760e-01 -3.072450e-01 2.579800e+00
-2.128400e-02 -2.588340e-01 2.543752e+00
-3.181500e-01 -3.709520e-01 2.610718e+00
-8.042800e-02 -2.842870e-01 2.509816e+00
-2.378240e-01 -6.561540e-01 2.720433e+00
-3.898900e-02 -6.397850e-01 2.685414e+00
-2.004640e-01 -1.092700e+00 2.778710e+00
-7.767900e-02 -1.071725e+00 2.770825e+00
-2.034340e-01 -1.116814e+00 2.599979e+00
-7.495100e-02 -1.106945e+00 2.593943e+00
-1.806830e-01 4.919170e-01 2.571072e+00
-3.466810e-01 2.245950e-01 2.742177e+00
2.860400e-02 2.325890e-01 2.689844e+00
-1.768470e-01 3.034670e-01 2.599741e+00
-1.464050e-01 8.947900e-02 2.785356e+00
-3.600030e-01 -1.156930e-01 2.704987e+00
6.264200e-02 -8.112900e-02 2.654929e+00
-1.334280e-01 -9.669700e-02 2.809918e+00
-4.207220e-01 -2.982400e-02 2.689114e+00
1.200340e-01 -1.820900e-02 2.647797e+00
-3.108860e-01 -2.840140e-01 2.604524e+00
1.709100e-02 -2.721600e-01 2.554292e+00
-3.167430e-01 -3.521850e-01 2.629342e+00
-4.055500e-02 -3.165810e-01 2.553140e+00
-2.412740e-01 -6.485840e-01 2.729400e+00
-3.249100e-02 -6.355050e-01 2.689651e+00
-1.971630e-01 -1.085535e+00 2.779318e+00
-6.236800e-02 -1.068572e+00 2.772864e+00
-2.212550e-01 -1.108224e+00 2.602005e+00
-8.202800e-02 -1.101096e+00 2.596538e+00
-1.650760e-01 4.814840e-01 2.570115e+00
-3.320190e-01 2.204410e-01 2.751821e+00
4.042400e-02 2.329590e-01 2.682751e+00
-1.696450e-01 3.019140e-01 2.602325e+00
-1.285090e-01 8.741500e-02 2.785268e+00
-3.552040e-01 -1.084080e-01 2.713918e+00
6.425900e-02 -9.187400e-02 2.635770e+00
-1.215100e-01 -9.998500e-02 2.803495e+00
-4.073030e-01 -3.387500e-02 2.700943e+00
1.301300e-01 -2.012800e-02 2.653891e+00
-3.167860e-01 -2.926060e-01 2.608268e+00
5.007700e-02 -2.876230e-01 2.577987e+00
-3.157170e-01 -3.629790e-01 2.626817e+00
9.521000e-03 -3.374460e-01 2.543773e+00
-2.361480e-01 -6.472130e-01 2.729302e+00
-2.938800e-02 -6.401170e-01 2.695635e+00
-1.977740e-01 -1.084131e+00 2.784026e+00
-5.794900e-02 -1.074241e+00 2.773636e+00
-2.328520e-01 -1.109150e+00 2.608872e+00
-8.498600e-02 -1.104054e+00 2.597809e+00
-1.371210e-01 4.760840e-01 2.567078e+00
-3.184770e-01 2.236340e-01 2.751347e+00
5.367100e-02 2.326440e-01 2.680173e+00
-1.561820e-01 3.036590e-01 2.600985e+00
-1.160610e-01 8.864700e-02 2.783552e+00
-3.451990e-01 -9.780400e-02 2.716016e+00
7.260400e-02 -9.817600e-02 2.627875e+00
-1.092970e-01 -1.014560e-01 2.799946e+00
-3.972520e-01 -3.008600e-02 2.703014e+00
1.386100e-01 -2.228300e-02 2.653468e+00
-3.221410e-01 -2.949600e-01 2.614108e+00
6.757700e-02 -2.976790e-01 2.600404e+00
-3.138110e-01 -3.633360e-01 2.637623e+00
4.475400e-02 -3.647860e-01 2.583869e+00
-2.369700e-01 -6.413700e-01 2.730960e+00
-2.566800e-02 -6.410120e-01 2.696870e+00
-1.913130e-01 -1.077875e+00 2.783327e+00
-5.821100e-02 -1.074722e+00 2.775614e+00
-2.323840e-01 -1.103025e+00 2.609500e+00
-9.015600e-02 -1.104111e+00 2.600540e+00
-1.376620e-01 4.791720e-01 2.567717e+00
-2.980000e-01 2.234920e-01 2.744148e+00
7.509400e-02 2.336740e-01 2.678285e+00
-1.339090e-01 3.031140e-01 2.595532e+00
-9.546600e-02 8.969000e-02 2.780309e+00
-3.253090e-01 -7.870100e-02 2.713194e+00
9.243800e-02 -1.113400e-01 2.631030e+00
-9.207000e-02 -1.057120e-01 2.800241e+00
-3.769680e-01 -3.422900e-02 2.722483e+00
1.610510e-01 -2.152500e-02 2.653570e+00
-3.412200e-01 -3.103490e-01 2.642324e+00
9.312700e-02 -3.000120e-01 2.611423e+00
-3.537190e-01 -3.812200e-01 2.653219e+00
7.527600e-02 -3.679640e-01 2.592408e+00
-2.354250e-01 -6.300620e-01 2.738163e+00
-2.040200e-02 -6.442500e-01 2.698089e+00
-1.779580e-01 -1.066154e+00 2.781579e+00
-5.805700e-02 -1.078255e+00 2.772826e+00
-2.208830e-01 -1.089102e+00 2.607895e+00
-8.969800e-02 -1.105722e+00 2.597385e+00
-1.237770e-01 4.704020e-01 2.552211e+00
-2.849630e-01 2.275020e-01 2.733093e+00
8.952200e-02 2.320830e-01 2.674945e+00
-1.168290e-01 3.026830e-01 2.586700e+00
-8.490800e-02 9.186700e-02 2.775665e+00
-3.222900e-01 -7.132500e-02 2.712765e+00
9.577900e-02 -1.169330e-01 2.638822e+00
-9.169100e-02 -1.049820e-01 2.804411e+00
-3.653720e-01 -3.106200e-02 2.723035e+00
1.499140e-01 -3.126700e-02 2.654405e+00
-3.605610e-01 -3.126330e-01 2.652468e+00
9.661100e-02 -3.137900e-01 2.614095e+00
-3.246000e-01 -3.742620e-01 2.666831e+00
7.696600e-02 -3.838730e-01 2.613977e+00
-2.251600e-01 -6.275910e-01 2.732855e+00
-1.832300e-02 -6.458470e-01 2.700588e+00
-1.872470e-01 -1.065624e+00 2.778172e+00
-5.720800e-02 -1.079548e+00 2.776448e+00
-2.201110e-01 -1.086687e+00 2.602071e+00
-8.523700e-02 -1.107808e+00 2.600520e+00
-9.256600e-02 4.777800e-01 2.550714e+00
-2.751080e-01 2.290860e-01 2.729828e+00
9.934400e-02 2.347750e-01 2.671566e+00
-1.073110e-01 3.038750e-01 2.582848e+00
-7.449000e-02 9.459100e-02 2.773355e+00
-3.097510e-01 -6.876100e-02 2.714897e+00
1.069680e-01 -1.238150e-01 2.639772e+00
-7.965000e-02 -1.071840e-01 2.805919e+00
-3.564730e-01 -2.983200e-02 2.721470e+00
1.696970e-01 -2.699900e-02 2.655644e+00
-3.538580e-01 -3.139670e-01 2.659038e+00
1.157020e-01 -3.117850e-01 2.630772e+00
-3.235460e-01 -3.690550e-01 2.695700e+00
9.681900e-02 -3.796710e-01 2.612537e+00
-2.156510e-01 -6.290370e-01 2.714177e+00
-1.264500e-02 -6.493970e-01 2.706557e+00
-1.954020e-01 -1.064192e+00 2.788975e+00
-6.142700e-02 -1.082987e+00 2.777152e+00
-2.213800e-01 -1.095603e+00 2.613266e+00
-9.049400e-02 -1.108404e+00 2.600958e+00
-9.727900e-02 4.775840e-01 2.544424e+00
