-3.136230e-01 4.042770e-01 2.611953e+00
-1.362625e-01 3.975345e-01 2.609974e+00
4.109800e-02 3.907920e-01 2.607995e+00
-4.728650e-02 4.219080e-01 2.540973e+00
-1.356710e-01 4.530240e-01 2.473951e+00
-1.380870e-01 3.563200e-01 2.586907e+00
-1.405030e-01 2.596160e-01 2.699864e+00
-2.450960e-01 1.433660e-01 2.635606e+00
-3.496890e-01 2.711600e-02 2.571347e+00
-1.478765e-01 2.364450e-02 2.563369e+00
5.393600e-02 2.017300e-02 2.555390e+00
-4.450800e-02 1.960950e-02 2.622662e+00
-1.429520e-01 1.904600e-02 2.689935e+00
-2.713755e-01 7.510400e-02 2.653613e+00
-3.997990e-01 1.311620e-01 2.617291e+00
-1.505525e-01 1.208895e-01 2.620249e+00
9.869400e-02 1.106170e-01 2.623208e+00
-1.419495e-01 -2.441350e-02 2.588718e+00
-3.825930e-01 -1.594440e-01 2.554227e+00
-1.476365e-01 -1.706625e-01 2.561145e+00
8.732000e-02 -1.818810e-01 2.568063e+00
-1.363265e-01 -2.023905e-01 2.564135e+00
-3.599730e-01 -2.229000e-01 2.560208e+00
-1.508930e-01 -2.318855e-01 2.556301e+00
5.818700e-02 -2.408710e-01 2.552394e+00
-1.011010e-01 -3.745510e-01 2.579239e+00
-2.603890e-01 -5.082310e-01 2.606083e+00
-1.584010e-01 -5.074790e-01 2.621774e+00
-5.641300e-02 -5.067270e-01 2.637465e+00
-1.622795e-01 -7.164120e-01 2.667903e+00
-2.681460e-01 -9.260970e-01 2.698340e+00
-1.614055e-01 -9.277660e-01 2.701439e+00
-5.466500e-02 -9.294350e-01 2.704538e+00
-1.659105e-01 -9.450950e-01 2.622571e+00
-2.771560e-01 -9.607550e-01 2.540603e+00
-1.692920e-01 -9.577720e-01 2.542766e+00
-6.142800e-02 -9.547890e-01 2.544930e+00
-8.378750e-02 -1.282505e-01 2.526105e+00
-1.061470e-01 6.982880e-01 2.507280e+00
-2.093340e-01 5.499870e-01 2.554231e+00
-3.125210e-01 4.016860e-01 2.601181e+00
-1.352160e-01 3.952815e-01 2.606499e+00
4.208900e-02 3.888770e-01 2.611817e+00
-4.355700e-02 4.184355e-01 2.540662e+00
-1.292030e-01 4.479940e-01 2.469507e+00
-1.360535e-01 3.536025e-01 2.584224e+00
-1.429040e-01 2.592110e-01 2.698941e+00
-2.453175e-01 1.439510e-01 2.629879e+00
-3.477310e-01 2.869100e-02 2.560816e+00
-1.458325e-01 2.260800e-02 2.562801e+00
5.606600e-02 1.652500e-02 2.564786e+00
-4.555400e-02 1.797900e-02 2.627143e+00
-1.471740e-01 1.943300e-02 2.689500e+00
-2.752255e-01 7.506500e-02 2.655103e+00
-4.032770e-01 1.306970e-01 2.620706e+00
-1.523785e-01 1.195025e-01 2.622368e+00
9.852000e-02 1.083080e-01 2.624029e+00
-1.422450e-01 -2.491800e-02 2.587400e+00
-3.830100e-01 -1.581440e-01 2.550771e+00
-1.481730e-01 -1.711035e-01 2.559518e+00
8.666400e-02 -1.840630e-01 2.568264e+00
-1.367885e-01 -2.028120e-01 2.556603e+00
-3.602410e-01 -2.215610e-01 2.544941e+00
-1.485565e-01 -2.336115e-01 2.549091e+00
6.312800e-02 -2.456620e-01 2.553241e+00
-9.910850e-02 -3.767805e-01 2.578831e+00
-2.613450e-01 -5.078990e-01 2.604420e+00
-1.585240e-01 -5.085560e-01 2.621939e+00
-5.570300e-02 -5.092130e-01 2.639457e+00
-1.642095e-01 -7.163735e-01 2.672689e+00
-2.727160e-01 -9.235340e-01 2.705921e+00
-1.653305e-01 -9.279135e-01 2.705026e+00
-5.794500e-02 -9.322930e-01 2.704132e+00
-1.662030e-01 -9.470765e-01 2.626460e+00
-2.744610e-01 -9.618600e-01 2.548787e+00
-1.657780e-01 -9.592995e-01 2.546514e+00
-5.709500e-02 -9.567390e-01 2.544242e+00
-8.123200e-02 -1.293455e-01 2.525899e+00
-1.053690e-01 6.980480e-01 2.507556e+00
-2.086320e-01 5.512060e-01 2.555489e+00
-3.118950e-01 4.043640e-01 2.603421e+00
-1.346985e-01 3.993660e-01 2.612512e+00
4.249800e-02 3.943680e-01 2.621603e+00
-4.182450e-02 4.263360e-01 2.549911e+00
-1.261470e-01 4.583040e-01 2.478218e+00
-1.346060e-01 3.587370e-01 2.588361e+00
-1.430650e-01 2.591700e-01 2.698504e+00
-2.448120e-01 1.484365e-01 2.626467e+00
-3.465590e-01 3.770300e-02 2.554430e+00
-1.449675e-01 2.831700e-02 2.563198e+00
5.662400e-02 1.893100e-02 2.571965e+00
-4.702700e-02 2.140750e-02 2.630851e+00
-1.506780e-01 2.388400e-02 2.689737e+00
-2.767975e-01 7.846100e-02 2.652769e+00
-4.029170e-01 1.330380e-01 2.615800e+00
-1.521195e-01 1.232865e-01 2.615829e+00
9.867800e-02 1.135350e-01 2.615858e+00
-1.437670e-01 -2.266300e-02 2.587320e+00
-3.862120e-01 -1.588610e-01 2.558781e+00
-1.490530e-01 -1.694610e-01 2.562697e+00
8.810600e-02 -1.800610e-01 2.566613e+00
-1.354735e-01 -1.978640e-01 2.550352e+00
-3.590530e-01 -2.156670e-01 2.534091e+00
-1.505945e-01 -2.273500e-01 2.543610e+00
5.786400e-02 -2.390330e-01 2.553130e+00
-1.026480e-01 -3.695530e-01 2.580197e+00
-2.631600e-01 -5.000730e-01 2.607263e+00
-1.611300e-01 -5.028120e-01 2.622185e+00
-5.910000e-02 -5.055510e-01 2.637107e+00
-1.662425e-01 -7.119745e-01 2.667140e+00
-2.733850e-01 -9.183980e-01 2.697174e+00
-1.670540e-01 -9.231840e-01 2.701577e+00
-6.072300e-02 -9.279700e-01 2.705981e+00
-1.651195e-01 -9.402185e-01 2.622540e+00
-2.695160e-01 -9.524670e-01 2.539100e+00
-1.622025e-01 -9.532350e-01 2.542773e+00
-5.488900e-02 -9.540030e-01 2.546446e+00
-8.100400e-02 -1.282555e-01 2.525873e+00
-1.071190e-01 6.974920e-01 2.505300e+00
-2.119205e-01 5.501090e-01 2.552015e+00
-3.167220e-01 4.027260e-01 2.598730e+00
-1.395100e-01 3.996550e-01 2.608362e+00
3.770200e-02 3.965840e-01 2.617994e+00
-4.673050e-02 4.252385e-01 2.545041e+00
-1.311630e-01 4.538930e-01 2.472089e+00
-1.389945e-01 3.582010e-01 2.585660e+00
-1.468260e-01 2.625090e-01 2.699231e+00
-2.489835e-01 1.453305e-01 2.628945e+00
-3.511410e-01 2.815200e-02 2.558659e+00
-1.491975e-01 2.669650e-02 2.563210e+00
5.274600e-02 2.524100e-02 2.567761e+00
-4.966750e-02 2.394100e-02 2.628810e+00
-1.520810e-01 2.264100e-02 2.689858e+00
-2.772605e-01 7.649500e-02 2.655933e+00
-4.024400e-01 1.303490e-01 2.622008e+00
-1.540040e-01 1.230825e-01 2.617285e+00
9.443200e-02 1.158160e-01 2.612562e+00
-1.463450e-01 -2.167400e-02 2.582982e+00
-3.871220e-01 -1.591640e-01 2.553403e+00
-1.497790e-01 -1.687895e-01 2.559854e+00
8.756400e-02 -1.784150e-01 2.566305e+00
-1.384755e-01 -1.941625e-01 2.540568e+00
-3.645150e-01 -2.099100e-01 2.514831e+00
-1.528385e-01 -2.241250e-01 2.534283e+00
5.883800e-02 -2.383400e-01 2.553736e+00
-1.023080e-01 -3.717260e-01 2.580938e+00
-2.634540e-01 -5.051120e-01 2.608140e+00
-1.638375e-01 -5.047405e-01 2.621554e+00
-6.422100e-02 -5.043690e-01 2.634968e+00
-1.712105e-01 -7.145600e-01 2.662994e+00
-2.782000e-01 -9.247510e-01 2.691021e+00
-1.678455e-01 -9.256325e-01 2.698110e+00
-5.749100e-02 -9.265140e-01 2.705199e+00
-1.669795e-01 -9.413315e-01 2.618778e+00
-2.764680e-01 -9.561490e-01 2.532357e+00
-1.652730e-01 -9.545745e-01 2.539013e+00
-5.407800e-02 -9.530000e-01 2.545668e+00
-8.119200e-02 -1.260215e-01 2.526365e+00
-1.083060e-01 7.009570e-01 2.507062e+00
-2.167460e-01 5.510340e-01 2.553493e+00
-3.251860e-01 4.011110e-01 2.599924e+00
-1.480235e-01 3.973425e-01 2.610198e+00
2.913900e-02 3.935740e-01 2.620472e+00
-5.491900e-02 4.240955e-01 2.547845e+00
-1.389770e-01 4.546170e-01 2.475218e+00
-1.475240e-01 3.564105e-01 2.586570e+00
-1.560710e-01 2.582040e-01 2.697922e+00
-2.569735e-01 1.441055e-01 2.630938e+00
-3.578760e-01 3.000700e-02 2.563954e+00
-1.559210e-01 2.578450e-02 2.563280e+00
4.603400e-02 2.156200e-02 2.562606e+00
-5.478400e-02 2.120750e-02 2.626268e+00
-1.556020e-01 2.085300e-02 2.689930e+00
-2.839725e-01 7.517850e-02 2.658294e+00
-4.123430e-01 1.295040e-01 2.626657e+00
-1.611280e-01 1.216620e-01 2.618454e+00
9.008700e-02 1.138200e-01 2.610252e+00
-1.530650e-01 -2.287850e-02 2.583330e+00
-3.962170e-01 -1.595770e-01 2.556408e+00
-1.601465e-01 -1.703040e-01 2.563173e+00
7.592400e-02 -1.810310e-01 2.569939e+00
-1.470760e-01 -2.014790e-01 2.562273e+00
-3.700760e-01 -2.219270e-01 2.554608e+00
-1.617675e-01 -2.316795e-01 2.558323e+00
4.654100e-02 -2.414320e-01 2.562037e+00
-1.103825e-01 -3.730545e-01 2.588166e+00
-2.673060e-01 -5.046770e-01 2.614296e+00
-1.657240e-01 -5.049840e-01 2.625920e+00
-6.414200e-02 -5.052910e-01 2.637544e+00
-1.682015e-01 -7.145080e-01 2.669390e+00
-2.722610e-01 -9.237250e-01 2.701236e+00
-1.648940e-01 -9.254650e-01 2.705198e+00
-5.752700e-02 -9.272050e-01 2.709161e+00
-1.662665e-01 -9.418765e-01 2.626018e+00
-2.750060e-01 -9.565480e-01 2.542875e+00
-1.668210e-01 -9.554185e-01 2.546286e+00
-5.863600e-02 -9.542890e-01 2.549698e+00
-9.125500e-02 -1.286200e-01 2.527401e+00
-1.238740e-01 6.970490e-01 2.505105e+00
-2.287700e-01 5.495910e-01 2.557337e+00
-3.336660e-01 4.021330e-01 2.609569e+00
-1.562275e-01 3.993250e-01 2.605829e+00
2.121100e-02 3.965170e-01 2.602088e+00
-6.852500e-02 4.247415e-01 2.535584e+00
-1.582610e-01 4.529660e-01 2.469080e+00
-1.573590e-01 3.577715e-01 2.583334e+00
-1.564570e-01 2.625770e-01 2.697587e+00
-2.615895e-01 1.467540e-01 2.634117e+00
-3.667220e-01 3.093100e-02 2.570646e+00
-1.649340e-01 2.479750e-02 2.563716e+00
3.685400e-02 1.866400e-02 2.556787e+00
-6.193750e-02 1.938750e-02 2.623546e+00
-1.607290e-01 2.011100e-02 2.690306e+00
-2.888830e-01 7.428950e-02 2.658898e+00
-4.170370e-01 1.284680e-01 2.627490e+00
-1.675580e-01 1.224565e-01 2.617868e+00
8.192100e-02 1.164450e-01 2.608245e+00
-1.609410e-01 -2.243750e-02 2.583589e+00
-4.038030e-01 -1.613200e-01 2.558933e+00
-1.674605e-01 -1.700510e-01 2.564072e+00
6.888200e-02 -1.787820e-01 2.569212e+00
-1.523600e-01 -2.003000e-01 2.563381e+00
-3.736020e-01 -2.218180e-01 2.557550e+00
-1.653295e-01 -2.306700e-01 2.556104e+00
4.294300e-02 -2.395220e-01 2.554658e+00
-1.135510e-01 -3.727005e-01 2.583501e+00
-2.700450e-01 -5.058790e-01 2.612343e+00
-1.673625e-01 -5.060435e-01 2.625179e+00
-6.468000e-02 -5.062080e-01 2.638014e+00
-1.691570e-01 -7.151975e-01 2.670427e+00
-2.736340e-01 -9.241870e-01 2.702839e+00
-1.690475e-01 -9.265765e-01 2.703818e+00
-6.446100e-02 -9.289660e-01 2.704797e+00
-1.728160e-01 -9.436280e-01 2.624851e+00
-2.811710e-01 -9.582900e-01 2.544905e+00
-1.758550e-01 -9.562400e-01 2.545024e+00
-7.053900e-02 -9.541900e-01 2.545142e+00
-1.065165e-01 -1.268580e-01 2.522838e+00
-1.424940e-01 7.004740e-01 2.500535e+00
-2.423695e-01 5.512050e-01 2.555572e+00
-3.422450e-01 4.019360e-01 2.610608e+00
-1.648105e-01 4.000295e-01 2.606194e+00
1.262400e-02 3.981230e-01 2.601781e+00
-7.749900e-02 4.262215e-01 2.535749e+00
-1.676220e-01 4.543200e-01 2.469716e+00
-1.658205e-01 3.585800e-01 2.583502e+00
-1.640190e-01 2.628400e-01 2.697289e+00
-2.693780e-01 1.465600e-01 2.637079e+00
-3.747370e-01 3.028000e-02 2.576868e+00
-1.732500e-01 2.596150e-02 2.563141e+00
2.823700e-02 2.164300e-02 2.549413e+00
-6.823700e-02 2.209600e-02 2.619483e+00
-1.647110e-01 2.254900e-02 2.689552e+00
-2.929245e-01 7.429800e-02 2.657605e+00
-4.211380e-01 1.260470e-01 2.625659e+00
-1.729560e-01 1.218940e-01 2.616557e+00
7.522600e-02 1.177410e-01 2.607454e+00
-1.671520e-01 -2.370250e-02 2.583550e+00
-4.095300e-01 -1.651460e-01 2.559645e+00
-1.748535e-01 -1.714590e-01 2.562809e+00
5.982300e-02 -1.777720e-01 2.565972e+00
-1.618925e-01 -2.011480e-01 2.553109e+00
-3.836080e-01 -2.245240e-01 2.540247e+00
-1.743770e-01 -2.315960e-01 2.545327e+00
3.485400e-02 -2.386680e-01 2.550407e+00
-1.202160e-01 -3.721970e-01 2.582145e+00
-2.752860e-01 -5.057260e-01 2.613882e+00
-1.741140e-01 -5.050600e-01 2.624827e+00
-7.294200e-02 -5.043940e-01 2.635773e+00
-1.736655e-01 -7.145530e-01 2.668514e+00
-2.743890e-01 -9.247120e-01 2.701255e+00
-1.692750e-01 -9.252710e-01 2.705589e+00
-6.416100e-02 -9.258300e-01 2.709924e+00
-1.756315e-01 -9.417435e-01 2.626665e+00
-2.871020e-01 -9.576570e-01 2.543407e+00
-1.813060e-01 -9.558385e-01 2.547230e+00
-7.551000e-02 -9.540200e-01 2.551054e+00
-1.151175e-01 -1.258105e-01 2.527828e+00
-1.547250e-01 7.023990e-01 2.504602e+00
-2.525120e-01 5.540575e-01 2.560038e+00
-3.502990e-01 4.057160e-01 2.615474e+00
4.333000e-03 3.970810e-01 2.601812e+00
-1.768590e-01 4.571800e-01 2.472794e+00
-1.728940e-01 2.632440e-01 2.698271e+00
-3.857560e-01 3.451000e-02 2.578305e+00
1.720300e-02 2.303900e-02 2.551692e+00
-1.760230e-01 2.539300e-02 2.691430e+00
-4.350540e-01 1.316070e-01 2.632526e+00
6.074500e-02 1.153130e-01 2.595953e+00
-4.193470e-01 -1.580680e-01 2.560587e+00
5.363600e-02 -1.819420e-01 2.565579e+00
-3.959590e-01 -2.194430e-01 2.544455e+00
2.320100e-02 -2.412110e-01 2.553965e+00
-2.847360e-01 -5.027000e-01 2.612876e+00
-8.162000e-02 -5.027630e-01 2.633280e+00
-2.775870e-01 -9.215540e-01 2.700592e+00
-6.883600e-02 -9.241010e-01 2.707408e+00
-2.902450e-01 -9.548140e-01 2.542805e+00
-7.995600e-02 -9.523890e-01 2.548539e+00
-1.639030e-01 7.007440e-01 2.500826e+00
-3.602490e-01 4.046150e-01 2.620180e+00
-5.679000e-03 4.013730e-01 2.603005e+00
-1.889880e-01 4.602230e-01 2.476425e+00
-1.799710e-01 2.638650e-01 2.699650e+00
-3.928700e-01 3.424400e-02 2.574897e+00
1.062900e-02 2.607200e-02 2.556534e+00
-1.854390e-01 2.629700e-02 2.692275e+00
-4.405270e-01 1.294920e-01 2.636541e+00
5.353300e-02 1.207730e-01 2.590271e+00
-4.274920e-01 -1.596060e-01 2.563296e+00
4.606700e-02 -1.767670e-01 2.567325e+00
-4.039960e-01 -2.229980e-01 2.561455e+00
2.369700e-02 -2.386530e-01 2.551712e+00
-2.888760e-01 -5.014910e-01 2.617160e+00
-9.012800e-02 -5.018880e-01 2.629028e+00
-2.783660e-01 -9.209420e-01 2.701627e+00
-7.174200e-02 -9.239330e-01 2.697761e+00
-2.874690e-01 -9.530420e-01 2.543356e+00
-7.944000e-02 -9.502300e-01 2.538348e+00
-1.719990e-01 7.017430e-01 2.504143e+00
-3.707420e-01 4.020120e-01 2.618962e+00
-1.622500e-02 4.036670e-01 2.600515e+00
-2.008310e-01 4.570510e-01 2.473397e+00
-1.881080e-01 2.656980e-01 2.700749e+00
-4.026040e-01 2.866500e-02 2.575933e+00
1.210000e-03 2.945900e-02 2.563711e+00
-1.968560e-01 2.519400e-02 2.696451e+00
-4.531490e-01 1.270560e-01 2.633016e+00
4.159700e-02 1.221810e-01 2.597186e+00
-4.354890e-01 -1.646000e-01 2.570277e+00
3.838500e-02 -1.748100e-01 2.564056e+00
-4.078140e-01 -2.195390e-01 2.542172e+00
6.458000e-03 -2.311160e-01 2.544452e+00
-2.947470e-01 -5.048090e-01 2.616506e+00
-9.734300e-02 -5.039420e-01 2.613340e+00
-2.790940e-01 -9.252160e-01 2.695225e+00
-7.229000e-02 -9.249340e-01 2.686293e+00
-2.855020e-01 -9.551930e-01 2.536407e+00
-7.659600e-02 -9.527910e-01 2.527018e+00
-1.897060e-01 7.023510e-01 2.500652e+00
-3.990710e-01 4.070490e-01 2.623093e+00
-4.457000e-02 4.078690e-01 2.604295e+00
-2.291920e-01 4.607740e-01 2.477002e+00
-2.166310e-01 2.709170e-01 2.705614e+00
-4.195790e-01 2.945900e-02 2.581596e+00
-1.563200e-02 3.471700e-02 2.577790e+00
-2.164070e-01 3.177000e-02 2.706432e+00
-4.812550e-01 1.323590e-01 2.638619e+00
2.206500e-02 1.285820e-01 2.607226e+00
-4.521550e-01 -1.597200e-01 2.583812e+00
2.824200e-02 -1.666760e-01 2.563123e+00
-4.278870e-01 -2.211990e-01 2.569479e+00
-5.959000e-03 -2.237860e-01 2.551171e+00
-2.971150e-01 -5.029470e-01 2.626284e+00
-1.009620e-01 -5.014760e-01 2.585979e+00
-2.774220e-01 -9.250620e-01 2.694221e+00
-7.229400e-02 -9.218630e-01 2.661058e+00
-2.793100e-01 -9.508480e-01 2.534551e+00
-7.121100e-02 -9.502290e-01 2.501818e+00
-2.173120e-01 7.047760e-01 2.500657e+00
-4.275170e-01 4.051410e-01 2.616741e+00
-7.255300e-02 4.089740e-01 2.613476e+00
-2.518520e-01 4.578880e-01 2.477287e+00
-2.477090e-01 2.722090e-01 2.709609e+00
-4.318350e-01 2.981300e-02 2.603827e+00
-2.836500e-02 4.037100e-02 2.586043e+00
-2.246560e-01 4.019000e-02 2.721462e+00
-4.932840e-01 1.255970e-01 2.630758e+00
7.881000e-03 1.338730e-01 2.636199e+00
-4.616130e-01 -1.693210e-01 2.593131e+00
2.283800e-02 -1.565850e-01 2.566875e+00
-4.307480e-01 -2.263320e-01 2.573865e+00
-4.366000e-03 -2.157040e-01 2.548464e+00
-3.035640e-01 -5.015700e-01 2.638348e+00
-6.530100e-02 -4.840660e-01 2.525257e+00
-2.779020e-01 -9.247880e-01 2.696763e+00
-4.997300e-02 -9.025010e-01 2.613917e+00
-2.852120e-01 -9.473160e-01 2.536756e+00
-3.594700e-02 -9.354110e-01 2.456172e+00
-2.446720e-01 7.002480e-01 2.493901e+00
-4.490200e-01 3.980820e-01 2.601695e+00
-9.553600e-02 4.164890e-01 2.628811e+00
-2.639420e-01 4.526710e-01 2.475781e+00
-2.731250e-01 2.763750e-01 2.715160e+00
-4.384780e-01 2.444300e-02 2.594034e+00
-3.650700e-02 5.759100e-02 2.617197e+00
-2.458060e-01 5.391800e-02 2.731428e+00
-5.106710e-01 1.181870e-01 2.627473e+00
-3.728000e-03 1.445660e-01 2.649678e+00
-4.652560e-01 -1.771330e-01 2.611028e+00
2.485900e-02 -1.448180e-01 2.579066e+00
-4.400990e-01 -2.395750e-01 2.604534e+00
1.929000e-02 -1.906930e-01 2.529684e+00
-3.071740e-01 -4.991560e-01 2.647212e+00
-2.436100e-02 -4.377800e-01 2.471010e+00
-2.732330e-01 -9.230260e-01 2.695860e+00
-2.459200e-02 -8.608780e-01 2.535607e+00
-2.640170e-01 -9.407110e-01 2.535344e+00
2.244900e-02 -8.842600e-01 2.382625e+00
-2.839440e-01 6.952550e-01 2.482392e+00
-4.858760e-01 3.885150e-01 2.602030e+00
-1.332180e-01 4.222420e-01 2.624832e+00
-3.043130e-01 4.460280e-01 2.472357e+00
-3.041410e-01 2.782130e-01 2.717927e+00
-4.455800e-01 5.708000e-03 2.608719e+00
-5.047100e-02 8.668900e-02 2.632107e+00
-2.579130e-01 5.810700e-02 2.746210e+00
-5.215040e-01 1.036400e-01 2.614618e+00
-2.067900e-02 1.631540e-01 2.677651e+00
-4.776940e-01 -1.919270e-01 2.609703e+00
5.914100e-02 -1.164500e-01 2.608705e+00
-4.481230e-01 -2.493130e-01 2.589543e+00
7.818700e-02 -1.428580e-01 2.549427e+00
-2.879230e-01 -5.024260e-01 2.639702e+00
4.142500e-02 -3.301720e-01 2.387453e+00
-2.643920e-01 -9.270340e-01 2.688061e+00
1.898900e-02 -7.186260e-01 2.565737e+00
-2.539740e-01 -9.447290e-01 2.527619e+00
9.651400e-02 -7.815150e-01 2.438466e+00
-3.178290e-01 6.879300e-01 2.467980e+00
-4.994230e-01 3.879570e-01 2.604391e+00
-1.464430e-01 4.222540e-01 2.620330e+00
-3.205120e-01 4.457810e-01 2.471217e+00
-3.152890e-01 2.779370e-01 2.716713e+00
-4.487650e-01 -1.745500e-02 2.613471e+00
-6.409100e-02 1.053010e-01 2.626600e+00
-2.646800e-01 5.632000e-02 2.745903e+00
-5.321080e-01 9.795600e-02 2.612820e+00
-2.529800e-02 1.656100e-01 2.688864e+00
-4.825490e-01 -2.015600e-01 2.609374e+00
9.892100e-02 -1.033150e-01 2.622329e+00
-4.470800e-01 -2.558990e-01 2.590315e+00
1.261830e-01 -1.634200e-01 2.607558e+00
-2.754180e-01 -5.097460e-01 2.631304e+00
8.446200e-02 -2.222660e-01 2.333226e+00
-2.545410e-01 -9.315310e-01 2.700917e+00
4.915500e-02 -5.760230e-01 2.571541e+00
-2.477130e-01 -9.575180e-01 2.541414e+00
1.360540e-01 -6.581040e-01 2.462573e+00
-3.431760e-01 6.861770e-01 2.464853e+00
-5.115920e-01 3.770860e-01 2.601597e+00
-1.602400e-01 4.261620e-01 2.614583e+00
-3.360170e-01 4.398810e-01 2.466252e+00
-3.224070e-01 2.767290e-01 2.714572e+00
-4.463720e-01 -2.005100e-02 2.613147e+00
-7.300600e-02 1.340990e-01 2.620301e+00
-2.655280e-01 6.530400e-02 2.743064e+00
-5.416100e-01 8.371900e-02 2.621845e+00
-2.632900e-02 1.734090e-01 2.689140e+00
-4.784880e-01 -2.161630e-01 2.597897e+00
1.313920e-01 -9.033300e-02 2.681939e+00
-4.432050e-01 -2.729870e-01 2.587883e+00
1.660960e-01 -1.483650e-01 2.680535e+00
-2.570300e-01 -4.992050e-01 2.611511e+00
1.102390e-01 -1.191560e-01 2.304261e+00
-2.389650e-01 -9.113410e-01 2.725536e+00
9.759400e-02 -4.256830e-01 2.602700e+00
-2.325020e-01 -9.541740e-01 2.569694e+00
1.992130e-01 -5.155980e-01 2.514654e+00
-3.543730e-01 6.850230e-01 2.464043e+00
-5.246310e-01 3.662680e-01 2.594323e+00
-1.756560e-01 4.268830e-01 2.618142e+00
-3.473420e-01 4.360400e-01 2.464753e+00
-3.356060e-01 2.712770e-01 2.712104e+00
-4.342650e-01 -3.549700e-02 2.603990e+00
-7.998800e-02 1.579380e-01 2.620921e+00
-2.649100e-01 6.440700e-02 2.738922e+00
-5.406100e-01 7.022600e-02 2.613517e+00
-2.562700e-02 1.784550e-01 2.681698e+00
-4.780830e-01 -2.308950e-01 2.584100e+00
1.375010e-01 -7.755400e-02 2.739125e+00
-4.490360e-01 -2.843480e-01 2.613648e+00
1.733040e-01 -1.335450e-01 2.751662e+00
-2.451230e-01 -4.989210e-01 2.613011e+00
1.251120e-01 -1.839300e-02 2.286882e+00
-2.402010e-01 -9.156300e-01 2.710549e+00
2.182540e-01 -2.693500e-01 2.620842e+00
-2.292690e-01 -9.522880e-01 2.553387e+00
3.464760e-01 -3.276150e-01 2.541296e+00
-3.813220e-01 6.866540e-01 2.476856e+00
-5.401830e-01 3.644320e-01 2.596163e+00
-1.927280e-01 4.344110e-01 2.616241e+00
-3.668340e-01 4.416700e-01 2.465502e+00
-3.468680e-01 2.725660e-01 2.709371e+00
-4.426930e-01 -3.473500e-02 2.602573e+00
-8.740200e-02 1.568670e-01 2.619095e+00
-2.747330e-01 6.814600e-02 2.737011e+00
-5.497920e-01 6.688200e-02 2.608501e+00
-4.229500e-02 1.838270e-01 2.674191e+00
-4.781120e-01 -2.337110e-01 2.585856e+00
1.305130e-01 -6.598800e-02 2.735327e+00
-4.340320e-01 -2.821230e-01 2.568905e+00
1.682550e-01 -1.204500e-01 2.748869e+00
-2.549240e-01 -4.987900e-01 2.620347e+00
1.458590e-01 -4.763800e-02 2.316948e+00
-2.401370e-01 -9.060680e-01 2.751078e+00
3.298970e-01 -2.635390e-01 2.637418e+00
-2.288630e-01 -9.550110e-01 2.597323e+00
4.549060e-01 -2.996160e-01 2.541323e+00
-3.933550e-01 6.894700e-01 2.476737e+00
-5.536930e-01 3.674480e-01 2.598672e+00
-2.046090e-01 4.305940e-01 2.612007e+00
-3.817900e-01 4.431950e-01 2.465256e+00
-3.597460e-01 2.704170e-01 2.706355e+00
-4.654160e-01 -3.080100e-02 2.603150e+00
-1.022350e-01 1.457830e-01 2.614711e+00
-2.968060e-01 7.602400e-02 2.733640e+00
-5.613340e-01 7.736200e-02 2.608807e+00
-5.838500e-02 1.858730e-01 2.667156e+00
-4.878040e-01 -2.143970e-01 2.583444e+00
1.212000e-01 -5.222300e-02 2.714414e+00
-4.503700e-01 -2.702200e-01 2.575921e+00
1.614690e-01 -1.055410e-01 2.724884e+00
-2.723080e-01 -4.992440e-01 2.625169e+00
1.914970e-01 -1.218250e-01 2.431339e+00
-2.492670e-01 -9.094500e-01 2.745107e+00
5.480160e-01 -3.091090e-01 2.576263e+00
-2.399810e-01 -9.542870e-01 2.589973e+00
6.146320e-01 -2.958950e-01 2.429461e+00
-4.084540e-01 6.891990e-01 2.476182e+00
-5.687930e-01 3.730580e-01 2.618062e+00
-2.199720e-01 4.318660e-01 2.588227e+00
-4.139980e-01 4.487860e-01 2.465119e+00
-3.641950e-01 2.721180e-01 2.699160e+00
-4.884860e-01 -3.408000e-03 2.619443e+00
-1.074350e-01 1.266950e-01 2.586444e+00
-2.989190e-01 9.543200e-02 2.725099e+00
-5.839750e-01 8.645000e-02 2.614389e+00
-7.465800e-02 1.921740e-01 2.650030e+00
-4.996660e-01 -1.973050e-01 2.576058e+00
8.930400e-02 -5.446500e-02 2.687178e+00
-4.650500e-01 -2.511520e-01 2.554234e+00
1.265950e-01 -1.102730e-01 2.695474e+00
-2.622640e-01 -4.808920e-01 2.604812e+00
1.819300e-01 -2.238430e-01 2.585364e+00
-2.561630e-01 -8.856910e-01 2.743682e+00
5.562070e-01 -4.123240e-01 2.498323e+00
-2.482910e-01 -9.380100e-01 2.590830e+00
5.256320e-01 -3.999130e-01 2.339975e+00
-4.346310e-01 6.922140e-01 2.479560e+00
-5.749910e-01 3.754760e-01 2.623776e+00
-2.275210e-01 4.330220e-01 2.579295e+00
-4.262740e-01 4.488550e-01 2.463818e+00
-3.675200e-01 2.750670e-01 2.697938e+00
-4.939120e-01 3.701000e-02 2.627245e+00
-9.859200e-02 1.058650e-01 2.580380e+00
-2.869440e-01 1.015530e-01 2.726576e+00
-5.783220e-01 9.198700e-02 2.607041e+00
-7.392600e-02 2.053510e-01 2.651626e+00
-5.123960e-01 -1.955300e-01 2.592536e+00
8.620900e-02 -3.618700e-02 2.708536e+00
-4.834660e-01 -2.442430e-01 2.555601e+00
1.193900e-01 -9.496200e-02 2.704219e+00
-2.563430e-01 -4.588710e-01 2.597165e+00
1.622400e-01 -2.440640e-01 2.565500e+00
-2.473920e-01 -8.657690e-01 2.729596e+00
4.683390e-01 -5.408650e-01 2.528121e+00
-2.335950e-01 -9.153710e-01 2.576259e+00
4.582770e-01 -5.309490e-01 2.366989e+00
-4.392060e-01 6.886180e-01 2.471148e+00
-5.667470e-01 3.706070e-01 2.627108e+00
-2.196700e-01 4.245360e-01 2.575591e+00
-4.205380e-01 4.423820e-01 2.464139e+00
-3.588720e-01 2.680830e-01 2.697128e+00
-4.807150e-01 2.951900e-02 2.631340e+00
-8.756300e-02 1.033590e-01 2.574812e+00
-2.711790e-01 9.195800e-02 2.726548e+00
-5.656340e-01 8.753400e-02 2.597081e+00
-6.434600e-02 2.014100e-01 2.659983e+00
-5.042680e-01 -2.018230e-01 2.585459e+00
9.115200e-02 -4.822700e-02 2.693600e+00
-4.750270e-01 -2.573300e-01 2.560201e+00
1.143170e-01 -1.090180e-01 2.712092e+00
-2.595970e-01 -4.697440e-01 2.597092e+00
1.267240e-01 -3.078930e-01 2.540755e+00
-2.520140e-01 -8.839250e-01 2.704708e+00
3.709450e-01 -6.573590e-01 2.578363e+00
-2.529520e-01 -9.246170e-01 2.548163e+00
3.858530e-01 -6.642580e-01 2.417449e+00
-4.310010e-01 6.814660e-01 2.466288e+00
-5.454310e-01 3.627360e-01 2.620478e+00
-2.004630e-01 4.337520e-01 2.575992e+00
-3.995860e-01 4.412490e-01 2.460313e+00
-3.342270e-01 2.708990e-01 2.695208e+00
-4.602310e-01 -1.183400e-02 2.618982e+00
-8.082400e-02 1.175130e-01 2.568624e+00
-2.597520e-01 6.994700e-02 2.718926e+00
-5.485540e-01 7.786700e-02 2.597187e+00
-5.104800e-02 2.033070e-01 2.655195e+00
-4.807330e-01 -2.111570e-01 2.582404e+00
8.893300e-02 -5.889700e-02 2.652515e+00
-4.546410e-01 -2.724700e-01 2.570833e+00
1.051700e-01 -1.239340e-01 2.661494e+00
-2.638340e-01 -4.988450e-01 2.601816e+00
4.626500e-02 -3.960560e-01 2.561693e+00
-2.571620e-01 -9.189290e-01 2.683481e+00
2.119700e-01 -7.860090e-01 2.622212e+00
-2.706820e-01 -9.498940e-01 2.525300e+00
2.111480e-01 -8.111560e-01 2.462430e+00
-4.198930e-01 6.775190e-01 2.456376e+00
-5.241100e-01 3.636990e-01 2.612185e+00
-1.779910e-01 4.339280e-01 2.576201e+00
-3.742270e-01 4.420920e-01 2.455732e+00
-3.150070e-01 2.712280e-01 2.691878e+00
-4.433110e-01 -9.910000e-03 2.608352e+00
-5.519500e-02 9.464500e-02 2.567724e+00
-2.404490e-01 5.841900e-02 2.713455e+00
-5.307040e-01 7.646800e-02 2.599634e+00
-3.269000e-02 1.948570e-01 2.642800e+00
-4.647200e-01 -2.138150e-01 2.571064e+00
8.933000e-02 -7.815700e-02 2.639829e+00
-4.374220e-01 -2.729320e-01 2.552789e+00
1.048520e-01 -1.438770e-01 2.636084e+00
-2.677270e-01 -5.083040e-01 2.604810e+00
-3.181000e-03 -4.442960e-01 2.589360e+00
-2.611280e-01 -9.266450e-01 2.694985e+00
7.445300e-02 -8.627470e-01 2.634696e+00
-2.726360e-01 -9.608150e-01 2.537305e+00
6.894900e-02 -8.811690e-01 2.474093e+00
-4.004900e-01 6.816860e-01 2.459925e+00
-4.996600e-01 3.677600e-01 2.603975e+00
-1.525880e-01 4.336140e-01 2.568914e+00
-3.479060e-01 4.412040e-01 2.446925e+00
-2.920840e-01 2.748740e-01 2.687103e+00
-4.394050e-01 -2.196500e-02 2.607167e+00
-5.464300e-02 9.423800e-02 2.566285e+00
-2.378370e-01 4.992800e-02 2.712384e+00
-5.177580e-01 8.174500e-02 2.592166e+00
-1.723500e-02 1.896350e-01 2.635437e+00
-4.606860e-01 -2.106750e-01 2.577967e+00
8.877700e-02 -8.889400e-02 2.623148e+00
-4.297850e-01 -2.629620e-01 2.548214e+00
8.708200e-02 -1.545040e-01 2.606823e+00
-2.725150e-01 -5.169530e-01 2.605998e+00
-5.470800e-02 -4.625290e-01 2.606247e+00
-2.657250e-01 -9.360920e-01 2.692370e+00
-1.979200e-02 -8.861360e-01 2.656472e+00
-2.793770e-01 -9.688340e-01 2.534558e+00
-4.379500e-02 -9.069190e-01 2.497869e+00
-3.669090e-01 6.889680e-01 2.458218e+00
-4.622300e-01 3.761210e-01 2.596656e+00
-1.130840e-01 4.278510e-01 2.558629e+00
-3.083810e-01 4.383430e-01 2.436822e+00
-2.579470e-01 2.786230e-01 2.682612e+00
-4.250780e-01 3.666000e-03 2.595068e+00
-2.661500e-02 5.612400e-02 2.553944e+00
-2.142850e-01 4.066200e-02 2.700263e+00
-4.907870e-01 9.218800e-02 2.584931e+00
7.993000e-03 1.776480e-01 2.624276e+00
-4.351160e-01 -1.992120e-01 2.570900e+00
7.717700e-02 -1.083190e-01 2.583701e+00
-4.125630e-01 -2.628870e-01 2.567606e+00
8.013900e-02 -1.749050e-01 2.572227e+00
-2.880450e-01 -5.147230e-01 2.607553e+00
-9.465100e-02 -4.894090e-01 2.628898e+00
-2.793780e-01 -9.315030e-01 2.704525e+00
-1.062090e-01 -9.111790e-01 2.700736e+00
-2.947250e-01 -9.682960e-01 2.547764e+00
-1.253910e-01 -9.376350e-01 2.542321e+00
-3.186790e-01 6.906280e-01 2.446741e+00
-4.343860e-01 3.760480e-01 2.613433e+00
-8.661600e-02 4.246250e-01 2.561265e+00
-2.873520e-01 4.450950e-01 2.450027e+00
-2.279640e-01 2.706690e-01 2.683513e+00
-4.169880e-01 9.099000e-03 2.590886e+00
-1.854300e-02 4.414100e-02 2.534059e+00
-2.005890e-01 3.455000e-02 2.687798e+00
-4.719180e-01 9.429000e-02 2.586491e+00
2.322500e-02 1.647490e-01 2.605097e+00
-4.293550e-01 -1.986600e-01 2.563539e+00
7.616500e-02 -1.257080e-01 2.573630e+00
-4.147410e-01 -2.645920e-01 2.559879e+00
7.246400e-02 -1.912940e-01 2.557542e+00
-2.917840e-01 -5.137520e-01 2.621935e+00
-9.809200e-02 -4.940190e-01 2.634985e+00
-2.914190e-01 -9.323090e-01 2.711345e+00
-1.007880e-01 -9.163410e-01 2.704419e+00
-3.129690e-01 -9.658160e-01 2.554578e+00
-1.225550e-01 -9.422090e-01 2.546241e+00
-2.632930e-01 6.870030e-01 2.451679e+00
-4.084950e-01 3.859720e-01 2.598964e+00
-5.760900e-02 4.205210e-01 2.557614e+00
-2.535170e-01 4.439120e-01 2.438614e+00
-2.085420e-01 2.760920e-01 2.680027e+00
-4.055580e-01 1.898200e-02 2.579566e+00
-5.401000e-03 3.663600e-02 2.526853e+00
-1.892590e-01 3.488900e-02 2.678714e+00
-4.573490e-01 1.042880e-01 2.588131e+00
4.047100e-02 1.541400e-01 2.593268e+00
-4.240580e-01 -1.901930e-01 2.561974e+00
6.936400e-02 -1.402960e-01 2.561897e+00
-4.005620e-01 -2.524850e-01 2.550070e+00
5.520500e-02 -2.052150e-01 2.549285e+00
-2.902790e-01 -5.086240e-01 2.619277e+00
-9.038700e-02 -4.964840e-01 2.627721e+00
-2.806190e-01 -9.243870e-01 2.720430e+00
-9.176700e-02 -9.171690e-01 2.706501e+00
-3.019610e-01 -9.627590e-01 2.564753e+00
-1.104320e-01 -9.466840e-01 2.548566e+00
-2.269790e-01 6.925960e-01 2.445462e+00
-3.741450e-01 3.980040e-01 2.580303e+00
-1.996100e-02 4.084820e-01 2.558644e+00
-2.068460e-01 4.421070e-01 2.428139e+00
-1.868810e-01 2.770030e-01 2.674734e+00
-3.901140e-01 1.885500e-02 2.562012e+00
1.220800e-02 3.095800e-02 2.527279e+00
-1.782870e-01 3.219100e-02 2.670732e+00
-4.421970e-01 1.174800e-01 2.586768e+00
5.675600e-02 1.318780e-01 2.589811e+00
-4.174200e-01 -1.804670e-01 2.559085e+00
5.931900e-02 -1.662840e-01 2.554530e+00
-3.856930e-01 -2.367960e-01 2.539223e+00
3.076600e-02 -2.246160e-01 2.535658e+00
-2.805660e-01 -5.090830e-01 2.617984e+00
-7.696300e-02 -5.007040e-01 2.622970e+00
-2.769510e-01 -9.244380e-01 2.721190e+00
-8.647800e-02 -9.205980e-01 2.705328e+00
-2.913790e-01 -9.634060e-01 2.564868e+00
-9.793400e-02 -9.514020e-01 2.546952e+00
-1.790810e-01 7.006350e-01 2.450947e+00
-3.570190e-01 4.012170e-01 2.572469e+00
-2.123000e-03 4.022280e-01 2.563963e+00
-1.830670e-01 4.428100e-01 2.427215e+00
-1.767220e-01 2.737940e-01 2.671878e+00
-3.811340e-01 2.568200e-02 2.554533e+00
2.185700e-02 2.268000e-02 2.526156e+00
-1.707040e-01 2.952600e-02 2.666662e+00
-4.284030e-01 1.215890e-01 2.583047e+00
6.800300e-02 1.227530e-01 2.583336e+00
-4.163350e-01 -1.773080e-01 2.556545e+00
5.775800e-02 -1.759050e-01 2.553565e+00
-3.865890e-01 -2.312090e-01 2.528546e+00
2.930400e-02 -2.324970e-01 2.529863e+00
-2.774500e-01 -5.065870e-01 2.613551e+00
-7.013000e-02 -5.029460e-01 2.627069e+00
-2.721000e-01 -9.219280e-01 2.716739e+00
-8.544100e-02 -9.222830e-01 2.711370e+00
-2.850030e-01 -9.609600e-01 2.560300e+00
-9.511400e-02 -9.537650e-01 2.553008e+00
-1.578090e-01 6.972930e-01 2.447972e+00
-3.405590e-01 4.036990e-01 2.571584e+00
1.437000e-02 3.997170e-01 2.565697e+00
-1.649420e-01 4.446730e-01 2.428169e+00
-1.628530e-01 2.724130e-01 2.670633e+00
-3.745070e-01 2.602100e-02 2.543820e+00
2.903300e-02 1.949700e-02 2.525696e+00
-1.669560e-01 2.906900e-02 2.661215e+00
-4.211080e-01 1.269620e-01 2.584644e+00
7.471100e-02 1.178710e-01 2.578484e+00
-4.110320e-01 -1.704110e-01 2.546110e+00
5.990700e-02 -1.805640e-01 2.551378e+00
-3.924540e-01 -2.352760e-01 2.550739e+00
3.390800e-02 -2.369730e-01 2.524618e+00
-2.701800e-01 -5.067460e-01 2.610542e+00
-6.290000e-02 -5.029130e-01 2.633787e+00
-2.726920e-01 -9.221370e-01 2.713634e+00
-8.556200e-02 -9.216000e-01 2.719646e+00
-2.812030e-01 -9.609960e-01 2.556851e+00
-9.093300e-02 -9.537970e-01 2.561224e+00
-1.293550e-01 6.955600e-01 2.447315e+00
-3.279600e-01 4.042280e-01 2.570249e+00
2.697600e-02 4.005510e-01 2.564601e+00
-1.522570e-01 4.469930e-01 2.427464e+00
-1.502450e-01 2.719110e-01 2.667899e+00
-3.615000e-01 3.040100e-02 2.544691e+00
4.134700e-02 1.661900e-02 2.517480e+00
-1.514080e-01 2.737900e-02 2.657475e+00
-4.081230e-01 1.267060e-01 2.578085e+00
8.983200e-02 1.187820e-01 2.577302e+00
-4.032680e-01 -1.713730e-01 2.540296e+00
7.364100e-02 -1.803770e-01 2.553970e+00
-3.744540e-01 -2.324910e-01 2.543196e+00
5.077300e-02 -2.400960e-01 2.531955e+00
-2.656420e-01 -5.048350e-01 2.603613e+00
-5.603100e-02 -5.029010e-01 2.631177e+00
-2.719480e-01 -9.194630e-01 2.709575e+00
-7.836100e-02 -9.202730e-01 2.723297e+00
-2.848780e-01 -9.592000e-01 2.553316e+00
-8.831800e-02 -9.545600e-01 2.565536e+00
-1.156970e-01 6.967370e-01 2.447184e+00
-3.195920e-01 4.061630e-01 2.574133e+00
3.510600e-02 3.947840e-01 2.564949e+00
-1.443180e-01 4.479740e-01 2.430541e+00
-1.439610e-01 2.679820e-01 2.667331e+00
-3.566820e-01 3.365500e-02 2.548042e+00
4.499700e-02 1.262500e-02 2.510262e+00
-1.437840e-01 2.691200e-02 2.655267e+00
-4.042540e-01 1.294020e-01 2.574653e+00
9.576900e-02 1.121540e-01 2.579251e+00
-3.949860e-01 -1.688650e-01 2.535496e+00
7.939100e-02 -1.867740e-01 2.548318e+00
-3.630070e-01 -2.257270e-01 2.517658e+00
5.269000e-02 -2.486680e-01 2.542822e+00
-2.634290e-01 -5.034740e-01 2.605227e+00
-5.050300e-02 -5.029880e-01 2.633237e+00
-2.734770e-01 -9.192940e-01 2.706107e+00
-8.335500e-02 -9.217400e-01 2.715408e+00
-2.906780e-01 -9.568200e-01 2.549713e+00
-9.719500e-02 -9.517250e-01 2.557065e+00
-1.104160e-01 6.968700e-01 2.454031e+00
