-3.615200e-01 3.182540e-01 2.746589e+00
-1.961020e-01 3.277695e-01 2.736479e+00
-3.068400e-02 3.372850e-01 2.726369e+00
-1.178375e-01 3.573845e-01 2.682098e+00
-2.049910e-01 3.774840e-01 2.637827e+00
-1.942080e-01 2.827765e-01 2.725123e+00
-1.834250e-01 1.880690e-01 2.812419e+00
-2.843730e-01 7.488250e-02 2.755198e+00
-3.853210e-01 -3.830400e-02 2.697978e+00
-1.949475e-01 -3.481150e-02 2.682918e+00
-4.574000e-03 -3.131900e-02 2.667858e+00
-9.551850e-02 -2.672800e-02 2.730487e+00
-1.864630e-01 -2.213700e-02 2.793116e+00
-3.046680e-01 6.189000e-03 2.770069e+00
-4.228730e-01 3.451500e-02 2.747022e+00
-1.934365e-01 4.501200e-02 2.726352e+00
3.600000e-02 5.550900e-02 2.705683e+00
-1.881840e-01 -1.032400e-01 2.705027e+00
-4.123680e-01 -2.619890e-01 2.704371e+00
-1.923085e-01 -2.506765e-01 2.678450e+00
2.775100e-02 -2.393640e-01 2.652528e+00
-1.862770e-01 -2.814320e-01 2.679031e+00
-4.003050e-01 -3.235000e-01 2.705534e+00
-1.855525e-01 -3.127485e-01 2.680200e+00
2.920000e-02 -3.019970e-01 2.654867e+00
-1.310065e-01 -4.400310e-01 2.713871e+00
-2.912130e-01 -5.780650e-01 2.772874e+00
-1.858020e-01 -5.774735e-01 2.758296e+00
-8.039100e-02 -5.768820e-01 2.743717e+00
-1.908990e-01 -7.968660e-01 2.784409e+00
-3.014070e-01 -1.016850e+00 2.825101e+00
-1.919745e-01 -1.014864e+00 2.820697e+00
-8.254200e-02 -1.012878e+00 2.816293e+00
-1.975435e-01 -1.023539e+00 2.746724e+00
-3.125450e-01 -1.034200e+00 2.677155e+00
-2.023610e-01 -1.035754e+00 2.673200e+00
-9.217700e-02 -1.037308e+00 2.669245e+00
-1.486960e-01 -1.978320e-01 2.654014e+00
-2.052150e-01 6.416440e-01 2.638782e+00
-2.852925e-01 4.808615e-01 2.690860e+00
-3.653700e-01 3.200790e-01 2.742939e+00
-1.998200e-01 3.303300e-01 2.736298e+00
-3.427000e-02 3.405810e-01 2.729657e+00
-1.205435e-01 3.597855e-01 2.683314e+00
-2.068170e-01 3.789900e-01 2.636971e+00
-1.974625e-01 2.852340e-01 2.725450e+00
-1.881080e-01 1.914780e-01 2.813930e+00
-2.872010e-01 7.880250e-02 2.753869e+00
-3.862940e-01 -3.387300e-02 2.693807e+00
-1.955420e-01 -3.425850e-02 2.684089e+00
-4.790000e-03 -3.464400e-02 2.674372e+00
-9.733850e-02 -2.910350e-02 2.734525e+00
-1.898870e-01 -2.356300e-02 2.794677e+00
-3.066430e-01 5.906000e-03 2.772648e+00
-4.233990e-01 3.537500e-02 2.750620e+00
-1.930460e-01 4.750600e-02 2.729762e+00
3.730700e-02 5.963700e-02 2.708904e+00
-1.890970e-01 -1.005315e-01 2.705545e+00
-4.155010e-01 -2.607000e-01 2.702186e+00
-1.959990e-01 -2.475450e-01 2.676279e+00
2.350300e-02 -2.343900e-01 2.650372e+00
-1.860690e-01 -2.767030e-01 2.682097e+00
-3.956410e-01 -3.190160e-01 2.713822e+00
-1.869315e-01 -3.077430e-01 2.686386e+00
2.177800e-02 -2.964700e-01 2.658950e+00
-1.355910e-01 -4.361475e-01 2.715962e+00
-2.929600e-01 -5.758250e-01 2.772975e+00
-1.893540e-01 -5.770600e-01 2.759169e+00
-8.574800e-02 -5.782950e-01 2.745363e+00
-1.926650e-01 -7.966100e-01 2.784224e+00
-2.995820e-01 -1.014925e+00 2.823084e+00
-1.887610e-01 -1.015043e+00 2.817585e+00
-7.794000e-02 -1.015160e+00 2.812087e+00
-1.925130e-01 -1.023445e+00 2.743467e+00
-3.070860e-01 -1.031729e+00 2.674847e+00
-1.958680e-01 -1.034768e+00 2.669719e+00
-8.465000e-02 -1.037807e+00 2.664591e+00
-1.503195e-01 -1.971770e-01 2.651990e+00
-2.159890e-01 6.434530e-01 2.639389e+00
-2.915240e-01 4.823260e-01 2.691534e+00
-3.670590e-01 3.211990e-01 2.743680e+00
-2.014390e-01 3.300635e-01 2.736795e+00
-3.581900e-02 3.389280e-01 2.729911e+00
-1.220015e-01 3.589920e-01 2.683763e+00
-2.081840e-01 3.790560e-01 2.637614e+00
-1.994825e-01 2.849795e-01 2.725820e+00
-1.907810e-01 1.909030e-01 2.814026e+00
-2.905935e-01 8.064150e-02 2.753766e+00
-3.904060e-01 -2.962000e-02 2.693505e+00
-1.995440e-01 -3.107100e-02 2.686389e+00
-8.682000e-03 -3.252200e-02 2.679272e+00
-1.020150e-01 -2.770650e-02 2.738264e+00
-1.953480e-01 -2.289100e-02 2.797256e+00
-3.117065e-01 6.836000e-03 2.776434e+00
-4.280650e-01 3.656300e-02 2.755612e+00
-1.987765e-01 4.664350e-02 2.728248e+00
3.051200e-02 5.672400e-02 2.700884e+00
-1.934755e-01 -1.015150e-01 2.702863e+00
-4.174630e-01 -2.597540e-01 2.704841e+00
-1.970645e-01 -2.492695e-01 2.674945e+00
2.333400e-02 -2.387850e-01 2.645050e+00
-1.881220e-01 -2.792680e-01 2.676601e+00
-3.995780e-01 -3.197510e-01 2.708151e+00
-1.925695e-01 -3.101370e-01 2.673448e+00
1.443900e-02 -3.005230e-01 2.638745e+00
-1.397895e-01 -4.368235e-01 2.703748e+00
-2.940180e-01 -5.731240e-01 2.768751e+00
-1.887365e-01 -5.741185e-01 2.757762e+00
-8.345500e-02 -5.751130e-01 2.746773e+00
-1.915580e-01 -7.938940e-01 2.780824e+00
-2.996610e-01 -1.012675e+00 2.814875e+00
-1.898385e-01 -1.012000e+00 2.816428e+00
-8.001600e-02 -1.011325e+00 2.817982e+00
-1.926445e-01 -1.019753e+00 2.742197e+00
-3.052730e-01 -1.028182e+00 2.666413e+00
-1.946500e-01 -1.031797e+00 2.668515e+00
-8.402700e-02 -1.035413e+00 2.670617e+00
-1.529835e-01 -1.956120e-01 2.660586e+00
-2.219400e-01 6.441890e-01 2.650555e+00
-2.995325e-01 4.810100e-01 2.706817e+00
-3.771250e-01 3.178310e-01 2.763080e+00
-2.129885e-01 3.293715e-01 2.741127e+00
-4.885200e-02 3.409120e-01 2.719173e+00
-1.391995e-01 3.602595e-01 2.681455e+00
-2.295470e-01 3.796070e-01 2.643736e+00
-2.114085e-01 2.844775e-01 2.729338e+00
-1.932700e-01 1.893480e-01 2.814941e+00
-2.947765e-01 7.812950e-02 2.765567e+00
-3.962830e-01 -3.308900e-02 2.716193e+00
-2.070770e-01 -3.224900e-02 2.690091e+00
-1.787100e-02 -3.140900e-02 2.663988e+00
-1.049070e-01 -2.799050e-02 2.732013e+00
-1.919430e-01 -2.457200e-02 2.800037e+00
-3.138875e-01 3.588000e-03 2.775997e+00
-4.358320e-01 3.174800e-02 2.751957e+00
-2.047380e-01 4.544400e-02 2.726054e+00
2.635600e-02 5.914000e-02 2.700151e+00
-1.942420e-01 -1.033775e-01 2.703534e+00
-4.148400e-01 -2.658950e-01 2.706918e+00
-2.006780e-01 -2.516835e-01 2.676532e+00
1.348400e-02 -2.374720e-01 2.646145e+00
-2.012600e-01 -2.786330e-01 2.692532e+00
-4.160040e-01 -3.197940e-01 2.738919e+00
-2.058540e-01 -3.096410e-01 2.692520e+00
4.296000e-03 -2.994880e-01 2.646121e+00
-1.471330e-01 -4.384025e-01 2.705694e+00
-2.985620e-01 -5.773170e-01 2.765267e+00
-1.946275e-01 -5.762220e-01 2.755296e+00
-9.069300e-02 -5.751270e-01 2.745325e+00
-1.964260e-01 -7.956125e-01 2.781858e+00
-3.021590e-01 -1.016098e+00 2.818390e+00
-1.903420e-01 -1.013923e+00 2.815689e+00
-7.852500e-02 -1.011747e+00 2.812989e+00
-2.005025e-01 -1.022734e+00 2.742223e+00
-3.224800e-01 -1.033721e+00 2.671456e+00
-2.101540e-01 -1.034339e+00 2.669076e+00
-9.782800e-02 -1.034956e+00 2.666696e+00
-1.605060e-01 -1.974300e-01 2.652618e+00
-2.231840e-01 6.400960e-01 2.638541e+00
-3.049160e-01 4.796730e-01 2.695995e+00
-3.866480e-01 3.192500e-01 2.753450e+00
-2.219005e-01 3.303285e-01 2.736375e+00
-5.715300e-02 3.414070e-01 2.719301e+00
-1.462540e-01 3.589835e-01 2.677928e+00
-2.353550e-01 3.765600e-01 2.636554e+00
-2.198795e-01 2.850010e-01 2.726464e+00
-2.044040e-01 1.934420e-01 2.816374e+00
-3.032555e-01 7.952450e-02 2.763266e+00
-4.021070e-01 -3.439300e-02 2.710158e+00
-2.123745e-01 -3.188550e-02 2.688335e+00
-2.264200e-02 -2.937800e-02 2.666512e+00
-1.112265e-01 -2.635800e-02 2.732526e+00
-1.998110e-01 -2.333800e-02 2.798540e+00
-3.204505e-01 4.287000e-03 2.778627e+00
-4.410900e-01 3.191200e-02 2.758715e+00
-2.112600e-01 4.578550e-02 2.728530e+00
1.857000e-02 5.965900e-02 2.698346e+00
-1.999785e-01 -1.025530e-01 2.702619e+00
-4.185270e-01 -2.647650e-01 2.706893e+00
-2.026295e-01 -2.511360e-01 2.675806e+00
1.326800e-02 -2.375070e-01 2.644718e+00
-1.984090e-01 -2.814160e-01 2.682729e+00
-4.100860e-01 -3.253250e-01 2.720740e+00
-2.037745e-01 -3.120640e-01 2.678921e+00
2.537000e-03 -2.988030e-01 2.637102e+00
-1.490250e-01 -4.381460e-01 2.700408e+00
-3.005870e-01 -5.774890e-01 2.763715e+00
-1.977500e-01 -5.761030e-01 2.752054e+00
-9.491300e-02 -5.747170e-01 2.740393e+00
-1.982715e-01 -7.957475e-01 2.776488e+00
-3.016300e-01 -1.016778e+00 2.812583e+00
-1.887725e-01 -1.013456e+00 2.813280e+00
-7.591500e-02 -1.010134e+00 2.813977e+00
-1.971665e-01 -1.021642e+00 2.739518e+00
-3.184180e-01 -1.033150e+00 2.665060e+00
-2.049515e-01 -1.034350e+00 2.666333e+00
-9.148500e-02 -1.035550e+00 2.667605e+00
-1.636535e-01 -1.963345e-01 2.656719e+00
-2.358220e-01 6.428810e-01 2.645834e+00
-3.160690e-01 4.844200e-01 2.700696e+00
-3.963160e-01 3.259590e-01 2.755557e+00
-2.312585e-01 3.330215e-01 2.739364e+00
-6.620100e-02 3.400840e-01 2.723170e+00
-1.546215e-01 3.607915e-01 2.681785e+00
-2.430420e-01 3.814990e-01 2.640399e+00
-2.303835e-01 2.878550e-01 2.728587e+00
-2.177250e-01 1.942110e-01 2.816774e+00
-3.149940e-01 8.100800e-02 2.769613e+00
-4.122630e-01 -3.219500e-02 2.722452e+00
-2.235485e-01 -3.039650e-02 2.693048e+00
-3.483400e-02 -2.859800e-02 2.663644e+00
-1.206755e-01 -2.608800e-02 2.733208e+00
-2.065170e-01 -2.357800e-02 2.802773e+00
-3.276845e-01 7.868000e-03 2.786537e+00
-4.488520e-01 3.931400e-02 2.770301e+00
-2.217740e-01 4.888700e-02 2.733336e+00
5.304000e-03 5.846000e-02 2.696371e+00
-2.117650e-01 -9.787750e-02 2.700884e+00
-4.288340e-01 -2.542150e-01 2.705397e+00
-2.104760e-01 -2.467190e-01 2.677694e+00
7.882000e-03 -2.392230e-01 2.649992e+00
-2.066410e-01 -2.777175e-01 2.680345e+00
-4.211640e-01 -3.162120e-01 2.710699e+00
-2.124050e-01 -3.072180e-01 2.671452e+00
-3.646000e-03 -2.982240e-01 2.632205e+00
-1.530050e-01 -4.377280e-01 2.696141e+00
-3.023640e-01 -5.772320e-01 2.760078e+00
-2.007560e-01 -5.753135e-01 2.748048e+00
-9.914800e-02 -5.733950e-01 2.736018e+00
-2.011515e-01 -7.945180e-01 2.776158e+00
-3.031550e-01 -1.015641e+00 2.816298e+00
-1.921790e-01 -1.012055e+00 2.814081e+00
-8.120300e-02 -1.008469e+00 2.811864e+00
-2.035705e-01 -1.021424e+00 2.740864e+00
-3.259380e-01 -1.034378e+00 2.669864e+00
-2.139460e-01 -1.034541e+00 2.668073e+00
-1.019540e-01 -1.034704e+00 2.666282e+00
-1.757560e-01 -1.958300e-01 2.655541e+00
-2.495580e-01 6.430440e-01 2.644800e+00
-3.348410e-01 4.884760e-01 2.704127e+00
-4.201240e-01 3.339080e-01 2.763454e+00
-2.557640e-01 3.413615e-01 2.741402e+00
-9.140400e-02 3.488150e-01 2.719351e+00
-1.812945e-01 3.690380e-01 2.681005e+00
-2.711850e-01 3.892610e-01 2.642658e+00
-2.551300e-01 2.961390e-01 2.730845e+00
-2.390750e-01 2.030170e-01 2.819032e+00
-3.338850e-01 8.546900e-02 2.770166e+00
-4.286950e-01 -3.207900e-02 2.721300e+00
-2.393880e-01 -2.913000e-02 2.696095e+00
-5.008100e-02 -2.618100e-02 2.670890e+00
-1.374600e-01 -2.421700e-02 2.738531e+00
-2.248390e-01 -2.225300e-02 2.806173e+00
-3.433365e-01 1.168750e-02 2.786474e+00
-4.618340e-01 4.562800e-02 2.766775e+00
-2.377795e-01 5.714300e-02 2.733926e+00
-1.372500e-02 6.865800e-02 2.701077e+00
-2.291205e-01 -9.027850e-02 2.705491e+00
-4.445160e-01 -2.492150e-01 2.709906e+00
-2.266400e-01 -2.385680e-01 2.680576e+00
-8.764000e-03 -2.279210e-01 2.651247e+00
-2.254125e-01 -2.698895e-01 2.680282e+00
-4.420610e-01 -3.118580e-01 2.709317e+00
-2.309820e-01 -3.006520e-01 2.677987e+00
-1.990300e-02 -2.894460e-01 2.646658e+00
-1.649250e-01 -4.334805e-01 2.698454e+00
-3.099470e-01 -5.775150e-01 2.750250e+00
-2.073040e-01 -5.746255e-01 2.738990e+00
-1.046610e-01 -5.717360e-01 2.727731e+00
-2.043215e-01 -7.932675e-01 2.771047e+00
-3.039820e-01 -1.014799e+00 2.814363e+00
-1.927570e-01 -1.010876e+00 2.807844e+00
-8.153200e-02 -1.006952e+00 2.801324e+00
-2.024380e-01 -1.021749e+00 2.734589e+00
-3.233440e-01 -1.036545e+00 2.667854e+00
-2.106170e-01 -1.034549e+00 2.661462e+00
-9.789000e-02 -1.032552e+00 2.655071e+00
-1.848655e-01 -1.916020e-01 2.647258e+00
-2.718410e-01 6.493480e-01 2.639445e+00
-3.530610e-01 4.903630e-01 2.695259e+00
-4.342810e-01 3.313780e-01 2.751073e+00
-2.691785e-01 3.381415e-01 2.735217e+00
-1.040760e-01 3.449050e-01 2.719361e+00
-1.923815e-01 3.633875e-01 2.676697e+00
-2.806870e-01 3.818700e-01 2.634033e+00
-2.681385e-01 2.925205e-01 2.726584e+00
-2.555900e-01 2.031710e-01 2.819134e+00
-3.491820e-01 8.650450e-02 2.774513e+00
-4.427740e-01 -3.016200e-02 2.729892e+00
-2.534395e-01 -2.861300e-02 2.704773e+00
-6.410500e-02 -2.706400e-02 2.679654e+00
-1.514790e-01 -2.572350e-02 2.747317e+00
-2.388530e-01 -2.438300e-02 2.814980e+00
-3.607525e-01 1.015650e-02 2.785758e+00
-4.826520e-01 4.469600e-02 2.756536e+00
-2.555265e-01 5.460000e-02 2.730809e+00
-2.840100e-02 6.450400e-02 2.705082e+00
-2.423900e-01 -9.353200e-02 2.710292e+00
-4.563790e-01 -2.515680e-01 2.715503e+00
-2.405220e-01 -2.407545e-01 2.680990e+00
-2.466500e-02 -2.299410e-01 2.646477e+00
-2.375010e-01 -2.719435e-01 2.680128e+00
-4.503370e-01 -3.139460e-01 2.713779e+00
-2.489860e-01 -3.008855e-01 2.676511e+00
-4.763500e-02 -2.878250e-01 2.639242e+00
-1.800330e-01 -4.325270e-01 2.691402e+00
-3.124310e-01 -5.772290e-01 2.743561e+00
-2.069545e-01 -5.736950e-01 2.730660e+00
-1.014780e-01 -5.701610e-01 2.717760e+00
-2.036785e-01 -7.924365e-01 2.762005e+00
-3.058790e-01 -1.014712e+00 2.806250e+00
-1.933740e-01 -1.010516e+00 2.796299e+00
-8.086900e-02 -1.006320e+00 2.786348e+00
-2.016825e-01 -1.021167e+00 2.722843e+00
-3.224960e-01 -1.036013e+00 2.659338e+00
-2.084500e-01 -1.033033e+00 2.649415e+00
-9.440400e-02 -1.030054e+00 2.639493e+00
-1.946990e-01 -1.921035e-01 2.640275e+00
-2.949940e-01 6.458470e-01 2.641058e+00
-3.777380e-01 4.861835e-01 2.692699e+00
-4.604820e-01 3.265200e-01 2.744339e+00
-1.300650e-01 3.474960e-01 2.719677e+00
-3.055800e-01 3.797600e-01 2.630279e+00
-2.804060e-01 2.029700e-01 2.817194e+00
-4.596870e-01 -3.743200e-02 2.738006e+00
-8.120100e-02 -2.088900e-02 2.689028e+00
-2.563540e-01 -2.503700e-02 2.823792e+00
-5.051460e-01 3.955600e-02 2.746238e+00
-4.789100e-02 6.896600e-02 2.715847e+00
-4.758370e-01 -2.575320e-01 2.717907e+00
-3.988300e-02 -2.202360e-01 2.636970e+00
-4.678970e-01 -3.193900e-01 2.724313e+00
-5.101000e-02 -2.819190e-01 2.635596e+00
-3.124120e-01 -5.801700e-01 2.740430e+00
-9.173800e-02 -5.636630e-01 2.702255e+00
-3.047820e-01 -1.017341e+00 2.805134e+00
-7.193600e-02 -9.984030e-01 2.779540e+00
-3.188470e-01 -1.039355e+00 2.658061e+00
-7.750800e-02 -1.024775e+00 2.632617e+00
-3.132310e-01 6.385530e-01 2.621171e+00
-5.014140e-01 3.079920e-01 2.719455e+00
-1.725100e-01 3.526890e-01 2.726407e+00
-3.397400e-01 3.670410e-01 2.618393e+00
-3.215380e-01 2.022490e-01 2.816731e+00
-4.780010e-01 -4.584400e-02 2.731490e+00
-9.828000e-02 -5.289000e-03 2.721926e+00
-2.860940e-01 -1.854800e-02 2.837715e+00
-5.245020e-01 1.710300e-02 2.727439e+00
-6.953600e-02 7.965400e-02 2.734248e+00
-4.810590e-01 -2.810710e-01 2.720211e+00
-5.139300e-02 -2.029960e-01 2.631161e+00
-4.680750e-01 -3.417320e-01 2.729277e+00
-4.057900e-02 -2.646680e-01 2.634342e+00
-3.073970e-01 -5.794210e-01 2.743801e+00
-3.758500e-02 -5.311660e-01 2.681160e+00
-3.045170e-01 -1.017423e+00 2.803045e+00
-2.148000e-02 -9.680250e-01 2.746416e+00
-3.039750e-01 -1.037442e+00 2.655019e+00
1.025700e-02 -9.884440e-01 2.601887e+00
-3.654250e-01 6.253850e-01 2.585243e+00
-5.163340e-01 3.053770e-01 2.704000e+00
-1.906910e-01 3.632190e-01 2.732891e+00
-3.504110e-01 3.693310e-01 2.613346e+00
-3.397250e-01 2.083030e-01 2.815290e+00
-4.650800e-01 -4.375100e-02 2.721114e+00
-8.680100e-02 -2.876000e-03 2.755149e+00
-2.869890e-01 -1.282100e-02 2.848331e+00
-5.233330e-01 1.396700e-02 2.714689e+00
-7.785400e-02 9.488200e-02 2.751487e+00
-4.936190e-01 -2.857250e-01 2.711519e+00
-6.992000e-02 -1.746930e-01 2.617417e+00
-4.828750e-01 -3.471050e-01 2.704624e+00
-4.255100e-02 -2.287270e-01 2.633599e+00
-3.049530e-01 -5.777830e-01 2.747530e+00
3.406600e-02 -4.864020e-01 2.649509e+00
-3.033490e-01 -1.015914e+00 2.805866e+00
2.118900e-02 -9.170820e-01 2.748064e+00
-2.870240e-01 -1.035452e+00 2.658677e+00
1.066320e-01 -9.468350e-01 2.629206e+00
-3.682750e-01 6.313530e-01 2.583528e+00
-5.273500e-01 2.994450e-01 2.692860e+00
-2.041230e-01 3.680960e-01 2.725036e+00
-3.617470e-01 3.648150e-01 2.602633e+00
-3.500300e-01 2.120600e-01 2.810849e+00
-4.641100e-01 -5.867800e-02 2.712872e+00
-9.295800e-02 1.595400e-02 2.763860e+00
-2.969390e-01 -3.826000e-03 2.846670e+00
-5.359840e-01 7.748000e-03 2.706431e+00
-8.164600e-02 1.058770e-01 2.764865e+00
-5.108250e-01 -2.928130e-01 2.702111e+00
-6.758000e-02 -1.579270e-01 2.619270e+00
-4.814490e-01 -3.423150e-01 2.677271e+00
-1.099070e-01 -1.956370e-01 2.592495e+00
-2.979770e-01 -5.800810e-01 2.756618e+00
9.721200e-02 -4.136910e-01 2.619290e+00
-3.014560e-01 -1.018615e+00 2.811746e+00
6.745700e-02 -8.282130e-01 2.769788e+00
-2.780660e-01 -1.037199e+00 2.665389e+00
1.764690e-01 -8.698880e-01 2.676555e+00
-3.775780e-01 6.337890e-01 2.579132e+00
-5.458310e-01 3.125780e-01 2.677978e+00
-2.233610e-01 3.762910e-01 2.724643e+00
-3.753390e-01 3.752560e-01 2.595259e+00
-3.753820e-01 2.226490e-01 2.803913e+00
-4.734390e-01 -7.343500e-02 2.726149e+00
-1.204790e-01 6.612100e-02 2.769361e+00
-3.184980e-01 1.767700e-02 2.854793e+00
-5.488130e-01 2.366100e-02 2.685711e+00
-8.996200e-02 1.218210e-01 2.756134e+00
-5.196030e-01 -2.733400e-01 2.684008e+00
-1.332560e-01 -1.240650e-01 2.592636e+00
-5.017190e-01 -3.327870e-01 2.692770e+00
-1.207490e-01 -1.655160e-01 2.547295e+00
-2.621510e-01 -5.650200e-01 2.754937e+00
1.716420e-01 -2.427560e-01 2.597537e+00
-3.016000e-01 -1.001178e+00 2.814715e+00
1.068100e-01 -6.320020e-01 2.796655e+00
-2.716830e-01 -1.023703e+00 2.670111e+00
2.301220e-01 -6.857600e-01 2.731716e+00
-4.027830e-01 6.403610e-01 2.585798e+00
-5.555030e-01 3.099490e-01 2.672601e+00
-2.348820e-01 3.795320e-01 2.723440e+00
-3.850640e-01 3.755090e-01 2.592033e+00
-3.851780e-01 2.233470e-01 2.801012e+00
-4.672020e-01 -8.844300e-02 2.725350e+00
-1.223310e-01 6.973000e-02 2.769728e+00
-3.220530e-01 2.111100e-02 2.850996e+00
-5.533830e-01 2.193200e-02 2.674430e+00
-9.604900e-02 1.293360e-01 2.756431e+00
-5.245030e-01 -2.740360e-01 2.670600e+00
-1.555600e-01 -1.160080e-01 2.599234e+00
-5.007900e-01 -3.310980e-01 2.681190e+00
-1.601060e-01 -1.483300e-01 2.545707e+00
-2.435810e-01 -5.668570e-01 2.749222e+00
2.015100e-01 -1.472420e-01 2.601242e+00
-3.026680e-01 -9.941620e-01 2.845569e+00
1.204340e-01 -5.212540e-01 2.822388e+00
-2.635930e-01 -1.030995e+00 2.706180e+00
2.493340e-01 -5.783740e-01 2.773041e+00
-4.152250e-01 6.380350e-01 2.572931e+00
-5.666740e-01 3.099630e-01 2.673614e+00
-2.447960e-01 3.798660e-01 2.715234e+00
-3.984670e-01 3.748360e-01 2.587960e+00
-3.929520e-01 2.243430e-01 2.798072e+00
-4.799640e-01 -8.764100e-02 2.732483e+00
-1.342860e-01 7.110400e-02 2.767562e+00
-3.322830e-01 2.362900e-02 2.853588e+00
-5.594370e-01 2.213000e-02 2.670619e+00
-9.715700e-02 1.375510e-01 2.764175e+00
-5.243370e-01 -2.730630e-01 2.666224e+00
-1.661440e-01 -1.057160e-01 2.607801e+00
-5.050880e-01 -3.300770e-01 2.683815e+00
-1.715650e-01 -1.605510e-01 2.577898e+00
-2.375830e-01 -5.606750e-01 2.742451e+00
2.094410e-01 -9.760600e-02 2.631276e+00
-3.105680e-01 -9.817860e-01 2.855158e+00
2.272450e-01 -4.884720e-01 2.836873e+00
-2.642020e-01 -1.025942e+00 2.720201e+00
3.664020e-01 -5.086490e-01 2.786463e+00
-4.178190e-01 6.423240e-01 2.575139e+00
-5.724310e-01 3.104340e-01 2.662840e+00
-2.522820e-01 3.749240e-01 2.722586e+00
-3.991190e-01 3.745360e-01 2.587392e+00
-4.066250e-01 2.199650e-01 2.794459e+00
-5.065120e-01 -6.739100e-02 2.716259e+00
-1.545940e-01 6.890500e-02 2.775431e+00
-3.612390e-01 3.618500e-02 2.846738e+00
-5.666970e-01 2.047900e-02 2.665200e+00
-1.140060e-01 1.217020e-01 2.752087e+00
-5.195690e-01 -2.752390e-01 2.666944e+00
-2.118020e-01 -1.244140e-01 2.612314e+00
-5.007880e-01 -3.330830e-01 2.682169e+00
-1.763090e-01 -1.644650e-01 2.579654e+00
-2.261900e-01 -5.360270e-01 2.743497e+00
1.976030e-01 -1.391080e-01 2.722489e+00
-3.272130e-01 -9.527580e-01 2.850706e+00
5.160760e-01 -4.356880e-01 2.799819e+00
-2.489530e-01 -1.001920e+00 2.733356e+00
6.022340e-01 -3.699770e-01 2.697000e+00
-4.167570e-01 6.403540e-01 2.565930e+00
-5.724340e-01 3.062090e-01 2.657358e+00
-2.549050e-01 3.763170e-01 2.724322e+00
-3.988430e-01 3.741930e-01 2.586062e+00
-4.077130e-01 2.178850e-01 2.791767e+00
-5.073430e-01 -6.930900e-02 2.706100e+00
-1.602540e-01 7.569000e-02 2.772650e+00
-3.667950e-01 3.576100e-02 2.840501e+00
-5.693260e-01 1.444900e-02 2.671079e+00
-1.202890e-01 1.178800e-01 2.744580e+00
-5.176630e-01 -2.826300e-01 2.677253e+00
-2.113480e-01 -1.293250e-01 2.597743e+00
-4.855680e-01 -3.361760e-01 2.671491e+00
-1.837690e-01 -1.781720e-01 2.569746e+00
-2.349290e-01 -5.389200e-01 2.744879e+00
1.885740e-01 -1.892550e-01 2.761923e+00
-3.165280e-01 -9.668590e-01 2.819541e+00
5.996340e-01 -3.510570e-01 2.747295e+00
-2.462470e-01 -1.002404e+00 2.692616e+00
6.142920e-01 -3.011590e-01 2.607265e+00
-4.198500e-01 6.420030e-01 2.569585e+00
-5.763730e-01 3.094660e-01 2.665885e+00
-2.531720e-01 3.642080e-01 2.718502e+00
-4.031430e-01 3.693860e-01 2.586894e+00
-4.101370e-01 2.129690e-01 2.792589e+00
-5.254260e-01 -6.660900e-02 2.717306e+00
-1.691530e-01 6.120800e-02 2.768845e+00
-3.742280e-01 3.104700e-02 2.845601e+00
-5.750420e-01 1.791900e-02 2.672372e+00
-1.342340e-01 9.863700e-02 2.737720e+00
-5.191460e-01 -2.774950e-01 2.688882e+00
-2.354030e-01 -1.518220e-01 2.604672e+00
-4.901610e-01 -3.326980e-01 2.682328e+00
-2.167610e-01 -2.055590e-01 2.631041e+00
-2.365930e-01 -5.370640e-01 2.747925e+00
1.663220e-01 -2.267340e-01 2.784900e+00
-3.211740e-01 -9.627640e-01 2.831529e+00
5.941540e-01 -3.372970e-01 2.774955e+00
-2.461480e-01 -1.001848e+00 2.708417e+00
5.992320e-01 -3.045470e-01 2.629303e+00
-4.169610e-01 6.370180e-01 2.571313e+00
-5.778200e-01 3.068480e-01 2.674208e+00
-2.526670e-01 3.681500e-01 2.701437e+00
-4.108830e-01 3.623070e-01 2.579895e+00
-4.024540e-01 2.214070e-01 2.796463e+00
-5.264540e-01 -5.503500e-02 2.721181e+00
-1.590980e-01 4.649600e-02 2.746970e+00
-3.595180e-01 2.973800e-02 2.838667e+00
-5.789570e-01 1.542500e-02 2.697949e+00
-1.216550e-01 1.081200e-01 2.728135e+00
-5.287100e-01 -2.822500e-01 2.701075e+00
-2.137470e-01 -1.435810e-01 2.589172e+00
-5.028840e-01 -3.372670e-01 2.716456e+00
-2.177360e-01 -2.049340e-01 2.576913e+00
-2.464930e-01 -5.386560e-01 2.740210e+00
1.588300e-01 -2.611730e-01 2.772455e+00
-3.205270e-01 -9.639140e-01 2.835278e+00
5.530200e-01 -4.525310e-01 2.830424e+00
-2.570720e-01 -1.003844e+00 2.706080e+00
5.784290e-01 -4.447180e-01 2.683434e+00
-4.195410e-01 6.379090e-01 2.560004e+00
-5.770640e-01 3.112730e-01 2.681062e+00
-2.511550e-01 3.730860e-01 2.694727e+00
-4.137940e-01 3.645130e-01 2.579341e+00
-3.972090e-01 2.285960e-01 2.798606e+00
-5.261780e-01 -4.373000e-02 2.737049e+00
-1.521190e-01 3.368300e-02 2.733728e+00
-3.442130e-01 2.405000e-02 2.842651e+00
-5.838190e-01 2.379700e-02 2.715905e+00
-1.294610e-01 1.115580e-01 2.721104e+00
-5.406260e-01 -2.721480e-01 2.715202e+00
-2.026150e-01 -1.448520e-01 2.585636e+00
-5.136180e-01 -3.256360e-01 2.696760e+00
-2.144970e-01 -1.976750e-01 2.554028e+00
-2.542100e-01 -5.405810e-01 2.750051e+00
1.434490e-01 -3.040060e-01 2.752914e+00
-3.318670e-01 -9.633440e-01 2.853030e+00
4.743440e-01 -5.725820e-01 2.870132e+00
-2.739580e-01 -1.005881e+00 2.722072e+00
5.159290e-01 -5.837730e-01 2.727099e+00
-4.180520e-01 6.400940e-01 2.558507e+00
-5.687100e-01 3.094890e-01 2.686933e+00
-2.433010e-01 3.749260e-01 2.694065e+00
-4.085590e-01 3.666820e-01 2.582438e+00
-3.851390e-01 2.266720e-01 2.798480e+00
-5.215700e-01 -4.412100e-02 2.730111e+00
-1.508520e-01 4.775200e-02 2.737336e+00
-3.441230e-01 2.521000e-02 2.842196e+00
-5.809570e-01 2.292800e-02 2.729230e+00
-1.262070e-01 1.105510e-01 2.715305e+00
-5.376130e-01 -2.732710e-01 2.727879e+00
-1.992670e-01 -1.488750e-01 2.585020e+00
-5.369260e-01 -3.297090e-01 2.755168e+00
-2.194430e-01 -2.063870e-01 2.570329e+00
-2.853030e-01 -5.480370e-01 2.747800e+00
9.704600e-02 -3.692760e-01 2.741962e+00
-3.039430e-01 -9.853170e-01 2.809468e+00
3.574560e-01 -6.952430e-01 2.887895e+00
-2.833120e-01 -1.006838e+00 2.663098e+00
4.075480e-01 -7.174380e-01 2.748930e+00
-4.171810e-01 6.398610e-01 2.563265e+00
-5.535600e-01 3.048190e-01 2.709125e+00
-2.293730e-01 3.715190e-01 2.683097e+00
-4.050350e-01 3.622340e-01 2.588782e+00
-3.593080e-01 2.231130e-01 2.801808e+00
-5.058180e-01 -4.915500e-02 2.761746e+00
-1.376230e-01 4.508800e-02 2.723350e+00
-3.133250e-01 1.009100e-02 2.852814e+00
-5.718750e-01 1.840500e-02 2.739447e+00
-1.065950e-01 1.110770e-01 2.702677e+00
-5.404990e-01 -2.776910e-01 2.751195e+00
-1.819710e-01 -1.560090e-01 2.594147e+00
-5.399660e-01 -3.402580e-01 2.755140e+00
-2.073990e-01 -2.025760e-01 2.560750e+00
-3.029320e-01 -5.609240e-01 2.752866e+00
6.964000e-03 -4.649660e-01 2.740970e+00
-2.980600e-01 -9.995190e-01 2.807410e+00
1.697340e-01 -8.523950e-01 2.877969e+00
-3.063170e-01 -1.018016e+00 2.659415e+00
1.881260e-01 -8.948870e-01 2.735951e+00
-4.127840e-01 6.324160e-01 2.564537e+00
-5.393140e-01 3.079490e-01 2.720929e+00
-2.149200e-01 3.677870e-01 2.683351e+00
-3.947580e-01 3.673250e-01 2.596765e+00
-3.434200e-01 2.171690e-01 2.800832e+00
-4.881020e-01 -5.581800e-02 2.767884e+00
-1.161080e-01 1.355500e-02 2.715620e+00
-2.895710e-01 -5.862000e-03 2.851232e+00
-5.603650e-01 2.090100e-02 2.742601e+00
-9.446400e-02 1.062180e-01 2.702859e+00
-5.431140e-01 -2.746060e-01 2.777171e+00
-1.623490e-01 -1.630530e-01 2.594685e+00
-5.392910e-01 -3.370080e-01 2.781845e+00
-1.724860e-01 -2.169720e-01 2.564344e+00
-3.018670e-01 -5.776770e-01 2.754685e+00
-4.139900e-02 -5.212570e-01 2.752322e+00
-3.052960e-01 -1.015874e+00 2.812444e+00
5.899000e-02 -9.421280e-01 2.842622e+00
-3.191530e-01 -1.035204e+00 2.664974e+00
5.569800e-02 -9.742060e-01 2.696769e+00
-4.039650e-01 6.278270e-01 2.566751e+00
-5.228530e-01 3.016220e-01 2.721479e+00
-1.995420e-01 3.680950e-01 2.685764e+00
-3.783640e-01 3.612580e-01 2.597362e+00
-3.257920e-01 2.174800e-01 2.805664e+00
-4.788860e-01 -6.012900e-02 2.763570e+00
-1.051690e-01 2.893000e-03 2.715737e+00
-2.814320e-01 -8.762000e-03 2.848601e+00
-5.465210e-01 1.383300e-02 2.748076e+00
-8.282000e-02 1.032510e-01 2.703767e+00
-5.334670e-01 -2.837030e-01 2.778928e+00
-1.276300e-01 -1.759190e-01 2.605249e+00
-5.220990e-01 -3.421910e-01 2.798432e+00
-1.188920e-01 -2.359140e-01 2.589287e+00
-3.043920e-01 -5.846190e-01 2.756503e+00
-8.612000e-02 -5.471240e-01 2.761965e+00
-3.020680e-01 -1.023096e+00 2.812151e+00
-3.036600e-02 -9.806380e-01 2.827699e+00
-3.163150e-01 -1.041891e+00 2.664650e+00
-4.021200e-02 -1.004220e+00 2.680526e+00
-3.906820e-01 6.300940e-01 2.576920e+00
-4.951130e-01 3.046390e-01 2.733721e+00
-1.712410e-01 3.636540e-01 2.690730e+00
-3.525690e-01 3.641420e-01 2.607312e+00
-2.981350e-01 2.128910e-01 2.809761e+00
-4.814320e-01 -4.103100e-02 2.747452e+00
-1.037870e-01 -6.035000e-03 2.701805e+00
-2.804470e-01 -1.141600e-02 2.834544e+00
-5.227160e-01 1.629400e-02 2.742241e+00
-7.266800e-02 9.215200e-02 2.714138e+00
-4.986630e-01 -2.802350e-01 2.774204e+00
-6.445100e-02 -1.960640e-01 2.634178e+00
-4.900560e-01 -3.378080e-01 2.750927e+00
-6.351400e-02 -2.587420e-01 2.633152e+00
-3.128370e-01 -5.758280e-01 2.761485e+00
-1.194240e-01 -5.542250e-01 2.763994e+00
-2.989370e-01 -1.013497e+00 2.821624e+00
-1.131950e-01 -9.937380e-01 2.810393e+00
-3.133080e-01 -1.034185e+00 2.674388e+00
-1.243500e-01 -1.009533e+00 2.662275e+00
-3.552070e-01 6.278890e-01 2.578563e+00
-4.670900e-01 3.098190e-01 2.735386e+00
-1.400460e-01 3.573370e-01 2.703635e+00
-3.189330e-01 3.701900e-01 2.616039e+00
-2.761220e-01 2.056800e-01 2.810794e+00
-4.665340e-01 -3.993000e-02 2.732479e+00
-8.644900e-02 -2.290100e-02 2.698285e+00
-2.670890e-01 -1.988700e-02 2.825631e+00
-5.089590e-01 2.220800e-02 2.734380e+00
-5.708800e-02 7.908500e-02 2.716584e+00
-4.828570e-01 -2.764960e-01 2.746803e+00
-3.291700e-02 -2.140610e-01 2.657082e+00
-4.724890e-01 -3.382320e-01 2.743397e+00
-2.347100e-02 -2.750600e-01 2.646109e+00
-3.219990e-01 -5.803510e-01 2.775894e+00
-1.305440e-01 -5.695690e-01 2.761893e+00
-3.033470e-01 -1.018793e+00 2.828664e+00
-1.174490e-01 -1.009818e+00 2.798943e+00
-3.155220e-01 -1.037094e+00 2.680915e+00
-1.284790e-01 -1.022637e+00 2.650528e+00
-3.418990e-01 6.238470e-01 2.586452e+00
-4.464430e-01 3.116350e-01 2.736854e+00
-1.176000e-01 3.507390e-01 2.713250e+00
-2.942070e-01 3.718670e-01 2.622684e+00
-2.600950e-01 1.993970e-01 2.812199e+00
-4.473630e-01 -4.353900e-02 2.719605e+00
-6.704200e-02 -2.035500e-02 2.692365e+00
-2.500300e-01 -1.994400e-02 2.816351e+00
-4.909280e-01 2.448000e-02 2.742880e+00
-3.949900e-02 7.086900e-02 2.720086e+00
-4.593100e-01 -2.736430e-01 2.729402e+00
-5.488000e-03 -2.260370e-01 2.692728e+00
-4.447860e-01 -3.345780e-01 2.726859e+00
1.055300e-02 -2.860800e-01 2.684482e+00
-3.259560e-01 -5.796040e-01 2.790294e+00
-1.231460e-01 -5.709090e-01 2.749710e+00
-3.008080e-01 -1.019610e+00 2.823854e+00
-1.105520e-01 -1.011066e+00 2.788008e+00
-3.108450e-01 -1.031515e+00 2.675292e+00
-1.192810e-01 -1.024240e+00 2.639471e+00
-3.096280e-01 6.314710e-01 2.608677e+00
-4.224410e-01 3.156980e-01 2.731781e+00
-9.259700e-02 3.491930e-01 2.714313e+00
-2.671670e-01 3.741370e-01 2.620815e+00
-2.394520e-01 1.996090e-01 2.809487e+00
-4.286210e-01 -4.433400e-02 2.697085e+00
-4.772400e-02 -1.612700e-02 2.690308e+00
-2.369750e-01 -1.980100e-02 2.804448e+00
-4.713060e-01 2.937900e-02 2.741590e+00
-2.028600e-02 6.772800e-02 2.717675e+00
-4.398930e-01 -2.679430e-01 2.715901e+00
1.767200e-02 -2.298310e-01 2.709645e+00
-4.327130e-01 -3.290530e-01 2.727921e+00
2.861000e-02 -2.913060e-01 2.715277e+00
-3.149470e-01 -5.774510e-01 2.781550e+00
-1.092720e-01 -5.694590e-01 2.733179e+00
-2.995200e-01 -1.017010e+00 2.825307e+00
-1.094040e-01 -1.007625e+00 2.791273e+00
-3.007900e-01 -1.031850e+00 2.676676e+00
-1.084940e-01 -1.027258e+00 2.643197e+00
-2.726370e-01 6.359120e-01 2.610296e+00
-4.158710e-01 3.180440e-01 2.737659e+00
-8.592300e-02 3.468300e-01 2.714644e+00
-2.617900e-01 3.764250e-01 2.625012e+00
-2.333180e-01 1.975400e-01 2.809444e+00
-4.252430e-01 -4.808700e-02 2.702228e+00
-4.487300e-02 -2.479000e-02 2.675773e+00
-2.280550e-01 -2.532800e-02 2.799470e+00
-4.655820e-01 3.155900e-02 2.748541e+00
-1.610200e-02 6.438500e-02 2.718239e+00
-4.508450e-01 -2.667330e-01 2.715902e+00
1.648800e-02 -2.342760e-01 2.718985e+00
-4.385980e-01 -3.282160e-01 2.715341e+00
3.140300e-02 -2.944200e-01 2.728510e+00
-3.173910e-01 -5.815620e-01 2.786734e+00
-1.141860e-01 -5.760030e-01 2.740516e+00
-2.971600e-01 -1.021345e+00 2.826040e+00
-1.073220e-01 -1.014015e+00 2.799355e+00
-3.067670e-01 -1.035053e+00 2.677605e+00
-1.155010e-01 -1.033998e+00 2.651549e+00
-2.779960e-01 6.368470e-01 2.610304e+00
-4.044610e-01 3.183040e-01 2.751278e+00
-7.525200e-02 3.421380e-01 2.715538e+00
-2.540600e-01 3.778940e-01 2.634371e+00
-2.214160e-01 1.922150e-01 2.811242e+00
-4.272990e-01 -4.115200e-02 2.697991e+00
-4.660500e-02 -2.728700e-02 2.669629e+00
-2.292860e-01 -1.963400e-02 2.793831e+00
-4.637160e-01 3.187300e-02 2.751578e+00
-1.106900e-02 5.677500e-02 2.717156e+00
-4.522510e-01 -2.676730e-01 2.714818e+00
7.807000e-03 -2.446350e-01 2.719659e+00
-4.503840e-01 -3.303370e-01 2.715182e+00
1.278200e-02 -3.066690e-01 2.727247e+00
-3.203520e-01 -5.782290e-01 2.779659e+00
-1.178930e-01 -5.748570e-01 2.742800e+00
-2.972530e-01 -1.017305e+00 2.824856e+00
-1.059810e-01 -1.012869e+00 2.800829e+00
-3.083450e-01 -1.033136e+00 2.676737e+00
-1.156170e-01 -1.032704e+00 2.653090e+00
-2.634620e-01 6.388990e-01 2.626994e+00
-3.935110e-01 3.268880e-01 2.740631e+00
-6.220200e-02 3.371920e-01 2.721874e+00
-2.349840e-01 3.786720e-01 2.630966e+00
-2.190220e-01 1.946560e-01 2.811822e+00
-4.202890e-01 -3.580400e-02 2.690863e+00
-3.874000e-02 -3.617100e-02 2.672292e+00
-2.241400e-01 -2.125300e-02 2.791715e+00
-4.553910e-01 4.034200e-02 2.751061e+00
-7.414000e-03 4.905700e-02 2.717047e+00
-4.578000e-01 -2.605220e-01 2.716267e+00
-4.606000e-03 -2.533720e-01 2.700783e+00
-4.702200e-01 -3.212280e-01 2.725811e+00
-2.211100e-02 -3.135470e-01 2.699037e+00
-3.093710e-01 -5.777710e-01 2.773452e+00
-1.094640e-01 -5.796700e-01 2.737139e+00
-2.989810e-01 -1.016502e+00 2.826094e+00
-1.039730e-01 -1.017537e+00 2.797191e+00
-3.063960e-01 -1.034449e+00 2.677986e+00
-1.095280e-01 -1.037888e+00 2.649313e+00
-2.453930e-01 6.420290e-01 2.624224e+00
-3.905060e-01 3.256430e-01 2.745487e+00
-5.970000e-02 3.363450e-01 2.719473e+00
-2.344810e-01 3.782880e-01 2.632690e+00
-2.143950e-01 1.930820e-01 2.811913e+00
-4.250110e-01 -3.375300e-02 2.702145e+00
-4.488600e-02 -3.918600e-02 2.664742e+00
-2.239440e-01 -2.272700e-02 2.793290e+00
-4.598630e-01 4.022000e-02 2.742218e+00
-1.373000e-03 4.860300e-02 2.709955e+00
-4.598630e-01 -2.620930e-01 2.717723e+00
-1.341100e-02 -2.525780e-01 2.676224e+00
-4.399200e-01 -3.211590e-01 2.711094e+00
-2.323500e-02 -3.071110e-01 2.646897e+00
-3.093810e-01 -5.782400e-01 2.772877e+00
-1.083600e-01 -5.801840e-01 2.737221e+00
-2.990040e-01 -1.017532e+00 2.820611e+00
-9.961000e-02 -1.017884e+00 2.798102e+00
-3.139260e-01 -1.033936e+00 2.672891e+00
-1.125360e-01 -1.038639e+00 2.650742e+00
-2.412520e-01 6.458030e-01 2.646146e+00
