-4.338300e-01 3.061090e-01 2.638294e+00
-2.465580e-01 3.071050e-01 2.629104e+00
-5.928600e-02 3.081010e-01 2.619915e+00
-1.547945e-01 3.346575e-01 2.589291e+00
-2.503030e-01 3.612140e-01 2.558667e+00
-2.460965e-01 2.629810e-01 2.633739e+00
-2.418900e-01 1.647480e-01 2.708811e+00
-3.467630e-01 5.934350e-02 2.663912e+00
-4.516360e-01 -4.606100e-02 2.619012e+00
-2.558855e-01 -5.091650e-02 2.605891e+00
-6.013500e-02 -5.577200e-02 2.592770e+00
-1.541245e-01 -5.756550e-02 2.658864e+00
-2.481140e-01 -5.935900e-02 2.724959e+00
-3.756330e-01 -1.808550e-02 2.687985e+00
-5.031520e-01 2.318800e-02 2.651011e+00
-2.541410e-01 2.254100e-02 2.641876e+00
-5.130000e-03 2.189400e-02 2.632740e+00
-2.466055e-01 -1.252730e-01 2.599922e+00
-4.880810e-01 -2.724400e-01 2.567105e+00
-2.592330e-01 -2.755695e-01 2.569636e+00
-3.038500e-02 -2.786990e-01 2.572167e+00
-2.514910e-01 -3.090390e-01 2.558997e+00
-4.725970e-01 -3.393790e-01 2.545828e+00
-2.561770e-01 -3.443245e-01 2.553868e+00
-3.975700e-02 -3.492700e-01 2.561908e+00
-2.006445e-01 -4.759430e-01 2.609357e+00
-3.615320e-01 -6.026160e-01 2.656806e+00
-2.482005e-01 -6.019060e-01 2.663438e+00
-1.348690e-01 -6.011960e-01 2.670071e+00
-2.550795e-01 -8.131040e-01 2.703099e+00
-3.752900e-01 -1.025012e+00 2.736127e+00
-2.974945e-01 -1.015446e+00 2.762120e+00
-2.196990e-01 -1.005880e+00 2.788113e+00
-3.041360e-01 -1.031467e+00 2.675655e+00
-3.885730e-01 -1.057054e+00 2.563196e+00
-2.995025e-01 -1.057021e+00 2.591378e+00
-2.104320e-01 -1.056988e+00 2.619560e+00
-2.332000e-01 -2.363580e-01 2.576996e+00
-2.559680e-01 5.842720e-01 2.534432e+00
-3.452685e-01 4.448030e-01 2.584739e+00
-4.345690e-01 3.053340e-01 2.635047e+00
-2.472000e-01 3.063765e-01 2.628111e+00
-5.983100e-02 3.074190e-01 2.621175e+00
-1.549635e-01 3.342450e-01 2.589631e+00
-2.500960e-01 3.610710e-01 2.558087e+00
-2.467960e-01 2.622155e-01 2.632383e+00
-2.434960e-01 1.633600e-01 2.706679e+00
-3.471310e-01 5.680000e-02 2.662352e+00
-4.507660e-01 -4.976000e-02 2.618024e+00
-2.548345e-01 -5.559050e-02 2.608496e+00
-5.890300e-02 -6.142100e-02 2.598967e+00
-1.540735e-01 -6.204100e-02 2.663371e+00
-2.492440e-01 -6.266100e-02 2.727775e+00
-3.763355e-01 -2.032050e-02 2.691370e+00
-5.034270e-01 2.202000e-02 2.654966e+00
-2.546210e-01 2.115600e-02 2.641426e+00
-5.815000e-03 2.029200e-02 2.627887e+00
-2.450915e-01 -1.251280e-01 2.593619e+00
-4.843680e-01 -2.705480e-01 2.559352e+00
-2.570475e-01 -2.763330e-01 2.565880e+00
-2.972700e-02 -2.821180e-01 2.572407e+00
-2.524090e-01 -3.114200e-01 2.559500e+00
-4.750910e-01 -3.407220e-01 2.546594e+00
-2.568670e-01 -3.466035e-01 2.553537e+00
-3.864300e-02 -3.524850e-01 2.560480e+00
-2.004970e-01 -4.798240e-01 2.608422e+00
-3.623510e-01 -6.071630e-01 2.656363e+00
-2.516900e-01 -6.064995e-01 2.669123e+00
-1.410290e-01 -6.058360e-01 2.681882e+00
-2.548145e-01 -8.180790e-01 2.707193e+00
-3.686000e-01 -1.030322e+00 2.732505e+00
-2.378075e-01 -1.032236e+00 2.698665e+00
-1.070150e-01 -1.034150e+00 2.664824e+00
-2.430915e-01 -1.047749e+00 2.612013e+00
-3.791680e-01 -1.061349e+00 2.559202e+00
-2.494780e-01 -1.044755e+00 2.524108e+00
-1.197880e-01 -1.028162e+00 2.489014e+00
-1.874565e-01 -2.234855e-01 2.511106e+00
-2.551250e-01 5.811910e-01 2.533197e+00
-3.457700e-01 4.442395e-01 2.585964e+00
-4.364150e-01 3.072880e-01 2.638731e+00
-6.211400e-02 3.067270e-01 2.615854e+00
-2.535010e-01 3.608190e-01 2.556655e+00
-2.445690e-01 1.649880e-01 2.707597e+00
-4.554950e-01 -4.956000e-02 2.616962e+00
-6.347300e-02 -5.167700e-02 2.597727e+00
-2.536750e-01 -5.826800e-02 2.726578e+00
-5.087770e-01 2.560400e-02 2.656496e+00
-8.276000e-03 2.066000e-02 2.628701e+00
-4.811730e-01 -2.629520e-01 2.553974e+00
-2.968700e-02 -2.814640e-01 2.575791e+00
-4.754290e-01 -3.306090e-01 2.530250e+00
-4.430400e-02 -3.440420e-01 2.543485e+00
-3.643020e-01 -6.040660e-01 2.654644e+00
-1.397860e-01 -6.001040e-01 2.672309e+00
-3.753570e-01 -1.027516e+00 2.728590e+00
-2.085000e-01 -1.020427e+00 2.731530e+00
-3.852970e-01 -1.057557e+00 2.555076e+00
-2.047300e-01 -1.045633e+00 2.557006e+00
-2.585090e-01 5.802950e-01 2.528115e+00
-4.423440e-01 3.062930e-01 2.636084e+00
-6.795300e-02 3.107860e-01 2.615208e+00
-2.597270e-01 3.625160e-01 2.555156e+00
-2.489880e-01 1.663380e-01 2.705528e+00
-4.544130e-01 -4.857200e-02 2.611532e+00
-6.209600e-02 -5.281800e-02 2.600338e+00
-2.549170e-01 -5.709600e-02 2.725336e+00
-5.065540e-01 2.245400e-02 2.653939e+00
-1.239600e-02 2.511700e-02 2.632891e+00
-4.872330e-01 -2.696530e-01 2.559296e+00
-2.821400e-02 -2.760630e-01 2.572084e+00
-4.667030e-01 -3.276350e-01 2.522014e+00
-4.080900e-02 -3.448970e-01 2.555455e+00
-3.684760e-01 -6.035550e-01 2.651480e+00
-1.450660e-01 -6.014420e-01 2.672170e+00
-3.778450e-01 -1.026547e+00 2.728226e+00
-2.466390e-01 -1.002570e+00 2.789127e+00
-3.849200e-01 -1.057857e+00 2.554796e+00
-2.286690e-01 -1.055862e+00 2.621959e+00
-2.646340e-01 5.811160e-01 2.530096e+00
-4.487150e-01 3.069640e-01 2.637387e+00
-7.458800e-02 3.132810e-01 2.612602e+00
-2.672250e-01 3.641710e-01 2.554632e+00
-2.539750e-01 1.678450e-01 2.704609e+00
-4.595260e-01 -3.845500e-02 2.620963e+00
-6.802600e-02 -5.098900e-02 2.595930e+00
-2.563810e-01 -5.178900e-02 2.727628e+00
-5.145550e-01 2.339600e-02 2.648713e+00
-1.329900e-02 2.899600e-02 2.629905e+00
-4.825690e-01 -2.672820e-01 2.553882e+00
-3.997600e-02 -2.722870e-01 2.574887e+00
-4.738000e-01 -3.340850e-01 2.528705e+00
-5.975100e-02 -3.362160e-01 2.548516e+00
-3.660790e-01 -5.973130e-01 2.648080e+00
-1.435770e-01 -5.963000e-01 2.669751e+00
-3.754010e-01 -1.019628e+00 2.728475e+00
-2.458630e-01 -9.928540e-01 2.800831e+00
-3.883690e-01 -1.052246e+00 2.555629e+00
-2.288140e-01 -1.051898e+00 2.635509e+00
-2.649500e-01 5.831970e-01 2.528443e+00
-4.690490e-01 2.973240e-01 2.630883e+00
-9.518300e-02 3.138870e-01 2.606902e+00
-2.890230e-01 3.577080e-01 2.547193e+00
-2.705810e-01 1.656300e-01 2.702043e+00
-4.720780e-01 -5.025100e-02 2.618492e+00
-8.037900e-02 -5.632500e-02 2.594167e+00
-2.689390e-01 -6.050000e-02 2.725508e+00
-5.279470e-01 1.335600e-02 2.654822e+00
-2.948700e-02 3.091900e-02 2.624026e+00
-4.995520e-01 -2.770360e-01 2.559110e+00
-4.797500e-02 -2.713790e-01 2.573348e+00
-4.847570e-01 -3.397000e-01 2.527054e+00
-6.637100e-02 -3.196890e-01 2.523337e+00
-3.796690e-01 -6.074330e-01 2.640035e+00
-1.500100e-01 -6.034650e-01 2.665742e+00
-3.717680e-01 -1.030458e+00 2.716767e+00
-1.635650e-01 -1.027439e+00 2.736182e+00
-3.855720e-01 -1.062090e+00 2.543802e+00
-1.705310e-01 -1.056107e+00 2.562292e+00
-2.860450e-01 5.793330e-01 2.537831e+00
-4.828990e-01 2.920470e-01 2.627932e+00
-1.094950e-01 3.126930e-01 2.600212e+00
-3.043890e-01 3.535220e-01 2.541825e+00
-2.822340e-01 1.635480e-01 2.698770e+00
-4.782720e-01 -5.532000e-02 2.607226e+00
-8.605500e-02 -5.521300e-02 2.592330e+00
-2.776360e-01 -6.490700e-02 2.718922e+00
-5.399040e-01 9.296000e-03 2.662086e+00
-3.979700e-02 3.220100e-02 2.629029e+00
-5.035010e-01 -2.723670e-01 2.546831e+00
-5.065300e-02 -2.668970e-01 2.562956e+00
-5.000090e-01 -3.419640e-01 2.529018e+00
-6.351100e-02 -3.311330e-01 2.533263e+00
-3.879100e-01 -6.101010e-01 2.632051e+00
-1.510070e-01 -6.051050e-01 2.649488e+00
-3.796550e-01 -1.031384e+00 2.717799e+00
-1.499570e-01 -1.032047e+00 2.700670e+00
-3.899530e-01 -1.066695e+00 2.545302e+00
-1.541570e-01 -1.053045e+00 2.525600e+00
-2.989460e-01 5.765850e-01 2.519327e+00
-4.989350e-01 2.825910e-01 2.627799e+00
-1.260090e-01 3.063840e-01 2.596417e+00
-3.218000e-01 3.448610e-01 2.539453e+00
-2.964480e-01 1.566250e-01 2.698001e+00
-4.890690e-01 -6.564100e-02 2.607290e+00
-9.682100e-02 -5.865700e-02 2.595083e+00
-2.890430e-01 -7.328200e-02 2.720223e+00
-5.530700e-01 -1.813000e-03 2.659178e+00
-4.428700e-02 2.907200e-02 2.631350e+00
-4.974530e-01 -2.661640e-01 2.512708e+00
-6.304000e-02 -2.635340e-01 2.539380e+00
-4.739830e-01 -3.287530e-01 2.486154e+00
-9.498300e-02 -3.143130e-01 2.499701e+00
-3.953210e-01 -6.187070e-01 2.625931e+00
-1.394340e-01 -6.107140e-01 2.614108e+00
-3.709460e-01 -1.040064e+00 2.708177e+00
-1.424730e-01 -1.032382e+00 2.698292e+00
-3.813350e-01 -1.074374e+00 2.535483e+00
-1.355570e-01 -1.066934e+00 2.525473e+00
-3.146360e-01 5.676520e-01 2.518052e+00
-5.079140e-01 2.730300e-01 2.620796e+00
-1.341630e-01 2.888860e-01 2.594651e+00
-3.282790e-01 3.305330e-01 2.534286e+00
-3.090760e-01 1.439620e-01 2.695640e+00
-4.968220e-01 -7.575000e-02 2.590147e+00
-1.044850e-01 -6.476000e-02 2.592954e+00
-3.011190e-01 -8.399300e-02 2.710377e+00
-5.615640e-01 -9.873000e-03 2.659609e+00
-3.104600e-02 1.891800e-02 2.624702e+00
-4.861900e-01 -1.747170e-01 2.412327e+00
-9.028400e-02 -2.083200e-01 2.427581e+00
-4.490030e-01 -2.244780e-01 2.376074e+00
-1.032540e-01 -2.627440e-01 2.382380e+00
-4.113990e-01 -6.255070e-01 2.624964e+00
-1.215900e-01 -6.121050e-01 2.551324e+00
-3.814120e-01 -1.048246e+00 2.697718e+00
-1.641130e-01 -1.016064e+00 2.692425e+00
-3.857050e-01 -1.078447e+00 2.524001e+00
-1.204600e-01 -1.076493e+00 2.532578e+00
-3.263830e-01 5.558900e-01 2.514509e+00
-5.029540e-01 2.830910e-01 2.611426e+00
-1.290960e-01 3.012180e-01 2.588490e+00
-3.229220e-01 3.400510e-01 2.525382e+00
-3.038980e-01 1.572130e-01 2.690975e+00
-4.969830e-01 -7.263100e-02 2.588348e+00
-1.048480e-01 -5.624400e-02 2.584116e+00
-2.990700e-01 -7.788900e-02 2.705079e+00
-5.755820e-01 8.771000e-03 2.654567e+00
-5.819000e-03 4.481400e-02 2.626529e+00
-4.781840e-01 -5.904300e-02 2.375899e+00
-1.042610e-01 -8.767200e-02 2.372566e+00
-4.391910e-01 -1.013540e-01 2.332740e+00
-1.229920e-01 -1.503020e-01 2.342565e+00
-4.021540e-01 -6.209860e-01 2.624550e+00
-1.160970e-01 -6.033010e-01 2.535203e+00
-3.823860e-01 -1.041124e+00 2.713955e+00
-1.468840e-01 -1.004961e+00 2.685609e+00
-3.879390e-01 -1.078066e+00 2.541582e+00
-1.047970e-01 -1.067845e+00 2.526291e+00
-3.281020e-01 5.684490e-01 2.517525e+00
-4.952130e-01 3.199730e-01 2.599241e+00
-1.205870e-01 3.232570e-01 2.582807e+00
-3.115990e-01 3.696160e-01 2.516288e+00
-3.027070e-01 1.864610e-01 2.682384e+00
-4.907110e-01 -5.860300e-02 2.587458e+00
-9.940400e-02 -3.369400e-02 2.569729e+00
-2.890070e-01 -5.649100e-02 2.697611e+00
-5.790380e-01 5.581700e-02 2.648463e+00
7.488000e-03 7.460500e-02 2.614379e+00
-4.692500e-01 3.237800e-02 2.373472e+00
-1.060130e-01 3.302000e-03 2.349319e+00
-4.264160e-01 2.910900e-02 2.315784e+00
-1.532110e-01 2.153100e-02 2.298199e+00
-4.055510e-01 -6.029420e-01 2.626268e+00
-1.170910e-01 -5.864820e-01 2.538198e+00
-3.822190e-01 -1.026414e+00 2.697169e+00
-1.482750e-01 -9.987250e-01 2.656452e+00
-3.942030e-01 -1.056114e+00 2.523726e+00
-1.201870e-01 -1.048697e+00 2.489652e+00
-3.191980e-01 6.006120e-01 2.511985e+00
-4.688720e-01 3.625050e-01 2.584888e+00
-9.426600e-02 3.557880e-01 2.569071e+00
-2.838990e-01 4.063980e-01 2.501713e+00
-2.800550e-01 2.249210e-01 2.669832e+00
-4.844970e-01 -2.076600e-02 2.580735e+00
-9.346000e-02 7.757000e-03 2.562487e+00
-2.829900e-01 -1.225100e-02 2.690942e+00
-5.660450e-01 1.159110e-01 2.654633e+00
2.016000e-02 1.075720e-01 2.589349e+00
-4.421790e-01 1.016130e-01 2.393680e+00
-1.308980e-01 1.120830e-01 2.342762e+00
-4.100240e-01 1.097220e-01 2.329855e+00
-1.708100e-01 1.340610e-01 2.287108e+00
-4.037300e-01 -5.641460e-01 2.617131e+00
-1.227720e-01 -5.498290e-01 2.553676e+00
-3.927070e-01 -9.920690e-01 2.657883e+00
-1.430010e-01 -9.669870e-01 2.655999e+00
-4.031090e-01 -1.009026e+00 2.482633e+00
-1.272270e-01 -1.009557e+00 2.485567e+00
-2.849630e-01 6.322220e-01 2.508489e+00
-4.512420e-01 3.649410e-01 2.594122e+00
-7.738600e-02 3.595900e-01 2.565349e+00
-2.691080e-01 4.142520e-01 2.507780e+00
-2.598570e-01 2.223530e-01 2.663670e+00
-4.722000e-01 2.895000e-03 2.569222e+00
-7.987500e-02 4.492000e-03 2.557623e+00
-2.724860e-01 -1.092000e-03 2.682893e+00
-5.520010e-01 1.264900e-01 2.672509e+00
2.032400e-02 1.075280e-01 2.573897e+00
-4.403660e-01 8.664500e-02 2.412872e+00
-1.383880e-01 1.209840e-01 2.337062e+00
-4.040650e-01 7.539700e-02 2.351806e+00
-1.809800e-01 1.504940e-01 2.287179e+00
-4.291550e-01 -5.467210e-01 2.571883e+00
-1.374180e-01 -5.483970e-01 2.578135e+00
-4.027250e-01 -9.703540e-01 2.640703e+00
-1.730660e-01 -9.717950e-01 2.644196e+00
-4.249380e-01 -9.997600e-01 2.468221e+00
-1.646980e-01 -9.996420e-01 2.470234e+00
-2.411400e-01 6.199790e-01 2.493844e+00
-4.300620e-01 3.485260e-01 2.626886e+00
-6.032000e-02 3.312970e-01 2.566722e+00
-2.533430e-01 3.980600e-01 2.530055e+00
-2.404110e-01 1.932100e-01 2.668191e+00
-4.655710e-01 -1.412000e-03 2.574693e+00
-7.520200e-02 -1.151500e-02 2.535110e+00
-2.583320e-01 -6.969000e-03 2.673911e+00
-5.325300e-01 1.053280e-01 2.679857e+00
1.992300e-02 7.461200e-02 2.555541e+00
-4.492490e-01 1.836100e-02 2.422606e+00
-1.549280e-01 9.557400e-02 2.332686e+00
-3.932120e-01 -1.944500e-02 2.398033e+00
-1.928470e-01 1.395860e-01 2.290278e+00
-4.408200e-01 -5.478930e-01 2.513963e+00
-1.588200e-01 -5.617510e-01 2.594156e+00
-4.087000e-01 -9.476390e-01 2.669113e+00
-2.269300e-01 -9.760460e-01 2.687006e+00
-4.598540e-01 -1.012269e+00 2.513182e+00
-2.303040e-01 -1.014082e+00 2.514815e+00
-2.262210e-01 5.953880e-01 2.482648e+00
-4.203440e-01 3.441030e-01 2.620289e+00
-4.948700e-02 3.213550e-01 2.569564e+00
-2.409340e-01 3.884600e-01 2.525926e+00
-2.332470e-01 1.887090e-01 2.671710e+00
-4.501490e-01 -1.320000e-02 2.604264e+00
-6.472100e-02 -3.790400e-02 2.534328e+00
-2.375560e-01 -4.483900e-02 2.685664e+00
-5.132410e-01 9.974400e-02 2.680614e+00
1.386300e-02 6.141500e-02 2.549604e+00
-4.264020e-01 7.081000e-03 2.427583e+00
-1.689340e-01 6.617800e-02 2.333468e+00
-4.041730e-01 -1.204700e-02 2.361907e+00
-2.176840e-01 9.976900e-02 2.292622e+00
-4.447420e-01 -5.558840e-01 2.485799e+00
-1.711700e-01 -5.791820e-01 2.619373e+00
-3.910700e-01 -9.239870e-01 2.701483e+00
-1.830050e-01 -1.005157e+00 2.676861e+00
-4.560480e-01 -1.013831e+00 2.564319e+00
-2.153610e-01 -1.027463e+00 2.504920e+00
-2.280400e-01 5.961210e-01 2.488683e+00
-4.313380e-01 3.583380e-01 2.600163e+00
-5.818400e-02 3.446220e-01 2.565623e+00
-2.497350e-01 4.012410e-01 2.509393e+00
-2.416320e-01 2.142430e-01 2.671191e+00
-4.583840e-01 -1.026200e-02 2.595846e+00
-6.953400e-02 -2.282600e-02 2.543942e+00
-2.489360e-01 -3.554000e-02 2.687036e+00
-5.325500e-01 1.234930e-01 2.685859e+00
1.068300e-02 8.386800e-02 2.563569e+00
-4.244610e-01 3.093000e-03 2.451724e+00
-1.773730e-01 4.766400e-02 2.353040e+00
-3.981920e-01 -2.390900e-02 2.390453e+00
-2.206080e-01 6.958300e-02 2.299903e+00
-4.330000e-01 -5.591250e-01 2.522980e+00
-1.671670e-01 -5.672770e-01 2.625282e+00
-3.841400e-01 -9.457200e-01 2.704796e+00
-2.079310e-01 -9.941060e-01 2.657763e+00
-4.408840e-01 -1.022611e+00 2.556553e+00
-2.281990e-01 -1.005476e+00 2.482925e+00
-2.455520e-01 6.255760e-01 2.505910e+00
-4.459330e-01 3.689560e-01 2.596765e+00
-7.219300e-02 3.695560e-01 2.566065e+00
-2.652500e-01 4.175580e-01 2.507039e+00
-2.514000e-01 2.337310e-01 2.672049e+00
-4.653330e-01 -3.548000e-03 2.597671e+00
-7.414200e-02 4.717000e-03 2.566727e+00
-2.600200e-01 -1.920400e-02 2.699769e+00
-5.441090e-01 1.370990e-01 2.688258e+00
4.546000e-03 1.136950e-01 2.586386e+00
-4.400530e-01 1.434500e-02 2.455839e+00
-1.616860e-01 2.479000e-03 2.386605e+00
-3.945130e-01 -3.563000e-03 2.403125e+00
-2.096520e-01 2.003800e-02 2.335967e+00
-4.152080e-01 -5.514330e-01 2.569221e+00
-1.543820e-01 -5.489530e-01 2.616147e+00
-3.890960e-01 -9.685330e-01 2.670444e+00
-1.624220e-01 -9.788380e-01 2.622034e+00
-4.216830e-01 -1.011336e+00 2.502473e+00
-1.747550e-01 -9.810160e-01 2.446105e+00
-2.676830e-01 6.411380e-01 2.517128e+00
-4.747250e-01 3.487620e-01 2.620282e+00
-1.007780e-01 3.471570e-01 2.592244e+00
-2.927230e-01 4.032180e-01 2.536802e+00
-2.825710e-01 2.043110e-01 2.683585e+00
-4.724440e-01 -2.139400e-02 2.598251e+00
-8.139200e-02 8.000000e-04 2.572921e+00
-2.684270e-01 -2.474400e-02 2.704026e+00
-5.663130e-01 9.789000e-02 2.652384e+00
-5.442000e-03 9.688400e-02 2.617350e+00
-4.098820e-01 -1.907000e-03 2.437580e+00
-1.227420e-01 -8.950200e-02 2.438265e+00
-3.660590e-01 -1.163600e-02 2.381382e+00
-1.606400e-01 -9.375200e-02 2.377281e+00
-3.745010e-01 -5.678950e-01 2.627150e+00
-9.743000e-02 -5.500870e-01 2.536041e+00
-3.712510e-01 -9.920970e-01 2.697452e+00
-1.481950e-01 -9.688800e-01 2.619320e+00
-3.833720e-01 -1.020956e+00 2.523877e+00
-1.209210e-01 -1.006040e+00 2.449075e+00
-2.932940e-01 6.053140e-01 2.507851e+00
-4.888090e-01 3.186750e-01 2.636817e+00
-1.160670e-01 3.255450e-01 2.596307e+00
-3.109840e-01 3.771240e-01 2.547254e+00
-2.914010e-01 1.787480e-01 2.693800e+00
-4.831080e-01 -3.916100e-02 2.600889e+00
-9.242000e-02 -2.022100e-02 2.568325e+00
-2.774430e-01 -3.821700e-02 2.703475e+00
-5.560790e-01 5.651500e-02 2.624527e+00
-2.856300e-02 7.198700e-02 2.634465e+00
-3.927040e-01 -4.012000e-03 2.397848e+00
-9.415400e-02 -1.360130e-01 2.449609e+00
-3.292460e-01 -4.585000e-03 2.363993e+00
-1.318250e-01 -1.481060e-01 2.389542e+00
-3.562210e-01 -5.877960e-01 2.634672e+00
-8.497600e-02 -5.611350e-01 2.514396e+00
-3.680450e-01 -1.010045e+00 2.715085e+00
-1.068920e-01 -9.657860e-01 2.658194e+00
-3.810180e-01 -1.042601e+00 2.542227e+00
-6.612900e-02 -1.025202e+00 2.497209e+00
-2.973100e-01 5.832680e-01 2.515120e+00
-4.795830e-01 3.152130e-01 2.628319e+00
-1.063810e-01 3.299170e-01 2.594716e+00
-3.014740e-01 3.747130e-01 2.540021e+00
-2.800080e-01 1.825200e-01 2.694338e+00
-4.720530e-01 -5.903900e-02 2.608483e+00
-8.282600e-02 -2.160100e-02 2.574466e+00
-2.664360e-01 -4.664300e-02 2.710419e+00
-5.471870e-01 5.295700e-02 2.623404e+00
-1.750100e-02 7.666200e-02 2.631252e+00
-3.690560e-01 3.563900e-02 2.400531e+00
-9.695300e-02 -1.148710e-01 2.434515e+00
-3.227200e-01 5.242200e-02 2.348141e+00
-1.421980e-01 -1.151370e-01 2.378603e+00
-3.645880e-01 -6.019600e-01 2.633716e+00
-8.313000e-02 -5.723200e-01 2.527018e+00
-3.665900e-01 -1.021861e+00 2.726340e+00
-1.082220e-01 -9.703630e-01 2.687742e+00
-3.826300e-01 -1.059623e+00 2.554803e+00
-7.227900e-02 -1.036958e+00 2.528426e+00
-3.118840e-01 5.907340e-01 2.523036e+00
-4.662840e-01 3.428360e-01 2.622494e+00
-9.271700e-02 3.555490e-01 2.592316e+00
-2.870960e-01 3.997850e-01 2.534701e+00
-2.678490e-01 2.109570e-01 2.693403e+00
-4.631850e-01 -3.169400e-02 2.607160e+00
-7.396100e-02 7.619000e-03 2.575295e+00
-2.581580e-01 -1.871800e-02 2.710206e+00
-5.453340e-01 8.455100e-02 2.636831e+00
-6.387000e-03 1.009390e-01 2.622082e+00
-3.718120e-01 6.206900e-02 2.411317e+00
-1.074300e-01 -7.411400e-02 2.420541e+00
-3.166620e-01 7.245100e-02 2.366328e+00
-1.478100e-01 -6.702300e-02 2.361443e+00
-3.689380e-01 -5.733110e-01 2.628992e+00
-9.801400e-02 -5.519500e-01 2.554494e+00
-3.722950e-01 -9.966330e-01 2.704408e+00
-1.084290e-01 -9.505850e-01 2.715370e+00
-3.884850e-01 -1.027313e+00 2.531478e+00
-8.932000e-02 -1.016633e+00 2.552949e+00
-2.941470e-01 6.199930e-01 2.526268e+00
-4.481310e-01 3.556810e-01 2.624887e+00
-7.524000e-02 3.649670e-01 2.586268e+00
-2.704750e-01 4.106160e-01 2.532800e+00
-2.492990e-01 2.224240e-01 2.692010e+00
-4.551450e-01 -2.504500e-02 2.613958e+00
-6.494300e-02 7.530000e-04 2.580300e+00
-2.493160e-01 -1.925000e-02 2.716055e+00
-5.423340e-01 1.042700e-01 2.657520e+00
4.596000e-03 1.074660e-01 2.607846e+00
-3.789010e-01 2.731700e-02 2.436570e+00
-1.138230e-01 -4.646100e-02 2.398718e+00
-3.241700e-01 3.360500e-02 2.390328e+00
-1.577050e-01 -3.561000e-02 2.342773e+00
-3.854010e-01 -5.697260e-01 2.621384e+00
-1.026240e-01 -5.574300e-01 2.604124e+00
-3.763260e-01 -9.942520e-01 2.689170e+00
-9.638400e-02 -9.770590e-01 2.697783e+00
-3.988160e-01 -1.022304e+00 2.516498e+00
-9.846000e-02 -1.015507e+00 2.525663e+00
-2.738610e-01 6.273470e-01 2.524466e+00
-4.194420e-01 3.415300e-01 2.646212e+00
-4.799200e-02 3.391950e-01 2.594788e+00
-2.429770e-01 3.951770e-01 2.551126e+00
-2.238480e-01 1.972120e-01 2.698286e+00
-4.345110e-01 -1.715600e-02 2.630641e+00
-4.516500e-02 -1.997200e-02 2.581061e+00
-2.248770e-01 -2.995700e-02 2.723983e+00
-5.179110e-01 9.524700e-02 2.698153e+00
2.464300e-02 7.903300e-02 2.585384e+00
-4.034340e-01 -5.891900e-02 2.487273e+00
-1.247160e-01 -3.197200e-02 2.369253e+00
-3.844620e-01 -9.345800e-02 2.427103e+00
-1.680300e-01 -1.525100e-02 2.314320e+00
-4.223760e-01 -5.573760e-01 2.548393e+00
-1.513520e-01 -5.714560e-01 2.652420e+00
-3.872720e-01 -9.684940e-01 2.669429e+00
-1.175280e-01 -9.945350e-01 2.721416e+00
-4.462160e-01 -1.020054e+00 2.511393e+00
-1.399840e-01 -1.024440e+00 2.549051e+00
-2.149140e-01 5.947470e-01 2.523998e+00
-4.098420e-01 3.316420e-01 2.645263e+00
-3.747500e-02 3.250000e-01 2.601399e+00
-2.309900e-01 3.821260e-01 2.552943e+00
-2.167470e-01 1.863200e-01 2.703508e+00
-4.283170e-01 -2.599800e-02 2.634926e+00
-4.039200e-02 -2.839900e-02 2.575223e+00
-2.163130e-01 -3.871700e-02 2.722763e+00
-4.887180e-01 8.186900e-02 2.707595e+00
3.279900e-02 6.608000e-02 2.578694e+00
-4.163110e-01 -4.276900e-02 2.462754e+00
-1.317020e-01 -1.845300e-02 2.363014e+00
-3.812020e-01 -1.031960e-01 2.445747e+00
-1.824190e-01 2.806000e-03 2.316656e+00
-4.227370e-01 -5.627270e-01 2.538766e+00
-1.521280e-01 -5.775880e-01 2.665300e+00
-3.875400e-01 -9.674420e-01 2.679715e+00
-1.378470e-01 -1.000460e+00 2.741953e+00
-4.528000e-01 -1.026366e+00 2.526819e+00
-1.644660e-01 -1.032428e+00 2.570554e+00
-2.143370e-01 5.901870e-01 2.516407e+00
-4.076820e-01 3.385000e-01 2.635080e+00
-3.401000e-02 3.344870e-01 2.603806e+00
-2.263460e-01 3.879100e-01 2.547129e+00
-2.152310e-01 1.972460e-01 2.704406e+00
-4.258640e-01 -1.571700e-02 2.626679e+00
-3.499700e-02 -3.118800e-02 2.594424e+00
-2.212610e-01 -3.847600e-02 2.728869e+00
-5.005490e-01 1.051660e-01 2.731794e+00
3.030200e-02 7.423100e-02 2.580277e+00
-4.259380e-01 -5.397800e-02 2.508743e+00
-1.427520e-01 6.470000e-04 2.367479e+00
-3.796340e-01 -7.068400e-02 2.456300e+00
-1.907750e-01 3.904600e-02 2.330161e+00
-4.159190e-01 -5.588500e-01 2.539747e+00
-1.502870e-01 -5.742220e-01 2.682059e+00
-3.917930e-01 -9.593500e-01 2.694402e+00
-1.304160e-01 -1.002452e+00 2.715591e+00
-4.444050e-01 -1.022741e+00 2.538448e+00
-1.471850e-01 -1.016931e+00 2.540613e+00
-2.145880e-01 6.043360e-01 2.523465e+00
-4.227830e-01 3.583490e-01 2.631559e+00
-4.823100e-02 3.595610e-01 2.613280e+00
-2.391820e-01 4.111900e-01 2.550579e+00
-2.309810e-01 2.187460e-01 2.705855e+00
-4.425560e-01 -1.189800e-02 2.629341e+00
-5.158000e-02 -1.955000e-02 2.595642e+00
-2.371080e-01 -2.868100e-02 2.730989e+00
-5.108510e-01 1.236700e-01 2.719370e+00
3.668400e-02 1.083490e-01 2.628195e+00
-4.223020e-01 1.392000e-03 2.483243e+00
-1.376710e-01 4.913000e-02 2.416907e+00
-3.650920e-01 -3.150000e-03 2.439887e+00
-1.847930e-01 5.763800e-02 2.363237e+00
-4.035240e-01 -5.629700e-01 2.580613e+00
-1.449440e-01 -5.648910e-01 2.682817e+00
-3.736920e-01 -9.762140e-01 2.695676e+00
-1.172090e-01 -9.939960e-01 2.682154e+00
-4.132420e-01 -1.024963e+00 2.530850e+00
-1.353330e-01 -9.948960e-01 2.506715e+00
-2.364630e-01 6.309440e-01 2.538943e+00
-4.413770e-01 3.516810e-01 2.638805e+00
-6.648600e-02 3.543680e-01 2.630176e+00
-2.559460e-01 4.067980e-01 2.563727e+00
-2.510620e-01 2.110490e-01 2.714958e+00
-4.471460e-01 -1.265300e-02 2.632666e+00
-5.534300e-02 -5.597000e-03 2.610375e+00
-2.442300e-01 -2.458200e-02 2.739929e+00
-5.284380e-01 1.064160e-01 2.686271e+00
2.839400e-02 1.089560e-01 2.657717e+00
-3.938370e-01 3.733000e-03 2.464297e+00
-1.205630e-01 3.533000e-03 2.446456e+00
-3.348900e-01 1.912400e-02 2.426064e+00
-1.672520e-01 1.932700e-02 2.394073e+00
-3.745000e-01 -5.641850e-01 2.631783e+00
-1.153270e-01 -5.592960e-01 2.640307e+00
-3.665340e-01 -9.884870e-01 2.701096e+00
-1.000000e-01 -9.864010e-01 2.687704e+00
-3.829330e-01 -1.017099e+00 2.527831e+00
-1.071920e-01 -1.006093e+00 2.512579e+00
-2.548720e-01 6.159860e-01 2.549331e+00
-4.528700e-01 3.210260e-01 2.640538e+00
-7.941000e-02 3.280740e-01 2.673749e+00
-2.612080e-01 3.820040e-01 2.589483e+00
-2.698590e-01 1.785160e-01 2.729948e+00
-4.522540e-01 -3.511400e-02 2.607316e+00
-6.091500e-02 -2.566800e-02 2.635960e+00
-2.650510e-01 -4.021900e-02 2.740552e+00
-5.498650e-01 7.976600e-02 2.691199e+00
6.673000e-03 7.753900e-02 2.672095e+00
-4.088680e-01 1.088400e-02 2.459846e+00
-1.003560e-01 -7.486600e-02 2.463609e+00
-3.547400e-01 1.261900e-02 2.412511e+00
-1.476220e-01 -5.726800e-02 2.412330e+00
-3.564180e-01 -5.832110e-01 2.679231e+00
-8.970700e-02 -5.756090e-01 2.594372e+00
-3.499100e-01 -1.009951e+00 2.731673e+00
-1.134360e-01 -9.935680e-01 2.692595e+00
-3.372190e-01 -1.031218e+00 2.557045e+00
-7.522300e-02 -1.035013e+00 2.525472e+00
-2.640180e-01 5.835520e-01 2.546943e+00
-4.592580e-01 3.052130e-01 2.650540e+00
-8.494100e-02 3.198320e-01 2.667794e+00
-2.708260e-01 3.647810e-01 2.587260e+00
-2.704780e-01 1.723470e-01 2.742765e+00
-4.580700e-01 -5.193900e-02 2.624319e+00
-6.619900e-02 -3.957400e-02 2.642778e+00
-2.674290e-01 -5.573000e-02 2.752634e+00
-5.427360e-01 5.338600e-02 2.682313e+00
-1.299400e-02 6.309500e-02 2.685257e+00
-3.967310e-01 -2.458400e-02 2.454051e+00
-5.994100e-02 -1.644260e-01 2.525475e+00
-3.540550e-01 -3.328500e-02 2.396811e+00
-9.994000e-02 -1.744010e-01 2.466535e+00
-3.576230e-01 -5.982800e-01 2.699280e+00
-1.029090e-01 -5.911760e-01 2.593284e+00
-3.621640e-01 -1.023675e+00 2.761878e+00
-1.152750e-01 -1.007659e+00 2.699534e+00
-3.531490e-01 -1.049414e+00 2.587624e+00
-8.450900e-02 -1.051447e+00 2.531474e+00
-2.820300e-01 5.737510e-01 2.561805e+00
-4.462460e-01 3.170880e-01 2.650768e+00
-7.156800e-02 3.312290e-01 2.657192e+00
-2.594660e-01 3.727890e-01 2.579562e+00
-2.553280e-01 1.882880e-01 2.744349e+00
-4.603020e-01 -4.201900e-02 2.639152e+00
-6.800700e-02 -3.158900e-02 2.646377e+00
-2.659980e-01 -4.984200e-02 2.761657e+00
-5.366810e-01 6.513700e-02 2.677125e+00
-9.940000e-03 7.198100e-02 2.693867e+00
-3.810790e-01 -4.551000e-02 2.467098e+00
-4.695500e-02 -1.805360e-01 2.569642e+00
-3.519900e-01 -6.809600e-02 2.405315e+00
-6.444400e-02 -2.169100e-01 2.510108e+00
-3.641750e-01 -5.917260e-01 2.686037e+00
-9.963200e-02 -5.825000e-01 2.611840e+00
-3.628460e-01 -1.019100e+00 2.733468e+00
-1.352990e-01 -9.988730e-01 2.713136e+00
-3.596950e-01 -1.038543e+00 2.558196e+00
-1.033330e-01 -1.042456e+00 2.545246e+00
-2.729500e-01 5.933660e-01 2.548057e+00
-4.333120e-01 3.263490e-01 2.657566e+00
-5.838900e-02 3.329130e-01 2.653754e+00
-2.474520e-01 3.777070e-01 2.580899e+00
-2.425550e-01 1.943930e-01 2.746984e+00
-4.518930e-01 -3.672200e-02 2.642468e+00
-5.957600e-02 -3.207000e-02 2.653511e+00
-2.589340e-01 -4.690400e-02 2.766910e+00
-5.270100e-01 7.264300e-02 2.684654e+00
2.960000e-04 6.895900e-02 2.681400e+00
-3.968150e-01 -1.003710e-01 2.496551e+00
-2.135400e-02 -2.074980e-01 2.608116e+00
-3.755470e-01 -1.167510e-01 2.429822e+00
-3.091000e-02 -2.511290e-01 2.551740e+00
-3.625430e-01 -5.887250e-01 2.683893e+00
-1.126030e-01 -5.853250e-01 2.631550e+00
-3.647850e-01 -1.016921e+00 2.723178e+00
-1.106490e-01 -1.003007e+00 2.733719e+00
-3.602920e-01 -1.033053e+00 2.547600e+00
-9.183500e-02 -1.044592e+00 2.563352e+00
-2.578030e-01 5.961770e-01 2.550356e+00
-4.155940e-01 3.241290e-01 2.684547e+00
-4.187200e-02 3.131150e-01 2.655642e+00
-2.327210e-01 3.711710e-01 2.598499e+00
-2.264570e-01 1.780840e-01 2.753066e+00
-4.285800e-01 -3.730600e-02 2.658620e+00
-3.623800e-02 -4.269400e-02 2.648870e+00
-2.296090e-01 -5.147500e-02 2.772780e+00
-4.908480e-01 5.736400e-02 2.717984e+00
2.086100e-02 4.146200e-02 2.670271e+00
-4.409060e-01 -1.914080e-01 2.568274e+00
4.670000e-04 -2.509610e-01 2.640826e+00
-4.270030e-01 -2.534910e-01 2.534724e+00
-4.631000e-03 -3.118620e-01 2.602900e+00
-3.694630e-01 -5.915430e-01 2.668067e+00
-1.302420e-01 -5.949150e-01 2.690194e+00
-3.665660e-01 -1.017337e+00 2.727997e+00
-1.236180e-01 -1.015756e+00 2.778224e+00
-3.777920e-01 -1.041944e+00 2.553708e+00
-1.260240e-01 -1.051901e+00 2.605609e+00
-2.320600e-01 5.756790e-01 2.558467e+00
-3.972550e-01 3.099030e-01 2.685528e+00
-2.366800e-02 2.991620e-01 2.654827e+00
-2.150450e-01 3.546240e-01 2.596876e+00
-2.072160e-01 1.668810e-01 2.757823e+00
-4.209430e-01 -4.465600e-02 2.668185e+00
-2.918400e-02 -5.774400e-02 2.647929e+00
-2.191810e-01 -5.958000e-02 2.777238e+00
-4.644860e-01 3.668500e-02 2.723316e+00
2.782700e-02 2.022100e-02 2.666497e+00
-4.673790e-01 -2.461390e-01 2.624582e+00
4.246000e-03 -2.781600e-01 2.653901e+00
-4.574560e-01 -3.038130e-01 2.582766e+00
1.914000e-03 -3.469560e-01 2.633043e+00
-3.893590e-01 -5.968780e-01 2.637506e+00
-1.397400e-01 -6.049110e-01 2.721683e+00
-3.681310e-01 -1.018958e+00 2.716865e+00
-1.164270e-01 -1.029458e+00 2.785843e+00
-3.986100e-01 -1.052538e+00 2.546419e+00
-1.265440e-01 -1.056314e+00 2.611818e+00
-1.948970e-01 5.681120e-01 2.556756e+00
-3.894010e-01 3.157060e-01 2.680504e+00
-1.503000e-02 3.045700e-01 2.661873e+00
-2.044490e-01 3.591140e-01 2.597029e+00
-2.018030e-01 1.738280e-01 2.760966e+00
-4.217160e-01 -3.775500e-02 2.660983e+00
-2.981300e-02 -5.866900e-02 2.666516e+00
-2.278870e-01 -5.641500e-02 2.783068e+00
-4.617870e-01 4.363300e-02 2.735013e+00
3.086200e-02 2.166800e-02 2.671641e+00
-4.758130e-01 -2.524250e-01 2.673991e+00
-2.920000e-04 -2.793290e-01 2.672646e+00
-4.896200e-01 -3.226130e-01 2.666487e+00
1.050000e-03 -3.382250e-01 2.631381e+00
-3.958370e-01 -5.910950e-01 2.630343e+00
-1.343920e-01 -6.026020e-01 2.734646e+00
-3.724120e-01 -1.009912e+00 2.724915e+00
-1.085440e-01 -1.029154e+00 2.782452e+00
-3.968860e-01 -1.049686e+00 2.554835e+00
-1.082630e-01 -1.048782e+00 2.607173e+00
-2.019430e-01 5.739000e-01 2.558309e+00
-3.853640e-01 3.168320e-01 2.682436e+00
-1.074800e-02 3.090840e-01 2.667357e+00
-2.000400e-01 3.616850e-01 2.600567e+00
-1.972380e-01 1.769310e-01 2.765099e+00
-4.167810e-01 -2.640500e-02 2.685464e+00
-2.683400e-02 -6.227400e-02 2.658788e+00
-2.147700e-01 -5.620500e-02 2.790947e+00
-4.779730e-01 5.097800e-02 2.748336e+00
3.868600e-02 2.480400e-02 2.685751e+00
-4.944030e-01 -2.527830e-01 2.724935e+00
-5.930000e-03 -2.764490e-01 2.667188e+00
-4.854630e-01 -3.238800e-01 2.718719e+00
-8.298000e-03 -3.294780e-01 2.618653e+00
-3.807100e-01 -5.874530e-01 2.652653e+00
-1.243150e-01 -5.996900e-01 2.737826e+00
-3.701880e-01 -1.009211e+00 2.735781e+00
-1.167430e-01 -1.026986e+00 2.785372e+00
-3.970950e-01 -1.043565e+00 2.564890e+00
-1.316180e-01 -1.046682e+00 2.610733e+00
-1.989790e-01 5.806230e-01 2.577933e+00
-3.918360e-01 3.153370e-01 2.683017e+00
-1.699800e-02 3.081880e-01 2.674617e+00
-2.051100e-01 3.617820e-01 2.605327e+00
-2.050730e-01 1.741790e-01 2.766627e+00
-4.160300e-01 -3.246900e-02 2.673793e+00
-2.527500e-02 -6.855900e-02 2.665737e+00
-2.190400e-01 -5.968000e-02 2.789022e+00
-4.794710e-01 4.795300e-02 2.754186e+00
3.660400e-02 2.392500e-02 2.698280e+00
-4.935160e-01 -2.576060e-01 2.738723e+00
-4.217000e-03 -2.781500e-01 2.668495e+00
-4.916160e-01 -3.278190e-01 2.723238e+00
-5.959000e-03 -3.311890e-01 2.619944e+00
-3.606860e-01 -5.966130e-01 2.682553e+00
-1.238500e-01 -6.059680e-01 2.742083e+00
-3.564700e-01 -1.021101e+00 2.751055e+00
-1.115270e-01 -1.034266e+00 2.778263e+00
-3.674290e-01 -1.049252e+00 2.577287e+00
-1.185030e-01 -1.049299e+00 2.602668e+00
-2.026030e-01 5.783810e-01 2.581578e+00
-3.990250e-01 3.142200e-01 2.681794e+00
-2.418000e-02 3.043550e-01 2.677399e+00
-2.111460e-01 3.593610e-01 2.606141e+00
-2.141970e-01 1.716520e-01 2.767290e+00
-4.241910e-01 -3.981100e-02 2.683244e+00
-3.325100e-02 -6.025600e-02 2.654887e+00
-2.204780e-01 -5.759500e-02 2.788161e+00
-4.743800e-01 4.286000e-02 2.756795e+00
2.820300e-02 1.850300e-02 2.699419e+00
-4.879210e-01 -2.636250e-01 2.735172e+00
-3.407000e-03 -2.861790e-01 2.671973e+00
-4.666200e-01 -3.296330e-01 2.716130e+00
-2.900000e-04 -3.339270e-01 2.618272e+00
-3.411420e-01 -6.009110e-01 2.703804e+00
-1.199190e-01 -6.036110e-01 2.731456e+00
-3.556200e-01 -1.026191e+00 2.765672e+00
-1.195790e-01 -1.030026e+00 2.786866e+00
-3.702460e-01 -1.051007e+00 2.591665e+00
-1.328180e-01 -1.052700e+00 2.612456e+00
-2.068350e-01 5.801800e-01 2.587914e+00
-4.051130e-01 3.178480e-01 2.687355e+00
-3.048300e-02 3.039830e-01 2.678143e+00
-2.176960e-01 3.620010e-01 2.609993e+00
-2.208250e-01 1.721050e-01 2.768556e+00
-4.252570e-01 -3.498300e-02 2.675031e+00
-3.362000e-02 -5.978200e-02 2.667185e+00
-2.275830e-01 -5.582200e-02 2.790415e+00
-4.782800e-01 3.925400e-02 2.740369e+00
1.979700e-02 1.573100e-02 2.690837e+00
-4.767280e-01 -2.683020e-01 2.709969e+00
-9.181000e-03 -2.898350e-01 2.654685e+00
-4.749020e-01 -3.367690e-01 2.688009e+00
-1.525000e-02 -3.554150e-01 2.625775e+00
-3.497100e-01 -5.949120e-01 2.720959e+00
-1.228610e-01 -6.024180e-01 2.732363e+00
-3.619770e-01 -1.020847e+00 2.778654e+00
-1.210300e-01 -1.030582e+00 2.772017e+00
-3.675880e-01 -1.044351e+00 2.603942e+00
-1.256720e-01 -1.046861e+00 2.596456e+00
-2.166950e-01 5.837000e-01 2.587017e+00
