-3.911690e-01 3.367880e-01 2.629588e+00
-5.932700e-02 3.469920e-01 2.630143e+00
-2.210110e-01 2.001230e-01 2.702858e+00
-3.824200e-02 -1.842400e-02 2.595452e+00
-4.422690e-01 6.166900e-02 2.685804e+00
-4.562730e-01 -2.322990e-01 2.701105e+00
-4.592610e-01 -2.948560e-01 2.703972e+00
-3.231170e-01 -5.641700e-01 2.697237e+00
-3.327350e-01 -1.003885e+00 2.741079e+00
-3.229550e-01 -1.018885e+00 2.592782e+00
-2.334160e-01 6.488410e-01 2.533735e+00
-4.954800e-02 3.447640e-01 2.634246e+00
-2.173860e-01 2.046360e-01 2.706317e+00
-3.641500e-02 -1.495600e-02 2.599869e+00
-4.305860e-01 6.793100e-02 2.675339e+00
-4.470910e-01 -2.250020e-01 2.707378e+00
-4.504930e-01 -2.872510e-01 2.714010e+00
-3.167340e-01 -5.643500e-01 2.692383e+00
-3.329540e-01 -1.003445e+00 2.740302e+00
-3.209700e-01 -1.020036e+00 2.592335e+00
-2.195610e-01 6.513930e-01 2.534983e+00
-4.506300e-02 3.391490e-01 2.637343e+00
-2.158390e-01 2.014800e-01 2.707218e+00
-3.431600e-02 -2.345300e-02 2.580066e+00
-4.447950e-01 7.164700e-02 2.688917e+00
-4.379680e-01 -2.263330e-01 2.691869e+00
-4.369620e-01 -2.890020e-01 2.693278e+00
-3.137890e-01 -5.620330e-01 2.688379e+00
-3.313290e-01 -1.000597e+00 2.740508e+00
-3.353030e-01 -1.018066e+00 2.592211e+00
-2.071610e-01 6.484650e-01 2.541078e+00
-4.163800e-02 3.378420e-01 2.640173e+00
-2.055200e-01 1.900800e-01 2.705816e+00
-2.985900e-02 -2.676900e-02 2.583439e+00
-4.506430e-01 5.268400e-02 2.670760e+00
-4.352080e-01 -2.458950e-01 2.666177e+00
-4.531660e-01 -2.885420e-01 2.708476e+00
-3.119240e-01 -5.631730e-01 2.688811e+00
-3.297260e-01 -1.001867e+00 2.739755e+00
-3.324050e-01 -1.018987e+00 2.591388e+00
-2.004820e-01 6.431020e-01 2.539859e+00
-3.590600e-02 3.410830e-01 2.635727e+00
-1.994330e-01 3.946460e-01 2.534590e+00
-2.040390e-01 1.993790e-01 2.703928e+00
-4.084720e-01 -1.780700e-02 2.586738e+00
-2.665200e-02 -2.952200e-02 2.586098e+00
-2.172700e-01 -2.022600e-02 2.697613e+00
-4.480830e-01 6.735200e-02 2.668684e+00
2.070700e-02 5.752900e-02 2.626648e+00
-4.455900e-01 -2.300960e-01 2.641435e+00
-1.258500e-02 -2.296060e-01 2.551356e+00
-4.266240e-01 -2.892850e-01 2.649647e+00
-2.774700e-02 -2.894930e-01 2.540670e+00
-3.083970e-01 -5.596710e-01 2.686326e+00
-1.063830e-01 -5.687830e-01 2.653330e+00
-3.308800e-01 -9.977780e-01 2.740375e+00
-8.811400e-02 -1.001203e+00 2.743016e+00
-3.313660e-01 -1.016043e+00 2.592122e+00
-8.770200e-02 -1.031522e+00 2.596750e+00
-1.942040e-01 6.511100e-01 2.539933e+00
-3.660480e-01 3.416760e-01 2.622928e+00
-3.431200e-02 3.328970e-01 2.632826e+00
-1.959100e-01 3.871590e-01 2.528997e+00
-2.061600e-01 1.973330e-01 2.704172e+00
-4.033080e-01 -2.449400e-02 2.585847e+00
-2.132600e-02 -2.784400e-02 2.584327e+00
-2.118380e-01 -2.202400e-02 2.696257e+00
-4.381410e-01 6.304800e-02 2.660131e+00
2.323200e-02 4.858200e-02 2.624519e+00
-4.451680e-01 -2.333240e-01 2.616568e+00
-1.153000e-03 -2.422020e-01 2.556452e+00
-4.213450e-01 -2.912600e-01 2.619090e+00
-1.922800e-02 -3.005980e-01 2.542534e+00
-3.033520e-01 -5.636760e-01 2.686370e+00
-9.836800e-02 -5.703540e-01 2.646969e+00
-3.324280e-01 -1.002022e+00 2.735063e+00
-8.868600e-02 -1.001523e+00 2.743734e+00
-3.321970e-01 -1.018529e+00 2.586603e+00
-8.717300e-02 -1.034199e+00 2.597985e+00
-1.834140e-01 6.475300e-01 2.531336e+00
-3.594210e-01 3.414400e-01 2.635205e+00
-2.797300e-02 3.374900e-01 2.616484e+00
-1.986900e-01 3.892290e-01 2.526944e+00
-1.910390e-01 1.995660e-01 2.702429e+00
-3.980520e-01 -2.569200e-02 2.581443e+00
-1.607300e-02 -2.799800e-02 2.584664e+00
-2.079700e-01 -2.198600e-02 2.694192e+00
-4.313510e-01 6.047600e-02 2.651973e+00
2.499300e-02 5.194000e-02 2.623662e+00
-4.392270e-01 -2.357810e-01 2.605656e+00
4.812000e-03 -2.402640e-01 2.558971e+00
-4.185460e-01 -2.914000e-01 2.585424e+00
-1.900000e-04 -3.015500e-01 2.546743e+00
-3.024340e-01 -5.652160e-01 2.680112e+00
-9.735300e-02 -5.715310e-01 2.643614e+00
-3.356080e-01 -1.002707e+00 2.733643e+00
-9.107100e-02 -1.002422e+00 2.741886e+00
-3.335420e-01 -1.021002e+00 2.585407e+00
-8.767500e-02 -1.035581e+00 2.596277e+00
-1.786720e-01 6.489460e-01 2.528525e+00
-3.552420e-01 3.464000e-01 2.634076e+00
-2.461100e-02 3.412930e-01 2.604398e+00
-1.981580e-01 3.912150e-01 2.519381e+00
-1.848930e-01 2.058360e-01 2.699059e+00
-3.957070e-01 -2.330700e-02 2.596140e+00
-1.429000e-02 -2.633100e-02 2.575266e+00
-1.988900e-01 -2.044700e-02 2.696697e+00
-4.285710e-01 6.649200e-02 2.654733e+00
2.541100e-02 5.577200e-02 2.615695e+00
-4.333280e-01 -2.294960e-01 2.609076e+00
1.217400e-02 -2.375440e-01 2.556480e+00
-4.078000e-01 -2.812760e-01 2.584630e+00
-4.498000e-03 -2.950400e-01 2.537857e+00
-3.050550e-01 -5.676790e-01 2.660313e+00
-1.006850e-01 -5.698370e-01 2.642807e+00
-3.308620e-01 -1.003764e+00 2.727604e+00
-9.080900e-02 -1.001875e+00 2.735596e+00
-3.391410e-01 -1.026030e+00 2.580130e+00
-9.757600e-02 -1.033356e+00 2.589733e+00
-1.784970e-01 6.528790e-01 2.525552e+00
-3.410250e-01 3.412130e-01 2.624108e+00
-1.037400e-02 3.389050e-01 2.594303e+00
-1.844570e-01 3.855660e-01 2.508532e+00
-1.692390e-01 2.035420e-01 2.691456e+00
-3.845850e-01 -2.080800e-02 2.602108e+00
-3.419000e-03 -2.947100e-02 2.578424e+00
-1.870020e-01 -2.040500e-02 2.701193e+00
-4.131280e-01 6.559000e-02 2.667178e+00
4.018600e-02 5.531300e-02 2.600751e+00
-4.294600e-01 -2.248750e-01 2.604932e+00
1.532200e-02 -2.378850e-01 2.556836e+00
-4.185150e-01 -2.865760e-01 2.603009e+00
-3.794000e-03 -2.958870e-01 2.542667e+00
-3.042790e-01 -5.709750e-01 2.610913e+00
-1.023420e-01 -5.731080e-01 2.636047e+00
-3.328690e-01 -1.001359e+00 2.707433e+00
-8.711500e-02 -1.002902e+00 2.738076e+00
-3.439610e-01 -1.033255e+00 2.561925e+00
-9.556700e-02 -1.037631e+00 2.593040e+00
-1.629360e-01 6.468460e-01 2.517618e+00
-3.334340e-01 3.341730e-01 2.623144e+00
-4.235000e-03 3.343480e-01 2.580106e+00
-1.821650e-01 3.760010e-01 2.499828e+00
-1.574230e-01 2.008830e-01 2.688368e+00
-3.804310e-01 -2.079800e-02 2.608924e+00
-2.660000e-04 -4.128700e-02 2.577642e+00
-1.808390e-01 -2.342200e-02 2.703861e+00
-4.026510e-01 6.498000e-02 2.693268e+00
4.524100e-02 5.201500e-02 2.583676e+00
-4.301960e-01 -2.154050e-01 2.602541e+00
9.848000e-03 -2.393220e-01 2.545258e+00
-4.428500e-01 -2.760130e-01 2.592690e+00
-1.249200e-02 -2.941730e-01 2.524698e+00
-3.142160e-01 -5.726620e-01 2.583239e+00
-1.002260e-01 -5.811820e-01 2.638765e+00
-3.417590e-01 -1.002233e+00 2.683610e+00
-8.730300e-02 -1.012558e+00 2.734222e+00
-3.574340e-01 -1.035078e+00 2.538736e+00
-9.900100e-02 -1.045066e+00 2.588897e+00
-1.540660e-01 6.350370e-01 2.508981e+00
-3.308410e-01 3.358080e-01 2.627913e+00
-3.742000e-03 3.309000e-01 2.571290e+00
-1.843140e-01 3.736490e-01 2.497772e+00
-1.539760e-01 2.012290e-01 2.687974e+00
-3.795970e-01 -2.393600e-02 2.621757e+00
-1.965000e-03 -4.718300e-02 2.569054e+00
-1.748130e-01 -2.450900e-02 2.704946e+00
-4.009460e-01 7.740700e-02 2.724849e+00
4.991400e-02 5.150200e-02 2.583136e+00
-4.229320e-01 -1.830580e-01 2.590245e+00
7.710000e-03 -2.294840e-01 2.507578e+00
-4.283320e-01 -2.385940e-01 2.561662e+00
-3.419000e-02 -2.697570e-01 2.484061e+00
-3.297980e-01 -5.702180e-01 2.552991e+00
-1.079400e-01 -5.864290e-01 2.637151e+00
-3.472930e-01 -9.953760e-01 2.672566e+00
-8.550100e-02 -1.018285e+00 2.728589e+00
-3.743430e-01 -1.034117e+00 2.530861e+00
-1.063600e-01 -1.049960e+00 2.584109e+00
-1.629910e-01 6.258320e-01 2.480219e+00
-3.407760e-01 3.622820e-01 2.605053e+00
-1.121800e-02 3.590590e-01 2.564991e+00
-1.883620e-01 3.954020e-01 2.480506e+00
-1.656050e-01 2.334920e-01 2.680739e+00
-3.871680e-01 -3.156000e-03 2.611367e+00
-7.808000e-03 -2.943500e-02 2.575040e+00
-1.859220e-01 -7.580000e-04 2.702752e+00
-4.056820e-01 1.321190e-01 2.747971e+00
5.269700e-02 9.289000e-02 2.616786e+00
-4.258190e-01 -8.091000e-02 2.555727e+00
-1.720600e-02 -1.174950e-01 2.433493e+00
-4.301340e-01 -1.269230e-01 2.513363e+00
-3.246300e-02 -1.633150e-01 2.393515e+00
-3.299100e-01 -5.527230e-01 2.566715e+00
-1.105150e-01 -5.686680e-01 2.612339e+00
-3.405310e-01 -9.821730e-01 2.670754e+00
-7.638300e-02 -9.979280e-01 2.712014e+00
-3.612680e-01 -1.016518e+00 2.526868e+00
-8.999000e-02 -1.032599e+00 2.567357e+00
-1.750580e-01 6.531960e-01 2.473761e+00
-3.619160e-01 3.856070e-01 2.585305e+00
-3.016100e-02 3.861720e-01 2.572563e+00
-2.001740e-01 4.169980e-01 2.472643e+00
-1.919680e-01 2.620780e-01 2.679423e+00
-3.978210e-01 9.675000e-03 2.591599e+00
-1.608400e-02 -4.046000e-03 2.595216e+00
-2.074110e-01 1.907700e-02 2.703460e+00
-4.188410e-01 1.565800e-01 2.724602e+00
2.658900e-02 1.299840e-01 2.651582e+00
-4.332090e-01 -3.193200e-02 2.514080e+00
-2.875200e-02 -1.890000e-02 2.417416e+00
-4.357400e-01 -7.276600e-02 2.466575e+00
-4.111100e-02 -5.100500e-02 2.365005e+00
-3.204840e-01 -5.405660e-01 2.594904e+00
-1.002840e-01 -5.454900e-01 2.585683e+00
-3.400050e-01 -9.743240e-01 2.677587e+00
-7.091900e-02 -9.739270e-01 2.690293e+00
-3.419360e-01 -1.002208e+00 2.530851e+00
-6.570400e-02 -1.009000e+00 2.545188e+00
-1.938440e-01 6.789830e-01 2.467302e+00
-3.861830e-01 3.904920e-01 2.572582e+00
-5.457900e-02 3.855420e-01 2.588031e+00
-2.149690e-01 4.180780e-01 2.473772e+00
-2.269470e-01 2.652090e-01 2.681890e+00
-4.103210e-01 1.081800e-02 2.594939e+00
-2.865700e-02 1.939500e-02 2.608455e+00
-2.236360e-01 2.518100e-02 2.712410e+00
-4.403050e-01 1.524190e-01 2.689276e+00
1.396900e-02 1.408350e-01 2.681009e+00
-4.278130e-01 -1.148000e-03 2.456193e+00
-4.014600e-02 1.578500e-02 2.437081e+00
-4.252110e-01 -3.413100e-02 2.402941e+00
-5.238700e-02 -1.200100e-02 2.382231e+00
-3.315490e-01 -5.332490e-01 2.622742e+00
-7.860000e-02 -5.163650e-01 2.518770e+00
-3.403230e-01 -9.695030e-01 2.693237e+00
-6.463300e-02 -9.391070e-01 2.647059e+00
-3.381280e-01 -9.933720e-01 2.545798e+00
-4.529300e-02 -9.815340e-01 2.505148e+00
-2.076430e-01 6.656360e-01 2.461980e+00
-4.093350e-01 3.312470e-01 2.571845e+00
-8.051300e-02 3.464200e-01 2.615080e+00
-2.327470e-01 3.731870e-01 2.488800e+00
-2.517800e-01 2.120970e-01 2.690079e+00
-4.254350e-01 -2.437700e-02 2.595304e+00
-4.586900e-02 -1.280600e-02 2.636775e+00
-2.478390e-01 -1.493000e-02 2.726557e+00
-4.572470e-01 7.920300e-02 2.641264e+00
-1.718600e-02 1.064700e-01 2.710237e+00
-4.316870e-01 -5.881000e-03 2.381613e+00
-3.208800e-02 -2.928800e-02 2.472205e+00
-3.994400e-01 2.437300e-02 2.337169e+00
-3.584300e-02 -5.908500e-02 2.417173e+00
-3.305260e-01 -5.683160e-01 2.641431e+00
-6.858000e-02 -5.173120e-01 2.450040e+00
-3.390860e-01 -1.003612e+00 2.717643e+00
-6.216600e-02 -9.235860e-01 2.624006e+00
-3.241260e-01 -1.029528e+00 2.571296e+00
-2.730900e-02 -9.802960e-01 2.490283e+00
-2.618000e-01 6.094090e-01 2.470343e+00
-4.091250e-01 3.440650e-01 2.577608e+00
-7.863000e-02 3.651220e-01 2.601128e+00
-2.385120e-01 3.881920e-01 2.483892e+00
-2.428180e-01 2.286450e-01 2.687244e+00
-4.212130e-01 -2.153500e-02 2.600904e+00
-3.938700e-02 -1.374700e-02 2.609386e+00
-2.329380e-01 -9.077000e-03 2.716031e+00
-4.866240e-01 9.486500e-02 2.601572e+00
-1.291400e-02 1.429640e-01 2.723636e+00
-4.113640e-01 4.766000e-02 2.345976e+00
-3.542500e-02 -2.872000e-03 2.496817e+00
-3.754270e-01 8.723200e-02 2.313218e+00
-4.080100e-02 -3.450600e-02 2.442957e+00
-3.387340e-01 -5.655080e-01 2.642040e+00
-8.030800e-02 -5.261720e-01 2.450789e+00
-3.438530e-01 -1.000228e+00 2.721764e+00
-7.426400e-02 -9.253510e-01 2.640482e+00
-3.430000e-01 -1.027183e+00 2.574844e+00
-4.862900e-02 -9.881960e-01 2.507418e+00
-2.516360e-01 6.369240e-01 2.474930e+00
-3.990670e-01 3.722550e-01 2.577396e+00
-6.781900e-02 3.912090e-01 2.589202e+00
-2.315750e-01 4.149410e-01 2.477581e+00
-2.297550e-01 2.561080e-01 2.681528e+00
-4.165100e-01 -7.038000e-03 2.594563e+00
-3.507500e-02 1.177500e-02 2.585766e+00
-2.238130e-01 1.394700e-02 2.700790e+00
-4.669620e-01 1.376190e-01 2.663706e+00
4.623000e-03 1.755010e-01 2.713039e+00
-3.904830e-01 1.203400e-01 2.407966e+00
-3.579500e-02 4.558500e-02 2.482737e+00
-3.676990e-01 1.321530e-01 2.350766e+00
-4.613200e-02 1.793500e-02 2.427428e+00
-3.292930e-01 -5.466190e-01 2.643283e+00
-9.160600e-02 -5.244530e-01 2.488857e+00
-3.434780e-01 -9.825620e-01 2.714812e+00
-9.012700e-02 -9.386410e-01 2.643163e+00
-3.475930e-01 -1.006608e+00 2.567442e+00
-7.601800e-02 -9.905120e-01 2.503795e+00
-2.407150e-01 6.765970e-01 2.480409e+00
-3.730470e-01 3.836880e-01 2.613242e+00
-4.415000e-02 3.954730e-01 2.569519e+00
-2.236380e-01 4.287800e-01 2.488814e+00
-1.920270e-01 2.584610e-01 2.680693e+00
-3.979750e-01 1.266900e-02 2.605348e+00
-1.929900e-02 1.702300e-02 2.555257e+00
-1.941820e-01 2.310000e-02 2.690298e+00
-4.519990e-01 1.543260e-01 2.694805e+00
3.056900e-02 1.639450e-01 2.648922e+00
-3.513300e-01 1.012450e-01 2.456328e+00
-2.943600e-02 1.764500e-02 2.437217e+00
-3.272970e-01 9.191400e-02 2.399180e+00
-5.976300e-02 3.658700e-02 2.385720e+00
-3.396550e-01 -5.308470e-01 2.594983e+00
-1.034180e-01 -5.320520e-01 2.574561e+00
-3.529750e-01 -9.640820e-01 2.681551e+00
-9.775700e-02 -9.622270e-01 2.675960e+00
-3.786560e-01 -9.921550e-01 2.537103e+00
-1.119310e-01 -9.965200e-01 2.531268e+00
-2.168680e-01 6.789960e-01 2.501828e+00
-3.584350e-01 3.532590e-01 2.643170e+00
-3.467700e-02 3.556910e-01 2.569694e+00
-2.190090e-01 4.024500e-01 2.509083e+00
-1.780560e-01 2.159720e-01 2.683365e+00
-3.897890e-01 -1.056700e-02 2.627073e+00
-1.609600e-02 -4.856000e-03 2.548049e+00
-1.800260e-01 -2.579000e-03 2.696302e+00
-4.367720e-01 1.205750e-01 2.719316e+00
3.926300e-02 1.102150e-01 2.588442e+00
-3.530860e-01 3.444900e-02 2.482621e+00
-3.702500e-02 -2.063000e-02 2.370485e+00
-3.338410e-01 1.731200e-02 2.425468e+00
-6.963100e-02 -1.338000e-03 2.320534e+00
-3.637470e-01 -5.414890e-01 2.530625e+00
-1.113870e-01 -5.545990e-01 2.600150e+00
-3.591590e-01 -9.639700e-01 2.660444e+00
-1.085240e-01 -9.867710e-01 2.692798e+00
-4.060830e-01 -1.006089e+00 2.525030e+00
-1.368580e-01 -1.017693e+00 2.549431e+00
-1.988730e-01 6.339710e-01 2.505517e+00
-3.487840e-01 3.458700e-01 2.631921e+00
-2.126900e-02 3.439500e-01 2.577566e+00
-2.015700e-01 3.870310e-01 2.503577e+00
-1.715470e-01 2.112100e-01 2.690689e+00
-3.844730e-01 -1.436300e-02 2.622471e+00
-8.622000e-03 -2.718200e-02 2.555423e+00
-1.768350e-01 -1.452700e-02 2.698256e+00
-4.251460e-01 1.305810e-01 2.751863e+00
7.314300e-02 1.052130e-01 2.551919e+00
-3.689190e-01 4.041000e-02 2.507577e+00
-5.063900e-02 7.021000e-03 2.337433e+00
-3.547980e-01 2.232400e-02 2.449234e+00
-9.141300e-02 3.099900e-02 2.296287e+00
-3.626830e-01 -5.483940e-01 2.519722e+00
-1.022640e-01 -5.709470e-01 2.606124e+00
-3.601690e-01 -9.672630e-01 2.660813e+00
-1.120550e-01 -1.003059e+00 2.698576e+00
-4.027500e-01 -1.013197e+00 2.525204e+00
-1.347490e-01 -1.033456e+00 2.554099e+00
-1.883320e-01 6.344630e-01 2.508439e+00
-3.608550e-01 3.869470e-01 2.610523e+00
-3.032100e-02 3.912440e-01 2.579653e+00
-2.057470e-01 4.276620e-01 2.491685e+00
-1.853920e-01 2.584770e-01 2.686076e+00
-3.906380e-01 2.453500e-02 2.603691e+00
-1.133700e-02 -6.100000e-03 2.570277e+00
-1.901930e-01 2.305000e-02 2.696840e+00
-4.315840e-01 1.787130e-01 2.741472e+00
6.370700e-02 1.545220e-01 2.604813e+00
-3.671460e-01 1.255350e-01 2.490748e+00
-6.962300e-02 8.170900e-02 2.388562e+00
-3.503860e-01 1.157680e-01 2.431131e+00
-1.086410e-01 1.105350e-01 2.348848e+00
-3.308070e-01 -5.274890e-01 2.563332e+00
-9.681100e-02 -5.427130e-01 2.615539e+00
-3.299730e-01 -9.552960e-01 2.674440e+00
-8.749100e-02 -9.778250e-01 2.692710e+00
-3.502530e-01 -9.925340e-01 2.531210e+00
-9.812800e-02 -1.004065e+00 2.546043e+00
-2.042860e-01 6.912600e-01 2.510721e+00
-3.748210e-01 3.941500e-01 2.607631e+00
-4.325000e-02 4.015770e-01 2.592502e+00
-2.146380e-01 4.373170e-01 2.496651e+00
-2.019780e-01 2.664840e-01 2.690252e+00
-4.009920e-01 2.300600e-02 2.596910e+00
-1.935000e-02 1.643900e-02 2.581720e+00
-2.055760e-01 3.093500e-02 2.699901e+00
-4.470750e-01 1.714620e-01 2.706423e+00
4.603700e-02 1.682180e-01 2.638779e+00
-3.617960e-01 1.226370e-01 2.463146e+00
-7.853500e-02 8.049800e-02 2.425175e+00
-3.412540e-01 1.146050e-01 2.404461e+00
-1.087670e-01 1.142680e-01 2.381862e+00
-3.103090e-01 -5.265970e-01 2.615072e+00
-8.950600e-02 -5.270880e-01 2.578076e+00
-3.206200e-01 -9.603820e-01 2.699263e+00
-7.085200e-02 -9.581880e-01 2.673831e+00
-3.283030e-01 -9.886280e-01 2.552784e+00
-6.984200e-02 -9.905350e-01 2.528004e+00
-2.161480e-01 6.946770e-01 2.522168e+00
-3.833770e-01 3.671990e-01 2.598054e+00
-5.319000e-02 3.745790e-01 2.631909e+00
-2.088380e-01 4.142110e-01 2.513411e+00
-2.240150e-01 2.362000e-01 2.700245e+00
-4.043730e-01 -2.113000e-03 2.596335e+00
-2.268700e-02 7.841000e-03 2.608212e+00
-2.171820e-01 1.053600e-02 2.713197e+00
-4.612310e-01 1.356390e-01 2.664515e+00
3.054800e-02 1.406010e-01 2.680285e+00
-3.666870e-01 4.101600e-02 2.439917e+00
-6.005100e-02 2.447900e-02 2.464314e+00
-3.442270e-01 7.469900e-02 2.392047e+00
-9.049900e-02 4.936600e-02 2.415487e+00
-2.958190e-01 -5.439500e-01 2.665932e+00
-6.334100e-02 -5.263570e-01 2.513273e+00
-3.088600e-01 -9.806540e-01 2.732897e+00
-6.174900e-02 -9.483250e-01 2.644822e+00
-3.037770e-01 -1.003430e+00 2.585356e+00
-3.793100e-02 -9.921310e-01 2.504015e+00
-2.199230e-01 6.505600e-01 2.519200e+00
-3.760090e-01 3.366880e-01 2.600344e+00
-4.532500e-02 3.619370e-01 2.615641e+00
-2.086890e-01 3.866250e-01 2.503654e+00
-2.051170e-01 2.200770e-01 2.701327e+00
-3.990890e-01 -2.993000e-02 2.613384e+00
-1.758900e-02 -1.568400e-02 2.626752e+00
-2.125130e-01 -1.509200e-02 2.730970e+00
-4.711700e-01 1.041410e-01 2.629461e+00
1.800900e-02 1.433350e-01 2.726021e+00
-3.399400e-01 9.391900e-02 2.403882e+00
-3.189000e-03 -4.328800e-02 2.544543e+00
-3.072830e-01 9.574400e-02 2.350397e+00
1.114400e-02 -9.944600e-02 2.520641e+00
-3.032810e-01 -5.709380e-01 2.675410e+00
-5.218600e-02 -5.437520e-01 2.506995e+00
-3.008230e-01 -1.004296e+00 2.762352e+00
-5.327100e-02 -9.619710e-01 2.650019e+00
-2.965560e-01 -1.033643e+00 2.615950e+00
-2.605500e-02 -1.009561e+00 2.511068e+00
-2.273820e-01 6.399210e-01 2.522530e+00
-3.524910e-01 3.626070e-01 2.603017e+00
-2.137200e-02 3.865940e-01 2.600035e+00
-1.903720e-01 4.090030e-01 2.496230e+00
-1.768890e-01 2.479680e-01 2.698001e+00
-3.827850e-01 -5.743000e-03 2.607238e+00
-1.224000e-03 2.731000e-03 2.623480e+00
-1.969000e-01 6.475000e-03 2.726212e+00
-4.484580e-01 1.300680e-01 2.632706e+00
4.331400e-02 1.727450e-01 2.719406e+00
-3.228680e-01 1.674390e-01 2.406347e+00
-2.742000e-03 5.383000e-03 2.523762e+00
-2.918420e-01 1.808090e-01 2.353535e+00
-1.771000e-03 -5.673400e-02 2.515334e+00
-3.040220e-01 -5.476250e-01 2.668816e+00
-6.080900e-02 -5.362500e-01 2.539132e+00
-3.164690e-01 -9.821710e-01 2.748688e+00
-5.170900e-02 -9.539430e-01 2.683402e+00
-3.115350e-01 -1.009296e+00 2.601879e+00
-3.359100e-02 -1.001997e+00 2.543132e+00
-2.083200e-01 6.729490e-01 2.526170e+00
-3.319360e-01 3.648200e-01 2.617274e+00
-1.944000e-03 3.922600e-01 2.593266e+00
-1.778090e-01 4.197390e-01 2.502960e+00
-1.495870e-01 2.459600e-01 2.692249e+00
-3.732260e-01 4.634000e-03 2.619776e+00
7.863000e-03 9.405000e-03 2.593844e+00
-1.752420e-01 1.466800e-02 2.717545e+00
-4.273850e-01 1.356300e-01 2.677130e+00
5.709100e-02 1.687040e-01 2.701704e+00
-3.189570e-01 1.525510e-01 2.437357e+00
3.033900e-02 -2.854600e-02 2.528757e+00
-2.924320e-01 1.595620e-01 2.380986e+00
-2.418000e-03 -3.135300e-02 2.475375e+00
-3.089160e-01 -5.393770e-01 2.632572e+00
-6.295600e-02 -5.383590e-01 2.591912e+00
-3.311060e-01 -9.710020e-01 2.725155e+00
-3.427100e-02 -9.636350e-01 2.708883e+00
-3.458100e-01 -1.001455e+00 2.579658e+00
-3.776600e-02 -1.003457e+00 2.564956e+00
-1.849030e-01 6.701750e-01 2.525135e+00
-3.127400e-01 3.315610e-01 2.647271e+00
1.520000e-02 3.270800e-01 2.595702e+00
-1.639370e-01 3.739010e-01 2.521161e+00
-1.375710e-01 1.935700e-01 2.704495e+00
-3.488770e-01 -2.580400e-02 2.634866e+00
3.119800e-02 -2.645000e-02 2.596565e+00
-1.476850e-01 -2.249300e-02 2.726344e+00
-3.822420e-01 1.061650e-01 2.746477e+00
9.773600e-02 8.537700e-02 2.611289e+00
-3.398130e-01 2.020000e-03 2.507400e+00
9.939000e-03 -5.296500e-02 2.404027e+00
-3.295130e-01 -2.017800e-02 2.449679e+00
-2.095100e-02 -3.536500e-02 2.352388e+00
-3.294210e-01 -5.579770e-01 2.552666e+00
-7.618100e-02 -5.749940e-01 2.623738e+00
-3.499780e-01 -9.659020e-01 2.721600e+00
-3.029000e-02 -1.001283e+00 2.731140e+00
-3.852990e-01 -1.019912e+00 2.586884e+00
-4.669600e-02 -1.039215e+00 2.587596e+00
-1.412910e-01 6.078310e-01 2.520528e+00
-3.068790e-01 3.339290e-01 2.627816e+00
2.366100e-02 3.329960e-01 2.596733e+00
-1.511280e-01 3.746350e-01 2.509820e+00
-1.337210e-01 2.005710e-01 2.700147e+00
-3.460710e-01 -2.602900e-02 2.621673e+00
3.512400e-02 -3.699000e-02 2.599430e+00
-1.487840e-01 -2.365200e-02 2.721320e+00
-3.809650e-01 1.286620e-01 2.757887e+00
9.656900e-02 9.085100e-02 2.572412e+00
-3.389080e-01 1.338400e-02 2.526045e+00
-1.553600e-02 3.900300e-02 2.340998e+00
-3.278090e-01 -1.123000e-02 2.469464e+00
-4.811100e-02 7.544500e-02 2.301737e+00
-3.211650e-01 -5.626020e-01 2.548013e+00
-4.334100e-02 -5.803240e-01 2.631875e+00
-3.404870e-01 -9.746440e-01 2.706795e+00
-3.287300e-02 -1.009326e+00 2.737761e+00
-3.690620e-01 -1.026196e+00 2.569541e+00
-3.670600e-02 -1.045197e+00 2.592808e+00
-1.372680e-01 6.303140e-01 2.531027e+00
-3.128190e-01 3.620540e-01 2.612242e+00
1.869800e-02 3.637900e-01 2.594443e+00
-1.528030e-01 4.034140e-01 2.500337e+00
-1.415930e-01 2.306180e-01 2.692278e+00
-3.525090e-01 -3.876000e-03 2.605715e+00
2.870000e-02 -2.299300e-02 2.590283e+00
-1.567160e-01 1.092000e-03 2.708173e+00
-3.913260e-01 1.586290e-01 2.739847e+00
9.467300e-02 1.230470e-01 2.584507e+00
-3.358760e-01 6.714000e-02 2.501933e+00
-3.215000e-02 1.189720e-01 2.356588e+00
-3.212920e-01 4.864300e-02 2.443833e+00
-6.357600e-02 1.652630e-01 2.328302e+00
-3.082850e-01 -5.497280e-01 2.566978e+00
-4.563600e-02 -5.616900e-01 2.641488e+00
-3.189520e-01 -9.695120e-01 2.704935e+00
-3.118600e-02 -9.895180e-01 2.751571e+00
-3.385720e-01 -1.015294e+00 2.564109e+00
-3.287100e-02 -1.026792e+00 2.606931e+00
-1.424600e-01 6.706950e-01 2.528389e+00
-3.432270e-01 3.828980e-01 2.607465e+00
-1.132200e-02 3.843010e-01 2.599682e+00
-1.798550e-01 4.258500e-01 2.501148e+00
-1.746740e-01 2.497900e-01 2.690361e+00
-3.706710e-01 1.422000e-02 2.598634e+00
1.091200e-02 -1.149000e-03 2.589572e+00
-1.767750e-01 1.842000e-02 2.704670e+00
-4.274940e-01 1.725960e-01 2.718282e+00
8.358100e-02 1.520900e-01 2.625758e+00
-3.377760e-01 1.313870e-01 2.477312e+00
-4.942400e-02 1.453240e-01 2.401978e+00
-3.329450e-01 8.647000e-02 2.433843e+00
-6.790700e-02 1.845170e-01 2.356670e+00
-2.883150e-01 -5.376140e-01 2.616284e+00
-6.188600e-02 -5.422730e-01 2.596269e+00
-2.957360e-01 -9.711490e-01 2.702051e+00
-2.919600e-02 -9.669510e-01 2.714351e+00
-3.021330e-01 -1.000006e+00 2.555630e+00
-2.678100e-02 -1.006789e+00 2.570407e+00
-1.677860e-01 6.808420e-01 2.534889e+00
-3.560640e-01 3.599840e-01 2.607766e+00
-2.423300e-02 3.622450e-01 2.618122e+00
-1.873240e-01 4.074700e-01 2.512317e+00
-1.917520e-01 2.239070e-01 2.694279e+00
-3.806120e-01 -1.009100e-02 2.587511e+00
1.930000e-04 -2.554000e-03 2.616747e+00
-1.988280e-01 -5.430000e-04 2.712892e+00
-4.410220e-01 1.286430e-01 2.656330e+00
6.174300e-02 1.307540e-01 2.664109e+00
-3.284250e-01 7.161000e-02 2.429757e+00
-2.136700e-02 6.998100e-02 2.426063e+00
-2.999380e-01 6.179900e-02 2.374777e+00
-6.481900e-02 9.831600e-02 2.390856e+00
-2.882380e-01 -5.539080e-01 2.646084e+00
-5.476200e-02 -5.428310e-01 2.536954e+00
-2.848550e-01 -9.913480e-01 2.709315e+00
-2.644400e-02 -9.571840e-01 2.688193e+00
-2.742520e-01 -1.012584e+00 2.561837e+00
-6.556000e-03 -1.006744e+00 2.548689e+00
-1.789380e-01 6.442470e-01 2.529391e+00
-3.595620e-01 3.419870e-01 2.610653e+00
-2.785100e-02 3.532870e-01 2.602651e+00
-1.976250e-01 3.902920e-01 2.504437e+00
-1.870600e-01 2.135410e-01 2.692780e+00
-3.826440e-01 -2.554800e-02 2.606946e+00
-9.730000e-04 -1.318900e-02 2.597012e+00
-1.890750e-01 -1.448500e-02 2.713086e+00
-4.554810e-01 1.135630e-01 2.645950e+00
2.373600e-02 1.250620e-01 2.691395e+00
-3.510810e-01 3.991700e-02 2.421360e+00
1.796800e-02 7.790000e-04 2.464935e+00
-3.217940e-01 7.470800e-02 2.378205e+00
-5.082000e-03 -5.491900e-02 2.447702e+00
-2.875910e-01 -5.669910e-01 2.661607e+00
-4.790900e-02 -5.518370e-01 2.516536e+00
-2.827640e-01 -1.005058e+00 2.720244e+00
-3.014200e-02 -9.613570e-01 2.681890e+00
-2.868040e-01 -1.024912e+00 2.572249e+00
-1.524300e-02 -1.016448e+00 2.543847e+00
-1.931230e-01 6.343320e-01 2.516198e+00
-3.453760e-01 3.687370e-01 2.603308e+00
-1.401200e-02 3.835630e-01 2.589099e+00
-1.858790e-01 4.151210e-01 2.492638e+00
-1.699510e-01 2.452640e-01 2.686857e+00
-3.775280e-01 -8.450000e-03 2.589459e+00
4.262000e-03 2.183000e-03 2.596345e+00
-1.888190e-01 3.447000e-03 2.703934e+00
-4.336690e-01 1.414250e-01 2.654444e+00
3.025600e-02 1.672170e-01 2.704494e+00
-3.594960e-01 5.787900e-02 2.422702e+00
3.820600e-02 -2.173800e-02 2.530084e+00
-3.302940e-01 9.019800e-02 2.377611e+00
-3.052000e-03 -5.776300e-02 2.499580e+00
-2.863150e-01 -5.495030e-01 2.656136e+00
-6.590200e-02 -5.451540e-01 2.554024e+00
-2.920200e-01 -9.855980e-01 2.727916e+00
-5.650800e-02 -9.666370e-01 2.686795e+00
-2.894990e-01 -1.009887e+00 2.580550e+00
-4.552800e-02 -1.011173e+00 2.544637e+00
-1.986490e-01 6.764100e-01 2.517143e+00
-3.306560e-01 3.729210e-01 2.604116e+00
8.400000e-05 3.931750e-01 2.583505e+00
-1.741150e-01 4.220350e-01 2.490443e+00
-1.516500e-01 2.522320e-01 2.684062e+00
-3.702660e-01 3.984000e-03 2.600355e+00
1.094600e-02 1.097200e-02 2.576843e+00
-1.729160e-01 1.278100e-02 2.699516e+00
-4.107630e-01 1.484830e-01 2.677158e+00
5.658300e-02 1.726140e-01 2.684922e+00
-3.748490e-01 4.363000e-02 2.444890e+00
3.468400e-02 -3.666500e-02 2.536751e+00
-3.346810e-01 5.850000e-02 2.399110e+00
1.540000e-03 -5.224800e-02 2.485867e+00
-2.856480e-01 -5.411580e-01 2.618605e+00
-7.096000e-02 -5.389000e-01 2.593823e+00
-2.956620e-01 -9.741040e-01 2.707041e+00
-6.120600e-02 -9.718740e-01 2.682153e+00
-3.073220e-01 -1.003649e+00 2.561082e+00
-6.664700e-02 -1.001830e+00 2.535914e+00
-1.858050e-01 6.794450e-01 2.514591e+00
-3.225690e-01 3.531870e-01 2.618112e+00
7.708000e-03 3.624200e-01 2.585620e+00
-1.686170e-01 4.010970e-01 2.500460e+00
-1.453380e-01 2.231530e-01 2.686523e+00
-3.620120e-01 -8.837000e-03 2.611382e+00
1.844500e-02 -6.399000e-03 2.577166e+00
-1.618500e-01 -3.712000e-03 2.705009e+00
-3.977640e-01 1.265010e-01 2.697509e+00
7.564100e-02 1.280600e-01 2.647306e+00
-3.532320e-01 1.778500e-02 2.465710e+00
2.458000e-02 -6.900300e-02 2.485776e+00
-3.390670e-01 -2.184900e-02 2.419246e+00
-9.039000e-03 -7.628500e-02 2.433363e+00
-3.020880e-01 -5.523720e-01 2.574140e+00
-6.596500e-02 -5.547930e-01 2.609049e+00
-3.066990e-01 -9.798550e-01 2.686397e+00
-6.672800e-02 -9.894620e-01 2.689211e+00
-3.293240e-01 -1.017128e+00 2.543528e+00
-7.675200e-02 -1.016475e+00 2.542641e+00
-1.668050e-01 6.419400e-01 2.496429e+00
-3.195810e-01 3.482600e-01 2.612829e+00
1.210100e-02 3.486010e-01 2.598294e+00
-1.582770e-01 3.901870e-01 2.503001e+00
-1.497740e-01 2.150400e-01 2.692940e+00
-3.422510e-01 -1.693400e-02 2.606629e+00
3.933500e-02 -2.276300e-02 2.589841e+00
-1.464720e-01 -1.288400e-02 2.709153e+00
-3.806120e-01 1.076970e-01 2.682041e+00
7.869700e-02 1.009300e-01 2.573600e+00
-3.674100e-01 -1.175080e-01 2.541032e+00
3.468500e-02 -1.172590e-01 2.427888e+00
-3.514930e-01 -1.614170e-01 2.499209e+00
-7.370000e-04 -1.494480e-01 2.387397e+00
-3.087240e-01 -5.550990e-01 2.543440e+00
-6.033400e-02 -5.692510e-01 2.615732e+00
-3.174190e-01 -9.763160e-01 2.677099e+00
-6.129000e-02 -1.004928e+00 2.690221e+00
-3.427380e-01 -1.020367e+00 2.536631e+00
-6.615600e-02 -1.030078e+00 2.543059e+00
-1.435410e-01 6.403730e-01 2.500148e+00
-3.241560e-01 3.550310e-01 2.607781e+00
7.641000e-03 3.638400e-01 2.600199e+00
-1.617020e-01 4.007010e-01 2.501189e+00
-1.527170e-01 2.264980e-01 2.691972e+00
-3.431910e-01 -6.040000e-03 2.596991e+00
3.851200e-02 -1.862600e-02 2.588732e+00
-1.496590e-01 -3.784000e-03 2.703748e+00
-3.847900e-01 1.020850e-01 2.651947e+00
3.924900e-02 1.125280e-01 2.526362e+00
-3.657290e-01 -1.541540e-01 2.561451e+00
3.255100e-02 -1.308650e-01 2.404190e+00
-3.676860e-01 -2.041080e-01 2.523619e+00
1.627400e-02 -1.840320e-01 2.375227e+00
-3.005040e-01 -5.501780e-01 2.554296e+00
-6.594000e-02 -5.619450e-01 2.633955e+00
-3.122690e-01 -9.764370e-01 2.670611e+00
-5.753000e-02 -9.967340e-01 2.713020e+00
-3.294220e-01 -1.015058e+00 2.527338e+00
-6.042500e-02 -1.023509e+00 2.566093e+00
-1.493630e-01 6.570630e-01 2.505933e+00
-3.341930e-01 3.571640e-01 2.602554e+00
-2.258000e-03 3.633320e-01 2.600342e+00
-1.696780e-01 4.015510e-01 2.498615e+00
-1.651670e-01 2.272610e-01 2.689477e+00
-3.551410e-01 5.170000e-04 2.594333e+00
2.611700e-02 -2.322600e-02 2.592711e+00
-1.636330e-01 -4.827000e-03 2.704575e+00
-4.010800e-01 9.861000e-02 2.640399e+00
7.272000e-03 1.111740e-01 2.505043e+00
-3.755930e-01 -1.639530e-01 2.551081e+00
2.498300e-02 -1.457110e-01 2.398918e+00
-3.700970e-01 -2.170940e-01 2.518274e+00
1.969800e-02 -2.015660e-01 2.370940e+00
-2.898500e-01 -5.526130e-01 2.580436e+00
-7.665300e-02 -5.622270e-01 2.643287e+00
-3.073450e-01 -9.865560e-01 2.662605e+00
-5.801100e-02 -9.986430e-01 2.710796e+00
-3.127380e-01 -1.014119e+00 2.515894e+00
-5.919400e-02 -1.021527e+00 2.563189e+00
-1.605550e-01 6.598360e-01 2.510098e+00
-3.661250e-01 3.500180e-01 2.591200e+00
-3.470800e-02 3.430140e-01 2.609577e+00
-1.938520e-01 3.871490e-01 2.497488e+00
-2.081280e-01 2.141100e-01 2.689006e+00
-3.773770e-01 -1.488800e-02 2.586346e+00
2.956000e-03 -2.607800e-02 2.620187e+00
-1.967860e-01 -1.179900e-02 2.713761e+00
-4.317260e-01 8.311500e-02 2.630768e+00
1.068000e-02 7.604300e-02 2.548154e+00
-4.148610e-01 -1.893300e-01 2.543052e+00
1.603300e-02 -1.770830e-01 2.413606e+00
-3.920550e-01 -2.434240e-01 2.521048e+00
7.766000e-03 -2.283720e-01 2.378512e+00
-2.892500e-01 -5.657980e-01 2.625618e+00
-7.173000e-02 -5.686000e-01 2.597606e+00
-3.000620e-01 -1.003838e+00 2.683651e+00
-5.995500e-02 -9.988720e-01 2.698066e+00
-2.881620e-01 -1.023683e+00 2.536079e+00
-4.119800e-02 -1.032078e+00 2.553642e+00
-1.840010e-01 6.429420e-01 2.507778e+00
-3.777750e-01 3.458940e-01 2.597420e+00
-4.581700e-02 3.426290e-01 2.601631e+00
-2.100960e-01 3.833200e-01 2.495822e+00
-2.142380e-01 2.132080e-01 2.690426e+00
-3.921930e-01 -2.041600e-02 2.593032e+00
-1.163800e-02 -2.745000e-02 2.625469e+00
-2.110890e-01 -1.195000e-02 2.719470e+00
-4.387210e-01 7.252900e-02 2.594154e+00
1.106600e-02 6.905600e-02 2.582257e+00
-4.362750e-01 -2.112670e-01 2.538523e+00
1.879800e-02 -1.976170e-01 2.470602e+00
-4.120170e-01 -2.680840e-01 2.527856e+00
1.630000e-03 -2.415010e-01 2.429251e+00
-2.967190e-01 -5.696900e-01 2.641901e+00
-6.728100e-02 -5.646090e-01 2.564533e+00
-3.025820e-01 -1.008314e+00 2.696108e+00
-6.221900e-02 -9.931600e-01 2.672620e+00
-2.907070e-01 -1.026734e+00 2.548350e+00
-3.756700e-02 -1.028915e+00 2.529698e+00
-2.013740e-01 6.387990e-01 2.501646e+00
-3.813490e-01 3.437470e-01 2.598010e+00
-4.955400e-02 3.551460e-01 2.600597e+00
-2.159470e-01 3.874920e-01 2.495212e+00
-2.117010e-01 2.193370e-01 2.691506e+00
-4.026110e-01 -1.757600e-02 2.605124e+00
-2.078200e-02 -2.863800e-02 2.607905e+00
-2.121340e-01 -1.041500e-02 2.717035e+00
-4.339470e-01 6.669100e-02 2.582738e+00
2.006600e-02 8.215900e-02 2.620372e+00
-4.472940e-01 -2.207990e-01 2.535782e+00
-9.410000e-04 -1.964810e-01 2.536993e+00
-4.274480e-01 -2.783550e-01 2.550746e+00
-9.201000e-03 -2.513560e-01 2.507820e+00
-3.008170e-01 -5.677260e-01 2.651880e+00
-6.659500e-02 -5.619940e-01 2.551011e+00
-3.079600e-01 -1.007500e+00 2.695599e+00
-6.558300e-02 -9.882450e-01 2.667942e+00
-3.070820e-01 -1.022291e+00 2.546961e+00
-4.528500e-02 -1.027351e+00 2.525213e+00
-2.139780e-01 6.483140e-01 2.511787e+00
-3.822180e-01 3.375400e-01 2.621944e+00
-5.147500e-02 3.527780e-01 2.597434e+00
-2.263630e-01 3.880600e-01 2.507946e+00
-2.043460e-01 2.109020e-01 2.694911e+00
-4.058830e-01 -2.374300e-02 2.607252e+00
-2.462100e-02 -2.471300e-02 2.583527e+00
-2.083440e-01 -1.456600e-02 2.706002e+00
-4.357900e-01 5.755300e-02 2.593408e+00
1.071300e-02 7.341300e-02 2.610270e+00
-4.537930e-01 -2.334300e-01 2.543329e+00
1.872700e-02 -2.221300e-01 2.600583e+00
-4.501040e-01 -2.934270e-01 2.561139e+00
1.470300e-02 -2.778640e-01 2.572157e+00
-2.914110e-01 -5.701140e-01 2.656885e+00
-7.488200e-02 -5.678760e-01 2.581729e+00
-3.103640e-01 -1.009512e+00 2.700865e+00
-6.360000e-02 -9.974480e-01 2.685192e+00
-3.193630e-01 -1.023977e+00 2.552465e+00
-6.096200e-02 -1.032354e+00 2.539977e+00
-2.304720e-01 6.479530e-01 2.507217e+00
