-3.420310e-01 4.041750e-01 2.535472e+00
1.237700e-02 4.082950e-01 2.515403e+00
-1.579840e-01 2.704880e-01 2.618419e+00
3.882600e-02 3.420700e-02 2.461495e+00
-4.095190e-01 1.260570e-01 2.564561e+00
-4.105280e-01 -1.698860e-01 2.520949e+00
-3.974640e-01 -2.345440e-01 2.506021e+00
-2.487160e-01 -5.028830e-01 2.522002e+00
-2.717780e-01 -9.161420e-01 2.630950e+00
-2.895100e-01 -9.562010e-01 2.475246e+00
-1.620570e-01 7.065270e-01 2.418263e+00
1.432700e-02 4.080620e-01 2.515402e+00
-1.542170e-01 2.668030e-01 2.616716e+00
4.190300e-02 2.877000e-02 2.469309e+00
-4.160280e-01 1.227880e-01 2.562779e+00
-3.809200e-01 -1.525350e-01 2.452388e+00
-3.596190e-01 -2.147820e-01 2.436716e+00
-2.510450e-01 -5.049200e-01 2.526978e+00
-2.721590e-01 -9.202570e-01 2.628140e+00
-2.867490e-01 -9.576780e-01 2.471456e+00
-1.588400e-01 7.033100e-01 2.416888e+00
1.573500e-02 4.097190e-01 2.515804e+00
-1.540160e-01 2.701350e-01 2.617427e+00
4.233800e-02 3.619300e-02 2.479342e+00
-4.225880e-01 1.295730e-01 2.558697e+00
-3.699770e-01 -1.270020e-01 2.416720e+00
-3.350760e-01 -1.842090e-01 2.407590e+00
-2.517160e-01 -5.023290e-01 2.523167e+00
-2.726270e-01 -9.182940e-01 2.621759e+00
-2.805580e-01 -9.551760e-01 2.464469e+00
-1.565200e-01 7.061310e-01 2.415977e+00
1.010800e-02 4.099080e-01 2.513622e+00
-1.599210e-01 2.719050e-01 2.616924e+00
4.277800e-02 3.493900e-02 2.476206e+00
-4.299310e-01 1.344320e-01 2.560128e+00
-3.515830e-01 -9.615900e-02 2.389816e+00
-3.115040e-01 -1.475990e-01 2.371883e+00
-2.562220e-01 -4.993870e-01 2.521726e+00
-2.677960e-01 -9.179340e-01 2.610431e+00
-2.822590e-01 -9.509530e-01 2.452749e+00
-1.555960e-01 7.063350e-01 2.413216e+00
6.120000e-03 4.016470e-01 2.517063e+00
-1.750010e-01 2.747080e-01 2.615591e+00
3.521400e-02 2.923900e-02 2.498339e+00
-4.487360e-01 1.440160e-01 2.552166e+00
-3.314470e-01 -3.604500e-02 2.349006e+00
-3.185010e-01 -5.923100e-02 2.286806e+00
-2.577760e-01 -5.003210e-01 2.514244e+00
-2.637030e-01 -9.218310e-01 2.588261e+00
-2.681730e-01 -9.497350e-01 2.428998e+00
-1.618950e-01 7.002300e-01 2.396079e+00
-6.722000e-03 3.917250e-01 2.530919e+00
-1.948240e-01 2.663460e-01 2.617659e+00
2.432700e-02 2.459400e-02 2.526038e+00
-4.741950e-01 1.383950e-01 2.527999e+00
-3.266450e-01 -7.629000e-03 2.321255e+00
-2.965550e-01 -3.328100e-02 2.266387e+00
-2.672880e-01 -5.069340e-01 2.506201e+00
-2.516000e-01 -9.311850e-01 2.560501e+00
-2.433070e-01 -9.513920e-01 2.400232e+00
-1.706970e-01 6.799040e-01 2.381106e+00
-1.608200e-02 3.702170e-01 2.552754e+00
-2.116000e-01 2.425680e-01 2.616819e+00
1.166700e-02 1.409000e-02 2.556785e+00
-4.769720e-01 1.126880e-01 2.490684e+00
-3.121180e-01 -6.952000e-03 2.284713e+00
-2.766340e-01 2.746100e-02 2.238554e+00
-2.836550e-01 -5.161100e-01 2.474756e+00
-2.571120e-01 -9.383420e-01 2.539565e+00
-2.382300e-01 -9.615540e-01 2.380606e+00
-1.765050e-01 6.466850e-01 2.369869e+00
-2.268400e-02 3.382760e-01 2.554965e+00
-2.225440e-01 2.169620e-01 2.617932e+00
8.585000e-03 -2.330400e-02 2.579337e+00
-4.663960e-01 9.213000e-02 2.398603e+00
-2.714110e-01 6.363400e-02 2.193181e+00
-2.467330e-01 1.140000e-01 2.155388e+00
-2.946320e-01 -5.427610e-01 2.459970e+00
-2.461610e-01 -9.625770e-01 2.527713e+00
-2.199850e-01 -9.850540e-01 2.369686e+00
-1.716040e-01 6.155740e-01 2.359130e+00
-1.658000e-02 3.674670e-01 2.529832e+00
-2.129850e-01 2.527220e-01 2.612806e+00
1.867200e-02 -1.833800e-02 2.551611e+00
-4.473280e-01 1.289390e-01 2.352555e+00
-2.444850e-01 1.704720e-01 2.160683e+00
-2.207770e-01 2.223710e-01 2.124372e+00
-2.819240e-01 -5.397000e-01 2.497413e+00
-2.653870e-01 -9.628110e-01 2.559763e+00
-2.419360e-01 -9.852450e-01 2.401302e+00
-1.715620e-01 6.576900e-01 2.362063e+00
-5.933000e-03 4.240580e-01 2.512644e+00
-1.987250e-01 3.056590e-01 2.598891e+00
3.146600e-02 3.115200e-02 2.540435e+00
-4.422130e-01 1.793600e-01 2.363066e+00
-2.460570e-01 2.485420e-01 2.175147e+00
-2.169000e-01 3.012750e-01 2.144435e+00
-2.687380e-01 -4.947390e-01 2.535758e+00
-2.741760e-01 -9.209030e-01 2.574985e+00
-2.494800e-01 -9.358680e-01 2.415833e+00
-1.611290e-01 7.143700e-01 2.353372e+00
1.648800e-02 4.613560e-01 2.489688e+00
-1.640610e-01 3.291880e-01 2.582205e+00
4.814500e-02 8.488900e-02 2.514080e+00
-4.495190e-01 1.974780e-01 2.433464e+00
-2.578190e-01 2.180060e-01 2.233109e+00
-2.268590e-01 2.670390e-01 2.198306e+00
-2.733760e-01 -4.544680e-01 2.473500e+00
-2.705910e-01 -8.654530e-01 2.592948e+00
-2.661020e-01 -9.105500e-01 2.437676e+00
-1.598490e-01 7.514870e-01 2.363412e+00
3.141000e-02 4.279060e-01 2.482295e+00
-1.375780e-01 2.851340e-01 2.580707e+00
6.616200e-02 7.778400e-02 2.477706e+00
-4.469820e-01 1.794200e-01 2.504210e+00
-2.797780e-01 6.562300e-02 2.316653e+00
-2.490100e-01 9.830300e-02 2.266062e+00
-2.713750e-01 -4.467450e-01 2.416728e+00
-2.289040e-01 -8.538570e-01 2.541787e+00
-2.539600e-01 -9.031630e-01 2.389786e+00
-1.491160e-01 7.114960e-01 2.374001e+00
2.937100e-02 3.793850e-01 2.480106e+00
-1.324800e-01 2.360330e-01 2.589103e+00
7.288800e-02 2.560600e-02 2.457660e+00
-4.243410e-01 1.310570e-01 2.570778e+00
-3.048910e-01 -6.929900e-02 2.424709e+00
-3.136340e-01 -8.631300e-02 2.359839e+00
-2.675190e-01 -4.768050e-01 2.370495e+00
-6.512600e-02 -8.370130e-01 2.482173e+00
-1.357100e-01 -9.148070e-01 2.359174e+00
-1.421690e-01 6.595350e-01 2.376139e+00
4.546200e-02 3.507530e-01 2.484925e+00
-1.293370e-01 2.201790e-01 2.589909e+00
7.240900e-02 -5.787000e-03 2.466084e+00
-4.198070e-01 1.762020e-01 2.661911e+00
-3.554080e-01 -6.202600e-02 2.540003e+00
-3.368510e-01 -1.081330e-01 2.494136e+00
-2.495400e-01 -4.947980e-01 2.340676e+00
2.015700e-02 -8.217790e-01 2.400099e+00
-5.389700e-02 -9.042660e-01 2.282306e+00
-1.239750e-01 6.457560e-01 2.369760e+00
4.549100e-02 3.606750e-01 2.490903e+00
-1.510410e-01 2.494030e-01 2.578194e+00
6.874800e-02 1.209000e-02 2.475529e+00
-4.082370e-01 2.337640e-01 2.657418e+00
-3.752170e-01 3.553000e-03 2.506755e+00
-3.484630e-01 -5.738700e-02 2.494729e+00
-2.433800e-01 -4.874050e-01 2.368544e+00
9.777000e-03 -8.299950e-01 2.410105e+00
-5.903600e-02 -8.966550e-01 2.279781e+00
-1.274000e-01 6.787500e-01 2.367260e+00
4.689300e-02 4.187060e-01 2.441581e+00
-1.243050e-01 3.002330e-01 2.565198e+00
5.262400e-02 4.156800e-02 2.451554e+00
-4.176150e-01 2.548450e-01 2.639504e+00
-3.631090e-01 9.465300e-02 2.420152e+00
-3.508650e-01 2.853200e-02 2.412929e+00
-2.510420e-01 -4.674890e-01 2.409828e+00
1.170500e-02 -8.053440e-01 2.408633e+00
-6.959900e-02 -8.681320e-01 2.283691e+00
-1.313580e-01 7.359140e-01 2.366634e+00
2.116200e-02 4.112180e-01 2.465466e+00
-1.535240e-01 2.763100e-01 2.565019e+00
4.362900e-02 6.014200e-02 2.448951e+00
-4.523720e-01 1.870370e-01 2.491808e+00
-3.306300e-01 9.541200e-02 2.264274e+00
-3.045480e-01 1.309800e-01 2.213003e+00
-2.507420e-01 -4.785170e-01 2.451706e+00
-1.517970e-01 -8.943550e-01 2.473448e+00
-1.739050e-01 -9.079630e-01 2.313795e+00
-1.498500e-01 7.091440e-01 2.367268e+00
1.250000e-02 3.811310e-01 2.479239e+00
-1.653050e-01 2.436750e-01 2.569336e+00
4.465900e-02 4.445700e-02 2.451193e+00
-4.510730e-01 1.755240e-01 2.403718e+00
-2.919300e-01 1.562520e-01 2.182943e+00
-2.663110e-01 2.050560e-01 2.143753e+00
-2.477170e-01 -4.908550e-01 2.454090e+00
-2.443200e-01 -9.100460e-01 2.540416e+00
-2.549350e-01 -9.426830e-01 2.382349e+00
-1.577770e-01 6.662340e-01 2.355811e+00
1.317000e-03 4.195550e-01 2.448233e+00
-1.577150e-01 2.856810e-01 2.572381e+00
3.865900e-02 5.246300e-02 2.430008e+00
-4.311190e-01 2.017970e-01 2.362317e+00
-2.452670e-01 2.530380e-01 2.169806e+00
-2.233590e-01 3.123850e-01 2.145889e+00
-2.455270e-01 -4.961720e-01 2.485879e+00
-2.366760e-01 -9.180310e-01 2.557578e+00
-2.649870e-01 -9.452920e-01 2.400675e+00
-1.469210e-01 7.058930e-01 2.346010e+00
2.836100e-02 4.487710e-01 2.452457e+00
-1.440080e-01 3.189360e-01 2.562265e+00
5.275100e-02 7.771600e-02 2.439326e+00
-4.414160e-01 2.186320e-01 2.407476e+00
-2.540100e-01 2.543270e-01 2.213262e+00
-2.211610e-01 3.024440e-01 2.178914e+00
-2.454990e-01 -4.616480e-01 2.471669e+00
-1.726970e-01 -8.618720e-01 2.604729e+00
-2.014110e-01 -9.167700e-01 2.455314e+00
-1.233200e-01 7.448410e-01 2.345970e+00
4.680400e-02 4.495380e-01 2.451289e+00
-1.208920e-01 3.116050e-01 2.558426e+00
6.891100e-02 7.757400e-02 2.442586e+00
-4.387670e-01 2.162840e-01 2.467574e+00
-2.609330e-01 1.666010e-01 2.269106e+00
-2.389700e-01 2.084740e-01 2.220749e+00
-2.481900e-01 -4.489010e-01 2.399107e+00
-2.429440e-01 -8.596440e-01 2.519304e+00
-2.632390e-01 -9.049520e-01 2.365362e+00
-1.226690e-01 7.419840e-01 2.354867e+00
4.768000e-02 3.844710e-01 2.462605e+00
-1.110510e-01 2.393230e-01 2.573790e+00
7.711900e-02 4.213200e-02 2.427223e+00
-3.991340e-01 1.434560e-01 2.565461e+00
-2.975910e-01 -1.633600e-02 2.370843e+00
-2.708040e-01 -7.842100e-02 2.372188e+00
-2.447350e-01 -4.707450e-01 2.329669e+00
-2.788820e-01 -8.767070e-01 2.460868e+00
-3.047530e-01 -9.238340e-01 2.308313e+00
-1.220780e-01 6.611550e-01 2.356221e+00
4.374600e-02 3.671400e-01 2.458951e+00
-1.166570e-01 2.334630e-01 2.581537e+00
7.347700e-02 2.890700e-02 2.431982e+00
-3.965270e-01 1.530390e-01 2.634506e+00
-3.454330e-01 -5.139700e-02 2.460744e+00
-3.562420e-01 -1.181490e-01 2.459619e+00
-2.324490e-01 -4.726330e-01 2.300127e+00
-2.730530e-01 -8.776140e-01 2.432511e+00
-2.889150e-01 -9.261900e-01 2.279045e+00
-1.195440e-01 6.524880e-01 2.350710e+00
5.578700e-02 3.916150e-01 2.456426e+00
-1.165100e-01 2.680410e-01 2.573341e+00
7.735400e-02 2.970400e-02 2.444400e+00
-4.055680e-01 2.202150e-01 2.644523e+00
-3.620130e-01 1.017800e-02 2.472104e+00
-3.607790e-01 -5.736700e-02 2.468919e+00
-2.213370e-01 -4.834010e-01 2.329845e+00
-2.797710e-01 -8.782780e-01 2.484254e+00
-2.802370e-01 -9.371230e-01 2.333589e+00
-1.197390e-01 6.974630e-01 2.358540e+00
3.522100e-02 4.275500e-01 2.448915e+00
-1.472840e-01 3.126450e-01 2.558982e+00
5.010200e-02 4.826300e-02 2.447098e+00
-4.388420e-01 2.502980e-01 2.584490e+00
-3.503380e-01 8.366800e-02 2.383207e+00
-3.274720e-01 4.414400e-02 2.333317e+00
-2.412250e-01 -4.637330e-01 2.393276e+00
-2.601750e-01 -8.761010e-01 2.506315e+00
-2.558760e-01 -9.190310e-01 2.350425e+00
-1.345910e-01 7.465560e-01 2.356301e+00
1.349800e-02 4.239610e-01 2.472982e+00
-1.724410e-01 2.950620e-01 2.559225e+00
2.839100e-02 8.226400e-02 2.456244e+00
-4.638750e-01 2.087700e-01 2.505583e+00
-3.579750e-01 6.600800e-02 2.297284e+00
-3.213820e-01 8.975200e-02 2.245599e+00
-2.587080e-01 -4.672040e-01 2.435147e+00
-2.452210e-01 -8.848830e-01 2.527593e+00
-2.423160e-01 -9.197430e-01 2.369671e+00
-1.500900e-01 7.262890e-01 2.361975e+00
-9.650000e-04 3.889800e-01 2.497020e+00
-1.880840e-01 2.480800e-01 2.558337e+00
1.897400e-02 5.017700e-02 2.480384e+00
-4.769220e-01 1.614570e-01 2.420934e+00
-3.239060e-01 9.006300e-02 2.205967e+00
-2.913400e-01 1.283130e-01 2.160685e+00
-2.727110e-01 -4.962980e-01 2.440394e+00
-2.527540e-01 -9.099650e-01 2.548400e+00
-2.378300e-01 -9.499790e-01 2.392389e+00
-1.682410e-01 6.779010e-01 2.357599e+00
-3.581000e-03 3.909300e-01 2.465183e+00
-1.859970e-01 2.611160e-01 2.557372e+00
2.778700e-02 4.753000e-03 2.473337e+00
-4.519840e-01 1.744160e-01 2.332156e+00
-2.581690e-01 1.990150e-01 2.141426e+00
-2.322960e-01 2.560600e-01 2.115921e+00
-2.841170e-01 -5.176220e-01 2.460139e+00
-2.627550e-01 -9.314530e-01 2.567245e+00
-2.543050e-01 -9.715170e-01 2.410763e+00
-1.701930e-01 6.872490e-01 2.345433e+00
-1.016000e-03 4.283280e-01 2.445819e+00
-1.816060e-01 3.039580e-01 2.548510e+00
3.068700e-02 4.090900e-02 2.455804e+00
-4.513250e-01 1.947550e-01 2.347918e+00
-2.557670e-01 2.547920e-01 2.168946e+00
-2.240230e-01 3.046020e-01 2.136001e+00
-2.778560e-01 -4.859880e-01 2.465687e+00
-2.754120e-01 -9.028110e-01 2.562827e+00
-2.698300e-01 -9.394700e-01 2.405385e+00
-1.678030e-01 7.281080e-01 2.329284e+00
1.027000e-02 4.439610e-01 2.427054e+00
-1.661930e-01 3.209290e-01 2.538185e+00
3.781200e-02 7.710100e-02 2.430825e+00
-4.565020e-01 2.074770e-01 2.391382e+00
-2.598890e-01 2.305620e-01 2.207011e+00
-2.331080e-01 2.787510e-01 2.167836e+00
-2.800420e-01 -4.580700e-01 2.417962e+00
-2.673890e-01 -8.682030e-01 2.539677e+00
-2.796120e-01 -9.144370e-01 2.385158e+00
-1.596720e-01 7.486090e-01 2.331588e+00
2.191200e-02 4.061630e-01 2.421185e+00
-1.758730e-01 4.573850e-01 2.314670e+00
-1.371730e-01 2.688170e-01 2.541410e+00
-3.561710e-01 4.735600e-02 2.451178e+00
4.363900e-02 4.583200e-02 2.393162e+00
-1.380590e-01 5.137100e-02 2.547510e+00
-4.511950e-01 1.758110e-01 2.497042e+00
1.096570e-01 1.640730e-01 2.452165e+00
-3.167040e-01 4.816400e-02 2.301185e+00
6.125800e-02 7.812000e-03 2.237732e+00
-2.848440e-01 7.292500e-02 2.246909e+00
2.506300e-02 1.554400e-02 2.181126e+00
-2.852140e-01 -4.697050e-01 2.325920e+00
-5.906900e-02 -4.890910e-01 2.426687e+00
-2.934080e-01 -8.629120e-01 2.494754e+00
-8.692000e-02 -9.093590e-01 2.502735e+00
-3.211590e-01 -9.252950e-01 2.348120e+00
-1.051870e-01 -9.368020e-01 2.344380e+00
-1.532180e-01 6.971520e-01 2.334194e+00
-3.282100e-01 3.739010e-01 2.491949e+00
2.068900e-02 3.715000e-01 2.426461e+00
-1.785060e-01 4.279310e-01 2.325343e+00
-1.380470e-01 2.348830e-01 2.547970e+00
-3.424890e-01 2.484000e-02 2.461622e+00
5.599400e-02 3.112900e-02 2.395384e+00
-1.224240e-01 2.498000e-02 2.553490e+00
-4.275870e-01 1.432380e-01 2.560111e+00
1.269920e-01 1.434940e-01 2.359823e+00
-3.457530e-01 -5.052800e-02 2.389823e+00
1.525100e-02 7.150900e-02 2.124085e+00
-3.406650e-01 -5.226500e-02 2.322405e+00
-1.975100e-02 1.049790e-01 2.076877e+00
-2.800200e-01 -4.785070e-01 2.295213e+00
-5.365700e-02 -5.067020e-01 2.410102e+00
-2.957010e-01 -8.600800e-01 2.488448e+00
-7.297800e-02 -9.301860e-01 2.469032e+00
-3.246280e-01 -9.310310e-01 2.345997e+00
-9.652100e-02 -9.511880e-01 2.310389e+00
-1.487000e-01 6.522760e-01 2.321963e+00
-3.234400e-01 3.829280e-01 2.471492e+00
2.812000e-02 3.784030e-01 2.422396e+00
-1.663730e-01 4.267150e-01 2.308702e+00
-1.356130e-01 2.491570e-01 2.545332e+00
-3.447400e-01 1.833800e-02 2.447378e+00
5.633100e-02 1.726700e-02 2.398833e+00
-1.289850e-01 1.518000e-02 2.548907e+00
-4.135610e-01 1.694740e-01 2.594309e+00
1.212910e-01 1.628300e-01 2.305707e+00
-3.697900e-01 -2.747700e-02 2.410841e+00
-3.320900e-02 1.899330e-01 2.082636e+00
-3.446600e-01 -8.546400e-02 2.386758e+00
-5.868100e-02 2.458390e-01 2.054356e+00
-2.704880e-01 -4.942610e-01 2.302124e+00
-5.729000e-02 -5.183620e-01 2.423741e+00
-3.065200e-01 -8.794580e-01 2.485180e+00
-7.239100e-02 -9.407660e-01 2.491055e+00
-3.249970e-01 -9.470170e-01 2.339381e+00
-8.974300e-02 -9.654690e-01 2.332147e+00
-1.441140e-01 6.721210e-01 2.320233e+00
-3.204670e-01 4.479990e-01 2.437249e+00
3.210900e-02 4.200910e-01 2.406660e+00
-1.533780e-01 4.728190e-01 2.280555e+00
-1.449370e-01 3.081310e-01 2.528090e+00
-3.712760e-01 5.303600e-02 2.427583e+00
3.162300e-02 3.574700e-02 2.403297e+00
-1.619790e-01 4.971700e-02 2.541831e+00
-4.442690e-01 2.666670e-01 2.586036e+00
9.746100e-02 1.764440e-01 2.324739e+00
-3.849390e-01 7.178400e-02 2.400101e+00
-4.448600e-02 2.754500e-01 2.109983e+00
-3.858930e-01 6.312000e-03 2.417030e+00
-6.890400e-02 3.298310e-01 2.078038e+00
-2.670790e-01 -4.807170e-01 2.353236e+00
-6.196700e-02 -4.928930e-01 2.443428e+00
-2.824820e-01 -8.897770e-01 2.478203e+00
-5.440500e-02 -9.137210e-01 2.521086e+00
-2.896010e-01 -9.367440e-01 2.323586e+00
-6.159300e-02 -9.431700e-01 2.362202e+00
-1.570000e-01 7.383340e-01 2.316880e+00
-3.536050e-01 4.534990e-01 2.440979e+00
-2.950000e-04 4.395850e-01 2.409304e+00
-1.877490e-01 4.904960e-01 2.285381e+00
-1.730040e-01 3.166010e-01 2.526234e+00
-3.862720e-01 8.693500e-02 2.425291e+00
1.725000e-02 7.460900e-02 2.409982e+00
-1.795500e-01 8.603600e-02 2.544176e+00
-4.764390e-01 2.619490e-01 2.574862e+00
1.003970e-01 1.986430e-01 2.370423e+00
-3.777990e-01 1.194170e-01 2.361948e+00
-4.764400e-02 2.031160e-01 2.139251e+00
-3.633940e-01 6.121400e-02 2.330662e+00
-7.337300e-02 2.578250e-01 2.108936e+00
-2.790320e-01 -4.508270e-01 2.394314e+00
-4.825700e-02 -4.515470e-01 2.384580e+00
-2.684630e-01 -8.674810e-01 2.491635e+00
-4.895700e-02 -8.652520e-01 2.494271e+00
-2.768960e-01 -9.044250e-01 2.334387e+00
-3.863200e-02 -9.066380e-01 2.338246e+00
-1.684620e-01 7.455800e-01 2.315924e+00
-3.734840e-01 4.209530e-01 2.446698e+00
-1.890400e-02 4.211500e-01 2.429424e+00
-2.029030e-01 4.733210e-01 2.300931e+00
-1.915880e-01 2.852160e-01 2.531052e+00
-3.940750e-01 6.646000e-02 2.430150e+00
9.300000e-03 6.017300e-02 2.408581e+00
-1.855390e-01 6.893800e-02 2.545801e+00
-4.947910e-01 1.934210e-01 2.494698e+00
8.877500e-02 1.826090e-01 2.446553e+00
-3.846500e-01 6.409400e-02 2.281314e+00
-8.617000e-03 5.089200e-02 2.228482e+00
-3.503520e-01 9.141100e-02 2.229822e+00
-4.227400e-02 7.399000e-02 2.174559e+00
-2.913350e-01 -4.704710e-01 2.416989e+00
-5.709700e-02 -4.619930e-01 2.342494e+00
-2.643570e-01 -8.878080e-01 2.508018e+00
-3.529800e-02 -8.730160e-01 2.459835e+00
-2.779780e-01 -9.229960e-01 2.350730e+00
-2.705400e-02 -9.169570e-01 2.304386e+00
-1.824370e-01 7.070260e-01 2.315795e+00
-3.850320e-01 3.750220e-01 2.466383e+00
-3.188300e-02 3.650980e-01 2.431563e+00
-2.204150e-01 4.232300e-01 2.312548e+00
-2.032080e-01 2.336550e-01 2.541092e+00
-4.075790e-01 2.806800e-02 2.439757e+00
-4.203000e-03 2.014400e-02 2.418761e+00
-1.993290e-01 2.277900e-02 2.555828e+00
-4.931920e-01 1.516770e-01 2.386672e+00
5.771300e-02 1.419160e-01 2.532051e+00
-3.327200e-01 1.049870e-01 2.173285e+00
1.696700e-02 -7.638400e-02 2.376648e+00
-3.037260e-01 1.471110e-01 2.129025e+00
-5.410000e-03 -1.395470e-01 2.385796e+00
-3.016160e-01 -5.094310e-01 2.412377e+00
-6.849100e-02 -4.939100e-01 2.314749e+00
-2.670940e-01 -9.229240e-01 2.517334e+00
-3.845300e-02 -9.086810e-01 2.415977e+00
-2.810780e-01 -9.636660e-01 2.361424e+00
-2.904900e-02 -9.463240e-01 2.258950e+00
-2.006690e-01 6.520900e-01 2.312337e+00
-3.841540e-01 3.725660e-01 2.458017e+00
-3.042300e-02 3.740470e-01 2.428053e+00
-2.193510e-01 4.150140e-01 2.302690e+00
-1.980500e-01 2.449240e-01 2.545759e+00
-4.091060e-01 3.125600e-02 2.441495e+00
-6.600000e-03 1.206700e-02 2.412565e+00
-1.989360e-01 1.815600e-02 2.553413e+00
-4.814680e-01 1.568830e-01 2.348128e+00
6.313700e-02 1.690990e-01 2.559611e+00
-2.967590e-01 1.551460e-01 2.149420e+00
3.040100e-02 -6.743900e-02 2.430835e+00
-2.690080e-01 2.073800e-01 2.116625e+00
-1.222800e-02 -1.153770e-01 2.409416e+00
-2.938240e-01 -5.103350e-01 2.423913e+00
-7.677000e-02 -5.046140e-01 2.331972e+00
-2.822780e-01 -9.333390e-01 2.488086e+00
-3.970800e-02 -9.276450e-01 2.385408e+00
-2.861510e-01 -9.576960e-01 2.328227e+00
-3.905400e-02 -9.478600e-01 2.224928e+00
-2.022400e-01 6.606880e-01 2.310246e+00
-3.780380e-01 3.885920e-01 2.442657e+00
-2.336800e-02 3.913660e-01 2.427605e+00
-2.069820e-01 4.353570e-01 2.295549e+00
-1.954510e-01 2.589430e-01 2.534740e+00
-4.065910e-01 3.245500e-02 2.432118e+00
-3.650000e-03 2.614400e-02 2.403575e+00
-1.961680e-01 2.908900e-02 2.544276e+00
-4.806750e-01 1.676290e-01 2.349594e+00
6.900600e-02 1.785650e-01 2.546777e+00
-2.845870e-01 1.839190e-01 2.162940e+00
3.210700e-02 -6.095900e-02 2.425029e+00
-2.607710e-01 2.379670e-01 2.129990e+00
-1.444000e-02 -8.590400e-02 2.382777e+00
-2.905810e-01 -5.054210e-01 2.425746e+00
-7.705600e-02 -5.024710e-01 2.368763e+00
-2.738630e-01 -9.253810e-01 2.506606e+00
-4.483000e-02 -9.265860e-01 2.416425e+00
-2.853080e-01 -9.563250e-01 2.348257e+00
-4.979000e-02 -9.450140e-01 2.255805e+00
-1.932860e-01 6.842600e-01 2.313477e+00
-3.701690e-01 4.049270e-01 2.444602e+00
-1.587200e-02 4.046110e-01 2.422266e+00
-2.015350e-01 4.600530e-01 2.297593e+00
-1.874750e-01 2.669140e-01 2.523350e+00
-3.947210e-01 3.960900e-02 2.432950e+00
5.705000e-03 4.069200e-02 2.379337e+00
-1.776890e-01 4.035300e-02 2.531768e+00
-4.796800e-01 1.796640e-01 2.375659e+00
7.610500e-02 1.757020e-01 2.503690e+00
-2.781600e-01 1.479300e-01 2.198558e+00
4.360100e-02 -4.878400e-02 2.356954e+00
-2.440350e-01 1.948770e-01 2.163836e+00
4.658000e-03 -6.565400e-02 2.304296e+00
-2.780410e-01 -4.960430e-01 2.422877e+00
-6.325600e-02 -4.916340e-01 2.429730e+00
-2.721260e-01 -9.016140e-01 2.559483e+00
-5.021700e-02 -9.119930e-01 2.509178e+00
-2.921070e-01 -9.531110e-01 2.407457e+00
-6.709800e-02 -9.423740e-01 2.351207e+00
-1.661970e-01 7.009190e-01 2.324743e+00
-3.608530e-01 4.113860e-01 2.459167e+00
-7.450000e-03 4.080940e-01 2.425687e+00
-1.960850e-01 4.727610e-01 2.310261e+00
-1.777360e-01 2.669360e-01 2.524192e+00
-3.846320e-01 4.037800e-02 2.427417e+00
1.618000e-02 4.994500e-02 2.377676e+00
-1.685800e-01 4.356200e-02 2.528313e+00
-4.805820e-01 1.853440e-01 2.415280e+00
8.280700e-02 1.682210e-01 2.466559e+00
-3.009290e-01 9.354500e-02 2.236014e+00
5.040100e-02 -3.699300e-02 2.294292e+00
-2.561290e-01 1.256070e-01 2.196783e+00
9.601000e-03 -5.009900e-02 2.241970e+00
-2.637400e-01 -4.927440e-01 2.420257e+00
-6.046300e-02 -4.842500e-01 2.443866e+00
-2.664100e-01 -9.029420e-01 2.542382e+00
-4.264500e-02 -9.040230e-01 2.525458e+00
-2.842940e-01 -9.487060e-01 2.388275e+00
-5.985500e-02 -9.354140e-01 2.367720e+00
-1.553720e-01 7.006590e-01 2.325567e+00
-3.503110e-01 4.142000e-01 2.455693e+00
2.646000e-03 4.035000e-01 2.419193e+00
-1.860220e-01 4.662160e-01 2.302750e+00
-1.689610e-01 2.696750e-01 2.525342e+00
-3.700190e-01 4.118900e-02 2.420009e+00
3.194100e-02 4.636600e-02 2.379789e+00
-1.563950e-01 4.169900e-02 2.525995e+00
-4.628370e-01 1.807410e-01 2.440802e+00
1.000000e-01 1.641300e-01 2.443903e+00
-3.228230e-01 2.438400e-02 2.271038e+00
5.417700e-02 -1.738100e-02 2.249414e+00
-2.690890e-01 3.513500e-02 2.231401e+00
1.226400e-02 -2.236600e-02 2.196570e+00
-2.493300e-01 -4.932560e-01 2.417598e+00
-5.489400e-02 -4.870920e-01 2.444527e+00
-2.605810e-01 -9.034380e-01 2.539289e+00
-3.635100e-02 -9.046060e-01 2.536846e+00
-2.741600e-01 -9.489380e-01 2.384666e+00
-5.014700e-02 -9.399840e-01 2.379617e+00
-1.419230e-01 7.006010e-01 2.320502e+00
-3.303950e-01 4.120550e-01 2.456075e+00
2.232300e-02 4.017110e-01 2.417246e+00
-1.675330e-01 4.593010e-01 2.300088e+00
-1.478040e-01 2.709890e-01 2.529471e+00
-3.423130e-01 5.755500e-02 2.432943e+00
5.711000e-02 3.077300e-02 2.378536e+00
-1.256650e-01 4.163600e-02 2.531323e+00
-4.350920e-01 1.722620e-01 2.467820e+00
1.220640e-01 1.597270e-01 2.427026e+00
-3.551050e-01 -5.571400e-02 2.342071e+00
5.074900e-02 4.811000e-03 2.214661e+00
-3.196750e-01 -1.020220e-01 2.307803e+00
8.306000e-03 8.922000e-03 2.162166e+00
-2.451130e-01 -4.860110e-01 2.416333e+00
-3.832500e-02 -4.933460e-01 2.444734e+00
-2.560420e-01 -8.911850e-01 2.553805e+00
-3.686000e-02 -9.105200e-01 2.540381e+00
-2.725290e-01 -9.424860e-01 2.401295e+00
-5.659600e-02 -9.464630e-01 2.383915e+00
-1.284170e-01 7.038510e-01 2.324608e+00
-3.151190e-01 4.131060e-01 2.463555e+00
3.633500e-02 4.019550e-01 2.414760e+00
-1.565190e-01 4.612900e-01 2.303517e+00
-1.310540e-01 2.707400e-01 2.530473e+00
-3.389930e-01 5.090300e-02 2.449122e+00
5.708700e-02 3.010500e-02 2.372284e+00
-1.168930e-01 3.899900e-02 2.535135e+00
-4.025060e-01 1.639370e-01 2.462289e+00
1.338000e-01 1.568070e-01 2.425979e+00
-3.775980e-01 -1.025450e-01 2.400928e+00
5.682100e-02 -4.265000e-03 2.217345e+00
-3.582750e-01 -1.544330e-01 2.362092e+00
1.251400e-02 8.950000e-04 2.166508e+00
-2.456830e-01 -4.905740e-01 2.418119e+00
-3.647700e-02 -4.959150e-01 2.446535e+00
-2.604990e-01 -9.013820e-01 2.537288e+00
-3.162800e-02 -9.133710e-01 2.540828e+00
-2.892990e-01 -9.447670e-01 2.384150e+00
-6.033300e-02 -9.487600e-01 2.385629e+00
-1.244850e-01 7.002710e-01 2.317838e+00
-3.015720e-01 4.116450e-01 2.474550e+00
4.773100e-02 3.992070e-01 2.412441e+00
-1.489160e-01 4.599660e-01 2.308873e+00
-1.157640e-01 2.681260e-01 2.533739e+00
-3.384640e-01 5.003300e-02 2.458456e+00
5.612100e-02 2.216500e-02 2.376343e+00
-1.152670e-01 3.733400e-02 2.541464e+00
-3.784730e-01 1.564230e-01 2.457251e+00
1.390070e-01 1.484180e-01 2.423584e+00
-3.930200e-01 -1.209170e-01 2.451840e+00
6.377300e-02 -4.416800e-02 2.238088e+00
-3.897470e-01 -1.847480e-01 2.429729e+00
1.905000e-02 -4.353200e-02 2.187358e+00
-2.516640e-01 -4.921570e-01 2.409917e+00
-3.640500e-02 -5.016770e-01 2.452205e+00
-2.650410e-01 -9.058220e-01 2.518942e+00
-3.517800e-02 -9.206410e-01 2.539681e+00
-2.955400e-01 -9.453830e-01 2.365099e+00
-6.622600e-02 -9.531730e-01 2.384308e+00
-1.129580e-01 6.962940e-01 2.320055e+00
-2.983890e-01 4.156950e-01 2.470222e+00
5.120000e-02 3.936370e-01 2.412552e+00
-1.434490e-01 4.508810e-01 2.303359e+00
-1.155750e-01 2.732240e-01 2.540272e+00
-3.366390e-01 4.529200e-02 2.467183e+00
5.657900e-02 2.998900e-02 2.375740e+00
-1.113400e-01 3.713800e-02 2.544917e+00
-3.797250e-01 1.572290e-01 2.490257e+00
1.308260e-01 1.346080e-01 2.432185e+00
-4.062490e-01 -1.239440e-01 2.498560e+00
8.569200e-02 -1.069370e-01 2.292725e+00
-4.081390e-01 -1.906700e-01 2.487692e+00
3.216000e-02 -1.270410e-01 2.256612e+00
-2.534420e-01 -4.929120e-01 2.413223e+00
-4.106900e-02 -4.975100e-01 2.460435e+00
-2.575970e-01 -9.067500e-01 2.522332e+00
-3.553400e-02 -9.174270e-01 2.543039e+00
-2.948290e-01 -9.465300e-01 2.370034e+00
-7.130000e-02 -9.483280e-01 2.388349e+00
-1.106980e-01 6.977530e-01 2.318694e+00
-3.025330e-01 4.082190e-01 2.469796e+00
4.816400e-02 3.901560e-01 2.417732e+00
-1.454160e-01 4.445330e-01 2.305224e+00
-1.191370e-01 2.683010e-01 2.543381e+00
-3.391700e-01 3.948100e-02 2.457922e+00
5.625000e-02 2.661800e-02 2.376110e+00
-1.157760e-01 3.319500e-02 2.541132e+00
-3.807040e-01 1.475330e-01 2.502696e+00
1.180250e-01 1.260080e-01 2.440006e+00
-4.113110e-01 -1.354360e-01 2.518812e+00
1.015240e-01 -1.423650e-01 2.345288e+00
-4.072300e-01 -1.995290e-01 2.497612e+00
4.948800e-02 -1.777490e-01 2.320504e+00
-2.473380e-01 -4.992710e-01 2.421034e+00
-4.731600e-02 -5.012740e-01 2.463079e+00
-2.568320e-01 -9.179720e-01 2.509257e+00
-3.571100e-02 -9.199000e-01 2.551404e+00
-2.899150e-01 -9.498980e-01 2.354179e+00
-6.799000e-02 -9.534770e-01 2.396505e+00
-1.113130e-01 6.919540e-01 2.317257e+00
-3.112640e-01 4.020040e-01 2.461888e+00
4.225600e-02 3.896710e-01 2.431943e+00
-1.447030e-01 4.415600e-01 2.307678e+00
-1.306610e-01 2.646140e-01 2.546340e+00
-3.384190e-01 4.345200e-02 2.423979e+00
6.441400e-02 2.226600e-02 2.401786e+00
-1.300480e-01 3.252900e-02 2.539437e+00
-3.887910e-01 1.412900e-01 2.509458e+00
1.088630e-01 1.221540e-01 2.447546e+00
-4.111770e-01 -1.448840e-01 2.516865e+00
1.087110e-01 -1.606100e-01 2.397585e+00
-4.029720e-01 -2.114860e-01 2.508441e+00
7.393000e-02 -2.153600e-01 2.378434e+00
-2.420410e-01 -4.982090e-01 2.432890e+00
-4.008900e-02 -5.035500e-01 2.464743e+00
-2.541720e-01 -9.162100e-01 2.524058e+00
-3.544000e-02 -9.207350e-01 2.560238e+00
-2.643500e-01 -9.503280e-01 2.366275e+00
-4.361900e-02 -9.568670e-01 2.402788e+00
-1.270120e-01 6.931870e-01 2.328926e+00
-3.245920e-01 4.016380e-01 2.463974e+00
2.929800e-02 3.928020e-01 2.437356e+00
-1.567930e-01 4.467090e-01 2.312647e+00
-1.437850e-01 2.633210e-01 2.546456e+00
-3.513910e-01 3.291600e-02 2.425939e+00
5.154200e-02 2.395100e-02 2.397994e+00
-1.411520e-01 2.855500e-02 2.538408e+00
-3.992110e-01 1.349610e-01 2.502470e+00
9.077000e-02 1.208850e-01 2.458544e+00
-4.163050e-01 -1.548880e-01 2.487494e+00
1.010360e-01 -1.696030e-01 2.452236e+00
-3.935020e-01 -2.184400e-01 2.483598e+00
7.879800e-02 -2.327340e-01 2.442538e+00
-2.491440e-01 -5.045440e-01 2.449850e+00
-4.636700e-02 -5.050200e-01 2.466373e+00
-2.598160e-01 -9.197540e-01 2.553148e+00
-4.199700e-02 -9.200690e-01 2.570774e+00
-2.721570e-01 -9.583920e-01 2.396566e+00
-5.128300e-02 -9.595530e-01 2.414192e+00
-1.390510e-01 7.004770e-01 2.347391e+00
-3.308470e-01 4.028050e-01 2.466585e+00
2.291700e-02 3.939250e-01 2.438354e+00
-1.637840e-01 4.469050e-01 2.314161e+00
-1.495940e-01 2.651260e-01 2.549154e+00
-3.631860e-01 3.307300e-02 2.437949e+00
3.818700e-02 2.537400e-02 2.392604e+00
-1.482650e-01 2.951300e-02 2.541220e+00
-4.052760e-01 1.330820e-01 2.495409e+00
8.210500e-02 1.211680e-01 2.473305e+00
-4.092800e-01 -1.558830e-01 2.450205e+00
9.470400e-02 -1.710030e-01 2.479438e+00
-3.968920e-01 -2.221160e-01 2.444393e+00
6.207800e-02 -2.290190e-01 2.467448e+00
-2.548090e-01 -5.044640e-01 2.452362e+00
-5.415600e-02 -5.033800e-01 2.468685e+00
-2.702610e-01 -9.170780e-01 2.565035e+00
-4.490400e-02 -9.191800e-01 2.569724e+00
-2.877870e-01 -9.588250e-01 2.409751e+00
-6.107200e-02 -9.575220e-01 2.413418e+00
-1.452690e-01 6.985460e-01 2.341713e+00
-3.394130e-01 4.001030e-01 2.466574e+00
1.497200e-02 3.976240e-01 2.445826e+00
-1.699580e-01 4.484230e-01 2.318122e+00
-1.575580e-01 2.648870e-01 2.551847e+00
-3.689140e-01 3.203100e-02 2.434078e+00
3.398100e-02 2.810300e-02 2.404488e+00
-1.582050e-01 2.794300e-02 2.545672e+00
-4.239780e-01 1.308510e-01 2.488719e+00
7.601900e-02 1.238880e-01 2.484298e+00
-4.059170e-01 -1.531490e-01 2.413365e+00
8.313900e-02 -1.702130e-01 2.473588e+00
-3.918390e-01 -2.169380e-01 2.395846e+00
5.229100e-02 -2.299650e-01 2.466367e+00
-2.592920e-01 -5.042090e-01 2.455341e+00
-5.499500e-02 -5.024740e-01 2.467105e+00
-2.731440e-01 -9.159530e-01 2.571355e+00
-4.409100e-02 -9.184790e-01 2.567130e+00
-2.848300e-01 -9.593410e-01 2.415972e+00
-5.337900e-02 -9.564600e-01 2.410177e+00
-1.567060e-01 6.997450e-01 2.348258e+00
-3.519470e-01 4.033860e-01 2.464500e+00
2.932000e-03 4.024290e-01 2.455271e+00
-1.779640e-01 4.529200e-01 2.321797e+00
-1.723920e-01 2.686160e-01 2.555180e+00
-3.776570e-01 2.943400e-02 2.431631e+00
2.593300e-02 3.677600e-02 2.414993e+00
-1.705890e-01 3.013700e-02 2.549913e+00
-4.346640e-01 1.307530e-01 2.466638e+00
6.708700e-02 1.263490e-01 2.484244e+00
-4.112180e-01 -1.444690e-01 2.359465e+00
7.791500e-02 -1.686620e-01 2.459052e+00
-3.833700e-01 -1.927140e-01 2.321112e+00
5.095100e-02 -2.272810e-01 2.438784e+00
-2.642380e-01 -5.028420e-01 2.464072e+00
-6.303100e-02 -4.980160e-01 2.467273e+00
-2.769210e-01 -9.163610e-01 2.573733e+00
-4.569300e-02 -9.143740e-01 2.564894e+00
-2.834650e-01 -9.576010e-01 2.417466e+00
-4.986600e-02 -9.514500e-01 2.407506e+00
-1.655360e-01 7.009060e-01 2.346365e+00
-3.586810e-01 4.055440e-01 2.470977e+00
-4.122000e-03 4.011780e-01 2.453839e+00
-1.874150e-01 4.547230e-01 2.324904e+00
-1.785250e-01 2.681500e-01 2.556374e+00
-3.855000e-01 2.753400e-02 2.438333e+00
1.734600e-02 3.967800e-02 2.410329e+00
-1.752270e-01 3.157000e-02 2.550751e+00
-4.424100e-01 1.331340e-01 2.460801e+00
6.203500e-02 1.252920e-01 2.482675e+00
-4.095570e-01 -1.354240e-01 2.339401e+00
6.322700e-02 -1.686560e-01 2.443511e+00
-3.865180e-01 -1.953800e-01 2.318223e+00
3.662700e-02 -2.283640e-01 2.426148e+00
-2.662530e-01 -5.033870e-01 2.467360e+00
-6.397300e-02 -4.955380e-01 2.471097e+00
-2.781030e-01 -9.153500e-01 2.582817e+00
-4.611000e-02 -9.124510e-01 2.566218e+00
-2.881850e-01 -9.586460e-01 2.427296e+00
-5.426500e-02 -9.487170e-01 2.408798e+00
-1.741150e-01 7.032330e-01 2.352937e+00
-3.638580e-01 4.047740e-01 2.469389e+00
-9.132000e-03 3.996640e-01 2.456437e+00
-1.907890e-01 4.532050e-01 2.325204e+00
-1.849930e-01 2.672680e-01 2.557283e+00
-3.912290e-01 2.804900e-02 2.435090e+00
1.233300e-02 3.947000e-02 2.420141e+00
-1.846550e-01 3.012500e-02 2.554218e+00
-4.455620e-01 1.319160e-01 2.459033e+00
5.524400e-02 1.230900e-01 2.480877e+00
-4.087880e-01 -1.349620e-01 2.335462e+00
5.280900e-02 -1.693810e-01 2.432910e+00
-3.908820e-01 -1.943570e-01 2.308523e+00
2.234100e-02 -2.247180e-01 2.408754e+00
-2.675710e-01 -5.030720e-01 2.467744e+00
-6.773800e-02 -4.959310e-01 2.471051e+00
-2.783060e-01 -9.148430e-01 2.583990e+00
-5.331400e-02 -9.128010e-01 2.566943e+00
-2.829000e-01 -9.586600e-01 2.428356e+00
-5.580700e-02 -9.491390e-01 2.409347e+00
-1.726870e-01 7.020550e-01 2.354188e+00
-3.697890e-01 4.026300e-01 2.469633e+00
-1.523800e-02 4.027490e-01 2.451768e+00
-1.995260e-01 4.501660e-01 2.321854e+00
-1.875500e-01 2.701650e-01 2.558334e+00
-3.973000e-01 2.745300e-02 2.439699e+00
5.989000e-03 3.901900e-02 2.418713e+00
-1.889850e-01 3.026200e-02 2.555741e+00
-4.494390e-01 1.290760e-01 2.462387e+00
4.966000e-02 1.263770e-01 2.476974e+00
-4.216300e-01 -1.456160e-01 2.354631e+00
4.594800e-02 -1.663230e-01 2.430575e+00
-3.950190e-01 -2.008120e-01 2.326009e+00
1.885800e-02 -2.260190e-01 2.413942e+00
-2.681210e-01 -5.037240e-01 2.469366e+00
-7.031400e-02 -4.960090e-01 2.472591e+00
-2.754230e-01 -9.148200e-01 2.588238e+00
-5.153000e-02 -9.137230e-01 2.563952e+00
-2.816640e-01 -9.596150e-01 2.432940e+00
-5.656500e-02 -9.484830e-01 2.406061e+00
-1.793390e-01 7.030490e-01 2.351069e+00
