-2.728460e-01 2.296600e-01 2.671624e+00
1.058570e-01 2.322130e-01 2.686404e+00
-8.533800e-02 9.220900e-02 2.750232e+00
1.064250e-01 -6.373400e-02 2.658565e+00
-3.827360e-01 -1.563900e-02 2.660824e+00
-3.105410e-01 -2.781320e-01 2.566190e+00
-3.312660e-01 -3.420820e-01 2.538288e+00
-2.128960e-01 -6.557400e-01 2.702933e+00
-2.041440e-01 -1.094242e+00 2.757733e+00
-1.884810e-01 -1.116217e+00 2.579388e+00
-6.594100e-02 4.807740e-01 2.529692e+00
1.034320e-01 2.285710e-01 2.697622e+00
-9.164500e-02 8.879500e-02 2.748987e+00
1.139700e-01 -7.084000e-02 2.655551e+00
-3.695650e-01 -1.914200e-02 2.666883e+00
-3.163140e-01 -2.893450e-01 2.585880e+00
-3.254160e-01 -3.563140e-01 2.558863e+00
-2.077390e-01 -6.458510e-01 2.698189e+00
-2.018820e-01 -1.084696e+00 2.750587e+00
-1.800370e-01 -1.105635e+00 2.572768e+00
-6.567300e-02 4.801030e-01 2.536572e+00
1.042000e-01 2.239030e-01 2.690940e+00
-9.265800e-02 8.868400e-02 2.747452e+00
1.133560e-01 -8.534900e-02 2.643056e+00
-3.705870e-01 -1.681400e-02 2.665679e+00
-3.255900e-01 -2.907390e-01 2.593652e+00
-3.262110e-01 -3.578830e-01 2.565564e+00
-2.065540e-01 -6.427430e-01 2.689794e+00
-2.020500e-01 -1.081115e+00 2.746127e+00
-1.862350e-01 -1.103857e+00 2.567892e+00
-7.223800e-02 4.783440e-01 2.529792e+00
1.047210e-01 2.129160e-01 2.688023e+00
-9.604400e-02 8.154100e-02 2.739648e+00
1.084350e-01 -9.923600e-02 2.644438e+00
-3.676650e-01 -1.629500e-02 2.663401e+00
-3.258950e-01 -2.880360e-01 2.579475e+00
-3.388540e-01 -3.590190e-01 2.569935e+00
-2.071390e-01 -6.380820e-01 2.674796e+00
-1.978920e-01 -1.074099e+00 2.746684e+00
-1.816010e-01 -1.102986e+00 2.569384e+00
-7.864600e-02 4.757390e-01 2.533167e+00
1.023250e-01 2.186990e-01 2.683917e+00
-7.514600e-02 3.087040e-01 2.558397e+00
-9.708000e-02 8.402800e-02 2.732206e+00
-3.186470e-01 -9.387200e-02 2.594710e+00
1.058930e-01 -9.574100e-02 2.640440e+00
-1.203960e-01 -9.586200e-02 2.747681e+00
-3.686230e-01 -1.594800e-02 2.658850e+00
1.611390e-01 -4.095100e-02 2.653347e+00
-3.378590e-01 -2.871780e-01 2.569827e+00
5.608600e-02 -2.806660e-01 2.535287e+00
-2.826450e-01 -3.338070e-01 2.561178e+00
1.099600e-02 -3.276410e-01 2.502762e+00
-2.031960e-01 -6.368700e-01 2.663582e+00
-9.208000e-03 -6.399440e-01 2.648706e+00
-1.980820e-01 -1.071499e+00 2.743802e+00
-8.586800e-02 -1.067665e+00 2.729584e+00
-1.799450e-01 -1.103866e+00 2.567284e+00
-5.751300e-02 -1.105656e+00 2.555550e+00
-7.751700e-02 4.731840e-01 2.520615e+00
-2.747100e-01 2.351990e-01 2.647833e+00
1.026220e-01 2.222940e-01 2.680930e+00
-7.335600e-02 3.088520e-01 2.550961e+00
-9.646300e-02 8.663300e-02 2.727753e+00
-3.145400e-01 -8.655200e-02 2.594582e+00
1.105380e-01 -1.012580e-01 2.632292e+00
-1.136950e-01 -9.782600e-02 2.743718e+00
-3.687420e-01 -1.554900e-02 2.649911e+00
1.758710e-01 -3.109700e-02 2.634578e+00
-3.295830e-01 -2.844450e-01 2.557745e+00
5.930200e-02 -2.718580e-01 2.530757e+00
-2.884070e-01 -3.429120e-01 2.571302e+00
5.535200e-02 -3.388720e-01 2.558884e+00
-2.023660e-01 -6.338760e-01 2.654484e+00
-1.009100e-02 -6.414390e-01 2.647594e+00
-1.974750e-01 -1.066913e+00 2.742907e+00
-8.326200e-02 -1.069093e+00 2.731990e+00
-1.832280e-01 -1.102733e+00 2.566699e+00
-5.961100e-02 -1.107601e+00 2.557368e+00
-7.736500e-02 4.757270e-01 2.514132e+00
-2.712710e-01 2.322660e-01 2.629668e+00
1.042080e-01 2.296370e-01 2.681144e+00
-6.721100e-02 3.079270e-01 2.540296e+00
-9.372300e-02 9.057700e-02 2.722577e+00
-3.103890e-01 -9.177000e-02 2.574014e+00
1.114960e-01 -9.919200e-02 2.639489e+00
-1.195640e-01 -9.870000e-02 2.736019e+00
-3.693640e-01 -1.633900e-02 2.645285e+00
1.785990e-01 -2.697700e-02 2.664245e+00
-3.211860e-01 -2.804800e-01 2.544372e+00
8.459700e-02 -2.753120e-01 2.555764e+00
-2.868340e-01 -3.407030e-01 2.566525e+00
6.040300e-02 -3.400700e-01 2.532988e+00
-2.037050e-01 -6.349650e-01 2.657756e+00
-1.115500e-02 -6.414050e-01 2.651645e+00
-1.989360e-01 -1.068517e+00 2.743627e+00
-8.236600e-02 -1.070599e+00 2.729653e+00
-1.732020e-01 -1.102931e+00 2.568446e+00
-4.899700e-02 -1.107643e+00 2.556305e+00
-7.083100e-02 4.737270e-01 2.498648e+00
-2.663030e-01 2.273460e-01 2.612717e+00
1.083550e-01 2.314330e-01 2.669776e+00
-6.156300e-02 2.993700e-01 2.521909e+00
-8.897900e-02 9.327100e-02 2.716695e+00
-3.047330e-01 -9.397400e-02 2.557254e+00
1.123010e-01 -9.642800e-02 2.648934e+00
-1.243160e-01 -9.565600e-02 2.730904e+00
-3.765700e-01 -1.513900e-02 2.645017e+00
1.724730e-01 -2.866300e-02 2.685269e+00
-3.072360e-01 -2.584580e-01 2.508477e+00
1.001010e-01 -2.841980e-01 2.575185e+00
-2.932720e-01 -3.277920e-01 2.525660e+00
8.641300e-02 -3.529990e-01 2.594591e+00
-1.982730e-01 -6.346180e-01 2.657882e+00
-9.853000e-03 -6.403440e-01 2.649784e+00
-2.020190e-01 -1.068618e+00 2.741508e+00
-7.752000e-02 -1.070089e+00 2.727914e+00
-1.644700e-01 -1.102311e+00 2.568331e+00
-3.421100e-02 -1.107988e+00 2.556967e+00
-6.974000e-02 4.700960e-01 2.478198e+00
-2.651980e-01 2.235060e-01 2.613432e+00
1.116330e-01 2.247520e-01 2.653905e+00
-6.400000e-02 2.920420e-01 2.512564e+00
-8.471500e-02 8.932400e-02 2.711678e+00
-3.073770e-01 -1.018620e-01 2.586037e+00
1.175120e-01 -9.535900e-02 2.627940e+00
-1.077960e-01 -9.725600e-02 2.737211e+00
-3.716630e-01 -2.119200e-02 2.633578e+00
1.651160e-01 -3.356500e-02 2.698954e+00
-2.847860e-01 -2.219520e-01 2.448209e+00
1.226960e-01 -3.018090e-01 2.606980e+00
-3.068120e-01 -2.876090e-01 2.425812e+00
1.032470e-01 -3.679210e-01 2.630402e+00
-2.041750e-01 -6.423930e-01 2.648217e+00
-1.251000e-02 -6.423770e-01 2.624053e+00
-1.950900e-01 -1.073830e+00 2.743838e+00
-7.517500e-02 -1.068988e+00 2.721213e+00
-1.808640e-01 -1.112453e+00 2.568222e+00
-5.662800e-02 -1.111416e+00 2.546883e+00
-7.450400e-02 4.678120e-01 2.472700e+00
-2.622630e-01 2.039800e-01 2.614135e+00
1.160190e-01 2.171320e-01 2.633395e+00
-6.908900e-02 2.753080e-01 2.500344e+00
-7.268100e-02 7.787000e-02 2.705710e+00
-3.286640e-01 -1.375180e-01 2.596347e+00
9.621200e-02 -1.014270e-01 2.618878e+00
-1.238230e-01 -1.114430e-01 2.738008e+00
-3.762740e-01 -3.336500e-02 2.656930e+00
1.675230e-01 -3.430500e-02 2.706124e+00
-2.648940e-01 -1.154440e-01 2.406831e+00
1.174000e-01 -3.092830e-01 2.646402e+00
-2.294120e-01 -1.776250e-01 2.393709e+00
9.700500e-02 -3.765040e-01 2.627352e+00
-2.164940e-01 -6.701090e-01 2.607421e+00
-4.530000e-03 -6.553500e-01 2.602602e+00
-1.836460e-01 -1.088625e+00 2.745731e+00
-6.909700e-02 -1.080788e+00 2.703585e+00
-1.867100e-01 -1.145433e+00 2.574562e+00
-5.085600e-02 -1.124847e+00 2.529628e+00
-7.781400e-02 4.437920e-01 2.450146e+00
-2.686630e-01 1.898550e-01 2.632665e+00
1.088950e-01 1.987060e-01 2.600839e+00
-9.182900e-02 2.556230e-01 2.492107e+00
-6.967100e-02 6.385900e-02 2.701644e+00
-3.221250e-01 -1.390610e-01 2.642422e+00
1.035430e-01 -1.238210e-01 2.612367e+00
-1.001840e-01 -1.284310e-01 2.757906e+00
-3.793450e-01 -4.845500e-02 2.635444e+00
1.908720e-01 -2.766000e-02 2.706141e+00
-2.363170e-01 -1.709000e-02 2.394974e+00
1.441630e-01 -3.053010e-01 2.706091e+00
-1.940850e-01 -4.553400e-02 2.342965e+00
1.088200e-01 -3.456480e-01 2.656891e+00
-2.375540e-01 -6.715400e-01 2.575093e+00
-9.955000e-03 -6.715220e-01 2.592725e+00
-1.738660e-01 -1.077378e+00 2.738197e+00
-6.688900e-02 -1.094766e+00 2.706684e+00
-2.123390e-01 -1.148258e+00 2.576856e+00
-6.689000e-02 -1.141662e+00 2.532512e+00
-8.653700e-02 4.261120e-01 2.440327e+00
-2.814510e-01 2.161180e-01 2.612469e+00
9.677200e-02 2.267850e-01 2.590681e+00
-1.012450e-01 2.742170e-01 2.472817e+00
-8.343600e-02 9.709600e-02 2.695261e+00
-3.279420e-01 -1.326650e-01 2.633494e+00
9.804100e-02 -1.102810e-01 2.614373e+00
-1.093290e-01 -1.168470e-01 2.754595e+00
-3.856710e-01 -1.669400e-02 2.666420e+00
1.915880e-01 2.168400e-02 2.720749e+00
-2.465950e-01 -1.517700e-02 2.424165e+00
1.387360e-01 -2.494520e-01 2.679239e+00
-1.943320e-01 -1.973900e-02 2.373714e+00
1.073980e-01 -3.030140e-01 2.717275e+00
-2.290330e-01 -6.655070e-01 2.581244e+00
-8.924000e-03 -6.614410e-01 2.632430e+00
-1.780550e-01 -1.071420e+00 2.748578e+00
-6.454300e-02 -1.093061e+00 2.709726e+00
-2.061610e-01 -1.142331e+00 2.585125e+00
-6.607000e-02 -1.124665e+00 2.532147e+00
-1.028820e-01 4.661560e-01 2.435193e+00
-3.031230e-01 2.534810e-01 2.598451e+00
7.484900e-02 2.767240e-01 2.583026e+00
-1.222010e-01 3.084490e-01 2.458458e+00
-1.027580e-01 1.479580e-01 2.693053e+00
-3.279420e-01 -9.116300e-02 2.639193e+00
9.736400e-02 -7.571100e-02 2.604478e+00
-1.047990e-01 -7.926400e-02 2.752211e+00
-3.990160e-01 2.885100e-02 2.684896e+00
1.820530e-01 8.516800e-02 2.720653e+00
-2.650600e-01 -5.385100e-02 2.456258e+00
1.243470e-01 -1.731780e-01 2.637069e+00
-2.168840e-01 -3.935200e-02 2.403661e+00
8.570000e-02 -2.278580e-01 2.665602e+00
-2.140750e-01 -6.306390e-01 2.622536e+00
-1.141600e-02 -6.224430e-01 2.672270e+00
-1.910970e-01 -1.059249e+00 2.728035e+00
-7.059400e-02 -1.057777e+00 2.720710e+00
-2.109710e-01 -1.103101e+00 2.554204e+00
-7.979300e-02 -1.076463e+00 2.541542e+00
-1.166880e-01 5.055750e-01 2.416329e+00
-3.215550e-01 2.639730e-01 2.578521e+00
5.511300e-02 2.857050e-01 2.614438e+00
-1.237640e-01 3.252240e-01 2.466811e+00
-1.353540e-01 1.523390e-01 2.692967e+00
-3.298910e-01 -8.672400e-02 2.600601e+00
9.420300e-02 -4.795000e-02 2.631741e+00
-1.281350e-01 -5.935500e-02 2.746385e+00
-3.993830e-01 3.732100e-02 2.671999e+00
1.585020e-01 6.517000e-02 2.697151e+00
-3.052290e-01 -1.212970e-01 2.467226e+00
4.961400e-02 -4.870400e-02 2.471026e+00
-3.169610e-01 -1.923150e-01 2.456436e+00
6.201200e-02 -1.128180e-01 2.438883e+00
-2.171570e-01 -6.178710e-01 2.649815e+00
2.250600e-02 -6.002900e-01 2.609662e+00
-2.090130e-01 -1.052220e+00 2.731292e+00
-4.274500e-02 -1.013424e+00 2.752583e+00
-1.981390e-01 -1.085218e+00 2.554294e+00
-7.382000e-03 -1.076213e+00 2.587228e+00
-1.353910e-01 4.996700e-01 2.411568e+00
-3.301640e-01 2.188700e-01 2.577524e+00
4.150600e-02 2.403470e-01 2.648522e+00
-1.242020e-01 2.905330e-01 2.489228e+00
-1.531790e-01 9.959100e-02 2.698684e+00
-3.339170e-01 -1.228770e-01 2.571663e+00
7.780200e-02 -4.630100e-02 2.655045e+00
-1.558840e-01 -7.370600e-02 2.740760e+00
-4.049350e-01 2.948000e-03 2.692862e+00
1.208730e-01 -2.983000e-03 2.645879e+00
-3.649880e-01 -2.176800e-01 2.534947e+00
-6.285000e-03 -4.591500e-02 2.406720e+00
-3.255380e-01 -2.780740e-01 2.544635e+00
-1.325400e-02 -8.543000e-03 2.344653e+00
-2.269000e-01 -6.412780e-01 2.621253e+00
4.122500e-02 -6.017010e-01 2.589720e+00
-2.095020e-01 -1.065499e+00 2.744126e+00
-4.916500e-02 -9.983150e-01 2.762609e+00
-1.852030e-01 -1.114303e+00 2.572188e+00
1.332300e-02 -1.077695e+00 2.613179e+00
-1.387240e-01 4.440180e-01 2.421295e+00
-3.363700e-01 1.878270e-01 2.585285e+00
3.546600e-02 2.163820e-01 2.652841e+00
-1.338300e-01 2.704630e-01 2.498677e+00
-1.543170e-01 6.727300e-02 2.697332e+00
-3.442180e-01 -1.807190e-01 2.582367e+00
5.897300e-02 -6.835500e-02 2.666869e+00
-1.725660e-01 -1.124660e-01 2.751437e+00
-4.168110e-01 -4.137800e-02 2.665583e+00
1.005990e-01 -2.732900e-02 2.610227e+00
-3.417530e-01 -2.384650e-01 2.490482e+00
-3.437300e-02 -2.784300e-02 2.371648e+00
-3.288450e-01 -3.086220e-01 2.504938e+00
-6.808300e-02 2.250400e-02 2.331319e+00
-2.411140e-01 -6.837250e-01 2.590513e+00
4.908500e-02 -6.265300e-01 2.586625e+00
-2.050560e-01 -1.099457e+00 2.736219e+00
-5.215400e-02 -1.016223e+00 2.768983e+00
-1.989690e-01 -1.158613e+00 2.565929e+00
1.587500e-02 -1.101200e+00 2.625157e+00
-1.484360e-01 4.199170e-01 2.432479e+00
-3.298410e-01 2.084860e-01 2.578264e+00
4.476900e-02 2.392970e-01 2.626838e+00
-1.302590e-01 2.769740e-01 2.474202e+00
-1.445130e-01 9.955600e-02 2.696665e+00
-3.440150e-01 -1.546280e-01 2.587874e+00
7.239100e-02 -7.778900e-02 2.642927e+00
-1.557740e-01 -9.995700e-02 2.743707e+00
-4.180890e-01 -2.389100e-02 2.627671e+00
1.292860e-01 2.015000e-03 2.654798e+00
-2.472780e-01 -8.257700e-02 2.424914e+00
2.877000e-03 -1.092550e-01 2.441794e+00
-2.420030e-01 -1.416030e-01 2.382656e+00
-2.369000e-02 -1.363310e-01 2.379676e+00
-2.339840e-01 -6.717720e-01 2.648164e+00
2.696800e-02 -6.353320e-01 2.601889e+00
-2.087050e-01 -1.100881e+00 2.751073e+00
2.993600e-02 -9.823110e-01 2.875679e+00
-1.917360e-01 -1.141813e+00 2.576225e+00
6.336100e-02 -1.091932e+00 2.736392e+00
-1.417520e-01 4.641110e-01 2.431133e+00
-3.181820e-01 2.446560e-01 2.571508e+00
5.789600e-02 2.743540e-01 2.607895e+00
-1.213980e-01 3.083980e-01 2.459414e+00
-1.300540e-01 1.382370e-01 2.687757e+00
-3.252370e-01 -9.227100e-02 2.605117e+00
9.971700e-02 -9.055000e-02 2.646832e+00
-1.255360e-01 -7.883800e-02 2.755604e+00
-3.975880e-01 6.185000e-03 2.595389e+00
1.412160e-01 6.048800e-02 2.713076e+00
-2.097120e-01 6.710300e-02 2.410546e+00
1.015510e-01 -1.390940e-01 2.534838e+00
-1.809020e-01 3.013900e-02 2.354857e+00
8.613100e-02 -2.098890e-01 2.541759e+00
-2.327110e-01 -6.296450e-01 2.699893e+00
3.820000e-04 -6.328090e-01 2.618724e+00
-2.144830e-01 -1.068538e+00 2.748922e+00
-1.806000e-03 -1.020018e+00 2.831863e+00
-1.988770e-01 -1.087849e+00 2.570264e+00
2.002400e-02 -1.106454e+00 2.675060e+00
-1.218220e-01 5.084340e-01 2.427862e+00
-2.985300e-01 2.592860e-01 2.580580e+00
7.912100e-02 2.801390e-01 2.604794e+00
-1.036880e-01 3.140800e-01 2.460637e+00
-1.097310e-01 1.517470e-01 2.694691e+00
-3.258830e-01 -6.741800e-02 2.614413e+00
1.004990e-01 -6.113700e-02 2.636495e+00
-1.195100e-01 -6.067700e-02 2.756090e+00
-3.774910e-01 2.023600e-02 2.577982e+00
1.580550e-01 8.359200e-02 2.740900e+00
-1.921770e-01 1.304800e-01 2.415902e+00
1.268410e-01 -1.654130e-01 2.641970e+00
-1.596100e-01 1.446130e-01 2.352363e+00
8.617000e-02 -2.256260e-01 2.646209e+00
-2.328690e-01 -6.073260e-01 2.669816e+00
-1.445000e-03 -6.072280e-01 2.639430e+00
-2.198710e-01 -1.033569e+00 2.786057e+00
-3.131800e-02 -1.032476e+00 2.756201e+00
-2.174790e-01 -1.080955e+00 2.612034e+00
-1.405500e-02 -1.081146e+00 2.583376e+00
-1.043090e-01 5.192390e-01 2.441445e+00
-2.767830e-01 2.140920e-01 2.658440e+00
9.627900e-02 2.247090e-01 2.592467e+00
-1.136550e-01 2.823080e-01 2.503236e+00
-7.203100e-02 8.793000e-02 2.707331e+00
-3.131840e-01 -9.514300e-02 2.668967e+00
1.040250e-01 -9.483200e-02 2.578052e+00
-7.671600e-02 -9.516000e-02 2.751372e+00
-3.564420e-01 -2.332800e-02 2.609452e+00
2.146590e-01 4.726200e-02 2.732510e+00
-1.897520e-01 8.123800e-02 2.419641e+00
1.367840e-01 -2.099200e-01 2.682101e+00
-1.491060e-01 1.041660e-01 2.363786e+00
1.214750e-01 -2.476850e-01 2.621793e+00
-2.470380e-01 -6.334560e-01 2.601411e+00
-2.309000e-03 -6.396330e-01 2.623884e+00
-2.344430e-01 -1.023839e+00 2.808309e+00
-9.961000e-03 -1.059841e+00 2.760746e+00
-2.813790e-01 -1.106576e+00 2.655055e+00
-3.931600e-02 -1.114473e+00 2.591368e+00
-8.794500e-02 4.633360e-01 2.470778e+00
-2.694870e-01 2.083450e-01 2.660488e+00
1.040630e-01 2.081880e-01 2.596445e+00
-1.031590e-01 2.772660e-01 2.509038e+00
-6.972200e-02 7.276600e-02 2.704568e+00
-3.100280e-01 -9.895300e-02 2.668655e+00
1.078500e-01 -1.398820e-01 2.590987e+00
-7.669700e-02 -1.141450e-01 2.758283e+00
-3.537010e-01 -3.318100e-02 2.658905e+00
1.903070e-01 -1.819400e-02 2.678557e+00
-2.117300e-01 -7.797200e-02 2.428800e+00
1.031090e-01 -1.967100e-01 2.489775e+00
-1.730430e-01 -8.727300e-02 2.367854e+00
7.823500e-02 -2.418790e-01 2.438408e+00
-2.400230e-01 -6.465790e-01 2.584217e+00
1.016300e-02 -6.704520e-01 2.634718e+00
-2.304520e-01 -1.019383e+00 2.821471e+00
7.330000e-04 -1.087114e+00 2.781916e+00
-2.642330e-01 -1.115129e+00 2.672385e+00
-1.799200e-02 -1.146496e+00 2.612628e+00
-8.619000e-02 4.450360e-01 2.460596e+00
-2.816300e-01 2.285770e-01 2.632504e+00
9.594100e-02 2.335290e-01 2.599995e+00
-1.043100e-01 2.948460e-01 2.492795e+00
-8.401500e-02 9.896000e-02 2.698676e+00
-3.171410e-01 -1.051140e-01 2.638121e+00
1.080060e-01 -1.219040e-01 2.602099e+00
-9.313100e-02 -1.026230e-01 2.750017e+00
-3.741380e-01 2.377000e-02 2.751120e+00
1.790130e-01 -5.048000e-03 2.627453e+00
-3.035770e-01 -1.013560e-01 2.519835e+00
1.314200e-02 -6.329800e-02 2.419555e+00
-3.102910e-01 -1.373640e-01 2.456939e+00
-1.720200e-02 -8.695900e-02 2.357773e+00
-2.186420e-01 -6.516840e-01 2.604172e+00
1.478000e-02 -6.551470e-01 2.690590e+00
-1.912750e-01 -1.035020e+00 2.822503e+00
-6.790000e-03 -1.085159e+00 2.790534e+00
-2.148110e-01 -1.124792e+00 2.667835e+00
-1.762000e-02 -1.125404e+00 2.615040e+00
-8.082700e-02 4.746270e-01 2.453636e+00
-3.024070e-01 2.675260e-01 2.605160e+00
7.647200e-02 2.701640e-01 2.595926e+00
-1.164580e-01 3.273740e-01 2.474035e+00
-1.099200e-01 1.403450e-01 2.688854e+00
-3.363460e-01 -9.751600e-02 2.624445e+00
8.881700e-02 -5.885000e-02 2.616049e+00
-1.218320e-01 -7.106800e-02 2.750903e+00
-3.919150e-01 7.990500e-02 2.747913e+00
1.309410e-01 2.398000e-02 2.591636e+00
-3.392100e-01 -8.433700e-02 2.539952e+00
-4.364800e-02 7.103000e-02 2.390872e+00
-3.763360e-01 -1.049690e-01 2.480845e+00
-8.283800e-02 1.080350e-01 2.341960e+00
-1.934990e-01 -6.299590e-01 2.644530e+00
2.503000e-03 -6.092560e-01 2.692623e+00
-1.539840e-01 -1.069364e+00 2.671468e+00
-1.131000e-03 -1.043961e+00 2.772511e+00
-1.582650e-01 -1.080782e+00 2.491505e+00
-1.435000e-03 -1.076561e+00 2.595107e+00
-9.483600e-02 5.207970e-01 2.447892e+00
-3.116970e-01 2.416900e-01 2.604584e+00
6.639900e-02 2.559720e-01 2.626501e+00
-1.182190e-01 3.175860e-01 2.494319e+00
-1.220370e-01 1.135510e-01 2.693129e+00
-3.352340e-01 -1.126220e-01 2.601684e+00
8.764700e-02 -6.128300e-02 2.631107e+00
-1.330860e-01 -8.521400e-02 2.746917e+00
-4.204360e-01 4.814000e-02 2.725200e+00
1.482760e-01 1.724400e-02 2.638291e+00
-3.197730e-01 -8.141400e-02 2.509883e+00
-1.448700e-02 -2.170900e-02 2.425525e+00
-3.125410e-01 -1.204110e-01 2.448854e+00
-4.713600e-02 3.193000e-03 2.365429e+00
-1.985120e-01 -6.407340e-01 2.646894e+00
4.935000e-03 -6.194450e-01 2.614166e+00
-1.376760e-01 -1.073963e+00 2.709950e+00
-3.989000e-03 -1.027573e+00 2.783624e+00
-1.284000e-01 -1.098632e+00 2.531511e+00
1.189400e-02 -1.096768e+00 2.617808e+00
-1.035710e-01 5.085970e-01 2.490146e+00
-3.198540e-01 2.063450e-01 2.611800e+00
5.618900e-02 2.295120e-01 2.652983e+00
-1.230940e-01 2.888840e-01 2.512680e+00
-1.316670e-01 8.136700e-02 2.707700e+00
-3.292470e-01 -1.265590e-01 2.593923e+00
9.382100e-02 -8.904200e-02 2.637915e+00
-1.317360e-01 -1.020870e-01 2.745904e+00
-4.121950e-01 -2.372000e-02 2.654595e+00
1.481580e-01 -4.646000e-03 2.653239e+00
-2.693350e-01 -7.912000e-02 2.432842e+00
2.382700e-02 -1.461060e-01 2.460410e+00
-2.391830e-01 -8.461000e-02 2.366825e+00
-9.517000e-03 -1.813020e-01 2.406123e+00
-2.040930e-01 -6.593080e-01 2.634642e+00
8.900000e-03 -6.396300e-01 2.580883e+00
-1.610670e-01 -1.087169e+00 2.736856e+00
1.631700e-02 -1.023707e+00 2.799501e+00
-1.486980e-01 -1.127804e+00 2.561554e+00
3.667600e-02 -1.112068e+00 2.643575e+00
-1.145480e-01 4.737980e-01 2.499288e+00
-3.176790e-01 2.320570e-01 2.616079e+00
6.072700e-02 2.521720e-01 2.609350e+00
-1.336520e-01 2.965770e-01 2.484461e+00
-1.201660e-01 1.166180e-01 2.704921e+00
-3.410720e-01 -1.113880e-01 2.630621e+00
8.514100e-02 -8.637100e-02 2.623835e+00
-1.258210e-01 -9.992300e-02 2.758070e+00
-3.859300e-01 -8.507000e-03 2.604593e+00
1.627540e-01 6.829400e-02 2.745145e+00
-2.166070e-01 7.733500e-02 2.415138e+00
1.102800e-01 -1.635790e-01 2.620995e+00
-1.901280e-01 7.904300e-02 2.347362e+00
1.169340e-01 -2.334130e-01 2.601588e+00
-2.117260e-01 -6.470450e-01 2.675875e+00
-1.947000e-03 -6.350340e-01 2.585336e+00
-1.688690e-01 -1.079902e+00 2.754376e+00
3.345600e-02 -1.022588e+00 2.794891e+00
-1.735830e-01 -1.112530e+00 2.577039e+00
3.791400e-02 -1.108039e+00 2.636104e+00
-1.163420e-01 5.204180e-01 2.500025e+00
-3.083180e-01 2.687850e-01 2.624756e+00
6.875100e-02 2.899770e-01 2.592958e+00
-1.336570e-01 3.365530e-01 2.482442e+00
-1.051410e-01 1.519670e-01 2.697581e+00
-3.363830e-01 -5.967500e-02 2.639791e+00
8.905800e-02 -6.563100e-02 2.603832e+00
-1.127150e-01 -6.743600e-02 2.752129e+00
-4.043560e-01 3.696700e-02 2.636658e+00
1.818890e-01 1.193990e-01 2.738585e+00
-2.295390e-01 9.449300e-02 2.440262e+00
1.168520e-01 -1.243160e-01 2.644697e+00
-1.868500e-01 1.229260e-01 2.388621e+00
1.477940e-01 -1.838850e-01 2.616561e+00
-2.089480e-01 -6.021750e-01 2.696969e+00
-2.873000e-03 -6.076690e-01 2.622091e+00
-1.923020e-01 -1.040585e+00 2.750662e+00
-1.588600e-02 -1.024484e+00 2.768580e+00
-2.079750e-01 -1.063016e+00 2.572375e+00
-1.756100e-02 -1.084242e+00 2.598400e+00
-1.053600e-01 5.560250e-01 2.509944e+00
-2.885020e-01 2.742690e-01 2.641447e+00
8.660100e-02 2.928860e-01 2.590539e+00
-1.208240e-01 3.416770e-01 2.490807e+00
-8.277600e-02 1.554800e-01 2.703065e+00
-3.245010e-01 -3.100500e-02 2.646362e+00
9.724400e-02 -6.055000e-02 2.586468e+00
-9.553700e-02 -5.011800e-02 2.745949e+00
-3.941120e-01 4.864300e-02 2.679055e+00
1.881740e-01 1.031680e-01 2.721554e+00
-2.361430e-01 8.733300e-02 2.463613e+00
1.229730e-01 -1.036170e-01 2.560759e+00
-2.211780e-01 4.064600e-02 2.409817e+00
1.375140e-01 -1.749230e-01 2.559466e+00
-2.159630e-01 -5.847970e-01 2.627160e+00
1.664000e-03 -5.939560e-01 2.642954e+00
-2.023310e-01 -1.002038e+00 2.772377e+00
-5.942300e-02 -1.024565e+00 2.721746e+00
-2.211610e-01 -1.061552e+00 2.603148e+00
-7.374500e-02 -1.054960e+00 2.544528e+00
-9.014600e-02 5.522050e-01 2.513522e+00
-2.757800e-01 2.235130e-01 2.690818e+00
9.554200e-02 2.294470e-01 2.615149e+00
-1.140880e-01 3.069730e-01 2.541680e+00
-7.523500e-02 8.410500e-02 2.714857e+00
-3.400410e-01 -1.034790e-01 2.654255e+00
7.935800e-02 -7.984100e-02 2.577606e+00
-1.069210e-01 -8.976200e-02 2.744667e+00
-3.614760e-01 7.110000e-04 2.773932e+00
1.734110e-01 -9.569000e-03 2.641611e+00
-3.347690e-01 -3.334900e-02 2.506588e+00
3.321100e-02 -1.003070e-01 2.428404e+00
-3.271220e-01 -3.837800e-02 2.434381e+00
2.331800e-02 -7.100000e-02 2.362519e+00
-2.284320e-01 -6.356120e-01 2.571971e+00
-1.140000e-04 -6.300680e-01 2.613462e+00
-2.193300e-01 -1.008370e+00 2.809317e+00
-1.953500e-02 -1.048798e+00 2.753649e+00
-2.444140e-01 -1.104742e+00 2.658923e+00
-3.523400e-02 -1.105189e+00 2.583036e+00
-7.452700e-02 4.791690e-01 2.513810e+00
-2.799020e-01 2.246320e-01 2.679389e+00
9.365600e-02 2.141340e-01 2.616262e+00
-1.104560e-01 2.958670e-01 2.532536e+00
-8.553700e-02 7.933200e-02 2.716007e+00
-3.126460e-01 -1.112180e-01 2.648700e+00
1.098840e-01 -1.017140e-01 2.587817e+00
-8.269800e-02 -1.073560e-01 2.747778e+00
-3.485130e-01 1.091600e-02 2.794824e+00
1.507780e-01 -2.913500e-02 2.580701e+00
-3.472500e-01 -1.492530e-01 2.576930e+00
-2.354500e-02 -5.375000e-03 2.375323e+00
-3.440320e-01 -1.898170e-01 2.516583e+00
-3.807800e-02 3.858200e-02 2.319161e+00
-2.245520e-01 -6.465040e-01 2.570357e+00
7.566000e-03 -6.484920e-01 2.638557e+00
-2.202360e-01 -1.011313e+00 2.819875e+00
-7.193000e-03 -1.073571e+00 2.758783e+00
-2.490510e-01 -1.112068e+00 2.673064e+00
-2.586200e-02 -1.121797e+00 2.585980e+00
-7.848200e-02 4.789830e-01 2.511733e+00
-2.865100e-01 2.609720e-01 2.658289e+00
8.992000e-02 2.501350e-01 2.615574e+00
-1.095430e-01 3.292610e-01 2.519106e+00
-9.413500e-02 1.171620e-01 2.708703e+00
-3.341580e-01 -1.059190e-01 2.642380e+00
9.001000e-02 -7.889600e-02 2.601386e+00
-1.094320e-01 -9.326300e-02 2.752131e+00
-3.649290e-01 6.064000e-02 2.788304e+00
1.490430e-01 8.463000e-03 2.579721e+00
-3.484990e-01 -8.850600e-02 2.564650e+00
-3.543300e-02 7.134400e-02 2.393845e+00
-3.394670e-01 -1.272710e-01 2.503713e+00
-6.754400e-02 1.018830e-01 2.336105e+00
-2.105500e-01 -6.408130e-01 2.595621e+00
7.295000e-03 -6.271200e-01 2.673913e+00
-2.045390e-01 -1.033546e+00 2.798326e+00
-5.430000e-03 -1.060739e+00 2.758629e+00
-2.206730e-01 -1.116138e+00 2.638785e+00
-1.733500e-02 -1.094913e+00 2.581921e+00
-7.651100e-02 5.293840e-01 2.523370e+00
-3.079240e-01 2.806220e-01 2.626170e+00
7.053900e-02 2.809990e-01 2.646337e+00
-1.123270e-01 3.502290e-01 2.515496e+00
-1.226410e-01 1.450430e-01 2.712885e+00
-3.364740e-01 -6.779200e-02 2.614409e+00
8.880200e-02 -3.724000e-02 2.637553e+00
-1.304050e-01 -5.992000e-02 2.756470e+00
-4.020260e-01 7.320500e-02 2.730125e+00
1.511860e-01 4.415700e-02 2.637085e+00
-3.166250e-01 6.057000e-03 2.484858e+00
-1.725700e-02 -5.992000e-03 2.434427e+00
-2.857930e-01 -4.035000e-02 2.438024e+00
-5.238500e-02 3.497000e-02 2.385583e+00
-1.992010e-01 -6.023470e-01 2.659265e+00
-4.668000e-03 -5.902260e-01 2.610908e+00
-1.594370e-01 -1.040354e+00 2.703227e+00
-8.814000e-03 -1.007553e+00 2.756458e+00
-1.499590e-01 -1.057491e+00 2.523918e+00
4.832000e-03 -1.066903e+00 2.586674e+00
-9.451200e-02 5.567810e-01 2.547361e+00
-3.129410e-01 2.390980e-01 2.629308e+00
5.950100e-02 2.569930e-01 2.697190e+00
-1.094910e-01 3.251890e-01 2.548383e+00
-1.323180e-01 1.076780e-01 2.730971e+00
-3.235810e-01 -7.962200e-02 2.583480e+00
9.666900e-02 -7.641900e-02 2.659039e+00
-1.365720e-01 -8.211800e-02 2.750000e+00
-4.051480e-01 6.961000e-03 2.628767e+00
1.406390e-01 2.224600e-02 2.670721e+00
-2.535240e-01 -2.272600e-02 2.410249e+00
3.483400e-02 -1.046680e-01 2.460198e+00
-2.328750e-01 8.461000e-03 2.347810e+00
4.149200e-02 -1.725090e-01 2.434688e+00
-2.072230e-01 -6.216350e-01 2.655432e+00
4.172000e-03 -6.082030e-01 2.533534e+00
-1.689670e-01 -1.051431e+00 2.751221e+00
-1.797600e-02 -9.821340e-01 2.768159e+00
-1.412560e-01 -1.087849e+00 2.576748e+00
1.104900e-02 -1.077983e+00 2.618141e+00
-1.206030e-01 5.157970e-01 2.554142e+00
-3.155800e-01 2.054570e-01 2.648167e+00
6.072800e-02 2.213330e-01 2.690371e+00
-1.175340e-01 2.890960e-01 2.552592e+00
-1.293450e-01 7.385200e-02 2.738874e+00
-3.415430e-01 -1.340230e-01 2.612354e+00
7.970300e-02 -8.704400e-02 2.664057e+00
-1.461090e-01 -1.171960e-01 2.768014e+00
-3.829320e-01 -2.021200e-02 2.562159e+00
1.394330e-01 2.753000e-03 2.784649e+00
-2.166570e-01 9.280300e-02 2.383998e+00
1.041510e-01 -1.898880e-01 2.600786e+00
-1.738740e-01 1.323530e-01 2.340375e+00
7.369000e-02 -2.544050e-01 2.586390e+00
-2.206470e-01 -6.641840e-01 2.646104e+00
-3.340000e-03 -6.196770e-01 2.505672e+00
-1.905670e-01 -1.086902e+00 2.771677e+00
3.978700e-02 -9.544920e-01 2.790984e+00
-1.766620e-01 -1.137203e+00 2.599017e+00
4.781700e-02 -1.070766e+00 2.653322e+00
-1.306650e-01 4.786900e-01 2.549845e+00
-3.151680e-01 2.348240e-01 2.632689e+00
6.260100e-02 2.475620e-01 2.660421e+00
-1.192690e-01 3.038940e-01 2.522211e+00
-1.280300e-01 1.098760e-01 2.730659e+00
-3.355250e-01 -1.048790e-01 2.628745e+00
9.015900e-02 -9.077700e-02 2.659127e+00
-1.316240e-01 -1.083050e-01 2.774073e+00
-3.860670e-01 2.133000e-03 2.574829e+00
1.545790e-01 4.863100e-02 2.780779e+00
-1.925450e-01 1.178000e-01 2.430121e+00
1.142140e-01 -1.548820e-01 2.611300e+00
-1.522580e-01 1.482510e-01 2.377706e+00
9.122700e-02 -2.145410e-01 2.576514e+00
-2.115190e-01 -6.435560e-01 2.683733e+00
-4.627000e-03 -6.270190e-01 2.545732e+00
-1.898420e-01 -1.075798e+00 2.773514e+00
3.635000e-02 -9.904450e-01 2.793940e+00
-1.783290e-01 -1.111853e+00 2.597155e+00
4.429300e-02 -1.091463e+00 2.644717e+00
-1.271190e-01 5.239810e-01 2.548625e+00
-2.977800e-01 2.722220e-01 2.629831e+00
8.062200e-02 2.858980e-01 2.646132e+00
-1.053740e-01 3.398790e-01 2.512551e+00
-1.075880e-01 1.490300e-01 2.724074e+00
-3.178650e-01 -7.151800e-02 2.608897e+00
1.072410e-01 -7.212800e-02 2.649061e+00
-1.176220e-01 -7.579200e-02 2.759202e+00
-3.943450e-01 4.223800e-02 2.626697e+00
1.641380e-01 8.532400e-02 2.768699e+00
-1.941280e-01 7.927400e-02 2.453561e+00
1.113980e-01 -6.434000e-02 2.553633e+00
-1.462180e-01 8.175000e-02 2.398825e+00
1.522510e-01 -9.546200e-02 2.502057e+00
-2.120830e-01 -6.122970e-01 2.686543e+00
-5.794000e-03 -6.156330e-01 2.606152e+00
-1.924480e-01 -1.044713e+00 2.775958e+00
-2.634800e-02 -1.048251e+00 2.694377e+00
-1.782010e-01 -1.080504e+00 2.599744e+00
-5.748000e-03 -1.084996e+00 2.518990e+00
-1.058410e-01 5.610180e-01 2.543512e+00
-2.853590e-01 2.779950e-01 2.648552e+00
9.321400e-02 2.887540e-01 2.634141e+00
-1.025430e-01 3.415570e-01 2.514796e+00
-8.906000e-02 1.551490e-01 2.729833e+00
-3.143340e-01 -7.009300e-02 2.641852e+00
1.112610e-01 -4.436900e-02 2.618691e+00
-9.397800e-02 -6.486200e-02 2.760693e+00
-3.825680e-01 4.611500e-02 2.663681e+00
1.898340e-01 8.142200e-02 2.739615e+00
-2.369630e-01 -5.851800e-02 2.461975e+00
9.045700e-02 -5.987000e-03 2.504417e+00
-1.920290e-01 -2.389400e-02 2.416371e+00
3.241700e-02 -1.563800e-02 2.461570e+00
-2.116310e-01 -6.062350e-01 2.652078e+00
-1.104600e-02 -5.964480e-01 2.654969e+00
-1.996600e-01 -1.029932e+00 2.777386e+00
-7.224700e-02 -1.034170e+00 2.659174e+00
-2.158780e-01 -1.081301e+00 2.605242e+00
-8.410500e-02 -1.034241e+00 2.479190e+00
-9.454900e-02 5.583800e-01 2.556134e+00
-2.716610e-01 2.318680e-01 2.695236e+00
1.053330e-01 2.368170e-01 2.656605e+00
-9.555700e-02 3.190090e-01 2.565829e+00
-7.534400e-02 8.970000e-02 2.733696e+00
-3.028940e-01 -9.024000e-02 2.662529e+00
1.219410e-01 -7.975800e-02 2.620883e+00
-7.758500e-02 -9.057300e-02 2.771813e+00
-3.599560e-01 -5.208000e-03 2.700423e+00
1.764740e-01 -4.615000e-03 2.630584e+00
-2.802540e-01 -1.714060e-01 2.501608e+00
3.114000e-03 2.220400e-02 2.423875e+00
-3.124920e-01 -2.273200e-01 2.467963e+00
-2.157600e-02 5.541000e-02 2.363997e+00
-2.117190e-01 -6.285930e-01 2.609605e+00
-8.052000e-03 -6.282070e-01 2.642067e+00
-1.989550e-01 -1.045052e+00 2.757129e+00
-4.521200e-02 -1.062766e+00 2.713773e+00
-2.267300e-01 -1.105317e+00 2.589404e+00
-6.438100e-02 -1.090369e+00 2.536556e+00
-5.970500e-02 4.938300e-01 2.555969e+00
-2.718270e-01 2.285610e-01 2.686834e+00
1.063230e-01 2.202500e-01 2.662868e+00
-8.847200e-02 3.005640e-01 2.558192e+00
-8.145600e-02 8.453200e-02 2.743803e+00
-3.020250e-01 -9.952600e-02 2.653594e+00
1.244310e-01 -1.006970e-01 2.632084e+00
-8.222100e-02 -1.045370e-01 2.773462e+00
-3.502260e-01 -8.029000e-03 2.737799e+00
1.604860e-01 -2.382200e-02 2.615820e+00
-3.218200e-01 -1.948830e-01 2.541400e+00
5.227000e-03 3.436100e-02 2.399479e+00
-3.368270e-01 -2.656580e-01 2.533445e+00
-2.218500e-02 7.341100e-02 2.344513e+00
-2.033520e-01 -6.438690e-01 2.632109e+00
1.248000e-03 -6.456930e-01 2.642742e+00
-1.867820e-01 -1.073139e+00 2.736114e+00
-3.844700e-02 -1.080173e+00 2.713558e+00
-2.032770e-01 -1.116035e+00 2.561692e+00
-4.343600e-02 -1.108734e+00 2.535529e+00
-5.712700e-02 4.917170e-01 2.557980e+00
-2.689080e-01 2.428000e-01 2.682667e+00
1.096350e-01 2.325800e-01 2.667117e+00
-8.245900e-02 3.123210e-01 2.557145e+00
-8.048000e-02 9.873700e-02 2.745687e+00
-3.101170e-01 -1.133130e-01 2.658678e+00
1.163780e-01 -9.658000e-02 2.646391e+00
-9.269100e-02 -1.157200e-01 2.782887e+00
-3.577350e-01 1.004900e-02 2.736002e+00
1.843070e-01 -1.002900e-02 2.645377e+00
-3.232720e-01 -1.799760e-01 2.543092e+00
2.641000e-02 -8.721000e-03 2.422715e+00
-2.857530e-01 -2.422800e-01 2.540238e+00
-9.624000e-03 4.005000e-03 2.360770e+00
-1.982250e-01 -6.524010e-01 2.680661e+00
-6.160000e-03 -6.462560e-01 2.674164e+00
-1.790700e-01 -1.088944e+00 2.747203e+00
-4.817100e-02 -1.083789e+00 2.720690e+00
-1.865490e-01 -1.116422e+00 2.569090e+00
-5.283300e-02 -1.102412e+00 2.541339e+00
-7.179800e-02 5.160020e-01 2.572171e+00
-2.775140e-01 2.408090e-01 2.693194e+00
1.010040e-01 2.417390e-01 2.674105e+00
-9.427300e-02 3.190940e-01 2.568108e+00
-8.454000e-02 1.004070e-01 2.750458e+00
-3.117060e-01 -1.081380e-01 2.645327e+00
1.134610e-01 -7.100900e-02 2.631808e+00
-9.431700e-02 -9.706800e-02 2.769128e+00
-3.699630e-01 5.696000e-03 2.731778e+00
1.945310e-01 4.156000e-03 2.663111e+00
-3.260470e-01 -1.903090e-01 2.545685e+00
3.009400e-02 -8.156200e-02 2.461640e+00
-2.802010e-01 -2.466850e-01 2.541492e+00
-5.477000e-03 -8.149600e-02 2.398140e+00
-2.032620e-01 -6.375360e-01 2.699029e+00
-1.177500e-02 -6.259060e-01 2.670341e+00
-1.835420e-01 -1.074417e+00 2.763136e+00
-4.979800e-02 -1.062242e+00 2.729754e+00
-1.896250e-01 -1.100858e+00 2.584813e+00
-6.744200e-02 -1.084950e+00 2.551686e+00
-7.804200e-02 5.163590e-01 2.578732e+00
-2.853550e-01 2.408120e-01 2.702795e+00
9.323900e-02 2.378900e-01 2.685500e+00
-1.006000e-01 3.206900e-01 2.580987e+00
-9.430400e-02 9.649700e-02 2.756679e+00
-3.085020e-01 -1.031070e-01 2.634626e+00
1.170040e-01 -6.886700e-02 2.624552e+00
-9.205000e-02 -9.353000e-02 2.760183e+00
-3.742670e-01 1.312000e-03 2.723592e+00
1.900300e-01 1.116000e-03 2.669137e+00
-3.158430e-01 -2.152900e-01 2.565196e+00
7.361300e-02 -1.647810e-01 2.483814e+00
-2.987020e-01 -2.856590e-01 2.557989e+00
4.938000e-03 -1.873420e-01 2.475307e+00
-2.044560e-01 -6.298780e-01 2.710803e+00
-1.176900e-02 -6.225520e-01 2.666530e+00
-1.906120e-01 -1.068405e+00 2.764341e+00
-4.905400e-02 -1.058396e+00 2.729890e+00
-1.937960e-01 -1.090359e+00 2.585335e+00
-6.458600e-02 -1.082946e+00 2.551870e+00
-8.729100e-02 5.123880e-01 2.585875e+00
