-3.987590e-01 3.598540e-01 2.699541e+00
-2.885300e-02 3.764600e-01 2.646909e+00
-1.914900e-01 2.681260e-01 2.798503e+00
-1.024100e-02 6.543500e-02 2.631859e+00
-4.519940e-01 7.051800e-02 2.667747e+00
-4.722670e-01 -2.412960e-01 2.639165e+00
-4.415610e-01 -3.058490e-01 2.633464e+00
-3.294970e-01 -5.214020e-01 2.694366e+00
-8.568400e-02 -8.347770e-01 2.462091e+00
-2.152280e-01 -9.592800e-01 2.494087e+00
-2.241030e-01 6.816320e-01 2.575976e+00
-2.822300e-02 3.769990e-01 2.646899e+00
-1.875930e-01 2.656020e-01 2.799738e+00
-1.017400e-02 6.951200e-02 2.630422e+00
-4.550420e-01 7.183300e-02 2.670738e+00
-4.695490e-01 -2.400150e-01 2.640551e+00
-4.399030e-01 -3.051950e-01 2.644430e+00
-3.318090e-01 -5.199600e-01 2.693255e+00
-7.516100e-02 -8.230940e-01 2.461217e+00
-1.971970e-01 -9.539390e-01 2.497175e+00
-2.221300e-01 6.787600e-01 2.571934e+00
-2.470000e-02 3.792230e-01 2.645645e+00
-1.861640e-01 2.706230e-01 2.798299e+00
-6.746000e-03 6.876900e-02 2.628955e+00
-4.542040e-01 7.892100e-02 2.668442e+00
-4.684440e-01 -2.329500e-01 2.640025e+00
-4.445290e-01 -3.002890e-01 2.646018e+00
-3.304570e-01 -5.132740e-01 2.695586e+00
-7.841900e-02 -8.266110e-01 2.472211e+00
-2.088490e-01 -9.512310e-01 2.499854e+00
-2.237170e-01 6.808030e-01 2.578907e+00
-2.567600e-02 3.770770e-01 2.641253e+00
-1.825070e-01 2.694690e-01 2.799343e+00
-6.433000e-03 6.374400e-02 2.626904e+00
-4.544210e-01 7.822400e-02 2.678006e+00
-4.683500e-01 -2.321380e-01 2.642578e+00
-4.411800e-01 -2.985000e-01 2.643148e+00
-3.296830e-01 -5.140560e-01 2.697866e+00
-8.628000e-02 -8.272100e-01 2.464865e+00
-2.108030e-01 -9.542720e-01 2.505555e+00
-2.253610e-01 6.789170e-01 2.576452e+00
-2.247000e-02 3.772100e-01 2.638941e+00
-2.330160e-01 4.042950e-01 2.546301e+00
-1.769120e-01 2.672290e-01 2.797747e+00
-4.012640e-01 4.151300e-02 2.704728e+00
-7.866000e-03 6.180900e-02 2.617383e+00
-1.686250e-01 4.152700e-02 2.820574e+00
-4.495230e-01 7.698300e-02 2.668782e+00
2.286600e-02 9.227400e-02 2.580885e+00
-4.667010e-01 -2.337420e-01 2.645392e+00
7.432000e-03 -2.184690e-01 2.556549e+00
-4.435090e-01 -3.015710e-01 2.643448e+00
-8.591000e-03 -2.883640e-01 2.555870e+00
-3.293610e-01 -5.166410e-01 2.695400e+00
-1.056740e-01 -5.069260e-01 2.694054e+00
-5.094400e-02 -8.074350e-01 2.472863e+00
-1.478250e-01 -9.568670e-01 2.779941e+00
-1.656140e-01 -9.447710e-01 2.508858e+00
-1.841170e-01 -9.871160e-01 2.603662e+00
-2.202660e-01 6.775770e-01 2.576771e+00
-3.843330e-01 3.647460e-01 2.718827e+00
-1.990500e-02 3.778150e-01 2.635776e+00
-2.326150e-01 4.081290e-01 2.549284e+00
-1.710450e-01 2.671610e-01 2.797270e+00
-3.980190e-01 4.391000e-02 2.709472e+00
-6.842000e-03 6.276000e-02 2.612372e+00
-1.625880e-01 4.356700e-02 2.819534e+00
-4.447250e-01 8.061000e-02 2.672158e+00
2.500800e-02 9.308800e-02 2.576854e+00
-4.664270e-01 -2.300430e-01 2.653381e+00
9.375000e-03 -2.178140e-01 2.556256e+00
-4.404750e-01 -2.910620e-01 2.626076e+00
-1.221700e-02 -2.861430e-01 2.558988e+00
-3.222870e-01 -5.154190e-01 2.694445e+00
-1.030910e-01 -5.053880e-01 2.693235e+00
-8.108900e-02 -8.329590e-01 2.465115e+00
-1.525940e-01 -9.546480e-01 2.778763e+00
-2.170120e-01 -9.526070e-01 2.487828e+00
-1.921840e-01 -9.837460e-01 2.603001e+00
-2.156490e-01 6.751170e-01 2.565485e+00
-3.813050e-01 3.618200e-01 2.711111e+00
-1.439300e-02 3.771520e-01 2.640282e+00
-2.243070e-01 4.034010e-01 2.545981e+00
-1.698550e-01 2.681620e-01 2.798776e+00
-3.905670e-01 4.267000e-02 2.713361e+00
-1.233000e-03 5.728400e-02 2.608442e+00
-1.529840e-01 3.907100e-02 2.818635e+00
-4.409220e-01 7.644500e-02 2.674283e+00
2.806600e-02 9.430500e-02 2.572872e+00
-4.518710e-01 -2.344220e-01 2.655938e+00
2.097800e-02 -2.168150e-01 2.557110e+00
-4.340890e-01 -3.018460e-01 2.639197e+00
7.467000e-03 -2.869620e-01 2.550836e+00
-3.238280e-01 -5.171770e-01 2.695699e+00
-9.737700e-02 -5.085510e-01 2.697516e+00
-6.403600e-02 -8.050330e-01 2.448218e+00
-1.632620e-01 -9.527440e-01 2.797276e+00
-1.755980e-01 -9.428540e-01 2.491412e+00
-2.030820e-01 -9.861280e-01 2.622330e+00
-2.110070e-01 6.732130e-01 2.558359e+00
-3.770740e-01 3.635500e-01 2.707796e+00
-9.772000e-03 3.807560e-01 2.639464e+00
-2.191710e-01 4.042280e-01 2.543305e+00
-1.655880e-01 2.726040e-01 2.798185e+00
-3.889240e-01 4.150400e-02 2.708109e+00
3.531000e-03 6.223100e-02 2.616719e+00
-1.551590e-01 4.323300e-02 2.821652e+00
-4.360160e-01 7.815500e-02 2.675478e+00
3.320300e-02 9.689200e-02 2.579932e+00
-4.431730e-01 -2.315100e-01 2.648578e+00
3.073100e-02 -2.133310e-01 2.559386e+00
-4.288190e-01 -3.013990e-01 2.641369e+00
8.800000e-03 -2.813150e-01 2.553088e+00
-3.157200e-01 -5.170850e-01 2.693449e+00
-9.222400e-02 -5.073160e-01 2.690897e+00
-4.504300e-02 -7.955860e-01 2.446931e+00
-1.565180e-01 -9.486980e-01 2.803363e+00
-1.517820e-01 -9.372730e-01 2.489801e+00
-1.895470e-01 -9.884830e-01 2.628341e+00
-2.067900e-01 6.764010e-01 2.556834e+00
-3.688310e-01 3.620960e-01 2.709770e+00
-2.057000e-03 3.775670e-01 2.638260e+00
-2.121610e-01 4.030330e-01 2.544168e+00
-1.571080e-01 2.691890e-01 2.797575e+00
-3.878400e-01 4.544100e-02 2.687311e+00
1.063000e-02 5.718000e-02 2.624972e+00
-1.631270e-01 4.531700e-02 2.817868e+00
-4.330330e-01 7.975900e-02 2.667883e+00
3.915100e-02 9.317400e-02 2.583372e+00
-4.463030e-01 -2.299620e-01 2.656140e+00
3.544100e-02 -2.161290e-01 2.559728e+00
-4.214560e-01 -2.957380e-01 2.642043e+00
1.666300e-02 -2.853260e-01 2.561025e+00
-3.137210e-01 -5.153410e-01 2.694952e+00
-9.061200e-02 -5.094940e-01 2.697133e+00
-5.290600e-02 -8.166850e-01 2.465242e+00
-1.452180e-01 -9.514720e-01 2.812347e+00
-1.715560e-01 -9.495740e-01 2.504855e+00
-1.661950e-01 -9.947710e-01 2.636303e+00
-1.980140e-01 6.720580e-01 2.546987e+00
-3.648680e-01 3.632500e-01 2.709305e+00
2.190000e-03 3.744880e-01 2.638466e+00
-2.074190e-01 4.031220e-01 2.544182e+00
-1.544800e-01 2.671960e-01 2.796929e+00
-3.793480e-01 4.567300e-02 2.705901e+00
1.446200e-02 5.402900e-02 2.618455e+00
-1.467840e-01 3.836500e-02 2.821668e+00
-4.268850e-01 7.927800e-02 2.677663e+00
4.495000e-02 9.087100e-02 2.581720e+00
-4.389660e-01 -2.297100e-01 2.655195e+00
4.132100e-02 -2.185880e-01 2.563101e+00
-4.065140e-01 -2.906920e-01 2.635945e+00
2.540500e-02 -2.883110e-01 2.557826e+00
-3.201920e-01 -5.150700e-01 2.694257e+00
-8.469000e-02 -5.107780e-01 2.697124e+00
-9.157500e-02 -8.402500e-01 2.462757e+00
-1.675820e-01 -9.513410e-01 2.800240e+00
-2.309890e-01 -9.555040e-01 2.486974e+00
-1.956860e-01 -9.874060e-01 2.623560e+00
-1.941780e-01 6.716010e-01 2.554735e+00
-3.605170e-01 3.665140e-01 2.708726e+00
6.262000e-03 3.769050e-01 2.636334e+00
-2.037210e-01 4.039970e-01 2.542428e+00
-1.497370e-01 2.719100e-01 2.796984e+00
-3.770670e-01 4.382500e-02 2.704745e+00
1.763700e-02 6.179200e-02 2.622961e+00
-1.461050e-01 4.295200e-02 2.823895e+00
-4.182720e-01 8.121400e-02 2.673951e+00
5.086000e-02 9.216900e-02 2.582691e+00
-4.310980e-01 -2.283280e-01 2.648358e+00
4.471900e-02 -2.180930e-01 2.564376e+00
-4.014350e-01 -2.911450e-01 2.630562e+00
2.266700e-02 -2.852100e-01 2.552068e+00
-3.175460e-01 -5.142810e-01 2.685183e+00
-8.282700e-02 -5.070020e-01 2.693723e+00
-8.045600e-02 -8.258200e-01 2.443664e+00
-1.613600e-01 -9.525490e-01 2.776913e+00
-2.123500e-01 -9.486000e-01 2.472564e+00
-1.902930e-01 -9.806810e-01 2.598931e+00
-1.900840e-01 6.700630e-01 2.548414e+00
-3.557060e-01 3.630470e-01 2.707468e+00
9.364000e-03 3.804910e-01 2.628125e+00
-2.028560e-01 4.006870e-01 2.537570e+00
-1.411860e-01 2.752730e-01 2.793750e+00
-3.720600e-01 4.563600e-02 2.709520e+00
2.073200e-02 5.780200e-02 2.618040e+00
-1.383530e-01 4.581500e-02 2.823196e+00
-4.183040e-01 7.825400e-02 2.689116e+00
5.872000e-02 9.547000e-02 2.587024e+00
-4.301570e-01 -2.284750e-01 2.647146e+00
4.238800e-02 -2.130440e-01 2.563843e+00
-3.938060e-01 -2.889780e-01 2.634480e+00
1.414800e-02 -2.747500e-01 2.540664e+00
-3.213910e-01 -5.138680e-01 2.663860e+00
-7.636300e-02 -5.105520e-01 2.685677e+00
-3.607300e-02 -7.262550e-01 2.372167e+00
-1.682840e-01 -9.470050e-01 2.798193e+00
-1.178760e-01 -8.854040e-01 2.408031e+00
-1.944740e-01 -9.869000e-01 2.622043e+00
-1.888540e-01 6.693220e-01 2.552034e+00
-3.601280e-01 3.637560e-01 2.712660e+00
1.895000e-03 3.767860e-01 2.619678e+00
-2.133400e-01 3.980540e-01 2.536812e+00
-1.433810e-01 2.748490e-01 2.791932e+00
-3.710900e-01 4.200700e-02 2.707435e+00
2.484400e-02 6.009200e-02 2.631859e+00
-1.423930e-01 5.078200e-02 2.830570e+00
-4.237500e-01 8.154800e-02 2.736092e+00
7.768100e-02 9.773900e-02 2.644721e+00
-4.058280e-01 -1.931920e-01 2.598551e+00
1.971000e-02 -1.728060e-01 2.509941e+00
-4.086340e-01 -2.464290e-01 2.550589e+00
-3.896600e-02 -1.795760e-01 2.469275e+00
-3.391090e-01 -5.039120e-01 2.591336e+00
-7.962300e-02 -5.131120e-01 2.663539e+00
-2.295300e-02 -7.114010e-01 2.329432e+00
-1.463060e-01 -9.518200e-01 2.784736e+00
-1.249790e-01 -8.626820e-01 2.326122e+00
-1.717080e-01 -9.963460e-01 2.609583e+00
-1.797790e-01 6.623160e-01 2.534932e+00
-3.685190e-01 3.646420e-01 2.703427e+00
-3.436000e-03 3.775450e-01 2.623280e+00
-2.156330e-01 3.952620e-01 2.532156e+00
-1.543130e-01 2.792250e-01 2.792799e+00
-3.762060e-01 4.227000e-02 2.700370e+00
2.083300e-02 6.102600e-02 2.631004e+00
-1.495900e-01 5.376700e-02 2.827077e+00
-4.326680e-01 8.943200e-02 2.753673e+00
8.668200e-02 1.065770e-01 2.652186e+00
-3.918100e-01 -1.458760e-01 2.565015e+00
-3.612500e-02 -6.365900e-02 2.431801e+00
-3.822920e-01 -2.014240e-01 2.520671e+00
-6.535600e-02 -1.032420e-01 2.379635e+00
-3.488300e-01 -4.992600e-01 2.572961e+00
-8.257600e-02 -5.126950e-01 2.652411e+00
-3.389700e-02 -7.038380e-01 2.307321e+00
-1.506190e-01 -9.537060e-01 2.764120e+00
-1.384360e-01 -8.531630e-01 2.298383e+00
-1.743530e-01 -9.946880e-01 2.587872e+00
-1.905230e-01 6.623670e-01 2.530252e+00
-3.776010e-01 3.761180e-01 2.685831e+00
-9.614000e-03 3.869570e-01 2.619922e+00
-2.180140e-01 4.027170e-01 2.520090e+00
-1.672290e-01 2.926340e-01 2.785538e+00
-3.771090e-01 4.770600e-02 2.692530e+00
1.770300e-02 6.924700e-02 2.612138e+00
-1.475550e-01 6.778200e-02 2.812710e+00
-4.399510e-01 1.094990e-01 2.753459e+00
9.352100e-02 1.268780e-01 2.655544e+00
-3.751170e-01 -8.925200e-02 2.539590e+00
-5.932700e-02 4.262600e-02 2.412678e+00
-3.594760e-01 -1.366990e-01 2.488146e+00
-9.622000e-02 2.374700e-02 2.354154e+00
-3.487640e-01 -4.942030e-01 2.571164e+00
-9.185500e-02 -5.048530e-01 2.659600e+00
-3.246700e-02 -6.696040e-01 2.286927e+00
-1.374110e-01 -9.461540e-01 2.781164e+00
-1.245180e-01 -8.271010e-01 2.281683e+00
-1.772760e-01 -9.896150e-01 2.608455e+00
-1.954530e-01 6.811890e-01 2.523728e+00
-4.035720e-01 3.834530e-01 2.682425e+00
-3.418600e-02 3.894280e-01 2.624167e+00
-2.401440e-01 4.153610e-01 2.521433e+00
-1.971190e-01 2.898750e-01 2.781360e+00
-4.017350e-01 5.564300e-02 2.682170e+00
-3.585000e-03 8.212300e-02 2.622350e+00
-1.788110e-01 7.609300e-02 2.814185e+00
-4.785440e-01 1.198470e-01 2.711185e+00
7.596400e-02 1.452090e-01 2.688667e+00
-4.143090e-01 -4.865900e-02 2.481261e+00
-5.230700e-02 6.012800e-02 2.440286e+00
-3.877660e-01 -2.332100e-02 2.419650e+00
-9.809100e-02 9.614700e-02 2.398466e+00
-3.485800e-01 -4.947520e-01 2.598097e+00
-1.127300e-01 -4.934420e-01 2.613905e+00
-6.703900e-02 -7.314640e-01 2.321869e+00
-1.288400e-01 -9.345020e-01 2.743546e+00
-1.786670e-01 -8.755190e-01 2.331541e+00
-1.537820e-01 -9.846450e-01 2.569851e+00
-2.222260e-01 6.779100e-01 2.526369e+00
-4.208030e-01 3.555790e-01 2.677913e+00
-4.932900e-02 3.610530e-01 2.634862e+00
-2.507970e-01 3.923870e-01 2.524979e+00
-2.190780e-01 2.567930e-01 2.781433e+00
-4.184610e-01 3.938000e-02 2.671973e+00
-1.884000e-02 6.255300e-02 2.621293e+00
-1.985360e-01 5.922300e-02 2.809014e+00
-5.093230e-01 9.762200e-02 2.681784e+00
5.293600e-02 1.185120e-01 2.706336e+00
-4.315340e-01 -3.211900e-02 2.435277e+00
-3.908800e-02 -2.823100e-02 2.474716e+00
-3.832710e-01 -4.326600e-02 2.383422e+00
-7.520300e-02 -1.000000e-04 2.419518e+00
-3.507390e-01 -5.158540e-01 2.604947e+00
-1.237230e-01 -4.985850e-01 2.521651e+00
-9.663600e-02 -7.792830e-01 2.326313e+00
-1.435870e-01 -9.299000e-01 2.680312e+00
-2.218110e-01 -9.116350e-01 2.337288e+00
-1.510570e-01 -9.925500e-01 2.509065e+00
-2.361540e-01 6.390090e-01 2.533684e+00
-4.368860e-01 3.271340e-01 2.684403e+00
-6.710100e-02 3.324070e-01 2.628659e+00
-2.723500e-01 3.561350e-01 2.523991e+00
-2.310490e-01 2.357020e-01 2.786575e+00
-4.361300e-01 6.219000e-03 2.682819e+00
-3.940300e-02 3.091500e-02 2.613537e+00
-2.098450e-01 2.275300e-02 2.809558e+00
-5.100870e-01 7.225300e-02 2.628116e+00
2.157900e-02 9.605700e-02 2.727481e+00
-4.293290e-01 -4.933700e-02 2.380467e+00
-1.820600e-02 -9.897900e-02 2.520083e+00
-3.931430e-01 -1.705400e-02 2.327638e+00
-6.880600e-02 -1.148560e-01 2.471814e+00
-3.632010e-01 -5.481810e-01 2.598655e+00
-1.275760e-01 -5.110380e-01 2.458078e+00
-1.395770e-01 -7.101010e-01 2.230722e+00
-1.439490e-01 -9.198890e-01 2.668251e+00
-2.084590e-01 -8.761920e-01 2.261950e+00
-1.399370e-01 -1.003433e+00 2.506045e+00
-2.514780e-01 6.161920e-01 2.523931e+00
-4.314140e-01 3.523020e-01 2.660828e+00
-6.081900e-02 3.756810e-01 2.616231e+00
-2.636430e-01 3.870320e-01 2.504969e+00
-2.244730e-01 2.733350e-01 2.770861e+00
-4.390980e-01 1.702400e-02 2.667552e+00
-4.049600e-02 4.795000e-02 2.613118e+00
-2.186140e-01 4.460200e-02 2.802338e+00
-5.396450e-01 1.109140e-01 2.623485e+00
2.979400e-02 1.517790e-01 2.730396e+00
-4.150810e-01 3.990500e-02 2.379150e+00
-3.083900e-02 -4.116600e-02 2.532018e+00
-3.959680e-01 8.331300e-02 2.325364e+00
-4.302500e-02 -1.118330e-01 2.532507e+00
-3.486070e-01 -5.402550e-01 2.633276e+00
-1.238410e-01 -4.883880e-01 2.441465e+00
-9.929500e-02 -7.113270e-01 2.286609e+00
-1.405730e-01 -8.959060e-01 2.654184e+00
-1.585890e-01 -8.791820e-01 2.326799e+00
-1.325860e-01 -9.805330e-01 2.492688e+00
-2.698540e-01 6.639600e-01 2.519757e+00
-4.187610e-01 4.037870e-01 2.662309e+00
-5.040300e-02 4.390080e-01 2.608016e+00
-2.567530e-01 4.502010e-01 2.503423e+00
-2.066440e-01 3.252420e-01 2.762333e+00
-4.231420e-01 7.308100e-02 2.668844e+00
-2.473100e-02 9.370800e-02 2.608464e+00
-2.002420e-01 9.826200e-02 2.800079e+00
-5.304790e-01 1.635150e-01 2.654063e+00
4.831200e-02 2.203420e-01 2.720801e+00
-4.159910e-01 1.082910e-01 2.403329e+00
-1.582900e-02 2.762400e-02 2.526453e+00
-3.995540e-01 1.533990e-01 2.350060e+00
-3.693100e-02 -4.090100e-02 2.527687e+00
-3.366170e-01 -4.875500e-01 2.662754e+00
-1.098110e-01 -4.578480e-01 2.487951e+00
-8.422700e-02 -7.215290e-01 2.357545e+00
-1.214750e-01 -8.846980e-01 2.659015e+00
-1.648380e-01 -8.766880e-01 2.409832e+00
-1.213970e-01 -9.525890e-01 2.489614e+00
-2.593590e-01 7.267410e-01 2.513120e+00
-4.049410e-01 4.304090e-01 2.671364e+00
-4.104100e-02 4.749190e-01 2.597393e+00
-2.528240e-01 4.794430e-01 2.503729e+00
-1.857970e-01 3.586670e-01 2.760790e+00
-4.039800e-01 1.172050e-01 2.678581e+00
-7.600000e-03 1.361400e-01 2.605597e+00
-1.763340e-01 1.310130e-01 2.803191e+00
-4.989650e-01 1.857850e-01 2.698132e+00
6.295100e-02 2.525580e-01 2.692990e+00
-3.983190e-01 1.209500e-01 2.445743e+00
-9.232000e-03 5.778700e-02 2.506208e+00
-3.935640e-01 1.637160e-01 2.388376e+00
-4.123800e-02 -6.385000e-03 2.506469e+00
-3.506670e-01 -4.367860e-01 2.594882e+00
-1.182080e-01 -4.315360e-01 2.546743e+00
-1.190020e-01 -7.579370e-01 2.360803e+00
-1.503940e-01 -8.733550e-01 2.670678e+00
-2.764920e-01 -8.372160e-01 2.313706e+00
-1.700710e-01 -9.210280e-01 2.495617e+00
-2.486530e-01 7.510340e-01 2.519973e+00
-3.757570e-01 3.864760e-01 2.729483e+00
-3.362900e-02 4.326130e-01 2.585622e+00
-2.598230e-01 4.408770e-01 2.536493e+00
-1.438260e-01 3.111610e-01 2.770755e+00
-3.804510e-01 7.769100e-02 2.707750e+00
-9.661000e-03 1.336880e-01 2.558816e+00
-1.340570e-01 1.061830e-01 2.785334e+00
-4.387800e-01 1.312820e-01 2.739373e+00
9.143300e-02 2.057660e-01 2.631380e+00
-3.880220e-01 8.068600e-02 2.469804e+00
7.645000e-03 -2.448900e-02 2.498091e+00
-4.129400e-01 2.719700e-02 2.429055e+00
-5.075900e-02 -4.223300e-02 2.460453e+00
-4.051980e-01 -4.190270e-01 2.492886e+00
-9.982700e-02 -4.501630e-01 2.594666e+00
-9.657200e-02 -7.083970e-01 2.312290e+00
-1.527190e-01 -8.984630e-01 2.683151e+00
-2.315390e-01 -8.190440e-01 2.258931e+00
-2.354730e-01 -9.205080e-01 2.521993e+00
-2.410260e-01 6.879970e-01 2.538088e+00
-3.682290e-01 3.260480e-01 2.757218e+00
-3.801500e-02 3.546570e-01 2.583966e+00
-2.671500e-01 3.687620e-01 2.553247e+00
-1.361170e-01 2.444770e-01 2.782471e+00
-3.542730e-01 -1.987300e-02 2.733587e+00
-1.496200e-02 8.359300e-02 2.541322e+00
-1.043770e-01 3.410400e-02 2.780272e+00
-4.296160e-01 6.978300e-02 2.784687e+00
9.103300e-02 1.234690e-01 2.593642e+00
-3.673510e-01 -9.949700e-02 2.569288e+00
-7.817000e-03 -8.980600e-02 2.439787e+00
-4.080560e-01 -1.228920e-01 2.515082e+00
-6.138600e-02 -9.718200e-02 2.392687e+00
-3.874060e-01 -4.798360e-01 2.462049e+00
-1.078840e-01 -5.116560e-01 2.584510e+00
-4.472200e-02 -6.551230e-01 2.210174e+00
-1.251220e-01 -9.627050e-01 2.673154e+00
-1.540000e-01 -7.908640e-01 2.155963e+00
-2.648610e-01 -9.801770e-01 2.557076e+00
-2.260660e-01 6.220010e-01 2.534370e+00
-3.670100e-01 3.055050e-01 2.754767e+00
-3.384400e-02 3.248350e-01 2.585939e+00
-2.620840e-01 3.450090e-01 2.552097e+00
-1.375330e-01 2.177970e-01 2.783319e+00
-3.573720e-01 -4.404600e-02 2.744454e+00
-8.952000e-03 3.561700e-02 2.557210e+00
-1.050130e-01 -7.669000e-03 2.794781e+00
-4.166860e-01 4.660700e-02 2.791307e+00
7.802300e-02 8.380000e-02 2.571135e+00
-3.893310e-01 -1.455820e-01 2.586465e+00
-5.316000e-02 -1.046450e-01 2.407047e+00
-3.817140e-01 -1.928250e-01 2.533056e+00
-1.106300e-01 -9.988800e-02 2.364419e+00
-3.910240e-01 -4.937490e-01 2.439124e+00
-1.089590e-01 -5.531080e-01 2.567408e+00
-3.389300e-02 -6.609810e-01 2.202289e+00
-6.771600e-02 -1.009503e+00 2.607441e+00
-1.414780e-01 -7.901690e-01 2.131280e+00
-1.869860e-01 -1.032233e+00 2.471191e+00
-2.238020e-01 5.993470e-01 2.528864e+00
-3.738920e-01 3.488260e-01 2.728336e+00
-2.986100e-02 3.687660e-01 2.583004e+00
-2.551720e-01 3.902660e-01 2.533827e+00
-1.472040e-01 2.598530e-01 2.771515e+00
-3.720470e-01 6.988000e-03 2.727068e+00
-5.181000e-03 5.754500e-02 2.566893e+00
-1.241510e-01 4.089000e-02 2.797349e+00
-4.321390e-01 1.047820e-01 2.812576e+00
7.885600e-02 1.276720e-01 2.593074e+00
-4.160760e-01 -8.142200e-02 2.603212e+00
-1.046170e-01 7.116000e-03 2.418241e+00
-3.653180e-01 -1.082770e-01 2.560260e+00
-1.491610e-01 2.654600e-02 2.365508e+00
-3.825650e-01 -4.934470e-01 2.505767e+00
-1.034530e-01 -5.250710e-01 2.600117e+00
-5.745900e-02 -6.500140e-01 2.220473e+00
-1.659730e-01 -9.488180e-01 2.767836e+00
-1.601690e-01 -7.963240e-01 2.183723e+00
-2.330860e-01 -1.002622e+00 2.606879e+00
-2.356840e-01 6.639600e-01 2.534758e+00
-3.953600e-01 3.835950e-01 2.727376e+00
-4.952100e-02 4.151610e-01 2.588544e+00
-2.743870e-01 4.346940e-01 2.536589e+00
-1.678200e-01 2.969110e-01 2.770725e+00
-3.951760e-01 5.282800e-02 2.709350e+00
-1.741600e-02 8.138000e-02 2.570481e+00
-1.503030e-01 7.430500e-02 2.793712e+00
-4.593330e-01 1.440310e-01 2.816803e+00
6.776700e-02 1.795550e-01 2.603164e+00
-4.333330e-01 -1.817800e-02 2.590666e+00
-1.091990e-01 4.317100e-02 2.435211e+00
-4.000320e-01 -7.868200e-02 2.571358e+00
-1.598090e-01 6.563300e-02 2.389642e+00
-3.739710e-01 -4.891430e-01 2.582489e+00
-1.239940e-01 -4.945170e-01 2.635133e+00
-8.773900e-02 -6.365490e-01 2.253943e+00
-2.204710e-01 -8.666120e-01 2.887793e+00
-1.678500e-01 -8.004820e-01 2.257700e+00
-2.549500e-01 -9.610820e-01 2.735501e+00
-2.523200e-01 7.034810e-01 2.550666e+00
-4.158990e-01 3.922530e-01 2.744126e+00
-7.420200e-02 4.100800e-01 2.593125e+00
-2.998590e-01 4.378460e-01 2.548929e+00
-1.903950e-01 2.972440e-01 2.780033e+00
-4.177910e-01 7.043400e-02 2.711758e+00
-3.925700e-02 1.010920e-01 2.575469e+00
-1.728890e-01 8.380400e-02 2.797697e+00
-4.933590e-01 1.447590e-01 2.793910e+00
4.054600e-02 1.757400e-01 2.633739e+00
-4.533330e-01 -4.951100e-02 2.596258e+00
-1.065200e-01 4.001000e-03 2.468554e+00
-4.113890e-01 -9.762800e-02 2.563579e+00
-1.580210e-01 1.453800e-02 2.419778e+00
-3.550260e-01 -4.848810e-01 2.643912e+00
-1.275690e-01 -4.754970e-01 2.614259e+00
-1.152960e-01 -7.030040e-01 2.317489e+00
-1.511360e-01 -9.003190e-01 2.789104e+00
-1.988030e-01 -8.594230e-01 2.360682e+00
-1.986620e-01 -9.651200e-01 2.625249e+00
-2.656590e-01 6.996800e-01 2.566935e+00
-4.510320e-01 3.514160e-01 2.749793e+00
-1.022430e-01 3.562840e-01 2.614891e+00
-3.249140e-01 3.863710e-01 2.558696e+00
-2.295260e-01 2.538050e-01 2.800538e+00
-4.531750e-01 2.544700e-02 2.724007e+00
-7.569100e-02 5.811100e-02 2.585294e+00
-2.069580e-01 2.531200e-02 2.807182e+00
-5.277750e-01 9.532400e-02 2.757896e+00
4.736000e-03 1.136540e-01 2.649880e+00
-4.886720e-01 -1.297800e-01 2.589850e+00
-9.704100e-02 -1.076500e-01 2.504601e+00
-4.876460e-01 -1.481960e-01 2.520552e+00
-1.514790e-01 -1.204380e-01 2.459707e+00
-3.796470e-01 -5.298500e-01 2.657396e+00
-1.461720e-01 -5.165340e-01 2.595022e+00
-1.254570e-01 -8.122000e-01 2.398038e+00
-1.768690e-01 -9.640080e-01 2.697123e+00
-2.474880e-01 -9.454830e-01 2.423539e+00
-2.240230e-01 -1.000147e+00 2.524563e+00
-2.853620e-01 6.443920e-01 2.570322e+00
-4.645500e-01 3.465300e-01 2.741732e+00
-1.086480e-01 3.536040e-01 2.627018e+00
-3.279820e-01 3.811860e-01 2.557902e+00
-2.454690e-01 2.513780e-01 2.805897e+00
-4.693250e-01 1.152700e-02 2.729423e+00
-8.698200e-02 4.701700e-02 2.605498e+00
-2.265000e-01 1.252000e-02 2.822030e+00
-5.377670e-01 8.893600e-02 2.719990e+00
-1.797100e-02 1.017890e-01 2.650580e+00
-5.103570e-01 -1.594350e-01 2.583128e+00
-6.136600e-02 -1.576820e-01 2.541207e+00
-4.978370e-01 -1.775500e-01 2.514881e+00
-1.100540e-01 -1.831700e-01 2.495139e+00
-3.875870e-01 -5.430530e-01 2.657339e+00
-1.543460e-01 -5.276860e-01 2.599885e+00
-1.305520e-01 -7.625170e-01 2.345299e+00
-1.841950e-01 -9.786710e-01 2.685453e+00
-2.139890e-01 -9.194020e-01 2.386910e+00
-2.256120e-01 -1.009153e+00 2.510348e+00
-3.000400e-01 6.535570e-01 2.585828e+00
-4.728430e-01 3.613450e-01 2.738108e+00
-1.120210e-01 3.762870e-01 2.640843e+00
-3.281520e-01 4.042250e-01 2.562406e+00
-2.559320e-01 2.660700e-01 2.809098e+00
-4.766830e-01 2.305900e-02 2.723479e+00
-8.705300e-02 6.300000e-02 2.626543e+00
-2.411520e-01 2.959400e-02 2.833132e+00
-5.470250e-01 1.033350e-01 2.712395e+00
-3.543100e-02 1.181530e-01 2.656139e+00
-4.859650e-01 -1.540400e-01 2.603701e+00
-4.517000e-02 -1.523550e-01 2.563864e+00
-5.033930e-01 -1.879400e-01 2.542960e+00
-9.010200e-02 -1.942190e-01 2.526836e+00
-3.752860e-01 -5.315130e-01 2.669958e+00
-1.560640e-01 -5.132500e-01 2.610880e+00
-1.055420e-01 -7.741180e-01 2.387148e+00
-1.601440e-01 -9.649810e-01 2.697613e+00
-2.010410e-01 -9.248650e-01 2.425379e+00
-1.932420e-01 -9.985340e-01 2.521303e+00
-3.025230e-01 6.730080e-01 2.601986e+00
-4.829120e-01 3.703970e-01 2.740700e+00
-1.173840e-01 3.830800e-01 2.662571e+00
-3.286480e-01 4.208020e-01 2.575450e+00
-2.718220e-01 2.659320e-01 2.816170e+00
-4.797830e-01 3.926100e-02 2.721559e+00
-8.955100e-02 7.877300e-02 2.626900e+00
-2.447990e-01 4.432800e-02 2.832455e+00
-5.518950e-01 1.071040e-01 2.710654e+00
-4.194000e-02 1.201120e-01 2.650689e+00
-4.941800e-01 -1.605590e-01 2.614005e+00
-3.428500e-02 -1.665310e-01 2.604945e+00
-4.574520e-01 -1.896860e-01 2.559736e+00
-5.598400e-02 -2.264720e-01 2.572101e+00
-3.748150e-01 -5.153800e-01 2.687010e+00
-1.478730e-01 -4.969240e-01 2.637370e+00
-1.130320e-01 -8.032180e-01 2.441614e+00
-1.617450e-01 -9.480690e-01 2.726114e+00
-2.354220e-01 -9.361900e-01 2.467022e+00
-1.928260e-01 -9.818590e-01 2.549483e+00
-3.080700e-01 6.784080e-01 2.598787e+00
-4.886970e-01 3.579490e-01 2.745693e+00
-1.226780e-01 3.804280e-01 2.672205e+00
-3.337470e-01 4.133600e-01 2.582703e+00
-2.759600e-01 2.583710e-01 2.823117e+00
-4.856680e-01 3.375800e-02 2.715392e+00
-9.165600e-02 7.293200e-02 2.637785e+00
-2.552420e-01 3.215800e-02 2.835569e+00
-5.455790e-01 8.896400e-02 2.709440e+00
-4.787100e-02 1.147280e-01 2.645555e+00
-5.177640e-01 -1.923520e-01 2.628448e+00
-2.911000e-02 -1.778830e-01 2.623219e+00
-4.776440e-01 -2.373940e-01 2.589666e+00
-4.123800e-02 -2.410510e-01 2.591513e+00
-3.737080e-01 -5.192630e-01 2.705151e+00
-1.453980e-01 -5.011840e-01 2.645981e+00
-1.012440e-01 -7.969440e-01 2.459678e+00
-1.771500e-01 -9.507730e-01 2.737963e+00
-2.059000e-01 -9.394930e-01 2.504767e+00
-1.969690e-01 -9.857930e-01 2.559955e+00
-3.187490e-01 6.694200e-01 2.609468e+00
-4.863200e-01 3.549850e-01 2.742141e+00
-1.190720e-01 3.811450e-01 2.676409e+00
-3.285230e-01 4.121810e-01 2.582534e+00
-2.742980e-01 2.573430e-01 2.823874e+00
-4.881090e-01 3.155500e-02 2.719243e+00
-9.350200e-02 6.744900e-02 2.643083e+00
-2.582320e-01 2.939700e-02 2.840459e+00
-5.380580e-01 8.203800e-02 2.702074e+00
-4.736400e-02 1.107930e-01 2.652956e+00
-5.165980e-01 -2.088210e-01 2.642697e+00
-3.101700e-02 -1.850670e-01 2.624942e+00
-4.925990e-01 -2.722410e-01 2.619363e+00
-3.747400e-02 -2.552130e-01 2.611512e+00
-3.728330e-01 -5.222930e-01 2.715657e+00
-1.463320e-01 -5.055920e-01 2.656569e+00
-9.361600e-02 -8.033940e-01 2.481948e+00
-1.471800e-01 -9.588860e-01 2.734823e+00
-2.005360e-01 -9.450240e-01 2.524559e+00
-1.725440e-01 -9.895860e-01 2.556721e+00
-3.203120e-01 6.694270e-01 2.596469e+00
-4.868870e-01 3.609260e-01 2.747928e+00
-1.200730e-01 3.834090e-01 2.678515e+00
-3.301340e-01 4.165250e-01 2.586736e+00
-2.750420e-01 2.611810e-01 2.827554e+00
-4.851460e-01 3.567300e-02 2.722744e+00
-9.146300e-02 7.093100e-02 2.641671e+00
-2.538250e-01 3.386000e-02 2.841184e+00
-5.375710e-01 8.375900e-02 2.705796e+00
-4.499300e-02 1.096000e-01 2.654898e+00
-5.186870e-01 -2.144840e-01 2.661519e+00
-3.205400e-02 -1.915110e-01 2.634158e+00
-5.005080e-01 -2.678750e-01 2.617231e+00
-4.278200e-02 -2.608860e-01 2.619511e+00
-3.778790e-01 -5.189890e-01 2.709047e+00
-1.472390e-01 -5.022440e-01 2.661299e+00
-8.423600e-02 -7.723600e-01 2.461707e+00
-1.487490e-01 -9.546500e-01 2.744521e+00
-1.751820e-01 -9.234910e-01 2.508552e+00
-1.764690e-01 -9.871950e-01 2.567099e+00
-3.198940e-01 6.564170e-01 2.620395e+00
-4.803080e-01 3.541190e-01 2.745463e+00
-1.139780e-01 3.808220e-01 2.675000e+00
-3.246610e-01 4.104970e-01 2.583472e+00
-2.670030e-01 2.577510e-01 2.825348e+00
-4.862880e-01 2.948400e-02 2.724477e+00
-9.328800e-02 7.055000e-02 2.642826e+00
-2.546830e-01 2.964900e-02 2.842376e+00
-5.365260e-01 7.527300e-02 2.712837e+00
-4.461200e-02 1.038270e-01 2.653972e+00
-5.221530e-01 -2.240250e-01 2.663893e+00
-3.631100e-02 -1.990280e-01 2.634194e+00
-5.010880e-01 -2.885810e-01 2.686943e+00
-5.415400e-02 -2.668580e-01 2.619255e+00
-3.656150e-01 -5.231600e-01 2.713303e+00
-1.471500e-01 -5.037140e-01 2.669004e+00
-6.940600e-02 -7.730760e-01 2.465508e+00
-1.359460e-01 -9.565560e-01 2.749056e+00
-1.572550e-01 -9.254570e-01 2.514180e+00
-1.657750e-01 -9.886140e-01 2.571887e+00
-3.185240e-01 6.703930e-01 2.602636e+00
-4.788670e-01 3.561850e-01 2.751377e+00
-1.141160e-01 3.841870e-01 2.673602e+00
-3.266960e-01 4.142170e-01 2.586690e+00
-2.637880e-01 2.595670e-01 2.826035e+00
-4.801670e-01 3.344000e-02 2.726269e+00
-8.814600e-02 7.003700e-02 2.638051e+00
-2.466180e-01 3.068500e-02 2.840237e+00
-5.302210e-01 7.635300e-02 2.712277e+00
-4.019900e-02 1.076400e-01 2.650583e+00
-5.223110e-01 -2.246810e-01 2.667000e+00
-3.765500e-02 -1.960310e-01 2.627958e+00
-5.036210e-01 -2.862630e-01 2.635363e+00
-5.183100e-02 -2.660060e-01 2.621251e+00
-3.647370e-01 -5.206310e-01 2.711531e+00
-1.432610e-01 -5.025620e-01 2.672057e+00
-9.303000e-02 -8.006180e-01 2.467845e+00
-1.444490e-01 -9.562630e-01 2.747914e+00
-2.009300e-01 -9.417350e-01 2.509677e+00
-1.770450e-01 -9.857910e-01 2.570793e+00
-3.078220e-01 6.721410e-01 2.594885e+00
-4.689400e-01 3.591650e-01 2.745019e+00
-1.033980e-01 3.867860e-01 2.670911e+00
-3.150540e-01 4.155540e-01 2.581359e+00
-2.545690e-01 2.636790e-01 2.823094e+00
-4.748380e-01 3.706300e-02 2.723402e+00
-8.191600e-02 7.088800e-02 2.638131e+00
-2.421660e-01 3.246400e-02 2.839091e+00
-5.227870e-01 7.858700e-02 2.708596e+00
-3.486500e-02 1.083450e-01 2.644014e+00
-5.233820e-01 -2.247330e-01 2.672990e+00
-2.663700e-02 -1.961080e-01 2.621393e+00
-5.063360e-01 -2.835110e-01 2.635613e+00
-4.497000e-02 -2.626920e-01 2.602078e+00
-3.645190e-01 -5.174020e-01 2.713948e+00
-1.409680e-01 -5.011620e-01 2.672669e+00
-8.073500e-02 -7.808010e-01 2.465578e+00
-1.673890e-01 -9.503190e-01 2.768379e+00
-1.746440e-01 -9.290930e-01 2.515544e+00
-1.940590e-01 -9.864430e-01 2.591489e+00
-3.028060e-01 6.714990e-01 2.584011e+00
-4.632920e-01 3.552790e-01 2.739654e+00
-9.696600e-02 3.899590e-01 2.672737e+00
-3.073720e-01 4.157590e-01 2.579415e+00
-2.487710e-01 2.629190e-01 2.821005e+00
-4.816360e-01 8.009800e-02 2.708088e+00
-8.617800e-02 3.704100e-02 2.640549e+00
-2.595470e-01 3.170100e-02 2.834085e+00
-5.237880e-01 7.496900e-02 2.708373e+00
-3.314100e-02 1.105090e-01 2.640401e+00
-5.207800e-01 -2.298110e-01 2.682571e+00
-2.821700e-02 -1.944340e-01 2.616916e+00
-5.047620e-01 -2.830630e-01 2.637292e+00
-4.099800e-02 -2.586620e-01 2.587695e+00
-2.530870e-01 -4.717360e-01 2.751581e+00
-1.284720e-01 -5.052160e-01 2.672205e+00
-5.166620e-01 -8.459570e-01 2.705899e+00
-1.569410e-01 -9.544620e-01 2.766901e+00
-3.675030e-01 -9.511100e-01 2.706684e+00
-1.707720e-01 -9.911560e-01 2.588664e+00
-2.945900e-01 6.732990e-01 2.585353e+00
-4.552770e-01 3.550720e-01 2.743436e+00
-9.083700e-02 3.880090e-01 2.666142e+00
-3.037070e-01 4.164350e-01 2.579403e+00
-2.391370e-01 2.602120e-01 2.817280e+00
-4.765150e-01 4.619300e-02 2.715261e+00
-8.148300e-02 4.613300e-02 2.633087e+00
-2.459060e-01 2.538200e-02 2.833276e+00
-5.227840e-01 7.571500e-02 2.712254e+00
-2.909300e-02 1.069070e-01 2.638942e+00
-5.192610e-01 -2.293280e-01 2.682162e+00
-2.624800e-02 -1.981400e-01 2.608824e+00
-4.881800e-01 -2.758030e-01 2.637256e+00
-4.415700e-02 -2.627490e-01 2.583378e+00
-3.180840e-01 -5.105360e-01 2.754650e+00
-1.311390e-01 -5.135140e-01 2.673196e+00
-4.322720e-01 -9.019740e-01 2.967576e+00
-1.571460e-01 -9.633980e-01 2.765546e+00
-4.260540e-01 -9.905250e-01 2.808120e+00
-1.809350e-01 -9.984620e-01 2.588033e+00
-2.899470e-01 6.596680e-01 2.607057e+00
-4.460290e-01 3.563540e-01 2.732752e+00
-8.006200e-02 3.843340e-01 2.660913e+00
-2.911560e-01 4.104230e-01 2.569239e+00
-2.318240e-01 2.633580e-01 2.814213e+00
-4.606830e-01 4.223600e-02 2.718131e+00
-6.598700e-02 6.225100e-02 2.636784e+00
-2.295710e-01 3.350600e-02 2.836673e+00
-5.086270e-01 7.515000e-02 2.705708e+00
-1.853300e-02 1.028220e-01 2.634629e+00
-5.035360e-01 -2.297560e-01 2.671799e+00
-2.027700e-02 -2.020270e-01 2.599888e+00
-4.735680e-01 -2.775670e-01 2.627544e+00
-4.003600e-02 -2.665830e-01 2.575709e+00
-3.371910e-01 -5.182630e-01 2.691350e+00
-1.300730e-01 -5.065900e-01 2.671016e+00
-3.786780e-01 -9.011540e-01 2.942890e+00
-1.566630e-01 -9.565120e-01 2.763012e+00
-3.923530e-01 -1.000040e+00 2.790113e+00
-1.825950e-01 -9.912280e-01 2.585731e+00
-2.887530e-01 6.690070e-01 2.577845e+00
-4.401530e-01 3.574080e-01 2.736137e+00
-7.474900e-02 3.854050e-01 2.661489e+00
-2.865820e-01 4.174870e-01 2.573495e+00
-2.259430e-01 2.589290e-01 2.810861e+00
-4.750510e-01 4.203600e-02 2.713057e+00
-7.969000e-02 2.682900e-02 2.633927e+00
-2.453980e-01 2.988800e-02 2.834108e+00
-5.217380e-01 8.262900e-02 2.697074e+00
-2.214800e-02 1.026420e-01 2.630443e+00
-4.841380e-01 -2.201200e-01 2.665009e+00
-1.921300e-02 -2.019950e-01 2.594576e+00
-4.833390e-01 -2.864510e-01 2.637768e+00
-3.857200e-02 -2.674050e-01 2.572458e+00
-1.222230e-01 -4.001360e-01 2.469781e+00
-1.577460e-01 -5.335420e-01 2.678787e+00
-3.878590e-01 -6.431680e-01 2.756091e+00
-1.566080e-01 -9.843210e-01 2.770420e+00
-3.125280e-01 -7.976900e-01 2.694818e+00
-1.870390e-01 -1.020240e+00 2.594096e+00
-2.820300e-01 6.721100e-01 2.582292e+00
-4.382680e-01 3.566580e-01 2.741632e+00
-7.534800e-02 3.866530e-01 2.656396e+00
-2.898150e-01 4.189420e-01 2.575115e+00
-2.216210e-01 2.581210e-01 2.808880e+00
-4.439300e-01 4.424000e-03 2.712744e+00
-5.131400e-02 3.926900e-02 2.626483e+00
-2.126600e-01 2.410800e-02 2.829655e+00
-4.938940e-01 7.561100e-02 2.704619e+00
-5.659000e-03 1.081020e-01 2.624697e+00
-4.762210e-01 -2.266160e-01 2.657903e+00
-1.008200e-02 -1.967310e-01 2.594814e+00
-4.256820e-01 -2.720200e-01 2.634951e+00
-3.320800e-02 -2.621610e-01 2.576744e+00
-7.565300e-02 -3.911970e-01 2.428470e+00
-1.353290e-01 -5.380020e-01 2.665561e+00
-4.098260e-01 -4.252180e-01 2.742748e+00
-1.555440e-01 -9.845200e-01 2.774249e+00
-4.063210e-01 -6.069860e-01 2.726799e+00
-1.924510e-01 -1.025212e+00 2.600214e+00
-2.750350e-01 6.717550e-01 2.578863e+00
