-3.333710e-01 2.909170e-01 2.454928e+00
-6.694000e-03 3.048610e-01 2.459017e+00
-1.656290e-01 1.710050e-01 2.537889e+00
-8.868000e-03 -2.719000e-02 2.412459e+00
-3.690680e-01 1.678400e-02 2.480017e+00
-3.678420e-01 -2.622110e-01 2.408179e+00
-3.678780e-01 -3.238310e-01 2.408405e+00
-2.799000e-01 -5.126680e-01 2.473752e+00
-3.230340e-01 -9.042540e-01 2.548588e+00
-3.228180e-01 -9.316130e-01 2.405556e+00
-1.690780e-01 5.520470e-01 2.367763e+00
-2.955000e-03 3.027740e-01 2.457546e+00
-1.615440e-01 1.688050e-01 2.536921e+00
-5.689000e-03 -2.561000e-02 2.404589e+00
-3.663500e-01 1.408800e-02 2.462461e+00
-3.516470e-01 -2.561210e-01 2.364072e+00
-3.511100e-01 -3.157720e-01 2.348626e+00
-2.815610e-01 -5.145540e-01 2.473121e+00
-3.236750e-01 -9.056090e-01 2.551248e+00
-3.326980e-01 -9.331490e-01 2.408536e+00
-1.624400e-01 5.508400e-01 2.370058e+00
-1.520000e-03 3.000810e-01 2.462581e+00
-1.638610e-01 1.685660e-01 2.538396e+00
-3.566000e-03 -2.497700e-02 2.412639e+00
-3.657330e-01 1.904000e-02 2.447372e+00
-3.390060e-01 -2.431630e-01 2.331649e+00
-3.386260e-01 -3.037860e-01 2.320614e+00
-2.808610e-01 -5.135980e-01 2.475428e+00
-3.234490e-01 -9.057170e-01 2.547742e+00
-3.251050e-01 -9.319530e-01 2.404510e+00
-1.563260e-01 5.485730e-01 2.366488e+00
-2.799000e-03 2.994970e-01 2.465560e+00
-1.668540e-01 1.679440e-01 2.537522e+00
-2.647000e-03 -2.367200e-02 2.416559e+00
-3.688170e-01 2.267600e-02 2.445338e+00
-3.356190e-01 -2.380310e-01 2.330435e+00
-3.450070e-01 -2.951960e-01 2.309433e+00
-2.816600e-01 -5.113290e-01 2.473589e+00
-3.241680e-01 -9.015640e-01 2.555511e+00
-3.212740e-01 -9.317780e-01 2.413084e+00
-1.547880e-01 5.442600e-01 2.357588e+00
-5.233000e-03 3.007130e-01 2.461180e+00
-1.691590e-01 1.711770e-01 2.536994e+00
-2.755000e-03 -2.519600e-02 2.417266e+00
-3.688020e-01 2.251400e-02 2.446138e+00
-3.449410e-01 -2.441990e-01 2.344162e+00
-3.365780e-01 -3.001840e-01 2.319816e+00
-2.812250e-01 -5.116900e-01 2.470751e+00
-3.242810e-01 -9.011690e-01 2.555918e+00
-3.214260e-01 -9.325720e-01 2.413748e+00
-1.547740e-01 5.494000e-01 2.360198e+00
-6.070000e-03 3.014850e-01 2.458307e+00
-1.698270e-01 1.733400e-01 2.536803e+00
-1.062700e-02 -2.337700e-02 2.414572e+00
-3.694110e-01 2.322400e-02 2.452648e+00
-3.638300e-01 -2.528540e-01 2.373708e+00
-3.582900e-01 -3.114170e-01 2.355356e+00
-2.879890e-01 -5.121610e-01 2.463719e+00
-3.286500e-01 -9.019540e-01 2.548627e+00
-3.293510e-01 -9.328780e-01 2.406325e+00
-1.596720e-01 5.508170e-01 2.359627e+00
-9.635000e-03 3.007550e-01 2.455932e+00
-1.728790e-01 1.718690e-01 2.534281e+00
-1.287300e-02 -2.567500e-02 2.413308e+00
-3.727850e-01 1.827600e-02 2.466140e+00
-3.706660e-01 -2.613640e-01 2.396712e+00
-3.790350e-01 -3.220150e-01 2.389754e+00
-2.968340e-01 -5.133680e-01 2.455567e+00
-3.322590e-01 -9.053970e-01 2.532111e+00
-3.380170e-01 -9.327810e-01 2.389200e+00
-1.714760e-01 5.504500e-01 2.364393e+00
-1.957700e-02 3.010660e-01 2.447546e+00
-1.827540e-01 1.751190e-01 2.530668e+00
-2.066600e-02 -2.419700e-02 2.416472e+00
-3.853000e-01 2.668800e-02 2.484331e+00
-3.825870e-01 -2.531690e-01 2.416450e+00
-4.020710e-01 -3.116220e-01 2.417279e+00
-3.059440e-01 -5.133990e-01 2.446159e+00
-3.335530e-01 -9.067900e-01 2.518837e+00
-3.416170e-01 -9.326580e-01 2.375755e+00
-1.789420e-01 5.542830e-01 2.362037e+00
-4.175300e-02 2.930620e-01 2.428846e+00
-2.039380e-01 1.753870e-01 2.525010e+00
-3.703300e-02 -2.430700e-02 2.431508e+00
-4.074220e-01 2.610900e-02 2.495294e+00
-4.063290e-01 -2.615030e-01 2.462917e+00
-4.010910e-01 -3.182650e-01 2.439513e+00
-3.231030e-01 -5.174670e-01 2.441826e+00
-3.376670e-01 -9.125210e-01 2.509064e+00
-3.392860e-01 -9.368950e-01 2.365502e+00
-1.939160e-01 5.504950e-01 2.357557e+00
-6.319000e-02 2.851220e-01 2.415818e+00
-2.259360e-01 1.759570e-01 2.520678e+00
-5.276300e-02 -2.381800e-02 2.430265e+00
-4.235620e-01 2.865500e-02 2.493577e+00
-4.107760e-01 -2.582950e-01 2.459491e+00
-4.322720e-01 -3.149890e-01 2.470482e+00
-3.408450e-01 -5.177350e-01 2.433842e+00
-3.468990e-01 -9.150500e-01 2.487738e+00
-3.605840e-01 -9.343340e-01 2.344046e+00
-2.107000e-01 5.446140e-01 2.348056e+00
-8.482700e-02 2.639360e-01 2.407018e+00
-2.447670e-01 1.608230e-01 2.521848e+00
-7.081100e-02 -3.418300e-02 2.430916e+00
-4.423050e-01 2.623000e-03 2.486468e+00
-4.307590e-01 -2.848900e-01 2.444787e+00
-4.455160e-01 -3.431530e-01 2.431198e+00
-3.618970e-01 -5.272880e-01 2.417094e+00
-3.621810e-01 -9.260780e-01 2.459134e+00
-3.873920e-01 -9.410970e-01 2.316497e+00
-2.263890e-01 5.200530e-01 2.326699e+00
-9.976100e-02 2.332810e-01 2.414213e+00
-2.558840e-01 1.249380e-01 2.529479e+00
-8.555700e-02 -7.236700e-02 2.439523e+00
-4.585950e-01 -4.926800e-02 2.436088e+00
-4.450790e-01 -3.220720e-01 2.329389e+00
-4.613300e-01 -3.713430e-01 2.296144e+00
-3.750010e-01 -5.579820e-01 2.378076e+00
-3.601940e-01 -9.544150e-01 2.436578e+00
-3.895920e-01 -9.763120e-01 2.295642e+00
-2.451640e-01 4.749660e-01 2.311917e+00
-9.687500e-02 2.356530e-01 2.421760e+00
-2.568810e-01 1.235260e-01 2.527706e+00
-8.991600e-02 -8.544300e-02 2.423970e+00
-4.555970e-01 -4.434100e-02 2.400874e+00
-4.308160e-01 -2.876130e-01 2.238969e+00
-4.301570e-01 -3.450200e-01 2.216586e+00
-3.603800e-01 -5.629990e-01 2.370865e+00
-3.557090e-01 -9.559480e-01 2.450680e+00
-3.830790e-01 -9.847310e-01 2.310576e+00
-2.473510e-01 4.735690e-01 2.300680e+00
-8.626000e-02 2.604200e-01 2.422139e+00
-2.492370e-01 1.464690e-01 2.521398e+00
-7.837300e-02 -7.072400e-02 2.420537e+00
-4.463000e-01 -1.093700e-02 2.373286e+00
-4.109740e-01 -2.226070e-01 2.176337e+00
-3.966660e-01 -2.731290e-01 2.144091e+00
-3.391430e-01 -5.471140e-01 2.386852e+00
-3.508590e-01 -9.392990e-01 2.469642e+00
-3.646700e-01 -9.688470e-01 2.327716e+00
-2.433510e-01 4.965320e-01 2.293563e+00
-5.963600e-02 2.999720e-01 2.416757e+00
-2.203560e-01 1.787040e-01 2.510895e+00
-4.863400e-02 -3.208200e-02 2.402436e+00
-4.208000e-01 2.848400e-02 2.376184e+00
-3.838530e-01 -1.672280e-01 2.168667e+00
-3.612630e-01 -1.890720e-01 2.115661e+00
-3.240650e-01 -5.112040e-01 2.400181e+00
-3.465550e-01 -9.030420e-01 2.482390e+00
-3.584400e-01 -9.321900e-01 2.340208e+00
-2.244100e-01 5.402250e-01 2.302478e+00
-3.420100e-02 3.038300e-01 2.403726e+00
-1.851510e-01 1.793980e-01 2.509221e+00
-3.183000e-02 -2.764300e-02 2.378496e+00
-3.979280e-01 2.836400e-02 2.407720e+00
-3.719790e-01 -1.866860e-01 2.218572e+00
-3.637490e-01 -2.209570e-01 2.168028e+00
-3.238650e-01 -4.984020e-01 2.374540e+00
-3.541210e-01 -8.906350e-01 2.452252e+00
-3.793970e-01 -9.166290e-01 2.311213e+00
-2.024190e-01 5.408420e-01 2.302906e+00
-8.537000e-03 2.900220e-01 2.395413e+00
-1.479700e-01 1.594490e-01 2.509027e+00
-2.258400e-02 -4.430900e-02 2.376451e+00
-3.730660e-01 3.361000e-03 2.435881e+00
-3.737600e-01 -2.494620e-01 2.295835e+00
-4.017260e-01 -2.948510e-01 2.264935e+00
-3.304730e-01 -4.935480e-01 2.319916e+00
-3.836150e-01 -8.861780e-01 2.381716e+00
-4.176030e-01 -9.036940e-01 2.241201e+00
-1.891890e-01 5.164230e-01 2.298985e+00
2.070800e-02 2.524520e-01 2.388214e+00
-1.213220e-01 1.364910e-01 2.513830e+00
1.511400e-02 -7.286000e-02 2.401841e+00
-3.404570e-01 -2.400000e-02 2.502427e+00
-3.816180e-01 -3.117070e-01 2.483999e+00
-4.076300e-01 -3.672220e-01 2.490200e+00
-3.266460e-01 -4.722640e-01 2.247007e+00
-3.842680e-01 -8.628680e-01 2.317075e+00
-4.256480e-01 -8.815840e-01 2.178713e+00
-1.527950e-01 4.856710e-01 2.288066e+00
2.480400e-02 2.600480e-01 2.380535e+00
-1.168890e-01 1.422170e-01 2.504784e+00
1.344000e-02 -7.105400e-02 2.392749e+00
-3.366040e-01 -1.370000e-03 2.546172e+00
-3.802240e-01 -2.862780e-01 2.589933e+00
-3.885570e-01 -3.467260e-01 2.598515e+00
-3.232110e-01 -4.632010e-01 2.219025e+00
-3.814360e-01 -8.427650e-01 2.334531e+00
-4.227830e-01 -8.775730e-01 2.199307e+00
-1.405570e-01 5.033370e-01 2.297358e+00
2.707000e-02 2.883670e-01 2.378151e+00
-1.232950e-01 1.725740e-01 2.493827e+00
6.767000e-03 -4.165000e-02 2.379033e+00
-3.419980e-01 4.890200e-02 2.552254e+00
-3.526790e-01 -2.367780e-01 2.603019e+00
-3.548630e-01 -2.974700e-01 2.613448e+00
-3.225040e-01 -4.545090e-01 2.223374e+00
-3.558910e-01 -8.337930e-01 2.349193e+00
-4.000790e-01 -8.739620e-01 2.216376e+00
-1.376350e-01 5.406860e-01 2.298208e+00
1.433900e-02 3.204990e-01 2.385054e+00
-1.454260e-01 2.014940e-01 2.483603e+00
-1.009000e-03 -7.183000e-03 2.374544e+00
-3.564690e-01 7.038500e-02 2.510899e+00
-3.863810e-01 -1.996610e-01 2.610103e+00
-3.923350e-01 -2.572120e-01 2.631304e+00
-3.192070e-01 -4.705110e-01 2.300614e+00
-3.401890e-01 -8.632930e-01 2.378608e+00
-3.738050e-01 -8.891600e-01 2.239297e+00
-1.504240e-01 5.744630e-01 2.304514e+00
-5.454000e-03 3.112910e-01 2.395838e+00
-1.702230e-01 1.885670e-01 2.480625e+00
-1.768700e-02 -9.860000e-03 2.383083e+00
-3.782230e-01 4.169400e-02 2.461608e+00
-4.053860e-01 -2.471960e-01 2.468873e+00
-4.012280e-01 -3.071250e-01 2.455153e+00
-3.041310e-01 -4.980710e-01 2.367767e+00
-3.230370e-01 -8.950740e-01 2.420984e+00
-3.238010e-01 -9.143860e-01 2.276647e+00
-1.597620e-01 5.662730e-01 2.309777e+00
-3.345100e-02 2.876620e-01 2.413103e+00
-2.015940e-01 1.586040e-01 2.479968e+00
-2.966100e-02 -2.734700e-02 2.406561e+00
-4.011040e-01 -1.644000e-03 2.404880e+00
-3.965220e-01 -2.870660e-01 2.341672e+00
-4.254400e-01 -3.359870e-01 2.317848e+00
-3.085370e-01 -5.242270e-01 2.382037e+00
-3.082820e-01 -9.212680e-01 2.438252e+00
-2.926840e-01 -9.415550e-01 2.294893e+00
-1.781460e-01 5.299080e-01 2.297959e+00
-5.150100e-02 2.565510e-01 2.426045e+00
-2.264380e-01 1.329140e-01 2.485288e+00
-4.067300e-02 -7.284800e-02 2.428333e+00
-4.309230e-01 -2.385600e-02 2.316875e+00
-4.333020e-01 -2.598080e-01 2.144321e+00
-4.492770e-01 -3.084860e-01 2.110083e+00
-3.102150e-01 -5.509780e-01 2.358439e+00
-3.094240e-01 -9.432090e-01 2.441834e+00
-2.979820e-01 -9.733790e-01 2.299829e+00
-1.911120e-01 4.943330e-01 2.283638e+00
-4.651100e-02 2.727900e-01 2.414459e+00
-2.187260e-01 1.503060e-01 2.483294e+00
-3.936800e-02 -6.854300e-02 2.421072e+00
-4.314180e-01 4.260000e-04 2.290565e+00
-4.292240e-01 -2.001320e-01 2.080523e+00
-4.256740e-01 -2.467110e-01 2.040339e+00
-3.005790e-01 -5.513670e-01 2.379730e+00
-3.163550e-01 -9.435360e-01 2.461919e+00
-3.030740e-01 -9.737940e-01 2.320093e+00
-1.884900e-01 5.159650e-01 2.285558e+00
-3.430800e-02 3.009630e-01 2.406684e+00
-2.033840e-01 1.766290e-01 2.479851e+00
-2.773000e-02 -3.837300e-02 2.400927e+00
-4.216170e-01 2.807100e-02 2.312111e+00
-4.108280e-01 -1.470260e-01 2.084172e+00
-4.271820e-01 -1.864700e-01 2.039745e+00
-2.943910e-01 -5.224440e-01 2.393511e+00
-3.180980e-01 -9.149630e-01 2.472044e+00
-3.104580e-01 -9.439370e-01 2.329535e+00
-1.867230e-01 5.482840e-01 2.292548e+00
2.430000e-03 3.076190e-01 2.382849e+00
-1.541840e-01 1.817460e-01 2.477858e+00
1.760000e-03 -2.763600e-02 2.371778e+00
-3.901060e-01 2.992300e-02 2.373597e+00
-3.924470e-01 -1.784730e-01 2.175984e+00
-3.691600e-01 -2.201700e-01 2.137047e+00
-3.055500e-01 -4.951810e-01 2.358851e+00
-3.398610e-01 -8.874620e-01 2.434611e+00
-3.563970e-01 -9.135010e-01 2.292291e+00
-1.670250e-01 5.503570e-01 2.291786e+00
2.384100e-02 2.829860e-01 2.363521e+00
-1.217360e-01 1.630630e-01 2.481099e+00
1.816300e-02 -4.776500e-02 2.363078e+00
-3.568600e-01 4.823000e-03 2.422360e+00
-3.816540e-01 -2.491320e-01 2.286666e+00
-3.881240e-01 -2.866820e-01 2.238239e+00
-3.282920e-01 -4.884500e-01 2.313255e+00
-3.718890e-01 -8.842380e-01 2.360719e+00
-4.116870e-01 -8.965870e-01 2.221183e+00
-1.518130e-01 5.271720e-01 2.287851e+00
3.577700e-02 2.530490e-01 2.341826e+00
-9.817300e-02 1.464980e-01 2.483612e+00
2.089900e-02 -6.590600e-02 2.370482e+00
-3.318370e-01 -2.338200e-02 2.456544e+00
-3.779320e-01 -3.059790e-01 2.406389e+00
-3.789680e-01 -3.673640e-01 2.411666e+00
-3.493400e-01 -4.787950e-01 2.275100e+00
-3.849940e-01 -8.757960e-01 2.318917e+00
-4.460990e-01 -8.848630e-01 2.187043e+00
-1.336320e-01 4.954120e-01 2.268498e+00
3.047900e-02 2.624750e-01 2.338826e+00
-1.034050e-01 1.590700e-01 2.482983e+00
2.106900e-02 -7.084800e-02 2.369120e+00
-3.258630e-01 3.823000e-03 2.506687e+00
-3.843530e-01 -2.739180e-01 2.568562e+00
-3.964380e-01 -3.329930e-01 2.581258e+00
-3.646610e-01 -4.584020e-01 2.250166e+00
-3.975870e-01 -8.445060e-01 2.353321e+00
-4.652720e-01 -8.723680e-01 2.227428e+00
-1.300020e-01 5.100310e-01 2.260290e+00
2.577700e-02 2.889890e-01 2.343635e+00
-1.145540e-01 1.834390e-01 2.479890e+00
9.853000e-03 -4.456400e-02 2.361958e+00
-3.385840e-01 5.240300e-02 2.537472e+00
-3.605970e-01 -2.357980e-01 2.517944e+00
-3.651710e-01 -2.970870e-01 2.513498e+00
-3.652120e-01 -4.541720e-01 2.271359e+00
-3.859250e-01 -8.465780e-01 2.351298e+00
-4.526670e-01 -8.690220e-01 2.223829e+00
-1.307060e-01 5.388840e-01 2.263394e+00
1.385900e-02 2.993610e-01 2.359390e+00
-1.383800e-01 1.913890e-01 2.480072e+00
-6.766000e-03 -2.296400e-02 2.360361e+00
-3.548540e-01 7.029700e-02 2.533554e+00
-3.823950e-01 -2.070740e-01 2.610581e+00
-3.880390e-01 -2.663430e-01 2.626468e+00
-3.563950e-01 -4.711160e-01 2.318497e+00
-3.762210e-01 -8.682760e-01 2.370187e+00
-4.296860e-01 -8.831300e-01 2.235548e+00
-1.453910e-01 5.495870e-01 2.268374e+00
-2.528400e-02 2.940610e-01 2.394512e+00
-1.936660e-01 1.821230e-01 2.486796e+00
-3.108800e-02 -2.954100e-02 2.390477e+00
-3.990080e-01 5.261400e-02 2.494407e+00
-4.008480e-01 -2.350270e-01 2.501585e+00
-4.013450e-01 -2.966090e-01 2.503709e+00
-3.297520e-01 -5.068570e-01 2.406849e+00
-3.475380e-01 -9.064780e-01 2.434903e+00
-3.518730e-01 -9.164800e-01 2.289687e+00
-1.686540e-01 5.382470e-01 2.279765e+00
-6.394200e-02 2.804890e-01 2.404916e+00
-2.380080e-01 1.718370e-01 2.490323e+00
-5.693600e-02 -2.929600e-02 2.429251e+00
-4.280430e-01 2.347000e-02 2.449770e+00
-4.219400e-01 -2.644610e-01 2.435871e+00
-4.273360e-01 -3.238920e-01 2.420510e+00
-3.466700e-01 -5.212890e-01 2.408825e+00
-3.429390e-01 -9.196980e-01 2.454185e+00
-3.364940e-01 -9.360950e-01 2.309629e+00
-1.922450e-01 5.247390e-01 2.286333e+00
-8.427000e-02 2.681760e-01 2.409163e+00
-2.569700e-01 1.618210e-01 2.500059e+00
-7.346800e-02 -4.301400e-02 2.446797e+00
-4.620850e-01 -2.379000e-03 2.407609e+00
-4.653040e-01 -2.824000e-01 2.334587e+00
-4.607110e-01 -3.351210e-01 2.303020e+00
-3.518310e-01 -5.317570e-01 2.402486e+00
-3.553090e-01 -9.289360e-01 2.457602e+00
-3.506490e-01 -9.489820e-01 2.313439e+00
-2.168580e-01 5.082150e-01 2.280371e+00
-9.788600e-02 2.803940e-01 2.424122e+00
-2.696030e-01 1.730330e-01 2.515695e+00
-8.848500e-02 -4.540600e-02 2.444062e+00
-4.806090e-01 8.056000e-03 2.339843e+00
-5.064200e-01 -2.402530e-01 2.192882e+00
-5.249070e-01 -2.956040e-01 2.173097e+00
-3.480230e-01 -5.340750e-01 2.420912e+00
-3.575180e-01 -9.314530e-01 2.473840e+00
-3.537380e-01 -9.507620e-01 2.329550e+00
-2.400290e-01 5.228340e-01 2.293410e+00
-1.024040e-01 3.002320e-01 2.430321e+00
-2.570480e-01 3.287160e-01 2.309252e+00
-2.712050e-01 1.863980e-01 2.519468e+00
-4.017810e-01 -2.446800e-02 2.416687e+00
-8.682200e-02 -3.363300e-02 2.440614e+00
-2.523460e-01 -1.026200e-02 2.541737e+00
-4.885990e-01 3.551600e-02 2.315915e+00
-4.456400e-02 3.355500e-02 2.481324e+00
-5.121650e-01 -1.846680e-01 2.131591e+00
-5.191500e-02 -2.315610e-01 2.368757e+00
-5.099510e-01 -2.181890e-01 2.079933e+00
-4.501400e-02 -2.925590e-01 2.363403e+00
-3.388930e-01 -5.206590e-01 2.447432e+00
-9.353200e-02 -5.014810e-01 2.355876e+00
-3.544790e-01 -9.184000e-01 2.496012e+00
-9.473000e-03 -8.866390e-01 2.429281e+00
-3.453560e-01 -9.363730e-01 2.351789e+00
1.334900e-02 -9.087430e-01 2.287164e+00
-2.492420e-01 5.405880e-01 2.307491e+00
-4.221190e-01 2.965240e-01 2.413074e+00
-9.605600e-02 3.072170e-01 2.435372e+00
-2.530410e-01 3.387290e-01 2.318127e+00
-2.620900e-01 1.880450e-01 2.522719e+00
-4.012380e-01 -1.764900e-02 2.410771e+00
-8.622200e-02 -2.420500e-02 2.434802e+00
-2.521780e-01 -9.047000e-03 2.536777e+00
-4.984870e-01 4.884400e-02 2.316723e+00
-4.255300e-02 3.781700e-02 2.467343e+00
-5.015270e-01 -1.354830e-01 2.096774e+00
-5.397200e-02 -2.268700e-01 2.357009e+00
-5.103050e-01 -1.809960e-01 2.056172e+00
-4.495100e-02 -2.876910e-01 2.352947e+00
-3.329870e-01 -5.139180e-01 2.457154e+00
-8.531400e-02 -5.004580e-01 2.381974e+00
-3.515080e-01 -9.103470e-01 2.514621e+00
-3.199000e-03 -8.857030e-01 2.457102e+00
-3.416220e-01 -9.316420e-01 2.370901e+00
1.974200e-02 -9.085030e-01 2.315114e+00
-2.486600e-01 5.472950e-01 2.313183e+00
-4.102820e-01 2.917340e-01 2.449443e+00
-8.379300e-02 3.035590e-01 2.435499e+00
-2.531770e-01 3.499460e-01 2.343080e+00
-2.390090e-01 1.704160e-01 2.522561e+00
-3.855660e-01 -1.443800e-02 2.418104e+00
-7.030900e-02 -2.932500e-02 2.402371e+00
-2.221020e-01 -1.957300e-02 2.524984e+00
-4.875460e-01 5.241700e-02 2.335748e+00
-2.617800e-02 3.375200e-02 2.442830e+00
-4.802830e-01 -1.106050e-01 2.100335e+00
-4.579600e-02 -2.376310e-01 2.353304e+00
-4.784290e-01 -1.424400e-01 2.047607e+00
-3.522200e-02 -2.973570e-01 2.364167e+00
-3.262330e-01 -5.122890e-01 2.462475e+00
-8.557600e-02 -5.119750e-01 2.439971e+00
-3.489860e-01 -9.082540e-01 2.521590e+00
-9.352000e-03 -8.996550e-01 2.508493e+00
-3.575550e-01 -9.292380e-01 2.377740e+00
-1.329600e-02 -9.257440e-01 2.365278e+00
-2.454280e-01 5.384220e-01 2.327400e+00
-3.910980e-01 2.884420e-01 2.455229e+00
-6.496400e-02 2.998240e-01 2.434344e+00
-2.362120e-01 3.482740e-01 2.346535e+00
-2.185740e-01 1.654260e-01 2.522322e+00
-3.737430e-01 -1.385800e-02 2.414735e+00
-5.942700e-02 -3.627900e-02 2.391097e+00
-2.078860e-01 -2.391900e-02 2.517499e+00
-4.630530e-01 3.631000e-02 2.370359e+00
-9.244000e-03 2.993500e-02 2.436767e+00
-4.633130e-01 -1.314640e-01 2.138701e+00
-3.463300e-02 -2.449490e-01 2.361881e+00
-4.659300e-01 -1.674880e-01 2.088777e+00
-2.176800e-02 -3.047780e-01 2.369088e+00
-3.164320e-01 -5.134250e-01 2.460968e+00
-7.901500e-02 -5.146650e-01 2.456688e+00
-3.495350e-01 -9.083690e-01 2.521999e+00
-3.434000e-03 -9.031100e-01 2.521482e+00
-3.618700e-01 -9.295180e-01 2.378447e+00
-1.457500e-02 -9.291070e-01 2.378630e+00
-2.327220e-01 5.380470e-01 2.338604e+00
-3.708200e-01 2.908480e-01 2.446285e+00
-4.418300e-02 3.042420e-01 2.438679e+00
-2.120310e-01 3.522730e-01 2.344320e+00
-2.004110e-01 1.683960e-01 2.519533e+00
-3.579680e-01 -9.210000e-03 2.409514e+00
-4.335700e-02 -3.636600e-02 2.397739e+00
-1.964880e-01 -2.420800e-02 2.518461e+00
-4.252710e-01 2.341100e-02 2.403694e+00
7.368000e-03 3.287200e-02 2.440150e+00
-4.424440e-01 -1.898260e-01 2.212836e+00
-1.990100e-02 -2.410330e-01 2.360005e+00
-4.465750e-01 -2.303630e-01 2.166612e+00
-1.947900e-02 -2.998090e-01 2.378506e+00
-3.042780e-01 -5.102540e-01 2.455520e+00
-6.589100e-02 -5.151940e-01 2.442652e+00
-3.455040e-01 -9.038770e-01 2.520032e+00
5.070000e-04 -9.037100e-01 2.516460e+00
-3.526460e-01 -9.266730e-01 2.376380e+00
-2.812000e-03 -9.314290e-01 2.373536e+00
-2.100990e-01 5.439030e-01 2.343745e+00
-3.489620e-01 2.830770e-01 2.437033e+00
-2.252900e-02 3.023220e-01 2.436630e+00
-1.889010e-01 3.441290e-01 2.336849e+00
-1.781910e-01 1.662660e-01 2.518219e+00
-3.328960e-01 -1.414000e-02 2.406964e+00
-1.766300e-02 -3.584900e-02 2.403437e+00
-1.742360e-01 -2.851000e-02 2.520061e+00
-3.811190e-01 7.756000e-03 2.433407e+00
3.181400e-02 3.052200e-02 2.441124e+00
-3.810430e-01 -2.695060e-01 2.356550e+00
4.462000e-03 -2.422680e-01 2.353840e+00
-3.820190e-01 -3.305090e-01 2.365188e+00
-1.538000e-03 -3.033330e-01 2.359508e+00
-2.909560e-01 -5.133980e-01 2.443548e+00
-4.421200e-02 -5.182950e-01 2.434622e+00
-3.379360e-01 -9.048070e-01 2.516983e+00
2.457000e-03 -9.087290e-01 2.513261e+00
-3.419860e-01 -9.311800e-01 2.373823e+00
5.224000e-03 -9.371600e-01 2.370465e+00
-1.741840e-01 5.394750e-01 2.337767e+00
-3.273450e-01 2.822270e-01 2.432994e+00
-1.034000e-03 3.029870e-01 2.428629e+00
-1.685650e-01 3.399510e-01 2.328876e+00
-1.552090e-01 1.695930e-01 2.517144e+00
-3.133940e-01 -2.217900e-02 2.408793e+00
2.458000e-03 -3.054300e-02 2.403980e+00
-1.538360e-01 -3.080900e-02 2.521207e+00
-3.515240e-01 7.992000e-03 2.446872e+00
5.099600e-02 3.254300e-02 2.440274e+00
-3.601720e-01 -2.764700e-01 2.417641e+00
2.409700e-02 -2.385350e-01 2.352862e+00
-3.756480e-01 -3.343530e-01 2.432032e+00
9.668000e-03 -2.982830e-01 2.357222e+00
-2.819430e-01 -5.162680e-01 2.436100e+00
-3.663200e-02 -5.190810e-01 2.445981e+00
-3.355210e-01 -9.075840e-01 2.505399e+00
7.277000e-03 -9.108900e-01 2.519185e+00
-3.406420e-01 -9.322820e-01 2.361976e+00
7.119000e-03 -9.376520e-01 2.376040e+00
-1.598630e-01 5.437460e-01 2.339793e+00
-3.063130e-01 2.833030e-01 2.444409e+00
1.870900e-02 3.012900e-01 2.413318e+00
-1.561030e-01 3.389270e-01 2.327248e+00
-1.287710e-01 1.698470e-01 2.515158e+00
-2.987620e-01 -2.232400e-02 2.425965e+00
1.556400e-02 -3.233800e-02 2.395066e+00
-1.304740e-01 -3.087400e-02 2.524839e+00
-3.322290e-01 1.143400e-02 2.476577e+00
7.311500e-02 3.262400e-02 2.435177e+00
-3.480510e-01 -2.684390e-01 2.422930e+00
4.034800e-02 -2.381400e-01 2.351091e+00
-3.523180e-01 -3.298220e-01 2.426232e+00
2.466400e-02 -2.975440e-01 2.355798e+00
-2.820810e-01 -5.151100e-01 2.411114e+00
-2.084000e-02 -5.190260e-01 2.454942e+00
-3.363980e-01 -9.069470e-01 2.476797e+00
1.554800e-02 -9.131490e-01 2.519317e+00
-3.562350e-01 -9.281180e-01 2.334091e+00
2.389000e-03 -9.377100e-01 2.376383e+00
-1.477230e-01 5.402880e-01 2.327645e+00
-2.766280e-01 2.833690e-01 2.448475e+00
4.523900e-02 2.951380e-01 2.391976e+00
-1.353540e-01 3.268630e-01 2.316060e+00
-9.474800e-02 1.747440e-01 2.515700e+00
-2.802530e-01 -1.986200e-02 2.454776e+00
3.071300e-02 -3.899200e-02 2.401948e+00
-1.055400e-01 -2.970700e-02 2.541660e+00
-3.176730e-01 1.576700e-02 2.485466e+00
1.053660e-01 3.090100e-02 2.427013e+00
-3.374760e-01 -2.619640e-01 2.431611e+00
5.065100e-02 -2.376400e-01 2.354081e+00
-3.502350e-01 -3.213540e-01 2.421261e+00
4.281800e-02 -2.975680e-01 2.366098e+00
-2.825540e-01 -5.078840e-01 2.391271e+00
1.548000e-03 -5.227390e-01 2.457393e+00
-3.425020e-01 -8.996300e-01 2.452445e+00
3.505400e-02 -9.165450e-01 2.525185e+00
-3.746700e-01 -9.167240e-01 2.311450e+00
1.359400e-02 -9.427520e-01 2.383554e+00
-1.192860e-01 5.381600e-01 2.326864e+00
-2.658040e-01 2.852540e-01 2.457346e+00
5.311200e-02 2.947770e-01 2.385714e+00
-1.306750e-01 3.270110e-01 2.318133e+00
-8.155700e-02 1.760550e-01 2.516742e+00
-2.758940e-01 -2.011800e-02 2.462147e+00
3.222500e-02 -3.964300e-02 2.394786e+00
-9.703400e-02 -2.531400e-02 2.540584e+00
-3.114420e-01 2.075000e-02 2.488245e+00
1.137650e-01 3.335300e-02 2.416992e+00
-3.327000e-01 -2.512910e-01 2.423617e+00
5.081800e-02 -2.316890e-01 2.350468e+00
-3.524910e-01 -3.088740e-01 2.414153e+00
3.651600e-02 -2.914720e-01 2.354759e+00
-2.866320e-01 -5.042250e-01 2.388948e+00
7.462000e-03 -5.226380e-01 2.456505e+00
-3.558810e-01 -8.958850e-01 2.440024e+00
3.392400e-02 -9.165930e-01 2.526503e+00
-3.941240e-01 -9.073860e-01 2.299982e+00
6.859000e-03 -9.433850e-01 2.385946e+00
-1.138370e-01 5.349860e-01 2.320729e+00
-2.642280e-01 2.892760e-01 2.455275e+00
5.492100e-02 2.946820e-01 2.384256e+00
-1.284950e-01 3.259000e-01 2.315207e+00
-8.079500e-02 1.808750e-01 2.518524e+00
-2.675100e-01 -2.115700e-02 2.461554e+00
4.176000e-02 -3.414000e-02 2.397997e+00
-8.956700e-02 -2.278900e-02 2.542201e+00
-3.043550e-01 2.696500e-02 2.490600e+00
1.122160e-01 3.530900e-02 2.417539e+00
-3.220830e-01 -2.402990e-01 2.416761e+00
4.766800e-02 -2.257630e-01 2.347742e+00
-3.437920e-01 -2.979290e-01 2.414643e+00
5.085300e-02 -2.849980e-01 2.364421e+00
-2.829220e-01 -5.018490e-01 2.391227e+00
-6.680000e-04 -5.225950e-01 2.451713e+00
-3.561770e-01 -8.932200e-01 2.438805e+00
3.064700e-02 -9.161890e-01 2.521745e+00
-3.942350e-01 -9.031420e-01 2.298592e+00
4.447000e-03 -9.433010e-01 2.381085e+00
-1.151560e-01 5.412760e-01 2.321392e+00
-2.721530e-01 2.942180e-01 2.449509e+00
5.040900e-02 2.931410e-01 2.395828e+00
-1.281070e-01 3.320070e-01 2.318335e+00
-9.533900e-02 1.784580e-01 2.518321e+00
-2.695560e-01 -2.509800e-02 2.447599e+00
4.070000e-02 -3.055500e-02 2.387868e+00
-9.263900e-02 -2.284700e-02 2.530457e+00
-3.100690e-01 3.439600e-02 2.485587e+00
1.032110e-01 3.533400e-02 2.427361e+00
-3.156460e-01 -2.323500e-01 2.418622e+00
5.396300e-02 -2.214950e-01 2.342023e+00
-3.351350e-01 -2.899050e-01 2.408395e+00
4.324200e-02 -2.820730e-01 2.338512e+00
-2.754420e-01 -5.094520e-01 2.410590e+00
-1.118100e-02 -5.222200e-01 2.446420e+00
-3.377050e-01 -9.018930e-01 2.464571e+00
2.885600e-02 -9.138330e-01 2.522822e+00
-3.735940e-01 -9.155220e-01 2.324098e+00
3.511000e-03 -9.437840e-01 2.382582e+00
-1.127220e-01 5.391480e-01 2.314923e+00
-2.870040e-01 2.944110e-01 2.446275e+00
3.724200e-02 2.922210e-01 2.403981e+00
-1.381710e-01 3.340570e-01 2.321133e+00
-1.134720e-01 1.759060e-01 2.518677e+00
-2.836700e-01 -2.880500e-02 2.438986e+00
2.776200e-02 -2.811200e-02 2.385455e+00
-1.084970e-01 -2.585400e-02 2.525450e+00
-3.245510e-01 3.080000e-02 2.471830e+00
9.063600e-02 3.138500e-02 2.429812e+00
-3.291340e-01 -2.402370e-01 2.411870e+00
4.686300e-02 -2.265480e-01 2.336904e+00
-3.450250e-01 -2.982120e-01 2.398328e+00
3.285300e-02 -2.860490e-01 2.344672e+00
-2.746460e-01 -5.158980e-01 2.431529e+00
-1.981900e-02 -5.214830e-01 2.439952e+00
-3.355800e-01 -9.078750e-01 2.490194e+00
2.304200e-02 -9.114890e-01 2.522771e+00
-3.656090e-01 -9.243900e-01 2.348659e+00
1.308000e-03 -9.436810e-01 2.382422e+00
-1.207310e-01 5.394880e-01 2.325018e+00
-3.041150e-01 2.980120e-01 2.439729e+00
2.187800e-02 2.938150e-01 2.414431e+00
-1.485570e-01 3.400880e-01 2.323907e+00
-1.356720e-01 1.754660e-01 2.517243e+00
-2.981080e-01 -2.524700e-02 2.422861e+00
1.562800e-02 -2.692600e-02 2.385140e+00
-1.275130e-01 -2.404000e-02 2.518078e+00
-3.438460e-01 3.193400e-02 2.455684e+00
7.620400e-02 3.054200e-02 2.433578e+00
-3.463440e-01 -2.431620e-01 2.405153e+00
3.877100e-02 -2.309660e-01 2.341654e+00
-3.521850e-01 -3.023170e-01 2.388916e+00
3.097700e-02 -2.914830e-01 2.350254e+00
-2.794540e-01 -5.146260e-01 2.441521e+00
-2.743400e-02 -5.190310e-01 2.432197e+00
-3.344620e-01 -9.069430e-01 2.503671e+00
1.908400e-02 -9.086160e-01 2.515026e+00
-3.553760e-01 -9.266270e-01 2.360907e+00
4.914000e-03 -9.403730e-01 2.373614e+00
-1.292820e-01 5.396680e-01 2.322885e+00
-3.298650e-01 2.967220e-01 2.430297e+00
-2.899000e-03 3.006610e-01 2.432908e+00
-1.661770e-01 3.485140e-01 2.330760e+00
-1.655400e-01 1.734380e-01 2.515132e+00
-3.218150e-01 -2.470000e-02 2.403763e+00
-6.338000e-03 -2.283900e-02 2.385684e+00
-1.575080e-01 -2.274300e-02 2.509449e+00
-3.701210e-01 3.025600e-02 2.450293e+00
4.868500e-02 3.540400e-02 2.434347e+00
-3.621610e-01 -2.391270e-01 2.372634e+00
2.223800e-02 -2.293680e-01 2.345704e+00
-3.729130e-01 -2.979650e-01 2.357818e+00
2.100100e-02 -2.902200e-01 2.355324e+00
-2.882110e-01 -5.125130e-01 2.459447e+00
-4.365400e-02 -5.148120e-01 2.432367e+00
-3.402100e-01 -9.053390e-01 2.520973e+00
1.128700e-02 -9.026720e-01 2.518081e+00
-3.489740e-01 -9.266980e-01 2.377190e+00
6.011000e-03 -9.347870e-01 2.376140e+00
-1.509680e-01 5.399870e-01 2.320751e+00
-3.519800e-01 2.983620e-01 2.419587e+00
-2.570900e-02 3.020390e-01 2.441091e+00
-1.828330e-01 3.514030e-01 2.330371e+00
-1.928060e-01 1.738110e-01 2.512048e+00
-3.371470e-01 -2.494700e-02 2.388188e+00
-2.156100e-02 -1.957400e-02 2.403444e+00
-1.848870e-01 -2.318600e-02 2.510597e+00
-3.893210e-01 3.196000e-02 2.440278e+00
2.562300e-02 3.717000e-02 2.439573e+00
-3.813100e-01 -2.378530e-01 2.365788e+00
7.556000e-03 -2.268820e-01 2.348130e+00
-3.868550e-01 -2.872600e-01 2.329385e+00
-2.160000e-04 -2.879650e-01 2.350480e+00
-3.017260e-01 -5.114400e-01 2.456666e+00
-5.668400e-02 -5.129820e-01 2.431259e+00
-3.454870e-01 -9.039580e-01 2.526061e+00
4.693000e-03 -9.002100e-01 2.515453e+00
-3.390840e-01 -9.299780e-01 2.382922e+00
1.451100e-02 -9.295920e-01 2.373161e+00
-1.689540e-01 5.430890e-01 2.327828e+00
-3.742970e-01 2.956910e-01 2.404878e+00
-4.931800e-02 3.032780e-01 2.440372e+00
-2.017050e-01 3.451990e-01 2.320353e+00
-2.186070e-01 1.777170e-01 2.510903e+00
-3.529490e-01 -2.662500e-02 2.382608e+00
-3.967900e-02 -1.845800e-02 2.423247e+00
-2.110190e-01 -2.545700e-02 2.516864e+00
-4.123790e-01 2.798400e-02 2.433568e+00
5.629000e-03 3.707100e-02 2.447762e+00
-3.917730e-01 -2.436950e-01 2.359990e+00
-1.099400e-02 -2.313920e-01 2.362325e+00
-3.944060e-01 -2.950750e-01 2.326076e+00
-1.607600e-02 -2.924430e-01 2.355700e+00
-3.172400e-01 -5.140340e-01 2.444936e+00
-7.069100e-02 -5.131650e-01 2.421323e+00
-3.477980e-01 -9.074470e-01 2.516301e+00
3.753000e-03 -9.002360e-01 2.495046e+00
-3.311280e-01 -9.345210e-01 2.374189e+00
2.445300e-02 -9.233540e-01 2.352765e+00
-1.970140e-01 5.424980e-01 2.316219e+00
-4.029940e-01 2.906450e-01 2.389813e+00
-7.854300e-02 2.959510e-01 2.430216e+00
-2.283090e-01 3.314600e-01 2.304944e+00
-2.509120e-01 1.782390e-01 2.506582e+00
-3.762480e-01 -3.086900e-02 2.393357e+00
-6.390000e-02 -2.147100e-02 2.440327e+00
-2.372090e-01 -2.455900e-02 2.530464e+00
-4.394800e-01 1.974300e-02 2.420125e+00
-2.142700e-02 2.856000e-02 2.459842e+00
-4.113390e-01 -2.566960e-01 2.354811e+00
-3.108200e-02 -2.431170e-01 2.372807e+00
-4.077890e-01 -3.045950e-01 2.316209e+00
-3.350900e-02 -3.036370e-01 2.361474e+00
-3.348550e-01 -5.205140e-01 2.438195e+00
-7.868500e-02 -5.117230e-01 2.398044e+00
-3.614460e-01 -9.136160e-01 2.512792e+00
2.310000e-03 -8.987730e-01 2.464628e+00
-3.438810e-01 -9.417140e-01 2.370987e+00
2.781600e-02 -9.178800e-01 2.322533e+00
-2.170590e-01 5.426500e-01 2.317048e+00
-4.133870e-01 2.889930e-01 2.389349e+00
-8.898700e-02 2.927660e-01 2.430326e+00
-2.383830e-01 3.293740e-01 2.304929e+00
-2.619870e-01 1.755110e-01 2.505962e+00
-3.911810e-01 -3.100400e-02 2.404259e+00
-7.704700e-02 -2.655800e-02 2.438255e+00
-2.465470e-01 -2.256300e-02 2.535331e+00
-4.484070e-01 1.577800e-02 2.406037e+00
-3.514600e-02 2.499000e-02 2.469673e+00
-4.289150e-01 -2.645630e-01 2.350734e+00
-4.200100e-02 -2.454870e-01 2.375733e+00
-4.230590e-01 -3.098250e-01 2.309333e+00
-3.888400e-02 -3.036240e-01 2.355548e+00
-3.432610e-01 -5.231530e-01 2.437953e+00
-7.960700e-02 -5.105550e-01 2.391777e+00
-3.594230e-01 -9.166210e-01 2.513602e+00
4.420000e-04 -8.975270e-01 2.459940e+00
-3.487720e-01 -9.444630e-01 2.371061e+00
2.417500e-02 -9.176750e-01 2.317681e+00
-2.362030e-01 5.419680e-01 2.316703e+00
-4.181160e-01 2.920350e-01 2.389904e+00
-9.325100e-02 2.958170e-01 2.427016e+00
-2.440990e-01 3.318150e-01 2.303190e+00
-2.654170e-01 1.791140e-01 2.505362e+00
-3.976850e-01 -2.374800e-02 2.412051e+00
-8.195800e-02 -2.636100e-02 2.424914e+00
-2.444020e-01 -1.531500e-02 2.532896e+00
-4.481570e-01 1.889300e-02 2.406405e+00
-3.803300e-02 2.994000e-02 2.472202e+00
-4.292170e-01 -2.623110e-01 2.359534e+00
-4.859000e-02 -2.371520e-01 2.371298e+00
-4.290950e-01 -3.224970e-01 2.346318e+00
-4.775800e-02 -2.975630e-01 2.359180e+00
-3.456000e-01 -5.183020e-01 2.434203e+00
-8.467600e-02 -5.084230e-01 2.396466e+00
-3.566240e-01 -9.119320e-01 2.509934e+00
-7.867000e-03 -8.960370e-01 2.464709e+00
-3.557660e-01 -9.394670e-01 2.366939e+00
7.886000e-03 -9.181060e-01 2.321630e+00
-2.446510e-01 5.425300e-01 2.309391e+00
-4.140760e-01 2.859810e-01 2.397357e+00
-8.804200e-02 2.937880e-01 2.421231e+00
-2.442450e-01 3.281170e-01 2.303732e+00
-2.554000e-01 1.747730e-01 2.506233e+00
-3.943230e-01 -2.405900e-02 2.402462e+00
-7.874700e-02 -3.364100e-02 2.415732e+00
-2.411140e-01 -2.101700e-02 2.523657e+00
-4.446810e-01 1.202300e-02 2.422781e+00
-3.324600e-02 2.436300e-02 2.453536e+00
-4.269120e-01 -2.699110e-01 2.370350e+00
-5.021300e-02 -2.473450e-01 2.361674e+00
-4.196400e-01 -3.299990e-01 2.358791e+00
-4.544600e-02 -3.087770e-01 2.362267e+00
-3.412080e-01 -5.211240e-01 2.428947e+00
-8.801400e-02 -5.167410e-01 2.413992e+00
-3.592440e-01 -9.131850e-01 2.511187e+00
-1.365300e-02 -9.052760e-01 2.479655e+00
-3.573730e-01 -9.431620e-01 2.368693e+00
-6.030000e-04 -9.270140e-01 2.336254e+00
-2.379240e-01 5.405870e-01 2.309320e+00
-4.039080e-01 2.873320e-01 2.404523e+00
-7.751000e-02 2.975790e-01 2.421500e+00
-2.365810e-01 3.339930e-01 2.308565e+00
-2.418590e-01 1.743700e-01 2.506398e+00
-3.859350e-01 -2.548500e-02 2.401143e+00
-6.997000e-02 -2.974600e-02 2.403204e+00
-2.286400e-01 -2.305200e-02 2.516999e+00
-4.345200e-01 1.484100e-02 2.436580e+00
-2.263700e-02 2.777600e-02 2.441777e+00
-4.197730e-01 -2.648690e-01 2.376215e+00
-4.621700e-02 -2.453640e-01 2.358485e+00
-4.254270e-01 -3.260330e-01 2.371319e+00
-4.956800e-02 -3.067350e-01 2.362883e+00
-3.354410e-01 -5.203980e-01 2.433626e+00
-8.523700e-02 -5.163870e-01 2.429605e+00
-3.566430e-01 -9.127690e-01 2.513607e+00
-1.028200e-02 -9.043950e-01 2.497666e+00
-3.593340e-01 -9.417100e-01 2.370912e+00
-5.368000e-03 -9.286200e-01 2.354154e+00
-2.340200e-01 5.401810e-01 2.307819e+00
