-4.246940e-01 2.307280e-01 2.409529e+00
-2.450520e-01 2.379130e-01 2.400740e+00
-6.541000e-02 2.450980e-01 2.391952e+00
-1.584025e-01 2.635085e-01 2.349515e+00
-2.513950e-01 2.819190e-01 2.307079e+00
-2.433930e-01 1.958050e-01 2.400238e+00
-2.353910e-01 1.096910e-01 2.493398e+00
-3.384390e-01 -2.171500e-03 2.446529e+00
-4.414870e-01 -1.140340e-01 2.399660e+00
-2.273915e-01 -1.099245e-01 2.397892e+00
-1.329600e-02 -1.058150e-01 2.396124e+00
-1.199815e-01 -1.009320e-01 2.457005e+00
-2.266670e-01 -9.604900e-02 2.517885e+00
-3.486395e-01 -5.474050e-02 2.511607e+00
-4.706120e-01 -1.343200e-02 2.505330e+00
-2.241660e-01 -6.618000e-03 2.477076e+00
2.228000e-02 1.960000e-04 2.448822e+00
-2.333075e-01 -1.469210e-01 2.466912e+00
-4.888950e-01 -2.940380e-01 2.485002e+00
-2.086855e-01 -2.840100e-01 2.445186e+00
7.152400e-02 -2.739820e-01 2.405370e+00
-2.166355e-01 -3.174210e-01 2.444412e+00
-5.047950e-01 -3.608600e-01 2.483455e+00
-2.120510e-01 -3.507050e-01 2.437253e+00
8.069300e-02 -3.405500e-01 2.391051e+00
-1.398320e-01 -4.770730e-01 2.409344e+00
-3.603570e-01 -6.135960e-01 2.427636e+00
-2.425315e-01 -6.131065e-01 2.424116e+00
-1.247060e-01 -6.126170e-01 2.420596e+00
-2.563360e-01 -8.029325e-01 2.478701e+00
-3.879660e-01 -9.932480e-01 2.536806e+00
-2.730800e-01 -9.865180e-01 2.550950e+00
-1.581940e-01 -9.797880e-01 2.565095e+00
-2.764515e-01 -1.009383e+00 2.470583e+00
-3.947090e-01 -1.038978e+00 2.376071e+00
-2.734240e-01 -1.040226e+00 2.392913e+00
-1.521390e-01 -1.041474e+00 2.409755e+00
-2.007020e-01 -2.628140e-01 2.335611e+00
-2.492650e-01 5.158460e-01 2.261467e+00
-3.378225e-01 3.728750e-01 2.338585e+00
-4.263800e-01 2.299040e-01 2.415703e+00
-6.743800e-02 2.445590e-01 2.392334e+00
-2.548050e-01 2.821340e-01 2.310901e+00
-2.356970e-01 1.081270e-01 2.495265e+00
-4.456940e-01 -1.224440e-01 2.415262e+00
-1.896900e-02 -9.952800e-02 2.386843e+00
-2.250340e-01 -9.819400e-02 2.520946e+00
-4.813860e-01 -1.741900e-02 2.504165e+00
2.238500e-02 -5.390000e-04 2.454615e+00
-4.925520e-01 -2.981250e-01 2.461486e+00
7.632500e-02 -2.782920e-01 2.428430e+00
-5.167300e-01 -3.614160e-01 2.472895e+00
8.541800e-02 -3.422020e-01 2.451952e+00
-3.653450e-01 -6.172490e-01 2.433988e+00
-1.268790e-01 -6.103600e-01 2.420737e+00
-3.863490e-01 -9.990800e-01 2.536844e+00
-1.561170e-01 -9.786600e-01 2.563274e+00
-4.031660e-01 -1.041499e+00 2.375939e+00
-1.619810e-01 -1.038582e+00 2.407237e+00
-2.525580e-01 5.135530e-01 2.260704e+00
-4.303150e-01 2.290020e-01 2.426360e+00
-7.198000e-02 2.458730e-01 2.396172e+00
-2.611030e-01 2.849880e-01 2.319673e+00
-2.376030e-01 1.057910e-01 2.498473e+00
-4.506820e-01 -1.170090e-01 2.419150e+00
-2.351500e-02 -1.027610e-01 2.391707e+00
-2.297170e-01 -9.978100e-02 2.525573e+00
-4.902660e-01 -2.719100e-02 2.489666e+00
1.344600e-02 6.220000e-04 2.472271e+00
-5.116980e-01 -3.028310e-01 2.414369e+00
6.417900e-02 -2.793130e-01 2.438087e+00
-5.072760e-01 -3.489880e-01 2.363670e+00
7.384700e-02 -3.468830e-01 2.430261e+00
-3.615360e-01 -6.153970e-01 2.442300e+00
-1.282340e-01 -6.114430e-01 2.417033e+00
-3.894040e-01 -9.982660e-01 2.539512e+00
-1.569030e-01 -9.777300e-01 2.564774e+00
-4.028150e-01 -1.038376e+00 2.377698e+00
-1.576470e-01 -1.040242e+00 2.409648e+00
-2.608420e-01 5.122250e-01 2.266741e+00
-4.328960e-01 2.296230e-01 2.426944e+00
-7.442700e-02 2.430920e-01 2.396641e+00
-2.632030e-01 2.824040e-01 2.319391e+00
-2.412050e-01 1.061250e-01 2.501257e+00
-4.583490e-01 -1.203740e-01 2.426726e+00
-3.175800e-02 -1.021640e-01 2.393321e+00
-2.360470e-01 -1.019420e-01 2.530120e+00
-4.979690e-01 -3.020800e-02 2.472154e+00
9.827000e-03 -2.863000e-03 2.475368e+00
-5.140940e-01 -2.999190e-01 2.373548e+00
5.410100e-02 -2.815360e-01 2.419618e+00
-4.918240e-01 -3.564030e-01 2.341392e+00
5.663200e-02 -3.400990e-01 2.383780e+00
-3.636370e-01 -6.182540e-01 2.443749e+00
-1.281170e-01 -6.117220e-01 2.417563e+00
-3.846760e-01 -9.972800e-01 2.556496e+00
-1.573120e-01 -9.775970e-01 2.566221e+00
-4.005540e-01 -1.043941e+00 2.396674e+00
-1.574730e-01 -1.040542e+00 2.411268e+00
-2.615180e-01 5.131110e-01 2.268097e+00
-4.324650e-01 2.282660e-01 2.432862e+00
-7.402400e-02 2.453870e-01 2.404103e+00
-2.628700e-01 2.846830e-01 2.327014e+00
-2.399770e-01 1.048910e-01 2.505296e+00
-4.570090e-01 -1.164560e-01 2.425420e+00
-2.971600e-02 -1.014300e-01 2.400479e+00
-2.366900e-01 -9.915000e-02 2.533162e+00
-4.975660e-01 -3.439500e-02 2.455697e+00
9.016000e-03 -9.670000e-04 2.482614e+00
-5.087200e-01 -3.025130e-01 2.352402e+00
4.108600e-02 -2.679280e-01 2.380705e+00
-5.131140e-01 -3.664780e-01 2.327711e+00
4.655600e-02 -3.214300e-01 2.337949e+00
-3.638590e-01 -6.153070e-01 2.443015e+00
-1.274630e-01 -6.101500e-01 2.420583e+00
-3.845500e-01 -9.981630e-01 2.542058e+00
-1.569910e-01 -9.767980e-01 2.567257e+00
-3.973260e-01 -1.039280e+00 2.380445e+00
-1.545290e-01 -1.039082e+00 2.412057e+00
-2.632140e-01 5.125710e-01 2.276806e+00
-4.247380e-01 2.243500e-01 2.440349e+00
-6.627200e-02 2.400310e-01 2.411080e+00
-2.550610e-01 2.773370e-01 2.332871e+00
-2.324430e-01 1.028580e-01 2.516390e+00
-4.479390e-01 -1.107150e-01 2.431599e+00
-2.008600e-02 -1.118960e-01 2.412420e+00
-2.285940e-01 -1.010430e-01 2.542246e+00
-4.896070e-01 -3.877900e-02 2.453149e+00
2.108000e-02 -3.361000e-03 2.493165e+00
-5.002940e-01 -2.790800e-01 2.296101e+00
1.966900e-02 -2.431910e-01 2.335044e+00
-4.818870e-01 -2.937950e-01 2.231564e+00
2.191200e-02 -2.887780e-01 2.283690e+00
-3.604810e-01 -6.145600e-01 2.431495e+00
-1.217410e-01 -6.160330e-01 2.419179e+00
-3.881440e-01 -9.954950e-01 2.536087e+00
-1.626660e-01 -9.812330e-01 2.566726e+00
-3.994390e-01 -1.038913e+00 2.374966e+00
-1.552780e-01 -1.044535e+00 2.412094e+00
-2.624150e-01 4.780970e-01 2.241886e+00
-4.200510e-01 2.127640e-01 2.443750e+00
-6.239700e-02 2.382620e-01 2.411607e+00
-2.525290e-01 2.631370e-01 2.331730e+00
-2.235570e-01 1.039460e-01 2.527824e+00
-4.465470e-01 -1.164060e-01 2.447842e+00
-1.928300e-02 -1.171260e-01 2.418313e+00
-2.245900e-01 -1.092980e-01 2.553353e+00
-4.855940e-01 -4.931900e-02 2.460769e+00
2.899800e-02 2.482000e-03 2.508186e+00
-4.955120e-01 -2.644090e-01 2.271602e+00
4.891000e-03 -2.148360e-01 2.322880e+00
-5.022910e-01 -3.232590e-01 2.236800e+00
9.578000e-03 -2.579930e-01 2.269627e+00
-3.603020e-01 -6.192950e-01 2.417483e+00
-1.183100e-01 -6.211160e-01 2.415224e+00
-3.906400e-01 -9.989640e-01 2.525868e+00
-1.630900e-01 -9.831060e-01 2.569411e+00
-4.058410e-01 -1.043560e+00 2.365392e+00
-1.556860e-01 -1.049357e+00 2.416021e+00
-2.566210e-01 4.470580e-01 2.218266e+00
-4.130460e-01 2.006550e-01 2.439237e+00
-5.636600e-02 2.322800e-01 2.402108e+00
-2.474710e-01 2.440610e-01 2.321551e+00
-2.132930e-01 1.059630e-01 2.532251e+00
-4.241260e-01 -1.165090e-01 2.468449e+00
2.577000e-03 -1.344350e-01 2.436343e+00
-2.016090e-01 -1.229810e-01 2.572817e+00
-4.706310e-01 -5.635700e-02 2.493778e+00
5.107500e-02 5.204000e-03 2.498227e+00
-5.027900e-01 -2.335860e-01 2.273180e+00
-2.068000e-03 -1.936370e-01 2.301387e+00
-5.062290e-01 -2.860930e-01 2.229003e+00
2.561700e-02 -2.375720e-01 2.256401e+00
-3.612610e-01 -6.178230e-01 2.395447e+00
-1.180190e-01 -6.321090e-01 2.402657e+00
-3.878070e-01 -9.910370e-01 2.525150e+00
-1.657380e-01 -9.897930e-01 2.565753e+00
-4.102110e-01 -1.044021e+00 2.368105e+00
-1.616440e-01 -1.059613e+00 2.413829e+00
-2.548070e-01 4.103570e-01 2.183286e+00
-4.074360e-01 1.818680e-01 2.441196e+00
-5.184500e-02 2.031700e-01 2.389222e+00
-2.456670e-01 2.179170e-01 2.315974e+00
-2.065680e-01 8.435300e-02 2.528732e+00
-4.197030e-01 -1.393940e-01 2.493165e+00
5.136000e-03 -1.513810e-01 2.440291e+00
-1.922430e-01 -1.405580e-01 2.586485e+00
-4.591750e-01 -6.547400e-02 2.522992e+00
7.609400e-02 -2.756000e-03 2.497721e+00
-5.075000e-01 -2.713570e-01 2.337610e+00
-3.930500e-02 -1.397430e-01 2.280910e+00
-5.091820e-01 -2.933920e-01 2.272556e+00
-4.112200e-02 -1.799840e-01 2.225253e+00
-3.669620e-01 -6.220000e-01 2.355047e+00
-1.139080e-01 -6.459230e-01 2.382169e+00
-3.812890e-01 -9.832760e-01 2.516573e+00
-1.716320e-01 -9.952010e-01 2.559619e+00
-4.144220e-01 -1.049091e+00 2.366429e+00
-1.665490e-01 -1.071588e+00 2.410919e+00
-2.439160e-01 3.589880e-01 2.160866e+00
-4.051170e-01 1.703710e-01 2.443905e+00
-4.944600e-02 1.866830e-01 2.390685e+00
-2.432990e-01 2.045340e-01 2.318217e+00
-2.053730e-01 6.960600e-02 2.530325e+00
-4.224960e-01 -1.570510e-01 2.498998e+00
7.190000e-04 -1.636590e-01 2.433629e+00
-1.923790e-01 -1.541840e-01 2.585522e+00
-4.582340e-01 -7.072200e-02 2.532689e+00
8.386600e-02 -1.255700e-02 2.497275e+00
-5.022640e-01 -3.204400e-01 2.419251e+00
-4.438900e-02 -8.569200e-02 2.261972e+00
-5.149540e-01 -3.814510e-01 2.390319e+00
-9.072200e-02 -6.936500e-02 2.213940e+00
-3.696570e-01 -6.242540e-01 2.323459e+00
-1.177090e-01 -6.557950e-01 2.361911e+00
-3.702640e-01 -9.663210e-01 2.522973e+00
-1.694370e-01 -9.977730e-01 2.554760e+00
-4.051070e-01 -1.048690e+00 2.381644e+00
-1.659060e-01 -1.080313e+00 2.409339e+00
-2.413180e-01 3.645640e-01 2.173854e+00
-4.049190e-01 1.808300e-01 2.432703e+00
-4.632500e-02 1.942930e-01 2.403905e+00
-2.347030e-01 2.190110e-01 2.319928e+00
-2.126120e-01 7.249400e-02 2.526515e+00
-4.286400e-01 -1.581400e-01 2.452477e+00
-5.870000e-04 -1.597750e-01 2.438509e+00
-2.106520e-01 -1.510070e-01 2.565961e+00
-4.520180e-01 -3.447800e-02 2.570266e+00
5.324000e-02 -4.421500e-02 2.430364e+00
-4.653370e-01 -3.057120e-01 2.526346e+00
-1.055990e-01 -2.127700e-02 2.206941e+00
-5.091240e-01 -3.394810e-01 2.485568e+00
-1.267980e-01 2.805000e-02 2.164071e+00
-3.759870e-01 -6.297090e-01 2.307929e+00
-1.149360e-01 -6.540030e-01 2.356756e+00
-3.655080e-01 -9.450680e-01 2.547209e+00
-1.704410e-01 -9.935680e-01 2.552792e+00
-3.998570e-01 -1.044731e+00 2.417363e+00
-1.567790e-01 -1.078579e+00 2.409408e+00
-2.344630e-01 4.087320e-01 2.205223e+00
-4.222580e-01 2.465570e-01 2.414270e+00
-6.245700e-02 2.553850e-01 2.406208e+00
-2.454490e-01 2.888650e-01 2.313783e+00
-2.371010e-01 1.289390e-01 2.511236e+00
-4.454810e-01 -1.170160e-01 2.432018e+00
-1.739300e-02 -1.041600e-01 2.430207e+00
-2.312510e-01 -9.981800e-02 2.551426e+00
-4.621060e-01 4.831400e-02 2.574776e+00
7.670000e-03 1.021900e-02 2.365880e+00
-4.727260e-01 -2.206910e-01 2.527389e+00
-1.467750e-01 9.445200e-02 2.156658e+00
-4.733130e-01 -2.858740e-01 2.549097e+00
-1.709560e-01 1.317350e-01 2.104259e+00
-3.817460e-01 -5.987500e-01 2.332187e+00
-1.232350e-01 -6.120100e-01 2.416101e+00
-3.566490e-01 -9.119280e-01 2.573238e+00
-1.587620e-01 -9.809160e-01 2.555608e+00
-3.906300e-01 -1.013514e+00 2.444794e+00
-1.494370e-01 -1.040768e+00 2.399713e+00
-2.451030e-01 5.184540e-01 2.245915e+00
-4.416470e-01 2.784710e-01 2.405136e+00
-8.184100e-02 2.898280e-01 2.401803e+00
-2.637870e-01 3.203740e-01 2.306346e+00
-2.569930e-01 1.638950e-01 2.506600e+00
-4.565370e-01 -8.132700e-02 2.422415e+00
-2.894400e-02 -6.772800e-02 2.442574e+00
-2.487490e-01 -6.372900e-02 2.552655e+00
-4.849840e-01 8.465400e-02 2.569568e+00
-1.527000e-02 4.726700e-02 2.345117e+00
-4.901040e-01 -1.792440e-01 2.499828e+00
-1.703730e-01 9.385100e-02 2.125332e+00
-4.983530e-01 -2.428500e-01 2.524457e+00
-2.006590e-01 1.306120e-01 2.075817e+00
-3.736310e-01 -5.789470e-01 2.404941e+00
-1.384000e-01 -5.762300e-01 2.430057e+00
-3.698980e-01 -9.420520e-01 2.562917e+00
-1.581990e-01 -9.572490e-01 2.536114e+00
-3.806650e-01 -1.008731e+00 2.409911e+00
-1.467760e-01 -1.002544e+00 2.375520e+00
-2.599480e-01 5.642880e-01 2.269247e+00
-4.634570e-01 2.731250e-01 2.419406e+00
-1.040810e-01 2.879040e-01 2.404222e+00
-2.893920e-01 3.181710e-01 2.315379e+00
-2.744930e-01 1.587770e-01 2.512876e+00
-4.721510e-01 -7.216800e-02 2.448036e+00
-4.447800e-02 -5.638000e-02 2.431495e+00
-2.540270e-01 -5.435600e-02 2.560076e+00
-5.148660e-01 5.713300e-02 2.551685e+00
-4.332000e-02 4.232400e-02 2.351384e+00
-4.977920e-01 -1.971230e-01 2.451961e+00
-1.669740e-01 -2.939000e-03 2.111502e+00
-5.398320e-01 -2.397380e-01 2.418243e+00
-2.056840e-01 2.704400e-02 2.063305e+00
-3.750820e-01 -5.704870e-01 2.420315e+00
-1.469910e-01 -5.638600e-01 2.405180e+00
-3.798830e-01 -9.368370e-01 2.570581e+00
-1.646880e-01 -9.280370e-01 2.559704e+00
-3.940830e-01 -9.999180e-01 2.416336e+00
-1.606730e-01 -9.935120e-01 2.405855e+00
-2.813940e-01 5.546870e-01 2.285116e+00
-4.992140e-01 1.928450e-01 2.483159e+00
-1.476750e-01 2.051960e-01 2.406555e+00
-3.448560e-01 2.437570e-01 2.353810e+00
-2.995250e-01 7.005900e-02 2.533831e+00
-5.011210e-01 -1.378460e-01 2.493150e+00
-8.090700e-02 -1.137340e-01 2.413991e+00
-2.694080e-01 -1.140590e-01 2.571837e+00
-5.577380e-01 -6.012000e-02 2.508395e+00
-3.144400e-02 -2.725000e-02 2.429192e+00
-4.814860e-01 -1.548480e-01 2.260389e+00
-1.369270e-01 -1.845050e-01 2.228096e+00
-4.959440e-01 -2.099390e-01 2.221966e+00
-1.482560e-01 -1.894590e-01 2.160513e+00
-3.987160e-01 -6.274520e-01 2.400404e+00
-1.492630e-01 -6.119360e-01 2.350721e+00
-3.752750e-01 -9.802340e-01 2.578763e+00
-1.800520e-01 -9.159570e-01 2.602592e+00
-4.061970e-01 -1.056026e+00 2.432914e+00
-1.598290e-01 -1.023084e+00 2.475756e+00
-3.311890e-01 4.688880e-01 2.301000e+00
-5.017640e-01 1.587060e-01 2.482326e+00
-1.484480e-01 1.736330e-01 2.414911e+00
-3.446980e-01 2.051740e-01 2.354575e+00
-3.014100e-01 4.302700e-02 2.545541e+00
-4.971960e-01 -1.769930e-01 2.512757e+00
-8.109700e-02 -1.712370e-01 2.411486e+00
-2.606800e-01 -1.687440e-01 2.579391e+00
-5.421690e-01 -9.619100e-02 2.464494e+00
-1.965600e-02 -3.241200e-02 2.503689e+00
-4.888720e-01 -6.564500e-02 2.197559e+00
-9.930200e-02 -1.899180e-01 2.294223e+00
-4.744000e-01 -5.399000e-02 2.131414e+00
-1.078980e-01 -2.215880e-01 2.233861e+00
-4.222540e-01 -6.616490e-01 2.373488e+00
-1.672620e-01 -6.567690e-01 2.317592e+00
-3.817330e-01 -9.864080e-01 2.596435e+00
-1.826950e-01 -9.125690e-01 2.619492e+00
-4.198390e-01 -1.081781e+00 2.464433e+00
-1.685490e-01 -1.040072e+00 2.512182e+00
-3.346760e-01 4.424400e-01 2.310405e+00
-5.064180e-01 1.636420e-01 2.484664e+00
-1.534400e-01 1.916080e-01 2.419666e+00
-3.503070e-01 2.176280e-01 2.358710e+00
-3.026360e-01 5.363100e-02 2.547034e+00
-5.049860e-01 -1.827910e-01 2.480494e+00
-8.065100e-02 -1.562530e-01 2.428890e+00
-2.785570e-01 -1.645140e-01 2.574538e+00
-4.964460e-01 -7.300300e-02 2.386895e+00
-4.182400e-02 1.565000e-03 2.550374e+00
-4.638260e-01 3.050000e-02 2.138231e+00
-7.972400e-02 -1.443500e-01 2.324801e+00
-4.505900e-01 8.572300e-02 2.099557e+00
-9.398300e-02 -1.786470e-01 2.267002e+00
-4.261640e-01 -6.704130e-01 2.394282e+00
-1.701920e-01 -6.464760e-01 2.315566e+00
-3.723000e-01 -9.958770e-01 2.613343e+00
-1.831230e-01 -8.900760e-01 2.627508e+00
-4.131420e-01 -1.091035e+00 2.482006e+00
-1.711870e-01 -1.021798e+00 2.525139e+00
-3.315630e-01 4.602100e-01 2.316581e+00
-5.007330e-01 2.167560e-01 2.488800e+00
-1.521990e-01 2.757690e-01 2.420666e+00
-3.518020e-01 2.933360e-01 2.365899e+00
-2.883870e-01 1.161430e-01 2.536822e+00
-4.987400e-01 -1.376070e-01 2.490115e+00
-8.140600e-02 -9.088400e-02 2.405992e+00
-2.669160e-01 -1.079340e-01 2.566439e+00
-4.735830e-01 5.650000e-04 2.356397e+00
-3.147200e-02 1.024960e-01 2.563522e+00
-4.347470e-01 1.372780e-01 2.126876e+00
-7.276100e-02 -2.205400e-02 2.327595e+00
-4.157060e-01 1.888990e-01 2.085729e+00
-8.987600e-02 -5.010200e-02 2.267256e+00
-3.792160e-01 -6.285800e-01 2.470764e+00
-1.545490e-01 -6.022920e-01 2.367558e+00
-3.812700e-01 -1.006576e+00 2.588793e+00
-1.711220e-01 -9.130050e-01 2.612504e+00
-4.128160e-01 -1.055375e+00 2.431962e+00
-1.628720e-01 -1.016693e+00 2.481533e+00
-3.048650e-01 5.296620e-01 2.323331e+00
-4.881070e-01 2.505220e-01 2.484694e+00
-1.381290e-01 3.030980e-01 2.418730e+00
-3.369620e-01 3.229370e-01 2.361973e+00
-2.777750e-01 1.473580e-01 2.536049e+00
-4.868820e-01 -1.025530e-01 2.481478e+00
-6.668000e-02 -5.875600e-02 2.411194e+00
-2.576160e-01 -7.348900e-02 2.565385e+00
-4.630160e-01 2.879600e-02 2.357951e+00
-1.209000e-02 1.395750e-01 2.571145e+00
-4.296570e-01 1.260030e-01 2.106416e+00
-6.070600e-02 4.011700e-02 2.323000e+00
-3.969910e-01 1.801370e-01 2.079531e+00
-1.120220e-01 3.033300e-02 2.278375e+00
-3.669910e-01 -5.942760e-01 2.451356e+00
-1.476800e-01 -5.745840e-01 2.416444e+00
-3.849490e-01 -9.709480e-01 2.572235e+00
-1.566560e-01 -9.285620e-01 2.593742e+00
-4.094030e-01 -1.020446e+00 2.414360e+00
-1.647080e-01 -1.003213e+00 2.444293e+00
-2.795100e-01 5.554780e-01 2.312710e+00
-4.504770e-01 2.495500e-01 2.459908e+00
-9.280200e-02 2.842760e-01 2.438406e+00
-2.815750e-01 3.116750e-01 2.356167e+00
-2.536900e-01 1.382740e-01 2.539983e+00
-4.670380e-01 -9.051700e-02 2.453555e+00
-3.982500e-02 -6.094100e-02 2.447048e+00
-2.520300e-01 -6.944400e-02 2.570925e+00
-5.229470e-01 8.019000e-03 2.415014e+00
3.507200e-02 7.814400e-02 2.520638e+00
-4.159740e-01 4.855500e-02 2.169121e+00
-8.762800e-02 6.980800e-02 2.278926e+00
-3.906730e-01 7.813800e-02 2.112507e+00
-1.093810e-01 6.992300e-02 2.213755e+00
-3.598120e-01 -5.840010e-01 2.411284e+00
-1.367750e-01 -5.731420e-01 2.426277e+00
-3.829030e-01 -9.407820e-01 2.581548e+00
-1.629010e-01 -9.250440e-01 2.605994e+00
-3.895310e-01 -1.012409e+00 2.430558e+00
-1.537780e-01 -1.001537e+00 2.457541e+00
-2.536500e-01 5.445460e-01 2.323174e+00
-4.159260e-01 1.979360e-01 2.440034e+00
-6.274000e-02 2.179130e-01 2.506822e+00
-2.259520e-01 2.625510e-01 2.386328e+00
-2.461690e-01 6.982000e-02 2.550888e+00
-4.369270e-01 -1.254730e-01 2.424338e+00
-1.782400e-02 -1.215740e-01 2.512455e+00
-2.522370e-01 -1.225700e-01 2.586601e+00
-4.953830e-01 -3.282100e-02 2.510204e+00
2.826000e-02 -1.512100e-02 2.463232e+00
-4.290360e-01 -1.109630e-01 2.261633e+00
-1.086050e-01 4.447000e-02 2.239597e+00
-4.243460e-01 -1.729550e-01 2.232387e+00
-1.054350e-01 1.041770e-01 2.205751e+00
-3.498410e-01 -6.161740e-01 2.351499e+00
-1.167350e-01 -6.178000e-01 2.398723e+00
-3.574280e-01 -9.227620e-01 2.602022e+00
-1.756820e-01 -9.519330e-01 2.602920e+00
-3.645420e-01 -1.028389e+00 2.472543e+00
-1.429360e-01 -1.041626e+00 2.465605e+00
-2.205300e-01 4.608130e-01 2.311444e+00
-3.874460e-01 1.829120e-01 2.428418e+00
-4.166800e-02 2.017620e-01 2.526818e+00
-1.924220e-01 2.432840e-01 2.390075e+00
-2.304870e-01 5.752600e-02 2.559423e+00
-4.101950e-01 -1.509390e-01 2.413122e+00
-1.671000e-03 -1.529510e-01 2.541699e+00
-2.421540e-01 -1.475630e-01 2.592564e+00
-4.841260e-01 -1.482800e-02 2.551854e+00
2.915000e-02 -1.264300e-02 2.414124e+00
-4.230150e-01 -1.624370e-01 2.337672e+00
-1.039950e-01 6.097200e-02 2.194465e+00
-4.553300e-01 -2.149530e-01 2.307370e+00
-1.002870e-01 1.208100e-01 2.160907e+00
-3.492650e-01 -6.328070e-01 2.326868e+00
-1.054110e-01 -6.408200e-01 2.392512e+00
-3.568240e-01 -9.109910e-01 2.608600e+00
-1.728100e-01 -9.635460e-01 2.611876e+00
-3.763650e-01 -1.028924e+00 2.491627e+00
-1.415330e-01 -1.060326e+00 2.479105e+00
-2.156870e-01 4.436830e-01 2.302283e+00
-3.823520e-01 2.093140e-01 2.419326e+00
-3.687800e-02 2.025940e-01 2.520332e+00
-1.830020e-01 2.542240e-01 2.382016e+00
-2.364200e-01 7.354100e-02 2.552702e+00
-4.125450e-01 -1.444300e-01 2.405021e+00
-5.535000e-03 -1.579210e-01 2.537643e+00
-2.462970e-01 -1.465170e-01 2.586144e+00
-4.857800e-01 3.945900e-02 2.577776e+00
1.830300e-02 -7.450000e-04 2.377984e+00
-4.414980e-01 -1.262880e-01 2.370287e+00
-1.063030e-01 6.557500e-02 2.148725e+00
-4.238670e-01 -1.654390e-01 2.316652e+00
-1.094180e-01 1.262720e-01 2.116684e+00
-3.530020e-01 -6.316470e-01 2.324924e+00
-1.134700e-01 -6.514290e-01 2.422550e+00
-3.520080e-01 -9.037990e-01 2.612584e+00
-1.756560e-01 -9.792050e-01 2.635885e+00
-3.720720e-01 -1.024449e+00 2.498507e+00
-1.391530e-01 -1.073047e+00 2.502342e+00
-2.172060e-01 4.688600e-01 2.304235e+00
-4.087370e-01 2.819050e-01 2.418608e+00
-5.116800e-02 2.725920e-01 2.459324e+00
-2.180970e-01 3.169770e-01 2.343937e+00
-2.443100e-01 1.533140e-01 2.536709e+00
-4.395840e-01 -8.043400e-02 2.425615e+00
-1.508800e-02 -8.992400e-02 2.481661e+00
-2.429410e-01 -7.730400e-02 2.573162e+00
-4.971980e-01 1.167390e-01 2.592129e+00
3.050000e-04 3.822300e-02 2.371937e+00
-4.606150e-01 1.421200e-02 2.344616e+00
-9.437200e-02 -2.529700e-02 2.126755e+00
-4.502720e-01 -2.457900e-02 2.288861e+00
-1.167740e-01 1.490100e-02 2.075739e+00
-3.567450e-01 -5.825420e-01 2.388580e+00
-1.300640e-01 -5.921840e-01 2.475379e+00
-3.474030e-01 -9.356980e-01 2.567492e+00
-1.725080e-01 -9.539490e-01 2.630750e+00
-3.518130e-01 -1.011349e+00 2.418395e+00
-1.460840e-01 -1.021729e+00 2.480151e+00
-2.438070e-01 5.665550e-01 2.315398e+00
-4.277560e-01 2.915810e-01 2.429565e+00
-6.803800e-02 2.897980e-01 2.443708e+00
-2.439380e-01 3.303930e-01 2.340942e+00
-2.523920e-01 1.667530e-01 2.535324e+00
-4.482760e-01 -5.536500e-02 2.436668e+00
-2.063000e-02 -6.887400e-02 2.455731e+00
-2.395690e-01 -5.412800e-02 2.566622e+00
-5.014590e-01 7.222400e-02 2.536500e+00
-1.174900e-02 4.513500e-02 2.399477e+00
-4.662840e-01 3.143000e-02 2.272012e+00
-8.695800e-02 -3.024800e-02 2.151453e+00
-4.109780e-01 5.136500e-02 2.236456e+00
-9.223700e-02 -9.162500e-02 2.121033e+00
-3.536680e-01 -5.622290e-01 2.413441e+00
-1.434760e-01 -5.700340e-01 2.447436e+00
-3.446550e-01 -9.314440e-01 2.556323e+00
-1.734060e-01 -9.206470e-01 2.629069e+00
-3.486140e-01 -9.918730e-01 2.400421e+00
-1.618360e-01 -9.981730e-01 2.481325e+00
-2.579300e-01 5.776130e-01 2.322274e+00
-4.500850e-01 2.585730e-01 2.478430e+00
-9.367500e-02 2.603450e-01 2.427745e+00
-2.849580e-01 3.088100e-01 2.362850e+00
-2.591910e-01 1.260130e-01 2.537649e+00
-4.564280e-01 -7.558600e-02 2.483433e+00
-3.256300e-02 -8.204500e-02 2.422404e+00
-2.272450e-01 -7.615600e-02 2.572446e+00
-4.647630e-01 1.875700e-02 2.399177e+00
2.818600e-02 4.264000e-02 2.469727e+00
-3.998550e-01 1.163440e-01 2.158296e+00
-6.382000e-02 -1.421700e-01 2.299022e+00
-3.859710e-01 1.446190e-01 2.097238e+00
-5.079600e-02 -1.602460e-01 2.234030e+00
-3.591700e-01 -5.784580e-01 2.412657e+00
-1.406320e-01 -5.825710e-01 2.394552e+00
-3.431340e-01 -9.434890e-01 2.565337e+00
-1.879740e-01 -8.880220e-01 2.642088e+00
-3.692150e-01 -1.008211e+00 2.413338e+00
-1.788920e-01 -9.940160e-01 2.513033e+00
-2.770460e-01 5.326950e-01 2.318066e+00
-4.791610e-01 2.013310e-01 2.472421e+00
-1.210260e-01 1.951960e-01 2.436343e+00
-3.090030e-01 2.382590e-01 2.359143e+00
-2.923370e-01 7.403800e-02 2.552502e+00
-4.745490e-01 -1.288790e-01 2.498739e+00
-5.047900e-02 -1.394170e-01 2.439738e+00
-2.458530e-01 -1.335020e-01 2.588877e+00
-4.619910e-01 -3.424900e-02 2.378230e+00
-1.039800e-02 -1.183400e-02 2.534141e+00
-4.556610e-01 8.437600e-02 2.136602e+00
-4.113000e-02 -1.770500e-01 2.323771e+00
-4.513640e-01 1.451780e-01 2.104900e+00
-1.395100e-02 -2.382950e-01 2.308580e+00
-3.857210e-01 -6.237130e-01 2.382268e+00
-1.528870e-01 -6.215220e-01 2.332167e+00
-3.342790e-01 -9.720980e-01 2.563369e+00
-1.819470e-01 -8.734130e-01 2.636341e+00
-3.664750e-01 -1.051514e+00 2.419741e+00
-1.690150e-01 -1.002447e+00 2.530721e+00
-3.045240e-01 4.607240e-01 2.310174e+00
-4.787210e-01 1.730030e-01 2.468871e+00
-1.199890e-01 1.852590e-01 2.441285e+00
-3.080470e-01 2.192510e-01 2.359872e+00
-2.876020e-01 5.481300e-02 2.552682e+00
-4.744740e-01 -1.605420e-01 2.475425e+00
-4.739900e-02 -1.588940e-01 2.443312e+00
-2.518870e-01 -1.578040e-01 2.579809e+00
-4.470510e-01 -5.123000e-02 2.356531e+00
-6.670000e-04 1.669000e-03 2.567620e+00
-4.547660e-01 5.289600e-02 2.110073e+00
-4.646100e-02 -1.436790e-01 2.347575e+00
-4.501250e-01 1.189630e-01 2.091796e+00
-1.158900e-02 -1.868070e-01 2.307024e+00
-3.853480e-01 -6.544750e-01 2.379320e+00
-1.654770e-01 -6.425560e-01 2.321055e+00
-3.265100e-01 -9.865150e-01 2.586933e+00
-1.735510e-01 -8.810850e-01 2.637053e+00
-3.582110e-01 -1.077579e+00 2.450276e+00
-1.712350e-01 -1.014590e+00 2.536337e+00
-3.004380e-01 4.497070e-01 2.316876e+00
-4.637680e-01 1.815220e-01 2.473487e+00
-1.079190e-01 2.199980e-01 2.434875e+00
-3.005940e-01 2.435820e-01 2.360917e+00
-2.621350e-01 7.413300e-02 2.546501e+00
-4.662230e-01 -1.609130e-01 2.471009e+00
-4.046500e-02 -1.473820e-01 2.426577e+00
-2.408840e-01 -1.517370e-01 2.568919e+00
-4.265250e-01 -3.106000e-02 2.344800e+00
1.095200e-02 5.135200e-02 2.578285e+00
-4.362310e-01 6.231600e-02 2.095859e+00
-3.108500e-02 -7.913800e-02 2.350272e+00
-4.252760e-01 1.200990e-01 2.060341e+00
-2.955500e-02 -9.098000e-02 2.282612e+00
-3.736500e-01 -6.565860e-01 2.399134e+00
-1.578010e-01 -6.426640e-01 2.334664e+00
-3.251950e-01 -9.872940e-01 2.611502e+00
-1.555030e-01 -9.030330e-01 2.633024e+00
-3.569980e-01 -1.079291e+00 2.475496e+00
-1.568950e-01 -1.029048e+00 2.523065e+00
-2.714580e-01 4.801700e-01 2.311303e+00
-4.294890e-01 2.487530e-01 2.451767e+00
-7.183100e-02 2.818010e-01 2.427499e+00
-2.607470e-01 3.042970e-01 2.344108e+00
-2.326250e-01 1.423960e-01 2.538095e+00
-4.462640e-01 -1.036370e-01 2.476051e+00
-2.120700e-02 -8.523300e-02 2.426904e+00
-2.197980e-01 -9.595800e-02 2.571456e+00
-4.606340e-01 8.882000e-03 2.379514e+00
5.558700e-02 1.103180e-01 2.561986e+00
-4.000350e-01 4.658100e-02 2.121923e+00
-3.066000e-02 1.749000e-02 2.326633e+00
-3.856760e-01 2.862100e-02 2.057180e+00
-4.471900e-02 3.390100e-02 2.261415e+00
-3.316920e-01 -6.031320e-01 2.446874e+00
-1.219610e-01 -5.935320e-01 2.399848e+00
-3.315140e-01 -9.750210e-01 2.582941e+00
-1.357260e-01 -9.430580e-01 2.585476e+00
-3.503850e-01 -1.032130e+00 2.426879e+00
-1.379990e-01 -1.021428e+00 2.437742e+00
-2.488260e-01 5.541760e-01 2.314676e+00
-3.978620e-01 2.598470e-01 2.427823e+00
-3.956500e-02 2.901420e-01 2.445306e+00
-2.169420e-01 3.102890e-01 2.339094e+00
-2.137520e-01 1.559810e-01 2.541114e+00
-4.281460e-01 -8.135400e-02 2.438443e+00
-1.035000e-03 -6.916700e-02 2.467699e+00
-2.228180e-01 -7.620200e-02 2.573582e+00
-4.684860e-01 1.918800e-02 2.437467e+00
8.427200e-02 8.595000e-02 2.522552e+00
-3.879980e-01 -5.122200e-02 2.194176e+00
-4.501300e-02 5.795100e-02 2.292056e+00
-3.707140e-01 -7.940200e-02 2.133946e+00
-7.899200e-02 7.513800e-02 2.234869e+00
-3.302830e-01 -5.813110e-01 2.419492e+00
-1.115210e-01 -5.759160e-01 2.418272e+00
-3.178470e-01 -9.444720e-01 2.576892e+00
-1.114520e-01 -9.411150e-01 2.571393e+00
-3.217520e-01 -1.011077e+00 2.423526e+00
-1.012620e-01 -1.005663e+00 2.417438e+00
-2.314180e-01 5.620660e-01 2.318682e+00
-3.647270e-01 2.142640e-01 2.435862e+00
-1.033100e-02 2.320690e-01 2.496578e+00
-1.751070e-01 2.763770e-01 2.378108e+00
-1.942920e-01 8.629000e-02 2.545835e+00
-3.976760e-01 -1.171960e-01 2.435775e+00
2.591900e-02 -1.236570e-01 2.498645e+00
-2.036550e-01 -1.237630e-01 2.586643e+00
-4.587400e-01 -8.519000e-03 2.503252e+00
6.943700e-02 -1.468000e-03 2.450647e+00
-3.709220e-01 -1.591400e-01 2.302641e+00
-8.486700e-02 3.364000e-03 2.234290e+00
-3.924710e-01 -2.147920e-01 2.268597e+00
-1.012200e-01 5.792400e-02 2.195868e+00
-3.118410e-01 -6.170540e-01 2.381763e+00
-8.356200e-02 -6.191510e-01 2.397713e+00
-2.955180e-01 -9.609350e-01 2.577455e+00
-1.185240e-01 -9.640560e-01 2.589113e+00
-3.025410e-01 -1.043834e+00 2.432366e+00
-9.513000e-02 -1.046219e+00 2.445327e+00
-1.841370e-01 4.836570e-01 2.310678e+00
-3.622750e-01 1.909900e-01 2.440039e+00
-6.705000e-03 2.045050e-01 2.494693e+00
-1.724610e-01 2.469950e-01 2.376926e+00
-1.925470e-01 6.445900e-02 2.552740e+00
-3.749580e-01 -1.335880e-01 2.440149e+00
4.843400e-02 -1.393940e-01 2.504435e+00
-1.814210e-01 -1.386370e-01 2.591695e+00
-4.394940e-01 -2.232800e-02 2.552282e+00
6.326400e-02 -2.887900e-02 2.426121e+00
-3.939030e-01 -2.277210e-01 2.386270e+00
-7.316600e-02 -4.067200e-02 2.195746e+00
-3.925830e-01 -2.761040e-01 2.337508e+00
-1.020450e-01 8.005000e-03 2.156799e+00
-3.021220e-01 -6.294590e-01 2.374392e+00
-7.629400e-02 -6.338920e-01 2.397281e+00
-2.964910e-01 -9.448150e-01 2.613838e+00
-1.304820e-01 -9.781030e-01 2.585425e+00
-3.123920e-01 -1.045677e+00 2.481375e+00
-1.100340e-01 -1.060185e+00 2.441144e+00
-1.758300e-01 4.631090e-01 2.310748e+00
-3.641750e-01 1.944110e-01 2.446142e+00
-5.362000e-03 2.084350e-01 2.471765e+00
-1.797430e-01 2.447230e-01 2.364883e+00
-1.865040e-01 7.390000e-02 2.553051e+00
-3.774560e-01 -1.465250e-01 2.438183e+00
4.724600e-02 -1.455900e-01 2.493448e+00
-1.806940e-01 -1.446480e-01 2.585592e+00
-4.253150e-01 -2.350700e-02 2.562665e+00
5.704000e-02 -3.267200e-02 2.419067e+00
-4.127590e-01 -2.573980e-01 2.429290e+00
-6.495300e-02 -8.555200e-02 2.184603e+00
-3.884630e-01 -2.864060e-01 2.371943e+00
-9.273100e-02 -6.331000e-02 2.125831e+00
-3.049040e-01 -6.426020e-01 2.385200e+00
-8.407300e-02 -6.455440e-01 2.410816e+00
-3.089480e-01 -9.469890e-01 2.638474e+00
-1.277280e-01 -9.904240e-01 2.600469e+00
-3.249820e-01 -1.053346e+00 2.510397e+00
-1.139610e-01 -1.072076e+00 2.455156e+00
-1.824920e-01 4.837680e-01 2.321684e+00
-3.684140e-01 2.247480e-01 2.470478e+00
-9.268000e-03 2.379130e-01 2.449477e+00
-1.959380e-01 2.765760e-01 2.366961e+00
-1.787810e-01 1.018770e-01 2.550863e+00
-3.882080e-01 -1.166610e-01 2.462450e+00
3.970400e-02 -1.270020e-01 2.447905e+00
-1.699700e-01 -1.140870e-01 2.575648e+00
-4.242210e-01 -6.808000e-03 2.567220e+00
6.034800e-02 -5.427000e-03 2.404407e+00
-4.218590e-01 -2.405330e-01 2.427710e+00
-3.121500e-02 -1.680650e-01 2.206263e+00
-4.299660e-01 -3.071090e-01 2.442619e+00
-6.298100e-02 -1.893080e-01 2.149166e+00
-3.291010e-01 -6.177080e-01 2.419698e+00
-9.342700e-02 -6.290800e-01 2.458946e+00
-3.329230e-01 -9.508950e-01 2.633678e+00
-1.313660e-01 -9.910330e-01 2.615044e+00
-3.606260e-01 -1.039800e+00 2.494750e+00
-1.324680e-01 -1.057167e+00 2.461429e+00
-1.974280e-01 5.233690e-01 2.346051e+00
-3.738150e-01 2.339130e-01 2.481740e+00
-1.591000e-02 2.443750e-01 2.444393e+00
-2.058290e-01 2.853980e-01 2.370927e+00
-1.817570e-01 1.086870e-01 2.552110e+00
-3.949620e-01 -1.073440e-01 2.471300e+00
3.204200e-02 -1.134620e-01 2.438778e+00
-1.721820e-01 -1.011940e-01 2.575125e+00
-4.243150e-01 -6.159000e-03 2.566181e+00
4.785600e-02 -1.155000e-03 2.389953e+00
-4.522090e-01 -2.648180e-01 2.477949e+00
-4.130000e-03 -2.349300e-01 2.255364e+00
-4.283830e-01 -3.051640e-01 2.427700e+00
-2.403000e-02 -2.696720e-01 2.199531e+00
-3.365720e-01 -6.085090e-01 2.444231e+00
-1.007430e-01 -6.161750e-01 2.473825e+00
-3.737190e-01 -9.740700e-01 2.591885e+00
-1.299020e-01 -9.848450e-01 2.615417e+00
-3.974750e-01 -1.033991e+00 2.437555e+00
-1.404510e-01 -1.043962e+00 2.459319e+00
-2.047770e-01 5.311690e-01 2.347944e+00
-3.824760e-01 2.308250e-01 2.487496e+00
-2.498400e-02 2.428570e-01 2.446812e+00
-2.157190e-01 2.846520e-01 2.375942e+00
-1.894290e-01 1.048980e-01 2.553793e+00
-4.032640e-01 -1.120700e-01 2.470861e+00
2.404700e-02 -1.094080e-01 2.442116e+00
-1.816060e-01 -9.951700e-02 2.576494e+00
-4.288410e-01 -1.210300e-02 2.576747e+00
5.525900e-02 -5.650000e-03 2.416238e+00
-4.590530e-01 -2.745260e-01 2.488868e+00
2.396800e-02 -2.612370e-01 2.310420e+00
-4.778390e-01 -3.406130e-01 2.488959e+00
1.458500e-02 -3.141520e-01 2.267613e+00
-3.441270e-01 -6.110300e-01 2.465566e+00
-1.040990e-01 -6.147180e-01 2.475002e+00
-3.776320e-01 -9.769540e-01 2.613188e+00
-1.302520e-01 -9.834420e-01 2.617038e+00
-4.008500e-01 -1.037088e+00 2.458859e+00
-1.400260e-01 -1.042856e+00 2.461003e+00
-2.130900e-01 5.263060e-01 2.352609e+00
-4.035860e-01 2.285790e-01 2.489481e+00
-4.612000e-02 2.390130e-01 2.448134e+00
-2.367760e-01 2.823650e-01 2.377987e+00
-2.110790e-01 1.011220e-01 2.554408e+00
-4.320790e-01 -1.167470e-01 2.476181e+00
-5.068000e-03 -1.055460e-01 2.445138e+00
-2.101200e-01 -1.007020e-01 2.580705e+00
-4.644030e-01 -2.069900e-02 2.563886e+00
3.398400e-02 -1.585500e-02 2.448528e+00
-4.899030e-01 -2.938690e-01 2.494991e+00
4.454900e-02 -2.950220e-01 2.404116e+00
-4.781110e-01 -3.393130e-01 2.444830e+00
4.553100e-02 -3.605330e-01 2.383435e+00
-3.574880e-01 -6.149920e-01 2.488192e+00
-1.179240e-01 -6.136700e-01 2.466129e+00
-3.717730e-01 -9.860790e-01 2.625692e+00
-1.321250e-01 -9.817010e-01 2.611620e+00
-3.932370e-01 -1.042982e+00 2.469891e+00
-1.385750e-01 -1.042927e+00 2.456113e+00
-2.298120e-01 5.228690e-01 2.353493e+00
-4.229900e-01 2.289050e-01 2.481915e+00
-6.477500e-02 2.412730e-01 2.448315e+00
-2.541440e-01 2.801070e-01 2.372284e+00
-2.309010e-01 1.058510e-01 2.555937e+00
-4.447890e-01 -1.143270e-01 2.465975e+00
-1.670100e-02 -1.095080e-01 2.453934e+00
-2.274610e-01 -1.028140e-01 2.580361e+00
-4.749860e-01 -2.236200e-02 2.562654e+00
2.130100e-02 -1.045300e-02 2.488098e+00
-5.184350e-01 -2.974940e-01 2.503195e+00
4.684200e-02 -2.902190e-01 2.441201e+00
-4.926170e-01 -3.598230e-01 2.490200e+00
5.102500e-02 -3.576890e-01 2.428921e+00
-3.700640e-01 -6.136350e-01 2.500412e+00
-1.275160e-01 -6.158420e-01 2.466024e+00
-3.722970e-01 -9.917630e-01 2.618010e+00
-1.312190e-01 -9.815630e-01 2.617846e+00
-3.857420e-01 -1.041199e+00 2.458800e+00
-1.313590e-01 -1.045687e+00 2.463377e+00
-2.497720e-01 5.256340e-01 2.346013e+00
