-4.647390e-01 3.030040e-01 2.646019e+00
-9.022600e-02 3.155270e-01 2.660428e+00
-2.760250e-01 1.692260e-01 2.737052e+00
-7.595000e-02 -5.263800e-02 2.645884e+00
-5.346020e-01 2.123500e-02 2.659575e+00
-4.933300e-01 -2.672140e-01 2.563962e+00
-4.875580e-01 -3.348120e-01 2.540076e+00
-3.818200e-01 -6.052020e-01 2.657638e+00
-3.650670e-01 -1.032592e+00 2.701885e+00
-3.508050e-01 -1.050142e+00 2.526966e+00
-2.730820e-01 5.902960e-01 2.576552e+00
-9.712100e-02 3.135190e-01 2.664463e+00
-2.849760e-01 1.673370e-01 2.736142e+00
-8.352100e-02 -5.715500e-02 2.647065e+00
-5.394070e-01 2.385400e-02 2.646589e+00
-4.895130e-01 -2.609950e-01 2.551558e+00
-4.747490e-01 -3.298050e-01 2.536708e+00
-3.831150e-01 -6.109010e-01 2.653648e+00
-3.855800e-01 -1.038203e+00 2.701680e+00
-3.691880e-01 -1.057912e+00 2.527178e+00
-2.804490e-01 5.928660e-01 2.577346e+00
-1.040910e-01 3.137830e-01 2.670005e+00
-2.937330e-01 1.679220e-01 2.737511e+00
-9.067900e-02 -4.760900e-02 2.641587e+00
-5.420150e-01 2.504300e-02 2.644967e+00
-5.019670e-01 -2.624920e-01 2.559501e+00
-4.812230e-01 -3.293870e-01 2.543129e+00
-3.842220e-01 -6.087240e-01 2.651533e+00
-3.873110e-01 -1.034786e+00 2.709513e+00
-3.735750e-01 -1.058594e+00 2.535293e+00
-2.805460e-01 5.877050e-01 2.569500e+00
-1.138920e-01 3.139050e-01 2.673244e+00
-3.043950e-01 1.675470e-01 2.737150e+00
-9.252100e-02 -5.288000e-02 2.652983e+00
-5.503900e-01 2.393500e-02 2.642362e+00
-4.926090e-01 -2.566530e-01 2.543375e+00
-4.846020e-01 -3.237030e-01 2.518607e+00
-3.846020e-01 -6.111170e-01 2.653460e+00
-3.914880e-01 -1.038180e+00 2.703162e+00
-3.715790e-01 -1.058755e+00 2.529126e+00
-2.814020e-01 5.868030e-01 2.573423e+00
-1.203680e-01 3.103780e-01 2.677854e+00
-3.134120e-01 1.652640e-01 2.736785e+00
-8.822200e-02 -4.986600e-02 2.654286e+00
-5.518810e-01 2.014300e-02 2.635638e+00
-4.935550e-01 -2.629820e-01 2.541733e+00
-4.754160e-01 -3.306110e-01 2.525283e+00
-3.806360e-01 -6.126290e-01 2.653897e+00
-3.789980e-01 -1.039767e+00 2.703402e+00
-3.503460e-01 -1.059694e+00 2.530514e+00
-2.898180e-01 5.867150e-01 2.566552e+00
-1.321200e-01 3.058970e-01 2.694472e+00
-3.328760e-01 1.659020e-01 2.738002e+00
-1.012050e-01 -3.683400e-02 2.670153e+00
-5.467210e-01 2.407600e-02 2.591866e+00
-4.834580e-01 -2.680740e-01 2.531088e+00
-4.539850e-01 -3.262440e-01 2.500740e+00
-3.787780e-01 -6.126060e-01 2.644358e+00
-3.825420e-01 -1.037742e+00 2.708746e+00
-3.479670e-01 -1.063940e+00 2.537789e+00
-2.907340e-01 5.855000e-01 2.564055e+00
-1.461930e-01 3.083550e-01 2.709877e+00
-3.487110e-01 1.663380e-01 2.734661e+00
-1.122310e-01 -3.479000e-02 2.687445e+00
-5.480580e-01 2.123200e-02 2.569689e+00
-4.761360e-01 -2.680960e-01 2.507860e+00
-4.423680e-01 -3.297910e-01 2.492804e+00
-3.690390e-01 -6.141280e-01 2.639433e+00
-3.895590e-01 -1.039088e+00 2.701790e+00
-3.366060e-01 -1.066013e+00 2.535720e+00
-2.908430e-01 5.804390e-01 2.557809e+00
-1.535500e-01 3.023490e-01 2.729278e+00
-3.586500e-01 1.618870e-01 2.730083e+00
-1.199900e-01 -4.013600e-02 2.701388e+00
-5.454460e-01 2.116500e-02 2.540263e+00
-4.599330e-01 -2.680650e-01 2.484009e+00
-4.257820e-01 -3.287850e-01 2.466120e+00
-3.620140e-01 -6.171750e-01 2.627651e+00
-3.735350e-01 -1.040658e+00 2.701335e+00
-3.040300e-01 -1.070279e+00 2.541962e+00
-2.912720e-01 5.794300e-01 2.565898e+00
-1.548600e-01 3.046170e-01 2.755101e+00
-3.570860e-01 1.645950e-01 2.719114e+00
-1.211310e-01 -3.533600e-02 2.728093e+00
-5.181200e-01 2.812500e-02 2.479784e+00
-4.274350e-01 -2.668270e-01 2.449907e+00
-3.911050e-01 -3.277780e-01 2.438141e+00
-3.463470e-01 -6.035600e-01 2.606012e+00
-3.753830e-01 -1.022890e+00 2.696672e+00
-2.849460e-01 -1.060845e+00 2.550082e+00
-2.620630e-01 5.802990e-01 2.558445e+00
-1.614620e-01 3.066910e-01 2.756414e+00
-3.582240e-01 1.716270e-01 2.711222e+00
-1.165680e-01 -3.944300e-02 2.743006e+00
-4.909210e-01 3.014700e-02 2.446338e+00
-4.071980e-01 -2.685730e-01 2.420625e+00
-3.697820e-01 -3.298340e-01 2.425154e+00
-3.505040e-01 -5.962430e-01 2.590605e+00
-3.713290e-01 -1.015872e+00 2.682138e+00
-2.725190e-01 -1.051672e+00 2.540494e+00
-2.617910e-01 5.881660e-01 2.542878e+00
-1.682630e-01 3.308870e-01 2.777056e+00
-3.515610e-01 1.879710e-01 2.712286e+00
-1.352340e-01 -3.778100e-02 2.782678e+00
-4.692460e-01 3.287400e-02 2.419626e+00
-3.792300e-01 -2.677600e-01 2.407294e+00
-3.514830e-01 -3.339970e-01 2.403276e+00
-3.359950e-01 -5.903470e-01 2.575068e+00
-3.838500e-01 -1.004804e+00 2.679163e+00
-2.578250e-01 -1.048352e+00 2.563710e+00
-2.819540e-01 5.966260e-01 2.558179e+00
-1.944620e-01 3.276170e-01 2.780860e+00
-3.633470e-01 1.825870e-01 2.687272e+00
-1.552730e-01 -5.641100e-02 2.820606e+00
-4.258390e-01 1.388300e-02 2.383842e+00
-3.343490e-01 -2.873490e-01 2.370691e+00
-3.133280e-01 -3.476030e-01 2.403870e+00
-3.303290e-01 -5.872330e-01 2.547708e+00
-3.694670e-01 -9.970970e-01 2.671724e+00
-2.338500e-01 -1.041421e+00 2.568036e+00
-1.701470e-01 5.761200e-01 2.581781e+00
-1.913260e-01 3.069710e-01 2.771859e+00
-3.600870e-01 1.749870e-01 2.660238e+00
-1.741580e-01 -6.447500e-02 2.806375e+00
-3.974580e-01 9.696000e-03 2.369686e+00
-3.041180e-01 -2.894930e-01 2.366534e+00
-3.082340e-01 -3.513680e-01 2.402975e+00
-3.222700e-01 -6.062100e-01 2.537256e+00
-3.553180e-01 -1.012224e+00 2.674955e+00
-2.117520e-01 -1.055418e+00 2.582050e+00
-1.547690e-01 5.743220e-01 2.590032e+00
-2.357060e-01 2.966530e-01 2.784483e+00
-3.627950e-01 1.556230e-01 2.635232e+00
-2.172280e-01 -9.857800e-02 2.817565e+00
-3.657330e-01 2.245000e-03 2.361734e+00
-2.816240e-01 -3.003410e-01 2.368785e+00
-2.972050e-01 -3.554060e-01 2.412356e+00
-3.150330e-01 -6.080790e-01 2.528020e+00
-3.513500e-01 -1.011700e+00 2.671796e+00
-1.865140e-01 -1.045389e+00 2.618859e+00
-1.603060e-01 5.542080e-01 2.588234e+00
-2.128890e-01 2.651510e-01 2.780499e+00
-3.523060e-01 1.544270e-01 2.616390e+00
-2.780730e-01 -1.117970e-01 2.800333e+00
-3.338800e-01 -1.030000e-03 2.355794e+00
-2.529160e-01 -3.018290e-01 2.365770e+00
-2.337140e-01 -3.707870e-01 2.358745e+00
-3.110250e-01 -6.271620e-01 2.511134e+00
-3.615310e-01 -1.023194e+00 2.670847e+00
-1.895500e-01 -1.054558e+00 2.647461e+00
-4.383200e-02 5.015810e-01 2.616770e+00
-1.940810e-01 2.501750e-01 2.804094e+00
-3.452400e-01 1.448270e-01 2.644837e+00
-2.800640e-01 -1.089250e-01 2.789047e+00
-3.186080e-01 -2.964000e-03 2.354242e+00
-2.550420e-01 -3.052540e-01 2.377400e+00
-2.305260e-01 -3.490490e-01 2.428920e+00
-3.107300e-01 -6.324670e-01 2.504262e+00
-3.626790e-01 -1.026595e+00 2.668165e+00
-1.946680e-01 -1.064529e+00 2.630199e+00
-1.221300e-02 4.657590e-01 2.630676e+00
-1.863170e-01 2.393520e-01 2.803076e+00
-3.357800e-01 1.359360e-01 2.642368e+00
-2.895070e-01 -1.024260e-01 2.785396e+00
-3.208720e-01 -8.818000e-03 2.357282e+00
-2.577390e-01 -3.104210e-01 2.374202e+00
-2.405430e-01 -3.789900e-01 2.387467e+00
-3.182860e-01 -6.305570e-01 2.490516e+00
-3.380850e-01 -1.019560e+00 2.672684e+00
-1.739760e-01 -1.053628e+00 2.617769e+00
1.190900e-02 4.266410e-01 2.634231e+00
-1.785980e-01 2.111140e-01 2.784872e+00
-3.232300e-01 1.187590e-01 2.610317e+00
-2.624800e-01 -1.373090e-01 2.772693e+00
-3.399080e-01 4.519000e-03 2.342601e+00
-2.795590e-01 -2.961780e-01 2.358243e+00
-2.758460e-01 -3.621700e-01 2.386609e+00
-3.390400e-01 -6.341850e-01 2.487210e+00
-3.816530e-01 -1.027404e+00 2.655921e+00
-2.119420e-01 -1.060660e+00 2.621275e+00
2.065700e-02 3.974770e-01 2.641286e+00
-1.530770e-01 2.610230e-01 2.786553e+00
-3.076390e-01 1.381820e-01 2.635499e+00
-2.333880e-01 -1.600670e-01 2.775861e+00
-3.739320e-01 9.162000e-03 2.356988e+00
-3.029700e-01 -2.886940e-01 2.359872e+00
-2.689500e-01 -3.485050e-01 2.338931e+00
-3.553040e-01 -6.292180e-01 2.483871e+00
-3.924670e-01 -1.022690e+00 2.653279e+00
-2.278140e-01 -1.060166e+00 2.602356e+00
5.096300e-02 3.903510e-01 2.637774e+00
-5.272300e-02 1.697580e-01 2.737350e+00
-2.838520e-01 1.466760e-01 2.648787e+00
-1.560760e-01 -1.547430e-01 2.728645e+00
-3.856180e-01 4.108900e-02 2.386502e+00
-3.343970e-01 -2.645520e-01 2.370648e+00
-3.227930e-01 -3.353910e-01 2.366128e+00
-3.728800e-01 -6.250760e-01 2.477261e+00
-3.828840e-01 -1.018055e+00 2.651523e+00
-2.602090e-01 -1.072022e+00 2.536864e+00
5.602400e-02 4.318170e-01 2.629411e+00
-8.120000e-03 1.526880e-01 2.733464e+00
-7.068000e-02 2.552960e-01 2.564297e+00
-2.517570e-01 1.387370e-01 2.686107e+00
-4.062820e-01 -2.138000e-02 2.473139e+00
-1.186460e-01 -1.488610e-01 2.707810e+00
-3.342520e-01 -7.249900e-02 2.685322e+00
-4.156940e-01 7.559300e-02 2.427168e+00
6.896800e-02 -1.109740e-01 2.617736e+00
-3.590630e-01 -2.272210e-01 2.390134e+00
2.868020e-01 -2.451820e-01 2.434768e+00
-3.716750e-01 -2.939410e-01 2.413856e+00
3.542210e-01 -2.546220e-01 2.411555e+00
-3.849240e-01 -6.050900e-01 2.482905e+00
-1.214760e-01 -6.348770e-01 2.681867e+00
-3.970400e-01 -9.972240e-01 2.658927e+00
-1.428330e-01 -1.060398e+00 2.739969e+00
-3.041700e-01 -1.061008e+00 2.523225e+00
-6.749000e-03 -1.082255e+00 2.629916e+00
7.289500e-02 4.480230e-01 2.611601e+00
-2.887280e-01 3.248700e-01 2.533290e+00
1.712600e-02 1.838030e-01 2.698150e+00
-8.560000e-02 2.856200e-01 2.549355e+00
-2.286180e-01 1.463930e-01 2.695553e+00
-4.241930e-01 -1.077800e-02 2.514800e+00
-8.987300e-02 -1.250490e-01 2.685761e+00
-3.114870e-01 -6.788400e-02 2.706787e+00
-4.291980e-01 8.113900e-02 2.468237e+00
4.813700e-02 -3.006400e-02 2.501760e+00
-3.707280e-01 -2.119050e-01 2.408736e+00
1.485800e-01 -1.047880e-01 2.220195e+00
-3.545990e-01 -2.742360e-01 2.376672e+00
1.719620e-01 -1.225040e-01 2.154523e+00
-3.972330e-01 -5.908770e-01 2.495000e+00
-1.308070e-01 -6.279730e-01 2.669529e+00
-4.013360e-01 -9.921030e-01 2.649601e+00
-1.353800e-01 -1.052814e+00 2.735782e+00
-3.383680e-01 -1.051900e+00 2.496085e+00
-4.264200e-02 -1.076904e+00 2.587703e+00
7.094200e-02 4.448380e-01 2.599297e+00
-2.790780e-01 3.382860e-01 2.579805e+00
6.040800e-02 1.919710e-01 2.642782e+00
-7.827500e-02 3.059390e-01 2.538678e+00
-1.772890e-01 1.449060e-01 2.698293e+00
-4.214790e-01 2.260000e-03 2.572246e+00
-5.276600e-02 -1.155540e-01 2.637265e+00
-2.603640e-01 -6.478300e-02 2.721813e+00
-4.449130e-01 1.112610e-01 2.511812e+00
4.655200e-02 1.232040e-01 2.359284e+00
-3.867030e-01 -1.736970e-01 2.419215e+00
6.044200e-02 1.176610e-01 2.051466e+00
-3.765070e-01 -2.443780e-01 2.427798e+00
5.638200e-02 1.474120e-01 1.986107e+00
-4.126880e-01 -5.719240e-01 2.502205e+00
-1.368820e-01 -6.228910e-01 2.658762e+00
-3.760200e-01 -9.786780e-01 2.636766e+00
-1.175740e-01 -1.045607e+00 2.735170e+00
-3.717040e-01 -1.033706e+00 2.469251e+00
-8.822900e-02 -1.075243e+00 2.563797e+00
9.337000e-02 4.501510e-01 2.567460e+00
-2.907690e-01 3.502330e-01 2.611314e+00
4.830100e-02 1.992110e-01 2.557940e+00
-1.164290e-01 3.136960e-01 2.504871e+00
-1.566090e-01 1.572530e-01 2.692284e+00
-4.209130e-01 -1.601100e-02 2.633669e+00
-4.463500e-02 -1.050580e-01 2.566275e+00
-2.147920e-01 -7.351200e-02 2.717518e+00
-4.526940e-01 1.085680e-01 2.577664e+00
-3.031600e-02 1.345920e-01 2.281178e+00
-4.096970e-01 -1.719290e-01 2.455342e+00
-8.892800e-02 2.863250e-01 2.015909e+00
-3.837070e-01 -2.348940e-01 2.478435e+00
-9.845600e-02 3.388610e-01 1.967717e+00
-4.153060e-01 -5.834830e-01 2.540845e+00
-1.376850e-01 -6.242750e-01 2.644018e+00
-4.054040e-01 -1.001087e+00 2.642870e+00
-1.380670e-01 -1.046595e+00 2.724923e+00
-4.435670e-01 -1.042808e+00 2.475803e+00
-1.718220e-01 -1.079137e+00 2.554894e+00
5.237400e-02 4.926050e-01 2.525277e+00
-3.171500e-01 3.315370e-01 2.604873e+00
3.433900e-02 2.198210e-01 2.537047e+00
-1.459030e-01 3.109880e-01 2.489497e+00
-1.560100e-01 1.602390e-01 2.685418e+00
-4.129550e-01 -3.332400e-02 2.639478e+00
-3.574900e-02 -1.048470e-01 2.557889e+00
-2.007400e-01 -7.794700e-02 2.715614e+00
-4.545040e-01 7.303200e-02 2.601316e+00
-5.666900e-02 1.664150e-01 2.262104e+00
-4.162530e-01 -2.083200e-01 2.479612e+00
-1.503770e-01 3.422610e-01 2.023626e+00
-4.201790e-01 -2.800040e-01 2.483995e+00
-1.653970e-01 3.997530e-01 1.983100e+00
-4.167940e-01 -5.954730e-01 2.560140e+00
-1.460650e-01 -6.333720e-01 2.641267e+00
-4.003730e-01 -1.013628e+00 2.659021e+00
-1.327420e-01 -1.056436e+00 2.717026e+00
-4.567900e-01 -1.054178e+00 2.496907e+00
-1.733330e-01 -1.087929e+00 2.548299e+00
-1.949000e-03 5.241830e-01 2.492049e+00
-3.249830e-01 3.258560e-01 2.612449e+00
3.139000e-02 2.486580e-01 2.524906e+00
-1.581930e-01 3.250020e-01 2.488999e+00
-1.458210e-01 1.668300e-01 2.678845e+00
-4.155830e-01 -4.175600e-02 2.650592e+00
-3.766800e-02 -7.281500e-02 2.549240e+00
-1.963130e-01 -6.517800e-02 2.715362e+00
-4.581570e-01 6.692500e-02 2.630706e+00
-6.381400e-02 1.802270e-01 2.256041e+00
-4.265780e-01 -2.082370e-01 2.496298e+00
-1.800240e-01 3.645340e-01 2.036202e+00
-4.210940e-01 -2.799340e-01 2.497960e+00
-2.025170e-01 4.227510e-01 2.000451e+00
-4.066120e-01 -5.949100e-01 2.578403e+00
-1.393500e-01 -6.157000e-01 2.637343e+00
-4.040100e-01 -1.017823e+00 2.656106e+00
-2.224680e-01 -1.032160e+00 2.704819e+00
-4.658130e-01 -1.048043e+00 2.493701e+00
-2.585800e-01 -1.052725e+00 2.533410e+00
-2.967000e-02 5.426160e-01 2.480379e+00
-3.405980e-01 3.223800e-01 2.608516e+00
1.209700e-02 2.552820e-01 2.500783e+00
-1.823470e-01 3.222750e-01 2.474293e+00
-1.508830e-01 1.738630e-01 2.669732e+00
-4.036330e-01 -4.493500e-02 2.650383e+00
-3.114800e-02 -9.091500e-02 2.535503e+00
-1.824840e-01 -7.090600e-02 2.707317e+00
-4.524460e-01 5.917600e-02 2.659033e+00
-7.182200e-02 1.895290e-01 2.229199e+00
-4.289570e-01 -2.088200e-01 2.512269e+00
-2.058200e-01 3.771010e-01 2.025116e+00
-4.113990e-01 -2.783720e-01 2.507023e+00
-2.324970e-01 4.412930e-01 2.006651e+00
-4.073300e-01 -6.009790e-01 2.589374e+00
-1.630120e-01 -6.275360e-01 2.646957e+00
-4.039050e-01 -1.025691e+00 2.656512e+00
-4.472430e-01 -9.020810e-01 2.816479e+00
-4.720040e-01 -1.051631e+00 2.495895e+00
-3.892900e-01 -1.028826e+00 2.708381e+00
-7.796300e-02 5.582440e-01 2.461502e+00
-3.497930e-01 3.218820e-01 2.615891e+00
1.672000e-03 2.638640e-01 2.498709e+00
-1.944780e-01 3.284710e-01 2.478438e+00
-1.564980e-01 1.746870e-01 2.668492e+00
-4.004720e-01 -4.571600e-02 2.655784e+00
-3.393400e-02 -8.475300e-02 2.520941e+00
-1.760510e-01 -6.677800e-02 2.700670e+00
-4.453490e-01 5.169800e-02 2.657778e+00
-7.118500e-02 1.902610e-01 2.226924e+00
-4.263100e-01 -2.193010e-01 2.517759e+00
-2.139840e-01 3.649010e-01 2.018825e+00
-4.107230e-01 -2.885620e-01 2.506211e+00
-2.500160e-01 4.262660e-01 2.008363e+00
-4.015430e-01 -6.006320e-01 2.596263e+00
-1.682950e-01 -6.221710e-01 2.647756e+00
-4.016000e-01 -1.025646e+00 2.661558e+00
-3.959870e-01 -9.365940e-01 2.832675e+00
-4.764530e-01 -1.049886e+00 2.503705e+00
-3.851690e-01 -1.031593e+00 2.684464e+00
-8.192500e-02 5.520000e-01 2.460268e+00
-3.600440e-01 3.355660e-01 2.614062e+00
-4.045000e-03 2.863520e-01 2.506974e+00
-2.005540e-01 3.481220e-01 2.481909e+00
-1.659660e-01 1.904050e-01 2.669369e+00
-4.056550e-01 -4.059000e-02 2.644305e+00
-3.206200e-02 -5.103000e-02 2.524406e+00
-1.824200e-01 -4.960700e-02 2.698226e+00
-4.502010e-01 6.506900e-02 2.660757e+00
-6.000200e-02 1.763670e-01 2.244512e+00
-4.358580e-01 -2.117630e-01 2.533821e+00
-2.127530e-01 3.251410e-01 2.024974e+00
-4.293180e-01 -2.811380e-01 2.515998e+00
-2.518820e-01 3.784150e-01 1.996617e+00
-3.905050e-01 -5.896200e-01 2.596769e+00
-1.319770e-01 -5.980050e-01 2.639396e+00
-4.043360e-01 -1.015242e+00 2.656398e+00
-3.232960e-01 -9.470240e-01 2.802130e+00
-4.702900e-01 -1.035833e+00 2.494120e+00
-3.143120e-01 -1.025482e+00 2.644423e+00
-1.003250e-01 5.664950e-01 2.461720e+00
-3.758080e-01 3.393150e-01 2.622136e+00
-1.490800e-02 3.151090e-01 2.523193e+00
-2.131400e-01 3.706640e-01 2.497174e+00
-1.771830e-01 1.979060e-01 2.670594e+00
-4.017630e-01 -2.823700e-02 2.628434e+00
-2.566700e-02 -5.128400e-02 2.518538e+00
-1.803170e-01 -4.232300e-02 2.688320e+00
-4.493740e-01 6.319200e-02 2.657974e+00
-3.636700e-02 1.537340e-01 2.284484e+00
-4.354370e-01 -2.150660e-01 2.536586e+00
-2.032860e-01 2.216440e-01 2.038539e+00
-4.319690e-01 -2.790580e-01 2.503931e+00
-2.470970e-01 2.524300e-01 1.990517e+00
-3.832990e-01 -5.823440e-01 2.613469e+00
-1.411240e-01 -5.936620e-01 2.637364e+00
-4.036020e-01 -1.008846e+00 2.664304e+00
-2.196360e-01 -1.002292e+00 2.745795e+00
-4.612640e-01 -1.025864e+00 2.498491e+00
-2.624200e-01 -1.038450e+00 2.578552e+00
-1.285340e-01 5.753950e-01 2.466031e+00
-3.780030e-01 3.304170e-01 2.636358e+00
-2.099700e-02 3.235230e-01 2.521799e+00
-2.219750e-01 3.727810e-01 2.506281e+00
-1.726790e-01 1.945350e-01 2.670631e+00
-4.002900e-01 -1.978500e-02 2.627808e+00
-2.481100e-02 -4.528600e-02 2.516356e+00
-1.787880e-01 -3.663100e-02 2.686765e+00
-4.519130e-01 5.327700e-02 2.655258e+00
-1.948900e-02 1.208660e-01 2.316752e+00
-4.282770e-01 -2.259680e-01 2.539193e+00
-1.833710e-01 1.200900e-01 2.060442e+00
-4.304600e-01 -2.940770e-01 2.516179e+00
-2.278410e-01 1.386010e-01 2.007027e+00
-3.776370e-01 -5.755470e-01 2.617540e+00
-1.364710e-01 -5.874780e-01 2.630763e+00
-3.967640e-01 -1.001794e+00 2.670900e+00
-1.447980e-01 -1.005041e+00 2.733099e+00
-4.541720e-01 -1.019971e+00 2.505123e+00
-1.951180e-01 -1.044332e+00 2.568684e+00
-1.519520e-01 5.766420e-01 2.472447e+00
-3.858980e-01 3.250080e-01 2.628621e+00
-2.700800e-02 3.228700e-01 2.519910e+00
-2.283230e-01 3.695630e-01 2.501167e+00
-1.794290e-01 1.917270e-01 2.666080e+00
-4.072730e-01 -1.579300e-02 2.627145e+00
-3.067200e-02 -3.861400e-02 2.518946e+00
-1.861140e-01 -3.011300e-02 2.688027e+00
-4.588110e-01 4.894400e-02 2.647352e+00
-7.865000e-03 9.093900e-02 2.352237e+00
-4.357330e-01 -2.350020e-01 2.547273e+00
-1.575710e-01 2.000600e-02 2.098918e+00
-4.372300e-01 -3.030150e-01 2.523922e+00
-2.036200e-01 1.628500e-02 2.043791e+00
-3.708850e-01 -5.723900e-01 2.629889e+00
-1.399130e-01 -5.822690e-01 2.629469e+00
-3.892330e-01 -9.994850e-01 2.676292e+00
-1.377820e-01 -1.000642e+00 2.728763e+00
-4.425860e-01 -1.015376e+00 2.508933e+00
-1.866490e-01 -1.040012e+00 2.563930e+00
-1.518570e-01 5.708770e-01 2.470243e+00
-4.030760e-01 3.227660e-01 2.628571e+00
-4.282200e-02 3.248250e-01 2.524467e+00
-2.440330e-01 3.714580e-01 2.504499e+00
-1.966670e-01 1.890540e-01 2.664803e+00
-4.102580e-01 -1.634800e-02 2.614360e+00
-3.387300e-02 -4.542300e-02 2.506911e+00
-1.889610e-01 -2.688300e-02 2.675513e+00
-4.698820e-01 4.157100e-02 2.644032e+00
-1.070000e-04 5.581100e-02 2.425116e+00
-4.417430e-01 -2.484340e-01 2.552441e+00
-1.160250e-01 -1.276460e-01 2.209443e+00
-4.455700e-01 -3.154380e-01 2.526573e+00
-1.566130e-01 -1.550450e-01 2.156763e+00
-3.701640e-01 -5.738440e-01 2.637295e+00
-1.406900e-01 -5.854780e-01 2.630832e+00
-3.820060e-01 -1.001215e+00 2.683270e+00
-1.349960e-01 -1.001825e+00 2.738175e+00
-4.350470e-01 -1.017753e+00 2.515874e+00
-1.839870e-01 -1.044754e+00 2.574269e+00
-1.773570e-01 5.771030e-01 2.463507e+00
-4.120760e-01 3.173810e-01 2.621519e+00
-4.905400e-02 3.254380e-01 2.527842e+00
-2.502210e-01 3.696780e-01 2.502660e+00
-2.050090e-01 1.859430e-01 2.662064e+00
-4.181020e-01 -3.699000e-02 2.603242e+00
-3.326600e-02 -4.408000e-02 2.526385e+00
-2.022220e-01 -3.830000e-02 2.682088e+00
-4.782780e-01 3.356200e-02 2.636166e+00
-1.260000e-03 4.469300e-02 2.462378e+00
-4.473190e-01 -2.619450e-01 2.555331e+00
-8.981300e-02 -1.981970e-01 2.294315e+00
-4.437760e-01 -3.331740e-01 2.545991e+00
-1.311860e-01 -2.369940e-01 2.250085e+00
-3.760310e-01 -5.857130e-01 2.644670e+00
-1.458440e-01 -5.919550e-01 2.634758e+00
-3.908440e-01 -1.012872e+00 2.691749e+00
-1.338660e-01 -1.009571e+00 2.736511e+00
-4.292830e-01 -1.030412e+00 2.520510e+00
-1.682790e-01 -1.051452e+00 2.568673e+00
-1.909500e-01 5.735430e-01 2.459075e+00
-4.275750e-01 3.162270e-01 2.617913e+00
-6.372400e-02 3.239590e-01 2.527485e+00
-2.649830e-01 3.655610e-01 2.498793e+00
-2.198630e-01 1.880920e-01 2.665171e+00
-4.242660e-01 -2.542200e-02 2.606015e+00
-4.304800e-02 -4.028000e-02 2.513777e+00
-2.055120e-01 -3.246400e-02 2.676157e+00
-4.847950e-01 2.797700e-02 2.635266e+00
1.281000e-03 3.785900e-02 2.499577e+00
-4.556330e-01 -2.691080e-01 2.549284e+00
-7.193500e-02 -2.432050e-01 2.388395e+00
-4.477480e-01 -3.404030e-01 2.543968e+00
-1.114750e-01 -2.955640e-01 2.358927e+00
-3.796970e-01 -5.776340e-01 2.641293e+00
-1.525720e-01 -5.844820e-01 2.632402e+00
-3.813270e-01 -1.005274e+00 2.686258e+00
-2.008360e-01 -9.914340e-01 2.762634e+00
-4.279630e-01 -1.022885e+00 2.517075e+00
-2.374120e-01 -1.040073e+00 2.597090e+00
-1.985100e-01 5.753430e-01 2.458337e+00
-4.359790e-01 3.154990e-01 2.619720e+00
-6.997400e-02 3.266500e-01 2.538839e+00
-2.703250e-01 3.707490e-01 2.507622e+00
-2.299190e-01 1.839240e-01 2.664710e+00
-4.484140e-01 -4.349100e-02 2.608068e+00
-6.256100e-02 -4.011000e-02 2.536219e+00
-2.335870e-01 -4.216100e-02 2.689740e+00
-5.041050e-01 2.784500e-02 2.629260e+00
-7.044000e-03 3.744600e-02 2.543342e+00
-4.603580e-01 -2.698200e-01 2.546249e+00
-4.942300e-02 -2.658810e-01 2.481990e+00
-4.536490e-01 -3.381910e-01 2.524948e+00
-8.387200e-02 -3.240120e-01 2.457345e+00
-3.851010e-01 -5.929060e-01 2.640698e+00
-1.584790e-01 -5.929990e-01 2.627168e+00
-3.852320e-01 -1.020191e+00 2.688943e+00
-1.964980e-01 -9.970590e-01 2.769259e+00
-4.207810e-01 -1.039563e+00 2.517278e+00
-2.197530e-01 -1.053108e+00 2.603651e+00
-2.259360e-01 5.728550e-01 2.467297e+00
-4.407750e-01 3.047560e-01 2.599207e+00
-6.928600e-02 3.161920e-01 2.549312e+00
-2.664890e-01 3.575790e-01 2.499741e+00
-2.385890e-01 1.764530e-01 2.665956e+00
-4.546160e-01 -4.006800e-02 2.591384e+00
-6.630800e-02 -6.391100e-02 2.539382e+00
-2.446660e-01 -5.333500e-02 2.683947e+00
-5.126540e-01 1.990000e-02 2.619862e+00
-1.091100e-02 2.767600e-02 2.563522e+00
-4.836050e-01 -2.771510e-01 2.533252e+00
-4.240300e-02 -2.806220e-01 2.537593e+00
-4.689320e-01 -3.473710e-01 2.528040e+00
-1.119200e-02 -3.440300e-01 2.524230e+00
-3.855180e-01 -5.988060e-01 2.634091e+00
-1.577190e-01 -6.051920e-01 2.638004e+00
-3.857370e-01 -1.025365e+00 2.688381e+00
-1.264140e-01 -1.023071e+00 2.734427e+00
-4.121280e-01 -1.047369e+00 2.515386e+00
-1.506350e-01 -1.064072e+00 2.564602e+00
-2.481030e-01 5.789540e-01 2.468544e+00
-4.492650e-01 2.999980e-01 2.592026e+00
-7.575500e-02 3.139020e-01 2.561663e+00
-2.703710e-01 3.531750e-01 2.501316e+00
-2.499300e-01 1.740370e-01 2.670738e+00
-4.617100e-01 -4.181900e-02 2.580705e+00
-7.064000e-02 -5.741200e-02 2.551087e+00
-2.573230e-01 -5.403100e-02 2.685105e+00
-5.184600e-01 1.596100e-02 2.614881e+00
-1.798700e-02 2.674900e-02 2.578561e+00
-4.926930e-01 -2.790320e-01 2.525074e+00
-4.397200e-02 -2.797710e-01 2.543584e+00
-4.747350e-01 -3.415200e-01 2.494317e+00
-2.208400e-02 -3.467610e-01 2.529213e+00
-3.845800e-01 -5.983480e-01 2.629546e+00
-1.558960e-01 -6.012380e-01 2.637759e+00
-3.731130e-01 -1.024022e+00 2.689300e+00
-1.416210e-01 -1.020605e+00 2.731715e+00
-3.897370e-01 -1.048870e+00 2.515477e+00
-1.545920e-01 -1.059480e+00 2.560168e+00
-2.646970e-01 5.790460e-01 2.478053e+00
-4.608570e-01 3.028460e-01 2.592709e+00
-8.641000e-02 3.173120e-01 2.578393e+00
-2.783630e-01 3.596000e-01 2.511873e+00
-2.649630e-01 1.731360e-01 2.673935e+00
-4.739640e-01 -4.402800e-02 2.591231e+00
-8.250600e-02 -5.577100e-02 2.565176e+00
-2.706530e-01 -6.089900e-02 2.697075e+00
-5.248600e-01 1.798300e-02 2.601098e+00
-2.723700e-02 3.123100e-02 2.584470e+00
-4.982660e-01 -2.786370e-01 2.521675e+00
-5.369600e-02 -2.730330e-01 2.542075e+00
-4.835520e-01 -3.425880e-01 2.492227e+00
-5.545100e-02 -3.433240e-01 2.526930e+00
-3.826590e-01 -5.995120e-01 2.639805e+00
-1.497780e-01 -5.998730e-01 2.637246e+00
-3.916440e-01 -1.026183e+00 2.692446e+00
-3.362590e-01 -9.548050e-01 2.792643e+00
-4.040520e-01 -1.047469e+00 2.517800e+00
-2.744000e-01 -1.047238e+00 2.655757e+00
-2.746780e-01 5.866240e-01 2.484057e+00
-4.670170e-01 3.035590e-01 2.590683e+00
-9.218500e-02 3.126180e-01 2.584006e+00
-2.821080e-01 3.572240e-01 2.513300e+00
-2.747100e-01 1.715750e-01 2.676677e+00
-4.790490e-01 -4.478900e-02 2.588378e+00
-8.746600e-02 -5.741500e-02 2.564719e+00
-2.764460e-01 -6.258800e-02 2.695420e+00
-5.306900e-01 2.001200e-02 2.597615e+00
-3.360800e-02 2.781700e-02 2.587567e+00
-5.053470e-01 -2.754800e-01 2.519274e+00
-5.853000e-02 -2.747820e-01 2.543207e+00
-4.803440e-01 -3.332660e-01 2.484503e+00
-1.599600e-02 -3.314380e-01 2.530783e+00
-3.830410e-01 -5.999310e-01 2.642668e+00
-1.596700e-01 -6.010330e-01 2.640110e+00
-3.881070e-01 -1.026809e+00 2.694136e+00
-3.274950e-01 -9.519660e-01 2.823360e+00
-3.995070e-01 -1.047744e+00 2.519379e+00
-2.757250e-01 -1.048799e+00 2.685333e+00
-2.859150e-01 5.834790e-01 2.497346e+00
-4.733680e-01 3.026760e-01 2.590796e+00
-9.858700e-02 3.147080e-01 2.595242e+00
-2.867250e-01 3.590560e-01 2.519765e+00
-2.825820e-01 1.707240e-01 2.680160e+00
-4.733530e-01 -3.197800e-02 2.579589e+00
-8.186200e-02 -5.992300e-02 2.582741e+00
-2.793510e-01 -5.694600e-02 2.700266e+00
-5.337560e-01 1.980800e-02 2.599237e+00
-2.962300e-02 3.385600e-02 2.583323e+00
-5.087290e-01 -2.721310e-01 2.513308e+00
-5.927600e-02 -2.688910e-01 2.555882e+00
-4.810810e-01 -3.349620e-01 2.491832e+00
-2.662200e-02 -3.327130e-01 2.550078e+00
-3.777400e-01 -5.911120e-01 2.645983e+00
-1.544120e-01 -5.992740e-01 2.643046e+00
-3.740810e-01 -1.017915e+00 2.698191e+00
-2.397300e-01 -9.879510e-01 2.805993e+00
-3.739370e-01 -1.039329e+00 2.523121e+00
-2.111310e-01 -1.060542e+00 2.647814e+00
-2.963740e-01 5.839630e-01 2.507018e+00
-4.804670e-01 3.017880e-01 2.603091e+00
-1.058650e-01 3.166430e-01 2.594260e+00
-2.969030e-01 3.602390e-01 2.525972e+00
-2.856450e-01 1.704880e-01 2.684339e+00
-4.876470e-01 -4.010500e-02 2.591136e+00
-9.547300e-02 -4.882500e-02 2.577727e+00
-2.877260e-01 -5.515200e-02 2.703511e+00
-5.423880e-01 1.976700e-02 2.603141e+00
-4.434000e-02 3.449200e-02 2.597070e+00
-5.018780e-01 -2.689410e-01 2.514582e+00
-6.376000e-02 -2.666860e-01 2.554810e+00
-4.804940e-01 -3.317160e-01 2.486737e+00
-2.366200e-02 -3.226720e-01 2.534048e+00
-3.872980e-01 -5.957860e-01 2.638515e+00
-1.613500e-01 -5.943970e-01 2.642505e+00
-3.702180e-01 -1.020080e+00 2.706214e+00
-1.883610e-01 -1.006876e+00 2.760962e+00
-3.780080e-01 -1.048149e+00 2.532261e+00
-1.838040e-01 -1.055819e+00 2.591575e+00
-3.016460e-01 5.857530e-01 2.510820e+00
-4.870460e-01 2.969150e-01 2.602159e+00
-1.126310e-01 3.167830e-01 2.595557e+00
-3.038100e-01 3.574430e-01 2.525867e+00
-2.909820e-01 1.686760e-01 2.685288e+00
-4.931620e-01 -5.054900e-02 2.585756e+00
-1.007090e-01 -5.623800e-02 2.583663e+00
-2.964450e-01 -6.340500e-02 2.703908e+00
-5.501390e-01 1.433900e-02 2.605698e+00
-5.235100e-02 3.370200e-02 2.605520e+00
-5.080600e-01 -2.753070e-01 2.517976e+00
-6.810200e-02 -2.672700e-01 2.554951e+00
-4.847930e-01 -3.409700e-01 2.500075e+00
-2.582500e-02 -3.246330e-01 2.545178e+00
-3.891740e-01 -6.042310e-01 2.645718e+00
-1.553060e-01 -6.005920e-01 2.649856e+00
-3.778000e-01 -1.030178e+00 2.703514e+00
-2.124470e-01 -1.013075e+00 2.757061e+00
-3.796540e-01 -1.053939e+00 2.528756e+00
-1.949050e-01 -1.059494e+00 2.587810e+00
-3.093100e-01 5.865700e-01 2.510437e+00
-4.931510e-01 2.977070e-01 2.605823e+00
-1.185590e-01 3.149090e-01 2.602607e+00
-3.088400e-01 3.577790e-01 2.531793e+00
-2.987330e-01 1.670750e-01 2.689090e+00
-4.981960e-01 -5.354800e-02 2.597199e+00
-1.060140e-01 -5.499300e-02 2.581485e+00
-2.973820e-01 -6.597500e-02 2.708294e+00
-5.544120e-01 1.596100e-02 2.612741e+00
-5.390000e-02 3.383200e-02 2.606822e+00
-5.135290e-01 -2.728320e-01 2.525833e+00
-7.118000e-02 -2.661150e-01 2.558013e+00
-4.928170e-01 -3.366990e-01 2.500038e+00
-6.078800e-02 -3.324340e-01 2.583841e+00
-3.882830e-01 -6.069490e-01 2.644698e+00
-1.587930e-01 -6.004610e-01 2.650238e+00
-3.873520e-01 -1.032859e+00 2.703856e+00
-2.525850e-01 -9.994980e-01 2.780132e+00
-3.945430e-01 -1.057119e+00 2.529305e+00
-2.262350e-01 -1.059048e+00 2.616219e+00
-3.152520e-01 5.842200e-01 2.525078e+00
-4.960010e-01 2.962210e-01 2.612998e+00
-1.215180e-01 3.157310e-01 2.610315e+00
-3.119790e-01 3.578460e-01 2.539530e+00
-3.008800e-01 1.662990e-01 2.695732e+00
-4.978710e-01 -4.624100e-02 2.598876e+00
-1.055900e-01 -5.520500e-02 2.589299e+00
-2.991190e-01 -6.346900e-02 2.712997e+00
-5.567570e-01 1.467600e-02 2.623564e+00
-5.467000e-02 3.539500e-02 2.604963e+00
-5.223080e-01 -2.719520e-01 2.527859e+00
-7.369100e-02 -2.650460e-01 2.561469e+00
-4.939780e-01 -3.348510e-01 2.507498e+00
-3.658900e-02 -3.261890e-01 2.553831e+00
-3.885950e-01 -6.013580e-01 2.650875e+00
-1.693000e-01 -5.993650e-01 2.656392e+00
-3.720090e-01 -1.026876e+00 2.710538e+00
-1.396560e-01 -1.017859e+00 2.750648e+00
-3.773770e-01 -1.051561e+00 2.535982e+00
-1.422420e-01 -1.056783e+00 2.578641e+00
-3.169560e-01 5.865630e-01 2.528840e+00
-5.002400e-01 2.952240e-01 2.619745e+00
-1.259190e-01 3.167800e-01 2.613147e+00
-3.173760e-01 3.587400e-01 2.545008e+00
-3.035300e-01 1.653430e-01 2.698690e+00
-4.998300e-01 -5.274300e-02 2.599863e+00
-1.076720e-01 -6.622500e-02 2.590550e+00
-3.012950e-01 -7.030600e-02 2.714310e+00
-5.638690e-01 1.490900e-02 2.632872e+00
-6.011700e-02 3.668900e-02 2.618504e+00
-5.205980e-01 -2.662010e-01 2.526559e+00
-7.764100e-02 -2.610650e-01 2.561523e+00
-5.020870e-01 -3.352190e-01 2.518363e+00
-7.286900e-02 -3.255000e-01 2.593124e+00
-3.896910e-01 -6.092030e-01 2.654839e+00
-1.664370e-01 -6.080030e-01 2.660359e+00
-3.880730e-01 -1.036245e+00 2.705163e+00
-1.358900e-01 -1.029039e+00 2.742187e+00
-3.928480e-01 -1.056898e+00 2.530066e+00
-1.393010e-01 -1.062920e+00 2.569130e+00
-3.192960e-01 5.842250e-01 2.531026e+00
-5.075060e-01 2.939630e-01 2.622366e+00
-1.333110e-01 3.172390e-01 2.614507e+00
-3.251700e-01 3.579230e-01 2.546722e+00
-3.099470e-01 1.654450e-01 2.701425e+00
-5.049910e-01 -5.147900e-02 2.602935e+00
-1.127050e-01 -5.921300e-02 2.592542e+00
-3.058540e-01 -6.378200e-02 2.717022e+00
-5.714820e-01 1.478600e-02 2.639690e+00
-6.449600e-02 3.886900e-02 2.625305e+00
-5.226250e-01 -2.640860e-01 2.532344e+00
-8.030900e-02 -2.560660e-01 2.558561e+00
-4.912690e-01 -3.233580e-01 2.506325e+00
-4.463400e-02 -3.175120e-01 2.547380e+00
-3.889670e-01 -6.078690e-01 2.648559e+00
-1.593210e-01 -6.029370e-01 2.653755e+00
-3.833700e-01 -1.033692e+00 2.708086e+00
-1.671080e-01 -1.022146e+00 2.749163e+00
-3.883020e-01 -1.058165e+00 2.533487e+00
-1.623320e-01 -1.061357e+00 2.577268e+00
-3.234490e-01 5.871170e-01 2.539160e+00
-5.119100e-01 2.980840e-01 2.632237e+00
-1.376120e-01 3.161960e-01 2.618155e+00
-3.299740e-01 3.587080e-01 2.552969e+00
-3.148420e-01 1.678020e-01 2.709617e+00
-5.062970e-01 -3.973300e-02 2.608234e+00
-1.143340e-01 -5.261500e-02 2.592235e+00
-3.058490e-01 -5.800600e-02 2.719183e+00
-5.820370e-01 2.370800e-02 2.651684e+00
-6.412300e-02 4.228100e-02 2.630612e+00
-5.220890e-01 -2.425600e-01 2.528254e+00
-8.314700e-02 -2.493110e-01 2.564677e+00
-4.912500e-01 -3.049820e-01 2.510208e+00
-6.565400e-02 -3.189640e-01 2.560700e+00
-3.883780e-01 -5.968430e-01 2.654057e+00
-1.649950e-01 -5.938530e-01 2.659273e+00
-3.775400e-01 -1.023918e+00 2.702943e+00
-1.922190e-01 -1.014971e+00 2.741851e+00
-3.846230e-01 -1.044137e+00 2.527874e+00
-1.891900e-01 -1.049093e+00 2.568835e+00
-3.381340e-01 5.856160e-01 2.539062e+00
-5.165920e-01 2.972590e-01 2.635091e+00
-1.423730e-01 3.171910e-01 2.621393e+00
-3.348700e-01 3.586770e-01 2.555945e+00
-3.189730e-01 1.680420e-01 2.712846e+00
-5.090760e-01 -4.447200e-02 2.616227e+00
-1.172680e-01 -5.221800e-02 2.594261e+00
-3.067310e-01 -5.972900e-02 2.724146e+00
-5.881900e-01 2.429500e-02 2.660896e+00
-7.046400e-02 4.355500e-02 2.637508e+00
-5.217360e-01 -2.400790e-01 2.537979e+00
-8.308500e-02 -2.477770e-01 2.571244e+00
-4.946280e-01 -3.035310e-01 2.517672e+00
-8.099000e-02 -3.120250e-01 2.603510e+00
-3.914830e-01 -6.011900e-01 2.651631e+00
-1.636830e-01 -5.957050e-01 2.656537e+00
-3.780230e-01 -1.027593e+00 2.705475e+00
-2.176670e-01 -1.012699e+00 2.746544e+00
-3.881570e-01 -1.049968e+00 2.530818e+00
-2.080890e-01 -1.051042e+00 2.574654e+00
-3.396650e-01 5.877570e-01 2.551551e+00
-5.207730e-01 2.981520e-01 2.637749e+00
-1.464130e-01 3.170180e-01 2.626629e+00
-3.383220e-01 3.586170e-01 2.559550e+00
-3.240630e-01 1.688850e-01 2.717697e+00
-5.105800e-01 -3.786900e-02 2.616219e+00
-1.184710e-01 -4.716500e-02 2.601366e+00
-3.103060e-01 -5.457600e-02 2.727728e+00
-5.929330e-01 2.413900e-02 2.659511e+00
-7.171900e-02 4.300400e-02 2.636911e+00
-5.225190e-01 -2.397030e-01 2.535562e+00
-8.536400e-02 -2.486940e-01 2.568609e+00
-4.972460e-01 -3.014050e-01 2.508591e+00
-5.545600e-02 -3.114870e-01 2.550279e+00
-3.927070e-01 -5.949380e-01 2.653722e+00
-1.604060e-01 -5.901700e-01 2.653627e+00
-3.762160e-01 -1.022456e+00 2.696806e+00
-2.405900e-01 -9.962170e-01 2.770232e+00
-3.830970e-01 -1.040390e+00 2.521481e+00
-2.134080e-01 -1.049255e+00 2.604231e+00
-3.422060e-01 5.868480e-01 2.557455e+00
