-5.228100e-02 3.453730e-01 2.629939e+00
-2.384010e-01 3.366255e-01 2.645807e+00
-4.245210e-01 3.278780e-01 2.661675e+00
-3.272685e-01 3.577755e-01 2.716987e+00
-2.300160e-01 3.876730e-01 2.772299e+00
-2.362220e-01 3.036335e-01 2.653182e+00
-2.424280e-01 2.195940e-01 2.534065e+00
-1.348195e-01 1.094165e-01 2.606801e+00
-2.721100e-02 -7.610000e-04 2.679537e+00
-2.285145e-01 -1.015800e-02 2.688987e+00
-4.298180e-01 -1.955500e-02 2.698437e+00
-3.331325e-01 -1.212400e-02 2.611938e+00
-2.364470e-01 -4.693000e-03 2.525440e+00
-1.085360e-01 3.563200e-02 2.601908e+00
1.937500e-02 7.595700e-02 2.678375e+00
-2.304795e-01 6.257200e-02 2.673976e+00
-4.803340e-01 4.918700e-02 2.669577e+00
-2.366145e-01 -8.648450e-02 2.658111e+00
7.105000e-03 -2.221560e-01 2.646646e+00
-2.304260e-01 -2.347155e-01 2.631358e+00
-4.679570e-01 -2.472750e-01 2.616070e+00
-2.519315e-01 -2.621520e-01 2.622971e+00
-3.590600e-02 -2.770290e-01 2.629871e+00
-2.219375e-01 -2.817865e-01 2.623664e+00
-4.079690e-01 -2.865440e-01 2.617456e+00
-3.874235e-01 -4.010655e-01 2.649036e+00
-3.668780e-01 -5.155870e-01 2.680616e+00
-2.269950e-01 -5.196630e-01 2.661108e+00
-8.711200e-02 -5.237390e-01 2.641600e+00
-1.293090e-01 -7.227415e-01 2.707114e+00
-1.715060e-01 -9.217440e-01 2.772627e+00
-1.575985e-01 -9.486335e-01 2.739864e+00
-1.436910e-01 -9.755230e-01 2.707100e+00
-2.398615e-01 -9.881205e-01 2.740233e+00
-3.360320e-01 -1.000718e+00 2.773365e+00
-1.514980e-01 -9.960945e-01 2.761560e+00
3.303600e-02 -9.914710e-01 2.749754e+00
-1.041920e-01 -1.619655e-01 2.664672e+00
-2.414200e-01 6.675400e-01 2.579590e+00
-1.479490e-01 5.071660e-01 2.604633e+00
-5.447800e-02 3.467920e-01 2.629676e+00
-2.405695e-01 3.373380e-01 2.645475e+00
-4.266610e-01 3.278840e-01 2.661274e+00
-3.295625e-01 3.583775e-01 2.716532e+00
-2.324640e-01 3.888710e-01 2.771789e+00
-2.382590e-01 3.043820e-01 2.652970e+00
-2.440540e-01 2.198930e-01 2.534151e+00
-1.354800e-01 1.101510e-01 2.605636e+00
-2.690600e-02 4.090000e-04 2.677121e+00
-2.282830e-01 -4.761500e-03 2.688130e+00
-4.296600e-01 -9.932000e-03 2.699138e+00
-3.335465e-01 -3.072500e-03 2.611958e+00
-2.374330e-01 3.787000e-03 2.524778e+00
-1.109630e-01 4.250250e-02 2.609833e+00
1.550700e-02 8.121800e-02 2.694889e+00
-2.328375e-01 6.557650e-02 2.682614e+00
-4.811820e-01 4.993500e-02 2.670340e+00
-2.360800e-01 -8.244150e-02 2.660733e+00
9.022000e-03 -2.148180e-01 2.651126e+00
-2.273840e-01 -2.299665e-01 2.633591e+00
-4.637900e-01 -2.451150e-01 2.616056e+00
-2.482485e-01 -2.571250e-01 2.622974e+00
-3.270700e-02 -2.691350e-01 2.629893e+00
-2.175755e-01 -2.756530e-01 2.621745e+00
-4.024440e-01 -2.821710e-01 2.613596e+00
-3.853920e-01 -3.972965e-01 2.646497e+00
-3.683400e-01 -5.124220e-01 2.679398e+00
-2.270650e-01 -5.140060e-01 2.662407e+00
-8.579000e-02 -5.155900e-01 2.645415e+00
-1.158880e-01 -7.079470e-01 2.716504e+00
-1.459860e-01 -9.003040e-01 2.787593e+00
-1.441405e-01 -9.342830e-01 2.746065e+00
-1.422950e-01 -9.682620e-01 2.704536e+00
-2.229365e-01 -9.802200e-01 2.743314e+00
-3.035780e-01 -9.921780e-01 2.782091e+00
-1.345000e-01 -9.885305e-01 2.764205e+00
3.457800e-02 -9.848830e-01 2.746319e+00
-1.019490e-01 -1.580950e-01 2.664349e+00
-2.384760e-01 6.686930e-01 2.582378e+00
-1.446700e-01 5.041555e-01 2.606339e+00
-5.086400e-02 3.396180e-01 2.630301e+00
-2.373945e-01 3.328340e-01 2.641679e+00
-4.239250e-01 3.260500e-01 2.653056e+00
-3.278495e-01 3.569615e-01 2.709848e+00
-2.317740e-01 3.878730e-01 2.766640e+00
-2.356860e-01 3.000815e-01 2.650162e+00
-2.395980e-01 2.122900e-01 2.533683e+00
-1.340775e-01 1.041125e-01 2.609718e+00
-2.855700e-02 -4.065000e-03 2.685753e+00
-2.302710e-01 -6.803000e-03 2.687918e+00
-4.319850e-01 -9.541000e-03 2.690083e+00
-3.320000e-01 -8.685000e-03 2.607092e+00
-2.320150e-01 -7.829000e-03 2.524100e+00
-1.069995e-01 3.295250e-02 2.605519e+00
1.801600e-02 7.373400e-02 2.686938e+00
-2.302305e-01 6.215050e-02 2.677677e+00
-4.784770e-01 5.056700e-02 2.668417e+00
-2.345945e-01 -8.569300e-02 2.662470e+00
9.288000e-03 -2.219530e-01 2.656522e+00
-2.234665e-01 -2.324070e-01 2.638231e+00
-4.562210e-01 -2.428610e-01 2.619940e+00
-2.437370e-01 -2.598415e-01 2.627182e+00
-3.125300e-02 -2.768220e-01 2.634424e+00
-2.124770e-01 -2.744130e-01 2.617379e+00
-3.937010e-01 -2.720040e-01 2.600333e+00
-3.808795e-01 -3.940415e-01 2.632499e+00
-3.680580e-01 -5.160790e-01 2.664665e+00
-2.298890e-01 -5.169780e-01 2.656625e+00
-9.172000e-02 -5.178770e-01 2.648584e+00
-1.170405e-01 -7.055965e-01 2.724360e+00
-1.423610e-01 -8.933160e-01 2.800137e+00
-1.385515e-01 -9.323715e-01 2.756147e+00
-1.347420e-01 -9.714270e-01 2.712158e+00
-2.140990e-01 -9.820240e-01 2.743746e+00
-2.934560e-01 -9.926210e-01 2.775334e+00
-1.256470e-01 -9.873615e-01 2.765525e+00
4.216200e-02 -9.821020e-01 2.755716e+00
-9.451750e-02 -1.579000e-01 2.669308e+00
-2.311970e-01 6.663020e-01 2.582899e+00
-1.392685e-01 5.034840e-01 2.609772e+00
-4.734000e-02 3.406660e-01 2.636645e+00
-2.342675e-01 3.376855e-01 2.640910e+00
-4.211950e-01 3.347050e-01 2.645174e+00
-3.267180e-01 3.627450e-01 2.705996e+00
-2.322410e-01 3.907850e-01 2.766818e+00
-2.335590e-01 3.047855e-01 2.648952e+00
-2.348770e-01 2.187860e-01 2.531086e+00
-1.327375e-01 1.103405e-01 2.608361e+00
-3.059800e-02 1.895000e-03 2.685636e+00
-2.321385e-01 -6.513000e-03 2.689024e+00
-4.336790e-01 -1.492100e-02 2.692412e+00
-3.342810e-01 -1.082150e-02 2.608815e+00
-2.348830e-01 -6.722000e-03 2.525217e+00
-1.090300e-01 3.313550e-02 2.605921e+00
1.682300e-02 7.299300e-02 2.686625e+00
-2.337055e-01 6.735100e-02 2.671621e+00
-4.842340e-01 6.170900e-02 2.656617e+00
-2.361165e-01 -8.033000e-02 2.658015e+00
1.200100e-02 -2.223690e-01 2.659414e+00
-2.208935e-01 -2.269535e-01 2.638676e+00
-4.537880e-01 -2.315380e-01 2.617938e+00
-2.442485e-01 -2.507180e-01 2.625432e+00
-3.470900e-02 -2.698980e-01 2.632926e+00
-2.136850e-01 -2.681115e-01 2.618436e+00
-3.926610e-01 -2.663250e-01 2.603946e+00
-3.772320e-01 -3.913040e-01 2.634856e+00
-3.618030e-01 -5.162830e-01 2.665767e+00
-2.246360e-01 -5.174235e-01 2.659205e+00
-8.746900e-02 -5.185640e-01 2.652644e+00
-1.116425e-01 -7.048870e-01 2.729845e+00
-1.358160e-01 -8.912100e-01 2.807046e+00
-1.347925e-01 -9.315785e-01 2.761073e+00
-1.337690e-01 -9.719470e-01 2.715100e+00
-2.099700e-01 -9.816995e-01 2.748315e+00
-2.861710e-01 -9.914520e-01 2.781529e+00
-1.221770e-01 -9.873265e-01 2.772550e+00
4.181700e-02 -9.832010e-01 2.763570e+00
-9.435100e-02 -1.565670e-01 2.671879e+00
-2.305190e-01 6.700670e-01 2.580187e+00
-1.398890e-01 5.087425e-01 2.619246e+00
-4.925900e-02 3.474180e-01 2.658305e+00
-2.352885e-01 3.377525e-01 2.641915e+00
-4.213180e-01 3.280870e-01 2.625525e+00
-3.351835e-01 3.586035e-01 2.696665e+00
-2.490490e-01 3.891200e-01 2.767806e+00
-2.342580e-01 3.047890e-01 2.649656e+00
-2.194670e-01 2.204580e-01 2.531505e+00
-1.226455e-01 1.107645e-01 2.613651e+00
-2.582400e-02 1.071000e-03 2.695796e+00
-2.273320e-01 -3.116000e-03 2.686980e+00
-4.288400e-01 -7.303000e-03 2.678164e+00
-3.245865e-01 -1.489500e-03 2.600816e+00
-2.203330e-01 4.324000e-03 2.523468e+00
-9.996950e-02 4.225850e-02 2.612754e+00
2.039400e-02 8.019300e-02 2.702040e+00
-2.285135e-01 6.742800e-02 2.675651e+00
-4.774210e-01 5.466300e-02 2.649262e+00
-2.287950e-01 -8.005950e-02 2.660728e+00
1.983100e-02 -2.147820e-01 2.672195e+00
-2.135650e-01 -2.252070e-01 2.633171e+00
-4.469610e-01 -2.356320e-01 2.594147e+00
-2.339615e-01 -2.506160e-01 2.618205e+00
-2.096200e-02 -2.656000e-01 2.642263e+00
-2.020635e-01 -2.668885e-01 2.616382e+00
-3.831650e-01 -2.681770e-01 2.590500e+00
-3.690895e-01 -3.925580e-01 2.625303e+00
-3.550140e-01 -5.169390e-01 2.660105e+00
-2.164780e-01 -5.136235e-01 2.653539e+00
-7.794200e-02 -5.103080e-01 2.646974e+00
-1.182830e-01 -7.075040e-01 2.728827e+00
-1.586240e-01 -9.047000e-01 2.810680e+00
-1.520995e-01 -9.331275e-01 2.757988e+00
-1.455750e-01 -9.615550e-01 2.705296e+00
-2.306870e-01 -9.777845e-01 2.745487e+00
-3.157990e-01 -9.940140e-01 2.785678e+00
-1.424735e-01 -9.883135e-01 2.766320e+00
3.085200e-02 -9.826130e-01 2.746963e+00
-9.741950e-02 -1.588140e-01 2.655253e+00
-2.256910e-01 6.649850e-01 2.563542e+00
-1.369030e-01 4.989800e-01 2.612787e+00
-4.811500e-02 3.329750e-01 2.662032e+00
-2.332145e-01 3.364510e-01 2.635667e+00
-4.183140e-01 3.399270e-01 2.609301e+00
-3.340745e-01 3.657400e-01 2.684459e+00
-2.498350e-01 3.915530e-01 2.759618e+00
-2.350275e-01 3.036850e-01 2.644076e+00
-2.202200e-01 2.158170e-01 2.528534e+00
-1.235880e-01 1.093055e-01 2.621760e+00
-2.695600e-02 2.794000e-03 2.714985e+00
-2.266345e-01 -5.375000e-03 2.687371e+00
-4.263130e-01 -1.354400e-02 2.659756e+00
-3.154160e-01 -5.676000e-03 2.592486e+00
-2.045190e-01 2.192000e-03 2.525216e+00
-9.678250e-02 3.631550e-02 2.630828e+00
1.095400e-02 7.043900e-02 2.736440e+00
-2.311930e-01 6.812850e-02 2.675557e+00
-4.733400e-01 6.581800e-02 2.614674e+00
-2.244470e-01 -7.865050e-02 2.657586e+00
2.444600e-02 -2.231190e-01 2.700498e+00
-2.004280e-01 -2.217265e-01 2.627046e+00
-4.253020e-01 -2.203340e-01 2.553594e+00
-2.150200e-01 -2.429675e-01 2.602116e+00
-4.738000e-03 -2.656010e-01 2.650637e+00
-1.852430e-01 -2.626420e-01 2.605556e+00
-3.657480e-01 -2.596830e-01 2.560476e+00
-3.601675e-01 -3.873025e-01 2.605591e+00
-3.545870e-01 -5.149220e-01 2.650706e+00
-2.147420e-01 -5.150160e-01 2.650018e+00
-7.489700e-02 -5.151100e-01 2.649329e+00
-1.159065e-01 -7.066855e-01 2.729983e+00
-1.569160e-01 -8.982610e-01 2.810637e+00
-1.582655e-01 -9.312550e-01 2.755947e+00
-1.596150e-01 -9.642490e-01 2.701258e+00
-2.339085e-01 -9.784080e-01 2.736420e+00
-3.082020e-01 -9.925670e-01 2.771581e+00
-1.475820e-01 -9.916335e-01 2.762866e+00
1.303800e-02 -9.907000e-01 2.754150e+00
-9.948550e-02 -1.637120e-01 2.656162e+00
-2.120090e-01 6.632760e-01 2.558174e+00
-3.091665e-01 5.179205e-01 2.577635e+00
-4.063240e-01 3.725650e-01 2.597095e+00
-6.687300e-02 3.595180e-01 2.753551e+00
-1.808060e-01 4.077690e-01 2.557754e+00
-2.902330e-01 2.573790e-01 2.782628e+00
-3.912460e-01 8.320000e-04 2.583509e+00
-2.384500e-02 -4.764000e-03 2.750208e+00
-2.743510e-01 1.997200e-02 2.814833e+00
-4.391620e-01 1.019730e-01 2.533612e+00
3.906000e-02 1.053810e-01 2.805489e+00
-3.668110e-01 -1.817310e-01 2.485108e+00
1.116610e-01 -1.599870e-01 2.693318e+00
-3.145370e-01 -2.299860e-01 2.476086e+00
9.295800e-02 -2.082860e-01 2.643720e+00
-5.211700e-02 -5.040610e-01 2.659682e+00
-3.541540e-01 -5.095840e-01 2.629759e+00
-2.424770e-01 -9.228130e-01 2.662825e+00
-2.103240e-01 -8.187000e-01 2.938563e+00
-7.671800e-02 -9.982530e-01 2.651034e+00
-3.189500e-01 -9.445150e-01 2.863216e+00
-1.697000e-01 6.549620e-01 2.555299e+00
-3.637420e-01 3.795120e-01 2.554146e+00
-7.068500e-02 3.543510e-01 2.785146e+00
-1.332880e-01 3.990010e-01 2.566667e+00
-3.014220e-01 2.674720e-01 2.765643e+00
-3.547530e-01 2.324300e-02 2.534975e+00
-4.481100e-02 1.513000e-02 2.793185e+00
-3.045710e-01 2.259800e-02 2.789970e+00
-4.098470e-01 1.146750e-01 2.479965e+00
7.672600e-02 1.348430e-01 2.874561e+00
-3.156920e-01 -1.603090e-01 2.425541e+00
1.838170e-01 -7.410300e-02 2.694348e+00
-2.592690e-01 -2.045250e-01 2.423576e+00
2.093220e-01 -1.243630e-01 2.650009e+00
-1.673000e-02 -4.691210e-01 2.684162e+00
-3.382380e-01 -4.902250e-01 2.606649e+00
-3.254740e-01 -8.093640e-01 2.661525e+00
-2.495560e-01 -8.448430e-01 2.885901e+00
-1.936720e-01 -9.311690e-01 2.694663e+00
-3.517450e-01 -9.533370e-01 2.780578e+00
-1.138420e-01 6.464060e-01 2.562132e+00
-2.964370e-01 3.948670e-01 2.497792e+00
-7.975600e-02 3.575790e-01 2.800339e+00
-7.733000e-02 4.001680e-01 2.572687e+00
-3.018040e-01 2.848740e-01 2.719243e+00
-3.118030e-01 2.713100e-02 2.499043e+00
-7.433400e-02 1.664600e-02 2.825082e+00
-3.250870e-01 3.202900e-02 2.758544e+00
-3.573850e-01 1.523920e-01 2.381956e+00
9.716400e-02 2.530210e-01 2.984177e+00
-2.532080e-01 -1.174460e-01 2.340613e+00
2.458200e-01 1.439000e-01 2.757276e+00
-1.941810e-01 -1.575060e-01 2.347922e+00
2.808960e-01 1.187180e-01 2.700022e+00
-3.546800e-02 -4.770590e-01 2.713231e+00
-3.240750e-01 -4.794930e-01 2.560722e+00
-3.671790e-01 -7.539880e-01 2.555501e+00
-2.615290e-01 -8.147500e-01 2.869414e+00
-2.712450e-01 -8.995890e-01 2.609385e+00
-3.421300e-01 -9.335430e-01 2.756729e+00
-4.914500e-02 6.555750e-01 2.563075e+00
-2.468240e-01 3.946020e-01 2.455753e+00
-7.863200e-02 3.593460e-01 2.785960e+00
-4.099000e-02 3.965960e-01 2.561932e+00
-2.874090e-01 2.897440e-01 2.676038e+00
-2.836200e-01 3.054600e-02 2.478362e+00
-9.657600e-02 2.257800e-02 2.835789e+00
-3.336910e-01 4.892400e-02 2.732718e+00
-3.098350e-01 1.592810e-01 2.324651e+00
5.163800e-02 3.453380e-01 3.029785e+00
-1.913330e-01 -1.071150e-01 2.292276e+00
2.622890e-01 2.918060e-01 2.832525e+00
-1.349130e-01 -1.417060e-01 2.319892e+00
2.654030e-01 2.362360e-01 2.787307e+00
-3.721700e-02 -4.699750e-01 2.727044e+00
-3.020060e-01 -4.746280e-01 2.535893e+00
-3.385220e-01 -7.516640e-01 2.523412e+00
-2.660550e-01 -8.006810e-01 2.858378e+00
-2.470070e-01 -8.959360e-01 2.587575e+00
-3.267450e-01 -9.250480e-01 2.739401e+00
1.508700e-02 6.403310e-01 2.611631e+00
-2.186090e-01 3.849490e-01 2.445488e+00
-7.149000e-02 3.407660e-01 2.784617e+00
-1.940200e-02 3.615570e-01 2.561311e+00
-2.835620e-01 2.976270e-01 2.667578e+00
-2.779210e-01 3.508200e-02 2.483936e+00
-1.051780e-01 2.002100e-02 2.848265e+00
-3.378770e-01 4.963800e-02 2.736393e+00
-2.868790e-01 1.525710e-01 2.307117e+00
3.826700e-02 3.825410e-01 3.037779e+00
-1.544190e-01 -1.090840e-01 2.268640e+00
2.642150e-01 3.159890e-01 2.858635e+00
-1.052270e-01 -1.418790e-01 2.309224e+00
3.181300e-01 3.455700e-01 2.821749e+00
-3.668200e-02 -4.670430e-01 2.734077e+00
-2.915800e-01 -4.686930e-01 2.522246e+00
-3.160290e-01 -7.435880e-01 2.495145e+00
-2.665860e-01 -7.917530e-01 2.848753e+00
-2.271990e-01 -8.892660e-01 2.559901e+00
-3.192930e-01 -9.179560e-01 2.727918e+00
1.950700e-02 6.470580e-01 2.606165e+00
-1.406340e-01 3.755040e-01 2.431385e+00
-9.063500e-02 3.262250e-01 2.787404e+00
2.048700e-02 3.535690e-01 2.596322e+00
-2.604180e-01 2.801210e-01 2.625606e+00
-2.345680e-01 8.554000e-03 2.449935e+00
-1.572620e-01 1.186500e-02 2.845935e+00
-3.555320e-01 3.026700e-02 2.678927e+00
-2.249160e-01 1.680790e-01 2.264337e+00
-1.766400e-02 3.701660e-01 3.052948e+00
-9.147000e-02 -9.452000e-02 2.233071e+00
2.680350e-01 3.761990e-01 2.976880e+00
-5.217200e-02 -1.249870e-01 2.284742e+00
3.365360e-01 3.770500e-01 2.955683e+00
-3.209500e-02 -4.858610e-01 2.734353e+00
-2.636160e-01 -4.545710e-01 2.451191e+00
-2.629170e-01 -6.692520e-01 2.381240e+00
-2.688000e-01 -7.506130e-01 2.803231e+00
-2.015490e-01 -8.348810e-01 2.427145e+00
-2.992840e-01 -8.881060e-01 2.687160e+00
9.095300e-02 6.067030e-01 2.630079e+00
-1.176960e-01 3.539480e-01 2.436155e+00
-8.647300e-02 2.892020e-01 2.797013e+00
3.413300e-02 3.156390e-01 2.606819e+00
-2.521500e-01 2.610690e-01 2.621798e+00
-2.195800e-01 7.888000e-03 2.441382e+00
-1.625920e-01 -1.315700e-02 2.840271e+00
-3.509060e-01 2.402100e-02 2.665066e+00
-2.081460e-01 1.554650e-01 2.260787e+00
-1.868500e-02 3.037460e-01 3.067129e+00
-9.760500e-02 -1.186500e-01 2.233959e+00
2.725930e-01 2.963040e-01 3.016650e+00
-5.248900e-02 -1.454120e-01 2.282855e+00
3.426900e-01 2.942020e-01 3.001669e+00
-3.613000e-02 -5.020550e-01 2.707433e+00
-2.546100e-01 -4.627470e-01 2.423949e+00
-2.248910e-01 -6.498750e-01 2.314853e+00
-2.680520e-01 -7.410280e-01 2.789981e+00
-1.656000e-01 -8.188640e-01 2.349975e+00
-2.934290e-01 -8.844470e-01 2.680012e+00
1.351920e-01 5.506650e-01 2.634844e+00
-1.370480e-01 3.392070e-01 2.419090e+00
-7.342300e-02 2.747700e-01 2.778074e+00
2.970700e-02 3.091790e-01 2.577003e+00
-2.508960e-01 2.380780e-01 2.613974e+00
-2.273730e-01 9.240000e-04 2.436282e+00
-1.569290e-01 -4.056300e-02 2.831402e+00
-3.520040e-01 -8.960000e-04 2.664328e+00
-2.262690e-01 1.181990e-01 2.271459e+00
1.886800e-02 2.773590e-01 3.041218e+00
-1.269000e-01 -1.608120e-01 2.245780e+00
3.081300e-01 2.892310e-01 2.980947e+00
-8.864300e-02 -1.851010e-01 2.301358e+00
3.776840e-01 2.919560e-01 2.963706e+00
-2.766400e-02 -5.196120e-01 2.671465e+00
-2.501080e-01 -4.751270e-01 2.400244e+00
-1.446590e-01 -6.613930e-01 2.249789e+00
-2.597720e-01 -7.781950e-01 2.746158e+00
-7.445600e-02 -8.259890e-01 2.285654e+00
-2.853450e-01 -9.137540e-01 2.626675e+00
1.607870e-01 4.809430e-01 2.659663e+00
-2.178820e-01 2.856050e-01 2.418672e+00
-6.711900e-02 2.881620e-01 2.760929e+00
-2.022900e-02 3.152100e-01 2.535729e+00
-2.614990e-01 1.908900e-01 2.642936e+00
-2.633990e-01 -1.760000e-04 2.457349e+00
-1.230820e-01 -1.032720e-01 2.821334e+00
-3.464480e-01 -5.587400e-02 2.697227e+00
-3.079930e-01 3.990100e-02 2.316373e+00
8.375300e-02 3.284440e-01 2.991979e+00
-2.018980e-01 -2.385300e-01 2.315591e+00
3.497580e-01 3.977470e-01 2.882962e+00
-1.774330e-01 -3.059330e-01 2.314674e+00
4.133560e-01 4.141710e-01 2.854187e+00
-1.586600e-02 -5.395610e-01 2.608648e+00
-2.626050e-01 -4.936450e-01 2.364684e+00
-2.106000e-02 -8.555690e-01 2.274414e+00
-2.562960e-01 -8.183090e-01 2.690495e+00
8.900600e-02 -9.621980e-01 2.373518e+00
-2.946640e-01 -9.450650e-01 2.564929e+00
1.366350e-01 3.809670e-01 2.666366e+00
-2.547310e-01 2.683920e-01 2.483284e+00
-2.806300e-02 2.832910e-01 2.780395e+00
-3.548300e-02 3.025180e-01 2.549699e+00
-2.436490e-01 1.815140e-01 2.714578e+00
-2.449480e-01 -1.474100e-02 2.481333e+00
-3.007200e-02 -1.293520e-01 2.803040e+00
-2.729660e-01 -6.763100e-02 2.734234e+00
-3.580200e-01 3.127300e-02 2.372510e+00
1.778770e-01 3.194530e-01 2.964923e+00
-2.727510e-01 -2.495190e-01 2.426369e+00
4.170130e-01 3.862710e-01 2.804313e+00
-3.104530e-01 -3.083740e-01 2.442405e+00
4.736800e-01 4.021670e-01 2.763342e+00
-8.866000e-03 -5.721730e-01 2.578417e+00
-2.654010e-01 -4.997540e-01 2.369295e+00
-4.136500e-02 -8.972310e-01 2.254563e+00
-2.682870e-01 -8.390870e-01 2.679851e+00
8.515900e-02 -9.961910e-01 2.341194e+00
-3.307440e-01 -9.545700e-01 2.553087e+00
1.473030e-01 3.621560e-01 2.649482e+00
-2.261810e-01 2.904440e-01 2.535169e+00
6.523500e-02 1.933140e-01 2.748519e+00
1.521000e-03 2.481270e-01 2.532691e+00
-1.810350e-01 1.706110e-01 2.746757e+00
-2.505240e-01 -2.487000e-02 2.539098e+00
3.832500e-02 -1.815700e-01 2.773222e+00
-2.122160e-01 -1.128990e-01 2.780603e+00
-4.101120e-01 8.560300e-02 2.462583e+00
1.552150e-01 -5.513900e-02 2.848646e+00
-3.718050e-01 -2.099930e-01 2.414613e+00
2.371720e-01 -2.273840e-01 3.079735e+00
-3.302270e-01 -2.615940e-01 2.442017e+00
2.764600e-01 -2.667150e-01 3.125034e+00
-5.780000e-03 -5.913920e-01 2.540480e+00
-2.824750e-01 -5.154080e-01 2.370313e+00
-5.549600e-02 -9.272170e-01 2.230078e+00
-2.690320e-01 -8.518460e-01 2.683728e+00
9.692500e-02 -1.006578e+00 2.291525e+00
-3.527900e-01 -9.641470e-01 2.566770e+00
2.135940e-01 3.691580e-01 2.624064e+00
-1.769710e-01 3.085460e-01 2.631788e+00
1.275660e-01 1.283720e-01 2.752912e+00
3.996400e-02 2.495740e-01 2.576046e+00
-1.169390e-01 1.282910e-01 2.790130e+00
-2.972240e-01 -4.850700e-02 2.585509e+00
7.847400e-02 -1.852790e-01 2.725633e+00
-1.739960e-01 -1.423910e-01 2.803944e+00
-4.137040e-01 1.456040e-01 2.608237e+00
1.760250e-01 -1.440730e-01 2.677547e+00
-5.018620e-01 -1.037590e-01 2.454811e+00
2.731850e-01 -4.191390e-01 2.591594e+00
-5.218720e-01 -1.623380e-01 2.418609e+00
3.317130e-01 -4.544310e-01 2.569881e+00
-1.430300e-02 -5.967610e-01 2.500029e+00
-3.155050e-01 -5.019680e-01 2.367751e+00
-3.001700e-02 -1.050237e+00 2.424447e+00
-2.717990e-01 -8.430290e-01 2.673312e+00
1.469270e-01 -1.048923e+00 2.379778e+00
-3.732350e-01 -9.512690e-01 2.567005e+00
1.988770e-01 4.252210e-01 2.578452e+00
-1.678210e-01 3.091120e-01 2.690849e+00
1.583700e-01 1.262570e-01 2.684584e+00
1.677000e-02 2.604160e-01 2.559699e+00
-5.889700e-02 1.171200e-01 2.802394e+00
-3.109290e-01 -5.339300e-02 2.657160e+00
9.705500e-02 -1.672100e-01 2.647953e+00
-1.135760e-01 -1.470040e-01 2.812085e+00
-4.096950e-01 1.561460e-01 2.690934e+00
1.419750e-01 -9.614300e-02 2.507233e+00
-5.358530e-01 -5.088000e-02 2.508404e+00
1.736960e-01 -2.703930e-01 2.262455e+00
-5.652800e-01 -9.969700e-02 2.464890e+00
1.812560e-01 -3.118550e-01 2.204437e+00
-2.780500e-02 -5.807000e-01 2.476862e+00
-3.467720e-01 -4.929180e-01 2.377793e+00
-2.941700e-02 -1.040650e+00 2.470267e+00
-2.747160e-01 -8.382640e-01 2.672995e+00
1.275960e-01 -1.039866e+00 2.377248e+00
-3.903500e-01 -9.431690e-01 2.578496e+00
2.033300e-01 4.449780e-01 2.586086e+00
-1.428000e-01 2.965200e-01 2.717070e+00
1.684720e-01 1.156270e-01 2.615760e+00
8.773000e-03 2.674340e-01 2.544371e+00
-1.981500e-02 8.963500e-02 2.774002e+00
-3.135330e-01 -5.594600e-02 2.699682e+00
8.589200e-02 -1.625530e-01 2.587682e+00
-8.073400e-02 -1.486880e-01 2.799215e+00
-3.864300e-01 1.651700e-01 2.771031e+00
1.370580e-01 4.642800e-02 2.345258e+00
-5.550630e-01 5.506000e-03 2.582656e+00
5.652700e-02 1.563300e-02 2.060063e+00
-5.786580e-01 -3.369500e-02 2.527438e+00
4.154700e-02 3.613700e-02 1.992998e+00
-5.344000e-02 -5.785070e-01 2.468688e+00
-3.869030e-01 -4.927680e-01 2.392464e+00
-6.961500e-02 -1.038188e+00 2.462996e+00
-2.768400e-01 -8.074280e-01 2.709443e+00
7.437200e-02 -1.041866e+00 2.350922e+00
-3.998420e-01 -9.220150e-01 2.638403e+00
1.784190e-01 4.726730e-01 2.579324e+00
-1.439110e-01 2.054610e-01 2.773234e+00
1.335060e-01 1.372070e-01 2.531868e+00
-5.662300e-02 2.647180e-01 2.567043e+00
1.311400e-02 2.332700e-02 2.715457e+00
-2.934640e-01 -1.079940e-01 2.727143e+00
7.388000e-03 -1.397780e-01 2.486522e+00
-4.682900e-02 -1.657560e-01 2.732655e+00
-3.805510e-01 1.496390e-01 2.912265e+00
5.390900e-02 1.672480e-01 2.265892e+00
-5.524590e-01 6.661100e-02 2.684758e+00
-9.070800e-02 3.050950e-01 2.047330e+00
-5.954920e-01 4.607400e-02 2.631196e+00
-1.159650e-01 3.449590e-01 1.993335e+00
-7.829100e-02 -6.225210e-01 2.475328e+00
-4.438170e-01 -5.396840e-01 2.462514e+00
-8.579000e-02 -1.082411e+00 2.468647e+00
-2.617780e-01 -8.491660e-01 2.750061e+00
2.282900e-02 -1.082052e+00 2.321991e+00
-3.993650e-01 -9.635360e-01 2.714069e+00
1.074380e-01 4.643690e-01 2.555272e+00
-1.533640e-01 2.204690e-01 2.748533e+00
9.058600e-02 1.558380e-01 2.480028e+00
-1.055550e-01 2.610490e-01 2.525569e+00
1.877200e-02 5.332900e-02 2.688526e+00
-2.714170e-01 -1.059730e-01 2.724804e+00
-2.005400e-02 -1.360990e-01 2.458794e+00
-3.118700e-02 -1.550250e-01 2.703888e+00
-3.205370e-01 1.450200e-01 2.960814e+00
-4.520000e-04 2.529520e-01 2.233928e+00
-5.471720e-01 8.445000e-02 2.777885e+00
-1.716890e-01 4.167430e-01 2.055391e+00
-6.040640e-01 6.866400e-02 2.737183e+00
-1.941100e-01 4.778960e-01 2.025390e+00
-8.965200e-02 -6.374220e-01 2.501794e+00
-4.582830e-01 -5.423710e-01 2.518928e+00
-8.645500e-02 -1.097319e+00 2.492580e+00
-2.511870e-01 -8.698620e-01 2.766840e+00
-1.934900e-02 -1.093453e+00 2.322909e+00
-3.994260e-01 -9.752030e-01 2.751518e+00
9.196400e-02 4.923340e-01 2.538846e+00
-1.622610e-01 2.167870e-01 2.740373e+00
8.601900e-02 1.927800e-01 2.465601e+00
-1.177960e-01 2.811450e-01 2.522368e+00
1.959000e-02 6.695400e-02 2.665222e+00
-2.642910e-01 -8.966000e-02 2.734249e+00
-2.423700e-02 -1.359310e-01 2.460232e+00
-2.466600e-02 -1.381620e-01 2.706298e+00
-3.056400e-01 1.450240e-01 2.971086e+00
-3.759400e-02 2.976210e-01 2.236940e+00
-5.433830e-01 7.184400e-02 2.807132e+00
-2.159830e-01 4.760260e-01 2.079837e+00
-6.002710e-01 5.436300e-02 2.767125e+00
-2.422920e-01 5.409550e-01 2.064521e+00
-9.156600e-02 -6.325450e-01 2.530225e+00
-4.562470e-01 -5.377640e-01 2.579011e+00
-8.913600e-02 -1.092247e+00 2.513855e+00
-2.408700e-01 -8.915280e-01 2.779172e+00
-3.141500e-02 -1.085781e+00 2.340844e+00
-3.970270e-01 -9.859730e-01 2.780277e+00
8.911800e-02 5.067520e-01 2.530941e+00
-1.627960e-01 2.009040e-01 2.745183e+00
6.005400e-02 2.060530e-01 2.451201e+00
-1.408990e-01 2.796910e-01 2.528484e+00
1.911100e-02 6.582400e-02 2.646032e+00
-2.488820e-01 -9.215200e-02 2.762674e+00
-3.891900e-02 -1.440480e-01 2.465900e+00
-1.282800e-02 -1.381070e-01 2.710518e+00
-2.183910e-01 1.629090e-01 3.018514e+00
-7.320200e-02 3.380920e-01 2.242089e+00
-4.651910e-01 6.901000e-02 2.879310e+00
-2.788100e-01 5.048240e-01 2.105470e+00
-5.213600e-01 4.759100e-02 2.840210e+00
-2.957150e-01 5.745140e-01 2.105679e+00
-8.296000e-02 -6.402080e-01 2.570190e+00
-4.502560e-01 -5.491450e-01 2.631560e+00
-8.242100e-02 -1.099948e+00 2.554753e+00
-2.113340e-01 -8.992650e-01 2.810256e+00
-4.545600e-02 -1.093908e+00 2.376138e+00
-3.653160e-01 -9.957750e-01 2.827042e+00
5.466900e-02 5.114080e-01 2.519734e+00
-1.598850e-01 2.111490e-01 2.745928e+00
4.814600e-02 2.155830e-01 2.443349e+00
-1.516280e-01 2.831730e-01 2.526512e+00
2.286500e-02 8.063100e-02 2.643513e+00
-2.337800e-01 -8.760500e-02 2.777920e+00
-3.652800e-02 -1.472190e-01 2.473962e+00
2.950000e-04 -1.326710e-01 2.716832e+00
-1.728610e-01 1.818390e-01 3.025766e+00
-9.604200e-02 3.503290e-01 2.242888e+00
-4.289590e-01 6.507100e-02 2.925827e+00
-3.124140e-01 5.111450e-01 2.115217e+00
-4.902180e-01 3.712000e-02 2.901158e+00
-3.272010e-01 5.805560e-01 2.125508e+00
-8.421200e-02 -6.398120e-01 2.579228e+00
-4.269410e-01 -5.603600e-01 2.666753e+00
-8.281200e-02 -1.099761e+00 2.572466e+00
-1.951400e-01 -9.266400e-01 2.820725e+00
-5.552100e-02 -1.097025e+00 2.392039e+00
-3.523370e-01 -1.016449e+00 2.843736e+00
3.707400e-02 5.251850e-01 2.511478e+00
-1.365040e-01 2.219590e-01 2.761859e+00
4.063300e-02 2.265630e-01 2.439267e+00
-1.509050e-01 2.921260e-01 2.541599e+00
3.733400e-02 9.307500e-02 2.642122e+00
-2.096160e-01 -7.999900e-02 2.790520e+00
-4.297100e-02 -1.405700e-01 2.468941e+00
1.709900e-02 -1.270050e-01 2.707187e+00
-1.216660e-01 1.840320e-01 3.040568e+00
-1.180050e-01 3.496930e-01 2.241792e+00
-3.840180e-01 5.638000e-02 2.976649e+00
-3.401320e-01 5.114440e-01 2.124787e+00
-4.468850e-01 2.582500e-02 2.960631e+00
-3.557150e-01 5.809150e-01 2.133360e+00
-8.246000e-02 -6.354440e-01 2.587979e+00
-3.987870e-01 -5.702070e-01 2.688206e+00
-8.327400e-02 -1.095400e+00 2.581652e+00
-1.828070e-01 -9.510730e-01 2.829252e+00
-8.062500e-02 -1.092895e+00 2.399188e+00
-3.439260e-01 -1.032283e+00 2.856675e+00
3.676600e-02 5.337840e-01 2.501671e+00
-1.178060e-01 2.344550e-01 2.777486e+00
3.298900e-02 2.337680e-01 2.440291e+00
-1.517820e-01 2.978250e-01 2.557315e+00
4.899200e-02 1.062060e-01 2.647492e+00
-1.895810e-01 -6.836700e-02 2.812604e+00
-4.716300e-02 -1.277780e-01 2.479378e+00
3.077500e-02 -1.123030e-01 2.712272e+00
-7.969900e-02 1.894100e-01 3.052905e+00
-1.429720e-01 3.353270e-01 2.244586e+00
-3.392080e-01 4.349600e-02 3.028970e+00
-3.581310e-01 5.118020e-01 2.134847e+00
-4.015010e-01 8.549000e-03 3.022581e+00
-3.896270e-01 5.762160e-01 2.133664e+00
-8.156200e-02 -6.243280e-01 2.599406e+00
-3.902270e-01 -5.617820e-01 2.701776e+00
-8.093600e-02 -1.084125e+00 2.585776e+00
-1.109220e-01 -8.766920e-01 2.887303e+00
-1.003210e-01 -1.078775e+00 2.404387e+00
-2.539690e-01 -9.860540e-01 2.917027e+00
2.950000e-02 5.344740e-01 2.480133e+00
-6.961600e-02 2.994500e-01 2.756925e+00
3.265300e-02 2.870220e-01 2.398364e+00
-1.330750e-01 3.587270e-01 2.542205e+00
7.398300e-02 1.639030e-01 2.608014e+00
-1.419070e-01 5.630000e-03 2.797748e+00
-5.289800e-02 -8.199400e-02 2.452419e+00
6.076100e-02 -4.418800e-02 2.667375e+00
5.815000e-03 2.497700e-01 3.023719e+00
-1.802620e-01 3.368350e-01 2.219725e+00
-2.528360e-01 1.028840e-01 3.050787e+00
-3.925130e-01 5.261670e-01 2.126186e+00
-3.150400e-01 6.769200e-02 3.056677e+00
-4.199170e-01 5.924250e-01 2.127367e+00
-8.104000e-02 -5.663040e-01 2.604530e+00
-3.364600e-01 -5.312840e-01 2.703478e+00
-9.031900e-02 -1.025997e+00 2.590511e+00
-9.986300e-02 -8.754520e-01 2.896274e+00
-1.477680e-01 -1.019558e+00 2.417408e+00
-2.544520e-01 -9.702700e-01 2.916721e+00
-5.780000e-04 6.125520e-01 2.478886e+00
-6.521200e-02 3.300060e-01 2.759302e+00
2.746700e-02 2.811900e-01 2.402509e+00
-1.345370e-01 3.667290e-01 2.541378e+00
7.517400e-02 1.802270e-01 2.621368e+00
-1.397740e-01 2.871700e-02 2.794428e+00
-5.605400e-02 -7.468300e-02 2.452153e+00
6.116500e-02 -2.381800e-02 2.662453e+00
1.711400e-02 2.986720e-01 3.026841e+00
-1.780520e-01 3.217470e-01 2.212831e+00
-2.336710e-01 1.479760e-01 3.086896e+00
-3.982770e-01 4.997970e-01 2.114867e+00
-2.940280e-01 1.118090e-01 3.100734e+00
-4.253390e-01 5.659940e-01 2.109566e+00
-8.274600e-02 -5.481060e-01 2.610769e+00
-3.397080e-01 -5.159510e-01 2.707313e+00
-1.031520e-01 -1.007298e+00 2.592694e+00
-9.406700e-02 -8.660260e-01 2.876746e+00
-1.582460e-01 -9.980110e-01 2.418956e+00
-2.474950e-01 -9.616930e-01 2.901522e+00
-1.087500e-02 6.298970e-01 2.492456e+00
-9.042100e-02 3.478100e-01 2.741271e+00
2.807500e-02 3.035260e-01 2.389315e+00
-1.490390e-01 3.771740e-01 2.519129e+00
6.954300e-02 2.086630e-01 2.613924e+00
-1.587440e-01 6.662800e-02 2.786717e+00
-4.851500e-02 -5.204300e-02 2.457143e+00
5.255500e-02 1.866700e-02 2.670072e+00
-2.133700e-02 3.117190e-01 3.011940e+00
-1.786080e-01 2.589880e-01 2.199556e+00
-2.515640e-01 1.325440e-01 3.075976e+00
-4.009540e-01 4.342970e-01 2.096684e+00
-3.069850e-01 8.952000e-02 3.090807e+00
-4.350760e-01 4.970130e-01 2.089977e+00
-7.259300e-02 -5.096530e-01 2.606667e+00
-3.222470e-01 -5.017090e-01 2.697069e+00
-1.108180e-01 -9.662700e-01 2.647163e+00
-9.835400e-02 -8.750170e-01 2.845773e+00
-1.261390e-01 -9.810620e-01 2.465910e+00
-2.566950e-01 -9.648370e-01 2.858691e+00
-2.681300e-02 6.487530e-01 2.475402e+00
-1.436110e-01 3.794860e-01 2.716067e+00
5.971400e-02 2.933550e-01 2.414212e+00
-1.440920e-01 3.780560e-01 2.484457e+00
4.266700e-02 2.296900e-01 2.652590e+00
-2.069030e-01 4.165300e-02 2.778242e+00
-1.556300e-02 -2.790600e-02 2.472623e+00
2.858800e-02 2.361100e-02 2.709162e+00
-1.625900e-01 2.702950e-01 2.975808e+00
-1.272680e-01 1.841530e-01 2.229257e+00
-3.643000e-01 5.465400e-02 2.925965e+00
-3.675490e-01 3.136450e-01 2.100093e+00
-4.049680e-01 1.003700e-02 2.887262e+00
-4.097340e-01 3.691160e-01 2.083183e+00
-4.658300e-02 -5.121390e-01 2.582861e+00
-3.512750e-01 -4.605530e-01 2.709487e+00
-1.183060e-01 -9.552110e-01 2.683574e+00
-1.118920e-01 -8.317890e-01 2.837861e+00
-7.678400e-02 -1.000966e+00 2.511851e+00
-2.677190e-01 -9.207290e-01 2.871238e+00
-3.267500e-02 6.614930e-01 2.474570e+00
-1.613590e-01 3.653370e-01 2.741141e+00
6.218700e-02 2.999560e-01 2.448517e+00
-1.529550e-01 3.600530e-01 2.509739e+00
4.411800e-02 2.386020e-01 2.687425e+00
-2.177840e-01 1.676500e-02 2.772088e+00
-2.336000e-03 -2.583200e-02 2.477775e+00
2.223400e-02 -3.017000e-03 2.721557e+00
-2.407070e-01 1.806530e-01 2.944269e+00
-7.358800e-02 1.135520e-01 2.276508e+00
-4.195620e-01 -4.946100e-02 2.861291e+00
-3.236220e-01 1.760850e-01 2.113290e+00
-4.498290e-01 -6.798000e-02 2.798974e+00
-3.707340e-01 2.206280e-01 2.082649e+00
-3.696700e-02 -5.297060e-01 2.582990e+00
-3.374050e-01 -4.741790e-01 2.705834e+00
-1.391910e-01 -9.650070e-01 2.690986e+00
-9.650000e-02 -8.417480e-01 2.841693e+00
-7.296900e-02 -1.020445e+00 2.530215e+00
-2.519520e-01 -9.303750e-01 2.877558e+00
-7.554700e-02 6.488230e-01 2.485347e+00
-2.221970e-01 3.747360e-01 2.732550e+00
6.025700e-02 3.268530e-01 2.492128e+00
-1.634760e-01 3.844200e-01 2.508712e+00
-9.065000e-03 2.502560e-01 2.716840e+00
-2.634700e-01 1.291600e-02 2.747879e+00
7.610000e-03 -1.119300e-02 2.501329e+00
-1.748400e-02 6.721000e-03 2.745466e+00
-3.610840e-01 1.485210e-01 2.834996e+00
2.880900e-02 5.288100e-02 2.412936e+00
-4.174510e-01 -1.353750e-01 2.749804e+00
-1.769860e-01 -7.886100e-02 2.231673e+00
-4.583050e-01 -1.940250e-01 2.744005e+00
-2.311670e-01 -9.755900e-02 2.188575e+00
-3.291300e-02 -5.236370e-01 2.588021e+00
-3.279460e-01 -4.788770e-01 2.695233e+00
-1.339820e-01 -9.544280e-01 2.713736e+00
-1.082400e-01 -8.618670e-01 2.824259e+00
-4.345000e-02 -1.018023e+00 2.568595e+00
-2.685700e-01 -9.450410e-01 2.850387e+00
-9.000900e-02 6.667390e-01 2.504218e+00
-2.776090e-01 3.724490e-01 2.733850e+00
2.119000e-02 3.396380e-01 2.511322e+00
-2.068060e-01 3.803620e-01 2.513464e+00
-5.521200e-02 2.642490e-01 2.734138e+00
-2.933110e-01 1.183100e-02 2.749590e+00
-9.025000e-03 -1.407000e-03 2.517515e+00
-4.750100e-02 1.685600e-02 2.759878e+00
-4.014520e-01 1.240000e-01 2.794766e+00
6.284000e-02 5.678100e-02 2.499751e+00
-4.052360e-01 -1.641910e-01 2.706685e+00
-5.581700e-02 -1.910440e-01 2.371030e+00
-4.107510e-01 -1.967550e-01 2.643032e+00
-1.079920e-01 -2.284080e-01 2.339027e+00
-2.118000e-02 -5.059690e-01 2.586951e+00
-3.278730e-01 -4.895410e-01 2.683780e+00
-1.504820e-01 -9.295210e-01 2.711390e+00
-1.298130e-01 -8.803360e-01 2.823965e+00
-3.260000e-02 -1.000696e+00 2.591623e+00
-2.934420e-01 -9.608820e-01 2.830608e+00
-1.219180e-01 6.647760e-01 2.501128e+00
