-3.948910e-01 3.399070e-01 2.670267e+00
-2.106260e-01 3.288215e-01 2.703129e+00
-2.636100e-02 3.177360e-01 2.735990e+00
-1.077265e-01 3.500960e-01 2.668230e+00
-1.890920e-01 3.824560e-01 2.600471e+00
-2.097070e-01 2.921390e-01 2.685599e+00
-2.303220e-01 2.018220e-01 2.770727e+00
-2.982750e-01 8.812250e-02 2.693828e+00
-3.662280e-01 -2.557700e-02 2.616930e+00
-2.009690e-01 -2.096900e-02 2.646801e+00
-3.571000e-02 -1.636100e-02 2.676672e+00
-1.267550e-01 -2.638400e-02 2.709485e+00
-2.178000e-01 -3.640700e-02 2.742298e+00
-3.272200e-01 1.413200e-02 2.716569e+00
-4.366400e-01 6.467100e-02 2.690839e+00
-2.116255e-01 5.703150e-02 2.746325e+00
1.338900e-02 4.939200e-02 2.801811e+00
-2.040820e-01 -8.999300e-02 2.726877e+00
-4.215530e-01 -2.293780e-01 2.651942e+00
-2.094125e-01 -2.383710e-01 2.724257e+00
2.728000e-03 -2.473640e-01 2.796572e+00
-2.019970e-01 -2.734490e-01 2.727062e+00
-4.067220e-01 -2.995340e-01 2.657552e+00
-2.033360e-01 -3.093405e-01 2.725236e+00
5.000000e-05 -3.191470e-01 2.792921e+00
-1.504945e-01 -4.362145e-01 2.752674e+00
-3.010390e-01 -5.532820e-01 2.712427e+00
-1.997225e-01 -5.533845e-01 2.713724e+00
-9.840600e-02 -5.534870e-01 2.715021e+00
-1.929200e-01 -7.655010e-01 2.737019e+00
-2.874340e-01 -9.775150e-01 2.759017e+00
-1.972770e-01 -9.787730e-01 2.745875e+00
-1.071200e-01 -9.800310e-01 2.732734e+00
-1.819225e-01 -9.878565e-01 2.658682e+00
-2.567250e-01 -9.956820e-01 2.584630e+00
-1.651040e-01 -9.918255e-01 2.571375e+00
-7.348300e-02 -9.879690e-01 2.558121e+00
-1.342770e-01 -1.967160e-01 2.585350e+00
-1.950710e-01 5.945370e-01 2.612579e+00
-2.950695e-01 4.662515e-01 2.640381e+00
-3.950680e-01 3.379660e-01 2.668183e+00
-2.111940e-01 3.286285e-01 2.703671e+00
-2.732000e-02 3.192910e-01 2.739158e+00
-1.080305e-01 3.512210e-01 2.670420e+00
-1.887410e-01 3.831510e-01 2.601681e+00
-2.096255e-01 2.920720e-01 2.685926e+00
-2.305100e-01 2.009930e-01 2.770171e+00
-2.964610e-01 8.779100e-02 2.691482e+00
-3.624120e-01 -2.541100e-02 2.612793e+00
-1.980150e-01 -2.155350e-02 2.647184e+00
-3.361800e-02 -1.769600e-02 2.681576e+00
-1.255675e-01 -2.739850e-02 2.711865e+00
-2.175170e-01 -3.710100e-02 2.742154e+00
-3.285230e-01 1.294750e-02 2.709436e+00
-4.395290e-01 6.299600e-02 2.676718e+00
-2.098610e-01 5.643400e-02 2.734631e+00
1.980700e-02 4.987200e-02 2.792545e+00
-1.997930e-01 -9.031900e-02 2.716219e+00
-4.193930e-01 -2.305100e-01 2.639892e+00
-2.068875e-01 -2.377980e-01 2.702932e+00
5.618000e-03 -2.450860e-01 2.765972e+00
-1.973265e-01 -2.723235e-01 2.706081e+00
-4.002710e-01 -2.995610e-01 2.646191e+00
-1.990090e-01 -3.081065e-01 2.702908e+00
2.253000e-03 -3.166520e-01 2.759625e+00
-1.498120e-01 -4.348160e-01 2.735886e+00
-3.018770e-01 -5.529800e-01 2.712146e+00
-1.972575e-01 -5.535975e-01 2.714152e+00
-9.263800e-02 -5.542150e-01 2.716159e+00
-1.884080e-01 -7.657290e-01 2.736607e+00
-2.841780e-01 -9.772430e-01 2.757054e+00
-1.953405e-01 -9.790270e-01 2.742800e+00
-1.065030e-01 -9.808110e-01 2.728545e+00
-1.779630e-01 -9.874975e-01 2.655925e+00
-2.494230e-01 -9.941840e-01 2.583304e+00
-1.583335e-01 -9.906540e-01 2.569174e+00
-6.724400e-02 -9.871240e-01 2.555044e+00
-1.315600e-01 -1.983330e-01 2.582142e+00
-1.958760e-01 5.904580e-01 2.609241e+00
-2.958135e-01 4.625025e-01 2.640134e+00
-3.957510e-01 3.345470e-01 2.671027e+00
-2.116535e-01 3.277290e-01 2.705924e+00
-2.755600e-02 3.209110e-01 2.740821e+00
-1.089470e-01 3.522070e-01 2.672594e+00
-1.903380e-01 3.835030e-01 2.604368e+00
-2.095740e-01 2.913615e-01 2.687847e+00
-2.288100e-01 1.992200e-01 2.771325e+00
-2.949340e-01 8.872250e-02 2.690758e+00
-3.610580e-01 -2.177500e-02 2.610192e+00
-1.968115e-01 -2.077850e-02 2.645493e+00
-3.256500e-02 -1.978200e-02 2.680794e+00
-1.248450e-01 -2.764700e-02 2.710608e+00
-2.171250e-01 -3.551200e-02 2.740422e+00
-3.275825e-01 1.199600e-02 2.705088e+00
-4.380400e-01 5.950400e-02 2.669754e+00
-2.087140e-01 5.422350e-02 2.722257e+00
2.061200e-02 4.894300e-02 2.774760e+00
-1.939295e-01 -9.140500e-02 2.700156e+00
-4.084710e-01 -2.317530e-01 2.625552e+00
-2.016615e-01 -2.380005e-01 2.681059e+00
5.148000e-03 -2.442480e-01 2.736566e+00
-1.919760e-01 -2.725970e-01 2.682671e+00
-3.891000e-01 -3.009460e-01 2.628777e+00
-1.946115e-01 -3.049430e-01 2.667176e+00
-1.230000e-04 -3.089400e-01 2.705575e+00
-1.508050e-01 -4.302515e-01 2.707223e+00
-3.014870e-01 -5.515630e-01 2.708871e+00
-1.969155e-01 -5.531505e-01 2.711333e+00
-9.234400e-02 -5.547380e-01 2.713796e+00
-1.880095e-01 -7.649785e-01 2.736470e+00
-2.836750e-01 -9.752190e-01 2.759143e+00
-1.947605e-01 -9.780570e-01 2.748058e+00
-1.058460e-01 -9.808950e-01 2.736973e+00
-1.772370e-01 -9.876120e-01 2.661325e+00
-2.486280e-01 -9.943290e-01 2.585677e+00
-1.573120e-01 -9.929520e-01 2.574749e+00
-6.599600e-02 -9.915750e-01 2.563821e+00
-1.329950e-01 -2.006205e-01 2.584614e+00
-1.999940e-01 5.903340e-01 2.605407e+00
-3.020590e-01 4.635360e-01 2.636109e+00
-4.041240e-01 3.367380e-01 2.666812e+00
-2.208305e-01 3.288955e-01 2.705517e+00
-3.753700e-02 3.210530e-01 2.744222e+00
-1.174200e-01 3.541600e-01 2.675075e+00
-1.973030e-01 3.872670e-01 2.605927e+00
-2.183615e-01 2.930070e-01 2.686553e+00
-2.394200e-01 1.987470e-01 2.767179e+00
-2.990755e-01 8.668600e-02 2.689027e+00
-3.587310e-01 -2.537500e-02 2.610875e+00
-1.947005e-01 -2.031350e-02 2.646823e+00
-3.067000e-02 -1.525200e-02 2.682771e+00
-1.227785e-01 -2.639600e-02 2.712065e+00
-2.148870e-01 -3.754000e-02 2.741359e+00
-3.268415e-01 1.021750e-02 2.700314e+00
-4.387960e-01 5.797500e-02 2.659268e+00
-2.071020e-01 5.307200e-02 2.714412e+00
2.459200e-02 4.816900e-02 2.769557e+00
-1.868415e-01 -9.265700e-02 2.687956e+00
-3.982750e-01 -2.334830e-01 2.606355e+00
-1.782565e-01 -2.383360e-01 2.655530e+00
4.176200e-02 -2.431890e-01 2.704705e+00
-1.683285e-01 -2.728570e-01 2.657283e+00
-3.784190e-01 -3.025250e-01 2.609861e+00
-1.663455e-01 -3.085175e-01 2.653072e+00
4.572800e-02 -3.145100e-01 2.696282e+00
-1.267150e-01 -4.335865e-01 2.700941e+00
-2.991580e-01 -5.526630e-01 2.705601e+00
-1.948335e-01 -5.525370e-01 2.710820e+00
-9.050900e-02 -5.524110e-01 2.716039e+00
-1.874550e-01 -7.643785e-01 2.736333e+00
-2.844010e-01 -9.763460e-01 2.756627e+00
-1.953120e-01 -9.776340e-01 2.742878e+00
-1.062230e-01 -9.789220e-01 2.729129e+00
-1.769740e-01 -9.874175e-01 2.656339e+00
-2.477250e-01 -9.959130e-01 2.583549e+00
-1.564150e-01 -9.908305e-01 2.569813e+00
-6.510500e-02 -9.857480e-01 2.556078e+00
-1.368135e-01 -1.941925e-01 2.584796e+00
-2.085220e-01 5.973630e-01 2.613515e+00
-3.095610e-01 4.669705e-01 2.636690e+00
-4.106000e-01 3.365780e-01 2.659865e+00
-2.287615e-01 3.321880e-01 2.705380e+00
-4.692300e-02 3.277980e-01 2.750896e+00
-1.249335e-01 3.606460e-01 2.679523e+00
-2.029440e-01 3.934940e-01 2.608150e+00
-2.246880e-01 2.968375e-01 2.685697e+00
-2.464320e-01 2.001810e-01 2.763245e+00
-2.928375e-01 9.333100e-02 2.681645e+00
-3.392430e-01 -1.351900e-02 2.600045e+00
-1.784685e-01 -1.571350e-02 2.648735e+00
-1.769400e-02 -1.790800e-02 2.697425e+00
-1.122310e-01 -2.451900e-02 2.719456e+00
-2.067680e-01 -3.113000e-02 2.741486e+00
-3.192525e-01 1.201950e-02 2.695926e+00
-4.317370e-01 5.516900e-02 2.650365e+00
-1.933885e-01 5.930900e-02 2.719370e+00
4.496000e-02 6.344900e-02 2.788375e+00
-1.738310e-01 -8.609200e-02 2.687142e+00
-3.926220e-01 -2.356330e-01 2.585908e+00
-1.306935e-01 -2.055450e-01 2.606937e+00
1.312350e-01 -1.754570e-01 2.627966e+00
-1.211735e-01 -2.396840e-01 2.613036e+00
-3.735820e-01 -3.039110e-01 2.598106e+00
-1.091900e-01 -2.636110e-01 2.589011e+00
1.552020e-01 -2.233110e-01 2.579916e+00
-7.126350e-02 -3.837690e-01 2.640953e+00
-2.977290e-01 -5.442270e-01 2.701989e+00
-1.946375e-01 -5.484415e-01 2.708821e+00
-9.154600e-02 -5.526560e-01 2.715654e+00
-1.907090e-01 -7.604285e-01 2.733887e+00
-2.898720e-01 -9.682010e-01 2.752120e+00
-1.983135e-01 -9.737170e-01 2.739599e+00
-1.067550e-01 -9.792330e-01 2.727077e+00
-1.740010e-01 -9.833255e-01 2.654524e+00
-2.412470e-01 -9.874180e-01 2.581972e+00
-1.475275e-01 -9.865430e-01 2.569614e+00
-5.380800e-02 -9.856680e-01 2.557256e+00
-1.331765e-01 -1.942910e-01 2.584542e+00
-2.125450e-01 5.970860e-01 2.611827e+00
-3.129565e-01 4.645325e-01 2.627093e+00
-4.133680e-01 3.319790e-01 2.642359e+00
-2.348175e-01 3.311480e-01 2.699589e+00
-5.626700e-02 3.303170e-01 2.756819e+00
-1.297115e-01 3.593800e-01 2.679230e+00
-2.031560e-01 3.884430e-01 2.601641e+00
-2.292715e-01 2.950215e-01 2.681761e+00
-2.553870e-01 2.016000e-01 2.761882e+00
-2.975275e-01 9.392150e-02 2.677843e+00
-3.396680e-01 -1.375700e-02 2.593805e+00
-1.821430e-01 -1.353350e-02 2.652200e+00
-2.461800e-02 -1.331000e-02 2.710594e+00
-1.202110e-01 -2.135150e-02 2.726830e+00
-2.158040e-01 -2.939300e-02 2.743066e+00
-3.245440e-01 1.164150e-02 2.689995e+00
-4.332840e-01 5.267600e-02 2.636923e+00
-1.718615e-01 7.386750e-02 2.718225e+00
8.956100e-02 9.505900e-02 2.799528e+00
-1.471115e-01 -7.046250e-02 2.690777e+00
-3.837840e-01 -2.359840e-01 2.582026e+00
-7.694050e-02 -1.277045e-01 2.572470e+00
2.299030e-01 -1.942500e-02 2.562914e+00
-6.870350e-02 -1.627040e-01 2.573202e+00
-3.673100e-01 -3.059830e-01 2.583490e+00
-5.158250e-02 -1.769190e-01 2.544951e+00
2.641450e-01 -4.785500e-02 2.506411e+00
-1.676600e-02 -2.960545e-01 2.600633e+00
-2.976770e-01 -5.442540e-01 2.694854e+00
-1.971745e-01 -5.473285e-01 2.705379e+00
-9.667200e-02 -5.504030e-01 2.715904e+00
-1.934675e-01 -7.591115e-01 2.732146e+00
-2.902630e-01 -9.678200e-01 2.748388e+00
-1.964420e-01 -9.725720e-01 2.734990e+00
-1.026210e-01 -9.773240e-01 2.721591e+00
-1.667985e-01 -9.825840e-01 2.651670e+00
-2.309760e-01 -9.878440e-01 2.581750e+00
-1.354430e-01 -9.841305e-01 2.568391e+00
-3.991000e-02 -9.804170e-01 2.555032e+00
-1.314225e-01 -1.945465e-01 2.573557e+00
-2.229350e-01 5.913240e-01 2.592082e+00
-3.171010e-01 4.602160e-01 2.597591e+00
-4.112670e-01 3.291080e-01 2.603100e+00
-2.413195e-01 3.324820e-01 2.682237e+00
-7.137200e-02 3.358560e-01 2.761374e+00
-1.350100e-01 3.625055e-01 2.674779e+00
-1.986480e-01 3.891550e-01 2.588183e+00
-2.329380e-01 2.962505e-01 2.665783e+00
-2.672280e-01 2.033460e-01 2.743383e+00
-3.021595e-01 9.238050e-02 2.665762e+00
-3.370910e-01 -1.858500e-02 2.588141e+00
-1.849555e-01 -1.570650e-02 2.659349e+00
-3.282000e-02 -1.282800e-02 2.730556e+00
-1.293390e-01 -2.177000e-02 2.738950e+00
-2.258580e-01 -3.071200e-02 2.747344e+00
-3.318620e-01 1.320250e-02 2.668398e+00
-4.378660e-01 5.711700e-02 2.589453e+00
-1.399140e-01 1.280820e-01 2.705109e+00
1.580380e-01 1.990470e-01 2.820765e+00
-1.180390e-01 -1.541500e-02 2.694206e+00
-3.941160e-01 -2.298770e-01 2.567648e+00
-3.572100e-02 1.722350e-02 2.578677e+00
3.226740e-01 2.643240e-01 2.589706e+00
-2.195550e-02 -1.599850e-02 2.578313e+00
-3.665850e-01 -2.963210e-01 2.566920e+00
-1.445000e-03 -7.984000e-03 2.549880e+00
3.636950e-01 2.803530e-01 2.532840e+00
3.280500e-02 -1.342275e-01 2.610969e+00
-2.980850e-01 -5.488080e-01 2.689098e+00
-2.016780e-01 -5.508085e-01 2.703460e+00
-1.052710e-01 -5.528090e-01 2.717821e+00
-1.979510e-01 -7.619110e-01 2.735148e+00
-2.906310e-01 -9.710130e-01 2.752475e+00
-1.962145e-01 -9.753875e-01 2.737810e+00
-1.017980e-01 -9.797620e-01 2.723144e+00
-1.599550e-01 -9.868265e-01 2.657339e+00
-2.181120e-01 -9.938910e-01 2.591535e+00
-1.220935e-01 -9.875225e-01 2.576797e+00
-2.607500e-02 -9.811540e-01 2.562060e+00
-1.241775e-01 -1.976780e-01 2.565408e+00
-2.222800e-01 5.857980e-01 2.568756e+00
-3.084710e-01 4.585240e-01 2.574072e+00
-3.946620e-01 3.312500e-01 2.579387e+00
-2.305635e-01 3.356075e-01 2.669990e+00
-6.646500e-02 3.399650e-01 2.760594e+00
-1.228730e-01 3.612275e-01 2.667724e+00
-1.792810e-01 3.824900e-01 2.574854e+00
-2.225315e-01 2.978295e-01 2.657260e+00
-2.657820e-01 2.131690e-01 2.739666e+00
-3.023940e-01 9.869750e-02 2.663741e+00
-3.390060e-01 -1.577400e-02 2.587817e+00
-1.872555e-01 -1.396950e-02 2.659877e+00
-3.550500e-02 -1.216500e-02 2.731936e+00
-1.322250e-01 -1.903700e-02 2.739953e+00
-2.289450e-01 -2.590900e-02 2.747971e+00
-3.352420e-01 1.879800e-02 2.662477e+00
-4.415390e-01 6.350500e-02 2.576983e+00
-1.274290e-01 1.726720e-01 2.708879e+00
1.866810e-01 2.818390e-01 2.840775e+00
-1.101720e-01 2.942100e-02 2.699288e+00
-4.070250e-01 -2.229970e-01 2.557802e+00
-3.639000e-02 1.095175e-01 2.604150e+00
3.342450e-01 4.420320e-01 2.650497e+00
-1.837350e-02 7.841000e-02 2.605186e+00
-3.709920e-01 -2.852120e-01 2.559874e+00
-2.486500e-03 9.686900e-02 2.578724e+00
3.660190e-01 4.789500e-01 2.597575e+00
3.163800e-02 -3.442600e-02 2.640385e+00
-3.027430e-01 -5.478020e-01 2.683195e+00
-2.068375e-01 -5.499020e-01 2.699069e+00
-1.109320e-01 -5.520020e-01 2.714942e+00
-2.014010e-01 -7.609305e-01 2.730999e+00
-2.918700e-01 -9.698590e-01 2.747056e+00
-1.956720e-01 -9.743230e-01 2.734618e+00
-9.947400e-02 -9.787870e-01 2.722180e+00
-1.594770e-01 -9.855750e-01 2.654092e+00
-2.194800e-01 -9.923630e-01 2.586005e+00
-1.213355e-01 -9.859150e-01 2.573680e+00
-2.319100e-02 -9.794670e-01 2.561355e+00
-1.171710e-01 -2.010375e-01 2.544840e+00
-2.111510e-01 5.773920e-01 2.528324e+00
-2.955555e-01 4.548720e-01 2.542138e+00
-3.799600e-01 3.323520e-01 2.555952e+00
-2.222695e-01 3.376065e-01 2.657255e+00
-6.457900e-02 3.428610e-01 2.758557e+00
-1.143440e-01 3.619510e-01 2.661512e+00
-1.641090e-01 3.810410e-01 2.564467e+00
-2.138965e-01 2.993770e-01 2.646204e+00
-2.636840e-01 2.177130e-01 2.727941e+00
-2.984785e-01 1.003850e-01 2.650656e+00
-3.332730e-01 -1.694300e-02 2.573371e+00
-1.917950e-01 -1.254650e-02 2.663862e+00
-5.031700e-02 -8.150000e-03 2.754353e+00
-1.472700e-01 -1.523850e-02 2.750329e+00
-2.442230e-01 -2.232700e-02 2.746305e+00
-3.424600e-01 2.201150e-02 2.658370e+00
-4.406970e-01 6.635000e-02 2.570434e+00
-1.285540e-01 2.032895e-01 2.721641e+00
1.835890e-01 3.402290e-01 2.872847e+00
-1.160155e-01 5.870650e-02 2.713524e+00
-4.156200e-01 -2.228160e-01 2.554201e+00
-4.664900e-02 1.632900e-01 2.640189e+00
3.223220e-01 5.493960e-01 2.726178e+00
-3.153050e-02 1.306605e-01 2.640493e+00
-3.853830e-01 -2.880750e-01 2.554809e+00
-1.442450e-02 1.529715e-01 2.618068e+00
3.565340e-01 5.940180e-01 2.681327e+00
2.660850e-02 2.282750e-02 2.677307e+00
-3.033170e-01 -5.483630e-01 2.673288e+00
-2.078700e-01 -5.491020e-01 2.689837e+00
-1.124230e-01 -5.498410e-01 2.706385e+00
-2.026315e-01 -7.595185e-01 2.725610e+00
-2.928400e-01 -9.691960e-01 2.744834e+00
-1.982550e-01 -9.727605e-01 2.735144e+00
-1.036700e-01 -9.763250e-01 2.725455e+00
-1.525585e-01 -9.844540e-01 2.659672e+00
-2.014470e-01 -9.925830e-01 2.593889e+00
-1.044730e-01 -9.868140e-01 2.584817e+00
-7.499000e-03 -9.810450e-01 2.575746e+00
-1.106225e-01 -2.155865e-01 2.523846e+00
-2.137460e-01 5.498720e-01 2.471945e+00
-2.884370e-01 4.356320e-01 2.495664e+00
-3.631280e-01 3.213920e-01 2.519382e+00
-2.146840e-01 3.267620e-01 2.632300e+00
-6.624000e-02 3.321320e-01 2.745219e+00
-1.059810e-01 3.445905e-01 2.643464e+00
-1.457220e-01 3.570490e-01 2.541710e+00
-2.074630e-01 2.872000e-01 2.626196e+00
-2.692040e-01 2.173510e-01 2.710683e+00
-3.004825e-01 9.704550e-02 2.639233e+00
-3.317610e-01 -2.326000e-02 2.567783e+00
-1.975865e-01 -1.848550e-02 2.668771e+00
-6.341200e-02 -1.371100e-02 2.769758e+00
-1.599540e-01 -1.808100e-02 2.758492e+00
-2.564960e-01 -2.245100e-02 2.747226e+00
-3.509530e-01 1.805550e-02 2.651311e+00
-4.454100e-01 5.856200e-02 2.555395e+00
-1.516840e-01 2.142445e-01 2.740219e+00
1.420420e-01 3.699270e-01 2.925043e+00
-1.440980e-01 6.668550e-02 2.741183e+00
-4.302380e-01 -2.365560e-01 2.557323e+00
-4.836650e-02 1.740635e-01 2.707454e+00
3.335050e-01 5.846830e-01 2.857586e+00
-3.197200e-02 1.420550e-01 2.707433e+00
-3.974490e-01 -3.005730e-01 2.557279e+00
-2.487300e-02 1.747390e-01 2.694216e+00
3.477030e-01 6.500510e-01 2.831152e+00
1.736700e-02 4.739150e-02 2.743905e+00
-3.129690e-01 -5.552680e-01 2.656659e+00
-2.122370e-01 -5.539940e-01 2.670008e+00
-1.115050e-01 -5.527200e-01 2.683356e+00
-2.014830e-01 -7.631635e-01 2.711419e+00
-2.914610e-01 -9.736070e-01 2.739481e+00
-1.965035e-01 -9.756935e-01 2.731132e+00
-1.015460e-01 -9.777800e-01 2.722783e+00
-1.477360e-01 -9.877315e-01 2.657662e+00
-1.939260e-01 -9.976830e-01 2.592542e+00
-9.519600e-02 -9.931450e-01 2.586030e+00
3.534000e-03 -9.886070e-01 2.579518e+00
-9.585900e-02 -2.379745e-01 2.501316e+00
-1.952520e-01 5.126580e-01 2.423114e+00
-2.771770e-01 4.056005e-01 2.460827e+00
-3.591020e-01 2.985430e-01 2.498540e+00
-7.015500e-02 3.051570e-01 2.735122e+00
-1.415630e-01 3.275350e-01 2.528056e+00
-2.757730e-01 1.963180e-01 2.695641e+00
-3.334810e-01 -4.036200e-02 2.565130e+00
-7.162400e-02 -2.981100e-02 2.775406e+00
-2.640190e-01 -3.558900e-02 2.746838e+00
-4.523550e-01 3.850500e-02 2.550322e+00
1.228260e-01 3.380630e-01 2.936798e+00
-4.384340e-01 -2.595820e-01 2.569652e+00
3.611400e-01 5.185890e-01 2.930496e+00
-4.049100e-01 -3.231020e-01 2.565816e+00
4.187110e-01 5.617020e-01 2.929945e+00
-3.209960e-01 -5.717050e-01 2.635327e+00
-1.082230e-01 -5.640740e-01 2.661266e+00
-2.866330e-01 -9.855320e-01 2.734804e+00
-9.999000e-02 -9.870600e-01 2.719094e+00
-1.945640e-01 -1.013868e+00 2.585123e+00
4.719000e-03 -1.004556e+00 2.576217e+00
-1.822800e-01 4.820390e-01 2.403898e+00
-3.656110e-01 2.784530e-01 2.490286e+00
-6.669200e-02 2.803240e-01 2.716712e+00
-1.460270e-01 2.984140e-01 2.510766e+00
-2.795270e-01 1.797320e-01 2.687988e+00
-3.421480e-01 -5.694800e-02 2.568695e+00
-7.266200e-02 -4.809900e-02 2.769182e+00
-2.660500e-01 -4.956800e-02 2.747636e+00
-4.533550e-01 1.748300e-02 2.556461e+00
1.037360e-01 2.528330e-01 2.941172e+00
-4.485610e-01 -2.825310e-01 2.583576e+00
3.716600e-01 3.720640e-01 3.010217e+00
-4.162540e-01 -3.466510e-01 2.579315e+00
4.358100e-01 3.998160e-01 3.027184e+00
-3.261230e-01 -5.877030e-01 2.615173e+00
-1.113510e-01 -5.774760e-01 2.641266e+00
-2.818410e-01 -9.956790e-01 2.733173e+00
-1.003520e-01 -9.994240e-01 2.705827e+00
-2.091250e-01 -1.033488e+00 2.575164e+00
-4.148000e-03 -1.019622e+00 2.557433e+00
-1.868960e-01 4.532970e-01 2.384042e+00
-3.959510e-01 2.408260e-01 2.498318e+00
-6.232900e-02 2.446750e-01 2.669508e+00
-1.758090e-01 2.558360e-01 2.479685e+00
-2.787490e-01 1.486000e-01 2.682710e+00
-3.597720e-01 -7.763700e-02 2.589299e+00
-5.833900e-02 -8.739600e-02 2.737418e+00
-2.519740e-01 -7.401100e-02 2.751261e+00
-4.603390e-01 -1.387600e-02 2.597147e+00
6.638800e-02 7.944400e-02 2.856369e+00
-4.568210e-01 -3.112370e-01 2.624509e+00
2.970980e-01 1.108700e-02 3.033244e+00
-4.353170e-01 -3.724860e-01 2.593533e+00
3.526500e-01 -5.730000e-03 3.075724e+00
-3.366430e-01 -6.104220e-01 2.598211e+00
-1.195970e-01 -6.015810e-01 2.592298e+00
-2.797130e-01 -1.014159e+00 2.725034e+00
-1.108550e-01 -1.011551e+00 2.711367e+00
-2.483470e-01 -1.062628e+00 2.556657e+00
-5.021700e-02 -1.057034e+00 2.550313e+00
-2.004300e-01 4.207060e-01 2.364959e+00
-4.124050e-01 2.274600e-01 2.522755e+00
-5.347600e-02 2.181360e-01 2.630958e+00
-1.988350e-01 2.292520e-01 2.464278e+00
-2.684210e-01 1.350610e-01 2.686991e+00
-3.679680e-01 -9.066700e-02 2.601767e+00
-5.218600e-02 -1.114370e-01 2.714667e+00
-2.423060e-01 -9.029000e-02 2.750341e+00
-4.626920e-01 -3.044500e-02 2.625203e+00
5.332400e-02 -8.425000e-03 2.760584e+00
-4.522720e-01 -3.302890e-01 2.629884e+00
2.038290e-01 -2.119920e-01 2.921661e+00
-4.356100e-01 -3.962490e-01 2.606538e+00
2.399350e-01 -2.594210e-01 2.961913e+00
-3.413650e-01 -6.240020e-01 2.588751e+00
-1.278340e-01 -6.192660e-01 2.572839e+00
-2.756470e-01 -1.025141e+00 2.719511e+00
-1.220410e-01 -1.026743e+00 2.700347e+00
-2.664470e-01 -1.078868e+00 2.550062e+00
-7.645100e-02 -1.077537e+00 2.535953e+00
-2.049600e-01 4.311050e-01 2.379485e+00
-4.246190e-01 2.246790e-01 2.570611e+00
-5.177600e-02 2.041740e-01 2.605151e+00
-2.267910e-01 2.251560e-01 2.471118e+00
-2.535720e-01 1.226350e-01 2.699345e+00
-3.762820e-01 -8.975900e-02 2.636292e+00
-4.578900e-02 -1.347500e-01 2.676864e+00
-2.217210e-01 -1.031110e-01 2.753756e+00
-4.734710e-01 -4.540100e-02 2.644100e+00
2.026600e-02 -6.738200e-02 2.647547e+00
-4.542570e-01 -3.461000e-01 2.619691e+00
9.530300e-02 -3.559690e-01 2.697263e+00
-4.269620e-01 -4.120050e-01 2.610482e+00
1.164310e-01 -4.246800e-01 2.699662e+00
-3.440640e-01 -6.266380e-01 2.582071e+00
-1.282870e-01 -6.373950e-01 2.564585e+00
-2.786790e-01 -1.027249e+00 2.714602e+00
-1.239370e-01 -1.042872e+00 2.698369e+00
-2.957470e-01 -1.085403e+00 2.547237e+00
-9.588800e-02 -1.097677e+00 2.531355e+00
-2.119610e-01 4.479570e-01 2.421358e+00
-4.223610e-01 2.434360e-01 2.620474e+00
-4.874800e-02 2.199670e-01 2.598394e+00
-2.409320e-01 2.546850e-01 2.494015e+00
-2.359810e-01 1.286590e-01 2.711749e+00
-4.025690e-01 -9.677900e-02 2.636214e+00
-6.725200e-02 -1.180470e-01 2.638799e+00
-2.351430e-01 -9.918600e-02 2.735351e+00
-4.707880e-01 -3.604600e-02 2.644237e+00
-4.955300e-02 -3.056600e-02 2.463294e+00
-4.475710e-01 -3.359310e-01 2.608984e+00
-6.106100e-02 -2.671400e-01 2.274579e+00
-4.249140e-01 -4.041840e-01 2.610233e+00
-7.511200e-02 -2.771170e-01 2.204748e+00
-3.394200e-01 -6.318230e-01 2.583642e+00
-1.189040e-01 -6.329600e-01 2.562724e+00
-2.809370e-01 -1.033443e+00 2.716343e+00
-1.233810e-01 -1.038233e+00 2.697123e+00
-3.010640e-01 -1.091565e+00 2.549308e+00
-9.850000e-02 -1.093959e+00 2.529912e+00
-2.155540e-01 4.881300e-01 2.473281e+00
-4.179560e-01 2.654770e-01 2.650213e+00
-4.649800e-02 2.597680e-01 2.599116e+00
-2.470120e-01 2.979090e-01 2.513241e+00
-2.216150e-01 1.490330e-01 2.714503e+00
-3.784850e-01 -7.640000e-02 2.651988e+00
-4.581300e-02 -9.378200e-02 2.608136e+00
-1.992000e-01 -8.274000e-02 2.727366e+00
-4.610610e-01 -1.259800e-02 2.646850e+00
-6.842700e-02 7.873500e-02 2.384778e+00
-4.387410e-01 -3.067700e-01 2.595751e+00
-1.285730e-01 -2.634400e-02 2.110939e+00
-4.202220e-01 -3.744730e-01 2.611460e+00
-1.431600e-01 -5.160200e-02 2.045193e+00
-3.439880e-01 -6.114520e-01 2.600163e+00
-1.230780e-01 -6.208570e-01 2.573665e+00
-2.854450e-01 -1.016359e+00 2.722441e+00
-1.267110e-01 -1.029654e+00 2.696957e+00
-3.329970e-01 -1.072212e+00 2.560259e+00
-1.335080e-01 -1.080958e+00 2.526646e+00
-2.102500e-01 5.265340e-01 2.516922e+00
-4.001700e-01 2.890410e-01 2.649780e+00
-3.027100e-02 2.677840e-01 2.591924e+00
-2.307600e-01 3.122270e-01 2.509076e+00
-2.073210e-01 1.661400e-01 2.712606e+00
-3.793750e-01 -6.530400e-02 2.625715e+00
-4.501100e-02 -6.916400e-02 2.592824e+00
-2.025600e-01 -6.534500e-02 2.706968e+00
-4.559280e-01 1.375200e-02 2.656750e+00
-6.146900e-02 1.873710e-01 2.324525e+00
-4.431020e-01 -2.748120e-01 2.579764e+00
-1.819500e-01 2.334650e-01 2.054858e+00
-4.024120e-01 -3.337840e-01 2.586079e+00
-2.087950e-01 2.614920e-01 1.994301e+00
-3.432260e-01 -5.998760e-01 2.623733e+00
-1.201390e-01 -6.041630e-01 2.583552e+00
-2.866600e-01 -1.008361e+00 2.734501e+00
-1.133240e-01 -1.014122e+00 2.702784e+00
-3.283500e-01 -1.059005e+00 2.569028e+00
-1.213350e-01 -1.063904e+00 2.532075e+00
-2.128850e-01 5.579210e-01 2.542248e+00
-3.960740e-01 3.426120e-01 2.693965e+00
-4.719000e-02 2.828920e-01 2.580007e+00
-2.426200e-01 3.712930e-01 2.536916e+00
-2.206810e-01 1.832250e-01 2.702641e+00
-3.730640e-01 -4.261300e-02 2.631525e+00
-5.221700e-02 -3.827100e-02 2.531854e+00
-1.835700e-01 -3.709900e-02 2.675417e+00
-4.438570e-01 6.611900e-02 2.663170e+00
-6.597000e-02 3.166070e-01 2.300381e+00
-4.208910e-01 -2.205750e-01 2.576715e+00
-1.893600e-01 5.312470e-01 2.130379e+00
-3.960280e-01 -2.878540e-01 2.571358e+00
-2.138090e-01 5.974770e-01 2.116625e+00
-3.305730e-01 -5.733390e-01 2.658001e+00
-1.121940e-01 -5.762160e-01 2.600026e+00
-2.936170e-01 -9.899450e-01 2.744041e+00
-1.014810e-01 -9.873420e-01 2.714874e+00
-3.577480e-01 -1.028967e+00 2.582645e+00
-1.464500e-01 -1.034765e+00 2.549305e+00
-2.328040e-01 5.871350e-01 2.564984e+00
-3.770260e-01 3.707030e-01 2.714816e+00
-4.753000e-02 2.945010e-01 2.567445e+00
-2.365050e-01 3.974900e-01 2.545785e+00
-2.135110e-01 1.996150e-01 2.699513e+00
-3.670480e-01 -1.941200e-02 2.634715e+00
-5.572900e-02 -1.454600e-02 2.508409e+00
-1.744980e-01 -1.550800e-02 2.662547e+00
-4.389700e-01 9.732300e-02 2.665135e+00
-6.070200e-02 3.787620e-01 2.295841e+00
-4.217600e-01 -1.951070e-01 2.588148e+00
-1.712520e-01 6.505860e-01 2.220822e+00
-4.001980e-01 -2.616440e-01 2.571380e+00
-2.109740e-01 7.086890e-01 2.235639e+00
-3.200220e-01 -5.488670e-01 2.670680e+00
-1.110900e-01 -5.508210e-01 2.608149e+00
-3.018700e-01 -9.685860e-01 2.747072e+00
-9.563100e-02 -9.625080e-01 2.720414e+00
-3.743860e-01 -1.000725e+00 2.587722e+00
-1.570990e-01 -1.008602e+00 2.559850e+00
-2.410100e-01 5.942360e-01 2.594849e+00
-3.666100e-01 3.852690e-01 2.731890e+00
-4.439600e-02 3.004760e-01 2.575423e+00
-2.283820e-01 4.119800e-01 2.560966e+00
-2.110290e-01 2.079830e-01 2.707252e+00
-3.681910e-01 -1.141000e-03 2.632397e+00
-5.864900e-02 5.663000e-03 2.501884e+00
-1.752440e-01 3.920000e-04 2.657586e+00
-4.340530e-01 1.137660e-01 2.661636e+00
-5.297300e-02 4.076990e-01 2.307789e+00
-4.279380e-01 -1.870870e-01 2.601396e+00
-1.535200e-01 6.976090e-01 2.303181e+00
-4.060530e-01 -2.493170e-01 2.572729e+00
-1.914610e-01 7.530200e-01 2.328940e+00
-3.151810e-01 -5.304810e-01 2.669262e+00
-1.133080e-01 -5.301190e-01 2.611006e+00
-2.973910e-01 -9.509090e-01 2.741737e+00
-9.812700e-02 -9.437030e-01 2.716111e+00
-3.704970e-01 -9.814790e-01 2.582348e+00
-1.631130e-01 -9.867550e-01 2.556088e+00
-2.232710e-01 6.059970e-01 2.591464e+00
-3.932780e-01 3.189680e-01 2.700912e+00
-3.240200e-02 3.029860e-01 2.608879e+00
-2.325850e-01 3.794350e-01 2.561067e+00
-2.049300e-01 1.749170e-01 2.705021e+00
-3.638000e-01 -3.233800e-02 2.612891e+00
-3.770700e-02 -2.594400e-02 2.532154e+00
-1.771100e-01 -4.112500e-02 2.667067e+00
-4.356910e-01 3.736400e-02 2.667094e+00
-3.521500e-02 3.663950e-01 2.329210e+00
-4.143240e-01 -2.543640e-01 2.580283e+00
-1.415220e-01 6.521760e-01 2.318003e+00
-3.752360e-01 -3.145270e-01 2.575201e+00
-1.831930e-01 6.909420e-01 2.361981e+00
-3.077630e-01 -5.575150e-01 2.682448e+00
-1.119460e-01 -5.594120e-01 2.637407e+00
-2.895530e-01 -9.776990e-01 2.756221e+00
-9.892700e-02 -9.766060e-01 2.727453e+00
-3.348930e-01 -1.009369e+00 2.587031e+00
-1.400920e-01 -1.014369e+00 2.558446e+00
-2.154230e-01 5.965290e-01 2.609167e+00
-3.379190e-01 3.599130e-01 2.721496e+00
1.011900e-02 2.762150e-01 2.614784e+00
-1.743600e-01 3.897410e-01 2.575229e+00
-1.803260e-01 1.827240e-01 2.718141e+00
-3.570850e-01 -2.232300e-02 2.621993e+00
-3.125100e-02 -2.430000e-02 2.539991e+00
-1.704410e-01 -3.501700e-02 2.675550e+00
-4.279760e-01 9.126300e-02 2.666023e+00
-3.194700e-02 3.106860e-01 2.331231e+00
-4.176390e-01 -2.111310e-01 2.612988e+00
-1.503780e-01 5.898150e-01 2.282012e+00
-3.991450e-01 -2.707420e-01 2.577241e+00
-1.926410e-01 6.398970e-01 2.311662e+00
-3.046290e-01 -5.502070e-01 2.690929e+00
-1.062770e-01 -5.532420e-01 2.656111e+00
-2.845580e-01 -9.719480e-01 2.754658e+00
-1.009950e-01 -9.729290e-01 2.734626e+00
-3.317740e-01 -9.997850e-01 2.585307e+00
-1.436520e-01 -1.005226e+00 2.564857e+00
-2.062950e-01 5.909030e-01 2.622777e+00
-3.588670e-01 3.399080e-01 2.691685e+00
6.261000e-03 2.895580e-01 2.622606e+00
-1.864710e-01 3.772660e-01 2.557822e+00
-1.830690e-01 1.828400e-01 2.717516e+00
-3.493970e-01 -2.517400e-02 2.614830e+00
-1.871100e-02 -3.644400e-02 2.556384e+00
-1.673970e-01 -4.105100e-02 2.681830e+00
-4.296120e-01 5.918800e-02 2.675679e+00
-2.214900e-02 2.230220e-01 2.341838e+00
-4.085370e-01 -2.421260e-01 2.613030e+00
-1.603240e-01 4.588390e-01 2.198808e+00
-3.857850e-01 -3.103320e-01 2.614932e+00
-1.765910e-01 5.236250e-01 2.225482e+00
-2.977870e-01 -5.552790e-01 2.695390e+00
-1.030230e-01 -5.601450e-01 2.678929e+00
-2.881140e-01 -9.764640e-01 2.764946e+00
-1.014360e-01 -9.827720e-01 2.739863e+00
-3.223570e-01 -1.005691e+00 2.592734e+00
-1.331380e-01 -1.007884e+00 2.566519e+00
-2.087140e-01 5.962520e-01 2.615373e+00
-4.015230e-01 3.093540e-01 2.706870e+00
-3.628700e-02 3.176330e-01 2.622258e+00
-2.428010e-01 3.758620e-01 2.567518e+00
-2.027310e-01 1.808500e-01 2.721402e+00
-3.498460e-01 -3.525400e-02 2.634113e+00
-2.275400e-02 -2.574100e-02 2.557847e+00
-1.638420e-01 -4.119100e-02 2.690968e+00
-4.312410e-01 2.527200e-02 2.691849e+00
2.955500e-02 9.765500e-02 2.451712e+00
-4.026640e-01 -2.700680e-01 2.624275e+00
-9.761000e-02 3.697400e-02 2.181980e+00
-3.717860e-01 -3.349780e-01 2.621704e+00
-1.267960e-01 2.170000e-02 2.118041e+00
-2.961700e-01 -5.604130e-01 2.699720e+00
-1.011040e-01 -5.563800e-01 2.681372e+00
-2.861630e-01 -9.827840e-01 2.761625e+00
-1.007850e-01 -9.752660e-01 2.764220e+00
-3.283990e-01 -1.008839e+00 2.590683e+00
-1.399320e-01 -1.008985e+00 2.593884e+00
-2.373570e-01 5.881980e-01 2.620822e+00
-4.046030e-01 3.033510e-01 2.712260e+00
-4.379100e-02 3.323750e-01 2.614292e+00
-2.553270e-01 3.766430e-01 2.566040e+00
-1.978060e-01 1.876590e-01 2.721898e+00
-3.639420e-01 -3.885900e-02 2.630936e+00
-3.649000e-02 -2.121100e-02 2.557728e+00
-1.783950e-01 -3.988900e-02 2.689558e+00
-4.373340e-01 2.059000e-02 2.713868e+00
1.757400e-02 6.655800e-02 2.533031e+00
-4.085310e-01 -2.681440e-01 2.627124e+00
-1.259100e-02 -1.679420e-01 2.343765e+00
-3.904130e-01 -3.358940e-01 2.643091e+00
-6.608300e-02 -1.807620e-01 2.297423e+00
-2.953220e-01 -5.606750e-01 2.706873e+00
-9.653900e-02 -5.533270e-01 2.680425e+00
-2.891740e-01 -9.842080e-01 2.760825e+00
-1.011280e-01 -9.762880e-01 2.738833e+00
-3.270150e-01 -1.006727e+00 2.588358e+00
-1.368470e-01 -9.997630e-01 2.566041e+00
-2.544730e-01 5.936610e-01 2.605041e+00
-4.058370e-01 3.029580e-01 2.716160e+00
-4.839600e-02 3.330970e-01 2.606832e+00
-2.615480e-01 3.760510e-01 2.564921e+00
-1.982680e-01 1.883190e-01 2.720059e+00
-3.743840e-01 -3.739500e-02 2.636204e+00
-4.902600e-02 -2.156600e-02 2.553818e+00
-1.872790e-01 -3.909000e-02 2.689628e+00
-4.391490e-01 2.072500e-02 2.718467e+00
2.416100e-02 5.926800e-02 2.583947e+00
-4.187970e-01 -2.722560e-01 2.646502e+00
7.469000e-03 -2.349120e-01 2.516047e+00
-3.994200e-01 -3.383810e-01 2.667125e+00
-3.899300e-02 -2.860540e-01 2.496069e+00
-2.953360e-01 -5.609410e-01 2.708231e+00
-9.787300e-02 -5.523400e-01 2.678781e+00
-2.859010e-01 -9.847140e-01 2.759766e+00
-9.985600e-02 -9.747170e-01 2.741408e+00
-3.284030e-01 -1.006513e+00 2.588295e+00
-1.399100e-01 -9.999710e-01 2.569821e+00
-2.535500e-01 5.947210e-01 2.603468e+00
-4.043070e-01 3.044960e-01 2.697064e+00
-4.091700e-02 3.384560e-01 2.610931e+00
-2.514780e-01 3.764980e-01 2.553907e+00
-1.955960e-01 1.937750e-01 2.717628e+00
-3.725340e-01 -3.205300e-02 2.624603e+00
-4.355000e-02 -1.516400e-02 2.558417e+00
-1.882810e-01 -3.367500e-02 2.687163e+00
-4.382790e-01 2.598800e-02 2.719105e+00
3.121600e-02 6.903600e-02 2.648560e+00
-4.216460e-01 -2.699030e-01 2.676300e+00
1.806300e-02 -2.300300e-01 2.641703e+00
-4.079440e-01 -3.404420e-01 2.673172e+00
-8.033000e-03 -2.970340e-01 2.640048e+00
-2.985350e-01 -5.533920e-01 2.707464e+00
-9.489500e-02 -5.472580e-01 2.674568e+00
-2.882240e-01 -9.767010e-01 2.762531e+00
-1.065410e-01 -9.643390e-01 2.765324e+00
-3.222690e-01 -1.000054e+00 2.589384e+00
-1.364610e-01 -1.000849e+00 2.593698e+00
-2.478000e-01 5.961040e-01 2.581374e+00
-4.047980e-01 3.078970e-01 2.691768e+00
-3.836300e-02 3.361210e-01 2.617244e+00
-2.464240e-01 3.760850e-01 2.552833e+00
-1.983430e-01 1.948160e-01 2.720598e+00
-3.784770e-01 -3.323500e-02 2.619761e+00
-4.844200e-02 -1.283400e-02 2.560127e+00
-1.954610e-01 -3.381000e-02 2.685867e+00
-4.351890e-01 2.946200e-02 2.709340e+00
2.062600e-02 6.547400e-02 2.662288e+00
-4.292830e-01 -2.686850e-01 2.694294e+00
1.011700e-02 -2.329150e-01 2.659654e+00
-4.178230e-01 -3.387510e-01 2.705816e+00
-8.654000e-03 -3.019810e-01 2.666784e+00
-2.969880e-01 -5.536190e-01 2.704813e+00
-1.017220e-01 -5.466280e-01 2.671444e+00
-2.883140e-01 -9.765770e-01 2.762786e+00
-1.032580e-01 -9.632040e-01 2.765203e+00
-3.178770e-01 -1.001008e+00 2.588967e+00
-1.303150e-01 -1.001740e+00 2.593543e+00
-2.529270e-01 5.941670e-01 2.580310e+00
-4.086650e-01 3.102640e-01 2.685428e+00
-3.863700e-02 3.387840e-01 2.631661e+00
-2.427670e-01 3.812140e-01 2.557057e+00
-2.044090e-01 1.956300e-01 2.722595e+00
-3.759670e-01 -2.819300e-02 2.609135e+00
-4.212100e-02 -2.065300e-02 2.571900e+00
-1.979700e-01 -3.695300e-02 2.687273e+00
-4.324350e-01 3.071500e-02 2.696692e+00
2.037500e-02 6.685100e-02 2.669200e+00
-4.274250e-01 -2.679810e-01 2.696977e+00
1.058300e-02 -2.315160e-01 2.657981e+00
-4.189800e-01 -3.392210e-01 2.702164e+00
-9.794000e-03 -3.004820e-01 2.656667e+00
-2.969870e-01 -5.528320e-01 2.699331e+00
-9.947900e-02 -5.507950e-01 2.674747e+00
-2.851950e-01 -9.752240e-01 2.760779e+00
-1.041050e-01 -9.720100e-01 2.744644e+00
-3.046740e-01 -1.001227e+00 2.585769e+00
-1.213710e-01 -1.000828e+00 2.569843e+00
-2.488890e-01 5.955850e-01 2.581378e+00
