-3.265510e-01 2.905050e-01 2.523161e+00
8.163000e-03 2.971150e-01 2.439807e+00
-1.382210e-01 1.604600e-01 2.555129e+00
1.653400e-02 -4.165000e-02 2.359162e+00
-3.891940e-01 2.033600e-02 2.501297e+00
-3.791060e-01 -2.696640e-01 2.455629e+00
-3.697540e-01 -3.344740e-01 2.456259e+00
-2.445210e-01 -5.437490e-01 2.532782e+00
-2.444220e-01 -9.412080e-01 2.620388e+00
-2.821710e-01 -9.742140e-01 2.470687e+00
-1.719600e-01 5.517380e-01 2.366291e+00
6.499000e-03 2.977020e-01 2.441269e+00
-1.397490e-01 1.612260e-01 2.556974e+00
2.071900e-02 -4.324000e-02 2.361736e+00
-3.868220e-01 1.712500e-02 2.503255e+00
-3.762620e-01 -2.735120e-01 2.457474e+00
-3.691360e-01 -3.385420e-01 2.454546e+00
-2.439870e-01 -5.442930e-01 2.532236e+00
-2.411660e-01 -9.416850e-01 2.620102e+00
-2.779230e-01 -9.750810e-01 2.470242e+00
-1.730140e-01 5.517980e-01 2.366742e+00
1.219200e-02 2.947030e-01 2.439606e+00
-1.316110e-01 1.564370e-01 2.556247e+00
1.549600e-02 -4.320200e-02 2.355800e+00
-3.838640e-01 1.699400e-02 2.503246e+00
-3.790630e-01 -2.755360e-01 2.466929e+00
-3.629270e-01 -3.382180e-01 2.456988e+00
-2.419460e-01 -5.456030e-01 2.534513e+00
-2.451210e-01 -9.440430e-01 2.617489e+00
-2.889930e-01 -9.746270e-01 2.468948e+00
-1.660270e-01 5.471920e-01 2.368186e+00
1.655500e-02 2.978420e-01 2.444135e+00
-1.310400e-01 1.603090e-01 2.556839e+00
2.197300e-02 -4.313200e-02 2.363561e+00
-3.830240e-01 1.751000e-02 2.503866e+00
-3.757930e-01 -2.754740e-01 2.468996e+00
-3.610640e-01 -3.327460e-01 2.440868e+00
-2.403100e-01 -5.425950e-01 2.534194e+00
-2.454120e-01 -9.416610e-01 2.614000e+00
-2.825870e-01 -9.712930e-01 2.463452e+00
-1.647950e-01 5.481670e-01 2.362710e+00
1.539800e-02 2.950400e-01 2.441084e+00
-1.319620e-01 1.596040e-01 2.556601e+00
2.263400e-02 -4.878000e-02 2.361676e+00
-3.846550e-01 1.422300e-02 2.501561e+00
-3.765340e-01 -2.787570e-01 2.465239e+00
-3.631360e-01 -3.421090e-01 2.455478e+00
-2.398110e-01 -5.471640e-01 2.533693e+00
-2.419100e-01 -9.453140e-01 2.618078e+00
-2.810680e-01 -9.768270e-01 2.468418e+00
-1.667290e-01 5.474890e-01 2.361544e+00
1.378700e-02 2.944560e-01 2.446126e+00
-1.378910e-01 1.600070e-01 2.557116e+00
2.460100e-02 -4.513600e-02 2.364160e+00
-3.824200e-01 1.760000e-02 2.500034e+00
-3.721210e-01 -2.743700e-01 2.461471e+00
-3.607170e-01 -3.359070e-01 2.442200e+00
-2.378870e-01 -5.472070e-01 2.533744e+00
-2.411930e-01 -9.449260e-01 2.620102e+00
-2.779940e-01 -9.772100e-01 2.470009e+00
-1.640760e-01 5.512140e-01 2.367009e+00
1.100300e-02 2.958350e-01 2.449113e+00
-1.407250e-01 1.595890e-01 2.557820e+00
2.587000e-02 -4.027300e-02 2.369091e+00
-3.821830e-01 2.155000e-02 2.495271e+00
-3.714400e-01 -2.709370e-01 2.463533e+00
-3.577930e-01 -3.302220e-01 2.439300e+00
-2.386740e-01 -5.441630e-01 2.530073e+00
-2.473790e-01 -9.448240e-01 2.601094e+00
-2.791310e-01 -9.711470e-01 2.448701e+00
-1.636680e-01 5.474090e-01 2.363329e+00
1.252400e-02 2.890230e-01 2.452525e+00
-1.462160e-01 1.588070e-01 2.558577e+00
2.619000e-02 -4.010600e-02 2.372855e+00
-3.824960e-01 2.273900e-02 2.491454e+00
-3.724760e-01 -2.681250e-01 2.448279e+00
-3.488760e-01 -3.246260e-01 2.425065e+00
-2.382950e-01 -5.465750e-01 2.530641e+00
-2.429180e-01 -9.437550e-01 2.619383e+00
-2.727980e-01 -9.772270e-01 2.468018e+00
-1.651380e-01 5.428350e-01 2.355649e+00
1.434000e-02 2.932370e-01 2.469318e+00
-1.580330e-01 1.686130e-01 2.559640e+00
4.007600e-02 -3.262000e-02 2.406778e+00
-3.849080e-01 3.163900e-02 2.466134e+00
-3.617030e-01 -2.579920e-01 2.427987e+00
-3.558150e-01 -3.228910e-01 2.434446e+00
-2.363250e-01 -5.420790e-01 2.525818e+00
-2.451970e-01 -9.381320e-01 2.619158e+00
-2.498250e-01 -9.742330e-01 2.465536e+00
-1.547580e-01 5.489950e-01 2.347816e+00
7.632000e-03 3.042810e-01 2.495437e+00
-1.717140e-01 1.727950e-01 2.558270e+00
4.439100e-02 -2.897800e-02 2.433802e+00
-3.860890e-01 3.447600e-02 2.436743e+00
-3.593310e-01 -2.550550e-01 2.417091e+00
-3.458580e-01 -3.184890e-01 2.426187e+00
-2.358070e-01 -5.367630e-01 2.519615e+00
-2.456940e-01 -9.305170e-01 2.622128e+00
-2.339020e-01 -9.704600e-01 2.469845e+00
-1.496290e-01 5.407580e-01 2.331609e+00
-2.246000e-03 3.058310e-01 2.519927e+00
-1.266610e-01 3.540400e-01 2.327390e+00
-1.917650e-01 1.782050e-01 2.554512e+00
-3.133420e-01 -4.447700e-02 2.385075e+00
4.308200e-02 -2.373000e-02 2.471141e+00
-1.612220e-01 -4.707100e-02 2.539289e+00
-3.824960e-01 3.704200e-02 2.411430e+00
1.383500e-01 7.186100e-02 2.493101e+00
-3.472740e-01 -2.499270e-01 2.394606e+00
1.750600e-01 -1.763490e-01 2.348468e+00
-3.469870e-01 -3.148520e-01 2.403141e+00
1.796110e-01 -2.334590e-01 2.316750e+00
-2.338390e-01 -5.355660e-01 2.519330e+00
-5.232500e-02 -5.345370e-01 2.526167e+00
-2.487760e-01 -9.305160e-01 2.616490e+00
-8.032200e-02 -9.339690e-01 2.599098e+00
-2.105410e-01 -9.684700e-01 2.468092e+00
-4.184600e-02 -9.640770e-01 2.448973e+00
-1.317040e-01 5.391710e-01 2.322303e+00
-3.217540e-01 3.176150e-01 2.385328e+00
-1.595400e-02 3.063310e-01 2.544652e+00
-9.695600e-02 3.532350e-01 2.329913e+00
-2.143070e-01 1.877720e-01 2.543435e+00
-3.057210e-01 -4.688000e-02 2.348341e+00
1.956400e-02 -1.757500e-02 2.516288e+00
-1.948530e-01 -4.260400e-02 2.534403e+00
-3.756260e-01 5.654400e-02 2.354851e+00
1.636350e-01 1.075850e-01 2.560031e+00
-3.435160e-01 -2.249330e-01 2.356389e+00
2.414040e-01 -7.561600e-02 2.358409e+00
-3.260310e-01 -2.878310e-01 2.361526e+00
2.585880e-01 -1.205750e-01 2.314007e+00
-2.356670e-01 -5.338980e-01 2.514782e+00
-5.599200e-02 -5.330090e-01 2.538942e+00
-2.548480e-01 -9.294180e-01 2.608829e+00
-7.051200e-02 -9.355590e-01 2.597177e+00
-1.816660e-01 -9.651280e-01 2.473575e+00
3.222000e-03 -9.581480e-01 2.459418e+00
-8.199000e-02 5.313550e-01 2.316678e+00
-3.001850e-01 3.273140e-01 2.356784e+00
-1.592400e-02 2.935370e-01 2.549346e+00
-6.827900e-02 3.372890e-01 2.325252e+00
-2.244150e-01 1.955970e-01 2.530886e+00
-3.012190e-01 -4.908800e-02 2.335570e+00
6.335000e-03 -1.251000e-02 2.532924e+00
-2.087300e-01 -3.846100e-02 2.531177e+00
-3.630530e-01 7.627400e-02 2.319425e+00
1.682460e-01 1.278960e-01 2.633092e+00
-3.366580e-01 -1.978630e-01 2.338893e+00
2.791290e-01 6.674000e-03 2.411199e+00
-3.259740e-01 -2.608030e-01 2.353477e+00
3.115530e-01 -3.510300e-02 2.372577e+00
-2.360460e-01 -5.346390e-01 2.511184e+00
-6.148000e-02 -5.305440e-01 2.545039e+00
-2.516210e-01 -9.331310e-01 2.592491e+00
-7.132600e-02 -9.343960e-01 2.594589e+00
-1.651550e-01 -9.627740e-01 2.463768e+00
1.527100e-02 -9.525490e-01 2.463837e+00
-5.347700e-02 5.286570e-01 2.311819e+00
-2.768870e-01 3.366770e-01 2.327750e+00
-2.582400e-02 2.858690e-01 2.558858e+00
-4.268200e-02 3.325030e-01 2.329915e+00
-2.350190e-01 2.007690e-01 2.509898e+00
-2.871690e-01 -4.507700e-02 2.315494e+00
-8.848000e-03 -1.438500e-02 2.553131e+00
-2.223730e-01 -3.334100e-02 2.521875e+00
-3.517500e-01 9.279500e-02 2.289835e+00
1.468520e-01 1.619970e-01 2.705007e+00
-3.248100e-01 -1.772440e-01 2.312618e+00
3.039450e-01 8.970800e-02 2.494623e+00
-3.224340e-01 -2.398820e-01 2.331570e+00
3.202420e-01 3.295200e-02 2.466313e+00
-2.410340e-01 -5.322910e-01 2.502801e+00
-7.053000e-02 -5.311740e-01 2.552536e+00
-2.496860e-01 -9.286010e-01 2.595064e+00
-7.698500e-02 -9.359330e-01 2.594696e+00
-1.470180e-01 -9.579170e-01 2.478770e+00
2.643600e-02 -9.499210e-01 2.476235e+00
-2.150300e-02 5.276010e-01 2.329097e+00
-2.487890e-01 3.216290e-01 2.281575e+00
-1.021580e-01 2.961210e-01 2.592820e+00
-3.487900e-02 3.456710e-01 2.373978e+00
-2.644170e-01 1.875780e-01 2.469159e+00
-2.323100e-01 -5.254400e-02 2.284949e+00
-7.303300e-02 -1.587800e-02 2.613829e+00
-2.558980e-01 -3.792300e-02 2.499795e+00
-3.279200e-01 8.375100e-02 2.253450e+00
8.333800e-02 2.160450e-01 2.743874e+00
-3.100480e-01 -1.792470e-01 2.291726e+00
3.248630e-01 1.692520e-01 2.641756e+00
-3.093570e-01 -2.440220e-01 2.301317e+00
3.531710e-01 1.115180e-01 2.629355e+00
-2.505340e-01 -5.361190e-01 2.493481e+00
-8.213200e-02 -5.353020e-01 2.561552e+00
-2.503630e-01 -9.297650e-01 2.596882e+00
-7.689900e-02 -9.401800e-01 2.602734e+00
-1.082790e-01 -9.471920e-01 2.530302e+00
6.530200e-02 -9.452980e-01 2.534345e+00
1.243000e-03 4.769220e-01 2.317188e+00
-2.477960e-01 2.936250e-01 2.264611e+00
-1.485650e-01 2.824990e-01 2.594845e+00
-5.517200e-02 3.425980e-01 2.388593e+00
-2.753540e-01 1.563890e-01 2.448481e+00
-2.109830e-01 -7.077900e-02 2.280768e+00
-1.089750e-01 -2.759800e-02 2.630919e+00
-2.700940e-01 -5.368000e-02 2.488477e+00
-3.158600e-01 5.558200e-02 2.244655e+00
2.579100e-02 2.438630e-01 2.767479e+00
-3.050960e-01 -2.009790e-01 2.298004e+00
2.835480e-01 2.108880e-01 2.731987e+00
-3.233810e-01 -2.481840e-01 2.339545e+00
3.302560e-01 1.661990e-01 2.742447e+00
-2.550350e-01 -5.517760e-01 2.492843e+00
-8.698200e-02 -5.472470e-01 2.565925e+00
-2.551410e-01 -9.447290e-01 2.598846e+00
-7.742200e-02 -9.524910e-01 2.602450e+00
-1.034720e-01 -9.561820e-01 2.556540e+00
7.313200e-02 -9.532220e-01 2.554936e+00
7.984000e-03 4.229440e-01 2.336508e+00
-2.292950e-01 2.848170e-01 2.248477e+00
-1.846590e-01 2.864730e-01 2.590573e+00
-6.256000e-02 3.480540e-01 2.400379e+00
-2.784640e-01 1.498680e-01 2.429509e+00
-1.829170e-01 -7.993700e-02 2.281059e+00
-1.397980e-01 -3.999300e-02 2.643579e+00
-2.753900e-01 -6.346000e-02 2.476268e+00
-3.027040e-01 4.689000e-02 2.236450e+00
-2.819900e-02 2.596250e-01 2.782776e+00
-3.121940e-01 -2.072610e-01 2.304284e+00
2.312200e-01 2.349140e-01 2.819863e+00
-3.275540e-01 -2.550760e-01 2.346308e+00
2.882240e-01 2.082380e-01 2.837950e+00
-2.662990e-01 -5.575150e-01 2.496194e+00
-9.567800e-02 -5.577330e-01 2.565230e+00
-2.580490e-01 -9.538910e-01 2.588207e+00
-8.637200e-02 -9.629920e-01 2.601657e+00
-1.007410e-01 -9.537210e-01 2.574834e+00
6.930600e-02 -9.617740e-01 2.575443e+00
2.021000e-02 3.857840e-01 2.352455e+00
-2.009410e-01 2.776780e-01 2.244390e+00
-1.613810e-01 2.702150e-01 2.587033e+00
-3.097300e-02 3.218570e-01 2.399415e+00
-2.659800e-01 1.458750e-01 2.422715e+00
-1.864040e-01 -8.118200e-02 2.289523e+00
-1.449690e-01 -4.501800e-02 2.652636e+00
-2.797090e-01 -5.541700e-02 2.483326e+00
-3.049570e-01 5.030100e-02 2.229711e+00
-1.147400e-02 2.127700e-01 2.777743e+00
-3.297840e-01 -2.033060e-01 2.300510e+00
2.411180e-01 1.564570e-01 2.825809e+00
-3.339400e-01 -2.630980e-01 2.326889e+00
2.945310e-01 1.234600e-01 2.844422e+00
-2.901310e-01 -5.594530e-01 2.492105e+00
-1.133920e-01 -5.610080e-01 2.565057e+00
-2.610180e-01 -9.541050e-01 2.587241e+00
-1.006090e-01 -9.666930e-01 2.595150e+00
-1.042800e-01 -9.467430e-01 2.569816e+00
5.521500e-02 -9.636510e-01 2.569965e+00
5.003000e-02 3.522120e-01 2.332103e+00
-1.987980e-01 2.541590e-01 2.242416e+00
-1.745950e-01 2.542240e-01 2.586566e+00
-3.780500e-02 3.074730e-01 2.404010e+00
-2.669330e-01 1.231360e-01 2.420158e+00
-1.749170e-01 -8.995100e-02 2.296978e+00
-1.508130e-01 -5.711500e-02 2.661967e+00
-2.765300e-01 -5.760400e-02 2.485546e+00
-3.234580e-01 3.624800e-02 2.234760e+00
-3.128900e-02 1.980240e-01 2.782646e+00
-3.364830e-01 -2.135170e-01 2.322975e+00
2.188550e-01 1.483480e-01 2.847795e+00
-3.519600e-01 -2.748990e-01 2.339736e+00
2.722830e-01 1.173430e-01 2.869530e+00
-3.035170e-01 -5.630720e-01 2.503943e+00
-1.184930e-01 -5.697790e-01 2.558057e+00
-2.642480e-01 -9.589600e-01 2.589848e+00
-1.025310e-01 -9.747220e-01 2.595679e+00
-1.071360e-01 -9.434700e-01 2.589409e+00
5.373300e-02 -9.706170e-01 2.573561e+00
4.188700e-02 3.280980e-01 2.324390e+00
-2.218630e-01 2.437380e-01 2.244880e+00
-1.596650e-01 2.544360e-01 2.584058e+00
-4.595600e-02 3.069040e-01 2.386091e+00
-2.651350e-01 1.156850e-01 2.432315e+00
-2.123470e-01 -9.557800e-02 2.294770e+00
-1.328120e-01 -6.274000e-02 2.651802e+00
-2.839150e-01 -6.265500e-02 2.496570e+00
-3.486510e-01 2.629600e-02 2.251471e+00
6.577000e-03 2.010890e-01 2.761992e+00
-3.410910e-01 -2.216800e-01 2.347057e+00
2.626430e-01 1.575350e-01 2.804622e+00
-3.543290e-01 -2.857580e-01 2.344413e+00
3.189640e-01 1.285100e-01 2.821167e+00
-3.120350e-01 -5.692210e-01 2.513472e+00
-1.142830e-01 -5.749220e-01 2.546361e+00
-2.646120e-01 -9.665280e-01 2.587952e+00
-1.085000e-01 -9.797710e-01 2.587751e+00
-1.097020e-01 -9.531680e-01 2.560584e+00
4.265700e-02 -9.822630e-01 2.542255e+00
3.486600e-02 3.111330e-01 2.315873e+00
-2.293900e-01 2.858450e-01 2.294872e+00
2.719100e-02 1.927870e-01 2.505896e+00
-8.558000e-03 2.102560e-01 2.275048e+00
-2.024310e-01 1.701720e-01 2.493101e+00
-3.253940e-01 -6.898100e-02 2.348902e+00
-2.361700e-02 -1.069170e-01 2.554734e+00
-2.359680e-01 -6.492900e-02 2.546172e+00
-3.780880e-01 7.813500e-02 2.292652e+00
4.421400e-02 -1.570900e-02 2.648309e+00
-3.834440e-01 -1.860400e-01 2.346892e+00
8.128100e-02 -2.546780e-01 2.761985e+00
-3.940010e-01 -2.496640e-01 2.358239e+00
9.625100e-02 -3.113950e-01 2.791095e+00
-3.072520e-01 -5.718410e-01 2.528050e+00
-1.189070e-01 -6.028860e-01 2.533688e+00
-2.689110e-01 -9.713920e-01 2.595416e+00
-1.052680e-01 -1.007818e+00 2.572323e+00
-1.635170e-01 -9.810300e-01 2.478267e+00
-1.648400e-02 -1.017251e+00 2.442119e+00
6.216400e-02 4.115110e-01 2.245561e+00
-2.431220e-01 3.219840e-01 2.347280e+00
3.777300e-02 1.906050e-01 2.498485e+00
-2.854700e-02 2.535930e-01 2.282828e+00
-1.918710e-01 1.692300e-01 2.512934e+00
-3.530000e-01 -5.150000e-02 2.356357e+00
-1.739300e-02 -9.241000e-02 2.499780e+00
-2.271750e-01 -4.954300e-02 2.532691e+00
-3.916070e-01 1.094370e-01 2.335706e+00
3.114200e-02 -6.690300e-02 2.499233e+00
-4.116990e-01 -1.624880e-01 2.363127e+00
2.233300e-02 -3.366660e-01 2.465591e+00
-4.231650e-01 -2.224800e-01 2.386744e+00
2.422500e-02 -4.008130e-01 2.452561e+00
-3.041150e-01 -5.549670e-01 2.528315e+00
-1.153250e-01 -5.864270e-01 2.518641e+00
-2.674640e-01 -9.546740e-01 2.595698e+00
-1.027660e-01 -9.895890e-01 2.572965e+00
-1.859370e-01 -9.698450e-01 2.461356e+00
-4.157700e-02 -1.007150e+00 2.428494e+00
3.175700e-02 4.355080e-01 2.253007e+00
-2.623930e-01 3.493070e-01 2.394751e+00
4.317600e-02 2.216680e-01 2.491504e+00
-5.240700e-02 3.122420e-01 2.297767e+00
-1.809960e-01 1.772060e-01 2.525738e+00
-3.518690e-01 -3.213000e-02 2.364490e+00
-1.332000e-03 -7.719500e-02 2.464333e+00
-2.049720e-01 -3.320300e-02 2.523704e+00
-3.990990e-01 1.250890e-01 2.390324e+00
9.968000e-03 9.448000e-03 2.343115e+00
-4.186710e-01 -1.514190e-01 2.398701e+00
-1.727300e-02 -2.005780e-01 2.166649e+00
-4.088780e-01 -2.159680e-01 2.393621e+00
-3.267700e-02 -2.250710e-01 2.107903e+00
-2.943870e-01 -5.363240e-01 2.528324e+00
-1.090480e-01 -5.699930e-01 2.502103e+00
-2.683440e-01 -9.352480e-01 2.604678e+00
-9.705900e-02 -9.694280e-01 2.579283e+00
-2.085760e-01 -9.589450e-01 2.460488e+00
-5.585400e-02 -9.971480e-01 2.429422e+00
4.680000e-04 4.823400e-01 2.279065e+00
-2.926050e-01 3.554520e-01 2.465474e+00
2.471500e-02 2.235820e-01 2.434755e+00
-1.379630e-01 3.162270e-01 2.293948e+00
-1.686560e-01 1.817530e-01 2.554170e+00
-3.708890e-01 -1.284300e-02 2.437216e+00
-9.306000e-03 -5.757100e-02 2.391027e+00
-1.759400e-01 -3.849400e-02 2.528134e+00
-4.162600e-01 1.227900e-01 2.472351e+00
1.811100e-02 1.608840e-01 2.180149e+00
-4.275180e-01 -1.524080e-01 2.432437e+00
-7.210900e-02 1.722290e-01 1.918543e+00
-4.385340e-01 -2.149960e-01 2.416637e+00
-9.506600e-02 1.877980e-01 1.859223e+00
-2.910650e-01 -5.252310e-01 2.530606e+00
-1.011200e-01 -5.512040e-01 2.478248e+00
-2.557100e-01 -9.229160e-01 2.609636e+00
-9.337200e-02 -9.428810e-01 2.588603e+00
-2.785150e-01 -9.553130e-01 2.456813e+00
-1.144040e-01 -9.856990e-01 2.438108e+00
-7.031500e-02 5.287240e-01 2.307316e+00
-3.043660e-01 3.398410e-01 2.508702e+00
3.774000e-03 2.536120e-01 2.379709e+00
-1.971640e-01 3.442670e-01 2.300467e+00
-1.475220e-01 1.720520e-01 2.534172e+00
-3.662520e-01 -2.354500e-02 2.479296e+00
-2.891600e-02 -5.957600e-02 2.338648e+00
-1.536350e-01 -4.449500e-02 2.515133e+00
-4.115430e-01 9.969700e-02 2.511483e+00
-1.883800e-02 2.297660e-01 2.119941e+00
-4.240840e-01 -1.738740e-01 2.465511e+00
-8.894000e-02 3.717220e-01 1.893286e+00
-4.339100e-01 -2.368130e-01 2.480687e+00
-1.086920e-01 4.131750e-01 1.846599e+00
-2.853330e-01 -5.354130e-01 2.541806e+00
-1.092070e-01 -5.517090e-01 2.476248e+00
-2.510040e-01 -9.351990e-01 2.609934e+00
-8.631700e-02 -9.416450e-01 2.590594e+00
-3.152060e-01 -9.647680e-01 2.468766e+00
-1.478680e-01 -9.858700e-01 2.452101e+00
-9.200400e-02 5.734890e-01 2.373858e+00
-2.974740e-01 3.343510e-01 2.520709e+00
7.580000e-04 2.692660e-01 2.366587e+00
-2.078490e-01 3.499020e-01 2.304840e+00
-1.302990e-01 1.750100e-01 2.528758e+00
-3.629530e-01 -1.809000e-02 2.479734e+00
-3.808500e-02 -5.542500e-02 2.312574e+00
-1.478440e-01 -3.576600e-02 2.498304e+00
-4.139810e-01 1.019720e-01 2.556952e+00
-2.697400e-02 2.974250e-01 2.108167e+00
-4.177710e-01 -1.654480e-01 2.484315e+00
-8.903400e-02 4.690430e-01 1.901061e+00
-4.203220e-01 -2.307040e-01 2.489153e+00
-1.061910e-01 5.118740e-01 1.854591e+00
-2.839210e-01 -5.271370e-01 2.550243e+00
-1.178520e-01 -5.442100e-01 2.473299e+00
-2.552800e-01 -9.294050e-01 2.605097e+00
-7.472400e-02 -9.320000e-01 2.589091e+00
-3.312900e-01 -9.533990e-01 2.468820e+00
-1.482130e-01 -9.794190e-01 2.457656e+00
-1.002070e-01 5.596820e-01 2.327103e+00
-2.721920e-01 3.116900e-01 2.567527e+00
-1.974500e-02 2.680340e-01 2.344794e+00
-2.343440e-01 3.512290e-01 2.339759e+00
-1.091420e-01 1.549400e-01 2.520136e+00
-3.515400e-01 -1.545200e-02 2.502434e+00
-6.167100e-02 -6.907300e-02 2.283399e+00
-1.370910e-01 -4.028000e-02 2.484426e+00
-4.061260e-01 8.710200e-02 2.579596e+00
-2.554500e-02 3.343680e-01 2.092555e+00
-4.137240e-01 -1.807220e-01 2.511691e+00
-9.495600e-02 5.152340e-01 1.896726e+00
-3.910820e-01 -2.372210e-01 2.487535e+00
-1.164700e-01 5.559090e-01 1.850133e+00
-2.829910e-01 -5.304640e-01 2.553605e+00
-1.173470e-01 -5.487490e-01 2.474141e+00
-2.530960e-01 -9.328790e-01 2.606680e+00
-7.662200e-02 -9.372820e-01 2.588302e+00
-3.521440e-01 -9.561590e-01 2.485965e+00
-1.730520e-01 -9.817190e-01 2.471465e+00
-1.526980e-01 5.629850e-01 2.368064e+00
-2.703840e-01 2.972930e-01 2.579053e+00
-2.549200e-02 2.631010e-01 2.345951e+00
-2.392820e-01 3.489040e-01 2.352684e+00
-1.109870e-01 1.415610e-01 2.517881e+00
-3.361980e-01 -2.334800e-02 2.520715e+00
-7.434000e-02 -7.612400e-02 2.268683e+00
-1.255690e-01 -4.976800e-02 2.477513e+00
-4.040900e-01 7.287100e-02 2.587312e+00
-2.943800e-02 3.324140e-01 2.094810e+00
-3.985380e-01 -1.885910e-01 2.499173e+00
-9.671600e-02 5.012730e-01 1.888282e+00
-3.855650e-01 -2.519950e-01 2.489182e+00
-1.193320e-01 5.406110e-01 1.841066e+00
-2.843050e-01 -5.397670e-01 2.553895e+00
-1.152930e-01 -5.538240e-01 2.474283e+00
-2.525860e-01 -9.421470e-01 2.606169e+00
-7.651000e-02 -9.425220e-01 2.588560e+00
-3.657010e-01 -9.650590e-01 2.498444e+00
-1.863800e-01 -9.844520e-01 2.483227e+00
-1.636090e-01 5.539000e-01 2.381223e+00
-2.746370e-01 2.942930e-01 2.578970e+00
-2.764000e-02 2.606540e-01 2.348241e+00
-2.435930e-01 3.407580e-01 2.351482e+00
-1.107350e-01 1.413870e-01 2.522774e+00
-3.379200e-01 -2.575200e-02 2.520256e+00
-7.127500e-02 -7.619100e-02 2.272805e+00
-1.265240e-01 -5.201100e-02 2.480873e+00
-4.136740e-01 7.368900e-02 2.590010e+00
-2.837900e-02 3.228220e-01 2.095505e+00
-4.026450e-01 -1.880560e-01 2.504481e+00
-1.001700e-01 4.725750e-01 1.876538e+00
-3.866950e-01 -2.446030e-01 2.475560e+00
-1.254660e-01 5.082990e-01 1.827834e+00
-2.841290e-01 -5.423260e-01 2.550814e+00
-1.129890e-01 -5.552830e-01 2.473795e+00
-2.500150e-01 -9.440290e-01 2.606670e+00
-8.021500e-02 -9.435140e-01 2.591484e+00
-3.608460e-01 -9.686940e-01 2.496977e+00
-1.879440e-01 -9.852280e-01 2.483880e+00
-1.645940e-01 5.513310e-01 2.381861e+00
-2.993090e-01 2.816380e-01 2.557760e+00
-2.104300e-02 2.540460e-01 2.362178e+00
-2.404630e-01 3.225540e-01 2.334742e+00
-1.220170e-01 1.361250e-01 2.529564e+00
-3.408600e-01 -3.571100e-02 2.504057e+00
-5.187500e-02 -8.914800e-02 2.283812e+00
-1.264520e-01 -6.020400e-02 2.485132e+00
-4.175290e-01 5.003400e-02 2.573567e+00
-2.305700e-02 2.934310e-01 2.105298e+00
-3.988810e-01 -2.090080e-01 2.482926e+00
-9.704300e-02 4.013000e-01 1.864061e+00
-3.960490e-01 -2.743860e-01 2.480482e+00
-1.214460e-01 4.308420e-01 1.810957e+00
-2.818180e-01 -5.512460e-01 2.551114e+00
-1.083420e-01 -5.673240e-01 2.480651e+00
-2.511520e-01 -9.534180e-01 2.605576e+00
-8.097100e-02 -9.578580e-01 2.591930e+00
-3.511210e-01 -9.772700e-01 2.485735e+00
-1.781720e-01 -9.982020e-01 2.474250e+00
-1.617880e-01 5.418300e-01 2.376212e+00
-2.584520e-01 2.557960e-01 2.598875e+00
-1.989100e-02 2.556770e-01 2.349649e+00
-2.394200e-01 3.322380e-01 2.378267e+00
-9.701200e-02 1.134900e-01 2.514685e+00
-3.166670e-01 -3.767700e-02 2.534135e+00
-7.344100e-02 -9.036700e-02 2.264060e+00
-1.099640e-01 -6.698600e-02 2.476306e+00
-4.248160e-01 5.929600e-02 2.561069e+00
-1.183800e-02 2.726490e-01 2.090663e+00
-3.922740e-01 -2.013080e-01 2.480273e+00
-9.497200e-02 3.482810e-01 1.840574e+00
-3.894230e-01 -2.666240e-01 2.476549e+00
-1.211660e-01 3.760640e-01 1.787374e+00
-2.821250e-01 -5.557560e-01 2.550039e+00
-1.026850e-01 -5.636540e-01 2.485507e+00
-2.508560e-01 -9.574290e-01 2.607749e+00
-8.094000e-02 -9.571970e-01 2.586998e+00
-3.714840e-01 -9.810530e-01 2.508675e+00
-1.991150e-01 -9.894140e-01 2.487392e+00
-1.780970e-01 5.211020e-01 2.391268e+00
-2.380980e-01 2.645180e-01 2.600116e+00
-2.549400e-02 2.639550e-01 2.328409e+00
-2.408590e-01 3.411310e-01 2.378764e+00
-8.625900e-02 1.218250e-01 2.500190e+00
-2.921380e-01 -3.344700e-02 2.551008e+00
-7.865100e-02 -9.228400e-02 2.258029e+00
-9.381200e-02 -7.281100e-02 2.473250e+00
-4.265640e-01 9.114600e-02 2.555306e+00
-8.670000e-03 2.362890e-01 2.070972e+00
-3.929790e-01 -1.716850e-01 2.483580e+00
-9.022900e-02 2.788420e-01 1.812909e+00
-3.873750e-01 -2.344080e-01 2.465614e+00
-1.246380e-01 3.138190e-01 1.769539e+00
-2.795360e-01 -5.546620e-01 2.545715e+00
-9.681200e-02 -5.622110e-01 2.486251e+00
-2.537780e-01 -9.554860e-01 2.611488e+00
-8.497300e-02 -9.579530e-01 2.580572e+00
-3.835270e-01 -9.781080e-01 2.524437e+00
-2.135500e-01 -9.828150e-01 2.492399e+00
-1.727460e-01 5.414570e-01 2.412780e+00
-2.346840e-01 2.577140e-01 2.603349e+00
-1.365800e-02 2.467590e-01 2.338675e+00
-2.285360e-01 3.300680e-01 2.380636e+00
-8.333000e-02 1.094910e-01 2.511027e+00
-2.927560e-01 -3.268500e-02 2.545868e+00
-7.262500e-02 -1.056700e-01 2.261103e+00
-9.374300e-02 -8.108500e-02 2.475296e+00
-4.313510e-01 9.660500e-02 2.550666e+00
2.732300e-02 2.195280e-01 2.084189e+00
-3.931350e-01 -1.658760e-01 2.481384e+00
-7.157200e-02 1.616830e-01 1.835635e+00
-3.816030e-01 -2.275040e-01 2.462482e+00
-1.085250e-01 1.937810e-01 1.792132e+00
-2.738520e-01 -5.574790e-01 2.547076e+00
-9.627000e-02 -5.704710e-01 2.490021e+00
-2.533830e-01 -9.581970e-01 2.615302e+00
-8.549100e-02 -9.660580e-01 2.585120e+00
-3.794580e-01 -9.803700e-01 2.522901e+00
-2.122240e-01 -9.913140e-01 2.494426e+00
-1.802500e-01 5.180450e-01 2.397844e+00
-2.388140e-01 2.532330e-01 2.610759e+00
-1.343300e-02 2.584310e-01 2.349605e+00
-2.291360e-01 3.388590e-01 2.392932e+00
-8.566800e-02 1.109770e-01 2.512213e+00
-3.062890e-01 -4.604000e-02 2.550210e+00
-7.762000e-02 -8.875700e-02 2.266026e+00
-1.033700e-01 -7.656000e-02 2.480775e+00
-4.330530e-01 9.669000e-02 2.539539e+00
4.740000e-04 2.150030e-01 2.094607e+00
-3.958930e-01 -1.646900e-01 2.466452e+00
-4.934400e-02 9.347000e-02 1.854684e+00
-3.819690e-01 -2.286760e-01 2.466836e+00
-9.563300e-02 1.210610e-01 1.817477e+00
-2.732790e-01 -5.640000e-01 2.546982e+00
-9.349300e-02 -5.625790e-01 2.490294e+00
-2.553020e-01 -9.641670e-01 2.619037e+00
-8.446400e-02 -9.585250e-01 2.584071e+00
-3.796050e-01 -9.867960e-01 2.524373e+00
-2.081350e-01 -9.838020e-01 2.489249e+00
-1.830330e-01 5.142240e-01 2.391713e+00
-3.097940e-01 3.074810e-01 2.549174e+00
-4.427000e-03 2.823010e-01 2.390610e+00
-2.229450e-01 3.458140e-01 2.335020e+00
-1.275600e-01 1.653910e-01 2.547365e+00
-3.504220e-01 -2.610900e-02 2.489619e+00
-2.686300e-02 -6.870500e-02 2.321183e+00
-1.358960e-01 -5.037900e-02 2.507476e+00
-4.218490e-01 7.605400e-02 2.553077e+00
-3.264000e-03 1.997300e-01 2.147425e+00
-4.093590e-01 -1.839630e-01 2.475837e+00
-4.341300e-02 7.503800e-02 1.909984e+00
-4.040200e-01 -2.470490e-01 2.459107e+00
-7.613700e-02 5.187000e-02 1.858210e+00
-2.709130e-01 -5.400730e-01 2.543743e+00
-9.965700e-02 -5.564280e-01 2.477188e+00
-2.585590e-01 -9.414660e-01 2.609924e+00
-7.933200e-02 -9.460420e-01 2.593106e+00
-3.336270e-01 -9.663070e-01 2.473278e+00
-1.533470e-01 -9.893410e-01 2.460548e+00
-1.796090e-01 5.636590e-01 2.373611e+00
-3.288240e-01 2.963190e-01 2.544528e+00
-1.072600e-02 3.071310e-01 2.411404e+00
-2.288870e-01 3.554450e-01 2.341081e+00
-1.350840e-01 1.704840e-01 2.550202e+00
-3.513910e-01 -2.768600e-02 2.466743e+00
-1.399800e-02 -5.144300e-02 2.323643e+00
-1.379130e-01 -4.112400e-02 2.501034e+00
-4.213810e-01 5.116100e-02 2.554362e+00
-2.763000e-03 1.592030e-01 2.195322e+00
-4.017010e-01 -2.130650e-01 2.473951e+00
-3.210700e-02 4.629000e-03 1.967788e+00
-3.948310e-01 -2.781560e-01 2.471899e+00
-5.261500e-02 -3.135200e-02 1.917063e+00
-2.774790e-01 -5.326910e-01 2.542094e+00
-1.018410e-01 -5.452060e-01 2.471783e+00
-2.533870e-01 -9.327950e-01 2.612703e+00
-7.698300e-02 -9.318380e-01 2.596470e+00
-3.177280e-01 -9.615990e-01 2.471441e+00
-1.389130e-01 -9.800020e-01 2.459468e+00
-1.845040e-01 5.647450e-01 2.369695e+00
-3.305320e-01 2.998020e-01 2.551773e+00
-1.657300e-02 3.120090e-01 2.409276e+00
-2.367720e-01 3.607260e-01 2.345931e+00
-1.366320e-01 1.740910e-01 2.550577e+00
-3.509220e-01 -2.418000e-02 2.470462e+00
-1.790400e-02 -4.576900e-02 2.317139e+00
-1.364090e-01 -3.611400e-02 2.498225e+00
-4.165190e-01 4.897600e-02 2.551507e+00
8.984000e-03 1.298760e-01 2.218549e+00
-4.026550e-01 -2.207600e-01 2.477765e+00
-2.494300e-02 -5.075000e-02 2.007612e+00
-3.991350e-01 -2.857620e-01 2.484884e+00
-4.690400e-02 -9.356700e-02 1.963198e+00
-2.799710e-01 -5.292520e-01 2.540027e+00
-1.019690e-01 -5.399350e-01 2.468932e+00
-2.498940e-01 -9.286370e-01 2.612384e+00
-7.633100e-02 -9.261200e-01 2.594839e+00
-3.190500e-01 -9.589640e-01 2.473740e+00
-1.423920e-01 -9.745120e-01 2.459862e+00
-1.858510e-01 5.653900e-01 2.365818e+00
-3.324100e-01 2.924310e-01 2.545960e+00
-1.655600e-02 3.082090e-01 2.408074e+00
-2.362830e-01 3.550080e-01 2.341712e+00
-1.372920e-01 1.686190e-01 2.547140e+00
-3.524160e-01 -2.914900e-02 2.465982e+00
-1.686200e-02 -4.453400e-02 2.317515e+00
-1.381670e-01 -3.767600e-02 2.496867e+00
-4.202910e-01 4.055800e-02 2.549359e+00
2.019900e-02 1.019180e-01 2.243205e+00
-4.008260e-01 -2.293610e-01 2.471137e+00
-6.281000e-03 -1.080570e-01 2.057548e+00
-3.913700e-01 -2.935460e-01 2.480033e+00
-3.339500e-02 -1.579290e-01 2.024900e+00
-2.792140e-01 -5.314480e-01 2.540733e+00
-1.027210e-01 -5.400580e-01 2.469375e+00
-2.498350e-01 -9.306950e-01 2.614133e+00
-7.714400e-02 -9.257910e-01 2.596672e+00
-3.163420e-01 -9.613040e-01 2.474260e+00
-1.416130e-01 -9.747910e-01 2.461146e+00
-1.869520e-01 5.569840e-01 2.357961e+00
-3.305450e-01 2.933860e-01 2.545252e+00
-1.543700e-02 3.022720e-01 2.405064e+00
-2.347670e-01 3.522970e-01 2.339753e+00
-1.376270e-01 1.661720e-01 2.546301e+00
-3.538180e-01 -3.494000e-02 2.455984e+00
-1.240300e-02 -4.048800e-02 2.320780e+00
-1.407860e-01 -3.726200e-02 2.495240e+00
-4.166690e-01 3.752600e-02 2.538117e+00
3.678800e-02 6.246100e-02 2.292669e+00
-3.949870e-01 -2.377140e-01 2.466795e+00
2.039500e-02 -1.828150e-01 2.148396e+00
-3.873030e-01 -3.025720e-01 2.471564e+00
-5.062000e-03 -2.384720e-01 2.125106e+00
-2.770190e-01 -5.329380e-01 2.539985e+00
-1.039470e-01 -5.394260e-01 2.466237e+00
-2.496420e-01 -9.324200e-01 2.612873e+00
-7.593600e-02 -9.248080e-01 2.594084e+00
-3.095120e-01 -9.626020e-01 2.469943e+00
-1.372020e-01 -9.746140e-01 2.457371e+00
-1.864720e-01 5.548690e-01 2.356652e+00
-3.282470e-01 2.854650e-01 2.537986e+00
-7.972000e-03 3.018140e-01 2.410778e+00
-2.249380e-01 3.532140e-01 2.338961e+00
-1.346030e-01 1.594020e-01 2.541489e+00
-3.477600e-01 -3.407500e-02 2.457121e+00
-7.757000e-03 -4.830400e-02 2.319025e+00
-1.345290e-01 -4.176100e-02 2.494567e+00
-4.167470e-01 2.780600e-02 2.532227e+00
4.723100e-02 4.934500e-02 2.324672e+00
-3.960230e-01 -2.513560e-01 2.465694e+00
3.606300e-02 -2.169150e-01 2.216457e+00
-3.846600e-01 -3.157550e-01 2.469134e+00
1.044200e-02 -2.747710e-01 2.199589e+00
-2.770970e-01 -5.348060e-01 2.538642e+00
-1.025130e-01 -5.444110e-01 2.467221e+00
-2.493080e-01 -9.341000e-01 2.612406e+00
-7.525200e-02 -9.297250e-01 2.595435e+00
-3.115760e-01 -9.646340e-01 2.470580e+00
-1.368360e-01 -9.795270e-01 2.458864e+00
-1.867640e-01 5.515540e-01 2.360590e+00
-3.296540e-01 2.885250e-01 2.533107e+00
-8.855000e-03 2.962710e-01 2.406408e+00
-2.247350e-01 3.496410e-01 2.332780e+00
-1.382250e-01 1.592700e-01 2.540183e+00
-3.511010e-01 -3.592700e-02 2.454476e+00
-8.427000e-03 -5.037100e-02 2.323170e+00
-1.386540e-01 -4.357000e-02 2.496155e+00
-4.150330e-01 2.884900e-02 2.525990e+00
5.088700e-02 3.486300e-02 2.353243e+00
-3.988190e-01 -2.532740e-01 2.466758e+00
4.847500e-02 -2.430850e-01 2.275416e+00
-3.843400e-01 -3.171330e-01 2.467585e+00
2.140600e-02 -3.026320e-01 2.272311e+00
-2.754450e-01 -5.375490e-01 2.535819e+00
-1.001860e-01 -5.460860e-01 2.470883e+00
-2.482140e-01 -9.359160e-01 2.614627e+00
-7.713400e-02 -9.324090e-01 2.596865e+00
-3.069730e-01 -9.682080e-01 2.471696e+00
-1.346350e-01 -9.810840e-01 2.458125e+00
-1.869350e-01 5.537850e-01 2.360969e+00
-3.329580e-01 2.917680e-01 2.523612e+00
-4.466000e-03 2.973830e-01 2.418319e+00
-2.143700e-01 3.549950e-01 2.331745e+00
-1.440310e-01 1.598060e-01 2.540777e+00
-3.547520e-01 -3.551700e-02 2.435518e+00
4.760000e-04 -4.616700e-02 2.342914e+00
-1.481740e-01 -4.183900e-02 2.500438e+00
-4.104850e-01 2.801900e-02 2.506700e+00
5.456800e-02 3.079800e-02 2.382601e+00
-3.998320e-01 -2.584450e-01 2.457683e+00
4.705900e-02 -2.583010e-01 2.352452e+00
-3.804450e-01 -3.198480e-01 2.445766e+00
2.105600e-02 -3.182330e-01 2.356958e+00
-2.733040e-01 -5.349940e-01 2.531497e+00
-9.555100e-02 -5.454160e-01 2.469061e+00
-2.485100e-01 -9.321460e-01 2.616964e+00
-8.026600e-02 -9.315270e-01 2.596863e+00
-2.900230e-01 -9.666640e-01 2.468607e+00
-1.202190e-01 -9.809450e-01 2.452343e+00
-1.847910e-01 5.492980e-01 2.352154e+00
-3.291470e-01 2.898530e-01 2.521253e+00
1.694000e-03 2.916690e-01 2.423449e+00
-2.050560e-01 3.555600e-01 2.333749e+00
-1.432100e-01 1.538150e-01 2.539211e+00
-3.572270e-01 -3.574200e-02 2.432798e+00
-9.970000e-04 -4.924200e-02 2.344519e+00
-1.515030e-01 -4.349700e-02 2.500224e+00
-4.124540e-01 2.746800e-02 2.501474e+00
5.972100e-02 2.271500e-02 2.402257e+00
-4.011580e-01 -2.606190e-01 2.458932e+00
4.531200e-02 -2.664430e-01 2.369334e+00
-3.947490e-01 -3.254910e-01 2.452705e+00
1.881400e-02 -3.226160e-01 2.390087e+00
-2.726540e-01 -5.364010e-01 2.529160e+00
-9.183600e-02 -5.467930e-01 2.473120e+00
-2.470740e-01 -9.330450e-01 2.616728e+00
-8.052400e-02 -9.346340e-01 2.596003e+00
-2.868360e-01 -9.684230e-01 2.468095e+00
-1.182730e-01 -9.819350e-01 2.450187e+00
-1.781800e-01 5.407970e-01 2.347402e+00
-3.363990e-01 2.962970e-01 2.513993e+00
-3.146000e-03 2.980010e-01 2.424749e+00
-2.081030e-01 3.561660e-01 2.327367e+00
-1.496530e-01 1.630810e-01 2.541942e+00
-3.545650e-01 -3.658400e-02 2.430794e+00
3.579000e-03 -4.833100e-02 2.350354e+00
-1.504030e-01 -4.532100e-02 2.502701e+00
-4.115700e-01 3.149000e-02 2.493898e+00
6.156600e-02 2.993000e-02 2.414380e+00
-4.001460e-01 -2.548560e-01 2.440910e+00
4.989800e-02 -2.586110e-01 2.375422e+00
-3.926020e-01 -3.195500e-01 2.447700e+00
2.618500e-02 -3.175340e-01 2.391362e+00
-2.696180e-01 -5.372460e-01 2.526413e+00
-8.879000e-02 -5.464830e-01 2.475333e+00
-2.474580e-01 -9.325510e-01 2.620708e+00
-8.367300e-02 -9.350710e-01 2.596253e+00
-2.834130e-01 -9.701240e-01 2.471644e+00
-1.179540e-01 -9.812720e-01 2.449234e+00
-1.781720e-01 5.479570e-01 2.342932e+00
-3.382280e-01 2.930000e-01 2.511586e+00
-2.221000e-03 2.997090e-01 2.433616e+00
-2.044190e-01 3.576820e-01 2.330520e+00
-1.511220e-01 1.611350e-01 2.543286e+00
-3.536240e-01 -3.858800e-02 2.425930e+00
6.869000e-03 -4.207000e-02 2.355866e+00
-1.514830e-01 -4.325400e-02 2.503691e+00
-4.141720e-01 2.801600e-02 2.488972e+00
6.309100e-02 3.136200e-02 2.419304e+00
-3.943600e-01 -2.577910e-01 2.432324e+00
5.453800e-02 -2.565510e-01 2.371314e+00
-3.849750e-01 -3.225950e-01 2.433098e+00
3.094200e-02 -3.165970e-01 2.382539e+00
-2.644990e-01 -5.367670e-01 2.524943e+00
-8.391600e-02 -5.422980e-01 2.478521e+00
-2.470700e-01 -9.325980e-01 2.618019e+00
-8.464400e-02 -9.305220e-01 2.600709e+00
-2.773950e-01 -9.693260e-01 2.467500e+00
-1.137600e-01 -9.770560e-01 2.452685e+00
-1.757750e-01 5.511190e-01 2.352996e+00
