-2.787020e-01 2.304170e-01 2.605497e+00
9.484100e-02 2.348110e-01 2.541562e+00
-7.836200e-02 9.378300e-02 2.643261e+00
9.855600e-02 -1.015720e-01 2.516855e+00
-3.634530e-01 -1.458500e-02 2.558640e+00
-2.570800e-01 -2.581500e-01 2.463590e+00
-2.514810e-01 -3.303010e-01 2.471367e+00
-1.907420e-01 -6.370270e-01 2.602687e+00
-1.844320e-01 -1.075079e+00 2.661294e+00
-2.074050e-01 -1.099129e+00 2.484012e+00
-9.468200e-02 4.675730e-01 2.406205e+00
9.507000e-02 2.376630e-01 2.542461e+00
-7.693600e-02 9.743200e-02 2.647247e+00
1.008450e-01 -1.038930e-01 2.505080e+00
-3.670720e-01 -5.183000e-03 2.551665e+00
-2.656160e-01 -2.481430e-01 2.459648e+00
-2.353400e-01 -3.136010e-01 2.469457e+00
-1.885580e-01 -6.375250e-01 2.604558e+00
-1.845540e-01 -1.076069e+00 2.659575e+00
-2.139850e-01 -1.098485e+00 2.483035e+00
-9.354700e-02 4.689120e-01 2.406068e+00
9.548800e-02 2.389350e-01 2.541144e+00
-7.578200e-02 9.653500e-02 2.644197e+00
1.051930e-01 -1.023370e-01 2.499386e+00
-3.663240e-01 -6.943000e-03 2.547708e+00
-2.577460e-01 -2.480780e-01 2.457586e+00
-2.404870e-01 -3.179080e-01 2.468697e+00
-1.874850e-01 -6.342610e-01 2.607892e+00
-1.873390e-01 -1.073565e+00 2.656641e+00
-2.220620e-01 -1.093098e+00 2.480721e+00
-8.204300e-02 4.629600e-01 2.399436e+00
1.011430e-01 2.380550e-01 2.547011e+00
-7.255900e-02 9.456400e-02 2.644317e+00
1.138850e-01 -9.868100e-02 2.509222e+00
-3.585430e-01 -1.096900e-02 2.546140e+00
-2.517790e-01 -2.543140e-01 2.462086e+00
-2.354370e-01 -3.250560e-01 2.467190e+00
-1.861750e-01 -6.319600e-01 2.603859e+00
-1.848140e-01 -1.070737e+00 2.657119e+00
-2.117220e-01 -1.092311e+00 2.480072e+00
-7.645800e-02 4.631440e-01 2.402109e+00
1.093360e-01 2.382050e-01 2.555528e+00
-7.188500e-02 9.882200e-02 2.644759e+00
1.157830e-01 -9.683500e-02 2.513686e+00
-3.495810e-01 -2.825000e-03 2.528330e+00
-2.576800e-01 -2.605500e-01 2.466628e+00
-1.958770e-01 -2.957090e-01 2.451077e+00
-1.812990e-01 -6.283610e-01 2.602876e+00
-1.814330e-01 -1.066273e+00 2.662848e+00
-2.025950e-01 -1.090572e+00 2.485375e+00
-7.707700e-02 4.722980e-01 2.406891e+00
1.112410e-01 2.379400e-01 2.561294e+00
-7.283700e-02 9.706400e-02 2.641920e+00
1.173940e-01 -9.297400e-02 2.512741e+00
-3.465720e-01 -6.590000e-04 2.506765e+00
-2.375430e-01 -2.504270e-01 2.436632e+00
-1.894830e-01 -3.050870e-01 2.436672e+00
-1.748860e-01 -6.301950e-01 2.594867e+00
-1.788000e-01 -1.067754e+00 2.657243e+00
-1.997930e-01 -1.092853e+00 2.479861e+00
-7.108100e-02 4.672760e-01 2.402803e+00
1.216580e-01 2.404790e-01 2.582584e+00
-7.085400e-02 9.954600e-02 2.640100e+00
1.299630e-01 -9.649900e-02 2.551990e+00
-3.380570e-01 -6.584000e-03 2.493340e+00
-2.113640e-01 -2.421180e-01 2.407300e+00
-1.758930e-01 -2.997090e-01 2.434183e+00
-1.661150e-01 -6.256600e-01 2.593632e+00
-1.810940e-01 -1.063543e+00 2.651923e+00
-1.639880e-01 -1.087812e+00 2.474009e+00
-5.825600e-02 4.699260e-01 2.397804e+00
1.316530e-01 2.426010e-01 2.599885e+00
-6.412100e-02 1.006660e-01 2.641814e+00
1.381560e-01 -9.099200e-02 2.555086e+00
-3.268160e-01 -5.164000e-03 2.459291e+00
-1.807470e-01 -2.344800e-01 2.381127e+00
-1.395050e-01 -2.852630e-01 2.413030e+00
-1.681310e-01 -6.270750e-01 2.578333e+00
-1.905910e-01 -1.064623e+00 2.636742e+00
-1.688710e-01 -1.089411e+00 2.459403e+00
-3.991200e-02 4.697980e-01 2.397112e+00
1.331950e-01 2.392470e-01 2.613230e+00
-6.531300e-02 9.734700e-02 2.639495e+00
1.472350e-01 -9.279600e-02 2.583362e+00
-3.095530e-01 -8.745000e-03 2.444896e+00
-1.497980e-01 -2.309620e-01 2.376196e+00
-1.238780e-01 -2.909990e-01 2.408154e+00
-1.663490e-01 -6.306690e-01 2.568159e+00
-1.822480e-01 -1.068033e+00 2.629995e+00
-1.424860e-01 -1.094079e+00 2.455996e+00
-3.124600e-02 4.680250e-01 2.398971e+00
1.347200e-01 2.391750e-01 2.615972e+00
-6.405000e-02 9.672300e-02 2.636680e+00
1.522180e-01 -9.142100e-02 2.578281e+00
-2.912550e-01 -6.258000e-03 2.427902e+00
-1.286340e-01 -2.267970e-01 2.367134e+00
-9.744700e-02 -2.807700e-01 2.404708e+00
-1.591400e-01 -6.330230e-01 2.558851e+00
-1.780790e-01 -1.067850e+00 2.635864e+00
-1.407200e-01 -1.100201e+00 2.462392e+00
-2.573200e-02 4.648590e-01 2.395873e+00
1.325730e-01 2.311840e-01 2.627367e+00
-7.579800e-02 1.016890e-01 2.633956e+00
1.601950e-01 -9.965500e-02 2.609507e+00
-2.608300e-01 -1.006500e-02 2.404443e+00
-8.708300e-02 -2.222830e-01 2.350503e+00
-6.389700e-02 -2.790750e-01 2.389678e+00
-1.543800e-01 -6.395690e-01 2.552233e+00
-1.694320e-01 -1.074480e+00 2.629627e+00
-1.050060e-01 -1.106156e+00 2.464155e+00
-8.741000e-03 4.837550e-01 2.405021e+00
1.254760e-01 2.237060e-01 2.643116e+00
-8.906300e-02 1.048870e-01 2.633844e+00
1.560830e-01 -9.778300e-02 2.638319e+00
-2.416340e-01 1.433000e-03 2.362616e+00
-4.325500e-02 -1.928780e-01 2.342883e+00
-4.158300e-02 -2.638540e-01 2.358923e+00
-1.537110e-01 -6.414110e-01 2.538569e+00
-1.662630e-01 -1.074567e+00 2.625645e+00
-8.184900e-02 -1.108331e+00 2.469859e+00
-1.050300e-02 4.882310e-01 2.411053e+00
1.240630e-01 2.228790e-01 2.655294e+00
-9.280400e-02 1.107000e-01 2.630490e+00
1.534950e-01 -1.052640e-01 2.643062e+00
-2.065950e-01 1.835600e-02 2.333530e+00
1.263000e-03 -1.627460e-01 2.326743e+00
9.045000e-03 -2.314330e-01 2.349527e+00
-1.519020e-01 -6.383940e-01 2.514329e+00
-1.672200e-01 -1.067784e+00 2.618029e+00
-7.591000e-02 -1.107372e+00 2.467595e+00
8.367000e-03 4.981810e-01 2.431797e+00
1.290940e-01 2.208810e-01 2.653562e+00
-9.043400e-02 1.177080e-01 2.616230e+00
1.577670e-01 -1.203960e-01 2.643507e+00
-1.561710e-01 3.952300e-02 2.298059e+00
6.730400e-02 -1.190160e-01 2.335447e+00
9.407200e-02 -1.784120e-01 2.367901e+00
-1.448390e-01 -6.278260e-01 2.444933e+00
-1.687610e-01 -1.044773e+00 2.589664e+00
-9.300300e-02 -1.102315e+00 2.436416e+00
8.231000e-03 5.019950e-01 2.430797e+00
1.292120e-01 2.328870e-01 2.662914e+00
-8.985600e-02 1.382660e-01 2.616614e+00
1.434730e-01 -1.281250e-01 2.658787e+00
-1.275370e-01 5.455700e-02 2.284183e+00
9.424300e-02 -9.288500e-02 2.349745e+00
1.228460e-01 -1.449170e-01 2.391842e+00
-1.479680e-01 -6.089710e-01 2.406631e+00
-1.707490e-01 -1.026184e+00 2.550780e+00
-8.449700e-02 -1.082103e+00 2.402561e+00
7.835000e-03 5.063370e-01 2.425677e+00
1.220310e-01 2.471810e-01 2.649174e+00
-9.466200e-02 1.549470e-01 2.600411e+00
1.277490e-01 -1.243550e-01 2.661991e+00
-9.346100e-02 5.824700e-02 2.265795e+00
1.242970e-01 -8.007400e-02 2.364444e+00
1.383360e-01 -1.310380e-01 2.414476e+00
-1.583390e-01 -6.026020e-01 2.385130e+00
-1.788450e-01 -1.034659e+00 2.476071e+00
-7.484900e-02 -1.069724e+00 2.332927e+00
1.941600e-02 5.148250e-01 2.407372e+00
8.491900e-02 2.617150e-01 2.647797e+00
8.895100e-02 2.871370e-01 2.419398e+00
-1.216840e-01 1.675160e-01 2.569379e+00
-1.599170e-01 -4.320600e-02 2.326022e+00
7.999900e-02 -1.027020e-01 2.674202e+00
-1.478720e-01 -7.506400e-02 2.574110e+00
-7.104600e-02 4.393200e-02 2.241788e+00
3.005500e-01 3.216870e-01 2.776452e+00
1.323720e-01 -8.829100e-02 2.374618e+00
3.750010e-01 4.157560e-01 2.527225e+00
1.304750e-01 -1.357760e-01 2.429747e+00
4.236050e-01 4.507070e-01 2.485829e+00
-1.762290e-01 -5.923030e-01 2.346573e+00
3.097900e-02 -6.274480e-01 2.574997e+00
-2.316370e-01 -1.030783e+00 2.341160e+00
1.331200e-02 -1.065142e+00 2.633953e+00
-8.854600e-02 -1.047524e+00 2.232624e+00
1.625510e-01 -1.084558e+00 2.534526e+00
2.103600e-02 5.140530e-01 2.374871e+00
-1.336520e-01 2.489000e-01 2.319310e+00
7.596100e-02 2.779550e-01 2.629763e+00
8.729600e-02 2.691270e-01 2.397573e+00
-1.326980e-01 1.789520e-01 2.554549e+00
-1.518960e-01 -3.854200e-02 2.297830e+00
5.438600e-02 -1.061270e-01 2.665538e+00
-1.606860e-01 -5.598100e-02 2.547482e+00
-8.174600e-02 2.365600e-02 2.209209e+00
2.595620e-01 3.224440e-01 2.802571e+00
1.178410e-01 -1.011870e-01 2.350026e+00
3.800110e-01 4.475140e-01 2.590203e+00
1.152970e-01 -1.460560e-01 2.407279e+00
4.399160e-01 4.629370e-01 2.551849e+00
-1.901540e-01 -5.874570e-01 2.325506e+00
3.149100e-02 -6.231260e-01 2.557911e+00
-2.701020e-01 -1.019902e+00 2.281192e+00
1.640000e-03 -1.056710e+00 2.638396e+00
-1.160230e-01 -1.038978e+00 2.189373e+00
1.597400e-01 -1.082959e+00 2.555628e+00
1.996300e-02 5.114140e-01 2.355138e+00
-1.304410e-01 2.039630e-01 2.282313e+00
7.942200e-02 2.212870e-01 2.591902e+00
9.122800e-02 2.109700e-01 2.360838e+00
-1.340610e-01 1.349730e-01 2.517809e+00
-1.590280e-01 -7.571800e-02 2.270988e+00
5.312100e-02 -1.305320e-01 2.637481e+00
-1.601200e-01 -6.935900e-02 2.521319e+00
-1.200110e-01 -1.938900e-02 2.161164e+00
1.832130e-01 3.214350e-01 2.801353e+00
8.553800e-02 -1.161390e-01 2.311596e+00
4.057620e-01 4.227960e-01 2.681191e+00
9.547900e-02 -1.803820e-01 2.344331e+00
4.389130e-01 4.711380e-01 2.638045e+00
-2.114450e-01 -6.130650e-01 2.291840e+00
3.207100e-02 -6.458980e-01 2.533860e+00
-3.152460e-01 -1.037807e+00 2.227156e+00
1.014000e-03 -1.075758e+00 2.631940e+00
-1.633230e-01 -1.060537e+00 2.132617e+00
1.568740e-01 -1.106509e+00 2.546517e+00
2.117100e-02 4.844530e-01 2.336536e+00
-1.455600e-01 1.616430e-01 2.208163e+00
5.192000e-02 1.752340e-01 2.528048e+00
7.236000e-02 1.565970e-01 2.296692e+00
-1.642940e-01 1.007290e-01 2.445163e+00
-2.191470e-01 -1.628520e-01 2.219031e+00
2.743700e-02 -1.372220e-01 2.566693e+00
-2.001380e-01 -1.162430e-01 2.464335e+00
-2.415540e-01 -5.165900e-02 2.104692e+00
1.317640e-01 2.676980e-01 2.752757e+00
-1.596200e-02 -1.661130e-01 2.210079e+00
3.741830e-01 3.918890e-01 2.782883e+00
-7.149000e-03 -2.322420e-01 2.239180e+00
4.213020e-01 4.204940e-01 2.735353e+00
-2.439510e-01 -6.691820e-01 2.219929e+00
1.195700e-02 -6.765170e-01 2.494706e+00
-3.032340e-01 -1.105163e+00 2.177858e+00
-2.352000e-03 -1.095366e+00 2.635148e+00
-1.637400e-01 -1.113123e+00 2.063783e+00
1.404650e-01 -1.134747e+00 2.532252e+00
2.197200e-02 4.605180e-01 2.283141e+00
-1.829420e-01 1.579420e-01 2.185156e+00
4.927200e-02 1.707710e-01 2.484410e+00
4.322300e-02 1.676780e-01 2.249238e+00
-1.695670e-01 8.168600e-02 2.418045e+00
-2.425370e-01 -1.759190e-01 2.184574e+00
2.263900e-02 -1.527260e-01 2.518449e+00
-2.103900e-01 -1.323480e-01 2.429065e+00
-3.333000e-01 -3.468900e-02 2.100034e+00
1.285330e-01 1.952810e-01 2.729516e+00
-1.062740e-01 -1.869280e-01 2.146400e+00
3.635270e-01 3.240230e-01 2.800721e+00
-1.018140e-01 -2.583880e-01 2.159484e+00
4.260830e-01 3.460820e-01 2.770757e+00
-2.506990e-01 -6.812600e-01 2.169720e+00
-7.073000e-03 -6.936180e-01 2.455245e+00
-3.015930e-01 -1.120250e+00 2.161822e+00
-3.774000e-03 -1.098809e+00 2.631805e+00
-1.780040e-01 -1.132224e+00 2.030988e+00
1.280540e-01 -1.147084e+00 2.518554e+00
7.510000e-03 4.496400e-01 2.248077e+00
-2.294990e-01 1.567530e-01 2.169451e+00
1.972000e-02 1.521140e-01 2.454948e+00
-1.598000e-03 1.812930e-01 2.222470e+00
-1.933430e-01 5.054700e-02 2.387725e+00
-2.802080e-01 -1.824670e-01 2.143851e+00
1.540800e-02 -1.726260e-01 2.451817e+00
-2.249240e-01 -1.485570e-01 2.385721e+00
-4.136400e-01 -2.344600e-02 2.126965e+00
1.408370e-01 5.597300e-02 2.665357e+00
-1.854700e-01 -1.801670e-01 2.086345e+00
3.559240e-01 1.869400e-01 2.787252e+00
-1.682940e-01 -2.470390e-01 2.109385e+00
3.994120e-01 2.452530e-01 2.789717e+00
-2.629710e-01 -6.940880e-01 2.117590e+00
-3.494100e-02 -7.125420e-01 2.387087e+00
-2.891960e-01 -1.133936e+00 2.152370e+00
8.480000e-04 -1.077271e+00 2.634182e+00
-1.895800e-01 -1.151683e+00 2.003048e+00
9.873100e-02 -1.155547e+00 2.504463e+00
-2.299600e-02 4.297560e-01 2.212564e+00
-2.909880e-01 1.872450e-01 2.180222e+00
1.366000e-02 1.241330e-01 2.396664e+00
-5.685600e-02 2.087230e-01 2.188759e+00
-2.095580e-01 3.230700e-02 2.352252e+00
-3.390280e-01 -1.519020e-01 2.109000e+00
2.463000e-03 -1.953960e-01 2.361629e+00
-2.452880e-01 -1.655050e-01 2.340809e+00
-4.464590e-01 -1.786300e-02 2.154274e+00
1.347430e-01 -1.038230e-01 2.413667e+00
-2.528000e-01 -1.660560e-01 2.022556e+00
3.802440e-01 -1.739660e-01 2.521481e+00
-2.198480e-01 -2.279280e-01 2.042143e+00
4.340090e-01 -2.161030e-01 2.496353e+00
-2.853390e-01 -6.929160e-01 2.076475e+00
-4.893800e-02 -7.199920e-01 2.321738e+00
-2.921510e-01 -1.134026e+00 2.103669e+00
-3.567800e-02 -1.058455e+00 2.605694e+00
-2.013720e-01 -1.145013e+00 1.948190e+00
4.726200e-02 -1.159484e+00 2.481399e+00
-7.074200e-02 4.248540e-01 2.176439e+00
-3.441450e-01 1.793780e-01 2.209456e+00
1.217200e-02 1.389530e-01 2.332114e+00
-1.201470e-01 2.335900e-01 2.162149e+00
-2.029550e-01 2.083900e-02 2.332590e+00
-3.999140e-01 -1.591220e-01 2.150337e+00
5.339000e-03 -1.733210e-01 2.284115e+00
-2.384710e-01 -1.731580e-01 2.341246e+00
-4.492380e-01 -4.818100e-02 2.144114e+00
9.688400e-02 -7.489600e-02 2.212994e+00
-2.344680e-01 -1.527260e-01 2.002803e+00
2.401560e-01 -2.920600e-01 2.116365e+00
-1.938720e-01 -2.099570e-01 2.022147e+00
2.449320e-01 -3.211370e-01 2.049812e+00
-3.065290e-01 -6.897030e-01 2.065351e+00
-5.863300e-02 -7.076290e-01 2.291682e+00
-3.047200e-01 -1.130499e+00 2.097896e+00
-5.525000e-02 -1.054040e+00 2.566185e+00
-2.647960e-01 -1.143288e+00 1.922461e+00
5.710000e-04 -1.160231e+00 2.431489e+00
-8.477000e-02 4.200120e-01 2.163311e+00
-3.476320e-01 1.811680e-01 2.225089e+00
2.024900e-02 1.422180e-01 2.307474e+00
-1.311740e-01 2.484880e-01 2.162112e+00
-1.903180e-01 1.647900e-02 2.316527e+00
-4.177800e-01 -1.675330e-01 2.146339e+00
-5.525000e-03 -1.538500e-01 2.256735e+00
-2.450340e-01 -1.718550e-01 2.327578e+00
-4.427060e-01 -4.297100e-02 2.136179e+00
9.011000e-03 1.628500e-02 2.081206e+00
-2.234920e-01 -1.186840e-01 1.983418e+00
5.374100e-02 -1.435840e-01 1.858576e+00
-1.852040e-01 -1.803950e-01 1.988255e+00
6.632000e-02 -1.856520e-01 1.800527e+00
-3.241300e-01 -6.931440e-01 2.067384e+00
-7.301700e-02 -6.980250e-01 2.266956e+00
-3.067680e-01 -1.133549e+00 2.100642e+00
-5.177800e-02 -1.030763e+00 2.557125e+00
-2.798430e-01 -1.145924e+00 1.922718e+00
-9.672000e-03 -1.144505e+00 2.423615e+00
-1.059040e-01 4.287510e-01 2.163398e+00
-3.524120e-01 1.818570e-01 2.239066e+00
2.384000e-02 1.554480e-01 2.201940e+00
-1.715000e-01 2.366780e-01 2.099002e+00
-1.659770e-01 3.399600e-02 2.299151e+00
-4.382130e-01 -1.954680e-01 2.199906e+00
-1.645600e-02 -1.357150e-01 2.170246e+00
-2.173660e-01 -1.712460e-01 2.315437e+00
-4.779670e-01 -4.151500e-02 2.190364e+00
-4.664000e-02 9.142200e-02 1.959114e+00
-2.860750e-01 -6.394100e-02 1.988445e+00
-1.338570e-01 1.749260e-01 1.707088e+00
-2.314600e-01 -1.119960e-01 1.986099e+00
-1.553800e-01 2.068200e-01 1.645305e+00
-3.265840e-01 -7.063890e-01 2.080726e+00
-8.176500e-02 -6.914950e-01 2.240960e+00
-3.098750e-01 -1.147372e+00 2.105595e+00
-3.689700e-02 -1.018392e+00 2.535051e+00
-3.353400e-01 -1.158388e+00 1.927366e+00
-3.363900e-02 -1.138763e+00 2.400755e+00
-1.210790e-01 4.565630e-01 2.146685e+00
-3.586910e-01 1.860920e-01 2.293809e+00
-1.462200e-02 1.665420e-01 2.136090e+00
-2.312420e-01 2.539630e-01 2.108060e+00
-1.653430e-01 3.567800e-02 2.278879e+00
-4.406240e-01 -1.933000e-01 2.252104e+00
-4.928000e-02 -1.331950e-01 2.092208e+00
-1.955840e-01 -1.622810e-01 2.293346e+00
-4.706420e-01 -2.056400e-02 2.182512e+00
-8.183400e-02 1.269160e-01 1.888019e+00
-3.062330e-01 -7.857700e-02 1.965172e+00
-1.505170e-01 3.021670e-01 1.682586e+00
-2.896200e-01 -1.430030e-01 1.935659e+00
-1.707520e-01 3.530280e-01 1.634614e+00
-3.271020e-01 -7.027620e-01 2.088194e+00
-8.286500e-02 -6.803810e-01 2.234438e+00
-3.110930e-01 -1.144128e+00 2.105619e+00
-2.492500e-02 -1.015583e+00 2.516656e+00
-3.796990e-01 -1.153193e+00 1.939047e+00
-5.798000e-02 -1.133096e+00 2.383867e+00
-1.312020e-01 4.604200e-01 2.128368e+00
-3.488340e-01 1.956490e-01 2.311693e+00
-1.847400e-02 1.818540e-01 2.126455e+00
-2.365520e-01 2.697970e-01 2.118698e+00
-1.574450e-01 4.612200e-02 2.276437e+00
-4.436070e-01 -1.738870e-01 2.263368e+00
-6.606100e-02 -1.190960e-01 2.071571e+00
-1.955640e-01 -1.464880e-01 2.284141e+00
-4.649230e-01 -2.139000e-02 2.235820e+00
-7.657700e-02 1.507860e-01 1.877461e+00
-3.696660e-01 -7.092900e-02 1.981601e+00
-1.306260e-01 3.494820e-01 1.693740e+00
-3.523900e-01 -1.340660e-01 1.949776e+00
-1.519630e-01 4.040240e-01 1.650525e+00
-3.226770e-01 -6.874930e-01 2.095447e+00
-7.900500e-02 -6.615950e-01 2.222500e+00
-3.163280e-01 -1.128901e+00 2.117409e+00
-2.202300e-02 -1.006543e+00 2.492921e+00
-3.927260e-01 -1.138117e+00 1.954273e+00
-6.142700e-02 -1.119125e+00 2.357615e+00
-1.406900e-01 4.678500e-01 2.122625e+00
-3.460320e-01 2.054920e-01 2.280205e+00
4.136000e-03 1.857600e-01 2.136561e+00
-2.121740e-01 2.697380e-01 2.097704e+00
-1.505990e-01 5.707900e-02 2.277021e+00
-4.367240e-01 -1.556000e-01 2.250549e+00
-3.912200e-02 -1.195760e-01 2.099076e+00
-1.907960e-01 -1.454680e-01 2.296641e+00
-4.538100e-01 -2.500400e-02 2.291292e+00
-3.469600e-02 1.268360e-01 1.891842e+00
-4.019630e-01 -9.452600e-02 2.032557e+00
-9.283000e-02 3.132100e-01 1.701185e+00
-3.880560e-01 -1.588640e-01 2.001496e+00
-1.135960e-01 3.688030e-01 1.659045e+00
-3.147420e-01 -6.779860e-01 2.101642e+00
-6.506700e-02 -6.596840e-01 2.223471e+00
-3.100130e-01 -1.119246e+00 2.126752e+00
-1.724500e-02 -9.984870e-01 2.503274e+00
-3.700800e-01 -1.129551e+00 1.956985e+00
-3.761900e-02 -1.114311e+00 2.366508e+00
-1.490230e-01 4.629570e-01 2.083294e+00
-3.427810e-01 2.074200e-01 2.272561e+00
1.898000e-02 1.812530e-01 2.162626e+00
-1.916420e-01 2.670730e-01 2.102412e+00
-1.498610e-01 5.672100e-02 2.289966e+00
-4.298100e-01 -1.580760e-01 2.242022e+00
-1.940800e-02 -1.272500e-01 2.128229e+00
-1.890050e-01 -1.535660e-01 2.310580e+00
-4.568140e-01 -1.428000e-02 2.316908e+00
9.660000e-03 7.442600e-02 1.933231e+00
-4.003730e-01 -1.152640e-01 2.071499e+00
-6.461000e-02 2.218060e-01 1.717890e+00
-3.879890e-01 -1.826010e-01 2.046803e+00
-8.403800e-02 2.683410e-01 1.665405e+00
-3.091690e-01 -6.816970e-01 2.101732e+00
-5.488400e-02 -6.672230e-01 2.237190e+00
-3.047640e-01 -1.123008e+00 2.126016e+00
-1.799300e-02 -1.003434e+00 2.521733e+00
-3.511860e-01 -1.133046e+00 1.952006e+00
-2.537700e-02 -1.120333e+00 2.384565e+00
-1.605050e-01 4.869470e-01 2.140273e+00
-3.284380e-01 2.074430e-01 2.281496e+00
3.632100e-02 1.890740e-01 2.180230e+00
-1.748180e-01 2.693070e-01 2.114386e+00
-1.324420e-01 6.157400e-02 2.304704e+00
-4.131970e-01 -1.483400e-01 2.259195e+00
-5.290000e-04 -1.298690e-01 2.151062e+00
-1.732890e-01 -1.536390e-01 2.330774e+00
-4.491600e-01 -9.866000e-03 2.323005e+00
6.771300e-02 2.465500e-02 1.991813e+00
-3.892900e-01 -1.379090e-01 2.092920e+00
-3.412300e-02 8.653900e-02 1.749495e+00
-3.755690e-01 -2.074020e-01 2.076184e+00
-5.959800e-02 1.052530e-01 1.683933e+00
-3.004580e-01 -6.709470e-01 2.100821e+00
-5.043900e-02 -6.672780e-01 2.260474e+00
-3.045250e-01 -1.112398e+00 2.122467e+00
-1.840600e-02 -1.010451e+00 2.537187e+00
-3.468000e-01 -1.120597e+00 1.947308e+00
-2.998400e-02 -1.124092e+00 2.397592e+00
-1.389130e-01 4.888930e-01 2.153091e+00
-3.341360e-01 1.971030e-01 2.328904e+00
3.361300e-02 1.740380e-01 2.240190e+00
-1.723370e-01 2.653010e-01 2.172307e+00
-1.435670e-01 4.379100e-02 2.349157e+00
-3.670830e-01 -1.303930e-01 2.283365e+00
4.629800e-02 -1.534410e-01 2.178894e+00
-1.293370e-01 -1.570470e-01 2.357351e+00
-4.312760e-01 -3.644900e-02 2.319339e+00
1.015200e-01 -4.299900e-02 2.129025e+00
-3.510490e-01 -1.932020e-01 2.113072e+00
4.410300e-02 -1.488260e-01 1.886006e+00
-3.313590e-01 -2.632010e-01 2.109905e+00
-2.690000e-04 -1.766660e-01 1.835472e+00
-2.779240e-01 -6.589920e-01 2.109716e+00
-2.702800e-02 -6.683320e-01 2.337264e+00
-2.948530e-01 -1.100371e+00 2.125903e+00
-3.691200e-02 -1.043879e+00 2.570139e+00
-3.292690e-01 -1.105541e+00 1.948917e+00
-6.505200e-02 -1.137237e+00 2.418391e+00
-1.137830e-01 4.654680e-01 2.188828e+00
-3.142690e-01 1.991210e-01 2.353074e+00
5.704900e-02 1.638990e-01 2.285820e+00
-1.416270e-01 2.612600e-01 2.205814e+00
-1.301860e-01 3.996000e-02 2.384883e+00
-3.601640e-01 -1.246450e-01 2.313274e+00
5.842200e-02 -1.717390e-01 2.243296e+00
-1.318060e-01 -1.686830e-01 2.406120e+00
-4.183350e-01 -3.184500e-02 2.333521e+00
1.239580e-01 -7.394600e-02 2.226573e+00
-3.284960e-01 -1.924140e-01 2.132883e+00
7.426300e-02 -2.555420e-01 2.029945e+00
-3.054820e-01 -2.614570e-01 2.133857e+00
3.333300e-02 -3.097540e-01 2.003802e+00
-2.667880e-01 -6.580600e-01 2.139819e+00
-1.512400e-02 -6.821090e-01 2.371842e+00
-2.819200e-01 -1.099728e+00 2.131796e+00
-2.821700e-02 -1.059969e+00 2.600783e+00
-2.937240e-01 -1.096055e+00 1.951846e+00
-4.184400e-02 -1.152826e+00 2.446747e+00
-8.939500e-02 4.578610e-01 2.217015e+00
-2.917030e-01 1.999030e-01 2.378738e+00
8.333200e-02 1.709700e-01 2.332339e+00
-1.129880e-01 2.598790e-01 2.237967e+00
-1.060360e-01 4.683800e-02 2.427005e+00
-3.336050e-01 -1.040100e-01 2.357263e+00
8.052200e-02 -1.882100e-01 2.296121e+00
-1.120810e-01 -1.680780e-01 2.454886e+00
-4.044360e-01 -2.751500e-02 2.356323e+00
1.426310e-01 -7.635100e-02 2.316654e+00
-2.967100e-01 -1.940570e-01 2.168715e+00
9.922400e-02 -3.037890e-01 2.171998e+00
-2.852890e-01 -2.658910e-01 2.171356e+00
5.582800e-02 -3.549270e-01 2.143725e+00
-2.551600e-01 -6.522290e-01 2.202712e+00
9.023000e-03 -6.851810e-01 2.418513e+00
-2.634310e-01 -1.093714e+00 2.183045e+00
-2.428400e-02 -1.079024e+00 2.616359e+00
-2.557130e-01 -1.085838e+00 2.003007e+00
-3.778300e-02 -1.158852e+00 2.455175e+00
-5.834100e-02 4.615900e-01 2.251693e+00
-2.573900e-01 2.220320e-01 2.406605e+00
1.197000e-01 1.865440e-01 2.393007e+00
-6.755800e-02 2.658980e-01 2.274728e+00
-7.802600e-02 7.405000e-02 2.485096e+00
-3.036160e-01 -8.013100e-02 2.394439e+00
1.106880e-01 -1.815210e-01 2.374413e+00
-9.373700e-02 -1.453640e-01 2.514450e+00
-3.826170e-01 -2.560000e-04 2.400315e+00
1.732940e-01 -6.186900e-02 2.416495e+00
-2.530800e-01 -1.735760e-01 2.233130e+00
1.303640e-01 -3.069700e-01 2.303124e+00
-2.386940e-01 -2.447570e-01 2.238016e+00
7.647600e-02 -3.552660e-01 2.295296e+00
-2.460740e-01 -6.434650e-01 2.304530e+00
3.467800e-02 -6.746960e-01 2.482042e+00
-2.882160e-01 -1.075441e+00 2.220954e+00
-1.291900e-02 -1.091851e+00 2.620174e+00
-2.627020e-01 -1.043925e+00 2.045196e+00
-1.573800e-02 -1.148254e+00 2.448868e+00
-1.313100e-02 4.741150e-01 2.281731e+00
-2.410640e-01 2.303900e-01 2.439783e+00
1.365310e-01 2.006950e-01 2.426335e+00
-5.126700e-02 2.834100e-01 2.311260e+00
-6.004600e-02 8.104700e-02 2.511615e+00
-2.896190e-01 -7.077300e-02 2.431096e+00
1.265330e-01 -1.635870e-01 2.408029e+00
-7.721200e-02 -1.301050e-01 2.549714e+00
-3.641670e-01 8.656000e-03 2.414631e+00
2.018090e-01 -4.349300e-02 2.458953e+00
-2.251750e-01 -1.837140e-01 2.279582e+00
1.329560e-01 -2.903740e-01 2.364759e+00
-2.075340e-01 -2.294270e-01 2.225761e+00
8.667400e-02 -3.436010e-01 2.346804e+00
-2.325760e-01 -6.318590e-01 2.342319e+00
3.944800e-02 -6.641770e-01 2.508058e+00
-2.845630e-01 -1.067543e+00 2.289017e+00
-1.105700e-02 -1.090938e+00 2.611439e+00
-2.691920e-01 -1.047527e+00 2.110416e+00
-1.786900e-02 -1.132613e+00 2.436077e+00
-5.609000e-03 4.837580e-01 2.312738e+00
-2.271200e-01 2.367670e-01 2.468915e+00
1.505780e-01 2.111850e-01 2.450735e+00
-3.939200e-02 2.933660e-01 2.338888e+00
-4.374800e-02 8.843600e-02 2.536764e+00
-2.916740e-01 -7.540500e-02 2.447923e+00
1.304210e-01 -1.362320e-01 2.426350e+00
-7.498800e-02 -1.129950e-01 2.567681e+00
-3.321770e-01 1.005500e-02 2.418818e+00
2.161660e-01 -3.072300e-02 2.496822e+00
-1.956300e-01 -1.730730e-01 2.269240e+00
1.344430e-01 -2.763770e-01 2.410046e+00
-1.750370e-01 -2.416900e-01 2.282093e+00
8.193900e-02 -3.049830e-01 2.368541e+00
-2.209460e-01 -6.316680e-01 2.381755e+00
3.945200e-02 -6.518220e-01 2.517215e+00
-2.632370e-01 -1.071560e+00 2.373369e+00
-6.390000e-03 -1.079850e+00 2.617486e+00
-2.654110e-01 -1.067913e+00 2.193044e+00
-1.068800e-02 -1.120543e+00 2.441814e+00
-8.127000e-03 4.834310e-01 2.322174e+00
-2.134520e-01 2.392380e-01 2.504197e+00
1.649410e-01 2.233760e-01 2.489769e+00
-2.544900e-02 3.084580e-01 2.380844e+00
-2.755500e-02 9.091200e-02 2.564799e+00
-2.715740e-01 -7.443400e-02 2.489239e+00
1.518570e-01 -1.164730e-01 2.453639e+00
-4.971000e-02 -1.035080e-01 2.601659e+00
-2.940760e-01 1.090700e-02 2.421171e+00
2.252350e-01 -2.388900e-02 2.517218e+00
-1.621910e-01 -1.970540e-01 2.300410e+00
1.439200e-01 -2.678330e-01 2.421808e+00
-1.674340e-01 -2.696320e-01 2.298804e+00
8.498900e-02 -3.081890e-01 2.407802e+00
-2.047250e-01 -6.273480e-01 2.441007e+00
3.969100e-02 -6.440460e-01 2.526104e+00
-2.281680e-01 -1.058559e+00 2.535194e+00
9.910000e-04 -1.075721e+00 2.612840e+00
-2.487580e-01 -1.095729e+00 2.359896e+00
-1.166600e-02 -1.110074e+00 2.436220e+00
5.343000e-03 4.868340e-01 2.358664e+00
-2.062070e-01 2.350890e-01 2.500274e+00
1.717100e-01 2.290700e-01 2.528263e+00
-7.455000e-03 3.094150e-01 2.398660e+00
-2.446000e-02 9.150500e-02 2.581407e+00
-2.641670e-01 -7.100200e-02 2.466087e+00
1.601760e-01 -1.124550e-01 2.489401e+00
-5.946600e-02 -9.473100e-02 2.608360e+00
-2.988240e-01 7.561000e-03 2.425847e+00
2.404970e-01 -1.818200e-02 2.523633e+00
-1.552100e-01 -1.994800e-01 2.315648e+00
1.412000e-01 -2.557350e-01 2.426972e+00
-1.403380e-01 -2.689860e-01 2.331310e+00
1.015630e-01 -3.155290e-01 2.414675e+00
-1.953430e-01 -6.256390e-01 2.477066e+00
3.767600e-02 -6.427060e-01 2.527902e+00
-1.907970e-01 -1.034953e+00 2.643816e+00
3.955000e-03 -1.074029e+00 2.618385e+00
-1.978860e-01 -1.103020e+00 2.476927e+00
1.588100e-02 -1.111874e+00 2.442429e+00
-7.530000e-04 4.870830e-01 2.374672e+00
-2.062540e-01 2.346350e-01 2.506841e+00
1.708540e-01 2.320110e-01 2.544566e+00
-5.570000e-03 3.098380e-01 2.409771e+00
-2.548200e-02 9.321900e-02 2.593754e+00
-2.571560e-01 -7.370100e-02 2.465752e+00
1.666630e-01 -1.078830e-01 2.504968e+00
-5.740700e-02 -9.208600e-02 2.615650e+00
-3.044780e-01 6.864000e-03 2.444904e+00
2.453650e-01 -1.180500e-02 2.525443e+00
-1.631770e-01 -2.011960e-01 2.336370e+00
1.450300e-01 -2.523700e-01 2.441206e+00
-1.437120e-01 -2.680740e-01 2.357489e+00
1.004000e-01 -2.948180e-01 2.402425e+00
-1.747010e-01 -6.237650e-01 2.539901e+00
3.959200e-02 -6.413080e-01 2.530789e+00
-1.925340e-01 -1.042266e+00 2.680980e+00
6.710000e-03 -1.072997e+00 2.619827e+00
-1.828830e-01 -1.100172e+00 2.510425e+00
2.501300e-02 -1.110581e+00 2.444363e+00
-8.832000e-03 4.861240e-01 2.383287e+00
-2.160140e-01 2.304960e-01 2.521828e+00
1.611860e-01 2.323960e-01 2.558672e+00
-1.668300e-02 3.110650e-01 2.426287e+00
-3.299600e-02 8.955100e-02 2.604713e+00
-2.475160e-01 -9.134500e-02 2.485849e+00
1.777880e-01 -1.009520e-01 2.522631e+00
-4.616100e-02 -9.712000e-02 2.634611e+00
-3.145660e-01 -1.545000e-03 2.482641e+00
2.374850e-01 -6.045000e-03 2.509524e+00
-1.833920e-01 -2.198890e-01 2.383434e+00
1.360590e-01 -2.494950e-01 2.437642e+00
-1.567940e-01 -2.866410e-01 2.371846e+00
9.047200e-02 -2.930200e-01 2.401241e+00
-1.678400e-01 -6.316260e-01 2.572874e+00
3.908500e-02 -6.424470e-01 2.543936e+00
-1.766040e-01 -1.060543e+00 2.679260e+00
1.233600e-02 -1.076463e+00 2.623176e+00
-1.653020e-01 -1.104098e+00 2.504588e+00
2.779700e-02 -1.109662e+00 2.446558e+00
-2.025800e-02 4.797810e-01 2.392895e+00
-2.212300e-01 2.274100e-01 2.539504e+00
1.575050e-01 2.326340e-01 2.552673e+00
-2.892900e-02 3.082280e-01 2.430688e+00
-3.222700e-02 8.894100e-02 2.612547e+00
-2.508950e-01 -9.684800e-02 2.506562e+00
1.759190e-01 -9.362700e-02 2.518757e+00
-4.121500e-02 -9.662300e-02 2.643463e+00
-3.091290e-01 -1.080400e-02 2.499738e+00
2.305450e-01 -7.733000e-03 2.498429e+00
-1.967580e-01 -2.373100e-01 2.390675e+00
1.338460e-01 -2.575140e-01 2.434511e+00
-1.521570e-01 -2.888230e-01 2.416261e+00
8.120400e-02 -2.966780e-01 2.403006e+00
-1.671790e-01 -6.340630e-01 2.581403e+00
4.045400e-02 -6.388480e-01 2.550141e+00
-1.698700e-01 -1.067135e+00 2.669753e+00
1.583200e-02 -1.072085e+00 2.634186e+00
-1.674500e-01 -1.103201e+00 2.493037e+00
2.009000e-02 -1.106660e+00 2.457207e+00
-2.735600e-02 4.729600e-01 2.390218e+00
-2.273820e-01 2.256670e-01 2.572316e+00
1.479030e-01 2.286840e-01 2.519469e+00
-5.681500e-02 3.010100e-01 2.428851e+00
-2.865400e-02 8.867100e-02 2.616705e+00
-2.675460e-01 -1.027460e-01 2.549084e+00
1.564490e-01 -9.166400e-02 2.499741e+00
-4.047400e-02 -9.523000e-02 2.654389e+00
-3.160260e-01 -1.364600e-02 2.529893e+00
2.251070e-01 -1.814600e-02 2.512951e+00
-2.076830e-01 -2.414890e-01 2.415090e+00
1.258180e-01 -2.662580e-01 2.439377e+00
-1.563910e-01 -2.897070e-01 2.433578e+00
8.318100e-02 -2.906380e-01 2.385662e+00
-1.700980e-01 -6.412860e-01 2.583750e+00
4.210200e-02 -6.386820e-01 2.556249e+00
-1.681830e-01 -1.077570e+00 2.654578e+00
1.802400e-02 -1.072345e+00 2.638224e+00
-1.909210e-01 -1.106341e+00 2.477970e+00
-3.700000e-04 -1.104687e+00 2.461728e+00
-3.903900e-02 4.719200e-01 2.389116e+00
-2.233910e-01 2.251880e-01 2.602838e+00
1.437020e-01 2.341250e-01 2.509011e+00
-7.037400e-02 3.067470e-01 2.443821e+00
-1.985300e-02 8.924000e-02 2.620764e+00
-2.668430e-01 -8.913700e-02 2.569664e+00
1.509530e-01 -9.653600e-02 2.481796e+00
-3.100400e-02 -9.237100e-02 2.653789e+00
-3.207670e-01 -1.301800e-02 2.559630e+00
2.309910e-01 -1.172100e-02 2.503402e+00
-2.206250e-01 -2.537520e-01 2.458709e+00
1.306820e-01 -2.662430e-01 2.445760e+00
-1.706460e-01 -2.987070e-01 2.430803e+00
7.841400e-02 -2.998960e-01 2.407902e+00
-1.680890e-01 -6.340810e-01 2.589182e+00
3.902500e-02 -6.373200e-01 2.557499e+00
-1.796530e-01 -1.069011e+00 2.667067e+00
1.506700e-02 -1.070739e+00 2.640790e+00
-2.180050e-01 -1.099090e+00 2.493402e+00
-1.929800e-02 -1.102322e+00 2.466558e+00
-4.887200e-02 4.678230e-01 2.393643e+00
-2.242060e-01 2.264730e-01 2.613880e+00
1.385200e-01 2.358790e-01 2.504418e+00
-7.848100e-02 3.067930e-01 2.447552e+00
-1.943700e-02 9.162900e-02 2.624719e+00
-2.687200e-01 -8.920100e-02 2.593182e+00
1.417150e-01 -1.021170e-01 2.476115e+00
-2.752200e-02 -9.231400e-02 2.660424e+00
-3.180950e-01 -1.457900e-02 2.570791e+00
2.093350e-01 -1.633700e-02 2.492162e+00
-2.248090e-01 -2.559160e-01 2.461210e+00
1.260860e-01 -2.800240e-01 2.442232e+00
-1.726920e-01 -2.854800e-01 2.419889e+00
7.833800e-02 -3.073910e-01 2.394600e+00
-1.694040e-01 -6.365540e-01 2.595158e+00
3.825200e-02 -6.413370e-01 2.556558e+00
-1.842760e-01 -1.072189e+00 2.668400e+00
9.707000e-03 -1.074505e+00 2.639715e+00
-2.344830e-01 -1.099245e+00 2.497279e+00
-3.554300e-02 -1.104543e+00 2.467712e+00
-5.409000e-02 4.676960e-01 2.394361e+00
-2.216180e-01 2.282160e-01 2.621318e+00
1.383850e-01 2.351430e-01 2.503035e+00
-7.946900e-02 3.074370e-01 2.451406e+00
-1.753400e-02 9.203600e-02 2.627294e+00
-2.663840e-01 -8.624500e-02 2.605939e+00
1.375170e-01 -1.013410e-01 2.468228e+00
-2.211800e-02 -9.098600e-02 2.660885e+00
-3.179330e-01 -1.201500e-02 2.572195e+00
2.097740e-01 -1.823900e-02 2.492959e+00
-2.210560e-01 -2.509510e-01 2.457334e+00
1.240980e-01 -2.826090e-01 2.443599e+00
-1.777110e-01 -3.093570e-01 2.454581e+00
7.604400e-02 -3.087970e-01 2.395613e+00
-1.696770e-01 -6.345770e-01 2.595185e+00
3.619700e-02 -6.399520e-01 2.554209e+00
-1.842450e-01 -1.070172e+00 2.668734e+00
1.006000e-02 -1.073354e+00 2.636935e+00
-2.429580e-01 -1.096656e+00 2.500251e+00
-4.415100e-02 -1.102449e+00 2.467377e+00
-5.073000e-02 4.697600e-01 2.398823e+00
-2.250130e-01 2.285430e-01 2.619020e+00
1.344910e-01 2.350780e-01 2.499206e+00
-8.441000e-02 3.025340e-01 2.445502e+00
-1.923500e-02 9.523400e-02 2.629755e+00
-2.652240e-01 -8.885900e-02 2.603323e+00
1.426610e-01 -9.532500e-02 2.477161e+00
-2.258900e-02 -9.026000e-02 2.665241e+00
-3.125870e-01 -1.665600e-02 2.569677e+00
2.157160e-01 -1.675900e-02 2.484817e+00
-2.153110e-01 -2.618760e-01 2.464692e+00
9.441500e-02 -2.635400e-01 2.414092e+00
-2.217610e-01 -3.153070e-01 2.415691e+00
4.474200e-02 -3.155030e-01 2.402688e+00
-1.706890e-01 -6.341530e-01 2.600106e+00
3.488700e-02 -6.374570e-01 2.550228e+00
-1.818860e-01 -1.070126e+00 2.671984e+00
1.290500e-02 -1.070641e+00 2.635267e+00
-2.363720e-01 -1.096734e+00 2.502106e+00
-3.642700e-02 -1.101649e+00 2.464562e+00
-4.447300e-02 4.727420e-01 2.395833e+00
-2.231320e-01 2.283430e-01 2.612773e+00
1.377080e-01 2.258190e-01 2.496886e+00
-7.890900e-02 2.983330e-01 2.440571e+00
-2.075300e-02 9.016300e-02 2.626187e+00
-2.644420e-01 -9.887200e-02 2.597476e+00
1.495470e-01 -8.697700e-02 2.493551e+00
-2.575300e-02 -8.768200e-02 2.672373e+00
-3.036060e-01 -2.134800e-02 2.569289e+00
2.061940e-01 -3.098400e-02 2.488251e+00
-2.199810e-01 -2.722210e-01 2.463246e+00
7.098900e-02 -2.696040e-01 2.411079e+00
-1.527030e-01 -2.961620e-01 2.449172e+00
2.792600e-02 -3.280650e-01 2.406032e+00
-1.732380e-01 -6.378690e-01 2.597775e+00
3.724200e-02 -6.351430e-01 2.545089e+00
-1.797910e-01 -1.073866e+00 2.670074e+00
1.516000e-02 -1.067442e+00 2.634495e+00
-2.262470e-01 -1.101698e+00 2.498020e+00
-2.668000e-02 -1.100925e+00 2.462265e+00
-5.492700e-02 4.689050e-01 2.393740e+00
