-3.844720e-01 3.199400e-01 2.688964e+00
-1.971515e-01 3.271820e-01 2.685109e+00
-9.831000e-03 3.344240e-01 2.681253e+00
-1.057150e-01 3.616275e-01 2.633035e+00
-2.015990e-01 3.888310e-01 2.584817e+00
-1.962050e-01 2.919230e-01 2.664871e+00
-1.908110e-01 1.950150e-01 2.744924e+00
-2.731090e-01 8.780650e-02 2.681824e+00
-3.554070e-01 -1.940200e-02 2.618724e+00
-1.874280e-01 -2.191700e-02 2.617935e+00
-1.944900e-02 -2.443200e-02 2.617146e+00
-1.033475e-01 -3.222300e-02 2.665794e+00
-1.872460e-01 -4.001400e-02 2.714442e+00
-3.064475e-01 -1.688500e-03 2.703258e+00
-4.256490e-01 3.663700e-02 2.692074e+00
-1.979695e-01 4.434900e-02 2.699640e+00
2.971000e-02 5.206100e-02 2.707206e+00
-1.913785e-01 -1.010085e-01 2.654656e+00
-4.124670e-01 -2.540780e-01 2.602105e+00
-1.940130e-01 -2.520795e-01 2.635513e+00
2.444100e-02 -2.500810e-01 2.668921e+00
-1.759155e-01 -2.831555e-01 2.635841e+00
-3.762720e-01 -3.162300e-01 2.602761e+00
-1.894815e-01 -3.162610e-01 2.632191e+00
-2.691000e-03 -3.162920e-01 2.661621e+00
-1.492740e-01 -4.331725e-01 2.679549e+00
-2.958570e-01 -5.500530e-01 2.697476e+00
-1.947145e-01 -5.524925e-01 2.692032e+00
-9.357200e-02 -5.549320e-01 2.686588e+00
-1.883120e-01 -7.640935e-01 2.719715e+00
-2.830520e-01 -9.732550e-01 2.752841e+00
-1.954340e-01 -9.753050e-01 2.750066e+00
-1.078160e-01 -9.773550e-01 2.747291e+00
-1.971225e-01 -9.868980e-01 2.661841e+00
-2.864290e-01 -9.964410e-01 2.576390e+00
-1.970245e-01 -9.995610e-01 2.573746e+00
-1.076200e-01 -1.002681e+00 2.571102e+00
-1.540775e-01 -2.041700e-01 2.579777e+00
-2.005350e-01 5.943410e-01 2.588451e+00
-2.940400e-01 4.563230e-01 2.640766e+00
-3.875450e-01 3.183050e-01 2.693082e+00
-2.002530e-01 3.235925e-01 2.686015e+00
-1.296100e-02 3.288800e-01 2.678948e+00
-1.093750e-01 3.586060e-01 2.633347e+00
-2.057890e-01 3.883320e-01 2.587745e+00
-2.000800e-01 2.889620e-01 2.664699e+00
-1.943710e-01 1.895920e-01 2.741652e+00
-2.773420e-01 8.373100e-02 2.681968e+00
-3.603130e-01 -2.213000e-02 2.622283e+00
-1.924465e-01 -2.561150e-02 2.616574e+00
-2.458000e-02 -2.909300e-02 2.610864e+00
-1.070530e-01 -3.612700e-02 2.662001e+00
-1.895260e-01 -4.316100e-02 2.713138e+00
-3.091160e-01 -4.042500e-03 2.698255e+00
-4.287060e-01 3.507600e-02 2.683372e+00
-2.010085e-01 4.109000e-02 2.697264e+00
2.668900e-02 4.710400e-02 2.711155e+00
-1.952525e-01 -1.048470e-01 2.653941e+00
-4.171940e-01 -2.567980e-01 2.596727e+00
-1.972310e-01 -2.556720e-01 2.632599e+00
2.273200e-02 -2.545460e-01 2.668472e+00
-1.916900e-01 -2.900880e-01 2.623759e+00
-4.061120e-01 -3.256300e-01 2.579046e+00
-2.012855e-01 -3.245915e-01 2.620476e+00
3.541000e-03 -3.235530e-01 2.661906e+00
-1.449750e-01 -4.391180e-01 2.678825e+00
-2.934910e-01 -5.546830e-01 2.695743e+00
-1.946125e-01 -5.562425e-01 2.692462e+00
-9.573400e-02 -5.578020e-01 2.689180e+00
-1.906420e-01 -7.679965e-01 2.719417e+00
-2.855500e-01 -9.781910e-01 2.749654e+00
-1.959455e-01 -9.796930e-01 2.746598e+00
-1.063410e-01 -9.811950e-01 2.743541e+00
-1.998170e-01 -9.909925e-01 2.658403e+00
-2.932930e-01 -1.000790e+00 2.573265e+00
-2.025300e-01 -1.002255e+00 2.570160e+00
-1.117670e-01 -1.003719e+00 2.567055e+00
-1.585305e-01 -2.076075e-01 2.576128e+00
-2.052940e-01 5.885040e-01 2.585201e+00
-2.968360e-01 4.550560e-01 2.632141e+00
-3.883780e-01 3.216080e-01 2.679082e+00
-2.009290e-01 3.231160e-01 2.683172e+00
-1.348000e-02 3.246240e-01 2.687262e+00
-1.063745e-01 3.554800e-01 2.635520e+00
-1.992690e-01 3.863360e-01 2.583778e+00
-2.001950e-01 2.881450e-01 2.662431e+00
-2.011210e-01 1.899540e-01 2.741085e+00
-2.802675e-01 8.352650e-02 2.678584e+00
-3.594140e-01 -2.290100e-02 2.616084e+00
-1.914515e-01 -2.602050e-02 2.617774e+00
-2.348900e-02 -2.914000e-02 2.619464e+00
-1.081205e-01 -3.641600e-02 2.666908e+00
-1.927520e-01 -4.369200e-02 2.714352e+00
-3.107955e-01 -2.887000e-03 2.698117e+00
-4.288390e-01 3.791800e-02 2.681881e+00
-1.984805e-01 4.044200e-02 2.698139e+00
3.187800e-02 4.296600e-02 2.714398e+00
-1.885720e-01 -1.066330e-01 2.659257e+00
-4.090220e-01 -2.562320e-01 2.604116e+00
-1.933185e-01 -2.573960e-01 2.637141e+00
2.238500e-02 -2.585600e-01 2.670166e+00
-1.795110e-01 -2.897430e-01 2.644649e+00
-3.814070e-01 -3.209260e-01 2.619131e+00
-1.932355e-01 -3.200845e-01 2.631070e+00
-5.064000e-03 -3.192430e-01 2.643009e+00
-1.497300e-01 -4.371825e-01 2.668198e+00
-2.943960e-01 -5.551220e-01 2.693387e+00
-1.931725e-01 -5.564675e-01 2.693426e+00
-9.194900e-02 -5.578130e-01 2.693465e+00
-1.899560e-01 -7.678855e-01 2.722994e+00
-2.879630e-01 -9.779580e-01 2.752522e+00
-1.965585e-01 -9.795525e-01 2.750116e+00
-1.051540e-01 -9.811470e-01 2.747711e+00
-1.965330e-01 -9.918795e-01 2.661974e+00
-2.879120e-01 -1.002612e+00 2.576237e+00
-1.951100e-01 -1.003234e+00 2.573713e+00
-1.023080e-01 -1.003856e+00 2.571189e+00
-1.564175e-01 -2.083570e-01 2.574593e+00
-2.105270e-01 5.871420e-01 2.577998e+00
-3.035600e-01 4.565640e-01 2.626590e+00
-3.965930e-01 3.259860e-01 2.675181e+00
-2.092110e-01 3.274215e-01 2.681679e+00
-2.182900e-02 3.288570e-01 2.688176e+00
-1.140240e-01 3.592215e-01 2.634913e+00
-2.062190e-01 3.895860e-01 2.581651e+00
-2.082355e-01 2.922320e-01 2.661319e+00
-2.102520e-01 1.948780e-01 2.740987e+00
-2.836550e-01 8.551100e-02 2.677805e+00
-3.570580e-01 -2.385600e-02 2.614624e+00
-1.891690e-01 -2.426700e-02 2.620711e+00
-2.128000e-02 -2.467800e-02 2.626798e+00
-1.069970e-01 -3.293600e-02 2.672082e+00
-1.927140e-01 -4.119400e-02 2.717366e+00
-3.112630e-01 8.700000e-05 2.697864e+00
-4.298120e-01 4.136800e-02 2.678361e+00
-2.008385e-01 4.494050e-02 2.699328e+00
2.813500e-02 4.851300e-02 2.720295e+00
-1.887605e-01 -1.028820e-01 2.664079e+00
-4.056560e-01 -2.542770e-01 2.607863e+00
-1.806170e-01 -2.535440e-01 2.642298e+00
4.442200e-02 -2.528110e-01 2.676733e+00
-1.713655e-01 -2.878305e-01 2.647970e+00
-3.871530e-01 -3.228500e-01 2.619206e+00
-1.584925e-01 -3.177680e-01 2.632759e+00
7.016800e-02 -3.126860e-01 2.646311e+00
-1.120460e-01 -4.341995e-01 2.666685e+00
-2.942600e-01 -5.557130e-01 2.687058e+00
-1.917165e-01 -5.558835e-01 2.690617e+00
-8.917300e-02 -5.560540e-01 2.694176e+00
-1.873250e-01 -7.668515e-01 2.723109e+00
-2.854770e-01 -9.776490e-01 2.752042e+00
-1.940855e-01 -9.788890e-01 2.747123e+00
-1.026940e-01 -9.801290e-01 2.742205e+00
-1.918480e-01 -9.923865e-01 2.659181e+00
-2.810020e-01 -1.004644e+00 2.576157e+00
-1.878585e-01 -1.002518e+00 2.570849e+00
-9.471500e-02 -1.000392e+00 2.565542e+00
-1.516815e-01 -2.069060e-01 2.567114e+00
-2.086480e-01 5.865800e-01 2.568686e+00
-3.060945e-01 4.582155e-01 2.608264e+00
-4.035410e-01 3.298510e-01 2.647843e+00
-2.177105e-01 3.285050e-01 2.672772e+00
-3.188000e-02 3.271590e-01 2.697701e+00
-1.178145e-01 3.574480e-01 2.634799e+00
-2.037490e-01 3.877370e-01 2.571898e+00
-2.153920e-01 2.927385e-01 2.653559e+00
-2.270350e-01 1.977400e-01 2.735220e+00
-2.857185e-01 8.951000e-02 2.672204e+00
-3.444020e-01 -1.872000e-02 2.609189e+00
-1.778740e-01 -2.183950e-02 2.631160e+00
-1.134600e-02 -2.495900e-02 2.653131e+00
-1.010915e-01 -3.176150e-02 2.690087e+00
-1.908370e-01 -3.856400e-02 2.727043e+00
-3.103915e-01 3.729500e-03 2.696066e+00
-4.299460e-01 4.602300e-02 2.665088e+00
-1.956050e-01 5.102350e-02 2.709018e+00
3.873600e-02 5.602400e-02 2.752948e+00
-1.774970e-01 -9.838200e-02 2.688301e+00
-3.937300e-01 -2.527880e-01 2.623654e+00
-1.112780e-01 -2.269855e-01 2.641877e+00
1.711740e-01 -2.011830e-01 2.660100e+00
-1.033720e-01 -2.613930e-01 2.635027e+00
-3.779180e-01 -3.216030e-01 2.609954e+00
-8.690050e-02 -2.862960e-01 2.614980e+00
2.041170e-01 -2.509890e-01 2.620007e+00
-4.494300e-02 -4.019575e-01 2.650087e+00
-2.940030e-01 -5.529260e-01 2.680168e+00
-1.942015e-01 -5.549395e-01 2.691572e+00
-9.440000e-02 -5.569530e-01 2.702976e+00
-1.901215e-01 -7.661185e-01 2.722703e+00
-2.858430e-01 -9.752840e-01 2.742430e+00
-1.956250e-01 -9.787820e-01 2.740761e+00
-1.054070e-01 -9.822800e-01 2.739092e+00
-1.857725e-01 -9.914955e-01 2.653226e+00
-2.661380e-01 -1.000711e+00 2.567361e+00
-1.740840e-01 -9.992610e-01 2.565340e+00
-8.203000e-02 -9.978110e-01 2.563318e+00
-1.469760e-01 -2.100120e-01 2.551589e+00
-2.119220e-01 5.777870e-01 2.539859e+00
-3.097135e-01 4.530455e-01 2.579862e+00
-4.075050e-01 3.283040e-01 2.619866e+00
-2.246790e-01 3.282715e-01 2.661469e+00
-4.185300e-02 3.282390e-01 2.703072e+00
-1.215210e-01 3.541355e-01 2.630676e+00
-2.011890e-01 3.800320e-01 2.558280e+00
-2.209735e-01 2.912060e-01 2.645155e+00
-2.407580e-01 2.023800e-01 2.732030e+00
-2.908230e-01 9.261550e-02 2.663441e+00
-3.408880e-01 -1.714900e-02 2.594852e+00
-1.775630e-01 -2.023000e-02 2.634087e+00
-1.423800e-02 -2.331100e-02 2.673322e+00
-1.073685e-01 -2.920450e-02 2.700859e+00
-2.004990e-01 -3.509800e-02 2.728396e+00
-3.156380e-01 6.531500e-03 2.692070e+00
-4.307770e-01 4.816100e-02 2.655744e+00
-1.835855e-01 6.345600e-02 2.721070e+00
6.360600e-02 7.875100e-02 2.786396e+00
-1.647320e-01 -8.545800e-02 2.707064e+00
-3.930700e-01 -2.496670e-01 2.627732e+00
-6.529500e-02 -1.842025e-01 2.651486e+00
2.624800e-01 -1.187380e-01 2.675240e+00
-6.060750e-02 -2.198495e-01 2.650685e+00
-3.836950e-01 -3.209610e-01 2.626129e+00
-4.134600e-02 -2.386755e-01 2.626854e+00
3.010030e-01 -1.563900e-01 2.627578e+00
4.745000e-03 -3.538540e-01 2.653464e+00
-2.915130e-01 -5.513180e-01 2.679350e+00
-1.944025e-01 -5.539580e-01 2.693334e+00
-9.729200e-02 -5.565980e-01 2.707318e+00
-1.937630e-01 -7.648490e-01 2.726603e+00
-2.902340e-01 -9.731000e-01 2.745889e+00
-1.982695e-01 -9.776830e-01 2.742839e+00
-1.063050e-01 -9.822660e-01 2.739789e+00
-1.789885e-01 -9.911655e-01 2.657005e+00
-2.516720e-01 -1.000065e+00 2.574221e+00
-1.582070e-01 -9.981855e-01 2.570750e+00
-6.474200e-02 -9.963060e-01 2.567280e+00
-1.388310e-01 -2.153385e-01 2.537526e+00
-2.129200e-01 5.656290e-01 2.507773e+00
-3.087665e-01 4.457465e-01 2.552389e+00
-4.046130e-01 3.258640e-01 2.597005e+00
-2.253465e-01 3.267055e-01 2.651952e+00
-4.608000e-02 3.275470e-01 2.706899e+00
-1.199430e-01 3.503045e-01 2.627620e+00
-1.938060e-01 3.730620e-01 2.548342e+00
-2.208355e-01 2.888440e-01 2.637815e+00
-2.478650e-01 2.046260e-01 2.727289e+00
-2.907525e-01 9.325900e-02 2.655865e+00
-3.336400e-01 -1.810800e-02 2.584442e+00
-1.754840e-01 -2.082450e-02 2.641040e+00
-1.732800e-02 -2.354100e-02 2.697639e+00
-1.128895e-01 -2.906400e-02 2.715070e+00
-2.084510e-01 -3.458700e-02 2.732501e+00
-3.206775e-01 8.264500e-03 2.689487e+00
-4.329040e-01 5.111600e-02 2.646472e+00
-1.687980e-01 8.065000e-02 2.730295e+00
9.530800e-02 1.101840e-01 2.814119e+00
-1.498290e-01 -6.694050e-02 2.718530e+00
-3.949660e-01 -2.440650e-01 2.622941e+00
-2.755600e-02 -1.342635e-01 2.665633e+00
3.398540e-01 -2.446200e-02 2.708324e+00
-1.892550e-02 -1.691385e-01 2.667238e+00
-3.777050e-01 -3.138150e-01 2.626153e+00
1.385000e-04 -1.783260e-01 2.638161e+00
3.779820e-01 -4.283700e-02 2.650170e+00
4.315150e-02 -2.971340e-01 2.665768e+00
-2.916790e-01 -5.514310e-01 2.681367e+00
-1.959730e-01 -5.546600e-01 2.699242e+00
-1.002670e-01 -5.578890e-01 2.717117e+00
-1.980220e-01 -7.656310e-01 2.731943e+00
-2.957770e-01 -9.733730e-01 2.746769e+00
-2.001320e-01 -9.789390e-01 2.740748e+00
-1.044870e-01 -9.845050e-01 2.734727e+00
-1.715375e-01 -9.921200e-01 2.657504e+00
-2.385880e-01 -9.997350e-01 2.580281e+00
-1.415875e-01 -9.958720e-01 2.573778e+00
-4.458700e-02 -9.920090e-01 2.567276e+00
-1.299020e-01 -2.165275e-01 2.528342e+00
-2.152170e-01 5.589540e-01 2.489408e+00
-3.068550e-01 4.416765e-01 2.530057e+00
-3.984930e-01 3.243990e-01 2.570706e+00
-2.237720e-01 3.274085e-01 2.638675e+00
-4.905100e-02 3.304180e-01 2.706645e+00
-1.165285e-01 3.482470e-01 2.620693e+00
-1.840060e-01 3.660760e-01 2.534742e+00
-2.187850e-01 2.886065e-01 2.627573e+00
-2.535640e-01 2.111370e-01 2.720405e+00
-2.962435e-01 9.469000e-02 2.652696e+00
-3.389230e-01 -2.175700e-02 2.584986e+00
-1.847750e-01 -1.840650e-02 2.651703e+00
-3.062700e-02 -1.505600e-02 2.718420e+00
-1.269910e-01 -2.202900e-02 2.729896e+00
-2.233550e-01 -2.900200e-02 2.741372e+00
-3.329785e-01 1.116250e-02 2.671494e+00
-4.426020e-01 5.132700e-02 2.601615e+00
-1.546355e-01 1.132210e-01 2.724994e+00
1.333310e-01 1.751150e-01 2.848373e+00
-1.320010e-01 -3.294000e-02 2.731926e+00
-3.973330e-01 -2.409950e-01 2.615479e+00
1.136750e-02 -5.841300e-02 2.705094e+00
4.200680e-01 1.241690e-01 2.794708e+00
2.252650e-02 -9.227200e-02 2.700364e+00
-3.750150e-01 -3.087130e-01 2.606020e+00
5.821250e-02 -9.586800e-02 2.702993e+00
4.914400e-01 1.169770e-01 2.799967e+00
9.766800e-02 -2.181335e-01 2.740140e+00
-2.961040e-01 -5.532440e-01 2.680313e+00
-2.015950e-01 -5.540595e-01 2.699604e+00
-1.070860e-01 -5.548750e-01 2.718895e+00
-2.013140e-01 -7.651010e-01 2.731913e+00
-2.955420e-01 -9.753270e-01 2.744931e+00
-2.015380e-01 -9.784610e-01 2.739640e+00
-1.075340e-01 -9.815950e-01 2.734349e+00
-1.674250e-01 -9.908560e-01 2.658377e+00
-2.273160e-01 -1.000117e+00 2.582405e+00
-1.318880e-01 -9.938465e-01 2.576834e+00
-3.646000e-02 -9.875760e-01 2.571264e+00
-1.208085e-01 -2.295085e-01 2.507684e+00
-2.051570e-01 5.285590e-01 2.444104e+00
-2.938160e-01 4.238695e-01 2.493800e+00
-3.824750e-01 3.191800e-01 2.543495e+00
-2.137290e-01 3.219165e-01 2.625188e+00
-4.498300e-02 3.246530e-01 2.706880e+00
-1.047435e-01 3.383700e-01 2.614688e+00
-1.645040e-01 3.520870e-01 2.522496e+00
-2.092020e-01 2.823085e-01 2.617163e+00
-2.539000e-01 2.125300e-01 2.711830e+00
-2.975220e-01 9.337350e-02 2.651516e+00
-3.411440e-01 -2.578300e-02 2.591203e+00
-1.879755e-01 -2.115100e-02 2.660064e+00
-3.480700e-02 -1.651900e-02 2.728925e+00
-1.313685e-01 -2.259250e-02 2.739183e+00
-2.279300e-01 -2.866600e-02 2.749442e+00
-3.357955e-01 1.109700e-02 2.668669e+00
-4.436610e-01 5.086000e-02 2.587896e+00
-1.547225e-01 1.339695e-01 2.739619e+00
1.342160e-01 2.170790e-01 2.891342e+00
-1.364165e-01 -1.309750e-02 2.744900e+00
-4.070490e-01 -2.432740e-01 2.598459e+00
1.066150e-02 -2.213500e-02 2.728219e+00
4.283720e-01 1.990040e-01 2.857980e+00
2.701250e-02 -5.404400e-02 2.725429e+00
-3.743470e-01 -3.070920e-01 2.592877e+00
6.028100e-02 -4.257500e-02 2.732843e+00
4.949090e-01 2.219420e-01 2.872810e+00
9.666100e-02 -1.677480e-01 2.775922e+00
-3.015870e-01 -5.574380e-01 2.679034e+00
-2.049030e-01 -5.574480e-01 2.701226e+00
-1.082190e-01 -5.574580e-01 2.723418e+00
-2.003600e-01 -7.683675e-01 2.734007e+00
-2.925010e-01 -9.792770e-01 2.744595e+00
-2.007600e-01 -9.818165e-01 2.738659e+00
-1.090190e-01 -9.843560e-01 2.732722e+00
-1.663260e-01 -9.936955e-01 2.657454e+00
-2.236330e-01 -1.003035e+00 2.582186e+00
-1.295580e-01 -9.955305e-01 2.576424e+00
-3.548300e-02 -9.880260e-01 2.570663e+00
-1.154620e-01 -2.397560e-01 2.493455e+00
-1.954410e-01 5.085140e-01 2.416247e+00
-2.827375e-01 4.096140e-01 2.467309e+00
-3.700340e-01 3.107140e-01 2.518370e+00
-4.336900e-02 3.206450e-01 2.702261e+00
-1.502880e-01 3.363760e-01 2.508985e+00
-2.554640e-01 2.145410e-01 2.702400e+00
-3.440980e-01 -2.653800e-02 2.595744e+00
-4.186600e-02 -2.150100e-02 2.742464e+00
-2.358030e-01 -2.702300e-02 2.757414e+00
-4.397970e-01 4.648700e-02 2.578452e+00
1.303700e-01 2.385980e-01 2.905671e+00
-4.092140e-01 -2.494980e-01 2.587541e+00
4.272480e-01 2.580400e-01 2.916228e+00
-3.748750e-01 -3.116190e-01 2.599169e+00
4.942360e-01 2.798770e-01 2.930686e+00
-3.026780e-01 -5.610380e-01 2.674737e+00
-1.102920e-01 -5.611180e-01 2.724187e+00
-2.945320e-01 -9.806750e-01 2.753268e+00
-1.069630e-01 -9.881020e-01 2.725992e+00
-2.233170e-01 -1.009346e+00 2.592674e+00
-2.867300e-02 -9.881670e-01 2.566133e+00
-1.859480e-01 4.870300e-01 2.388309e+00
-3.496520e-01 2.822480e-01 2.481703e+00
-4.217000e-02 3.034010e-01 2.695321e+00
-1.291660e-01 3.001600e-01 2.491713e+00
-2.574300e-01 2.043270e-01 2.685825e+00
-3.335460e-01 -4.135800e-02 2.587556e+00
-5.852900e-02 -2.879100e-02 2.780179e+00
-2.524470e-01 -3.046400e-02 2.764105e+00
-4.418350e-01 3.095300e-02 2.564382e+00
1.151850e-01 2.422040e-01 2.918877e+00
-4.139900e-01 -2.626060e-01 2.607843e+00
3.982220e-01 2.516040e-01 3.011841e+00
-3.821640e-01 -3.261090e-01 2.596537e+00
4.618930e-01 2.762590e-01 2.989224e+00
-3.128750e-01 -5.720360e-01 2.666677e+00
-1.128700e-01 -5.660230e-01 2.692391e+00
-2.924700e-01 -9.915360e-01 2.743699e+00
-1.081630e-01 -9.910210e-01 2.733426e+00
-2.008350e-01 -1.014770e+00 2.592876e+00
-9.616000e-03 -1.004185e+00 2.585780e+00
-1.687890e-01 4.452990e-01 2.352307e+00
-3.440560e-01 2.553600e-01 2.478332e+00
-3.185400e-02 2.815120e-01 2.684417e+00
-1.234310e-01 2.737500e-01 2.482951e+00
-2.471060e-01 1.819970e-01 2.681951e+00
-3.355720e-01 -5.552900e-02 2.592832e+00
-5.733900e-02 -4.901700e-02 2.781086e+00
-2.513520e-01 -4.220500e-02 2.767745e+00
-4.435190e-01 1.042100e-02 2.572282e+00
9.095000e-02 1.891600e-01 2.919161e+00
-4.253550e-01 -2.819800e-01 2.629508e+00
3.647410e-01 1.783460e-01 3.037586e+00
-4.017390e-01 -3.473940e-01 2.611160e+00
4.262420e-01 2.022560e-01 3.066209e+00
-3.229830e-01 -5.858370e-01 2.654071e+00
-1.147140e-01 -5.781230e-01 2.667349e+00
-2.865690e-01 -1.002991e+00 2.737655e+00
-1.063780e-01 -1.001658e+00 2.720993e+00
-2.063590e-01 -1.027449e+00 2.580645e+00
-1.514400e-02 -1.019094e+00 2.569150e+00
-1.655590e-01 4.019100e-01 2.335639e+00
-3.591740e-01 2.289890e-01 2.481006e+00
-2.955000e-02 2.454960e-01 2.659052e+00
-1.383660e-01 2.370620e-01 2.466379e+00
-2.484630e-01 1.562130e-01 2.677702e+00
-3.432080e-01 -7.270600e-02 2.604478e+00
-5.311900e-02 -8.132700e-02 2.773802e+00
-2.468310e-01 -6.287000e-02 2.773239e+00
-4.454310e-01 -1.264500e-02 2.595141e+00
6.163700e-02 1.061940e-01 2.885180e+00
-4.340310e-01 -3.068090e-01 2.646118e+00
2.932600e-01 2.986600e-02 3.057765e+00
-4.119950e-01 -3.710830e-01 2.622528e+00
3.598140e-01 2.749000e-02 3.084935e+00
-3.272490e-01 -6.049890e-01 2.635808e+00
-1.213600e-01 -5.977380e-01 2.637096e+00
-2.824810e-01 -1.018179e+00 2.733779e+00
-1.153720e-01 -1.017964e+00 2.712615e+00
-2.243850e-01 -1.051012e+00 2.568762e+00
-3.945700e-02 -1.045393e+00 2.553968e+00
-1.655150e-01 3.766300e-01 2.326045e+00
-3.846850e-01 2.088810e-01 2.511641e+00
-2.325700e-02 1.897900e-01 2.609774e+00
-1.735980e-01 1.908760e-01 2.447196e+00
-2.405080e-01 1.269980e-01 2.681201e+00
-3.589270e-01 -9.207900e-02 2.632441e+00
-4.098400e-02 -1.332040e-01 2.733023e+00
-2.267530e-01 -9.355300e-02 2.775246e+00
-4.553900e-01 -3.234200e-02 2.640011e+00
4.865600e-02 -3.741700e-02 2.761011e+00
-4.365180e-01 -3.318240e-01 2.651666e+00
1.882910e-01 -2.469520e-01 2.924653e+00
-4.132130e-01 -3.952840e-01 2.627109e+00
2.359980e-01 -2.934440e-01 2.951778e+00
-3.277160e-01 -6.265740e-01 2.607802e+00
-1.246150e-01 -6.285150e-01 2.593649e+00
-2.740750e-01 -1.035009e+00 2.720198e+00
-1.198830e-01 -1.040558e+00 2.705572e+00
-2.585730e-01 -1.080161e+00 2.548719e+00
-7.444800e-02 -1.085186e+00 2.539356e+00
-1.660150e-01 3.739590e-01 2.335013e+00
-4.010900e-01 2.108870e-01 2.543863e+00
-3.076900e-02 1.799160e-01 2.594142e+00
-2.006320e-01 1.889730e-01 2.452368e+00
-2.387960e-01 1.210740e-01 2.691635e+00
-3.654500e-01 -1.007040e-01 2.650799e+00
-3.779300e-02 -1.482970e-01 2.708000e+00
-2.154930e-01 -1.054380e-01 2.774717e+00
-4.598830e-01 -4.437400e-02 2.653630e+00
3.912300e-02 -8.905800e-02 2.652717e+00
-4.341090e-01 -3.453550e-01 2.646194e+00
1.220370e-01 -3.783820e-01 2.679664e+00
-4.109340e-01 -4.090930e-01 2.622241e+00
1.535810e-01 -4.429570e-01 2.676754e+00
-3.297730e-01 -6.341380e-01 2.603710e+00
-1.235370e-01 -6.409500e-01 2.582561e+00
-2.777030e-01 -1.040997e+00 2.722385e+00
-1.238460e-01 -1.050811e+00 2.702323e+00
-2.808970e-01 -1.091208e+00 2.551643e+00
-9.032200e-02 -1.099866e+00 2.534533e+00
-1.788660e-01 3.950890e-01 2.363198e+00
-4.058490e-01 2.333730e-01 2.593200e+00
-3.257700e-02 1.975020e-01 2.590645e+00
-2.192030e-01 2.239090e-01 2.474419e+00
-2.270190e-01 1.260770e-01 2.706115e+00
-3.809680e-01 -1.030790e-01 2.669003e+00
-4.652000e-02 -1.353390e-01 2.669181e+00
-2.121030e-01 -1.016640e-01 2.765688e+00
-4.575960e-01 -4.001600e-02 2.651634e+00
-1.029700e-02 -7.286300e-02 2.505555e+00
-4.245550e-01 -3.401170e-01 2.632911e+00
1.961700e-02 -3.378760e-01 2.362811e+00
-4.115590e-01 -4.108310e-01 2.634892e+00
4.969400e-02 -3.919160e-01 2.326091e+00
-3.298150e-01 -6.336370e-01 2.607372e+00
-1.168300e-01 -6.389400e-01 2.579709e+00
-2.815960e-01 -1.041953e+00 2.722619e+00
-1.222110e-01 -1.047743e+00 2.702917e+00
-3.025900e-01 -1.092259e+00 2.553171e+00
-1.023180e-01 -1.099026e+00 2.533629e+00
-1.927780e-01 4.495220e-01 2.421844e+00
-4.022240e-01 2.684130e-01 2.650544e+00
-3.219500e-02 2.559940e-01 2.590965e+00
-2.341940e-01 2.940880e-01 2.508622e+00
-2.059210e-01 1.514250e-01 2.713959e+00
-3.738360e-01 -8.258000e-02 2.669581e+00
-4.209000e-02 -9.060900e-02 2.616891e+00
-1.923880e-01 -7.248100e-02 2.739150e+00
-4.509070e-01 -5.176000e-03 2.659655e+00
-3.852200e-02 9.604800e-02 2.363630e+00
-4.179530e-01 -2.967810e-01 2.622413e+00
-9.551100e-02 2.447100e-02 2.082320e+00
-4.132090e-01 -3.677750e-01 2.632933e+00
-1.093980e-01 7.570000e-03 2.013801e+00
-3.311300e-01 -6.122830e-01 2.626731e+00
-1.137200e-01 -6.156420e-01 2.585684e+00
-2.855760e-01 -1.025102e+00 2.725899e+00
-1.178390e-01 -1.026447e+00 2.702096e+00
-3.323690e-01 -1.070081e+00 2.560154e+00
-1.279520e-01 -1.074805e+00 2.531089e+00
-1.971430e-01 5.132550e-01 2.480400e+00
-3.840150e-01 2.906560e-01 2.657765e+00
-2.069300e-02 2.670610e-01 2.568627e+00
-2.278140e-01 3.069410e-01 2.501652e+00
-1.856470e-01 1.713840e-01 2.709406e+00
-3.682520e-01 -7.170500e-02 2.664115e+00
-4.293300e-02 -6.721100e-02 2.580194e+00
-1.813670e-01 -5.836100e-02 2.716660e+00
-4.465920e-01 2.010500e-02 2.682446e+00
-5.414800e-02 2.241620e-01 2.295198e+00
-4.106020e-01 -2.652560e-01 2.609953e+00
-1.636750e-01 2.969800e-01 2.029336e+00
-3.894040e-01 -3.337310e-01 2.604024e+00
-1.891490e-01 3.284180e-01 1.969872e+00
-3.298930e-01 -6.011500e-01 2.653760e+00
-1.179090e-01 -6.028110e-01 2.592164e+00
-2.923700e-01 -1.018749e+00 2.734586e+00
-1.115070e-01 -1.014087e+00 2.706791e+00
-3.524980e-01 -1.055776e+00 2.571192e+00
-1.450770e-01 -1.061504e+00 2.538539e+00
-2.005150e-01 5.598530e-01 2.520501e+00
-3.772760e-01 3.365530e-01 2.721802e+00
-5.699900e-02 2.810540e-01 2.549216e+00
-2.587300e-01 3.558360e-01 2.535764e+00
-1.941230e-01 1.863470e-01 2.710162e+00
-3.602190e-01 -5.097500e-02 2.680202e+00
-6.523300e-02 -4.310300e-02 2.519524e+00
-1.661280e-01 -3.823400e-02 2.685842e+00
-4.381240e-01 6.304700e-02 2.702489e+00
-7.413800e-02 3.387380e-01 2.274880e+00
-4.183440e-01 -2.220210e-01 2.615098e+00
-1.971420e-01 5.227570e-01 2.074134e+00
-3.952090e-01 -2.901070e-01 2.616638e+00
-2.146740e-01 5.877720e-01 2.048854e+00
-3.240400e-01 -5.797000e-01 2.675503e+00
-1.128590e-01 -5.812740e-01 2.603687e+00
-2.902050e-01 -9.997050e-01 2.744645e+00
-9.675500e-02 -9.944830e-01 2.710119e+00
-3.852150e-01 -1.031576e+00 2.597535e+00
-1.739540e-01 -1.037304e+00 2.555552e+00
-2.452030e-01 5.693510e-01 2.557640e+00
-3.780790e-01 3.321320e-01 2.730351e+00
-5.784200e-02 3.122630e-01 2.555628e+00
-2.606380e-01 3.780430e-01 2.548321e+00
-1.877980e-01 1.932860e-01 2.702834e+00
-3.590560e-01 -2.940500e-02 2.653997e+00
-6.257000e-02 -2.538800e-02 2.495959e+00
-1.646520e-01 -2.561700e-02 2.661623e+00
-4.426370e-01 5.909900e-02 2.719303e+00
-7.671100e-02 4.527140e-01 2.313235e+00
-4.153050e-01 -2.168810e-01 2.608265e+00
-1.819880e-01 7.210250e-01 2.234700e+00
-3.947720e-01 -2.846840e-01 2.620693e+00
-2.085540e-01 7.876860e-01 2.239587e+00
-3.120740e-01 -5.567840e-01 2.696517e+00
-1.128480e-01 -5.610680e-01 2.607793e+00
-2.951060e-01 -9.793650e-01 2.755399e+00
-9.275400e-02 -9.740070e-01 2.714597e+00
-3.831930e-01 -1.004175e+00 2.602725e+00
-1.718790e-01 -1.017531e+00 2.561205e+00
-2.473510e-01 6.011200e-01 2.575326e+00
-3.960530e-01 3.057080e-01 2.744602e+00
-7.472200e-02 3.016490e-01 2.572979e+00
-2.773150e-01 3.654300e-01 2.567487e+00
-2.038150e-01 1.712900e-01 2.709694e+00
-3.636630e-01 -3.786200e-02 2.634628e+00
-5.795300e-02 -3.368000e-02 2.495272e+00
-1.700660e-01 -3.795800e-02 2.654261e+00
-4.413660e-01 3.221600e-02 2.728772e+00
-6.833700e-02 4.638040e-01 2.347665e+00
-4.149630e-01 -2.359690e-01 2.607706e+00
-1.576230e-01 7.449510e-01 2.331485e+00
-3.865450e-01 -3.015870e-01 2.615460e+00
-1.840140e-01 8.015550e-01 2.367162e+00
-3.126420e-01 -5.619570e-01 2.699944e+00
-1.161900e-01 -5.681610e-01 2.612672e+00
-2.856140e-01 -9.839120e-01 2.759548e+00
-9.286800e-02 -9.806010e-01 2.720739e+00
-3.643370e-01 -1.011175e+00 2.602247e+00
-1.634720e-01 -1.025741e+00 2.563699e+00
-2.197270e-01 5.917000e-01 2.603918e+00
-4.006500e-01 2.911770e-01 2.753535e+00
-8.321700e-02 3.002080e-01 2.576888e+00
-2.869730e-01 3.576220e-01 2.575497e+00
-2.049150e-01 1.635460e-01 2.713034e+00
-3.618710e-01 -4.654600e-02 2.638497e+00
-6.042000e-02 -3.836000e-02 2.490321e+00
-1.677780e-01 -4.786900e-02 2.652337e+00
-4.387410e-01 1.764300e-02 2.725553e+00
-6.284800e-02 4.771290e-01 2.363960e+00
-4.141490e-01 -2.568650e-01 2.619419e+00
-1.529860e-01 7.554130e-01 2.404671e+00
-3.920250e-01 -3.250060e-01 2.625802e+00
-1.667790e-01 7.993980e-01 2.459883e+00
-3.082620e-01 -5.675050e-01 2.707986e+00
-1.182440e-01 -5.724190e-01 2.618129e+00
-2.856890e-01 -9.901520e-01 2.764462e+00
-9.580000e-02 -9.863230e-01 2.720642e+00
-3.675710e-01 -1.015373e+00 2.608439e+00
-1.727560e-01 -1.028830e+00 2.565868e+00
-2.192720e-01 5.846810e-01 2.613857e+00
-4.104630e-01 2.807820e-01 2.756593e+00
-8.057200e-02 2.963670e-01 2.599083e+00
-2.858020e-01 3.554720e-01 2.589512e+00
-2.133540e-01 1.537230e-01 2.721285e+00
-3.640060e-01 -5.242000e-02 2.646424e+00
-6.095200e-02 -3.982100e-02 2.501870e+00
-1.700780e-01 -5.493700e-02 2.662270e+00
-4.423940e-01 9.531000e-03 2.727482e+00
-5.269300e-02 4.567700e-01 2.377864e+00
-4.154240e-01 -2.646550e-01 2.630033e+00
-1.535260e-01 7.265800e-01 2.427227e+00
-3.936340e-01 -3.328330e-01 2.637119e+00
-1.449720e-01 7.674510e-01 2.485791e+00
-3.143390e-01 -5.734330e-01 2.706476e+00
-1.233180e-01 -5.747930e-01 2.628825e+00
-2.934420e-01 -9.970450e-01 2.755919e+00
-1.043020e-01 -9.897800e-01 2.727585e+00
-3.736630e-01 -1.019365e+00 2.598597e+00
-1.808330e-01 -1.030297e+00 2.572068e+00
-2.232890e-01 5.767910e-01 2.631183e+00
-4.164810e-01 2.827280e-01 2.762700e+00
-8.629700e-02 2.985360e-01 2.603521e+00
-2.928830e-01 3.559410e-01 2.594182e+00
-2.185430e-01 1.566350e-01 2.728591e+00
-3.650100e-01 -5.280500e-02 2.654562e+00
-6.267100e-02 -3.870600e-02 2.508656e+00
-1.710080e-01 -5.567900e-02 2.669405e+00
-4.454300e-01 1.667400e-02 2.728376e+00
-4.202000e-02 4.419670e-01 2.379315e+00
-4.244860e-01 -2.570140e-01 2.644320e+00
-1.437420e-01 7.068560e-01 2.422850e+00
-3.996110e-01 -3.211580e-01 2.623343e+00
-1.518500e-01 7.486380e-01 2.480831e+00
-3.176090e-01 -5.743840e-01 2.707697e+00
-1.213230e-01 -5.734610e-01 2.637088e+00
-2.908280e-01 -9.980050e-01 2.754145e+00
-1.027430e-01 -9.897780e-01 2.730169e+00
-3.731240e-01 -1.020339e+00 2.597900e+00
-1.797470e-01 -1.028060e+00 2.574321e+00
-2.200810e-01 5.778290e-01 2.632032e+00
-4.173140e-01 3.101680e-01 2.757235e+00
-7.396200e-02 3.091320e-01 2.621322e+00
-2.786240e-01 3.760250e-01 2.597663e+00
-2.236020e-01 1.746840e-01 2.738197e+00
-3.742100e-01 -3.820700e-02 2.642702e+00
-5.526000e-02 -2.678300e-02 2.537646e+00
-1.838680e-01 -4.555900e-02 2.682466e+00
-4.512770e-01 4.573800e-02 2.728007e+00
-2.869800e-02 4.149980e-01 2.379094e+00
-4.321830e-01 -2.311290e-01 2.661642e+00
-1.335940e-01 6.797170e-01 2.397665e+00
-4.157540e-01 -2.986120e-01 2.642946e+00
-1.625330e-01 7.418070e-01 2.419590e+00
-3.143960e-01 -5.627270e-01 2.701169e+00
-1.202730e-01 -5.619980e-01 2.645032e+00
-2.935460e-01 -9.860960e-01 2.752678e+00
-9.965900e-02 -9.798510e-01 2.730493e+00
-3.513780e-01 -1.009231e+00 2.585932e+00
-1.534320e-01 -1.016394e+00 2.564791e+00
-2.245450e-01 5.971070e-01 2.645412e+00
-4.082310e-01 3.239510e-01 2.739854e+00
-4.292900e-02 3.033170e-01 2.657673e+00
-2.422370e-01 3.852710e-01 2.606733e+00
-2.228940e-01 1.760870e-01 2.745237e+00
-3.750940e-01 -2.697100e-02 2.644158e+00
-4.686400e-02 -2.841100e-02 2.572331e+00
-1.903610e-01 -4.432700e-02 2.702793e+00
-4.601690e-01 5.995600e-02 2.725730e+00
-4.470000e-03 3.428180e-01 2.393948e+00
-4.517520e-01 -2.228120e-01 2.679449e+00
-1.200630e-01 5.932650e-01 2.315938e+00
-4.399400e-01 -2.855020e-01 2.646225e+00
-1.588550e-01 6.538320e-01 2.316255e+00
-3.146320e-01 -5.585250e-01 2.695317e+00
-1.156320e-01 -5.604870e-01 2.661291e+00
-2.924410e-01 -9.805320e-01 2.756526e+00
-1.058010e-01 -9.808870e-01 2.735426e+00
-3.336420e-01 -1.007509e+00 2.585474e+00
-1.429920e-01 -1.011960e+00 2.564151e+00
-2.299590e-01 5.976930e-01 2.656741e+00
-3.998040e-01 3.336240e-01 2.727542e+00
-2.867200e-02 2.933040e-01 2.692044e+00
-2.147690e-01 3.885240e-01 2.618993e+00
-2.253360e-01 1.747580e-01 2.751311e+00
-3.729910e-01 -2.035700e-02 2.629027e+00
-3.823500e-02 -3.159300e-02 2.602415e+00
-1.986110e-01 -4.493700e-02 2.711808e+00
-4.639520e-01 6.906300e-02 2.726973e+00
1.871400e-02 2.480060e-01 2.427827e+00
-4.597000e-01 -2.166900e-01 2.679896e+00
-8.963500e-02 4.500170e-01 2.250793e+00
-4.514000e-01 -2.873220e-01 2.669148e+00
-1.259630e-01 5.041320e-01 2.220377e+00
-3.125930e-01 -5.533910e-01 2.698145e+00
-1.160660e-01 -5.611870e-01 2.673029e+00
-2.902120e-01 -9.763300e-01 2.752466e+00
-1.028230e-01 -9.829640e-01 2.738286e+00
-3.082510e-01 -9.998280e-01 2.576949e+00
-1.176750e-01 -1.010540e+00 2.563063e+00
-2.427330e-01 5.926680e-01 2.662038e+00
-4.041440e-01 3.290310e-01 2.711415e+00
-3.079400e-02 2.939370e-01 2.709609e+00
-2.113150e-01 3.818010e-01 2.616191e+00
-2.300780e-01 1.748870e-01 2.758141e+00
-3.713460e-01 -2.035800e-02 2.622766e+00
-3.580400e-02 -3.787500e-02 2.623402e+00
-2.048090e-01 -4.927300e-02 2.719175e+00
-4.721580e-01 6.118300e-02 2.727474e+00
2.232700e-02 1.705180e-01 2.467591e+00
-4.634970e-01 -2.280250e-01 2.672485e+00
-5.828300e-02 2.513810e-01 2.196108e+00
-4.550400e-01 -2.981840e-01 2.659089e+00
-8.717600e-02 2.863330e-01 2.140279e+00
-3.142830e-01 -5.546760e-01 2.699477e+00
-1.159460e-01 -5.662260e-01 2.679079e+00
-2.919440e-01 -9.779920e-01 2.750798e+00
-1.030450e-01 -9.889650e-01 2.737855e+00
-2.964320e-01 -9.996420e-01 2.574176e+00
-1.040690e-01 -1.013508e+00 2.561558e+00
-2.374900e-01 5.956470e-01 2.661712e+00
-4.496510e-01 3.099600e-01 2.752953e+00
-8.114900e-02 3.385390e-01 2.689594e+00
-2.865980e-01 3.962240e-01 2.630448e+00
-2.473650e-01 1.866800e-01 2.764118e+00
-3.995130e-01 -2.145500e-02 2.647507e+00
-6.620900e-02 -7.071000e-03 2.607537e+00
-2.205590e-01 -3.454600e-02 2.722804e+00
-4.749430e-01 3.521400e-02 2.720055e+00
6.387000e-03 9.780300e-02 2.581934e+00
-4.637060e-01 -2.527300e-01 2.654030e+00
4.224000e-03 -1.062350e-01 2.368016e+00
-4.541650e-01 -3.230370e-01 2.642228e+00
-2.067600e-02 -1.525470e-01 2.318938e+00
-3.143830e-01 -5.509210e-01 2.692544e+00
-1.158050e-01 -5.431010e-01 2.675881e+00
-2.956370e-01 -9.729020e-01 2.755071e+00
-1.047340e-01 -9.664560e-01 2.730443e+00
-3.168580e-01 -9.997290e-01 2.580388e+00
-1.238140e-01 -9.895680e-01 2.554984e+00
-2.506000e-01 5.970170e-01 2.673314e+00
-4.396170e-01 3.182410e-01 2.732450e+00
-6.766500e-02 3.240120e-01 2.685091e+00
-2.668520e-01 3.888120e-01 2.613256e+00
-2.450320e-01 1.854720e-01 2.759858e+00
-4.028530e-01 -2.904400e-02 2.634555e+00
-6.745900e-02 -1.952300e-02 2.616770e+00
-2.295090e-01 -4.377600e-02 2.721732e+00
-4.789810e-01 4.019400e-02 2.722000e+00
-7.187000e-03 5.360300e-02 2.638289e+00
-4.622120e-01 -2.488330e-01 2.647346e+00
4.020000e-03 -2.374420e-01 2.570772e+00
-4.599390e-01 -3.206970e-01 2.649281e+00
-1.564000e-02 -3.029610e-01 2.548547e+00
-3.167480e-01 -5.584840e-01 2.697419e+00
-1.170080e-01 -5.547660e-01 2.674837e+00
-2.929970e-01 -9.805780e-01 2.757435e+00
-1.058050e-01 -9.769760e-01 2.737625e+00
-3.029660e-01 -1.006145e+00 2.581563e+00
-1.130080e-01 -1.003325e+00 2.561734e+00
-2.574520e-01 5.979900e-01 2.667436e+00
-4.343800e-01 3.173870e-01 2.729286e+00
-6.271100e-02 3.234500e-01 2.679784e+00
-2.624500e-01 3.869020e-01 2.608278e+00
-2.393260e-01 1.854180e-01 2.757223e+00
-4.069470e-01 -2.880100e-02 2.645926e+00
-7.395600e-02 -2.019600e-02 2.601889e+00
-2.273400e-01 -4.404800e-02 2.719234e+00
-4.791060e-01 3.905300e-02 2.722455e+00
-1.927900e-02 4.602000e-02 2.705544e+00
-4.632470e-01 -2.513310e-01 2.648714e+00
-1.609600e-02 -2.537070e-01 2.718396e+00
-4.574770e-01 -3.229140e-01 2.652694e+00
-3.974000e-02 -3.216160e-01 2.720033e+00
-3.224300e-01 -5.580700e-01 2.703157e+00
-1.209010e-01 -5.534060e-01 2.676830e+00
-2.900350e-01 -9.804100e-01 2.757090e+00
-1.045740e-01 -9.764520e-01 2.732460e+00
-3.147390e-01 -1.004603e+00 2.582481e+00
-1.264450e-01 -1.000312e+00 2.557428e+00
-2.523380e-01 5.965810e-01 2.646111e+00
