-2.763870e-01 3.811640e-01 2.605847e+00
7.927700e-02 3.463790e-01 2.627231e+00
-1.194500e-01 2.072750e-01 2.709508e+00
1.962900e-02 -2.509000e-03 2.588165e+00
-3.530210e-01 1.241910e-01 2.603631e+00
-3.366500e-01 -1.601310e-01 2.551106e+00
-3.205990e-01 -2.213300e-01 2.576771e+00
-2.538000e-01 -5.798770e-01 2.612521e+00
-2.162500e-01 -9.918010e-01 2.718530e+00
-2.294460e-01 -1.034763e+00 2.556264e+00
-6.499100e-02 6.542840e-01 2.480928e+00
7.402400e-02 3.505920e-01 2.625087e+00
-1.227300e-01 2.096100e-01 2.708898e+00
1.658400e-02 -2.160000e-04 2.589886e+00
-3.561370e-01 1.239050e-01 2.602158e+00
-3.382640e-01 -1.604390e-01 2.549972e+00
-3.185200e-01 -2.246740e-01 2.562041e+00
-2.613910e-01 -5.789740e-01 2.607341e+00
-2.057000e-01 -9.897310e-01 2.709841e+00
-2.281730e-01 -1.032994e+00 2.548678e+00
-6.770100e-02 6.500210e-01 2.469396e+00
6.762900e-02 3.523150e-01 2.632760e+00
-1.316250e-01 2.095660e-01 2.707140e+00
1.118000e-02 -1.620000e-03 2.598507e+00
-3.613770e-01 1.223370e-01 2.596362e+00
-3.425120e-01 -1.626320e-01 2.547846e+00
-3.239490e-01 -2.266260e-01 2.562738e+00
-2.536760e-01 -5.823230e-01 2.619186e+00
-2.209110e-01 -9.951470e-01 2.723261e+00
-2.232710e-01 -1.036479e+00 2.560055e+00
-7.141400e-02 6.486540e-01 2.467025e+00
5.583900e-02 3.554620e-01 2.631257e+00
-1.452960e-01 2.141550e-01 2.703289e+00
5.085000e-03 2.537000e-03 2.606430e+00
-3.690590e-01 1.240720e-01 2.582517e+00
-3.457800e-01 -1.621960e-01 2.544419e+00
-3.280200e-01 -2.274110e-01 2.554074e+00
-2.622470e-01 -5.816870e-01 2.626341e+00
-2.101480e-01 -9.927570e-01 2.729474e+00
-2.155150e-01 -1.034349e+00 2.566406e+00
-7.742900e-02 6.451260e-01 2.451910e+00
4.804300e-02 3.568830e-01 2.627555e+00
-1.528870e-01 2.151130e-01 2.699253e+00
4.023000e-03 4.068000e-03 2.610987e+00
-3.721180e-01 1.208380e-01 2.572026e+00
-3.422130e-01 -1.648290e-01 2.533860e+00
-3.285580e-01 -2.256810e-01 2.561647e+00
-2.596830e-01 -5.826870e-01 2.625337e+00
-2.168930e-01 -9.902360e-01 2.745342e+00
-2.212810e-01 -1.038204e+00 2.584004e+00
-8.216400e-02 6.439450e-01 2.444752e+00
4.622400e-02 3.573810e-01 2.632456e+00
-1.589300e-01 2.176460e-01 2.695687e+00
5.891000e-03 4.068000e-03 2.612485e+00
-3.708160e-01 1.218400e-01 2.563487e+00
-3.516670e-01 -1.650100e-01 2.527189e+00
-3.216870e-01 -2.189250e-01 2.556446e+00
-2.555680e-01 -5.834260e-01 2.619923e+00
-2.099770e-01 -9.857000e-01 2.755665e+00
-2.096050e-01 -1.039496e+00 2.596116e+00
-8.050900e-02 6.423210e-01 2.436600e+00
5.139700e-02 3.556660e-01 2.632244e+00
-1.542190e-01 2.131570e-01 2.687249e+00
1.346000e-03 1.210000e-03 2.604162e+00
-3.681880e-01 1.199240e-01 2.547858e+00
-3.520330e-01 -1.648940e-01 2.496900e+00
-3.273760e-01 -2.264360e-01 2.513218e+00
-2.470070e-01 -5.894700e-01 2.603127e+00
-2.093800e-01 -9.801920e-01 2.771203e+00
-2.062710e-01 -1.046463e+00 2.616449e+00
-6.835100e-02 6.482620e-01 2.447195e+00
5.532200e-02 3.555720e-01 2.631713e+00
-1.512990e-01 2.130900e-01 2.682888e+00
3.120200e-02 -5.734000e-03 2.605927e+00
-3.505940e-01 1.182890e-01 2.530641e+00
-3.394800e-01 -1.693560e-01 2.497141e+00
-3.123140e-01 -2.245550e-01 2.526750e+00
-2.417610e-01 -5.831030e-01 2.592996e+00
-2.083690e-01 -9.824980e-01 2.740299e+00
-2.046540e-01 -1.040473e+00 2.582264e+00
-6.001900e-02 6.570690e-01 2.460398e+00
5.886100e-02 3.578220e-01 2.638441e+00
-1.490410e-01 2.140130e-01 2.679770e+00
4.858500e-02 -4.846000e-03 2.603569e+00
-3.331930e-01 1.198400e-01 2.508523e+00
-3.206750e-01 -1.677340e-01 2.474829e+00
-2.821320e-01 -2.194150e-01 2.497303e+00
-2.356790e-01 -5.740490e-01 2.587753e+00
-2.162840e-01 -9.792710e-01 2.720977e+00
-2.043490e-01 -1.031210e+00 2.561258e+00
-5.711800e-02 6.516110e-01 2.447493e+00
6.621700e-02 3.567170e-01 2.642203e+00
-1.430970e-01 2.130120e-01 2.676098e+00
6.027200e-02 -4.813000e-03 2.603787e+00
-3.189360e-01 1.203180e-01 2.497452e+00
-2.783960e-01 -1.626930e-01 2.449932e+00
-2.869320e-01 -2.259980e-01 2.474042e+00
-2.278760e-01 -5.710670e-01 2.581759e+00
-2.102860e-01 -9.675350e-01 2.739345e+00
-2.036090e-01 -1.029422e+00 2.582898e+00
-4.669200e-02 6.543640e-01 2.452870e+00
7.193500e-02 3.558210e-01 2.642595e+00
-1.394900e-01 2.149470e-01 2.675245e+00
6.417600e-02 -4.031000e-03 2.610638e+00
-3.137160e-01 1.253550e-01 2.491406e+00
-2.653810e-01 -1.555770e-01 2.439056e+00
-2.365800e-01 -2.174810e-01 2.438931e+00
-2.253980e-01 -5.685730e-01 2.569136e+00
-2.105030e-01 -9.589490e-01 2.741514e+00
-2.027590e-01 -1.026643e+00 2.587542e+00
-2.677800e-02 6.517070e-01 2.451617e+00
7.665000e-02 3.572370e-01 2.651486e+00
-1.338780e-01 2.129330e-01 2.673086e+00
7.163400e-02 -6.257000e-03 2.608252e+00
-3.052760e-01 1.262780e-01 2.489547e+00
-2.485590e-01 -1.520890e-01 2.432982e+00
-2.269600e-01 -2.154080e-01 2.419350e+00
-2.216020e-01 -5.683500e-01 2.558594e+00
-2.154030e-01 -9.829480e-01 2.660568e+00
-1.939760e-01 -1.022534e+00 2.498322e+00
-2.541100e-02 6.543270e-01 2.457986e+00
7.365800e-02 3.653450e-01 2.675035e+00
-1.333310e-01 2.144630e-01 2.673556e+00
7.043400e-02 -1.113000e-02 2.609445e+00
-2.960770e-01 1.245160e-01 2.486565e+00
-2.552050e-01 -1.538440e-01 2.425354e+00
-2.206510e-01 -2.124120e-01 2.419232e+00
-2.094630e-01 -5.649630e-01 2.490976e+00
-2.503920e-01 -9.716060e-01 2.614653e+00
-2.168020e-01 -1.022700e+00 2.457773e+00
-7.426000e-03 6.514500e-01 2.463784e+00
6.392000e-02 3.695600e-01 2.680677e+00
-1.373840e-01 2.113660e-01 2.672728e+00
7.002100e-02 -1.475600e-02 2.618532e+00
-2.862810e-01 1.183230e-01 2.473408e+00
-2.567190e-01 -1.593290e-01 2.424791e+00
-2.286590e-01 -2.211810e-01 2.431753e+00
-1.940740e-01 -5.615020e-01 2.450499e+00
-2.365670e-01 -9.615140e-01 2.593727e+00
-1.995500e-01 -1.020356e+00 2.440373e+00
1.304600e-02 6.467480e-01 2.479166e+00
5.527900e-02 3.644290e-01 2.682028e+00
-1.477160e-01 2.095410e-01 2.661662e+00
6.998200e-02 -1.717800e-02 2.616535e+00
-2.846290e-01 1.279840e-01 2.458129e+00
-2.563450e-01 -1.436010e-01 2.416866e+00
-2.363440e-01 -2.087870e-01 2.413344e+00
-1.855600e-01 -5.575320e-01 2.414399e+00
-2.265620e-01 -9.645820e-01 2.536704e+00
-1.836580e-01 -1.015383e+00 2.382015e+00
1.941900e-02 6.496710e-01 2.491278e+00
4.914500e-02 3.572360e-01 2.692621e+00
-1.579230e-01 2.147170e-01 2.643391e+00
5.401300e-02 -1.310000e-02 2.621553e+00
-2.750600e-01 1.497820e-01 2.426695e+00
-2.602780e-01 -1.159370e-01 2.381162e+00
-2.361860e-01 -1.797790e-01 2.378842e+00
-1.761780e-01 -5.498720e-01 2.386325e+00
-2.389980e-01 -9.711100e-01 2.416999e+00
-1.523900e-01 -9.944030e-01 2.274498e+00
3.528900e-02 6.490630e-01 2.482040e+00
4.366000e-02 3.686850e-01 2.700726e+00
-2.281400e-02 4.313360e-01 2.514430e+00
-1.564630e-01 2.216410e-01 2.637949e+00
-1.598120e-01 1.692900e-02 2.429805e+00
3.680300e-02 -1.692000e-03 2.630048e+00
-1.502270e-01 1.547600e-02 2.617773e+00
-2.619210e-01 1.540030e-01 2.406910e+00
1.698480e-01 2.102050e-01 2.845716e+00
-2.524100e-01 -1.097680e-01 2.354834e+00
4.090970e-01 3.331620e-01 2.841317e+00
-2.266180e-01 -1.729200e-01 2.357709e+00
4.419790e-01 3.587740e-01 2.787239e+00
-1.804200e-01 -5.473030e-01 2.379056e+00
2.227100e-02 -5.628770e-01 2.650910e+00
-2.333710e-01 -9.673210e-01 2.323289e+00
-2.834300e-02 -9.863030e-01 2.672774e+00
-1.171470e-01 -9.657990e-01 2.201470e+00
1.027400e-01 -1.007320e+00 2.569208e+00
4.354900e-02 6.511450e-01 2.480197e+00
-2.008520e-01 4.029020e-01 2.448093e+00
3.256400e-02 3.658510e-01 2.716995e+00
-1.152600e-02 4.353560e-01 2.526534e+00
-1.610680e-01 2.242040e-01 2.627247e+00
-1.558670e-01 1.616400e-02 2.415721e+00
2.512800e-02 5.385000e-03 2.630724e+00
-1.607050e-01 1.844700e-02 2.603863e+00
-2.557640e-01 1.675040e-01 2.392257e+00
1.573320e-01 2.153030e-01 2.869684e+00
-2.337120e-01 -9.275500e-02 2.332635e+00
3.847690e-01 3.482630e-01 2.918365e+00
-2.167500e-01 -1.583080e-01 2.341398e+00
4.457100e-01 3.788920e-01 2.921479e+00
-1.934250e-01 -5.416310e-01 2.365485e+00
7.616000e-03 -5.612890e-01 2.640722e+00
-2.402510e-01 -9.553710e-01 2.270848e+00
-3.438300e-02 -9.836680e-01 2.687212e+00
-1.116950e-01 -9.451580e-01 2.162592e+00
9.999900e-02 -1.007873e+00 2.588694e+00
5.289500e-02 6.402280e-01 2.465803e+00
-1.800070e-01 4.009370e-01 2.417236e+00
5.375000e-03 3.623690e-01 2.721062e+00
-6.132000e-03 4.322480e-01 2.526036e+00
-1.714810e-01 2.218980e-01 2.600224e+00
-1.386220e-01 1.538100e-02 2.386488e+00
5.795000e-03 6.062000e-03 2.627649e+00
-1.732720e-01 2.021400e-02 2.571426e+00
-2.438040e-01 1.683130e-01 2.360412e+00
1.310700e-01 2.318460e-01 2.890109e+00
-2.216660e-01 -8.901400e-02 2.290315e+00
3.490500e-01 3.008480e-01 3.029194e+00
-1.976270e-01 -1.492830e-01 2.311561e+00
4.087430e-01 3.325310e-01 3.019472e+00
-2.111160e-01 -5.352060e-01 2.338524e+00
1.003400e-02 -5.610450e-01 2.617868e+00
-2.500720e-01 -9.466310e-01 2.231097e+00
-4.160200e-02 -9.781490e-01 2.693283e+00
-1.039820e-01 -9.387040e-01 2.147761e+00
1.064170e-01 -1.009807e+00 2.619539e+00
5.527000e-02 6.256490e-01 2.435989e+00
-1.730090e-01 3.941370e-01 2.396792e+00
-3.693000e-03 3.539980e-01 2.709657e+00
-4.117000e-03 4.227080e-01 2.513879e+00
-1.772040e-01 2.162670e-01 2.581065e+00
-1.411190e-01 9.673000e-03 2.366594e+00
-7.442000e-03 5.548000e-03 2.614011e+00
-1.840400e-01 1.598700e-02 2.549744e+00
-2.428410e-01 1.641030e-01 2.338173e+00
1.046050e-01 2.094590e-01 2.878798e+00
-2.138530e-01 -9.361500e-02 2.273775e+00
2.951460e-01 2.242680e-01 3.065562e+00
-1.943850e-01 -1.573770e-01 2.288505e+00
3.516090e-01 2.515440e-01 3.092572e+00
-2.162800e-01 -5.356720e-01 2.311281e+00
-8.030000e-04 -5.647700e-01 2.596049e+00
-2.540290e-01 -9.477190e-01 2.205825e+00
-3.580300e-02 -9.793320e-01 2.692189e+00
-1.046480e-01 -9.415840e-01 2.128379e+00
1.134940e-01 -1.008660e+00 2.620075e+00
5.760500e-02 6.135040e-01 2.414792e+00
-1.854950e-01 3.957470e-01 2.365901e+00
-2.984200e-02 3.680300e-01 2.687099e+00
-2.487400e-02 4.356990e-01 2.491020e+00
-1.874640e-01 2.187970e-01 2.551095e+00
-1.419640e-01 1.259700e-02 2.341946e+00
-2.081500e-02 1.738600e-02 2.595720e+00
-1.940620e-01 2.395700e-02 2.522452e+00
-2.570390e-01 1.626740e-01 2.325642e+00
8.262600e-02 2.274940e-01 2.856889e+00
-2.265040e-01 -8.961600e-02 2.244217e+00
2.667460e-01 2.431630e-01 3.049918e+00
-2.129200e-01 -1.516580e-01 2.269274e+00
3.212000e-01 2.707450e-01 3.080505e+00
-2.255750e-01 -5.279230e-01 2.291201e+00
2.941000e-03 -5.550170e-01 2.567603e+00
-2.542000e-01 -9.397280e-01 2.181996e+00
-5.689900e-02 -9.604550e-01 2.687474e+00
-1.001480e-01 -9.325180e-01 2.114425e+00
9.306000e-02 -1.001667e+00 2.622943e+00
5.093600e-02 5.901590e-01 2.365968e+00
-1.788210e-01 3.779450e-01 2.329474e+00
3.161000e-03 3.597920e-01 2.637235e+00
-6.274000e-03 4.167970e-01 2.437957e+00
-1.719790e-01 2.112200e-01 2.523814e+00
-1.503680e-01 4.758000e-03 2.308358e+00
-7.503000e-03 2.539900e-02 2.549740e+00
-1.864630e-01 2.865800e-02 2.491530e+00
-2.592670e-01 1.505150e-01 2.278018e+00
8.528900e-02 1.348580e-01 2.698904e+00
-2.298560e-01 -1.111330e-01 2.237621e+00
1.632270e-01 -2.181400e-02 2.900612e+00
-2.490210e-01 -1.764600e-01 2.232451e+00
1.300480e-01 -5.045300e-02 2.952962e+00
-2.429740e-01 -5.203310e-01 2.251669e+00
-3.751000e-03 -5.546300e-01 2.506922e+00
-2.542830e-01 -9.355730e-01 2.152800e+00
-4.284900e-02 -9.440940e-01 2.677564e+00
-1.095160e-01 -9.194090e-01 2.068352e+00
8.959200e-02 -9.966860e-01 2.587877e+00
4.837000e-02 5.800140e-01 2.303048e+00
-1.868080e-01 3.699560e-01 2.289879e+00
4.901000e-03 3.543030e-01 2.591817e+00
-8.396000e-03 4.029120e-01 2.390544e+00
-1.828320e-01 2.118810e-01 2.491395e+00
-1.547410e-01 -1.398000e-02 2.269424e+00
-2.084000e-03 2.745100e-02 2.501977e+00
-1.824090e-01 3.608100e-02 2.448741e+00
-2.638310e-01 1.388180e-01 2.253025e+00
8.232400e-02 1.205530e-01 2.610585e+00
-2.183430e-01 -1.229970e-01 2.239194e+00
1.148290e-01 -1.315330e-01 2.691323e+00
-2.320260e-01 -1.885720e-01 2.225995e+00
9.770100e-02 -1.494590e-01 2.754938e+00
-2.453750e-01 -5.231150e-01 2.212078e+00
-2.133100e-02 -5.550050e-01 2.455938e+00
-2.579680e-01 -9.447240e-01 2.145622e+00
-3.713500e-02 -9.348450e-01 2.650362e+00
-1.279290e-01 -9.318710e-01 2.039438e+00
7.501200e-02 -9.957350e-01 2.540518e+00
3.327600e-02 5.770890e-01 2.253654e+00
-2.256690e-01 3.586570e-01 2.264921e+00
1.747000e-03 3.412140e-01 2.540859e+00
-3.961600e-02 4.008690e-01 2.346487e+00
-1.847380e-01 1.893370e-01 2.452717e+00
-1.700640e-01 -7.941300e-02 2.224367e+00
-6.778000e-03 2.555100e-02 2.427891e+00
-1.898300e-01 1.666400e-02 2.385005e+00
-3.100060e-01 1.285930e-01 2.241308e+00
8.431800e-02 1.175420e-01 2.477642e+00
-2.204970e-01 -1.205690e-01 2.217230e+00
6.837100e-02 -1.478130e-01 2.494647e+00
-2.181680e-01 -1.887560e-01 2.219820e+00
7.025300e-02 -1.903740e-01 2.548001e+00
-2.579370e-01 -5.314140e-01 2.157737e+00
-3.380000e-02 -5.579910e-01 2.389032e+00
-2.619720e-01 -9.570310e-01 2.123627e+00
-4.912200e-02 -9.203790e-01 2.614353e+00
-1.882510e-01 -9.456320e-01 1.972678e+00
9.965000e-03 -1.005425e+00 2.481590e+00
-3.095000e-03 5.614720e-01 2.207849e+00
-2.686630e-01 3.516260e-01 2.234355e+00
4.316200e-02 2.796550e-01 2.394819e+00
-6.191700e-02 3.683740e-01 2.239457e+00
-1.798510e-01 1.555240e-01 2.373166e+00
-2.180920e-01 -1.171470e-01 2.201649e+00
1.207200e-02 -1.919100e-02 2.330222e+00
-1.727810e-01 -3.198300e-02 2.363266e+00
-3.650070e-01 1.245300e-01 2.246596e+00
8.616300e-02 7.311900e-02 2.265602e+00
-3.071560e-01 -1.196800e-01 2.156264e+00
1.299340e-01 -1.846500e-01 2.210686e+00
-2.949190e-01 -1.868510e-01 2.156372e+00
1.614120e-01 -2.449400e-01 2.216665e+00
-2.911590e-01 -5.588600e-01 2.099692e+00
-8.493700e-02 -6.080540e-01 2.353466e+00
-2.460380e-01 -9.834650e-01 2.097750e+00
-9.515300e-02 -9.403100e-01 2.621480e+00
-2.968890e-01 -9.881350e-01 1.937305e+00
-1.084640e-01 -1.045444e+00 2.490637e+00
-4.783100e-02 5.719580e-01 2.145488e+00
-3.030980e-01 3.295100e-01 2.270812e+00
5.041900e-02 2.771710e-01 2.249591e+00
-1.240700e-01 3.555620e-01 2.169223e+00
-1.449780e-01 1.426000e-01 2.346144e+00
-3.188810e-01 -9.256100e-02 2.219785e+00
-3.828700e-02 -7.965900e-02 2.205579e+00
-1.746870e-01 -4.202700e-02 2.329695e+00
-4.077380e-01 1.025400e-01 2.268778e+00
6.204700e-02 1.020060e-01 2.071228e+00
-3.670130e-01 -1.264310e-01 2.131787e+00
1.967090e-01 -6.980900e-02 1.911891e+00
-3.419280e-01 -1.896600e-01 2.125919e+00
2.498610e-01 -1.102370e-01 1.897674e+00
-2.890020e-01 -6.029890e-01 2.072585e+00
-9.529300e-02 -6.383350e-01 2.371610e+00
-2.567280e-01 -1.026545e+00 2.116034e+00
-7.469100e-02 -9.878960e-01 2.615970e+00
-2.932750e-01 -1.046071e+00 1.952837e+00
-7.820500e-02 -1.084482e+00 2.478097e+00
-8.784400e-02 5.903700e-01 2.130822e+00
-2.978280e-01 3.242110e-01 2.271055e+00
4.014400e-02 2.795390e-01 2.161770e+00
-1.501400e-01 3.553520e-01 2.128686e+00
-1.228210e-01 1.396380e-01 2.301349e+00
-3.171380e-01 -7.013000e-02 2.252060e+00
-4.903200e-02 -1.003480e-01 2.172640e+00
-1.459490e-01 -6.536200e-02 2.330148e+00
-4.162300e-01 1.035820e-01 2.303770e+00
4.183000e-02 1.988360e-01 1.922221e+00
-3.858320e-01 -1.116880e-01 2.139147e+00
1.632960e-01 2.152500e-01 1.678300e+00
-3.653930e-01 -1.747370e-01 2.122756e+00
1.950430e-01 2.294860e-01 1.619554e+00
-2.892520e-01 -6.158010e-01 2.084471e+00
-1.061780e-01 -6.299610e-01 2.398793e+00
-2.767780e-01 -1.040671e+00 2.125202e+00
-7.405100e-02 -9.932790e-01 2.620824e+00
-3.155640e-01 -1.057435e+00 1.962215e+00
-1.220530e-01 -1.080505e+00 2.485039e+00
-1.250100e-01 6.008470e-01 2.100513e+00
-2.943280e-01 3.214000e-01 2.263243e+00
-2.052900e-02 2.752500e-01 2.050796e+00
-2.092900e-01 3.378310e-01 2.074699e+00
-1.052360e-01 1.491350e-01 2.249793e+00
-3.015000e-01 -6.790400e-02 2.263270e+00
-8.230200e-02 -1.210590e-01 2.095257e+00
-1.141610e-01 -8.057300e-02 2.276287e+00
-3.870980e-01 9.214800e-02 2.308607e+00
-5.493300e-02 3.528290e-01 1.813887e+00
-4.084220e-01 -1.169580e-01 2.136709e+00
-1.138890e-01 5.789460e-01 1.675143e+00
-4.148250e-01 -1.784500e-01 2.107738e+00
-1.174890e-01 6.422200e-01 1.649747e+00
-2.845000e-01 -6.228230e-01 2.077394e+00
-9.496700e-02 -6.037320e-01 2.414381e+00
-2.795030e-01 -1.046884e+00 2.127159e+00
-8.916200e-02 -9.680250e-01 2.637060e+00
-3.293900e-01 -1.066207e+00 1.967509e+00
-1.911270e-01 -1.039086e+00 2.523465e+00
-1.455550e-01 6.078300e-01 2.069281e+00
-3.119210e-01 3.114350e-01 2.252098e+00
-3.806700e-02 2.795650e-01 2.038522e+00
-2.306050e-01 3.265870e-01 2.061812e+00
-1.087540e-01 1.556720e-01 2.243558e+00
-2.987560e-01 -8.285600e-02 2.248261e+00
-7.787400e-02 -1.279380e-01 2.080093e+00
-1.113040e-01 -9.284900e-02 2.261964e+00
-3.813200e-01 7.096500e-02 2.286784e+00
-1.466910e-01 3.650850e-01 1.826803e+00
-4.047280e-01 -1.387500e-01 2.113783e+00
-3.319680e-01 5.633380e-01 1.796248e+00
-4.089060e-01 -2.033280e-01 2.092013e+00
-3.915800e-01 5.814950e-01 1.824148e+00
-2.701210e-01 -6.426680e-01 2.071873e+00
-9.370500e-02 -6.031380e-01 2.411817e+00
-2.751160e-01 -1.066542e+00 2.123210e+00
-6.600000e-02 -9.759750e-01 2.618103e+00
-3.259810e-01 -1.085250e+00 1.963795e+00
-1.699290e-01 -1.045937e+00 2.505612e+00
-1.577980e-01 6.076340e-01 2.042236e+00
-3.410390e-01 2.916250e-01 2.261000e+00
-5.749200e-02 3.163050e-01 2.046123e+00
-2.605290e-01 3.380500e-01 2.075492e+00
-1.215640e-01 1.614690e-01 2.238584e+00
-2.862690e-01 -8.374700e-02 2.237261e+00
-5.965800e-02 -1.280350e-01 2.076677e+00
-9.958700e-02 -9.611000e-02 2.257819e+00
-3.959540e-01 4.717800e-02 2.286473e+00
-1.976830e-01 3.125490e-01 1.836757e+00
-3.818230e-01 -1.436670e-01 2.093241e+00
-4.227170e-01 4.631440e-01 1.863927e+00
-3.726390e-01 -2.112050e-01 2.089254e+00
-4.858700e-01 4.730630e-01 1.887904e+00
-2.623580e-01 -6.474740e-01 2.070566e+00
-7.710100e-02 -6.116840e-01 2.391311e+00
-2.696880e-01 -1.072879e+00 2.106702e+00
-7.392200e-02 -9.682390e-01 2.626231e+00
-3.242560e-01 -1.085428e+00 1.947909e+00
-1.690740e-01 -1.045255e+00 2.510625e+00
-1.802960e-01 5.996910e-01 2.020767e+00
-3.499570e-01 3.106390e-01 2.272226e+00
-7.414400e-02 3.502170e-01 2.047449e+00
-2.779760e-01 3.617600e-01 2.084461e+00
-1.252850e-01 1.914320e-01 2.241830e+00
-2.782630e-01 -4.522200e-02 2.232883e+00
-5.511300e-02 -9.029700e-02 2.067735e+00
-9.080100e-02 -5.165300e-02 2.248453e+00
-4.012940e-01 6.530900e-02 2.278153e+00
-1.584240e-01 2.044200e-01 1.861524e+00
-3.695280e-01 -1.330620e-01 2.096645e+00
-4.196320e-01 2.757220e-01 1.870172e+00
-3.553500e-01 -1.955250e-01 2.073001e+00
-4.782020e-01 2.600500e-01 1.901566e+00
-2.535690e-01 -6.130440e-01 2.086608e+00
-6.035500e-02 -5.897650e-01 2.361856e+00
-2.827670e-01 -1.038259e+00 2.112474e+00
-6.708400e-02 -9.424510e-01 2.602473e+00
-3.450410e-01 -1.043493e+00 1.956127e+00
-1.612820e-01 -1.019872e+00 2.486357e+00
-2.071320e-01 6.149100e-01 2.017184e+00
-3.649030e-01 3.132470e-01 2.268287e+00
-8.128400e-02 3.586880e-01 2.054607e+00
-2.867380e-01 3.643650e-01 2.083010e+00
-1.356430e-01 2.006850e-01 2.248752e+00
-2.821540e-01 -3.094200e-02 2.237645e+00
-5.104300e-02 -7.410000e-02 2.083287e+00
-9.551200e-02 -3.406800e-02 2.261742e+00
-4.034750e-01 6.403600e-02 2.269249e+00
-8.065600e-02 1.521510e-01 1.909700e+00
-3.689370e-01 -1.420050e-01 2.094549e+00
-3.482590e-01 1.522520e-01 1.858461e+00
-3.643540e-01 -2.006280e-01 2.059851e+00
-4.134610e-01 1.384450e-01 1.873286e+00
-2.580960e-01 -6.020840e-01 2.111319e+00
-5.585600e-02 -5.815990e-01 2.361099e+00
-2.904720e-01 -1.027669e+00 2.123872e+00
-4.677600e-02 -9.290250e-01 2.609176e+00
-3.569080e-01 -1.027179e+00 1.969159e+00
-1.328710e-01 -1.014594e+00 2.492489e+00
-2.255340e-01 6.195560e-01 2.022539e+00
-3.699230e-01 3.172970e-01 2.264196e+00
-6.973500e-02 3.590420e-01 2.073648e+00
-2.766320e-01 3.685060e-01 2.086082e+00
-1.420080e-01 2.004270e-01 2.261344e+00
-2.890500e-01 -2.813100e-02 2.244996e+00
-4.706400e-02 -6.581600e-02 2.106707e+00
-1.044310e-01 -2.641900e-02 2.281586e+00
-4.219960e-01 6.745700e-02 2.259014e+00
-7.274000e-03 1.251500e-01 1.992395e+00
-3.660310e-01 -1.483110e-01 2.096837e+00
-2.402590e-01 3.851200e-02 1.872982e+00
-3.571840e-01 -2.097900e-01 2.068488e+00
-3.055990e-01 1.911500e-02 1.868966e+00
-2.585040e-01 -5.997360e-01 2.131035e+00
-4.302700e-02 -5.741640e-01 2.377377e+00
-2.884510e-01 -1.025685e+00 2.130884e+00
-4.838300e-02 -9.374610e-01 2.601689e+00
-3.528630e-01 -1.021101e+00 1.975384e+00
-1.249870e-01 -1.015415e+00 2.473606e+00
-2.289500e-01 6.298960e-01 2.035604e+00
-3.666740e-01 3.298530e-01 2.256349e+00
-2.903200e-02 3.562460e-01 2.140308e+00
-2.323950e-01 3.789810e-01 2.105996e+00
-1.513650e-01 1.983700e-01 2.300689e+00
-3.014980e-01 -2.204400e-02 2.245708e+00
-3.463000e-02 -4.475500e-02 2.159877e+00
-1.286530e-01 -1.088600e-02 2.319371e+00
-4.148730e-01 7.566500e-02 2.248982e+00
6.073800e-02 1.144800e-01 2.117594e+00
-3.793260e-01 -1.620580e-01 2.106336e+00
-6.707400e-02 -7.324200e-02 1.954525e+00
-3.441500e-01 -2.141000e-01 2.079579e+00
-1.214560e-01 -1.096910e-01 1.935142e+00
-2.618250e-01 -5.928150e-01 2.158920e+00
-3.147500e-02 -5.704170e-01 2.384814e+00
-2.853050e-01 -1.018210e+00 2.130336e+00
-4.150100e-02 -9.323210e-01 2.611208e+00
-3.325830e-01 -1.004780e+00 1.969294e+00
-7.889700e-02 -1.018641e+00 2.471564e+00
-2.037820e-01 6.419860e-01 2.083703e+00
-3.608260e-01 3.322460e-01 2.265265e+00
-9.779000e-03 3.607070e-01 2.201075e+00
-2.058740e-01 3.853700e-01 2.137915e+00
-1.543710e-01 1.985260e-01 2.336732e+00
-3.117060e-01 -2.392800e-02 2.259687e+00
-3.468500e-02 -3.478500e-02 2.212324e+00
-1.516490e-01 -1.153100e-02 2.357942e+00
-4.104430e-01 7.692600e-02 2.248415e+00
8.340100e-02 1.172330e-01 2.202546e+00
-3.846260e-01 -1.726590e-01 2.120872e+00
4.101400e-02 -1.129290e-01 2.046052e+00
-3.520750e-01 -2.322910e-01 2.114085e+00
2.958000e-03 -1.646000e-01 2.022739e+00
-2.544050e-01 -5.929480e-01 2.174200e+00
-2.729800e-02 -5.743500e-01 2.392001e+00
-2.862980e-01 -1.016340e+00 2.128911e+00
-3.966000e-02 -9.400650e-01 2.612066e+00
-3.124500e-01 -9.967020e-01 1.963742e+00
-4.731000e-02 -1.026598e+00 2.467832e+00
-1.855060e-01 6.457680e-01 2.117559e+00
-3.445030e-01 3.343690e-01 2.292557e+00
1.143200e-02 3.513950e-01 2.258139e+00
-1.777720e-01 3.837860e-01 2.179379e+00
-1.493560e-01 1.925220e-01 2.378633e+00
-2.806910e-01 -2.317200e-02 2.280215e+00
-1.356000e-03 -4.520100e-02 2.255958e+00
-1.290560e-01 -1.845900e-02 2.391618e+00
-3.928640e-01 7.881900e-02 2.259996e+00
1.139390e-01 1.121210e-01 2.289275e+00
-3.806520e-01 -1.788450e-01 2.143440e+00
1.149730e-01 -1.275040e-01 2.138502e+00
-3.520150e-01 -2.404970e-01 2.137081e+00
8.330300e-02 -1.831100e-01 2.114698e+00
-2.483620e-01 -5.935450e-01 2.196716e+00
-2.131700e-02 -5.865210e-01 2.423064e+00
-2.818800e-01 -1.013683e+00 2.128237e+00
-5.850900e-02 -9.550990e-01 2.635423e+00
-2.942390e-01 -9.857100e-01 1.962662e+00
-5.606800e-02 -1.039332e+00 2.489653e+00
-1.492880e-01 6.443410e-01 2.163464e+00
-3.115030e-01 3.335830e-01 2.341013e+00
4.641100e-02 3.372270e-01 2.347925e+00
-1.311100e-01 3.770370e-01 2.248167e+00
-1.330030e-01 1.841450e-01 2.447867e+00
-2.607280e-01 -3.523200e-02 2.318872e+00
1.951100e-02 -4.055300e-02 2.342094e+00
-1.307400e-01 -2.878800e-02 2.454841e+00
-3.687620e-01 7.829300e-02 2.307118e+00
1.435410e-01 9.679700e-02 2.396689e+00
-3.668200e-01 -1.836630e-01 2.195115e+00
1.953040e-01 -1.539580e-01 2.271656e+00
-3.430570e-01 -2.473240e-01 2.188466e+00
1.703140e-01 -2.089620e-01 2.239851e+00
-2.384180e-01 -6.009600e-01 2.244325e+00
-5.604000e-03 -5.948990e-01 2.470833e+00
-2.820790e-01 -1.010982e+00 2.133398e+00
-5.824800e-02 -9.794080e-01 2.648908e+00
-2.671460e-01 -9.686670e-01 1.971113e+00
-2.844100e-02 -1.052392e+00 2.500130e+00
-1.011190e-01 6.320950e-01 2.224272e+00
-2.919490e-01 3.366220e-01 2.367539e+00
6.467400e-02 3.327150e-01 2.398673e+00
-1.047150e-01 3.725130e-01 2.285650e+00
-1.247350e-01 1.875570e-01 2.491761e+00
-2.418740e-01 -3.143900e-02 2.367695e+00
3.790600e-02 -4.533400e-02 2.392829e+00
-1.127990e-01 -3.109900e-02 2.504683e+00
-3.512240e-01 7.918300e-02 2.351037e+00
1.538130e-01 8.966400e-02 2.453948e+00
-3.538230e-01 -1.868550e-01 2.246523e+00
2.114080e-01 -1.701300e-01 2.349483e+00
-3.246840e-01 -2.485500e-01 2.244023e+00
1.905870e-01 -2.222660e-01 2.310626e+00
-2.357250e-01 -5.962280e-01 2.283777e+00
-5.840000e-04 -6.024510e-01 2.504159e+00
-2.876550e-01 -9.996530e-01 2.153853e+00
-5.062600e-02 -9.984910e-01 2.655742e+00
-2.696720e-01 -9.504360e-01 1.993840e+00
-2.475800e-02 -1.060804e+00 2.501476e+00
-6.412200e-02 6.309960e-01 2.263488e+00
-2.755800e-01 3.506960e-01 2.393437e+00
7.916500e-02 3.314300e-01 2.437586e+00
-8.409100e-02 3.814180e-01 2.319691e+00
-1.192190e-01 1.913310e-01 2.519000e+00
-2.241320e-01 -2.561900e-02 2.396291e+00
5.454100e-02 -4.334500e-02 2.429887e+00
-9.881700e-02 -2.074300e-02 2.536641e+00
-3.289360e-01 9.121400e-02 2.377411e+00
1.529750e-01 8.400300e-02 2.499050e+00
-3.250810e-01 -1.867300e-01 2.307599e+00
2.143720e-01 -1.820290e-01 2.411796e+00
-2.966620e-01 -2.487460e-01 2.304771e+00
1.942690e-01 -2.325950e-01 2.370558e+00
-2.301230e-01 -5.851790e-01 2.307621e+00
7.887000e-03 -6.032630e-01 2.528635e+00
-2.743290e-01 -9.988940e-01 2.211628e+00
-5.172800e-02 -1.000014e+00 2.674799e+00
-2.548500e-01 -9.630710e-01 2.048265e+00
-1.966200e-02 -1.061375e+00 2.521317e+00
-4.489300e-02 6.392620e-01 2.300248e+00
-2.512740e-01 3.658580e-01 2.425232e+00
1.016170e-01 3.360280e-01 2.477600e+00
-5.737500e-02 3.874960e-01 2.354624e+00
-1.031330e-01 2.056380e-01 2.559381e+00
-2.067650e-01 -1.624000e-02 2.432079e+00
7.130100e-02 -3.545100e-02 2.469647e+00
-8.325000e-02 -9.746000e-03 2.573951e+00
-3.114800e-01 1.066240e-01 2.418872e+00
1.577780e-01 8.174300e-02 2.532928e+00
-2.758350e-01 -1.741700e-01 2.368565e+00
1.966880e-01 -1.996500e-01 2.488646e+00
-2.811450e-01 -2.422040e-01 2.366396e+00
1.675670e-01 -2.610380e-01 2.481939e+00
-2.152820e-01 -5.693830e-01 2.327448e+00
5.261000e-03 -5.996850e-01 2.552140e+00
-2.849240e-01 -9.906470e-01 2.323438e+00
-5.018700e-02 -9.993780e-01 2.691782e+00
-2.736620e-01 -9.909090e-01 2.155441e+00
-2.025600e-02 -1.057713e+00 2.536697e+00
-1.989500e-02 6.540730e-01 2.344065e+00
-2.403950e-01 3.724310e-01 2.447128e+00
1.121280e-01 3.408410e-01 2.500920e+00
-4.602000e-02 3.961640e-01 2.378531e+00
-9.319700e-02 2.080660e-01 2.577240e+00
-2.039800e-01 -1.523800e-02 2.446337e+00
7.414900e-02 -3.367800e-02 2.483831e+00
-8.022100e-02 -5.740000e-03 2.587828e+00
-3.047680e-01 1.140590e-01 2.433390e+00
1.626960e-01 8.398800e-02 2.551572e+00
-2.677860e-01 -1.676650e-01 2.386812e+00
1.891730e-01 -2.021920e-01 2.533860e+00
-2.826390e-01 -2.342950e-01 2.385589e+00
1.672210e-01 -2.635740e-01 2.513561e+00
-2.103700e-01 -5.714650e-01 2.355180e+00
-2.247000e-03 -5.983200e-01 2.569448e+00
-2.679850e-01 -9.906820e-01 2.412332e+00
-3.693900e-02 -1.004903e+00 2.695209e+00
-2.639970e-01 -1.013958e+00 2.245621e+00
-1.229200e-02 -1.056038e+00 2.536691e+00
-1.132500e-02 6.580260e-01 2.364364e+00
-2.340780e-01 3.751470e-01 2.465218e+00
1.178710e-01 3.354470e-01 2.517366e+00
-3.965400e-02 3.920560e-01 2.394763e+00
-9.033100e-02 2.100390e-01 2.598216e+00
-2.032880e-01 -1.256700e-02 2.460376e+00
7.531300e-02 -2.768900e-02 2.495788e+00
-7.851200e-02 -4.250000e-04 2.600765e+00
-3.012950e-01 1.175320e-01 2.445585e+00
1.666550e-01 7.732600e-02 2.564993e+00
-2.695630e-01 -1.662260e-01 2.405713e+00
1.795140e-01 -2.105050e-01 2.554487e+00
-2.726140e-01 -2.342830e-01 2.410256e+00
1.585920e-01 -2.753510e-01 2.550145e+00
-2.109070e-01 -5.739390e-01 2.394390e+00
5.644000e-03 -5.939730e-01 2.577431e+00
-2.605080e-01 -9.788010e-01 2.520706e+00
-3.794700e-02 -9.996720e-01 2.703279e+00
-2.657000e-01 -1.028346e+00 2.359869e+00
-1.187100e-02 -1.051505e+00 2.545217e+00
1.954000e-03 6.568000e-01 2.382377e+00
-2.302100e-01 3.789300e-01 2.481613e+00
1.209800e-01 3.351640e-01 2.535593e+00
-3.525700e-02 3.933180e-01 2.412067e+00
-8.910100e-02 2.124800e-01 2.615758e+00
-2.034650e-01 -1.448500e-02 2.473614e+00
7.488600e-02 -2.946500e-02 2.511002e+00
-7.945000e-02 9.300000e-04 2.614357e+00
-3.005590e-01 1.221000e-01 2.457811e+00
1.628480e-01 7.414200e-02 2.575541e+00
-2.731480e-01 -1.629830e-01 2.421281e+00
1.648730e-01 -2.142170e-01 2.561116e+00
-2.771070e-01 -2.291470e-01 2.437658e+00
1.471680e-01 -2.797600e-01 2.568342e+00
-2.168980e-01 -5.852350e-01 2.480092e+00
9.923000e-03 -5.958880e-01 2.588050e+00
-2.618610e-01 -9.874250e-01 2.616291e+00
-4.287900e-02 -1.007096e+00 2.690272e+00
-2.619070e-01 -1.041427e+00 2.456811e+00
-1.376800e-02 -1.050615e+00 2.530244e+00
8.533000e-03 6.627750e-01 2.409845e+00
-2.282980e-01 3.812440e-01 2.492261e+00
1.226160e-01 3.359320e-01 2.546762e+00
-3.300700e-02 3.973760e-01 2.424057e+00
-8.788400e-02 2.112690e-01 2.622663e+00
-1.981990e-01 -7.215000e-03 2.485586e+00
7.977900e-02 -2.101900e-02 2.526076e+00
-7.583900e-02 8.578000e-03 2.627728e+00
-2.914810e-01 1.238550e-01 2.455628e+00
1.578560e-01 7.289100e-02 2.580739e+00
-2.688160e-01 -1.625270e-01 2.424736e+00
1.606580e-01 -2.152470e-01 2.559410e+00
-2.782980e-01 -2.281110e-01 2.441180e+00
1.448310e-01 -2.816050e-01 2.562196e+00
-2.133260e-01 -5.786560e-01 2.526202e+00
7.143000e-03 -5.893760e-01 2.594366e+00
-2.259020e-01 -9.854160e-01 2.655499e+00
-3.823700e-02 -9.967690e-01 2.713951e+00
-2.245490e-01 -1.036459e+00 2.495052e+00
-8.837000e-03 -1.046471e+00 2.555788e+00
9.644000e-03 6.652480e-01 2.425841e+00
-2.293690e-01 3.830130e-01 2.505507e+00
1.227510e-01 3.379630e-01 2.551831e+00
-3.555300e-02 4.017780e-01 2.433857e+00
-8.566700e-02 2.104370e-01 2.628713e+00
-2.055970e-01 -1.552100e-02 2.491680e+00
7.352600e-02 -1.838900e-02 2.526085e+00
-8.080600e-02 7.241000e-03 2.630730e+00
-2.940040e-01 1.269420e-01 2.461686e+00
1.555220e-01 7.418800e-02 2.583784e+00
-2.706050e-01 -1.590360e-01 2.426306e+00
1.538850e-01 -2.136970e-01 2.557213e+00
-2.765260e-01 -2.263360e-01 2.436169e+00
1.274820e-01 -2.726800e-01 2.535179e+00
-2.293920e-01 -5.793320e-01 2.557441e+00
8.884000e-03 -5.897980e-01 2.598214e+00
-2.114400e-01 -9.825690e-01 2.696751e+00
-3.721700e-02 -9.978310e-01 2.715317e+00
-2.223170e-01 -1.037868e+00 2.538089e+00
-1.009700e-02 -1.046495e+00 2.556426e+00
8.788000e-03 6.652520e-01 2.431406e+00
-2.375510e-01 3.806750e-01 2.518017e+00
1.159240e-01 3.405810e-01 2.558169e+00
-4.519900e-02 4.038050e-01 2.443746e+00
-8.920500e-02 2.083940e-01 2.636020e+00
-2.124290e-01 -1.347100e-02 2.499356e+00
6.717000e-02 -1.644500e-02 2.529639e+00
-8.571200e-02 5.233000e-03 2.637264e+00
-3.039310e-01 1.246770e-01 2.475260e+00
1.481940e-01 7.560900e-02 2.580972e+00
-2.682560e-01 -1.591870e-01 2.432270e+00
1.350940e-01 -2.122770e-01 2.555439e+00
-2.646670e-01 -2.273050e-01 2.429326e+00
1.229500e-01 -2.754900e-01 2.532674e+00
-2.301000e-01 -5.774400e-01 2.582687e+00
1.680000e-04 -5.888530e-01 2.598999e+00
-2.252360e-01 -9.809440e-01 2.722293e+00
-3.721800e-02 -9.975440e-01 2.716911e+00
-2.297250e-01 -1.036026e+00 2.563246e+00
-1.409600e-02 -1.045725e+00 2.557242e+00
9.530000e-04 6.624290e-01 2.434272e+00
-2.391890e-01 3.846890e-01 2.523046e+00
1.148270e-01 3.429080e-01 2.556077e+00
-4.835900e-02 4.056230e-01 2.444329e+00
-8.935300e-02 2.130560e-01 2.640107e+00
-2.197990e-01 -1.265800e-02 2.506391e+00
6.041600e-02 -1.396200e-02 2.530464e+00
-9.019400e-02 5.332000e-03 2.641686e+00
-3.102600e-01 1.291140e-01 2.484958e+00
1.433100e-01 7.753100e-02 2.580278e+00
-2.756370e-01 -1.550870e-01 2.442650e+00
1.276100e-01 -2.105320e-01 2.557168e+00
-2.673420e-01 -2.228570e-01 2.442455e+00
1.134690e-01 -2.772590e-01 2.560202e+00
-2.308760e-01 -5.762600e-01 2.596272e+00
-4.580000e-03 -5.874870e-01 2.597363e+00
-2.227650e-01 -9.807630e-01 2.732805e+00
-3.886700e-02 -9.944850e-01 2.721889e+00
-2.279470e-01 -1.034678e+00 2.573379e+00
-1.901200e-02 -1.044930e+00 2.562480e+00
-1.475000e-03 6.661830e-01 2.434273e+00
-2.434700e-01 3.815840e-01 2.530036e+00
1.118950e-01 3.459400e-01 2.554721e+00
-5.497700e-02 4.052060e-01 2.446593e+00
-8.797600e-02 2.132270e-01 2.644447e+00
-2.232310e-01 -1.290600e-02 2.514703e+00
5.744500e-02 -1.572300e-02 2.532425e+00
-9.051900e-02 3.456000e-03 2.647162e+00
-3.140580e-01 1.258310e-01 2.495859e+00
1.434610e-01 8.157200e-02 2.580698e+00
-2.798580e-01 -1.584700e-01 2.457669e+00
1.248470e-01 -2.057040e-01 2.556566e+00
-2.795430e-01 -2.266400e-01 2.461456e+00
1.205510e-01 -2.730260e-01 2.546037e+00
-2.341470e-01 -5.776380e-01 2.598202e+00
-2.028000e-03 -5.885430e-01 2.600816e+00
-2.171860e-01 -9.740150e-01 2.756083e+00
-4.054800e-02 -9.999100e-01 2.708625e+00
-2.318760e-01 -1.036625e+00 2.600473e+00
-2.360700e-02 -1.043861e+00 2.546973e+00
-1.136200e-02 6.665130e-01 2.434878e+00
