-4.498870e-01 2.848320e-01 2.383390e+00
-1.322780e-01 2.789850e-01 2.460972e+00
-3.127030e-01 1.555780e-01 2.501172e+00
-1.158290e-01 -3.433600e-02 2.429782e+00
-4.821380e-01 1.167800e-02 2.351226e+00
-4.602510e-01 -2.421610e-01 2.218206e+00
-4.445750e-01 -2.999480e-01 2.203651e+00
-3.565230e-01 -5.271650e-01 2.437538e+00
-3.725180e-01 -9.187160e-01 2.522586e+00
-3.312300e-01 -9.499660e-01 2.386478e+00
-2.604810e-01 5.351850e-01 2.337097e+00
-1.095540e-01 2.881370e-01 2.445048e+00
-2.796840e-01 1.579230e-01 2.504200e+00
-9.868400e-02 -3.307300e-02 2.415405e+00
-4.720920e-01 3.295000e-03 2.367207e+00
-4.730260e-01 -2.620420e-01 2.253763e+00
-4.571250e-01 -3.173570e-01 2.231753e+00
-3.432860e-01 -5.298400e-01 2.440530e+00
-3.665720e-01 -9.209570e-01 2.525888e+00
-3.412760e-01 -9.529710e-01 2.386096e+00
-2.648220e-01 5.342730e-01 2.328409e+00
-9.438500e-02 2.912970e-01 2.431369e+00
-2.576060e-01 1.602160e-01 2.506037e+00
-8.339500e-02 -3.676500e-02 2.391444e+00
-4.589180e-01 1.260000e-04 2.390338e+00
-4.698240e-01 -2.672980e-01 2.282195e+00
-4.698860e-01 -3.288020e-01 2.278402e+00
-3.306000e-01 -5.280320e-01 2.444372e+00
-3.631880e-01 -9.182880e-01 2.530626e+00
-3.582890e-01 -9.500870e-01 2.388600e+00
-2.475500e-01 5.321050e-01 2.318584e+00
-7.746300e-02 2.930200e-01 2.420071e+00
-2.367920e-01 1.629370e-01 2.504281e+00
-6.568400e-02 -4.001800e-02 2.386953e+00
-4.455730e-01 2.216000e-03 2.417115e+00
-4.651850e-01 -2.732930e-01 2.331592e+00
-4.686250e-01 -3.311580e-01 2.310693e+00
-3.170230e-01 -5.251220e-01 2.442801e+00
-3.624890e-01 -9.112040e-01 2.541162e+00
-3.608440e-01 -9.473350e-01 2.400100e+00
-2.327840e-01 5.360510e-01 2.318779e+00
-5.009800e-02 2.943780e-01 2.401226e+00
-2.229470e-01 3.337600e-01 2.312028e+00
-2.003780e-01 1.631820e-01 2.499217e+00
-3.597720e-01 -2.720600e-02 2.401327e+00
-4.498200e-02 -3.930700e-02 2.376495e+00
-1.934290e-01 -3.553800e-02 2.503458e+00
-4.122250e-01 1.371000e-03 2.441084e+00
5.908000e-03 2.112500e-02 2.422221e+00
-4.331670e-01 -2.847150e-01 2.396353e+00
5.627000e-03 -2.602600e-01 2.350755e+00
-4.286790e-01 -3.432480e-01 2.377623e+00
-3.012000e-03 -3.169460e-01 2.373320e+00
-3.016880e-01 -5.241190e-01 2.441784e+00
-5.726500e-02 -5.226100e-01 2.414056e+00
-3.541540e-01 -9.112010e-01 2.532427e+00
-2.929000e-03 -9.085470e-01 2.508404e+00
-3.663200e-01 -9.427220e-01 2.390776e+00
-6.970000e-03 -9.436520e-01 2.367132e+00
-2.103950e-01 5.332600e-01 2.307861e+00
-3.600160e-01 2.806440e-01 2.425914e+00
-3.504900e-02 2.946640e-01 2.392314e+00
-2.100540e-01 3.321460e-01 2.306571e+00
-1.831370e-01 1.669980e-01 2.498005e+00
-3.448330e-01 -2.482800e-02 2.409167e+00
-3.088300e-02 -3.968200e-02 2.376446e+00
-1.760590e-01 -3.462900e-02 2.507093e+00
-3.896340e-01 3.541000e-03 2.452019e+00
2.011600e-02 2.052100e-02 2.404455e+00
-3.960730e-01 -2.849200e-01 2.418238e+00
1.884900e-02 -2.625680e-01 2.339250e+00
-3.886520e-01 -3.458500e-01 2.423668e+00
4.987000e-03 -3.190850e-01 2.359516e+00
-2.900920e-01 -5.228100e-01 2.442577e+00
-4.292500e-02 -5.219420e-01 2.417008e+00
-3.481980e-01 -9.109940e-01 2.524664e+00
2.273000e-03 -9.095150e-01 2.509448e+00
-3.638430e-01 -9.387030e-01 2.382558e+00
-4.919000e-03 -9.440530e-01 2.368161e+00
-2.026130e-01 5.392040e-01 2.311581e+00
-3.454150e-01 2.864510e-01 2.418086e+00
-1.974100e-02 2.882590e-01 2.388722e+00
-1.921770e-01 3.294360e-01 2.299537e+00
-1.735980e-01 1.687460e-01 2.495697e+00
-3.254890e-01 -2.681600e-02 2.405589e+00
-1.068700e-02 -3.619800e-02 2.379754e+00
-1.586920e-01 -3.161400e-02 2.507205e+00
-3.673690e-01 9.954000e-03 2.450082e+00
3.959900e-02 1.555100e-02 2.380636e+00
-3.712210e-01 -2.779730e-01 2.417570e+00
3.291100e-02 -2.669100e-01 2.316257e+00
-3.848000e-01 -3.380570e-01 2.415970e+00
2.151100e-02 -3.181900e-01 2.348466e+00
-2.788120e-01 -5.225800e-01 2.437026e+00
-2.823800e-02 -5.219390e-01 2.411957e+00
-3.423660e-01 -9.100810e-01 2.518292e+00
5.313000e-03 -9.093770e-01 2.509769e+00
-3.553780e-01 -9.378050e-01 2.375924e+00
3.164000e-03 -9.451940e-01 2.368633e+00
-1.761090e-01 5.360800e-01 2.300683e+00
-3.236150e-01 2.831800e-01 2.408789e+00
2.875000e-03 2.895710e-01 2.391697e+00
-1.666460e-01 3.257900e-01 2.295083e+00
-1.530980e-01 1.701780e-01 2.495700e+00
-2.887160e-01 -2.879300e-02 2.409878e+00
2.679000e-02 -3.827500e-02 2.394969e+00
-1.253540e-01 -2.708700e-02 2.517024e+00
-3.446020e-01 6.152000e-03 2.441025e+00
7.772400e-02 2.258500e-02 2.355094e+00
-3.325810e-01 -2.811330e-01 2.401216e+00
7.807000e-02 -2.351890e-01 2.221621e+00
-3.521330e-01 -3.372220e-01 2.417609e+00
5.545500e-02 -2.912460e-01 2.209655e+00
-2.671230e-01 -5.216000e-01 2.415954e+00
-5.145000e-03 -5.263890e-01 2.414268e+00
-3.362140e-01 -9.071290e-01 2.501945e+00
1.569900e-02 -9.179520e-01 2.498203e+00
-3.481760e-01 -9.366790e-01 2.359852e+00
1.750800e-02 -9.483800e-01 2.355804e+00
-1.446070e-01 5.329420e-01 2.294068e+00
-3.192090e-01 2.779530e-01 2.399111e+00
7.526000e-03 2.911140e-01 2.399508e+00
-1.573120e-01 3.242090e-01 2.294071e+00
-1.512690e-01 1.681480e-01 2.494704e+00
-2.761820e-01 -4.143700e-02 2.414216e+00
3.858600e-02 -2.565800e-02 2.391229e+00
-1.110810e-01 -2.140000e-02 2.516736e+00
-3.357580e-01 1.160000e-03 2.429851e+00
1.042110e-01 3.776300e-02 2.333942e+00
-3.168350e-01 -2.802870e-01 2.364498e+00
1.129280e-01 -1.831950e-01 2.147013e+00
-3.251630e-01 -3.379510e-01 2.344436e+00
7.642500e-02 -2.275950e-01 2.124804e+00
-2.650860e-01 -5.208030e-01 2.392532e+00
1.222000e-03 -5.225710e-01 2.415158e+00
-3.342160e-01 -9.056910e-01 2.481318e+00
1.959600e-02 -9.151070e-01 2.495026e+00
-3.554140e-01 -9.344500e-01 2.340143e+00
1.572600e-02 -9.443060e-01 2.352411e+00
-1.298360e-01 5.230570e-01 2.280940e+00
-3.157440e-01 2.803070e-01 2.385443e+00
9.931000e-03 2.804630e-01 2.414850e+00
-1.434440e-01 3.195770e-01 2.295142e+00
-1.614810e-01 1.643750e-01 2.495722e+00
-2.743720e-01 -5.756000e-02 2.396735e+00
3.749100e-02 -1.391900e-02 2.423059e+00
-1.297790e-01 -2.328300e-02 2.523574e+00
-3.370180e-01 4.558000e-03 2.402823e+00
1.429940e-01 6.475500e-02 2.302796e+00
-3.174600e-01 -2.742250e-01 2.334876e+00
1.574990e-01 -9.922100e-02 2.066956e+00
-3.099000e-01 -3.327260e-01 2.317057e+00
1.580700e-01 -1.372890e-01 2.018505e+00
-2.642590e-01 -5.253980e-01 2.381337e+00
2.958000e-03 -5.183820e-01 2.415796e+00
-3.335410e-01 -9.100920e-01 2.470847e+00
2.018500e-02 -9.118300e-01 2.491309e+00
-3.382130e-01 -9.422780e-01 2.328901e+00
3.651400e-02 -9.384160e-01 2.349066e+00
-9.746700e-02 5.079140e-01 2.276267e+00
-3.101640e-01 2.861070e-01 2.344672e+00
-1.996000e-03 2.709720e-01 2.452988e+00
-1.192310e-01 3.153410e-01 2.299134e+00
-1.937180e-01 1.648110e-01 2.490021e+00
-2.867980e-01 -6.479500e-02 2.357162e+00
8.317000e-03 -1.044900e-02 2.456206e+00
-1.776440e-01 -2.516000e-02 2.514276e+00
-3.530340e-01 1.637600e-02 2.350646e+00
2.041930e-01 1.384550e-01 2.332349e+00
-3.329740e-01 -2.557520e-01 2.273619e+00
2.509720e-01 1.141170e-01 2.053766e+00
-3.150110e-01 -3.101000e-01 2.250800e+00
2.304010e-01 7.542600e-02 2.010443e+00
-2.688630e-01 -5.324150e-01 2.368978e+00
-7.643000e-03 -5.145130e-01 2.415328e+00
-3.337690e-01 -9.168620e-01 2.462725e+00
2.074200e-02 -9.114320e-01 2.464832e+00
-3.052680e-01 -9.552180e-01 2.325163e+00
6.692700e-02 -9.252670e-01 2.327419e+00
-7.965300e-02 5.002110e-01 2.271550e+00
-2.981700e-01 2.874550e-01 2.324431e+00
-1.173100e-02 2.694910e-01 2.481144e+00
-1.014570e-01 3.082170e-01 2.308420e+00
-2.108800e-01 1.714920e-01 2.492752e+00
-2.929540e-01 -6.181900e-02 2.329328e+00
-1.475500e-02 -1.683600e-02 2.472287e+00
-2.075420e-01 -2.830100e-02 2.501814e+00
-3.636670e-01 2.515500e-02 2.308725e+00
2.308470e-01 1.892450e-01 2.391400e+00
-3.359650e-01 -2.457090e-01 2.238984e+00
2.734390e-01 2.233190e-01 2.115676e+00
-3.310100e-01 -2.998850e-01 2.210045e+00
3.190620e-01 2.349480e-01 2.075922e+00
-2.801060e-01 -5.342150e-01 2.355714e+00
-2.224900e-02 -5.176880e-01 2.422353e+00
-3.406720e-01 -9.151220e-01 2.465453e+00
1.458400e-02 -9.142430e-01 2.469133e+00
-2.951590e-01 -9.600510e-01 2.334622e+00
8.151200e-02 -9.232470e-01 2.340112e+00
-6.457500e-02 5.038230e-01 2.302067e+00
-2.890180e-01 2.976510e-01 2.298821e+00
-4.120100e-02 2.677160e-01 2.505454e+00
-9.204200e-02 3.082810e-01 2.320531e+00
-2.414790e-01 1.797450e-01 2.481131e+00
-3.039980e-01 -4.622400e-02 2.297843e+00
-5.683000e-02 -3.008600e-02 2.494067e+00
-2.520040e-01 -3.277400e-02 2.485689e+00
-3.773560e-01 5.280600e-02 2.251291e+00
2.231400e-01 2.575760e-01 2.499748e+00
-3.555560e-01 -2.111590e-01 2.178742e+00
3.339400e-01 3.621590e-01 2.271271e+00
-3.359550e-01 -2.633120e-01 2.152419e+00
3.586490e-01 3.961130e-01 2.226174e+00
-3.036120e-01 -5.308150e-01 2.346352e+00
-5.904800e-02 -5.236320e-01 2.428459e+00
-3.449720e-01 -9.107400e-01 2.467788e+00
8.676000e-03 -9.166840e-01 2.469986e+00
-2.760690e-01 -9.565450e-01 2.347952e+00
9.869600e-02 -9.132620e-01 2.355568e+00
-5.163500e-02 5.130840e-01 2.317724e+00
-2.917250e-01 3.019010e-01 2.281413e+00
-6.256900e-02 2.623300e-01 2.503251e+00
-9.640300e-02 3.019740e-01 2.316533e+00
-2.634840e-01 1.848550e-01 2.468232e+00
-3.180510e-01 -3.311800e-02 2.287583e+00
-8.658200e-02 -4.212200e-02 2.502518e+00
-2.804060e-01 -3.418000e-02 2.479291e+00
-3.825260e-01 6.057600e-02 2.223308e+00
1.887560e-01 2.812230e-01 2.582861e+00
-3.688790e-01 -2.029410e-01 2.148315e+00
3.416330e-01 4.167530e-01 2.399801e+00
-3.439740e-01 -2.541850e-01 2.124846e+00
3.387630e-01 4.595180e-01 2.355529e+00
-3.228130e-01 -5.268820e-01 2.347435e+00
-8.841500e-02 -5.284120e-01 2.430107e+00
-3.503520e-01 -9.084320e-01 2.467695e+00
-1.171000e-03 -9.170840e-01 2.476190e+00
-2.700160e-01 -9.501810e-01 2.353634e+00
9.732000e-02 -9.076450e-01 2.369340e+00
-5.592500e-02 5.163220e-01 2.324886e+00
-2.936600e-01 2.995010e-01 2.271110e+00
-8.088800e-02 2.510310e-01 2.507040e+00
-1.012110e-01 2.950450e-01 2.319351e+00
-2.803260e-01 1.782220e-01 2.456885e+00
-3.314720e-01 -2.878800e-02 2.270639e+00
-1.199350e-01 -5.611000e-02 2.503795e+00
-3.103470e-01 -3.646200e-02 2.464714e+00
-3.903560e-01 6.470200e-02 2.201843e+00
1.339010e-01 2.739610e-01 2.657435e+00
-3.771860e-01 -1.983210e-01 2.129234e+00
3.145450e-01 4.195690e-01 2.513238e+00
-3.634780e-01 -2.482240e-01 2.095785e+00
3.198800e-01 4.712800e-01 2.480154e+00
-3.446340e-01 -5.281230e-01 2.346583e+00
-1.130510e-01 -5.348150e-01 2.432482e+00
-3.573370e-01 -9.102720e-01 2.467420e+00
-2.283200e-02 -9.220630e-01 2.484455e+00
-2.656720e-01 -9.471470e-01 2.360441e+00
8.555100e-02 -9.097610e-01 2.387974e+00
-6.280900e-02 5.089960e-01 2.330750e+00
-2.902800e-01 2.937050e-01 2.266986e+00
-1.157930e-01 2.306060e-01 2.531427e+00
-1.078780e-01 2.877770e-01 2.344949e+00
-3.040750e-01 1.598530e-01 2.443882e+00
-3.486440e-01 -4.055000e-02 2.240103e+00
-1.701390e-01 -6.518700e-02 2.499690e+00
-3.524620e-01 -3.697100e-02 2.435405e+00
-4.003200e-01 7.052000e-02 2.188845e+00
6.131900e-02 2.270890e-01 2.722856e+00
-4.030760e-01 -1.898580e-01 2.114867e+00
2.750730e-01 3.823110e-01 2.663758e+00
-3.890650e-01 -2.471470e-01 2.097014e+00
2.908670e-01 4.413700e-01 2.656036e+00
-3.657070e-01 -5.394340e-01 2.331123e+00
-1.350330e-01 -5.371940e-01 2.427811e+00
-3.622200e-01 -9.180340e-01 2.463223e+00
-2.845300e-02 -9.205460e-01 2.477637e+00
-2.558540e-01 -9.499260e-01 2.369012e+00
9.141100e-02 -8.975470e-01 2.398199e+00
-3.780200e-02 4.704190e-01 2.384997e+00
-2.838130e-01 2.845510e-01 2.269480e+00
-1.227270e-01 2.148580e-01 2.543326e+00
-1.056290e-01 2.742460e-01 2.356242e+00
-3.088760e-01 1.491900e-01 2.443974e+00
-3.586630e-01 -4.529500e-02 2.227261e+00
-1.937340e-01 -7.630200e-02 2.495016e+00
-3.708490e-01 -3.776900e-02 2.422107e+00
-4.108830e-01 7.367600e-02 2.188183e+00
3.498800e-02 1.773170e-01 2.745664e+00
-4.250760e-01 -1.873700e-01 2.124413e+00
2.544620e-01 3.325520e-01 2.733569e+00
-3.997390e-01 -2.401190e-01 2.105110e+00
2.642310e-01 3.919620e-01 2.746686e+00
-3.777460e-01 -5.454670e-01 2.313407e+00
-1.437110e-01 -5.393340e-01 2.409547e+00
-3.576160e-01 -9.215430e-01 2.451110e+00
-3.159900e-02 -9.188620e-01 2.474280e+00
-2.492760e-01 -9.498360e-01 2.358004e+00
9.201200e-02 -8.948220e-01 2.401143e+00
-4.489300e-02 4.595040e-01 2.390183e+00
-2.786600e-01 2.749940e-01 2.271967e+00
-1.357010e-01 1.772830e-01 2.548744e+00
-1.060070e-01 2.461800e-01 2.365479e+00
-3.218170e-01 1.321640e-01 2.436697e+00
-3.643810e-01 -5.135000e-02 2.222575e+00
-2.139920e-01 -1.064490e-01 2.494977e+00
-3.837160e-01 -4.918000e-02 2.416975e+00
-4.223080e-01 7.468200e-02 2.192743e+00
4.075000e-03 9.611000e-02 2.751006e+00
-4.368710e-01 -1.870680e-01 2.133701e+00
2.348130e-01 2.134460e-01 2.823142e+00
-4.306390e-01 -2.415200e-01 2.105536e+00
2.500620e-01 2.723520e-01 2.813419e+00
-3.855450e-01 -5.567190e-01 2.292425e+00
-1.368200e-01 -5.467680e-01 2.388308e+00
-3.504450e-01 -9.286440e-01 2.438168e+00
-2.998400e-02 -9.261010e-01 2.462425e+00
-2.394950e-01 -9.537960e-01 2.347261e+00
9.895200e-02 -9.021580e-01 2.399109e+00
-5.667600e-02 4.418360e-01 2.392044e+00
-2.823440e-01 2.431000e-01 2.271284e+00
-1.256790e-01 1.290860e-01 2.534695e+00
-1.056410e-01 1.986260e-01 2.349908e+00
-3.236590e-01 1.014880e-01 2.437531e+00
-3.914420e-01 -7.909900e-02 2.222251e+00
-2.267540e-01 -1.571980e-01 2.480387e+00
-3.968050e-01 -8.443000e-02 2.417476e+00
-4.415810e-01 5.404900e-02 2.199960e+00
-2.035800e-02 -1.609400e-02 2.719124e+00
-4.584830e-01 -2.072700e-01 2.147810e+00
2.023080e-01 -2.962300e-02 2.865853e+00
-4.718220e-01 -2.658140e-01 2.133964e+00
2.354230e-01 1.659900e-02 2.889600e+00
-3.989110e-01 -5.881740e-01 2.265522e+00
-1.284880e-01 -5.682200e-01 2.342825e+00
-3.550000e-01 -9.562380e-01 2.418498e+00
-2.197800e-02 -9.427630e-01 2.438608e+00
-2.547120e-01 -9.863380e-01 2.317290e+00
1.036500e-01 -9.253370e-01 2.367050e+00
-4.561800e-02 3.913280e-01 2.409301e+00
-2.855290e-01 2.186380e-01 2.275065e+00
-1.081120e-01 9.808600e-02 2.521883e+00
-1.034860e-01 1.690990e-01 2.336628e+00
-3.148380e-01 7.628700e-02 2.443219e+00
-4.095210e-01 -9.460000e-02 2.227976e+00
-2.251310e-01 -1.828060e-01 2.468965e+00
-3.983130e-01 -1.050770e-01 2.422744e+00
-4.559110e-01 3.188300e-02 2.219142e+00
-1.493800e-02 -9.643500e-02 2.665116e+00
-4.848430e-01 -2.294650e-01 2.163734e+00
1.760330e-01 -1.913830e-01 2.828594e+00
-4.814160e-01 -2.868710e-01 2.141602e+00
2.092530e-01 -1.727580e-01 2.877035e+00
-4.052680e-01 -6.043660e-01 2.251684e+00
-1.239000e-01 -5.787110e-01 2.313423e+00
-3.568810e-01 -9.692830e-01 2.410728e+00
-2.303800e-02 -9.505490e-01 2.424618e+00
-2.710800e-01 -1.006549e+00 2.299121e+00
9.606900e-02 -9.432000e-01 2.341155e+00
-1.718600e-02 3.549520e-01 2.400782e+00
-2.844390e-01 2.033830e-01 2.283923e+00
-7.470900e-02 6.729000e-02 2.494686e+00
-9.767700e-02 1.426890e-01 2.312556e+00
-2.927080e-01 5.851800e-02 2.452282e+00
-4.236430e-01 -1.050030e-01 2.245385e+00
-2.054730e-01 -2.075080e-01 2.449714e+00
-3.831400e-01 -1.275500e-01 2.435178e+00
-4.575070e-01 1.920000e-02 2.250545e+00
2.690000e-04 -1.589090e-01 2.585250e+00
-4.946790e-01 -2.351930e-01 2.188026e+00
1.474900e-01 -3.345270e-01 2.717502e+00
-4.888530e-01 -2.866600e-01 2.154645e+00
1.746960e-01 -3.786400e-01 2.750834e+00
-4.152130e-01 -6.158630e-01 2.239070e+00
-1.248790e-01 -5.998800e-01 2.286792e+00
-3.606840e-01 -9.795880e-01 2.398856e+00
-2.224600e-02 -9.647200e-01 2.417785e+00
-3.004010e-01 -1.025226e+00 2.274397e+00
8.253400e-02 -9.714740e-01 2.316879e+00
3.857000e-03 3.356690e-01 2.395756e+00
-2.819360e-01 2.220750e-01 2.314105e+00
-3.555200e-02 5.475800e-02 2.449121e+00
-9.869800e-02 1.507340e-01 2.287303e+00
-2.572410e-01 5.996700e-02 2.464139e+00
-4.268070e-01 -1.026620e-01 2.292012e+00
-1.627230e-01 -2.189230e-01 2.420849e+00
-3.378080e-01 -1.422800e-01 2.461363e+00
-4.444820e-01 2.272800e-02 2.299776e+00
-4.460000e-03 -1.956780e-01 2.397348e+00
-4.816060e-01 -2.348240e-01 2.238318e+00
8.018700e-02 -4.484970e-01 2.377199e+00
-4.800250e-01 -2.954870e-01 2.227615e+00
1.007150e-01 -5.058440e-01 2.386523e+00
-4.226070e-01 -6.143550e-01 2.250716e+00
-1.093740e-01 -6.162740e-01 2.282624e+00
-3.681020e-01 -9.791980e-01 2.407940e+00
-2.412500e-02 -9.808710e-01 2.426159e+00
-3.428720e-01 -1.032763e+00 2.274895e+00
6.298200e-02 -1.005419e+00 2.312070e+00
-6.790000e-04 3.503570e-01 2.367040e+00
-2.809380e-01 2.561970e-01 2.328797e+00
-1.186300e-02 9.072100e-02 2.413327e+00
-1.033590e-01 1.911360e-01 2.268658e+00
-2.279210e-01 8.910800e-02 2.465432e+00
-4.167830e-01 -7.045700e-02 2.324229e+00
-1.363730e-01 -1.931260e-01 2.402834e+00
-3.010830e-01 -1.165300e-01 2.474765e+00
-4.363670e-01 4.719700e-02 2.323749e+00
-3.340200e-02 -1.149960e-01 2.254957e+00
-4.642250e-01 -2.123910e-01 2.253454e+00
1.618500e-02 -3.306550e-01 2.099600e+00
-4.647270e-01 -2.739620e-01 2.251049e+00
3.102700e-02 -3.787460e-01 2.064048e+00
-4.210080e-01 -5.832440e-01 2.275522e+00
-1.035710e-01 -6.007120e-01 2.300876e+00
-3.723410e-01 -9.525250e-01 2.424059e+00
-3.724500e-02 -9.713650e-01 2.438783e+00
-3.600420e-01 -1.005277e+00 2.288883e+00
3.819900e-02 -1.002717e+00 2.318234e+00
8.676000e-03 3.963010e-01 2.331759e+00
-2.639890e-01 2.938750e-01 2.339687e+00
9.805000e-03 1.403140e-01 2.431256e+00
-7.794000e-02 2.471220e-01 2.288860e+00
-2.088080e-01 1.189190e-01 2.465163e+00
-3.861660e-01 -3.392900e-02 2.329041e+00
-1.068790e-01 -1.511260e-01 2.419152e+00
-2.748620e-01 -7.544400e-02 2.484148e+00
-4.219020e-01 8.997800e-02 2.357438e+00
-2.792900e-02 4.877900e-02 2.192461e+00
-4.455110e-01 -1.642620e-01 2.275043e+00
-5.202900e-02 -9.846900e-02 1.969477e+00
-4.510760e-01 -2.255410e-01 2.271739e+00
-5.740700e-02 -1.325180e-01 1.918401e+00
-4.047990e-01 -5.483200e-01 2.312880e+00
-9.818900e-02 -5.735280e-01 2.326363e+00
-3.692780e-01 -9.260240e-01 2.442800e+00
-2.832600e-02 -9.486770e-01 2.449585e+00
-3.469140e-01 -9.709440e-01 2.306093e+00
4.156000e-02 -9.766110e-01 2.324917e+00
-7.280000e-03 4.453340e-01 2.314817e+00
-2.888530e-01 3.250610e-01 2.357958e+00
9.601000e-03 1.940050e-01 2.331906e+00
-1.365850e-01 2.880770e-01 2.236178e+00
-1.738550e-01 1.601560e-01 2.452725e+00
-3.566170e-01 -4.670000e-03 2.370519e+00
-5.517500e-02 -9.427800e-02 2.339554e+00
-1.926990e-01 -4.449000e-02 2.469086e+00
-4.127560e-01 1.074060e-01 2.425082e+00
-3.749900e-02 1.729330e-01 2.077802e+00
-4.056990e-01 -1.309500e-01 2.300351e+00
-9.614300e-02 2.552160e-01 1.828379e+00
-4.096480e-01 -1.912790e-01 2.288440e+00
-1.051430e-01 2.752750e-01 1.770815e+00
-3.484120e-01 -5.200670e-01 2.378106e+00
-8.754600e-02 -5.503700e-01 2.386230e+00
-3.756580e-01 -9.095610e-01 2.469502e+00
-1.862700e-02 -9.331070e-01 2.484023e+00
-3.756830e-01 -9.428270e-01 2.327728e+00
-2.975000e-02 -9.709290e-01 2.343836e+00
-4.008900e-02 5.089320e-01 2.285905e+00
-3.036110e-01 3.335430e-01 2.412796e+00
-2.426900e-02 2.334440e-01 2.284704e+00
-1.941290e-01 3.224950e-01 2.247643e+00
-1.567180e-01 1.705030e-01 2.448004e+00
-3.351420e-01 -1.883000e-02 2.409887e+00
-5.150800e-02 -6.585600e-02 2.278752e+00
-1.444440e-01 -3.718500e-02 2.448196e+00
-3.934130e-01 9.021900e-02 2.448630e+00
-5.813200e-02 2.435160e-01 2.025268e+00
-3.795230e-01 -1.479450e-01 2.318506e+00
-1.209990e-01 4.314080e-01 1.839280e+00
-3.721660e-01 -2.075970e-01 2.304923e+00
-1.316300e-01 4.815540e-01 1.805084e+00
-3.246320e-01 -5.226150e-01 2.397630e+00
-6.856400e-02 -5.319020e-01 2.413069e+00
-3.627660e-01 -9.104690e-01 2.492056e+00
-7.403000e-03 -9.186040e-01 2.499798e+00
-4.260110e-01 -9.355940e-01 2.363310e+00
-7.130000e-02 -9.567820e-01 2.374633e+00
-5.666800e-02 5.244740e-01 2.272390e+00
-2.926880e-01 3.206950e-01 2.427659e+00
-6.585000e-03 2.601920e-01 2.287291e+00
-1.857990e-01 3.358940e-01 2.261144e+00
-1.304200e-01 1.698750e-01 2.445578e+00
-3.109460e-01 -2.548900e-02 2.406076e+00
-2.730400e-02 -4.508500e-02 2.268166e+00
-1.184800e-01 -2.325300e-02 2.439574e+00
-3.679830e-01 7.149700e-02 2.474844e+00
-5.056100e-02 2.833270e-01 2.027433e+00
-3.534620e-01 -1.632120e-01 2.333073e+00
-1.271230e-01 5.136650e-01 1.899055e+00
-3.613500e-01 -2.218260e-01 2.315777e+00
-1.365610e-01 5.719230e-01 1.881334e+00
-2.991650e-01 -5.174990e-01 2.423224e+00
-5.227900e-02 -5.201080e-01 2.417320e+00
-3.517250e-01 -9.052690e-01 2.510818e+00
1.025500e-02 -9.059270e-01 2.506951e+00
-4.184780e-01 -9.251120e-01 2.382924e+00
-5.319800e-02 -9.452590e-01 2.381918e+00
-4.329100e-02 5.327400e-01 2.283288e+00
-2.863640e-01 3.177620e-01 2.411375e+00
1.792800e-02 2.777270e-01 2.301457e+00
-1.643110e-01 3.395230e-01 2.256413e+00
-1.159870e-01 1.799030e-01 2.448328e+00
-2.899080e-01 -2.994800e-02 2.396960e+00
7.097000e-03 -3.080100e-02 2.289057e+00
-1.022940e-01 -2.014500e-02 2.450581e+00
-3.415940e-01 6.347800e-02 2.464902e+00
-2.921800e-02 2.809950e-01 2.040034e+00
-3.145970e-01 -1.811500e-01 2.340595e+00
-1.169090e-01 5.265010e-01 1.950251e+00
-3.242760e-01 -2.414830e-01 2.332644e+00
-1.246550e-01 5.874850e-01 1.954481e+00
-2.748220e-01 -5.133640e-01 2.440622e+00
-3.094600e-02 -5.168180e-01 2.410167e+00
-3.387960e-01 -9.015230e-01 2.518345e+00
1.466700e-02 -9.035000e-01 2.506068e+00
-3.899700e-01 -9.201330e-01 2.383284e+00
-3.290800e-02 -9.418920e-01 2.373897e+00
-3.639400e-02 5.455310e-01 2.292818e+00
-2.814260e-01 3.120450e-01 2.405124e+00
2.872000e-02 2.810670e-01 2.306239e+00
-1.551050e-01 3.342700e-01 2.253689e+00
-1.071330e-01 1.822580e-01 2.451771e+00
-2.840970e-01 -3.344400e-02 2.400691e+00
1.628900e-02 -2.665600e-02 2.302821e+00
-9.858300e-02 -2.137500e-02 2.460767e+00
-3.372180e-01 5.622300e-02 2.449078e+00
-1.611000e-02 2.604900e-01 2.045362e+00
-3.025570e-01 -1.935030e-01 2.337873e+00
-1.194980e-01 4.995530e-01 1.955414e+00
-3.162480e-01 -2.535820e-01 2.337469e+00
-1.242960e-01 5.607500e-01 1.960793e+00
-2.704540e-01 -5.152880e-01 2.436558e+00
-2.511300e-02 -5.168410e-01 2.411984e+00
-3.378580e-01 -9.022160e-01 2.517455e+00
1.839200e-02 -9.035960e-01 2.508568e+00
-3.851200e-01 -9.224680e-01 2.381210e+00
-2.386800e-02 -9.418170e-01 2.374553e+00
-3.455000e-02 5.477690e-01 2.299011e+00
-2.845880e-01 3.058560e-01 2.401331e+00
2.794300e-02 2.825740e-01 2.307998e+00
-1.568840e-01 3.268500e-01 2.250883e+00
-1.064020e-01 1.845240e-01 2.455431e+00
-2.849410e-01 -3.316600e-02 2.402024e+00
1.696100e-02 -2.768000e-02 2.308851e+00
-1.003160e-01 -2.242500e-02 2.465020e+00
-3.368650e-01 4.746100e-02 2.446705e+00
-6.661000e-03 2.178190e-01 2.050765e+00
-3.034720e-01 -2.008250e-01 2.327028e+00
-1.162090e-01 4.439700e-01 1.932703e+00
-3.112760e-01 -2.618010e-01 2.322778e+00
-1.178940e-01 5.055430e-01 1.930987e+00
-2.688900e-01 -5.168240e-01 2.432884e+00
-2.198700e-02 -5.165830e-01 2.419557e+00
-3.352330e-01 -9.036530e-01 2.515120e+00
1.962700e-02 -9.045420e-01 2.512060e+00
-3.806720e-01 -9.249230e-01 2.378410e+00
-2.082800e-02 -9.410790e-01 2.377023e+00
-3.608600e-02 5.467690e-01 2.305760e+00
-2.927660e-01 3.096410e-01 2.404858e+00
2.358300e-02 2.839500e-01 2.326164e+00
-1.580440e-01 3.296240e-01 2.260517e+00
-1.182220e-01 1.869640e-01 2.467175e+00
-2.908880e-01 -3.948700e-02 2.407160e+00
1.416500e-02 -2.110000e-02 2.326782e+00
-1.094430e-01 -2.452900e-02 2.478042e+00
-3.421040e-01 4.812200e-02 2.429962e+00
1.574000e-02 1.278880e-01 2.109278e+00
-3.063370e-01 -2.045630e-01 2.321136e+00
-8.961200e-02 2.663620e-01 1.893181e+00
-3.166710e-01 -2.643430e-01 2.310338e+00
-9.940100e-02 3.140060e-01 1.855349e+00
-2.745480e-01 -5.203510e-01 2.421579e+00
-2.759400e-02 -5.162220e-01 2.420580e+00
-3.376910e-01 -9.061540e-01 2.510857e+00
1.359100e-02 -9.047890e-01 2.510694e+00
-3.792140e-01 -9.311360e-01 2.373531e+00
-2.014700e-02 -9.401770e-01 2.373523e+00
-7.678000e-02 5.413520e-01 2.262031e+00
-3.096660e-01 3.070420e-01 2.403275e+00
1.364600e-02 2.878970e-01 2.358200e+00
-1.602420e-01 3.370780e-01 2.276176e+00
-1.415860e-01 1.812190e-01 2.476190e+00
-3.012760e-01 -3.379300e-02 2.390326e+00
1.121600e-02 -1.971400e-02 2.345529e+00
-1.289540e-01 -2.185100e-02 2.481610e+00
-3.517360e-01 4.336500e-02 2.410347e+00
2.643500e-02 8.893500e-02 2.180446e+00
-3.204200e-01 -2.142730e-01 2.312903e+00
-4.896300e-02 5.925900e-02 1.915328e+00
-3.191860e-01 -2.751940e-01 2.303728e+00
-6.042300e-02 7.673800e-02 1.857361e+00
-2.817730e-01 -5.171050e-01 2.411901e+00
-3.171700e-02 -5.144690e-01 2.420675e+00
-3.378070e-01 -9.029350e-01 2.505688e+00
1.024800e-02 -9.026630e-01 2.512028e+00
-3.639660e-01 -9.331740e-01 2.365660e+00
-7.263000e-03 -9.375700e-01 2.371737e+00
-1.214770e-01 5.422420e-01 2.278516e+00
-3.208690e-01 3.079110e-01 2.395201e+00
5.404000e-03 2.897330e-01 2.383187e+00
-1.590130e-01 3.439240e-01 2.286162e+00
-1.611920e-01 1.776880e-01 2.478532e+00
-3.096620e-01 -2.839200e-02 2.378226e+00
6.020000e-03 -1.974800e-02 2.367003e+00
-1.478110e-01 -2.146300e-02 2.487433e+00
-3.599250e-01 4.327200e-02 2.392889e+00
1.542200e-02 5.714600e-02 2.251401e+00
-3.348280e-01 -2.203750e-01 2.309527e+00
-9.995000e-03 -1.127450e-01 2.033274e+00
-3.389790e-01 -2.792840e-01 2.291933e+00
-9.493000e-03 -1.304860e-01 1.974265e+00
-2.921810e-01 -5.135710e-01 2.408607e+00
-4.643600e-02 -5.153250e-01 2.416583e+00
-3.380890e-01 -8.989110e-01 2.509636e+00
5.049000e-03 -9.011070e-01 2.513137e+00
-3.508610e-01 -9.342750e-01 2.368949e+00
1.912000e-03 -9.368490e-01 2.372001e+00
-1.286600e-01 5.384580e-01 2.276891e+00
-3.439610e-01 3.110490e-01 2.380609e+00
-2.015100e-02 2.766050e-01 2.410435e+00
-1.680420e-01 3.361520e-01 2.292257e+00
-2.029960e-01 1.754530e-01 2.486163e+00
-3.333690e-01 -3.175900e-02 2.364227e+00
-1.875600e-02 -2.414600e-02 2.392800e+00
-1.864660e-01 -2.756100e-02 2.492959e+00
-3.879170e-01 4.313200e-02 2.380902e+00
8.025000e-03 1.015800e-02 2.366575e+00
-3.508060e-01 -2.235700e-01 2.297872e+00
3.447100e-02 -2.531770e-01 2.269845e+00
-3.625470e-01 -2.840300e-01 2.295928e+00
4.498400e-02 -3.106160e-01 2.250165e+00
-3.155060e-01 -5.170010e-01 2.415760e+00
-6.851500e-02 -5.204110e-01 2.412065e+00
-3.476160e-01 -9.029000e-01 2.519933e+00
-2.085000e-03 -9.067710e-01 2.496407e+00
-3.427770e-01 -9.412070e-01 2.379520e+00
1.165200e-02 -9.354330e-01 2.354292e+00
-1.377820e-01 5.355430e-01 2.290875e+00
-3.578670e-01 3.099590e-01 2.372530e+00
-3.827200e-02 2.722320e-01 2.430534e+00
-1.747240e-01 3.315340e-01 2.299203e+00
-2.282300e-01 1.744950e-01 2.491872e+00
-3.472740e-01 -3.443200e-02 2.368210e+00
-3.629800e-02 -2.390400e-02 2.423335e+00
-2.116740e-01 -3.383800e-02 2.508861e+00
-4.065580e-01 4.085600e-02 2.371231e+00
-3.847000e-03 1.275000e-03 2.444180e+00
-3.626080e-01 -2.281820e-01 2.292179e+00
4.152600e-02 -2.787050e-01 2.433468e+00
-3.766240e-01 -2.879730e-01 2.287119e+00
5.859600e-02 -3.362360e-01 2.447460e+00
-3.375250e-01 -5.174710e-01 2.422221e+00
-8.486500e-02 -5.218250e-01 2.405421e+00
-3.562910e-01 -9.029810e-01 2.530992e+00
-5.292000e-03 -9.055250e-01 2.490530e+00
-3.430100e-01 -9.429580e-01 2.391593e+00
1.796600e-02 -9.320410e-01 2.349241e+00
-1.554330e-01 5.314010e-01 2.288484e+00
-3.740880e-01 3.049170e-01 2.357685e+00
-6.308200e-02 2.660850e-01 2.450942e+00
-1.838540e-01 3.234100e-01 2.304273e+00
-2.595560e-01 1.712300e-01 2.493365e+00
-3.644550e-01 -3.376400e-02 2.355507e+00
-6.118900e-02 -3.080500e-02 2.444261e+00
-2.450630e-01 -3.524200e-02 2.510148e+00
-4.270700e-01 3.419600e-02 2.366263e+00
-3.668300e-02 8.700000e-04 2.522598e+00
-3.898600e-01 -2.397890e-01 2.291444e+00
3.799100e-02 -2.739850e-01 2.553072e+00
-4.069750e-01 -2.989730e-01 2.292598e+00
6.257900e-02 -3.296310e-01 2.562870e+00
-3.585900e-01 -5.188360e-01 2.426422e+00
-1.013430e-01 -5.245730e-01 2.396587e+00
-3.663620e-01 -9.049320e-01 2.534453e+00
-5.367000e-03 -9.055400e-01 2.476922e+00
-3.382750e-01 -9.439590e-01 2.396996e+00
3.100900e-02 -9.258020e-01 2.337376e+00
-1.741040e-01 5.214040e-01 2.283627e+00
-3.895950e-01 2.856950e-01 2.337725e+00
-9.593600e-02 2.521320e-01 2.477606e+00
-1.933810e-01 2.992680e-01 2.311274e+00
-2.979340e-01 1.616340e-01 2.497743e+00
-3.890770e-01 -3.722900e-02 2.348396e+00
-1.014870e-01 -4.725700e-02 2.478961e+00
-2.928040e-01 -4.282400e-02 2.518309e+00
-4.506570e-01 1.472700e-02 2.354678e+00
-7.308200e-02 -1.310000e-04 2.592849e+00
-4.328020e-01 -2.668210e-01 2.292795e+00
1.084400e-02 -2.689790e-01 2.656836e+00
-4.188580e-01 -3.115140e-01 2.332859e+00
3.345600e-02 -3.260010e-01 2.650983e+00
-3.835120e-01 -5.281360e-01 2.430288e+00
-1.168820e-01 -5.305940e-01 2.394822e+00
-3.809160e-01 -9.159150e-01 2.532374e+00
-1.287300e-02 -9.115370e-01 2.464576e+00
-3.330300e-01 -9.506270e-01 2.399301e+00
4.433600e-02 -9.203850e-01 2.330951e+00
-1.858090e-01 5.088910e-01 2.295620e+00
-3.988200e-01 2.741250e-01 2.330074e+00
-1.140080e-01 2.488290e-01 2.488728e+00
-2.013190e-01 2.854780e-01 2.314322e+00
-3.174000e-01 1.603200e-01 2.502753e+00
-3.921550e-01 -4.544600e-02 2.330843e+00
-1.260860e-01 -5.750100e-02 2.500896e+00
-3.209170e-01 -4.906800e-02 2.512729e+00
-4.619180e-01 2.727000e-03 2.349121e+00
-9.257000e-02 -2.606000e-03 2.608403e+00
-4.487500e-01 -2.803540e-01 2.288175e+00
-1.803000e-02 -2.716520e-01 2.686381e+00
-4.305390e-01 -3.177130e-01 2.333669e+00
1.074200e-02 -3.258730e-01 2.691796e+00
-3.863250e-01 -5.371910e-01 2.436365e+00
-1.255940e-01 -5.378760e-01 2.409001e+00
-3.831510e-01 -9.274040e-01 2.528695e+00
-3.255600e-02 -9.227950e-01 2.472105e+00
-3.126090e-01 -9.561950e-01 2.404592e+00
4.487500e-02 -9.242970e-01 2.348781e+00
-1.970210e-01 4.994640e-01 2.294127e+00
-4.061690e-01 2.843370e-01 2.335701e+00
-1.226290e-01 2.508660e-01 2.495119e+00
-2.085090e-01 2.954010e-01 2.321841e+00
-3.265160e-01 1.628210e-01 2.503892e+00
-4.075070e-01 -3.944100e-02 2.341096e+00
-1.317360e-01 -6.224700e-02 2.493694e+00
-3.248580e-01 -4.544600e-02 2.518023e+00
-4.716750e-01 1.315800e-02 2.354560e+00
-1.065070e-01 -3.924000e-03 2.609166e+00
-4.648310e-01 -2.659890e-01 2.275501e+00
-4.305300e-02 -2.806460e-01 2.669320e+00
-4.551590e-01 -3.079490e-01 2.319579e+00
-1.483400e-02 -3.234400e-01 2.703517e+00
-3.900770e-01 -5.361840e-01 2.439627e+00
-1.322190e-01 -5.399770e-01 2.436071e+00
-3.809890e-01 -9.285650e-01 2.521817e+00
-3.142900e-02 -9.252770e-01 2.482829e+00
-3.174070e-01 -9.540120e-01 2.393301e+00
4.152700e-02 -9.214800e-01 2.356853e+00
-2.010590e-01 5.042700e-01 2.300581e+00
-4.190680e-01 2.933790e-01 2.351716e+00
-1.291580e-01 2.559580e-01 2.498280e+00
-2.222580e-01 3.082290e-01 2.330996e+00
-3.313460e-01 1.644160e-01 2.510057e+00
-4.203590e-01 -3.598300e-02 2.345845e+00
-1.417480e-01 -5.272400e-02 2.494007e+00
-3.346690e-01 -3.854400e-02 2.521405e+00
-4.867710e-01 2.212900e-02 2.363873e+00
-1.131010e-01 -9.353000e-03 2.585803e+00
-4.604580e-01 -2.557040e-01 2.283441e+00
-5.787700e-02 -2.938320e-01 2.605171e+00
-4.451570e-01 -3.039500e-01 2.318588e+00
-5.057900e-02 -3.507640e-01 2.627588e+00
-3.860860e-01 -5.327020e-01 2.444134e+00
-1.347050e-01 -5.310510e-01 2.451986e+00
-3.776880e-01 -9.249850e-01 2.526868e+00
-2.936800e-02 -9.139170e-01 2.507830e+00
-3.139400e-01 -9.506960e-01 2.398487e+00
4.175600e-02 -9.128830e-01 2.380760e+00
-2.138000e-01 5.130080e-01 2.312843e+00
-4.281490e-01 2.951180e-01 2.364601e+00
-1.293580e-01 2.600760e-01 2.492762e+00
-2.332230e-01 3.139790e-01 2.332480e+00
-3.288810e-01 1.646310e-01 2.514660e+00
-4.275030e-01 -3.505600e-02 2.360059e+00
-1.385200e-01 -5.004400e-02 2.487025e+00
-3.289700e-01 -3.745300e-02 2.528748e+00
-4.850730e-01 2.165000e-02 2.373953e+00
-1.037810e-01 -9.629000e-03 2.561446e+00
-4.565970e-01 -2.508620e-01 2.278727e+00
-4.873200e-02 -2.935470e-01 2.539040e+00
-4.552070e-01 -3.066330e-01 2.252561e+00
-5.391200e-02 -3.530800e-01 2.554073e+00
-3.813830e-01 -5.323980e-01 2.448867e+00
-1.310970e-01 -5.284670e-01 2.454463e+00
-3.653040e-01 -9.243890e-01 2.531848e+00
-4.041900e-02 -9.153980e-01 2.507969e+00
-3.114540e-01 -9.502930e-01 2.399049e+00
2.254900e-02 -9.187920e-01 2.376706e+00
-2.171720e-01 5.090370e-01 2.307026e+00
-4.296010e-01 2.918490e-01 2.374349e+00
-1.220360e-01 2.646770e-01 2.482026e+00
-2.377040e-01 3.113300e-01 2.327662e+00
-3.182980e-01 1.682330e-01 2.521758e+00
-4.221270e-01 -3.240300e-02 2.371784e+00
-1.264970e-01 -4.863800e-02 2.482218e+00
-3.142910e-01 -3.622500e-02 2.534655e+00
-4.835020e-01 1.793000e-02 2.382102e+00
-9.399900e-02 -5.085000e-03 2.548656e+00
-4.580590e-01 -2.560180e-01 2.290871e+00
-3.773500e-02 -2.819920e-01 2.484045e+00
-4.469510e-01 -3.047330e-01 2.254808e+00
-4.470800e-02 -3.393430e-01 2.505476e+00
-3.796870e-01 -5.299770e-01 2.452107e+00
-1.240680e-01 -5.275090e-01 2.447426e+00
-3.686110e-01 -9.229930e-01 2.530954e+00
-2.625600e-02 -9.126900e-01 2.500993e+00
-3.230200e-01 -9.489610e-01 2.395110e+00
2.879100e-02 -9.174490e-01 2.366257e+00
-2.267930e-01 5.114830e-01 2.302462e+00
