-3.838370e-01 2.935830e-01 2.391126e+00
-2.237720e-01 2.884780e-01 2.424071e+00
-6.370700e-02 2.833730e-01 2.457015e+00
-1.327490e-01 3.098685e-01 2.390856e+00
-2.017910e-01 3.363640e-01 2.324697e+00
-2.233285e-01 2.506205e-01 2.416050e+00
-2.448660e-01 1.648770e-01 2.507404e+00
-3.035970e-01 6.403000e-02 2.431100e+00
-3.623280e-01 -3.681700e-02 2.354795e+00
-2.089610e-01 -3.282450e-02 2.392565e+00
-5.559400e-02 -2.883200e-02 2.430334e+00
-1.459915e-01 -3.180900e-02 2.467240e+00
-2.363890e-01 -3.478600e-02 2.504145e+00
-3.252805e-01 -6.852000e-03 2.431855e+00
-4.141720e-01 2.108200e-02 2.359565e+00
-2.122885e-01 1.746450e-02 2.421406e+00
-1.040500e-02 1.384700e-02 2.483247e+00
-1.998480e-01 -1.096125e-01 2.356521e+00
-3.892910e-01 -2.330720e-01 2.229795e+00
-1.897955e-01 -2.470325e-01 2.317433e+00
9.700000e-03 -2.609930e-01 2.405071e+00
-1.808565e-01 -2.764290e-01 2.315154e+00
-3.714130e-01 -2.918650e-01 2.225236e+00
-1.826205e-01 -3.067450e-01 2.320358e+00
6.172000e-03 -3.216250e-01 2.415480e+00
-1.562245e-01 -4.223960e-01 2.431293e+00
-3.186210e-01 -5.231670e-01 2.447107e+00
-1.961045e-01 -5.219170e-01 2.442878e+00
-7.358800e-02 -5.206670e-01 2.438650e+00
-2.156295e-01 -7.175495e-01 2.482209e+00
-3.576710e-01 -9.144320e-01 2.525769e+00
-1.816730e-01 -9.114045e-01 2.520518e+00
-5.675000e-03 -9.083770e-01 2.515268e+00
-1.646170e-01 -9.269890e-01 2.451469e+00
-3.235590e-01 -9.456010e-01 2.387670e+00
-1.458070e-01 -9.374400e-01 2.381909e+00
3.194500e-02 -9.292790e-01 2.376148e+00
-8.137950e-02 -1.989555e-01 2.346734e+00
-1.947040e-01 5.313680e-01 2.317320e+00
-2.838465e-01 4.128640e-01 2.362280e+00
-3.729890e-01 2.943600e-01 2.407239e+00
-2.105765e-01 2.903965e-01 2.425641e+00
-4.816400e-02 2.864330e-01 2.444042e+00
-1.231080e-01 3.137690e-01 2.385033e+00
-1.980520e-01 3.411050e-01 2.326025e+00
-2.104700e-01 2.527675e-01 2.416599e+00
-2.228880e-01 1.644300e-01 2.507172e+00
-2.876940e-01 6.435450e-02 2.439678e+00
-3.525000e-01 -3.572100e-02 2.372183e+00
-1.963160e-01 -3.174350e-02 2.395736e+00
-4.013200e-02 -2.776600e-02 2.419290e+00
-1.267860e-01 -3.000850e-02 2.464330e+00
-2.134400e-01 -3.225100e-02 2.509371e+00
-3.114895e-01 -5.676000e-03 2.446223e+00
-4.095390e-01 2.089900e-02 2.383075e+00
-1.983265e-01 1.860750e-02 2.415198e+00
1.288600e-02 1.631600e-02 2.447322e+00
-1.844100e-01 -1.110950e-01 2.354874e+00
-3.817060e-01 -2.385060e-01 2.262426e+00
-1.750540e-01 -2.493335e-01 2.316691e+00
3.159800e-02 -2.601610e-01 2.370956e+00
-1.669125e-01 -2.773355e-01 2.306747e+00
-3.654230e-01 -2.945100e-01 2.242538e+00
-1.601300e-01 -3.073050e-01 2.304496e+00
4.516300e-02 -3.201000e-01 2.366454e+00
-1.341130e-01 -4.210730e-01 2.408735e+00
-3.133890e-01 -5.220460e-01 2.451015e+00
-1.909505e-01 -5.216925e-01 2.441915e+00
-6.851200e-02 -5.213390e-01 2.432815e+00
-2.104255e-01 -7.174305e-01 2.480745e+00
-3.523390e-01 -9.135220e-01 2.528674e+00
-1.773315e-01 -9.113955e-01 2.519251e+00
-2.324000e-03 -9.092690e-01 2.509827e+00
-1.670005e-01 -9.264080e-01 2.448755e+00
-3.316770e-01 -9.435470e-01 2.387684e+00
-1.548775e-01 -9.383925e-01 2.377967e+00
2.192200e-02 -9.332380e-01 2.368250e+00
-8.180650e-02 -2.008595e-01 2.341081e+00
-1.855350e-01 5.315190e-01 2.313911e+00
-2.728765e-01 4.122660e-01 2.367135e+00
-3.602180e-01 2.930130e-01 2.420359e+00
-3.340600e-02 2.858210e-01 2.428772e+00
-1.931080e-01 3.407010e-01 2.324527e+00
-2.016950e-01 1.629750e-01 2.506145e+00
-3.394440e-01 -4.064100e-02 2.390446e+00
-2.396100e-02 -2.460300e-02 2.398806e+00
-1.847910e-01 -3.174500e-02 2.509499e+00
-3.962650e-01 1.763900e-02 2.415512e+00
3.378900e-02 1.645000e-02 2.419969e+00
-3.635050e-01 -2.467360e-01 2.305323e+00
5.548900e-02 -2.564940e-01 2.329753e+00
-3.662850e-01 -3.068190e-01 2.291933e+00
6.904400e-02 -3.144540e-01 2.313818e+00
-3.097010e-01 -5.230860e-01 2.452202e+00
-6.445900e-02 -5.222960e-01 2.428358e+00
-3.484210e-01 -9.118110e-01 2.542724e+00
3.334000e-03 -9.090660e-01 2.509686e+00
-3.474790e-01 -9.449280e-01 2.400918e+00
9.014000e-03 -9.380550e-01 2.367089e+00
-1.820620e-01 5.288450e-01 2.309100e+00
-3.462840e-01 2.909380e-01 2.433367e+00
-2.021200e-02 2.893370e-01 2.408802e+00
-1.907240e-01 3.364070e-01 2.318836e+00
-1.772460e-01 1.678720e-01 2.508730e+00
-3.271780e-01 -4.975500e-02 2.407057e+00
-1.406400e-02 -1.362800e-02 2.384452e+00
-1.626190e-01 -2.932800e-02 2.510370e+00
-3.766020e-01 1.419200e-02 2.436047e+00
6.947800e-02 2.985900e-02 2.362530e+00
-3.543570e-01 -2.633530e-01 2.358766e+00
9.930500e-02 -2.116510e-01 2.206707e+00
-3.603270e-01 -3.246830e-01 2.358823e+00
8.583300e-02 -2.604460e-01 2.171569e+00
-3.008490e-01 -5.255610e-01 2.443158e+00
-4.870300e-02 -5.171790e-01 2.419460e+00
-3.478490e-01 -9.128440e-01 2.535913e+00
7.703000e-03 -9.033410e-01 2.511645e+00
-3.629180e-01 -9.448480e-01 2.394650e+00
1.218000e-03 -9.380170e-01 2.370358e+00
-1.587530e-01 5.247710e-01 2.296999e+00
-3.338440e-01 2.908300e-01 2.432800e+00
-7.501000e-03 2.912370e-01 2.412072e+00
-1.772330e-01 3.371200e-01 2.320043e+00
-1.649380e-01 1.689240e-01 2.510316e+00
-3.181860e-01 -4.615700e-02 2.410950e+00
-4.590000e-03 -1.226800e-02 2.391846e+00
-1.547120e-01 -2.633700e-02 2.516087e+00
-3.662450e-01 1.518800e-02 2.439337e+00
9.861300e-02 4.788200e-02 2.330900e+00
-3.531270e-01 -2.682180e-01 2.389046e+00
1.280360e-01 -1.458780e-01 2.119687e+00
-3.563780e-01 -3.297110e-01 2.391280e+00
1.116750e-01 -1.970090e-01 2.089439e+00
-2.921060e-01 -5.242230e-01 2.419910e+00
-3.738000e-02 -5.151650e-01 2.418352e+00
-3.478230e-01 -9.093190e-01 2.516850e+00
1.205200e-02 -9.025390e-01 2.509452e+00
-3.642730e-01 -9.423980e-01 2.375988e+00
7.895000e-03 -9.363650e-01 2.367871e+00
-1.494060e-01 5.239120e-01 2.294174e+00
-3.301530e-01 2.947490e-01 2.421752e+00
-3.264000e-03 2.883620e-01 2.427409e+00
-1.640090e-01 3.396950e-01 2.322960e+00
-1.706090e-01 1.677170e-01 2.510110e+00
-3.072660e-01 -4.523400e-02 2.398889e+00
6.958000e-03 -1.255300e-02 2.406052e+00
-1.531140e-01 -2.559400e-02 2.517303e+00
-3.580530e-01 2.186400e-02 2.438970e+00
1.239550e-01 7.936200e-02 2.302209e+00
-3.509070e-01 -2.592040e-01 2.390786e+00
1.568060e-01 -5.917000e-02 2.055022e+00
-3.510640e-01 -3.195180e-01 2.378169e+00
1.434780e-01 -8.710500e-02 2.001739e+00
-2.855960e-01 -5.226020e-01 2.393414e+00
-2.684600e-02 -5.151420e-01 2.422235e+00
-3.434370e-01 -9.066100e-01 2.493382e+00
1.691700e-02 -9.067550e-01 2.496562e+00
-3.519670e-01 -9.420300e-01 2.352388e+00
2.378400e-02 -9.331390e-01 2.353512e+00
-1.306110e-01 5.178380e-01 2.291796e+00
-3.216820e-01 2.972830e-01 2.388846e+00
-2.732000e-03 2.801560e-01 2.458890e+00
-1.377940e-01 3.336810e-01 2.323699e+00
-1.875670e-01 1.676940e-01 2.509753e+00
-3.053630e-01 -4.577800e-02 2.369745e+00
1.513000e-03 -1.341200e-02 2.437832e+00
-1.770610e-01 -2.710100e-02 2.515897e+00
-3.637890e-01 3.085000e-02 2.423480e+00
1.774890e-01 1.351050e-01 2.315924e+00
-3.492580e-01 -2.446390e-01 2.363788e+00
2.114320e-01 1.168160e-01 2.036314e+00
-3.476660e-01 -3.062020e-01 2.365897e+00
2.133100e-01 1.134750e-01 1.974813e+00
-2.806810e-01 -5.240060e-01 2.370915e+00
-2.606300e-02 -5.152390e-01 2.429320e+00
-3.387270e-01 -9.079850e-01 2.470874e+00
1.558200e-02 -9.094000e-01 2.490178e+00
-3.221700e-01 -9.467730e-01 2.331490e+00
4.958400e-02 -9.274920e-01 2.349738e+00
-9.068800e-02 5.087010e-01 2.299917e+00
-3.170610e-01 3.016110e-01 2.370445e+00
-1.025700e-02 2.761510e-01 2.480682e+00
-1.254620e-01 3.331740e-01 2.329487e+00
-2.029410e-01 1.685720e-01 2.507107e+00
-2.907610e-01 -7.882300e-02 2.358509e+00
-3.773000e-03 2.866000e-03 2.462533e+00
-1.884230e-01 -2.960800e-02 2.517490e+00
-3.733760e-01 3.368700e-02 2.378690e+00
2.129650e-01 1.735150e-01 2.359603e+00
-3.509460e-01 -2.467400e-01 2.337809e+00
2.653680e-01 2.145470e-01 2.083227e+00
-3.448300e-01 -3.079280e-01 2.333859e+00
2.839060e-01 1.872490e-01 2.031188e+00
-2.858630e-01 -5.305520e-01 2.355514e+00
-3.978200e-02 -5.125710e-01 2.430906e+00
-3.394080e-01 -9.110670e-01 2.470155e+00
1.097000e-02 -9.073180e-01 2.479895e+00
-3.223420e-01 -9.549820e-01 2.332363e+00
3.250200e-02 -9.223260e-01 2.336655e+00
-8.588300e-02 5.082540e-01 2.298774e+00
-3.069690e-01 2.997200e-01 2.337325e+00
-2.941800e-02 2.728410e-01 2.508122e+00
-1.099770e-01 3.235280e-01 2.333982e+00
-2.275270e-01 1.723240e-01 2.501209e+00
-2.993120e-01 -7.080100e-02 2.328737e+00
-3.553100e-02 8.067000e-03 2.483835e+00
-2.257310e-01 -3.108700e-02 2.505312e+00
-3.850980e-01 3.676300e-02 2.349017e+00
2.284000e-01 2.182820e-01 2.431047e+00
-3.655480e-01 -2.434110e-01 2.300782e+00
3.130000e-01 3.112140e-01 2.175288e+00
-3.550920e-01 -3.039680e-01 2.296241e+00
3.278870e-01 3.380670e-01 2.121862e+00
-3.025550e-01 -5.250500e-01 2.342321e+00
-5.686500e-02 -5.063880e-01 2.428681e+00
-3.418770e-01 -9.054460e-01 2.462959e+00
8.968000e-03 -8.997760e-01 2.470064e+00
-3.034590e-01 -9.515020e-01 2.330258e+00
5.274300e-02 -9.070410e-01 2.331365e+00
-7.586400e-02 5.078890e-01 2.305936e+00
-3.088580e-01 2.991480e-01 2.311422e+00
-5.892000e-02 2.501490e-01 2.509721e+00
-1.111980e-01 3.014530e-01 2.329003e+00
-2.618850e-01 1.707080e-01 2.486624e+00
-3.289460e-01 -4.604600e-02 2.315946e+00
-7.590900e-02 -3.236900e-02 2.504736e+00
-2.711640e-01 -3.872400e-02 2.502435e+00
-4.113550e-01 5.295700e-02 2.289178e+00
2.006100e-01 2.512340e-01 2.574937e+00
-3.557850e-01 -2.186140e-01 2.271886e+00
3.561520e-01 3.790590e-01 2.383612e+00
-3.485300e-01 -2.776720e-01 2.287904e+00
3.660730e-01 4.173050e-01 2.336328e+00
-3.263190e-01 -5.285700e-01 2.328116e+00
-8.574500e-02 -5.264100e-01 2.426847e+00
-3.474470e-01 -9.109820e-01 2.446925e+00
5.871000e-03 -9.140790e-01 2.472888e+00
-2.923210e-01 -9.537410e-01 2.319099e+00
8.950100e-02 -9.084580e-01 2.353803e+00
-5.554300e-02 4.969030e-01 2.327877e+00
-3.111440e-01 2.922920e-01 2.291941e+00
-8.124300e-02 2.310380e-01 2.508014e+00
-1.155890e-01 2.825910e-01 2.324317e+00
-2.855230e-01 1.637430e-01 2.471434e+00
-3.446390e-01 -4.657500e-02 2.306552e+00
-1.072300e-01 -5.455800e-02 2.514947e+00
-3.015570e-01 -4.512900e-02 2.497109e+00
-4.176740e-01 5.315300e-02 2.250578e+00
1.378000e-01 2.448640e-01 2.656595e+00
-4.039270e-01 -2.202300e-01 2.223323e+00
3.415760e-01 3.834060e-01 2.534319e+00
-3.850750e-01 -2.676090e-01 2.257919e+00
3.498850e-01 4.376280e-01 2.506247e+00
-3.415780e-01 -5.368460e-01 2.318713e+00
-1.053450e-01 -5.375380e-01 2.416171e+00
-3.490360e-01 -9.200800e-01 2.436516e+00
5.464000e-03 -9.196510e-01 2.466293e+00
-2.845130e-01 -9.595840e-01 2.312086e+00
9.728800e-02 -9.077670e-01 2.353894e+00
-3.958400e-02 4.777120e-01 2.352184e+00
-3.022120e-01 2.797830e-01 2.280306e+00
-1.040350e-01 2.267860e-01 2.531331e+00
-1.132880e-01 2.705400e-01 2.340356e+00
-3.036090e-01 1.594240e-01 2.467150e+00
-3.643500e-01 -4.557500e-02 2.276921e+00
-1.650650e-01 -7.598200e-02 2.520266e+00
-3.527520e-01 -5.147000e-02 2.471859e+00
-4.325640e-01 5.556700e-02 2.226801e+00
7.918300e-02 2.144990e-01 2.722138e+00
-4.443910e-01 -2.116780e-01 2.163709e+00
3.005790e-01 3.647700e-01 2.659345e+00
-4.327940e-01 -2.659140e-01 2.136858e+00
3.064320e-01 4.240490e-01 2.643575e+00
-3.583270e-01 -5.453620e-01 2.301869e+00
-1.122810e-01 -5.375110e-01 2.400036e+00
-3.514450e-01 -9.246870e-01 2.431740e+00
-9.994000e-03 -9.205090e-01 2.460457e+00
-2.675450e-01 -9.618760e-01 2.318672e+00
1.025840e-01 -9.048040e-01 2.369429e+00
-2.730200e-02 4.535750e-01 2.363992e+00
-2.848680e-01 2.584910e-01 2.281979e+00
-1.237210e-01 1.705400e-01 2.548652e+00
-1.061890e-01 2.237960e-01 2.361062e+00
-3.210090e-01 1.306270e-01 2.460146e+00
-3.737310e-01 -5.690400e-02 2.254895e+00
-2.071760e-01 -1.227890e-01 2.515231e+00
-3.827880e-01 -6.761200e-02 2.449763e+00
-4.353600e-01 5.462200e-02 2.209614e+00
7.450000e-04 1.469630e-01 2.779735e+00
-4.674860e-01 -2.109110e-01 2.152448e+00
2.342470e-01 2.841170e-01 2.818122e+00
-4.592420e-01 -2.663020e-01 2.126739e+00
2.493170e-01 3.435580e-01 2.824181e+00
-3.756790e-01 -5.638100e-01 2.274963e+00
-1.205860e-01 -5.531830e-01 2.380368e+00
-3.428580e-01 -9.352570e-01 2.422444e+00
-1.408000e-02 -9.329480e-01 2.452726e+00
-2.525970e-01 -9.704500e-01 2.313720e+00
1.109100e-01 -9.115360e-01 2.381131e+00
-4.500900e-02 4.269630e-01 2.400233e+00
-2.881940e-01 2.527040e-01 2.276613e+00
-1.167410e-01 1.251650e-01 2.520717e+00
-1.099270e-01 1.876840e-01 2.334728e+00
-3.257120e-01 1.200500e-01 2.450952e+00
-3.941910e-01 -6.506400e-02 2.257256e+00
-2.141910e-01 -1.669750e-01 2.496150e+00
-3.897530e-01 -9.451700e-02 2.450345e+00
-4.404860e-01 4.436300e-02 2.213949e+00
-5.142100e-02 8.978200e-02 2.775682e+00
-4.776260e-01 -2.234280e-01 2.160295e+00
1.814170e-01 1.712740e-01 2.898628e+00
-4.688870e-01 -2.780420e-01 2.187461e+00
2.013230e-01 2.289240e-01 2.889838e+00
-3.799880e-01 -5.802070e-01 2.263869e+00
-1.164710e-01 -5.733260e-01 2.365855e+00
-3.444520e-01 -9.480520e-01 2.419523e+00
-1.353700e-02 -9.516980e-01 2.449761e+00
-2.492460e-01 -9.830660e-01 2.315041e+00
1.129860e-01 -9.327020e-01 2.380208e+00
-4.152100e-02 4.038780e-01 2.417080e+00
-2.959200e-01 2.359820e-01 2.280364e+00
-1.479150e-01 1.144340e-01 2.545256e+00
-1.223390e-01 1.838860e-01 2.361231e+00
-3.454040e-01 9.543800e-02 2.445281e+00
-3.910610e-01 -8.553000e-02 2.241448e+00
-2.355600e-01 -1.765030e-01 2.501062e+00
-4.043240e-01 -1.030070e-01 2.435584e+00
-4.441630e-01 2.260700e-02 2.222820e+00
-5.725500e-02 9.843000e-03 2.772540e+00
-4.829810e-01 -2.484720e-01 2.186865e+00
1.688240e-01 3.736900e-02 2.928788e+00
-4.769960e-01 -2.942050e-01 2.227727e+00
1.935230e-01 9.382000e-02 2.928298e+00
-3.843560e-01 -5.967120e-01 2.255387e+00
-1.242100e-01 -5.770990e-01 2.343911e+00
-3.469730e-01 -9.635050e-01 2.413078e+00
-1.174100e-02 -9.497840e-01 2.440129e+00
-2.486450e-01 -9.973160e-01 2.311122e+00
1.148800e-01 -9.293800e-01 2.371155e+00
-2.984500e-02 3.638130e-01 2.438366e+00
-2.878100e-01 2.238520e-01 2.291224e+00
-1.292710e-01 9.001800e-02 2.543975e+00
-1.118700e-01 1.635920e-01 2.360487e+00
-3.327920e-01 8.065500e-02 2.455146e+00
-4.024360e-01 -1.040130e-01 2.243718e+00
-2.301930e-01 -1.956900e-01 2.492281e+00
-4.035630e-01 -1.237450e-01 2.438088e+00
-4.463470e-01 1.613600e-02 2.240463e+00
-4.315300e-02 -6.461300e-02 2.742794e+00
-4.891520e-01 -2.540990e-01 2.202173e+00
1.587040e-01 -1.014810e-01 2.927781e+00
-4.889340e-01 -3.057510e-01 2.235775e+00
1.985430e-01 -1.032180e-01 2.974759e+00
-3.888860e-01 -6.148380e-01 2.249174e+00
-1.183600e-01 -5.899110e-01 2.324000e+00
-3.490840e-01 -9.794400e-01 2.411291e+00
-1.386300e-02 -9.615540e-01 2.432457e+00
-2.615370e-01 -1.018607e+00 2.301709e+00
1.073420e-01 -9.508220e-01 2.352452e+00
-2.434000e-02 3.517100e-01 2.434868e+00
-2.897890e-01 2.096160e-01 2.311985e+00
-8.925500e-02 5.985800e-02 2.522431e+00
-1.054770e-01 1.428530e-01 2.342898e+00
-3.062210e-01 5.860700e-02 2.474236e+00
-4.106890e-01 -1.101470e-01 2.269682e+00
-1.972100e-01 -2.194640e-01 2.475431e+00
-3.769460e-01 -1.446620e-01 2.458997e+00
-4.524170e-01 3.084000e-03 2.271707e+00
-2.764000e-03 -1.581540e-01 2.647796e+00
-4.953740e-01 -2.647660e-01 2.220747e+00
1.560540e-01 -3.320930e-01 2.791697e+00
-4.815560e-01 -3.228940e-01 2.235820e+00
1.914480e-01 -3.709850e-01 2.823816e+00
-3.984870e-01 -6.221810e-01 2.243948e+00
-1.131960e-01 -6.084360e-01 2.294067e+00
-3.569870e-01 -9.843960e-01 2.410919e+00
-1.338000e-02 -9.710450e-01 2.433181e+00
-2.981950e-01 -1.034556e+00 2.287492e+00
8.909900e-02 -9.822940e-01 2.330330e+00
7.138000e-03 3.238390e-01 2.414799e+00
-2.818360e-01 2.280010e-01 2.327448e+00
-5.339400e-02 5.970600e-02 2.489990e+00
-9.827400e-02 1.528860e-01 2.320618e+00
-2.753350e-01 6.910200e-02 2.482714e+00
-4.101260e-01 -1.008720e-01 2.296182e+00
-1.634840e-01 -2.205940e-01 2.453313e+00
-3.422600e-01 -1.445840e-01 2.474097e+00
-4.417050e-01 2.126500e-02 2.303926e+00
1.467000e-02 -1.927480e-01 2.512006e+00
-4.831760e-01 -2.417780e-01 2.246885e+00
1.351770e-01 -4.294470e-01 2.572150e+00
-4.820090e-01 -3.014370e-01 2.231508e+00
1.452780e-01 -4.826900e-01 2.601479e+00
-4.079510e-01 -6.142730e-01 2.257848e+00
-1.017260e-01 -6.132170e-01 2.293468e+00
-3.652860e-01 -9.792420e-01 2.418405e+00
-1.556000e-02 -9.770800e-01 2.438313e+00
-3.255230e-01 -1.031733e+00 2.288520e+00
7.745900e-02 -9.988080e-01 2.328394e+00
8.294000e-03 3.530840e-01 2.411475e+00
-2.737140e-01 2.827370e-01 2.377903e+00
2.497000e-03 1.208510e-01 2.444457e+00
-9.259300e-02 2.346540e-01 2.312583e+00
-2.136690e-01 1.020880e-01 2.492618e+00
-3.863080e-01 -4.552500e-02 2.346387e+00
-1.057890e-01 -1.752280e-01 2.412281e+00
-2.690260e-01 -1.029900e-01 2.491689e+00
-4.235590e-01 6.925800e-02 2.358913e+00
-1.181000e-02 -7.810200e-02 2.275340e+00
-4.528730e-01 -1.902800e-01 2.285111e+00
4.564000e-02 -2.971310e-01 2.125701e+00
-4.602070e-01 -2.514040e-01 2.282460e+00
6.110800e-02 -3.337440e-01 2.078614e+00
-3.943780e-01 -5.653260e-01 2.317437e+00
-9.025600e-02 -5.907640e-01 2.321253e+00
-3.735740e-01 -9.462360e-01 2.441032e+00
-3.187600e-02 -9.652890e-01 2.452110e+00
-3.350950e-01 -9.876770e-01 2.306836e+00
3.651600e-02 -9.980650e-01 2.327792e+00
8.733000e-03 4.328720e-01 2.377557e+00
-2.568390e-01 3.214200e-01 2.397699e+00
3.225300e-02 1.704570e-01 2.421468e+00
-8.119900e-02 2.899360e-01 2.310847e+00
-1.767080e-01 1.349890e-01 2.488371e+00
-3.660090e-01 -1.508000e-03 2.364386e+00
-6.590500e-02 -9.645200e-02 2.392300e+00
-2.257520e-01 -4.628500e-02 2.492812e+00
-4.097730e-01 1.079790e-01 2.411283e+00
-2.238000e-02 7.091800e-02 2.184323e+00
-4.229080e-01 -1.434660e-01 2.306070e+00
-3.651800e-02 -7.552400e-02 1.954493e+00
-4.213360e-01 -2.028440e-01 2.289674e+00
-3.955900e-02 -1.086280e-01 1.902609e+00
-3.636330e-01 -5.173540e-01 2.357141e+00
-8.953700e-02 -5.468030e-01 2.353640e+00
-3.736020e-01 -9.056930e-01 2.456610e+00
-1.611800e-02 -9.238880e-01 2.468607e+00
-3.518610e-01 -9.419450e-01 2.317255e+00
1.417400e-02 -9.599990e-01 2.330821e+00
4.040000e-04 4.886430e-01 2.372383e+00
-2.543440e-01 3.346680e-01 2.417065e+00
4.529700e-02 2.152020e-01 2.363475e+00
-1.060650e-01 3.177250e-01 2.286260e+00
-1.328720e-01 1.613610e-01 2.484948e+00
-3.371360e-01 9.352000e-03 2.398871e+00
-3.103200e-02 -4.819000e-02 2.345530e+00
-1.654750e-01 -2.540300e-02 2.485444e+00
-3.889040e-01 1.084250e-01 2.452365e+00
-1.625400e-02 1.838690e-01 2.107022e+00
-3.862380e-01 -1.333140e-01 2.319932e+00
-6.526300e-02 1.899100e-01 1.835830e+00
-3.937230e-01 -1.904760e-01 2.298172e+00
-7.429400e-02 1.882560e-01 1.774898e+00
-3.323150e-01 -4.971820e-01 2.393799e+00
-7.703500e-02 -5.208890e-01 2.388274e+00
-3.657970e-01 -8.897050e-01 2.468669e+00
-6.658000e-03 -9.047630e-01 2.480410e+00
-3.960740e-01 -9.138970e-01 2.328295e+00
-2.900500e-02 -9.422080e-01 2.341467e+00
4.757000e-03 5.206620e-01 2.366120e+00
-2.532650e-01 3.176920e-01 2.462950e+00
1.641400e-02 2.416720e-01 2.304521e+00
-1.594720e-01 3.224830e-01 2.288126e+00
-9.544000e-02 1.616110e-01 2.474313e+00
-2.974330e-01 -2.594200e-02 2.450949e+00
-2.628600e-02 -5.944700e-02 2.292163e+00
-1.045870e-01 -5.007500e-02 2.470913e+00
-3.451480e-01 7.010000e-02 2.488905e+00
-3.926600e-02 2.954740e-01 2.050704e+00
-3.431180e-01 -1.671320e-01 2.349010e+00
-1.003340e-01 4.457980e-01 1.828158e+00
-3.577270e-01 -2.269920e-01 2.349599e+00
-1.096290e-01 4.823840e-01 1.779454e+00
-2.992100e-01 -5.249440e-01 2.430799e+00
-4.102100e-02 -5.311200e-01 2.423661e+00
-3.480880e-01 -9.153600e-01 2.508177e+00
1.402000e-02 -9.205950e-01 2.501641e+00
-4.239350e-01 -9.303230e-01 2.384768e+00
-6.092200e-02 -9.552060e-01 2.381673e+00
-2.532300e-02 5.303320e-01 2.317338e+00
-2.383400e-01 3.123050e-01 2.481681e+00
2.759100e-02 2.604720e-01 2.306528e+00
-1.515400e-01 3.371590e-01 2.304956e+00
-7.601400e-02 1.608080e-01 2.471814e+00
-2.733030e-01 -2.486200e-02 2.458558e+00
-9.717000e-03 -5.166400e-02 2.286336e+00
-7.909300e-02 -4.351400e-02 2.468794e+00
-3.171510e-01 5.948900e-02 2.496520e+00
-3.637000e-02 3.132280e-01 2.054589e+00
-3.215710e-01 -1.786560e-01 2.358516e+00
-9.251600e-02 5.215230e-01 1.883596e+00
-3.289460e-01 -2.394780e-01 2.351936e+00
-1.036390e-01 5.665160e-01 1.842989e+00
-2.783230e-01 -5.204650e-01 2.446355e+00
-2.783600e-02 -5.266610e-01 2.424755e+00
-3.385830e-01 -9.109850e-01 2.514647e+00
2.207700e-02 -9.156130e-01 2.508576e+00
-4.200880e-01 -9.194600e-01 2.394265e+00
-5.770900e-02 -9.509750e-01 2.391998e+00
-2.014100e-02 5.404820e-01 2.332441e+00
-2.318600e-01 3.127550e-01 2.476951e+00
3.878400e-02 2.662480e-01 2.307405e+00
-1.427950e-01 3.369470e-01 2.301264e+00
-6.452000e-02 1.665350e-01 2.472957e+00
-2.602250e-01 -2.575000e-02 2.455259e+00
7.767000e-03 -4.405400e-02 2.288821e+00
-6.570200e-02 -3.681300e-02 2.469708e+00
-3.042630e-01 5.848600e-02 2.496662e+00
-1.741500e-02 3.144800e-01 2.052848e+00
-3.060410e-01 -1.847680e-01 2.368079e+00
-8.547400e-02 5.482290e-01 1.924635e+00
-3.197930e-01 -2.448250e-01 2.367043e+00
-8.926300e-02 6.080290e-01 1.910261e+00
-2.649620e-01 -5.176120e-01 2.449202e+00
-1.590700e-02 -5.239350e-01 2.421264e+00
-3.324740e-01 -9.074890e-01 2.514309e+00
2.529100e-02 -9.136320e-01 2.506353e+00
-4.111910e-01 -9.142860e-01 2.391981e+00
-5.078500e-02 -9.477440e-01 2.386956e+00
-1.178400e-02 5.463260e-01 2.339740e+00
-2.349870e-01 3.192550e-01 2.474452e+00
4.833000e-02 2.772750e-01 2.321191e+00
-1.347030e-01 3.475290e-01 2.305551e+00
-6.688200e-02 1.739160e-01 2.478479e+00
-2.542920e-01 -2.437500e-02 2.445847e+00
2.452900e-02 -3.194400e-02 2.297330e+00
-6.082700e-02 -2.659700e-02 2.472988e+00
-3.017710e-01 6.215800e-02 2.488559e+00
4.932000e-03 2.956490e-01 2.059396e+00
-3.007980e-01 -1.870610e-01 2.369777e+00
-6.324000e-02 5.399210e-01 1.950293e+00
-3.083300e-01 -2.460940e-01 2.353799e+00
-6.731800e-02 6.012470e-01 1.945872e+00
-2.567650e-01 -5.126800e-01 2.436398e+00
-8.744000e-03 -5.168870e-01 2.422444e+00
-3.281490e-01 -9.006100e-01 2.508612e+00
2.649700e-02 -9.069950e-01 2.508318e+00
-3.994530e-01 -9.110460e-01 2.382068e+00
-4.046600e-02 -9.405360e-01 2.383428e+00
-1.509700e-02 5.566620e-01 2.344456e+00
-2.360420e-01 3.174640e-01 2.448957e+00
6.877000e-02 2.758200e-01 2.338121e+00
-1.131810e-01 3.423600e-01 2.295109e+00
-6.815900e-02 1.755210e-01 2.481611e+00
-2.644460e-01 -2.540300e-02 2.425504e+00
3.279300e-02 -3.003700e-02 2.318343e+00
-7.682900e-02 -2.553100e-02 2.480000e+00
-3.078690e-01 5.909600e-02 2.474220e+00
2.253400e-02 2.795760e-01 2.072792e+00
-3.089310e-01 -1.969330e-01 2.361973e+00
-5.369100e-02 5.209830e-01 1.954201e+00
-3.140700e-01 -2.580330e-01 2.355856e+00
-6.046300e-02 5.818270e-01 1.961218e+00
-2.582980e-01 -5.138270e-01 2.424034e+00
-9.362000e-03 -5.171490e-01 2.426090e+00
-3.297060e-01 -8.994980e-01 2.507460e+00
2.492800e-02 -9.069970e-01 2.513517e+00
-3.827300e-01 -9.187230e-01 2.373200e+00
-2.285700e-02 -9.410870e-01 2.380246e+00
-1.274400e-02 5.594920e-01 2.356589e+00
-2.430570e-01 3.188170e-01 2.438469e+00
7.070000e-02 2.768520e-01 2.356468e+00
-1.064040e-01 3.435230e-01 2.296697e+00
-7.906400e-02 1.767500e-01 2.486656e+00
-2.696530e-01 -3.665300e-02 2.415728e+00
3.601600e-02 -2.041200e-02 2.337249e+00
-8.842300e-02 -2.513500e-02 2.487792e+00
-3.142360e-01 5.860700e-02 2.448897e+00
4.356100e-02 2.500120e-01 2.089208e+00
-3.042250e-01 -2.037900e-01 2.351129e+00
-3.708500e-02 4.762640e-01 1.944925e+00
-3.162680e-01 -2.637470e-01 2.343562e+00
-4.880800e-02 5.367220e-01 1.942819e+00
-2.643030e-01 -5.171230e-01 2.407659e+00
-1.229600e-02 -5.160630e-01 2.426055e+00
-3.307500e-01 -9.020660e-01 2.498238e+00
1.790700e-02 -9.056530e-01 2.516100e+00
-3.740000e-01 -9.267990e-01 2.361401e+00
-1.514100e-02 -9.400180e-01 2.378501e+00
-2.197300e-02 5.391920e-01 2.369948e+00
-2.601720e-01 3.172520e-01 2.408266e+00
6.343900e-02 2.703960e-01 2.405239e+00
-9.281700e-02 3.388060e-01 2.303809e+00
-1.149530e-01 1.735170e-01 2.495733e+00
-2.896160e-01 -3.107800e-02 2.374404e+00
2.620600e-02 -2.065700e-02 2.372451e+00
-1.310200e-01 -2.510100e-02 2.488342e+00
-3.344530e-01 5.567900e-02 2.427560e+00
7.002300e-02 1.946910e-01 2.143445e+00
-3.283670e-01 -2.114010e-01 2.334405e+00
4.790000e-04 3.656910e-01 1.929042e+00
-3.308620e-01 -2.718830e-01 2.322885e+00
-1.684900e-02 4.183880e-01 1.902212e+00
-2.750750e-01 -5.158460e-01 2.390001e+00
-2.446100e-02 -5.160800e-01 2.424203e+00
-3.295410e-01 -9.011110e-01 2.486982e+00
1.450700e-02 -9.053710e-01 2.512151e+00
-3.392250e-01 -9.352920e-01 2.345757e+00
1.587700e-02 -9.373300e-01 2.370082e+00
-2.936300e-02 5.288190e-01 2.327384e+00
-2.763680e-01 3.145340e-01 2.398253e+00
4.608300e-02 2.631670e-01 2.416019e+00
-1.030350e-01 3.287170e-01 2.302658e+00
-1.387130e-01 1.732280e-01 2.500638e+00
-3.028760e-01 -3.008000e-02 2.368534e+00
1.272500e-02 -2.848800e-02 2.384339e+00
-1.508030e-01 -3.272800e-02 2.491160e+00
-3.542840e-01 5.154600e-02 2.413904e+00
6.787700e-02 1.386160e-01 2.172111e+00
-3.400520e-01 -2.170140e-01 2.319149e+00
3.319700e-02 2.613330e-01 1.917076e+00
-3.439170e-01 -2.767610e-01 2.304580e+00
1.939300e-02 3.055470e-01 1.876436e+00
-2.852820e-01 -5.190740e-01 2.381731e+00
-3.675800e-02 -5.216890e-01 2.421458e+00
-3.355480e-01 -9.036040e-01 2.483765e+00
1.315600e-02 -9.086450e-01 2.514057e+00
-3.379080e-01 -9.406600e-01 2.342954e+00
2.224600e-02 -9.413610e-01 2.372446e+00
-5.952400e-02 5.365970e-01 2.321352e+00
-3.059850e-01 3.107140e-01 2.384221e+00
9.329000e-03 2.742770e-01 2.462822e+00
-1.185320e-01 3.397770e-01 2.325909e+00
-1.825370e-01 1.698830e-01 2.503911e+00
-3.160890e-01 -2.856900e-02 2.342107e+00
-9.832000e-03 -2.647600e-02 2.419942e+00
-1.911550e-01 -3.520200e-02 2.492166e+00
-3.737330e-01 4.499400e-02 2.392539e+00
2.804300e-02 1.106120e-01 2.243437e+00
-3.564350e-01 -2.235360e-01 2.299435e+00
5.731100e-02 1.130470e-01 1.960218e+00
-3.491300e-01 -2.844910e-01 2.294127e+00
5.539900e-02 1.345930e-01 1.902519e+00
-2.986380e-01 -5.179120e-01 2.374886e+00
-5.223200e-02 -5.207990e-01 2.415554e+00
-3.380820e-01 -9.017540e-01 2.484024e+00
6.368000e-03 -9.068380e-01 2.506884e+00
-3.146340e-01 -9.432850e-01 2.346430e+00
4.296200e-02 -9.340040e-01 2.368574e+00
-9.613600e-02 5.330100e-01 2.325593e+00
-3.584780e-01 3.014490e-01 2.370942e+00
-5.043600e-02 2.722980e-01 2.476721e+00
-1.674930e-01 3.363350e-01 2.329817e+00
-2.421990e-01 1.622470e-01 2.499398e+00
-3.511890e-01 -4.198200e-02 2.338286e+00
-5.399600e-02 -2.028700e-02 2.443460e+00
-2.398580e-01 -4.396400e-02 2.498822e+00
-4.085360e-01 3.250600e-02 2.359452e+00
1.721000e-02 3.599400e-02 2.356086e+00
-3.831210e-01 -2.383400e-01 2.277280e+00
6.907600e-02 -1.284880e-01 2.130229e+00
-3.725720e-01 -2.989090e-01 2.281419e+00
9.035900e-02 -1.382750e-01 2.073235e+00
-3.251390e-01 -5.260430e-01 2.367501e+00
-8.307600e-02 -5.200560e-01 2.402000e+00
-3.464100e-01 -9.099000e-01 2.481527e+00
3.400000e-03 -9.013970e-01 2.490896e+00
-3.139040e-01 -9.519740e-01 2.345955e+00
4.840700e-02 -9.230770e-01 2.354108e+00
-1.404130e-01 5.227600e-01 2.321639e+00
-3.755450e-01 2.981170e-01 2.347007e+00
-8.015200e-02 2.590990e-01 2.481727e+00
-1.798980e-01 3.186190e-01 2.320818e+00
-2.798610e-01 1.624300e-01 2.494765e+00
-3.685040e-01 -3.995400e-02 2.334142e+00
-8.047600e-02 -3.655400e-02 2.464081e+00
-2.713830e-01 -5.002900e-02 2.503365e+00
-4.300900e-01 2.852200e-02 2.343739e+00
-2.142200e-02 -3.353000e-03 2.423961e+00
-3.960540e-01 -2.438730e-01 2.265314e+00
3.975100e-02 -2.355300e-01 2.269494e+00
-3.920300e-01 -3.053200e-01 2.267573e+00
5.854300e-02 -2.843280e-01 2.236896e+00
-3.417830e-01 -5.312250e-01 2.372064e+00
-9.306700e-02 -5.266530e-01 2.388338e+00
-3.601870e-01 -9.149940e-01 2.486885e+00
4.380000e-04 -9.094910e-01 2.462457e+00
-3.156530e-01 -9.566920e-01 2.354656e+00
5.780700e-02 -9.212920e-01 2.329129e+00
-1.580500e-01 5.186370e-01 2.316236e+00
-3.866430e-01 2.857520e-01 2.334120e+00
-1.041170e-01 2.419460e-01 2.492831e+00
-1.889440e-01 2.986580e-01 2.322620e+00
-3.076290e-01 1.526090e-01 2.493584e+00
-3.776540e-01 -4.151100e-02 2.322380e+00
-1.012950e-01 -5.537000e-02 2.474989e+00
-2.951940e-01 -5.562500e-02 2.498934e+00
-4.457710e-01 1.557500e-02 2.324755e+00
-6.610900e-02 -3.210900e-02 2.487432e+00
-4.193530e-01 -2.633870e-01 2.261719e+00
-1.698900e-02 -2.980570e-01 2.390739e+00
-4.077820e-01 -3.177540e-01 2.288315e+00
-1.375300e-02 -3.595310e-01 2.393482e+00
-3.583730e-01 -5.382580e-01 2.364482e+00
-1.068510e-01 -5.368360e-01 2.379567e+00
-3.668160e-01 -9.206250e-01 2.485003e+00
-7.214000e-03 -9.187150e-01 2.450570e+00
-3.149490e-01 -9.625720e-01 2.355554e+00
6.073700e-02 -9.249060e-01 2.321919e+00
-1.726230e-01 5.064600e-01 2.317929e+00
-4.030690e-01 2.773770e-01 2.325626e+00
-1.296450e-01 2.401740e-01 2.501079e+00
-2.051340e-01 2.916820e-01 2.324920e+00
-3.322330e-01 1.491370e-01 2.492765e+00
-3.846880e-01 -4.350300e-02 2.306699e+00
-1.314620e-01 -7.168600e-02 2.493617e+00
-3.266520e-01 -6.338000e-02 2.492191e+00
-4.555560e-01 4.581000e-03 2.313561e+00
-1.074980e-01 -2.945400e-02 2.565337e+00
-4.474290e-01 -2.774390e-01 2.252851e+00
-9.433600e-02 -3.099570e-01 2.498770e+00
-4.584290e-01 -3.307720e-01 2.224013e+00
-9.157900e-02 -3.698790e-01 2.484668e+00
-3.744300e-01 -5.445010e-01 2.364268e+00
-1.205780e-01 -5.448970e-01 2.381361e+00
-3.664460e-01 -9.286320e-01 2.479076e+00
-1.845600e-02 -9.246680e-01 2.459761e+00
-2.973890e-01 -9.640270e-01 2.355849e+00
6.565300e-02 -9.265890e-01 2.340898e+00
-1.990810e-01 5.016300e-01 2.313658e+00
-4.188280e-01 2.741220e-01 2.327313e+00
-1.421610e-01 2.503350e-01 2.499992e+00
-2.218620e-01 2.982270e-01 2.324670e+00
-3.400580e-01 1.493720e-01 2.493540e+00
-3.982250e-01 -4.085800e-02 2.305256e+00
-1.408280e-01 -6.815900e-02 2.486522e+00
-3.359230e-01 -5.821600e-02 2.489613e+00
-4.669160e-01 6.020000e-04 2.309451e+00
-1.296230e-01 -1.867200e-02 2.570152e+00
-4.536290e-01 -2.805940e-01 2.244839e+00
-1.182100e-01 -3.013740e-01 2.512085e+00
-4.655980e-01 -3.190200e-01 2.198179e+00
-1.164430e-01 -3.607850e-01 2.495829e+00
-3.762580e-01 -5.425730e-01 2.377860e+00
-1.247200e-01 -5.415680e-01 2.393524e+00
-3.678280e-01 -9.284500e-01 2.486619e+00
-2.090000e-02 -9.213070e-01 2.469816e+00
-2.956520e-01 -9.612990e-01 2.364478e+00
6.364200e-02 -9.220150e-01 2.351246e+00
-2.201030e-01 5.083540e-01 2.317264e+00
-4.334480e-01 2.824820e-01 2.334449e+00
-1.495380e-01 2.555610e-01 2.494446e+00
-2.368960e-01 3.078580e-01 2.324101e+00
-3.470310e-01 1.536070e-01 2.493578e+00
-4.139250e-01 -3.790300e-02 2.307342e+00
-1.457960e-01 -5.815400e-02 2.473334e+00
-3.405430e-01 -5.233900e-02 2.487833e+00
-4.810800e-01 9.158000e-03 2.312168e+00
-1.373370e-01 -1.667500e-02 2.551098e+00
-4.559370e-01 -2.608620e-01 2.212629e+00
-1.189590e-01 -3.025570e-01 2.513885e+00
-4.489250e-01 -3.219060e-01 2.207992e+00
-1.147760e-01 -3.632630e-01 2.504176e+00
-3.721050e-01 -5.378590e-01 2.394110e+00
-1.256540e-01 -5.337690e-01 2.404677e+00
-3.683520e-01 -9.265240e-01 2.492732e+00
-2.679100e-02 -9.157320e-01 2.476309e+00
-2.963320e-01 -9.570000e-01 2.369886e+00
5.338200e-02 -9.177760e-01 2.354758e+00
-2.277990e-01 5.136120e-01 2.318876e+00
-4.492230e-01 2.878250e-01 2.363273e+00
-1.438590e-01 2.731910e-01 2.479322e+00
-2.583550e-01 3.281320e-01 2.326824e+00
-3.323150e-01 1.571710e-01 2.499877e+00
-4.312770e-01 -4.037900e-02 2.327028e+00
-1.378310e-01 -3.934900e-02 2.444263e+00
-3.270940e-01 -4.662800e-02 2.492186e+00
-4.885380e-01 1.490600e-02 2.327062e+00
-1.141560e-01 7.873000e-03 2.557205e+00
-4.551960e-01 -2.429490e-01 2.201717e+00
-8.309500e-02 -2.725420e-01 2.496256e+00
-4.211940e-01 -2.907660e-01 2.182891e+00
-7.674000e-02 -3.323270e-01 2.482752e+00
-3.679570e-01 -5.330520e-01 2.415586e+00
-1.233370e-01 -5.230260e-01 2.426981e+00
-3.724600e-01 -9.210950e-01 2.516596e+00
-3.676600e-02 -9.094200e-01 2.490270e+00
-3.217240e-01 -9.560330e-01 2.384642e+00
2.120100e-02 -9.182660e-01 2.356973e+00
-2.468020e-01 5.277590e-01 2.328032e+00
-4.536270e-01 2.878890e-01 2.375470e+00
-1.423390e-01 2.803420e-01 2.475330e+00
-2.664260e-01 3.364790e-01 2.330987e+00
-3.253110e-01 1.568000e-01 2.500968e+00
-4.267180e-01 -3.631300e-02 2.332863e+00
-1.286190e-01 -3.440500e-02 2.437695e+00
-3.157280e-01 -4.039100e-02 2.493596e+00
-4.881260e-01 1.513700e-02 2.339645e+00
-9.963400e-02 1.037500e-02 2.521816e+00
-4.570860e-01 -2.382360e-01 2.206833e+00
-5.910200e-02 -2.707990e-01 2.475998e+00
-4.403500e-01 -2.956260e-01 2.191888e+00
-5.734000e-02 -3.323920e-01 2.476427e+00
-3.632910e-01 -5.274140e-01 2.427654e+00
-1.150030e-01 -5.179090e-01 2.430133e+00
-3.720170e-01 -9.172040e-01 2.521402e+00
-3.527700e-02 -9.050140e-01 2.497917e+00
-3.258130e-01 -9.504750e-01 2.387368e+00
1.770200e-02 -9.177500e-01 2.362870e+00
-2.586780e-01 5.331390e-01 2.333150e+00
