-3.247350e-01 3.740620e-01 2.718695e+00
4.478000e-03 3.555450e-01 2.542197e+00
-1.022650e-01 2.701480e-01 2.748306e+00
-1.118800e-02 7.746000e-03 2.543666e+00
-4.225880e-01 1.082720e-01 2.739700e+00
-3.985840e-01 -1.799090e-01 2.655602e+00
-3.675780e-01 -2.345680e-01 2.621054e+00
-3.999900e-02 -5.038070e-01 2.592584e+00
-1.577610e-01 -9.336120e-01 2.706601e+00
-3.561800e-02 -9.986420e-01 2.587612e+00
-1.383750e-01 6.682430e-01 2.518242e+00
-3.369100e-02 3.821270e-01 2.585617e+00
-1.661860e-01 2.720940e-01 2.763115e+00
-2.042800e-02 1.782100e-02 2.570114e+00
-4.254200e-01 8.598200e-02 2.653002e+00
-4.027780e-01 -2.082470e-01 2.596342e+00
-3.664530e-01 -2.655390e-01 2.573091e+00
-3.885500e-02 -4.972280e-01 2.614599e+00
-1.501500e-01 -9.355910e-01 2.698566e+00
-7.807000e-03 -9.908740e-01 2.598624e+00
-1.756980e-01 6.633660e-01 2.521652e+00
-5.450300e-02 3.878860e-01 2.601700e+00
-1.952660e-01 2.740190e-01 2.770187e+00
-2.596500e-02 2.191300e-02 2.583879e+00
-4.256030e-01 8.456600e-02 2.629209e+00
-4.065650e-01 -2.076310e-01 2.558176e+00
-3.552580e-01 -2.570930e-01 2.550200e+00
-4.581100e-02 -4.979400e-01 2.617881e+00
-1.433150e-01 -9.430090e-01 2.681178e+00
-4.830000e-04 -9.890680e-01 2.577332e+00
-1.984340e-01 6.667580e-01 2.528951e+00
-6.894400e-02 3.925060e-01 2.614077e+00
-2.195660e-01 2.767300e-01 2.772433e+00
-3.759400e-02 2.252600e-02 2.587706e+00
-4.388310e-01 8.587100e-02 2.606976e+00
-4.101670e-01 -2.065310e-01 2.538087e+00
-3.821280e-01 -2.627930e-01 2.503579e+00
-4.491100e-02 -4.871910e-01 2.623389e+00
-1.513320e-01 -9.316730e-01 2.675453e+00
4.177000e-03 -9.786470e-01 2.592287e+00
-2.189590e-01 6.640890e-01 2.526541e+00
-6.960800e-02 3.854550e-01 2.634960e+00
-2.312090e-01 2.635490e-01 2.777058e+00
-5.249800e-02 2.654800e-02 2.592937e+00
-4.539020e-01 8.882000e-02 2.598017e+00
-4.142580e-01 -2.006360e-01 2.521266e+00
-3.861170e-01 -2.521360e-01 2.480056e+00
-5.485800e-02 -4.827210e-01 2.631881e+00
-1.829020e-01 -9.233360e-01 2.664489e+00
-1.869800e-02 -9.755080e-01 2.604308e+00
-2.247710e-01 6.693830e-01 2.539220e+00
-6.410700e-02 3.803270e-01 2.647962e+00
-2.398850e-01 2.635720e-01 2.776951e+00
-4.659400e-02 2.764500e-02 2.622338e+00
-4.606260e-01 8.930100e-02 2.597084e+00
-4.009950e-01 -1.981020e-01 2.523989e+00
-3.841650e-01 -2.560650e-01 2.485266e+00
-1.411900e-02 -4.660430e-01 2.629092e+00
-3.732530e-01 -7.499190e-01 2.674219e+00
-2.601650e-01 -8.931540e-01 2.673177e+00
-2.425300e-01 6.734100e-01 2.545451e+00
-6.505700e-02 3.777240e-01 2.654305e+00
-2.443940e-01 2.600570e-01 2.777433e+00
-4.245200e-02 2.721000e-02 2.620214e+00
-4.642140e-01 8.934700e-02 2.604511e+00
-4.074190e-01 -1.983390e-01 2.533222e+00
-3.852180e-01 -2.537120e-01 2.493429e+00
-3.923600e-02 -4.840210e-01 2.639255e+00
-3.824460e-01 -7.874900e-01 2.680647e+00
-2.617030e-01 -9.243220e-01 2.678618e+00
-2.458570e-01 6.755290e-01 2.540421e+00
-6.727200e-02 3.766940e-01 2.659293e+00
-2.484390e-01 2.594790e-01 2.780151e+00
-4.534200e-02 2.134200e-02 2.634569e+00
-4.671650e-01 8.950800e-02 2.605752e+00
-4.184280e-01 -2.023410e-01 2.548604e+00
-3.785580e-01 -2.600280e-01 2.533601e+00
-4.250500e-02 -4.861760e-01 2.631175e+00
-3.996030e-01 -7.716660e-01 2.681933e+00
-2.859720e-01 -9.144300e-01 2.678380e+00
-2.514450e-01 6.722380e-01 2.542952e+00
-6.607100e-02 3.784070e-01 2.672106e+00
-2.546610e-01 2.611130e-01 2.780935e+00
-4.147900e-02 2.025200e-02 2.661222e+00
-4.572010e-01 9.541100e-02 2.594698e+00
-4.140340e-01 -1.991060e-01 2.552571e+00
-3.650020e-01 -2.495530e-01 2.538661e+00
-4.342600e-02 -4.852740e-01 2.636223e+00
-4.051170e-01 -7.664830e-01 2.677472e+00
-2.932370e-01 -9.106550e-01 2.675616e+00
-2.507270e-01 6.724180e-01 2.546038e+00
-6.851700e-02 3.776350e-01 2.691788e+00
-2.716550e-01 2.640460e-01 2.775454e+00
-4.127800e-02 1.638400e-02 2.684406e+00
-4.494300e-01 9.117900e-02 2.579020e+00
-3.938720e-01 -2.007800e-01 2.532098e+00
-3.441160e-01 -2.520540e-01 2.525957e+00
-4.549200e-02 -4.854570e-01 2.641514e+00
-4.076640e-01 -7.673540e-01 2.672582e+00
-2.955840e-01 -9.113820e-01 2.672311e+00
-2.444680e-01 6.734660e-01 2.553078e+00
-8.072900e-02 3.585500e-01 2.747770e+00
-3.065390e-01 2.592120e-01 2.765367e+00
-5.603800e-02 1.750600e-02 2.732627e+00
-4.231150e-01 1.067110e-01 2.505137e+00
-3.334900e-01 -1.743990e-01 2.441546e+00
-2.713110e-01 -2.100850e-01 2.439873e+00
-3.328000e-02 -4.818430e-01 2.662960e+00
-3.822960e-01 -7.813260e-01 2.653068e+00
-2.645650e-01 -9.192150e-01 2.673862e+00
-1.829470e-01 6.552480e-01 2.553346e+00
-1.036980e-01 3.449010e-01 2.794360e+00
-3.267160e-01 2.525520e-01 2.740484e+00
-7.572300e-02 1.089100e-02 2.770751e+00
-3.867390e-01 1.143430e-01 2.435349e+00
-2.347230e-01 -1.307070e-01 2.354177e+00
-1.716600e-01 -1.636620e-01 2.363093e+00
-2.541900e-02 -4.868040e-01 2.681419e+00
-3.799010e-01 -7.732290e-01 2.618943e+00
-2.727660e-01 -9.149370e-01 2.660742e+00
-1.392480e-01 6.485720e-01 2.570760e+00
-1.446400e-01 3.225120e-01 2.805469e+00
-1.176290e-01 3.982990e-01 2.588278e+00
-3.498520e-01 2.516980e-01 2.686973e+00
-3.070880e-01 8.466000e-03 2.478632e+00
-1.224250e-01 2.284000e-03 2.795986e+00
-3.563330e-01 7.310000e-03 2.719728e+00
-3.390500e-01 1.482380e-01 2.350015e+00
1.016000e-02 1.678020e-01 2.980977e+00
-1.395490e-01 -6.336700e-02 2.287843e+00
2.046600e-01 3.842300e-02 2.796789e+00
-6.978200e-02 -7.754600e-02 2.296448e+00
2.508570e-01 7.774000e-03 2.751304e+00
-3.385700e-02 -4.855210e-01 2.697014e+00
-3.306480e-01 -5.055370e-01 2.541502e+00
-3.589650e-01 -7.851940e-01 2.570124e+00
-1.725340e-01 -7.336930e-01 2.908306e+00
-2.550580e-01 -9.230190e-01 2.629400e+00
-2.380000e-01 -8.895650e-01 2.839572e+00
-9.078800e-02 6.375400e-01 2.586316e+00
-2.240630e-01 3.869730e-01 2.443644e+00
-1.990660e-01 3.276930e-01 2.811486e+00
-8.036500e-02 3.955070e-01 2.625093e+00
-3.348070e-01 2.527240e-01 2.619373e+00
-2.217290e-01 1.188500e-02 2.455743e+00
-1.928490e-01 -3.535000e-03 2.821503e+00
-3.696540e-01 2.134400e-02 2.652168e+00
-2.436860e-01 1.812800e-01 2.250044e+00
-6.178200e-02 2.377740e-01 3.040168e+00
1.282100e-02 3.209200e-02 2.204223e+00
2.061790e-01 1.602400e-01 2.933999e+00
7.029000e-02 4.077000e-02 2.246228e+00
2.694790e-01 1.423760e-01 2.905426e+00
-5.106700e-02 -4.913950e-01 2.732501e+00
-2.719070e-01 -4.883010e-01 2.463028e+00
-2.715300e-01 -7.427650e-01 2.416575e+00
-1.917500e-01 -7.037290e-01 2.861482e+00
-2.027190e-01 -8.951210e-01 2.489781e+00
-2.145030e-01 -8.648910e-01 2.778925e+00
-1.434000e-02 6.126080e-01 2.622166e+00
-1.886600e-01 3.712160e-01 2.446806e+00
-1.939780e-01 3.190840e-01 2.817117e+00
-5.897600e-02 3.785900e-01 2.638569e+00
-3.173910e-01 2.448950e-01 2.616037e+00
-2.085580e-01 1.555600e-02 2.462341e+00
-2.110690e-01 -1.840800e-02 2.827981e+00
-3.721430e-01 2.068500e-02 2.646100e+00
-2.005200e-01 2.144960e-01 2.213233e+00
-8.026700e-02 2.190160e-01 3.054359e+00
7.151400e-02 9.641700e-02 2.178945e+00
1.953870e-01 1.285140e-01 2.984285e+00
1.259300e-01 9.022700e-02 2.225237e+00
2.610210e-01 1.075560e-01 2.964397e+00
-6.593600e-02 -5.072940e-01 2.713110e+00
-2.617420e-01 -4.758730e-01 2.429348e+00
-2.428020e-01 -6.598790e-01 2.316831e+00
-1.989870e-01 -6.878350e-01 2.832750e+00
-1.911820e-01 -8.297240e-01 2.359191e+00
-2.115650e-01 -8.498060e-01 2.749602e+00
3.694400e-02 5.695520e-01 2.644993e+00
-1.364600e-01 3.334180e-01 2.478461e+00
-2.172110e-01 2.645500e-01 2.837087e+00
-4.489000e-02 3.135000e-01 2.690271e+00
-3.093950e-01 2.179600e-01 2.612367e+00
-1.773560e-01 -4.906000e-03 2.463560e+00
-2.594320e-01 -6.803900e-02 2.815881e+00
-3.773030e-01 -1.415600e-02 2.606700e+00
-1.958600e-01 2.385190e-01 2.222128e+00
-1.789120e-01 1.261780e-01 3.079190e+00
7.754100e-02 1.297420e-01 2.184763e+00
8.882900e-02 -5.628000e-03 3.084536e+00
1.381260e-01 1.254320e-01 2.222886e+00
1.536300e-01 -3.630300e-02 3.083010e+00
-5.612000e-02 -5.396620e-01 2.690445e+00
-2.520980e-01 -4.877700e-01 2.375907e+00
-2.253460e-01 -6.469450e-01 2.276376e+00
-2.073350e-01 -6.718160e-01 2.795101e+00
-1.786140e-01 -8.214180e-01 2.302482e+00
-2.059060e-01 -8.388580e-01 2.721609e+00
6.487300e-02 5.115230e-01 2.672527e+00
-1.320190e-01 3.192860e-01 2.485302e+00
-2.200480e-01 2.411280e-01 2.840292e+00
-4.579700e-02 2.996350e-01 2.699370e+00
-3.037240e-01 1.945290e-01 2.612269e+00
-1.743020e-01 -1.699400e-02 2.461923e+00
-2.629990e-01 -9.341000e-02 2.809983e+00
-3.771990e-01 -3.495200e-02 2.599996e+00
-2.324950e-01 2.280980e-01 2.245796e+00
-1.922860e-01 9.249400e-02 3.077705e+00
3.381600e-02 1.156130e-01 2.205441e+00
7.613700e-02 -3.446700e-02 3.107979e+00
9.684000e-02 1.034620e-01 2.237422e+00
1.413520e-01 -6.392500e-02 3.112648e+00
-3.528100e-02 -5.555010e-01 2.662338e+00
-2.468970e-01 -4.908710e-01 2.350030e+00
-2.126280e-01 -6.368090e-01 2.245760e+00
-2.302030e-01 -6.685960e-01 2.773981e+00
-1.614120e-01 -8.115430e-01 2.258061e+00
-2.306520e-01 -8.369110e-01 2.703439e+00
7.787400e-02 4.698770e-01 2.682737e+00
-1.409010e-01 3.441930e-01 2.496767e+00
-2.195820e-01 2.352890e-01 2.845801e+00
-5.059300e-02 3.129390e-01 2.707748e+00
-3.042710e-01 2.017390e-01 2.615867e+00
-1.822990e-01 -1.483800e-02 2.457382e+00
-2.529750e-01 -9.754000e-02 2.808120e+00
-3.783540e-01 -4.495000e-02 2.603016e+00
-2.922330e-01 2.218750e-01 2.307185e+00
-1.894270e-01 6.325700e-02 3.066535e+00
-5.547200e-02 7.938200e-02 2.225772e+00
8.009700e-02 -6.020500e-02 3.101180e+00
8.029000e-03 5.515500e-02 2.248647e+00
1.456680e-01 -8.861700e-02 3.107154e+00
-1.745100e-02 -5.545930e-01 2.635540e+00
-2.467670e-01 -4.904970e-01 2.344886e+00
-2.190440e-01 -6.322950e-01 2.229434e+00
-2.518250e-01 -6.705980e-01 2.768133e+00
-1.631680e-01 -8.059440e-01 2.234921e+00
-2.604840e-01 -8.383000e-01 2.696668e+00
9.564400e-02 4.264170e-01 2.682389e+00
-1.955650e-01 3.247190e-01 2.555902e+00
-1.788020e-01 1.869580e-01 2.903201e+00
-5.940000e-02 3.026770e-01 2.741963e+00
-3.014670e-01 1.475090e-01 2.692098e+00
-1.908370e-01 -4.820000e-03 2.495637e+00
-1.819580e-01 -1.468290e-01 2.834173e+00
-3.499530e-01 -6.940500e-02 2.671888e+00
-3.797740e-01 1.977790e-01 2.403454e+00
6.135900e-02 6.049100e-02 2.831803e+00
-2.421810e-01 -1.449600e-02 2.267756e+00
2.765120e-01 -5.537600e-02 3.001668e+00
-1.920120e-01 -5.709500e-02 2.239281e+00
2.428830e-01 -9.412600e-02 3.051768e+00
1.700000e-05 -5.623300e-01 2.603462e+00
-2.560570e-01 -4.810400e-01 2.333454e+00
-2.416450e-01 -6.042720e-01 2.214309e+00
-2.517950e-01 -6.650730e-01 2.755015e+00
-1.877720e-01 -7.780160e-01 2.199579e+00
-2.836700e-01 -8.298770e-01 2.683392e+00
7.110500e-02 3.776180e-01 2.651670e+00
-2.131290e-01 3.120540e-01 2.608511e+00
-4.315400e-02 1.467950e-01 2.897776e+00
-7.832000e-03 2.779670e-01 2.710181e+00
-2.488080e-01 1.219630e-01 2.762655e+00
-2.457660e-01 -3.829700e-02 2.513636e+00
-7.174700e-02 -1.631570e-01 2.811931e+00
-3.030100e-01 -1.285810e-01 2.735279e+00
-4.350950e-01 1.869390e-01 2.516680e+00
1.236600e-01 -5.416200e-02 2.799938e+00
-4.124720e-01 -3.267600e-02 2.332993e+00
2.990370e-01 -2.917670e-01 2.815702e+00
-3.560670e-01 -5.161200e-02 2.292964e+00
3.475040e-01 -3.113200e-01 2.864805e+00
1.684700e-02 -5.825350e-01 2.580056e+00
-2.796950e-01 -4.789680e-01 2.333919e+00
-2.506430e-01 -5.806990e-01 2.205829e+00
-2.519850e-01 -6.645320e-01 2.753917e+00
-1.984250e-01 -7.513540e-01 2.167667e+00
-3.198290e-01 -8.211110e-01 2.689214e+00
8.238000e-02 4.073690e-01 2.626181e+00
-1.940300e-01 3.064230e-01 2.638381e+00
6.650500e-02 1.352630e-01 2.845025e+00
3.175900e-02 2.562720e-01 2.650616e+00
-1.776050e-01 1.257370e-01 2.806459e+00
-2.559690e-01 -5.049900e-02 2.558226e+00
1.652200e-02 -1.769280e-01 2.769454e+00
-2.282410e-01 -1.537600e-01 2.779861e+00
-4.373730e-01 1.908030e-01 2.658448e+00
1.340760e-01 -5.207800e-02 2.652433e+00
-5.046700e-01 2.095600e-02 2.437786e+00
2.355340e-01 -2.733220e-01 2.487925e+00
-5.562920e-01 -2.871600e-02 2.434578e+00
2.836310e-01 -2.920150e-01 2.438128e+00
1.338700e-02 -5.978380e-01 2.546590e+00
-3.082230e-01 -4.698320e-01 2.343674e+00
-2.761310e-01 -5.736200e-01 2.189950e+00
-2.522960e-01 -6.659300e-01 2.756006e+00
-2.277020e-01 -7.420970e-01 2.139194e+00
-3.481020e-01 -8.108440e-01 2.700083e+00
8.694900e-02 4.578670e-01 2.591789e+00
-2.271730e-01 3.079900e-01 2.727735e+00
1.209350e-01 1.762270e-01 2.691186e+00
-4.651900e-02 2.945080e-01 2.583416e+00
-8.448100e-02 1.284830e-01 2.820385e+00
-3.038550e-01 -6.370100e-02 2.658036e+00
5.590400e-02 -1.285360e-01 2.623069e+00
-1.145420e-01 -1.300660e-01 2.800550e+00
-4.315720e-01 1.562620e-01 2.811697e+00
5.811100e-02 7.538000e-02 2.445322e+00
-6.172570e-01 5.231900e-02 2.623262e+00
5.082400e-02 -1.289600e-02 2.169642e+00
-6.237830e-01 2.637800e-02 2.556727e+00
1.803300e-02 -1.088000e-03 2.106970e+00
-1.656300e-02 -5.809330e-01 2.507665e+00
-3.554150e-01 -4.928130e-01 2.380326e+00
-3.684520e-01 -6.693410e-01 2.224895e+00
-2.504190e-01 -6.786890e-01 2.787789e+00
-2.904420e-01 -8.272830e-01 2.177198e+00
-3.565020e-01 -8.222100e-01 2.749653e+00
9.132400e-02 5.036260e-01 2.584528e+00
-2.329590e-01 2.761530e-01 2.728472e+00
9.932500e-02 1.757060e-01 2.589282e+00
-1.019380e-01 2.779590e-01 2.537485e+00
-5.437700e-02 1.106240e-01 2.771786e+00
-3.318470e-01 -8.578300e-02 2.688109e+00
5.016000e-03 -9.634100e-02 2.549477e+00
-1.027890e-01 -1.196420e-01 2.768286e+00
-3.879790e-01 1.433890e-01 2.901805e+00
1.700700e-02 1.437350e-01 2.331949e+00
-6.329570e-01 6.071300e-02 2.784439e+00
-1.616880e-01 1.573310e-01 2.105869e+00
-6.947270e-01 3.944500e-02 2.754866e+00
-2.020610e-01 1.816540e-01 2.051822e+00
-3.570600e-02 -5.833530e-01 2.500716e+00
-3.850860e-01 -5.256320e-01 2.405289e+00
-4.725490e-01 -6.959750e-01 2.410800e+00
-2.465420e-01 -6.876490e-01 2.812912e+00
-4.183840e-01 -8.607450e-01 2.354028e+00
-3.473380e-01 -8.376590e-01 2.787546e+00
5.322900e-02 5.278760e-01 2.573895e+00
-2.540620e-01 2.530810e-01 2.754414e+00
5.562300e-02 2.264540e-01 2.546418e+00
-1.657730e-01 2.944600e-01 2.544323e+00
-4.602900e-02 1.196600e-01 2.744987e+00
-3.144070e-01 -8.979800e-02 2.701576e+00
-1.727500e-02 -9.456300e-02 2.501002e+00
-7.508300e-02 -1.121570e-01 2.736212e+00
-3.657750e-01 1.343760e-01 2.968944e+00
-7.755900e-02 2.192490e-01 2.307867e+00
-6.335250e-01 7.774900e-02 2.886908e+00
-2.960850e-01 2.648660e-01 2.123054e+00
-7.004580e-01 6.402600e-02 2.865132e+00
-3.349660e-01 3.098160e-01 2.082926e+00
-6.552600e-02 -6.077670e-01 2.509799e+00
-4.224950e-01 -5.346560e-01 2.464461e+00
-5.083830e-01 -7.035790e-01 2.589158e+00
-2.346160e-01 -6.966580e-01 2.851833e+00
-4.777000e-01 -8.788810e-01 2.548738e+00
-3.450650e-01 -8.417670e-01 2.844716e+00
1.163100e-02 5.438880e-01 2.564293e+00
-2.544660e-01 2.273630e-01 2.766427e+00
2.535700e-02 2.794880e-01 2.525859e+00
-1.955770e-01 3.330570e-01 2.570176e+00
-4.816300e-02 1.138290e-01 2.694143e+00
-3.061420e-01 -8.264800e-02 2.718583e+00
-4.449900e-02 -8.912700e-02 2.473551e+00
-6.390200e-02 -9.954200e-02 2.715399e+00
-2.760920e-01 1.531980e-01 3.026833e+00
-1.429390e-01 2.911590e-01 2.308753e+00
-5.552050e-01 8.262000e-02 3.018186e+00
-3.862130e-01 3.551510e-01 2.161362e+00
-6.246460e-01 6.620900e-02 3.011030e+00
-4.383230e-01 4.040290e-01 2.155195e+00
-7.827900e-02 -6.126820e-01 2.545464e+00
-4.290890e-01 -5.470850e-01 2.552779e+00
-4.721960e-01 -7.384420e-01 2.746991e+00
-2.009820e-01 -6.885810e-01 2.926337e+00
-4.289920e-01 -9.139710e-01 2.721904e+00
-3.134430e-01 -8.315790e-01 2.940845e+00
-4.328000e-02 5.652050e-01 2.570826e+00
-2.821700e-01 2.288820e-01 2.741660e+00
2.293000e-03 2.640610e-01 2.501411e+00
-2.228970e-01 3.085060e-01 2.532395e+00
-6.587100e-02 1.202920e-01 2.690757e+00
-3.215430e-01 -9.323600e-02 2.721992e+00
-5.005300e-02 -9.789400e-02 2.487875e+00
-7.888200e-02 -9.970500e-02 2.729000e+00
-2.039300e-01 1.724940e-01 2.996961e+00
-1.866450e-01 3.126290e-01 2.306301e+00
-4.703630e-01 9.009800e-02 3.074233e+00
-4.468300e-01 3.662670e-01 2.183734e+00
-5.232040e-01 5.512900e-02 3.107811e+00
-4.898190e-01 4.236520e-01 2.182504e+00
-8.300000e-02 -6.239540e-01 2.563772e+00
-4.394670e-01 -5.479550e-01 2.601788e+00
-4.953890e-01 -7.016330e-01 2.752190e+00
-1.847740e-01 -6.568220e-01 2.969048e+00
-4.684870e-01 -8.814930e-01 2.736920e+00
-2.951370e-01 -7.979690e-01 3.003744e+00
-6.633200e-02 5.686530e-01 2.568215e+00
-2.864650e-01 2.339230e-01 2.738944e+00
-5.561000e-03 2.457710e-01 2.498000e+00
-2.282710e-01 2.913560e-01 2.522241e+00
-6.926000e-02 1.224800e-01 2.699319e+00
-3.236940e-01 -9.165400e-02 2.731353e+00
-5.249500e-02 -1.181150e-01 2.498349e+00
-8.143200e-02 -1.065830e-01 2.739192e+00
-1.730800e-01 1.840190e-01 2.983417e+00
-2.030200e-01 3.204800e-01 2.319025e+00
-4.394390e-01 1.010660e-01 3.064852e+00
-4.670560e-01 3.694640e-01 2.200616e+00
-5.045810e-01 8.024900e-02 3.086432e+00
-5.175430e-01 4.203240e-01 2.197997e+00
-8.025000e-02 -6.263810e-01 2.585988e+00
-4.231230e-01 -5.802040e-01 2.617568e+00
-4.957240e-01 -7.270580e-01 2.755826e+00
-1.727510e-01 -6.373480e-01 2.999206e+00
-4.594020e-01 -9.051260e-01 2.739127e+00
-2.705440e-01 -7.856120e-01 3.041164e+00
-7.988400e-02 5.636100e-01 2.552655e+00
-2.969090e-01 2.141180e-01 2.746777e+00
-1.624500e-02 2.241820e-01 2.509930e+00
-2.372840e-01 2.692750e-01 2.530070e+00
-7.914700e-02 1.030410e-01 2.710399e+00
-3.246590e-01 -1.108960e-01 2.746412e+00
-5.071600e-02 -1.317920e-01 2.516068e+00
-8.219800e-02 -1.200850e-01 2.756583e+00
-1.674180e-01 2.138880e-01 2.990060e+00
-2.082740e-01 3.227350e-01 2.334858e+00
-4.301080e-01 1.065200e-01 3.059861e+00
-4.774080e-01 3.495850e-01 2.217830e+00
-4.943810e-01 8.049500e-02 3.078141e+00
-5.299460e-01 3.983480e-01 2.219927e+00
-8.094000e-02 -6.464560e-01 2.607759e+00
-4.288900e-01 -5.890940e-01 2.629720e+00
-5.010070e-01 -7.075770e-01 2.784983e+00
-1.716410e-01 -6.054770e-01 3.010712e+00
-4.783640e-01 -8.884570e-01 2.776270e+00
-2.642880e-01 -7.523090e-01 3.066954e+00
-1.088210e-01 5.443300e-01 2.554376e+00
-2.973050e-01 2.101350e-01 2.739042e+00
-1.989700e-02 2.292500e-01 2.499813e+00
-2.433390e-01 2.629850e-01 2.521313e+00
-7.513500e-02 1.098620e-01 2.704127e+00
-3.225390e-01 -1.121010e-01 2.748572e+00
-4.979000e-02 -1.350450e-01 2.517009e+00
-7.997700e-02 -1.198210e-01 2.757493e+00
-1.697160e-01 2.334240e-01 2.983232e+00
-2.247470e-01 3.105080e-01 2.329386e+00
-4.250250e-01 1.097900e-01 3.057360e+00
-4.987650e-01 3.477090e-01 2.225467e+00
-4.879830e-01 8.011100e-02 3.074620e+00
-5.538560e-01 3.936130e-01 2.224923e+00
-7.867600e-02 -6.486310e-01 2.613014e+00
-4.316940e-01 -5.877070e-01 2.634387e+00
-4.986780e-01 -7.073340e-01 2.791207e+00
-1.727470e-01 -5.983510e-01 3.014431e+00
-4.766220e-01 -8.883350e-01 2.783564e+00
-2.659110e-01 -7.435990e-01 3.073841e+00
-1.157700e-01 5.497870e-01 2.560480e+00
-2.848440e-01 2.073450e-01 2.744762e+00
-1.586300e-02 2.375890e-01 2.497463e+00
-2.402250e-01 2.707590e-01 2.530185e+00
-6.664400e-02 1.079510e-01 2.699073e+00
-3.195070e-01 -1.096230e-01 2.754357e+00
-5.605700e-02 -1.345270e-01 2.512461e+00
-7.671400e-02 -1.147470e-01 2.753620e+00
-1.672670e-01 2.509680e-01 2.992090e+00
-2.281300e-01 2.963110e-01 2.325871e+00
-4.194800e-01 1.137750e-01 3.055602e+00
-5.042440e-01 3.281380e-01 2.223903e+00
-4.801210e-01 8.019900e-02 3.073979e+00
-5.604390e-01 3.720860e-01 2.216612e+00
-7.414300e-02 -6.456690e-01 2.619156e+00
-4.085120e-01 -6.042130e-01 2.650238e+00
-4.898370e-01 -7.229430e-01 2.800340e+00
-1.610550e-01 -5.891350e-01 3.037714e+00
-4.604770e-01 -9.028220e-01 2.790984e+00
-2.474100e-01 -7.379150e-01 3.098653e+00
-1.183540e-01 5.515060e-01 2.560493e+00
-2.979520e-01 2.078840e-01 2.725006e+00
-4.393000e-03 2.220840e-01 2.505546e+00
-2.298620e-01 2.639220e-01 2.514824e+00
-8.036900e-02 9.972500e-02 2.704169e+00
-3.298860e-01 -1.034030e-01 2.743957e+00
-4.306900e-02 -1.321380e-01 2.530768e+00
-8.830200e-02 -1.084300e-01 2.768186e+00
-1.843780e-01 2.762230e-01 2.969798e+00
-2.143760e-01 2.609040e-01 2.324447e+00
-4.180690e-01 1.166380e-01 3.053798e+00
-4.887300e-01 2.542820e-01 2.211142e+00
-4.750930e-01 7.790400e-02 3.073558e+00
-5.451730e-01 2.977810e-01 2.203111e+00
-7.325900e-02 -6.399620e-01 2.628317e+00
-4.148170e-01 -5.873580e-01 2.682310e+00
-4.955190e-01 -6.950570e-01 2.802272e+00
-1.511340e-01 -5.870550e-01 3.059234e+00
-4.729440e-01 -8.761370e-01 2.799719e+00
-2.430190e-01 -7.309890e-01 3.123628e+00
-1.384200e-01 5.488540e-01 2.571187e+00
-2.948630e-01 2.147600e-01 2.726146e+00
5.820000e-04 2.147180e-01 2.503798e+00
-2.259530e-01 2.603370e-01 2.513048e+00
-7.837200e-02 1.024980e-01 2.709176e+00
-3.305910e-01 -1.250940e-01 2.760167e+00
-5.791300e-02 -1.284730e-01 2.527411e+00
-8.805200e-02 -1.156910e-01 2.768043e+00
-1.882890e-01 2.947890e-01 2.971257e+00
-2.067200e-01 1.995450e-01 2.315504e+00
-4.131880e-01 1.199040e-01 3.051029e+00
-4.837060e-01 1.655740e-01 2.212683e+00
-4.677590e-01 7.776400e-02 3.070746e+00
-5.351080e-01 2.138110e-01 2.199509e+00
-7.764600e-02 -6.571230e-01 2.634707e+00
-3.959160e-01 -6.057690e-01 2.691393e+00
-4.995680e-01 -7.012120e-01 2.812577e+00
-1.439090e-01 -5.825210e-01 3.075518e+00
-4.812410e-01 -8.827830e-01 2.811044e+00
-2.296050e-01 -7.298950e-01 3.140659e+00
-1.582820e-01 5.163120e-01 2.591615e+00
-2.978660e-01 2.498890e-01 2.685883e+00
1.559400e-02 2.677720e-01 2.482660e+00
-2.150560e-01 2.863800e-01 2.472677e+00
-6.612900e-02 1.636710e-01 2.691592e+00
-3.459680e-01 -1.001980e-01 2.742742e+00
-4.455800e-02 -1.035480e-01 2.548627e+00
-1.066320e-01 -9.233000e-02 2.783140e+00
-2.147050e-01 3.084470e-01 2.946291e+00
-1.626740e-01 1.019340e-01 2.342607e+00
-4.159210e-01 1.183330e-01 3.052367e+00
-4.354110e-01 4.239400e-02 2.238763e+00
-4.664390e-01 7.291600e-02 3.075339e+00
-4.995910e-01 7.194800e-02 2.226520e+00
-8.145800e-02 -6.308040e-01 2.628883e+00
-4.010570e-01 -5.719400e-01 2.708712e+00
-4.983300e-01 -6.759630e-01 2.818033e+00
-1.394750e-01 -5.791200e-01 3.087029e+00
-4.783900e-01 -8.573700e-01 2.818669e+00
-2.320640e-01 -7.239630e-01 3.148299e+00
-1.880540e-01 5.849340e-01 2.602427e+00
-3.366850e-01 3.306890e-01 2.728891e+00
-2.883800e-02 3.112460e-01 2.517401e+00
-2.580040e-01 3.443110e-01 2.511476e+00
-1.109170e-01 2.299690e-01 2.736090e+00
-3.517320e-01 -4.079100e-02 2.745660e+00
-6.264300e-02 -4.505300e-02 2.533648e+00
-1.105170e-01 -2.900500e-02 2.771189e+00
-4.404450e-01 8.667200e-02 2.819803e+00
-7.007600e-02 3.952700e-02 2.456752e+00
-4.663170e-01 -2.087500e-01 2.799586e+00
-2.288070e-01 -1.933160e-01 2.358488e+00
-4.723090e-01 -2.800270e-01 2.794458e+00
-2.855310e-01 -2.189920e-01 2.322911e+00
-9.723100e-02 -5.697180e-01 2.598963e+00
-3.759470e-01 -5.318000e-01 2.723642e+00
-4.462340e-01 -7.767820e-01 2.815577e+00
-1.271850e-01 -5.790360e-01 3.107682e+00
-3.733370e-01 -9.396610e-01 2.777328e+00
-2.220020e-01 -7.289320e-01 3.150663e+00
-2.043620e-01 6.549730e-01 2.567772e+00
-3.712650e-01 3.454170e-01 2.760398e+00
-5.747700e-02 3.468460e-01 2.556900e+00
-2.862900e-01 3.816450e-01 2.548001e+00
-1.460590e-01 2.432320e-01 2.763262e+00
-3.772240e-01 -1.890900e-02 2.756294e+00
-7.725500e-02 -2.448700e-02 2.560011e+00
-1.378060e-01 -4.530000e-03 2.794342e+00
-4.859810e-01 9.526900e-02 2.814361e+00
-4.202800e-02 6.980400e-02 2.510014e+00
-4.697450e-01 -1.866630e-01 2.721177e+00
-8.605500e-02 -2.243240e-01 2.485649e+00
-4.413870e-01 -2.486380e-01 2.698876e+00
-1.055580e-01 -2.926150e-01 2.495571e+00
-8.678800e-02 -5.220620e-01 2.573109e+00
-3.785140e-01 -5.294980e-01 2.708695e+00
-3.917790e-01 -8.001990e-01 2.776138e+00
-1.359180e-01 -5.774940e-01 3.096566e+00
-2.993820e-01 -9.455570e-01 2.715805e+00
-2.209380e-01 -7.354390e-01 3.130197e+00
-2.270540e-01 6.682070e-01 2.571806e+00
-3.988140e-01 3.565200e-01 2.760164e+00
-6.850300e-02 3.643150e-01 2.584920e+00
-2.957650e-01 3.993880e-01 2.557214e+00
-1.744400e-01 2.542830e-01 2.779441e+00
-3.940660e-01 -1.099100e-02 2.745715e+00
-8.059200e-02 9.101000e-03 2.572886e+00
-1.589940e-01 1.060300e-02 2.802726e+00
-4.715880e-01 8.962400e-02 2.712918e+00
-2.011600e-02 8.826400e-02 2.559298e+00
-4.793280e-01 -2.053240e-01 2.674093e+00
-1.557700e-02 -2.100000e-01 2.550657e+00
-4.386770e-01 -2.573670e-01 2.646138e+00
-3.538200e-02 -2.773360e-01 2.565356e+00
-6.482400e-02 -4.967320e-01 2.585428e+00
-3.917050e-01 -4.978450e-01 2.706748e+00
-4.082820e-01 -7.411930e-01 2.769480e+00
-1.434590e-01 -5.748900e-01 3.086271e+00
-3.201270e-01 -8.957120e-01 2.728751e+00
-2.356030e-01 -7.297590e-01 3.115103e+00
-2.454410e-01 6.697910e-01 2.566089e+00
-4.214700e-01 3.663020e-01 2.737930e+00
-6.976200e-02 3.759220e-01 2.611101e+00
-2.909540e-01 4.105780e-01 2.551783e+00
-2.017250e-01 2.645230e-01 2.788143e+00
-4.152540e-01 -2.308000e-03 2.720788e+00
-8.057400e-02 3.242100e-02 2.597002e+00
-1.928800e-01 3.155900e-02 2.812321e+00
-4.928060e-01 9.464000e-02 2.688339e+00
-5.454000e-03 9.773300e-02 2.623316e+00
-4.997570e-01 -1.979340e-01 2.612034e+00
3.758900e-02 -2.022370e-01 2.621781e+00
-4.923840e-01 -2.478750e-01 2.561103e+00
2.085600e-02 -2.719230e-01 2.619249e+00
-5.273700e-02 -4.774800e-01 2.610192e+00
-3.929720e-01 -4.817260e-01 2.699949e+00
-4.024490e-01 -7.498400e-01 2.733163e+00
-1.492510e-01 -5.728330e-01 3.079291e+00
-2.987970e-01 -8.968500e-01 2.702331e+00
-2.413280e-01 -7.289050e-01 3.100964e+00
-2.622150e-01 6.764450e-01 2.558038e+00
-4.331540e-01 3.683140e-01 2.720508e+00
-7.026000e-02 3.785070e-01 2.630617e+00
-2.841070e-01 4.150040e-01 2.549480e+00
-2.199760e-01 2.648550e-01 2.791353e+00
-4.286340e-01 7.026000e-03 2.708819e+00
-8.324000e-02 3.346000e-02 2.616386e+00
-2.149110e-01 3.604700e-02 2.820424e+00
-4.915080e-01 9.322000e-02 2.660532e+00
-1.043600e-02 9.746100e-02 2.650116e+00
-5.236120e-01 -1.966140e-01 2.571462e+00
5.243000e-02 -2.013190e-01 2.643410e+00
-4.951810e-01 -2.508890e-01 2.534202e+00
3.087600e-02 -2.679500e-01 2.627976e+00
-6.041300e-02 -4.711170e-01 2.631305e+00
-3.843770e-01 -4.903630e-01 2.691908e+00
-4.139440e-01 -7.450110e-01 2.738997e+00
-1.502800e-01 -5.721720e-01 3.079342e+00
-3.072270e-01 -8.914120e-01 2.716986e+00
-2.338870e-01 -7.335600e-01 3.095782e+00
-2.657230e-01 6.746610e-01 2.561040e+00
-4.329580e-01 3.697380e-01 2.705890e+00
-6.425000e-02 3.844870e-01 2.644957e+00
-2.713970e-01 4.219090e-01 2.548340e+00
-2.251400e-01 2.656530e-01 2.790423e+00
-4.262400e-01 4.739000e-03 2.700552e+00
-7.632400e-02 3.169200e-02 2.627261e+00
-2.187430e-01 3.100800e-02 2.823963e+00
-4.881680e-01 9.168000e-02 2.649636e+00
-1.613700e-02 9.947000e-02 2.658977e+00
-5.369600e-01 -1.931930e-01 2.547707e+00
2.309000e-02 -2.045320e-01 2.644488e+00
-5.025910e-01 -2.315510e-01 2.497808e+00
1.916900e-02 -2.726650e-01 2.622465e+00
-4.524900e-02 -4.673750e-01 2.648709e+00
-3.831720e-01 -4.917270e-01 2.680190e+00
-4.117780e-01 -7.350660e-01 2.723528e+00
-1.553290e-01 -5.701650e-01 3.072025e+00
-3.059550e-01 -8.832780e-01 2.711660e+00
-2.375680e-01 -7.323600e-01 3.087378e+00
-2.622030e-01 6.756090e-01 2.553663e+00
-4.356130e-01 3.695640e-01 2.701001e+00
-6.410900e-02 3.862190e-01 2.661216e+00
-2.656210e-01 4.310440e-01 2.556197e+00
-2.329090e-01 2.590080e-01 2.789635e+00
-4.282810e-01 1.551500e-02 2.686010e+00
-7.245400e-02 2.983500e-02 2.644524e+00
-2.319480e-01 3.519500e-02 2.827577e+00
-4.860750e-01 9.051600e-02 2.639540e+00
-2.139200e-02 9.898200e-02 2.656756e+00
-5.261540e-01 -1.970580e-01 2.537746e+00
-3.370000e-03 -2.071920e-01 2.628861e+00
-4.853420e-01 -2.346540e-01 2.492322e+00
-1.534200e-02 -2.778930e-01 2.629608e+00
2.866000e-03 -4.169570e-01 2.650907e+00
-3.798490e-01 -4.935490e-01 2.673584e+00
-3.371530e-01 -7.255320e-01 2.678631e+00
-1.593100e-01 -5.682630e-01 3.070297e+00
-2.150660e-01 -8.608770e-01 2.669526e+00
-2.377520e-01 -7.325580e-01 3.082961e+00
-2.636160e-01 6.753210e-01 2.564797e+00
-4.354440e-01 3.650210e-01 2.695631e+00
-6.352300e-02 3.899050e-01 2.665116e+00
-2.633290e-01 4.312910e-01 2.555524e+00
-2.326360e-01 2.580820e-01 2.788369e+00
-4.246920e-01 1.482900e-02 2.679300e+00
-6.791700e-02 3.041600e-02 2.647546e+00
-2.322710e-01 3.322300e-02 2.826307e+00
-4.842940e-01 8.418000e-02 2.641450e+00
-2.013500e-02 1.028430e-01 2.659204e+00
-5.035180e-01 -2.029120e-01 2.532460e+00
5.258000e-03 -2.030290e-01 2.634466e+00
-4.701590e-01 -2.471520e-01 2.486936e+00
-1.745800e-02 -2.671070e-01 2.611651e+00
-2.307800e-02 -4.439970e-01 2.643036e+00
-3.706630e-01 -4.956420e-01 2.673239e+00
-3.386000e-01 -7.630960e-01 2.744139e+00
-1.582970e-01 -5.685370e-01 3.074720e+00
-2.115150e-01 -8.932920e-01 2.729822e+00
-2.359560e-01 -7.333120e-01 3.085881e+00
-2.655100e-01 6.776960e-01 2.573034e+00
-4.270900e-01 3.664050e-01 2.696839e+00
-5.492100e-02 3.893690e-01 2.667877e+00
-2.541170e-01 4.342210e-01 2.558540e+00
-2.252790e-01 2.563200e-01 2.788061e+00
-4.193540e-01 7.406000e-03 2.672870e+00
-6.395100e-02 4.012300e-02 2.638836e+00
-2.275170e-01 3.923900e-02 2.818338e+00
-4.704260e-01 8.587700e-02 2.638563e+00
-1.605500e-02 1.022130e-01 2.657626e+00
-4.752480e-01 -2.096180e-01 2.554428e+00
8.039000e-03 -2.033720e-01 2.633695e+00
-4.479970e-01 -2.487370e-01 2.500860e+00
-1.100400e-02 -2.691400e-01 2.612380e+00
-1.228000e-02 -4.465370e-01 2.657310e+00
-3.734060e-01 -4.841970e-01 2.667852e+00
-3.791920e-01 -7.179760e-01 2.714728e+00
-1.624570e-01 -5.670600e-01 3.068145e+00
-2.708730e-01 -8.648390e-01 2.712624e+00
-2.455760e-01 -7.292100e-01 3.078382e+00
-2.615210e-01 6.782730e-01 2.577011e+00
-4.254460e-01 3.668990e-01 2.692933e+00
-5.258400e-02 3.861620e-01 2.671039e+00
-2.490940e-01 4.283570e-01 2.555935e+00
-2.264520e-01 2.588320e-01 2.792385e+00
-4.128480e-01 8.298000e-03 2.655544e+00
-5.571500e-02 3.833900e-02 2.645910e+00
-2.310510e-01 3.725700e-02 2.813932e+00
-4.645150e-01 8.304300e-02 2.647889e+00
-6.697000e-03 1.001110e-01 2.654490e+00
-4.181560e-01 -2.139200e-01 2.582611e+00
1.906600e-02 -2.060080e-01 2.636857e+00
-4.381400e-01 -2.718610e-01 2.545382e+00
1.720400e-02 -2.750520e-01 2.617572e+00
1.857500e-02 -4.244630e-01 2.643256e+00
-3.631610e-01 -4.871900e-01 2.666467e+00
-3.125310e-01 -7.362810e-01 2.712091e+00
-1.622370e-01 -5.667040e-01 3.072554e+00
-1.879470e-01 -8.695660e-01 2.707580e+00
-2.445420e-01 -7.293480e-01 3.081431e+00
-2.527420e-01 6.810940e-01 2.580937e+00
-4.191430e-01 3.657440e-01 2.703495e+00
-4.786700e-02 3.832400e-01 2.661972e+00
-2.499690e-01 4.260090e-01 2.557229e+00
-2.156740e-01 2.570480e-01 2.792677e+00
-4.032130e-01 1.015700e-02 2.690256e+00
-5.029700e-02 2.692600e-02 2.629352e+00
-1.993860e-01 2.816800e-02 2.821045e+00
-4.626890e-01 8.202300e-02 2.656034e+00
2.360000e-04 9.641700e-02 2.650728e+00
-4.234510e-01 -2.175030e-01 2.593395e+00
2.754500e-02 -2.105120e-01 2.633492e+00
-3.949410e-01 -2.830890e-01 2.598704e+00
1.230700e-02 -2.756360e-01 2.607623e+00
8.006000e-03 -4.390670e-01 2.640217e+00
-3.498380e-01 -4.994010e-01 2.678816e+00
-3.474170e-01 -7.198800e-01 2.720335e+00
-1.577290e-01 -7.584200e-01 3.006845e+00
-2.359130e-01 -8.639790e-01 2.709927e+00
-2.751170e-01 -8.930210e-01 2.969308e+00
-2.450260e-01 6.785980e-01 2.568682e+00
-4.144040e-01 3.627160e-01 2.705388e+00
-4.342900e-02 3.837230e-01 2.662810e+00
-2.462570e-01 4.293000e-01 2.560686e+00
-2.099470e-01 2.518470e-01 2.789492e+00
-3.982870e-01 1.002800e-02 2.686015e+00
-4.254900e-02 2.354400e-02 2.643493e+00
-2.011510e-01 2.131100e-02 2.827385e+00
-4.528730e-01 7.750700e-02 2.663070e+00
9.540000e-04 9.678700e-02 2.643777e+00
-4.392390e-01 -2.273350e-01 2.618018e+00
1.671400e-02 -2.106470e-01 2.622894e+00
-3.804670e-01 -2.663510e-01 2.605133e+00
-8.181000e-03 -2.747440e-01 2.602541e+00
-1.669100e-02 -4.643590e-01 2.650438e+00
-3.552850e-01 -4.967460e-01 2.677988e+00
-3.917430e-01 -7.233230e-01 2.712679e+00
-1.606680e-01 -7.559500e-01 3.004388e+00
-2.888650e-01 -8.739150e-01 2.706039e+00
-2.792010e-01 -8.900210e-01 2.968594e+00
-2.377690e-01 6.784390e-01 2.585000e+00
-4.097780e-01 3.641060e-01 2.710149e+00
-3.958100e-02 3.854530e-01 2.661419e+00
-2.441180e-01 4.308260e-01 2.562669e+00
-2.038510e-01 2.534400e-01 2.790864e+00
-3.965120e-01 1.452200e-02 2.695881e+00
-4.359000e-02 2.803100e-02 2.634210e+00
-1.920390e-01 2.604500e-02 2.826393e+00
-4.545300e-01 7.782400e-02 2.676500e+00
2.658000e-03 9.798100e-02 2.634884e+00
-4.379580e-01 -2.266540e-01 2.624549e+00
1.225000e-02 -2.106260e-01 2.615089e+00
-3.996030e-01 -2.872220e-01 2.622840e+00
-2.150000e-02 -2.667790e-01 2.585931e+00
-2.983000e-02 -4.697210e-01 2.654720e+00
-3.576040e-01 -4.912050e-01 2.675261e+00
-3.760010e-01 -7.647590e-01 2.723409e+00
-1.641780e-01 -7.527320e-01 3.000515e+00
-2.590070e-01 -9.044420e-01 2.713043e+00
-2.840310e-01 -8.856720e-01 2.964897e+00
-2.324270e-01 6.725520e-01 2.595231e+00
