-5.183350e-01 2.076820e-01 2.459426e+00
-3.411185e-01 2.278460e-01 2.435181e+00
-1.639020e-01 2.480100e-01 2.410937e+00
-2.611825e-01 2.572655e-01 2.375749e+00
-3.584630e-01 2.665210e-01 2.340562e+00
-3.361945e-01 1.860080e-01 2.436375e+00
-3.139260e-01 1.054950e-01 2.532188e+00
-4.187665e-01 -7.155000e-03 2.493764e+00
-5.236070e-01 -1.198050e-01 2.455340e+00
-3.112515e-01 -1.145230e-01 2.428243e+00
-9.889600e-02 -1.092410e-01 2.401147e+00
-1.975875e-01 -1.066010e-01 2.474394e+00
-2.962790e-01 -1.039610e-01 2.547640e+00
-4.295475e-01 -7.824050e-02 2.532399e+00
-5.628160e-01 -5.252000e-02 2.517157e+00
-3.109770e-01 -2.562800e-02 2.481055e+00
-5.913800e-02 1.264000e-03 2.444953e+00
-3.184490e-01 -1.626090e-01 2.440493e+00
-5.777600e-01 -3.264820e-01 2.436033e+00
-3.008070e-01 -3.027145e-01 2.417600e+00
-2.385400e-02 -2.789470e-01 2.399168e+00
-3.042540e-01 -3.355990e-01 2.408282e+00
-5.846540e-01 -3.922510e-01 2.417396e+00
-2.982430e-01 -3.680475e-01 2.417826e+00
-1.183200e-02 -3.438440e-01 2.418256e+00
-2.074040e-01 -4.819905e-01 2.450086e+00
-4.029760e-01 -6.201370e-01 2.481915e+00
-2.942960e-01 -6.170100e-01 2.472957e+00
-1.856160e-01 -6.138830e-01 2.463998e+00
-2.925180e-01 -8.103755e-01 2.515508e+00
-3.994200e-01 -1.006868e+00 2.567018e+00
-3.019840e-01 -9.986295e-01 2.576128e+00
-2.045480e-01 -9.903910e-01 2.585238e+00
-3.124250e-01 -1.016552e+00 2.495116e+00
-4.203020e-01 -1.042714e+00 2.404994e+00
-3.182630e-01 -1.041856e+00 2.415625e+00
-2.162240e-01 -1.040998e+00 2.426257e+00
-2.919675e-01 -2.605530e-01 2.370960e+00
-3.677110e-01 5.198920e-01 2.315663e+00
-4.403325e-01 3.636555e-01 2.387788e+00
-5.129540e-01 2.074190e-01 2.459913e+00
-3.353000e-01 2.271505e-01 2.438709e+00
-1.576460e-01 2.468820e-01 2.417505e+00
-2.543400e-01 2.572695e-01 2.381040e+00
-3.510340e-01 2.676570e-01 2.344575e+00
-3.305905e-01 1.852740e-01 2.439198e+00
-3.101470e-01 1.028910e-01 2.533821e+00
-4.151625e-01 -9.863500e-03 2.493132e+00
-5.201780e-01 -1.226180e-01 2.452442e+00
-3.074625e-01 -1.165190e-01 2.428527e+00
-9.474700e-02 -1.104200e-01 2.404613e+00
-1.945190e-01 -1.085395e-01 2.476405e+00
-2.942910e-01 -1.066590e-01 2.548196e+00
-4.266645e-01 -7.977000e-02 2.531041e+00
-5.590380e-01 -5.288100e-02 2.513886e+00
-3.070375e-01 -2.686150e-02 2.480673e+00
-5.503700e-02 -8.420000e-04 2.447460e+00
-3.138805e-01 -1.629945e-01 2.437975e+00
-5.727240e-01 -3.251470e-01 2.428490e+00
-3.004705e-01 -2.986155e-01 2.395205e+00
-2.821700e-02 -2.720840e-01 2.361921e+00
-3.035010e-01 -3.312610e-01 2.384948e+00
-5.787850e-01 -3.904380e-01 2.407976e+00
-3.052960e-01 -3.652160e-01 2.380056e+00
-3.180700e-02 -3.399940e-01 2.352137e+00
-2.166910e-01 -4.810625e-01 2.417962e+00
-4.015750e-01 -6.221310e-01 2.483787e+00
-2.920855e-01 -6.187500e-01 2.475690e+00
-1.825960e-01 -6.153690e-01 2.467594e+00
-2.924750e-01 -8.125555e-01 2.516226e+00
-4.023540e-01 -1.009742e+00 2.564858e+00
-3.025500e-01 -1.001562e+00 2.574355e+00
-2.027460e-01 -9.933820e-01 2.583851e+00
-3.117550e-01 -1.018560e+00 2.492995e+00
-4.207640e-01 -1.043739e+00 2.402138e+00
-3.167920e-01 -1.042853e+00 2.413134e+00
-2.128200e-01 -1.041967e+00 2.424130e+00
-2.877795e-01 -2.607680e-01 2.375843e+00
-3.627390e-01 5.204310e-01 2.327555e+00
-4.353140e-01 3.653080e-01 2.393168e+00
-5.078890e-01 2.101850e-01 2.458782e+00
-3.299715e-01 2.298035e-01 2.439796e+00
-1.520540e-01 2.494220e-01 2.420811e+00
-2.482885e-01 2.600210e-01 2.383209e+00
-3.445230e-01 2.706200e-01 2.345607e+00
-3.253085e-01 1.879210e-01 2.440212e+00
-3.060940e-01 1.052220e-01 2.534817e+00
-4.085585e-01 -5.852000e-03 2.492532e+00
-5.110230e-01 -1.169260e-01 2.450246e+00
-2.979090e-01 -1.158190e-01 2.429312e+00
-8.479500e-02 -1.147120e-01 2.408379e+00
-1.854955e-01 -1.101415e-01 2.478740e+00
-2.861960e-01 -1.055710e-01 2.549101e+00
-4.192920e-01 -7.887350e-02 2.529006e+00
-5.523880e-01 -5.217600e-02 2.508912e+00
-3.003470e-01 -2.599300e-02 2.475432e+00
-4.830600e-02 1.900000e-04 2.441952e+00
-3.094730e-01 -1.619395e-01 2.430855e+00
-5.706400e-01 -3.240690e-01 2.419758e+00
-3.071290e-01 -2.945220e-01 2.376374e+00
-4.361800e-02 -2.649750e-01 2.332990e+00
-2.872425e-01 -3.187335e-01 2.362287e+00
-5.308670e-01 -3.724920e-01 2.391584e+00
-2.917435e-01 -3.524570e-01 2.357535e+00
-5.262000e-02 -3.324220e-01 2.323486e+00
-2.243520e-01 -4.758780e-01 2.403510e+00
-3.960840e-01 -6.193340e-01 2.483534e+00
-2.884125e-01 -6.183620e-01 2.476033e+00
-1.807410e-01 -6.173900e-01 2.468531e+00
-2.897785e-01 -8.119215e-01 2.517709e+00
-3.988160e-01 -1.006453e+00 2.566887e+00
-3.002540e-01 -1.003673e+00 2.565935e+00
-2.016920e-01 -1.000893e+00 2.564982e+00
-3.085195e-01 -1.021133e+00 2.484572e+00
-4.153470e-01 -1.041373e+00 2.404161e+00
-3.139135e-01 -1.041209e+00 2.403571e+00
-2.124800e-01 -1.041046e+00 2.402982e+00
-2.837250e-01 -2.612220e-01 2.358690e+00
-3.549700e-01 5.186020e-01 2.314398e+00
-4.290685e-01 3.677010e-01 2.389760e+00
-5.031670e-01 2.168000e-01 2.465122e+00
-3.248920e-01 2.296300e-01 2.443828e+00
-1.466170e-01 2.424600e-01 2.422535e+00
-2.428715e-01 2.575435e-01 2.386550e+00
-3.391260e-01 2.726270e-01 2.350565e+00
-3.219095e-01 1.875930e-01 2.443469e+00
-3.046930e-01 1.025590e-01 2.536374e+00
-4.044755e-01 -5.649500e-03 2.497949e+00
-5.042580e-01 -1.138580e-01 2.459524e+00
-2.915180e-01 -1.158985e-01 2.435144e+00
-7.877800e-02 -1.179390e-01 2.410764e+00
-1.782480e-01 -1.121505e-01 2.482766e+00
-2.777180e-01 -1.063620e-01 2.554769e+00
-4.129510e-01 -7.628900e-02 2.531682e+00
-5.481840e-01 -4.621600e-02 2.508596e+00
-2.931045e-01 -2.557250e-02 2.470579e+00
-3.802500e-02 -4.929000e-03 2.432563e+00
-3.039855e-01 -1.589105e-01 2.419696e+00
-5.699460e-01 -3.128920e-01 2.406829e+00
-3.184140e-01 -2.836860e-01 2.351071e+00
-6.688200e-02 -2.544800e-01 2.295312e+00
-3.213805e-01 -3.174250e-01 2.345328e+00
-5.758790e-01 -3.803700e-01 2.395344e+00
-3.221865e-01 -3.395805e-01 2.319088e+00
-6.849400e-02 -2.987910e-01 2.242831e+00
-2.323905e-01 -4.586760e-01 2.363265e+00
-3.962870e-01 -6.185610e-01 2.483700e+00
-2.894830e-01 -6.191530e-01 2.475371e+00
-1.826790e-01 -6.197450e-01 2.467043e+00
-2.917230e-01 -8.130555e-01 2.515381e+00
-4.007670e-01 -1.006366e+00 2.563718e+00
-3.017505e-01 -1.003508e+00 2.568590e+00
-2.027340e-01 -1.000650e+00 2.573463e+00
-3.116635e-01 -1.020178e+00 2.487246e+00
-4.205930e-01 -1.039706e+00 2.401028e+00
-3.184875e-01 -1.042272e+00 2.406881e+00
-2.163820e-01 -1.044837e+00 2.412734e+00
-2.796225e-01 -2.629615e-01 2.365715e+00
-3.428630e-01 5.189140e-01 2.318695e+00
-4.220545e-01 3.677165e-01 2.393659e+00
-5.012460e-01 2.165190e-01 2.468623e+00
-3.230405e-01 2.304300e-01 2.447427e+00
-1.448350e-01 2.443410e-01 2.426231e+00
-2.411725e-01 2.594500e-01 2.390480e+00
-3.375100e-01 2.745590e-01 2.354730e+00
-3.198675e-01 1.884160e-01 2.446526e+00
-3.022250e-01 1.022730e-01 2.538322e+00
-4.026070e-01 -5.116500e-03 2.498521e+00
-5.029890e-01 -1.125060e-01 2.458720e+00
-2.902625e-01 -1.157580e-01 2.434352e+00
-7.753600e-02 -1.190100e-01 2.409984e+00
-1.769720e-01 -1.120175e-01 2.481927e+00
-2.764080e-01 -1.050250e-01 2.553869e+00
-4.115910e-01 -7.578250e-02 2.529898e+00
-5.467740e-01 -4.654000e-02 2.505928e+00
-2.892095e-01 -2.342050e-02 2.466912e+00
-3.164500e-02 -3.010000e-04 2.427895e+00
-2.989400e-01 -1.560505e-01 2.415135e+00
-5.662350e-01 -3.118000e-01 2.402376e+00
-3.285200e-01 -2.758370e-01 2.343426e+00
-9.080500e-02 -2.398740e-01 2.284476e+00
-3.315765e-01 -3.076625e-01 2.330861e+00
-5.723480e-01 -3.754510e-01 2.377246e+00
-3.298080e-01 -3.322810e-01 2.306967e+00
-8.726800e-02 -2.891110e-01 2.236688e+00
-2.405410e-01 -4.534750e-01 2.360657e+00
-3.938140e-01 -6.178390e-01 2.484626e+00
-2.888980e-01 -6.189695e-01 2.476246e+00
-1.839820e-01 -6.201000e-01 2.467865e+00
-2.935860e-01 -8.129865e-01 2.515479e+00
-4.031900e-01 -1.005873e+00 2.563093e+00
-3.043185e-01 -1.003481e+00 2.568401e+00
-2.054470e-01 -1.001089e+00 2.573709e+00
-3.140535e-01 -1.019718e+00 2.486947e+00
-4.226600e-01 -1.038346e+00 2.400185e+00
-3.210635e-01 -1.041656e+00 2.406556e+00
-2.194670e-01 -1.044966e+00 2.412927e+00
-2.779405e-01 -2.635035e-01 2.366450e+00
-3.364140e-01 5.179590e-01 2.319973e+00
-4.175010e-01 3.691225e-01 2.395213e+00
-4.985880e-01 2.202860e-01 2.470453e+00
-3.205780e-01 2.312105e-01 2.446099e+00
-1.425680e-01 2.421350e-01 2.421745e+00
-2.392600e-01 2.578265e-01 2.387223e+00
-3.359520e-01 2.735180e-01 2.352701e+00
-3.180005e-01 1.891460e-01 2.446068e+00
-3.000490e-01 1.047740e-01 2.539436e+00
-4.007350e-01 -1.324500e-03 2.501536e+00
-5.014210e-01 -1.074230e-01 2.463636e+00
-2.891540e-01 -1.124415e-01 2.435810e+00
-7.688700e-02 -1.174600e-01 2.407983e+00
-1.750940e-01 -1.109270e-01 2.481636e+00
-2.733010e-01 -1.043940e-01 2.555289e+00
-4.093105e-01 -7.370000e-02 2.530905e+00
-5.453200e-01 -4.300600e-02 2.506520e+00
-2.866715e-01 -2.258950e-02 2.463815e+00
-2.802300e-02 -2.173000e-03 2.421110e+00
-2.985405e-01 -1.556660e-01 2.413257e+00
-5.690580e-01 -3.091590e-01 2.405404e+00
-3.340680e-01 -2.756640e-01 2.344376e+00
-9.907800e-02 -2.421690e-01 2.283348e+00
-3.380575e-01 -3.078825e-01 2.333145e+00
-5.770370e-01 -3.735960e-01 2.382941e+00
-3.432195e-01 -3.312540e-01 2.308503e+00
-1.094020e-01 -2.889120e-01 2.234064e+00
-2.522895e-01 -4.515335e-01 2.357552e+00
-3.951770e-01 -6.141550e-01 2.481041e+00
-2.888770e-01 -6.159400e-01 2.472501e+00
-1.825770e-01 -6.177250e-01 2.463961e+00
-2.906520e-01 -8.086030e-01 2.518127e+00
-3.987270e-01 -9.994810e-01 2.572294e+00
-2.992180e-01 -9.993665e-01 2.570470e+00
-1.997090e-01 -9.992520e-01 2.568647e+00
-3.105405e-01 -1.018361e+00 2.489822e+00
-4.213720e-01 -1.037470e+00 2.410998e+00
-3.189780e-01 -1.040024e+00 2.409494e+00
-2.165840e-01 -1.042577e+00 2.407990e+00
-2.773290e-01 -2.611130e-01 2.366915e+00
-3.380740e-01 5.203510e-01 2.325839e+00
-4.170990e-01 3.675575e-01 2.400006e+00
-4.961240e-01 2.147640e-01 2.474174e+00
-3.184670e-01 2.267365e-01 2.447820e+00
-1.408100e-01 2.387090e-01 2.421466e+00
-2.379745e-01 2.541525e-01 2.388182e+00
-3.351390e-01 2.695960e-01 2.354898e+00
-3.156840e-01 1.846860e-01 2.447474e+00
-2.962290e-01 9.977600e-02 2.540049e+00
-4.008000e-01 -7.182500e-03 2.501603e+00
-5.053710e-01 -1.141410e-01 2.463158e+00
-2.932025e-01 -1.159485e-01 2.434205e+00
-8.103400e-02 -1.177560e-01 2.405252e+00
-1.789370e-01 -1.125310e-01 2.479413e+00
-2.768400e-01 -1.073060e-01 2.553574e+00
-4.113165e-01 -7.733250e-02 2.531686e+00
-5.457930e-01 -4.735900e-02 2.509798e+00
-2.873560e-01 -2.672300e-02 2.465641e+00
-2.891900e-02 -6.087000e-03 2.421484e+00
-2.938715e-01 -1.591800e-01 2.413514e+00
-5.588240e-01 -3.122730e-01 2.405545e+00
-3.320485e-01 -2.763940e-01 2.342046e+00
-1.052730e-01 -2.405150e-01 2.278546e+00
-3.381705e-01 -3.086715e-01 2.332006e+00
-5.710680e-01 -3.768280e-01 2.385466e+00
-3.432360e-01 -3.318735e-01 2.307184e+00
-1.154040e-01 -2.869190e-01 2.228903e+00
-2.549875e-01 -4.528730e-01 2.356492e+00
-3.945710e-01 -6.188270e-01 2.484081e+00
-2.879535e-01 -6.193835e-01 2.471641e+00
-1.813360e-01 -6.199400e-01 2.459201e+00
-2.921215e-01 -8.127915e-01 2.513831e+00
-4.029070e-01 -1.005643e+00 2.568460e+00
-2.999845e-01 -1.001986e+00 2.571690e+00
-1.970620e-01 -9.983290e-01 2.574920e+00
-3.113595e-01 -1.019409e+00 2.490695e+00
-4.256570e-01 -1.040489e+00 2.406470e+00
-3.192475e-01 -1.043456e+00 2.410992e+00
-2.128380e-01 -1.046423e+00 2.415513e+00
-2.733105e-01 -2.647680e-01 2.370229e+00
-3.337830e-01 5.168870e-01 2.324946e+00
-4.147400e-01 3.676385e-01 2.398579e+00
-4.956970e-01 2.183900e-01 2.472211e+00
-1.390960e-01 2.361740e-01 2.426177e+00
-3.315670e-01 2.716790e-01 2.356579e+00
-2.992520e-01 9.871000e-02 2.540076e+00
-5.053070e-01 -1.159500e-01 2.455693e+00
-7.918900e-02 -1.215360e-01 2.413034e+00
-2.801380e-01 -1.107070e-01 2.554281e+00
-5.462800e-01 -4.258900e-02 2.514117e+00
-3.042500e-02 -1.002300e-02 2.424657e+00
-5.667450e-01 -3.075160e-01 2.411206e+00
-1.029110e-01 -2.469410e-01 2.283905e+00
-5.235570e-01 -3.463710e-01 2.374526e+00
-1.110750e-01 -2.834120e-01 2.226254e+00
-3.938670e-01 -6.210250e-01 2.482979e+00
-1.785280e-01 -6.235780e-01 2.454860e+00
-4.007330e-01 -1.007576e+00 2.568693e+00
-1.970720e-01 -1.000468e+00 2.574967e+00
-4.177560e-01 -1.043306e+00 2.406194e+00
-2.055030e-01 -1.050809e+00 2.415697e+00
-3.308480e-01 5.110650e-01 2.313001e+00
-4.951620e-01 2.237090e-01 2.474598e+00
-1.383530e-01 2.413770e-01 2.430157e+00
-3.304820e-01 2.784460e-01 2.360432e+00
-2.992480e-01 1.024940e-01 2.541261e+00
-5.012460e-01 -1.107020e-01 2.460937e+00
-7.620000e-02 -1.184710e-01 2.408947e+00
-2.739670e-01 -1.085720e-01 2.554681e+00
-5.470140e-01 -3.907000e-02 2.499085e+00
-3.619500e-02 -7.256000e-03 2.420844e+00
-5.687690e-01 -3.075220e-01 2.406554e+00
-8.967400e-02 -2.351920e-01 2.258712e+00
-5.211700e-01 -3.560850e-01 2.396732e+00
-1.286810e-01 -2.894380e-01 2.242704e+00
-3.959450e-01 -6.163990e-01 2.482604e+00
-1.787740e-01 -6.199290e-01 2.454230e+00
-3.986670e-01 -1.003313e+00 2.566898e+00
-2.016280e-01 -9.916840e-01 2.588735e+00
-4.200860e-01 -1.038479e+00 2.404795e+00
-2.123690e-01 -1.047885e+00 2.431577e+00
-3.284320e-01 5.188060e-01 2.324291e+00
-4.995350e-01 2.286450e-01 2.461577e+00
-1.401430e-01 2.351810e-01 2.441703e+00
-3.258150e-01 2.765790e-01 2.358266e+00
-3.124130e-01 1.029860e-01 2.543522e+00
-5.039050e-01 -1.148970e-01 2.448381e+00
-7.629100e-02 -1.129880e-01 2.424501e+00
-2.833860e-01 -1.096290e-01 2.556972e+00
-5.551150e-01 -3.321300e-02 2.480862e+00
-3.741000e-02 -1.276400e-02 2.441906e+00
-5.764780e-01 -2.992850e-01 2.383378e+00
-8.125300e-02 -2.265020e-01 2.259840e+00
-5.761090e-01 -3.630800e-01 2.408882e+00
-1.130970e-01 -2.777760e-01 2.227017e+00
-3.999960e-01 -6.175960e-01 2.477283e+00
-1.810210e-01 -6.177610e-01 2.454725e+00
-3.989420e-01 -1.003794e+00 2.564837e+00
-2.001860e-01 -9.902610e-01 2.587738e+00
-4.101960e-01 -1.040718e+00 2.402102e+00
-2.020360e-01 -1.046417e+00 2.430208e+00
-3.175010e-01 5.181010e-01 2.323094e+00
-4.999020e-01 2.304830e-01 2.458252e+00
-1.399870e-01 2.361660e-01 2.452863e+00
-3.220700e-01 2.802910e-01 2.363151e+00
-3.165420e-01 1.021530e-01 2.544451e+00
-5.004880e-01 -1.091740e-01 2.431023e+00
-7.258700e-02 -1.111980e-01 2.449039e+00
-2.916140e-01 -1.091850e-01 2.560715e+00
-5.560580e-01 -3.206300e-02 2.458107e+00
-3.820100e-02 -1.219900e-02 2.446703e+00
-5.901330e-01 -3.016920e-01 2.374724e+00
-8.482500e-02 -2.243010e-01 2.263257e+00
-5.550940e-01 -3.565560e-01 2.352756e+00
-8.651600e-02 -2.839970e-01 2.229287e+00
-3.995220e-01 -6.123470e-01 2.474494e+00
-1.800680e-01 -6.152570e-01 2.456772e+00
-3.971250e-01 -9.961710e-01 2.571911e+00
-2.000760e-01 -9.901470e-01 2.582761e+00
-3.932430e-01 -1.037281e+00 2.409838e+00
-1.879090e-01 -1.043868e+00 2.424841e+00
-3.149930e-01 5.190150e-01 2.328413e+00
-4.985220e-01 2.313310e-01 2.439850e+00
-1.398950e-01 2.389910e-01 2.470321e+00
-3.123900e-01 2.822830e-01 2.362985e+00
-3.239340e-01 1.038500e-01 2.543712e+00
-5.024230e-01 -1.175080e-01 2.409137e+00
-7.895900e-02 -1.028540e-01 2.471520e+00
-3.082960e-01 -1.101760e-01 2.559833e+00
-5.622070e-01 -2.958800e-02 2.452076e+00
-4.732700e-02 -1.281500e-02 2.452751e+00
-5.915050e-01 -2.989820e-01 2.364861e+00
-6.771000e-02 -2.316840e-01 2.271868e+00
-6.006670e-01 -3.544330e-01 2.325343e+00
-8.425500e-02 -2.703230e-01 2.217520e+00
-3.992470e-01 -6.143710e-01 2.476842e+00
-1.781890e-01 -6.117570e-01 2.455719e+00
-3.984790e-01 -9.993000e-01 2.569821e+00
-2.046190e-01 -9.873430e-01 2.578410e+00
-3.759830e-01 -1.038170e+00 2.408714e+00
-1.758570e-01 -1.040328e+00 2.422404e+00
-3.076020e-01 5.200630e-01 2.326227e+00
-4.954820e-01 2.322410e-01 2.418492e+00
-1.411490e-01 2.323200e-01 2.482118e+00
-3.018080e-01 2.771790e-01 2.358321e+00
-3.345200e-01 1.031100e-01 2.540704e+00
-5.030760e-01 -1.194710e-01 2.399028e+00
-8.618000e-02 -1.017790e-01 2.495531e+00
-3.217610e-01 -1.131550e-01 2.564960e+00
-5.670500e-01 -2.653800e-02 2.430590e+00
-4.806200e-02 -1.958100e-02 2.492873e+00
-5.943590e-01 -2.950060e-01 2.340245e+00
-4.463100e-02 -1.894170e-01 2.264559e+00
-5.710150e-01 -3.568110e-01 2.359105e+00
-7.810200e-02 -2.455260e-01 2.243303e+00
-3.982060e-01 -6.154140e-01 2.475153e+00
-1.788340e-01 -6.112110e-01 2.455395e+00
-3.989530e-01 -9.994650e-01 2.571695e+00
-2.014490e-01 -9.862510e-01 2.580493e+00
-3.631430e-01 -1.039359e+00 2.413270e+00
-1.616870e-01 -1.039808e+00 2.427120e+00
-3.014700e-01 5.174900e-01 2.325004e+00
-4.918870e-01 2.342130e-01 2.403060e+00
-1.433770e-01 2.283110e-01 2.493094e+00
-2.932940e-01 2.736590e-01 2.356647e+00
-3.434640e-01 1.045920e-01 2.539766e+00
-5.175530e-01 -1.297900e-01 2.397420e+00
-1.034060e-01 -9.766200e-02 2.501717e+00
-3.396960e-01 -1.174150e-01 2.566719e+00
-5.710780e-01 -2.116600e-02 2.414685e+00
-4.676400e-02 -2.114200e-02 2.501091e+00
-5.948810e-01 -2.929830e-01 2.338212e+00
-8.767000e-03 -1.506510e-01 2.251926e+00
-5.778290e-01 -3.573020e-01 2.355321e+00
-2.716900e-02 -2.034930e-01 2.212057e+00
-3.989640e-01 -6.216320e-01 2.476481e+00
-1.798220e-01 -6.100760e-01 2.455713e+00
-3.982000e-01 -1.006379e+00 2.570211e+00
-2.031300e-01 -9.909100e-01 2.561721e+00
-3.575140e-01 -1.044700e+00 2.412576e+00
-1.576110e-01 -1.036647e+00 2.407421e+00
-2.827350e-01 5.153310e-01 2.320426e+00
-4.851060e-01 2.403750e-01 2.384834e+00
-1.464330e-01 2.214700e-01 2.505428e+00
-2.816670e-01 2.704530e-01 2.355555e+00
-3.550850e-01 1.072790e-01 2.536159e+00
-5.236820e-01 -1.320800e-01 2.380933e+00
-1.196850e-01 -9.831800e-02 2.519041e+00
-3.604140e-01 -1.194590e-01 2.564325e+00
-5.728910e-01 -9.296000e-03 2.391177e+00
-3.476600e-02 -1.607700e-02 2.539838e+00
-6.006860e-01 -2.814550e-01 2.330130e+00
5.760200e-02 -4.940800e-02 2.277300e+00
-5.936060e-01 -3.447260e-01 2.355958e+00
6.972300e-02 -7.552300e-02 2.214918e+00
-4.042130e-01 -6.237090e-01 2.468171e+00
-1.822500e-01 -6.097940e-01 2.454818e+00
-4.020680e-01 -1.006980e+00 2.567743e+00
-2.013750e-01 -9.875400e-01 2.572115e+00
-3.486640e-01 -1.046553e+00 2.414268e+00
-1.439210e-01 -1.036765e+00 2.422956e+00
-2.525330e-01 5.058000e-01 2.314760e+00
-4.633830e-01 2.459530e-01 2.355758e+00
-1.499900e-01 2.078310e-01 2.528766e+00
-2.563780e-01 2.629060e-01 2.359066e+00
-3.677150e-01 1.072810e-01 2.526454e+00
-5.231470e-01 -1.333620e-01 2.351454e+00
-1.444440e-01 -1.052300e-01 2.549495e+00
-3.896310e-01 -1.215520e-01 2.557567e+00
-5.742560e-01 1.730900e-02 2.418023e+00
-1.356000e-02 -1.078400e-02 2.573953e+00
-6.355690e-01 -2.391210e-01 2.333045e+00
1.534330e-01 1.066430e-01 2.386706e+00
-6.158650e-01 -2.991300e-01 2.306007e+00
1.967210e-01 1.069010e-01 2.333353e+00
-4.174630e-01 -6.271330e-01 2.454927e+00
-1.837950e-01 -6.117160e-01 2.453957e+00
-4.033800e-01 -1.005908e+00 2.569586e+00
-2.039700e-01 -9.880760e-01 2.575455e+00
-3.302320e-01 -1.046987e+00 2.424898e+00
-1.260020e-01 -1.037301e+00 2.435919e+00
-1.997750e-01 4.742850e-01 2.291157e+00
-4.411060e-01 2.431100e-01 2.328726e+00
-1.505970e-01 1.973670e-01 2.536361e+00
-2.349490e-01 2.486310e-01 2.353587e+00
-3.726480e-01 1.091680e-01 2.515522e+00
-5.196740e-01 -1.317190e-01 2.335268e+00
-1.631620e-01 -1.168300e-01 2.572132e+00
-4.082810e-01 -1.236610e-01 2.554300e+00
-5.790450e-01 2.510400e-02 2.362844e+00
-9.752000e-03 -1.548000e-02 2.587117e+00
-6.589310e-01 -2.363820e-01 2.328757e+00
1.926490e-01 1.466910e-01 2.494097e+00
-6.395280e-01 -2.974950e-01 2.304076e+00
2.281490e-01 1.677540e-01 2.439173e+00
-4.299150e-01 -6.302530e-01 2.442886e+00
-1.891070e-01 -6.157330e-01 2.448940e+00
-4.017090e-01 -1.005398e+00 2.566525e+00
-2.118260e-01 -9.910980e-01 2.573039e+00
-3.183770e-01 -1.045099e+00 2.427054e+00
-1.227900e-01 -1.040369e+00 2.440308e+00
-1.662830e-01 4.670580e-01 2.294956e+00
-4.280910e-01 2.412850e-01 2.321771e+00
-1.503470e-01 1.842690e-01 2.543599e+00
-2.232790e-01 2.353240e-01 2.355919e+00
-3.761610e-01 1.087780e-01 2.514812e+00
-5.190280e-01 -1.239950e-01 2.327765e+00
-1.748300e-01 -1.338250e-01 2.582439e+00
-4.186370e-01 -1.242420e-01 2.552197e+00
-5.799970e-01 3.068000e-02 2.348716e+00
-2.369400e-02 -4.114000e-02 2.579732e+00
-6.704660e-01 -2.275680e-01 2.309551e+00
2.027010e-01 1.174660e-01 2.579767e+00
-6.701940e-01 -2.899470e-01 2.338346e+00
2.457960e-01 1.661330e-01 2.557524e+00
-4.458310e-01 -6.304370e-01 2.427323e+00
-1.944170e-01 -6.214680e-01 2.439899e+00
-4.079200e-01 -1.001117e+00 2.561395e+00
-2.164150e-01 -9.923510e-01 2.576930e+00
-3.238990e-01 -1.042628e+00 2.422867e+00
-1.239020e-01 -1.045435e+00 2.448105e+00
-1.454350e-01 4.515760e-01 2.293708e+00
-4.170580e-01 2.347710e-01 2.313900e+00
-1.596050e-01 1.490800e-01 2.550490e+00
-2.161190e-01 2.088910e-01 2.359760e+00
-3.894530e-01 9.583400e-02 2.507431e+00
-5.232430e-01 -1.294930e-01 2.315351e+00
-1.937410e-01 -1.623290e-01 2.586973e+00
-4.344200e-01 -1.354860e-01 2.544530e+00
-5.852480e-01 3.394800e-02 2.343305e+00
-5.914100e-02 -9.461800e-02 2.549517e+00
-6.993370e-01 -2.195670e-01 2.318581e+00
1.828300e-01 -6.109000e-03 2.656818e+00
-7.218430e-01 -2.785950e-01 2.291569e+00
2.329350e-01 3.132900e-02 2.685248e+00
-4.606630e-01 -6.430410e-01 2.395354e+00
-1.989550e-01 -6.335180e-01 2.416238e+00
-4.052900e-01 -9.972150e-01 2.563610e+00
-2.185110e-01 -9.952780e-01 2.576123e+00
-3.317450e-01 -1.052137e+00 2.423799e+00
-1.262520e-01 -1.055813e+00 2.450440e+00
-1.013900e-01 4.032180e-01 2.310079e+00
-4.171100e-01 2.245810e-01 2.319153e+00
-1.613600e-01 1.288530e-01 2.553733e+00
-2.167400e-01 1.934580e-01 2.364237e+00
-3.923610e-01 8.146400e-02 2.510005e+00
-5.312280e-01 -1.363580e-01 2.316953e+00
-2.023330e-01 -1.817640e-01 2.587498e+00
-4.425370e-01 -1.498710e-01 2.545863e+00
-5.928170e-01 3.089900e-02 2.360342e+00
-8.471900e-02 -1.231850e-01 2.527550e+00
-7.116700e-01 -2.188850e-01 2.315045e+00
1.683000e-01 -1.073740e-01 2.647138e+00
-7.279710e-01 -2.790040e-01 2.344034e+00
2.250050e-01 -9.613000e-02 2.684266e+00
-4.655910e-01 -6.533660e-01 2.380449e+00
-2.001350e-01 -6.434220e-01 2.402389e+00
-4.003240e-01 -9.920650e-01 2.574973e+00
-2.184410e-01 -9.982250e-01 2.577304e+00
-3.425970e-01 -1.061729e+00 2.434307e+00
-1.293600e-01 -1.064487e+00 2.452219e+00
-9.066600e-02 3.784210e-01 2.315346e+00
-4.240430e-01 2.170650e-01 2.331555e+00
-1.566800e-01 1.127810e-01 2.548907e+00
-2.217300e-01 1.837180e-01 2.364826e+00
-3.899480e-01 6.773100e-02 2.516099e+00
-5.436690e-01 -1.437560e-01 2.320364e+00
-2.002470e-01 -1.962420e-01 2.570832e+00
-4.418490e-01 -1.597180e-01 2.543582e+00
-6.022970e-01 2.373700e-02 2.377251e+00
-8.626400e-02 -1.405330e-01 2.502952e+00
-7.242790e-01 -2.236390e-01 2.315679e+00
1.757990e-01 -1.988280e-01 2.591218e+00
-6.997110e-01 -2.877980e-01 2.316338e+00
2.276160e-01 -2.062390e-01 2.635721e+00
-4.702120e-01 -6.626420e-01 2.375953e+00
-2.030000e-01 -6.542020e-01 2.388564e+00
-3.985250e-01 -9.944460e-01 2.579871e+00
-2.200600e-01 -1.000148e+00 2.580517e+00
-3.500230e-01 -1.070518e+00 2.439041e+00
-1.375690e-01 -1.073828e+00 2.455061e+00
-1.094630e-01 3.861610e-01 2.311195e+00
-4.372930e-01 2.252440e-01 2.365456e+00
-1.462270e-01 1.044670e-01 2.539507e+00
-2.326700e-01 1.899210e-01 2.371059e+00
-3.820560e-01 6.152200e-02 2.531780e+00
-5.669880e-01 -1.428750e-01 2.346639e+00
-1.926050e-01 -2.001350e-01 2.546605e+00
-4.359680e-01 -1.658340e-01 2.553411e+00
-6.008390e-01 1.768200e-02 2.412318e+00
-1.106560e-01 -1.368840e-01 2.427661e+00
-7.130800e-01 -2.293920e-01 2.328029e+00
1.224710e-01 -2.910660e-01 2.376400e+00
-7.471900e-01 -2.851410e-01 2.306839e+00
1.766330e-01 -3.211570e-01 2.406090e+00
-4.773100e-01 -6.633320e-01 2.388194e+00
-2.068620e-01 -6.603190e-01 2.385798e+00
-3.954640e-01 -9.978620e-01 2.583661e+00
-2.242990e-01 -1.001752e+00 2.585637e+00
-3.520710e-01 -1.071303e+00 2.439800e+00
-1.481390e-01 -1.079846e+00 2.458856e+00
-1.299850e-01 3.905690e-01 2.307997e+00
-4.519800e-01 2.300340e-01 2.381112e+00
-1.445520e-01 1.052820e-01 2.520842e+00
-2.479230e-01 1.948890e-01 2.364528e+00
-3.799580e-01 6.219100e-02 2.536550e+00
-5.784290e-01 -1.429310e-01 2.368011e+00
-1.831340e-01 -1.933090e-01 2.524955e+00
-4.246950e-01 -1.625560e-01 2.558876e+00
-6.087830e-01 1.945300e-02 2.435863e+00
-1.374710e-01 -1.098620e-01 2.360866e+00
-7.102100e-01 -2.218060e-01 2.325648e+00
1.703600e-02 -2.564300e-01 2.173020e+00
-6.916430e-01 -2.859600e-01 2.341770e+00
7.280700e-02 -2.917690e-01 2.154016e+00
-4.780740e-01 -6.616400e-01 2.398696e+00
-2.085850e-01 -6.603480e-01 2.390031e+00
-3.930490e-01 -9.999970e-01 2.586047e+00
-2.233490e-01 -1.002009e+00 2.589694e+00
-3.599360e-01 -1.072964e+00 2.439241e+00
-1.535860e-01 -1.080940e+00 2.459788e+00
-1.390420e-01 3.989870e-01 2.310190e+00
-4.656760e-01 2.413270e-01 2.398489e+00
-1.438070e-01 1.209510e-01 2.505774e+00
-2.631150e-01 2.125920e-01 2.362536e+00
-3.756570e-01 7.065500e-02 2.540923e+00
-5.834160e-01 -1.352660e-01 2.388588e+00
-1.748050e-01 -1.820460e-01 2.508072e+00
-4.124350e-01 -1.534750e-01 2.564322e+00
-6.173180e-01 2.506100e-02 2.441646e+00
-1.618040e-01 -5.856100e-02 2.308088e+00
-7.108240e-01 -2.232210e-01 2.342068e+00
-1.005410e-01 -1.799520e-01 2.059463e+00
-6.774610e-01 -2.831780e-01 2.338526e+00
-8.990800e-02 -1.650060e-01 1.993251e+00
-4.790920e-01 -6.529620e-01 2.406785e+00
-2.072130e-01 -6.534370e-01 2.394907e+00
-3.935630e-01 -9.970670e-01 2.583115e+00
-2.185190e-01 -9.957010e-01 2.593762e+00
-3.704010e-01 -1.068009e+00 2.433438e+00
-1.547850e-01 -1.074950e+00 2.460983e+00
-1.569730e-01 4.172710e-01 2.308605e+00
-4.783400e-01 2.522460e-01 2.424441e+00
-1.391370e-01 1.500900e-01 2.488516e+00
-2.793230e-01 2.419740e-01 2.365820e+00
-3.617460e-01 7.954000e-02 2.543177e+00
-5.904900e-01 -1.236600e-01 2.417463e+00
-1.697170e-01 -1.550040e-01 2.490916e+00
-4.008260e-01 -1.386400e-01 2.573192e+00
-6.183620e-01 3.019200e-02 2.471355e+00
-1.928130e-01 2.072400e-02 2.261583e+00
-6.933630e-01 -2.194030e-01 2.362703e+00
-1.921230e-01 -1.801300e-02 1.981892e+00
-7.240120e-01 -2.717650e-01 2.330466e+00
-1.967140e-01 -2.940200e-02 1.914293e+00
-4.763430e-01 -6.373170e-01 2.421301e+00
-2.141950e-01 -6.353300e-01 2.394296e+00
-3.941730e-01 -9.905150e-01 2.580409e+00
-2.161310e-01 -9.835770e-01 2.582806e+00
-3.806310e-01 -1.056354e+00 2.427261e+00
-1.661770e-01 -1.059775e+00 2.442553e+00
-1.932730e-01 4.477240e-01 2.305049e+00
-4.829150e-01 2.586130e-01 2.442858e+00
-1.434410e-01 1.399700e-01 2.459627e+00
-2.965490e-01 2.332260e-01 2.354696e+00
-3.577850e-01 8.600000e-02 2.552707e+00
-5.806790e-01 -1.150250e-01 2.447388e+00
-1.539280e-01 -1.506200e-01 2.454046e+00
-3.692660e-01 -1.337550e-01 2.571492e+00
-6.164000e-01 3.552800e-02 2.501605e+00
-2.105810e-01 2.457900e-02 2.228947e+00
-6.948780e-01 -2.145940e-01 2.397109e+00
-2.321470e-01 7.367000e-03 1.948095e+00
-6.738680e-01 -2.610300e-01 2.351036e+00
-2.453590e-01 -1.203000e-02 1.883522e+00
-4.601420e-01 -6.299280e-01 2.442847e+00
-2.111700e-01 -6.352560e-01 2.399822e+00
-4.010430e-01 -9.964080e-01 2.580744e+00
-2.161200e-01 -9.843290e-01 2.586743e+00
-3.902510e-01 -1.053658e+00 2.423968e+00
-1.821160e-01 -1.062007e+00 2.442581e+00
-2.270170e-01 4.782230e-01 2.324919e+00
-5.015850e-01 2.560840e-01 2.467279e+00
-1.558540e-01 1.651950e-01 2.424748e+00
-3.317440e-01 2.449020e-01 2.348206e+00
-3.459230e-01 9.508200e-02 2.553112e+00
-5.746830e-01 -1.151960e-01 2.480493e+00
-1.522360e-01 -1.470800e-01 2.417653e+00
-3.457280e-01 -1.316970e-01 2.568558e+00
-6.172440e-01 2.131200e-02 2.519532e+00
-2.277850e-01 1.541800e-02 2.215898e+00
-6.840430e-01 -2.352030e-01 2.421607e+00
-2.345410e-01 6.960000e-03 1.933526e+00
-7.056240e-01 -2.818100e-01 2.375974e+00
-2.744780e-01 -1.591300e-02 1.882514e+00
-4.560500e-01 -6.290260e-01 2.450357e+00
-2.067010e-01 -6.347610e-01 2.406713e+00
-4.024180e-01 -1.002768e+00 2.569757e+00
-2.160130e-01 -9.855260e-01 2.590270e+00
-4.145670e-01 -1.055110e+00 2.411373e+00
-1.990520e-01 -1.063026e+00 2.443033e+00
-2.542340e-01 4.999470e-01 2.334171e+00
-5.116180e-01 2.430290e-01 2.483390e+00
-1.617000e-01 2.022520e-01 2.409261e+00
-3.513820e-01 2.656740e-01 2.353155e+00
-3.313150e-01 9.586200e-02 2.541290e+00
-5.664870e-01 -1.175610e-01 2.493515e+00
-1.480780e-01 -1.277640e-01 2.402643e+00
-3.316630e-01 -1.233920e-01 2.566123e+00
-6.009180e-01 -6.040000e-04 2.544841e+00
-1.736310e-01 -8.401000e-03 2.246195e+00
-6.702580e-01 -2.635520e-01 2.468881e+00
-2.656870e-01 -3.292700e-02 1.980406e+00
-6.651690e-01 -3.307630e-01 2.482191e+00
-2.991970e-01 -5.299800e-02 1.923885e+00
-4.411890e-01 -6.254110e-01 2.454875e+00
-2.021940e-01 -6.239220e-01 2.420861e+00
-4.023230e-01 -1.002286e+00 2.570075e+00
-2.074780e-01 -9.826470e-01 2.588504e+00
-4.279350e-01 -1.053009e+00 2.412773e+00
-2.088490e-01 -1.053439e+00 2.436981e+00
-2.928090e-01 5.133180e-01 2.328782e+00
-5.157030e-01 2.382970e-01 2.485049e+00
-1.659150e-01 2.102080e-01 2.404680e+00
-3.587240e-01 2.667910e-01 2.352026e+00
-3.292170e-01 9.768500e-02 2.539553e+00
-5.561310e-01 -1.166060e-01 2.492443e+00
-1.378660e-01 -1.232910e-01 2.400584e+00
-3.210950e-01 -1.204200e-01 2.564497e+00
-5.899490e-01 -1.046800e-02 2.546197e+00
-1.418090e-01 -2.457900e-02 2.280463e+00
-6.483950e-01 -2.828010e-01 2.499616e+00
-2.629180e-01 -1.083070e-01 2.039479e+00
-6.304490e-01 -3.484870e-01 2.490465e+00
-3.138500e-01 -1.120760e-01 1.993521e+00
-4.315180e-01 -6.236130e-01 2.460124e+00
-1.988060e-01 -6.217610e-01 2.429940e+00
-4.005980e-01 -1.003223e+00 2.568551e+00
-2.045680e-01 -9.848830e-01 2.587815e+00
-4.287210e-01 -1.050617e+00 2.410641e+00
-2.130930e-01 -1.051368e+00 2.434585e+00
-3.133040e-01 5.205150e-01 2.334452e+00
-5.195570e-01 2.370660e-01 2.489074e+00
-1.705840e-01 2.196350e-01 2.402392e+00
-3.658100e-01 2.711890e-01 2.353624e+00
-3.282450e-01 1.013240e-01 2.539011e+00
-5.477110e-01 -1.153150e-01 2.490067e+00
-1.312940e-01 -1.195930e-01 2.390034e+00
-3.112690e-01 -1.147970e-01 2.557469e+00
-5.795020e-01 -1.588000e-02 2.556269e+00
-1.183400e-01 -3.143300e-02 2.322855e+00
-6.336080e-01 -2.902130e-01 2.504936e+00
-2.368890e-01 -1.823790e-01 2.113136e+00
-6.071790e-01 -3.508250e-01 2.523592e+00
-2.866380e-01 -2.058130e-01 2.071949e+00
-4.230110e-01 -6.216950e-01 2.465161e+00
-1.954840e-01 -6.190160e-01 2.439810e+00
-4.001200e-01 -1.003714e+00 2.566910e+00
-2.011870e-01 -9.865940e-01 2.587016e+00
-4.331090e-01 -1.047757e+00 2.408971e+00
-2.190330e-01 -1.048179e+00 2.432545e+00
-3.254450e-01 5.235250e-01 2.331754e+00
-5.154090e-01 2.256980e-01 2.481781e+00
-1.642830e-01 2.278380e-01 2.402372e+00
-3.611180e-01 2.674480e-01 2.349114e+00
-3.176110e-01 1.018300e-01 2.537028e+00
-5.268350e-01 -1.117210e-01 2.496479e+00
-1.137820e-01 -1.210520e-01 2.383661e+00
-2.884200e-01 -1.127960e-01 2.556525e+00
-5.642270e-01 -3.020300e-02 2.550025e+00
-8.036500e-02 -2.580600e-02 2.368485e+00
-5.946130e-01 -3.099220e-01 2.503732e+00
-1.487020e-01 -2.580940e-01 2.217882e+00
-6.115810e-01 -3.764970e-01 2.503188e+00
-1.827500e-01 -3.172580e-01 2.225681e+00
-4.119620e-01 -6.194970e-01 2.474240e+00
-1.877390e-01 -6.192230e-01 2.452739e+00
-3.981540e-01 -1.004616e+00 2.565391e+00
-2.027090e-01 -9.899930e-01 2.591017e+00
-4.391030e-01 -1.043353e+00 2.407926e+00
-2.306590e-01 -1.046623e+00 2.436148e+00
-3.371030e-01 5.246970e-01 2.334031e+00
-5.126880e-01 2.258510e-01 2.474046e+00
-1.585010e-01 2.359040e-01 2.410404e+00
-3.535810e-01 2.714950e-01 2.348544e+00
-3.149050e-01 1.060340e-01 2.537649e+00
-5.200740e-01 -1.114270e-01 2.483889e+00
-1.003800e-01 -1.198180e-01 2.398952e+00
-2.861860e-01 -1.102030e-01 2.559675e+00
-5.577910e-01 -2.937700e-02 2.548516e+00
-6.980400e-02 -1.664100e-02 2.377614e+00
-5.879260e-01 -3.081720e-01 2.494726e+00
-1.095490e-01 -2.834600e-01 2.284039e+00
-5.467470e-01 -3.631590e-01 2.493681e+00
-1.111430e-01 -3.404360e-01 2.322400e+00
-4.047390e-01 -6.186010e-01 2.480076e+00
-1.857750e-01 -6.190630e-01 2.464050e+00
-4.037000e-01 -1.004405e+00 2.569353e+00
-2.053790e-01 -9.965410e-01 2.582125e+00
-4.355070e-01 -1.041504e+00 2.409401e+00
-2.281730e-01 -1.044926e+00 2.423658e+00
-3.360240e-01 5.283350e-01 2.332277e+00
-5.083500e-01 2.163140e-01 2.468672e+00
-1.533630e-01 2.410700e-01 2.414167e+00
-3.480730e-01 2.659510e-01 2.346210e+00
-3.071510e-01 1.074990e-01 2.540766e+00
-5.164820e-01 -1.140870e-01 2.472185e+00
-9.231900e-02 -1.146720e-01 2.412918e+00
-2.876950e-01 -1.087620e-01 2.562054e+00
-5.549120e-01 -4.235300e-02 2.535242e+00
-5.793400e-02 -1.268500e-02 2.411021e+00
-5.806470e-01 -3.219140e-01 2.475293e+00
-6.589000e-02 -2.788320e-01 2.303722e+00
-5.314730e-01 -3.696670e-01 2.479976e+00
-8.565100e-02 -3.446100e-01 2.301951e+00
-3.989910e-01 -6.187760e-01 2.480496e+00
-1.828960e-01 -6.163140e-01 2.473853e+00
-4.030500e-01 -1.004688e+00 2.569217e+00
-2.050150e-01 -9.970140e-01 2.580596e+00
-4.254990e-01 -1.041598e+00 2.407643e+00
-2.203780e-01 -1.041148e+00 2.420007e+00
-3.377850e-01 5.278230e-01 2.332562e+00
