-5.027630e-01 2.175520e-01 2.466180e+00
-3.241085e-01 2.314850e-01 2.449198e+00
-1.454540e-01 2.454180e-01 2.432215e+00
-2.408680e-01 2.589185e-01 2.393468e+00
-3.362820e-01 2.724190e-01 2.354722e+00
-3.207760e-01 1.894775e-01 2.449794e+00
-3.052700e-01 1.065360e-01 2.544866e+00
-4.005900e-01 -7.610000e-04 2.505258e+00
-4.959100e-01 -1.080580e-01 2.465650e+00
-2.826150e-01 -1.120670e-01 2.447046e+00
-6.932000e-02 -1.160760e-01 2.428443e+00
-1.706795e-01 -1.116850e-01 2.497863e+00
-2.720390e-01 -1.072940e-01 2.567283e+00
-4.115130e-01 -7.715700e-02 2.538677e+00
-5.509870e-01 -4.702000e-02 2.510071e+00
-2.954135e-01 -2.623550e-02 2.464818e+00
-3.984000e-02 -5.451000e-03 2.419565e+00
-3.036350e-01 -1.644590e-01 2.424358e+00
-5.674300e-01 -3.234670e-01 2.429150e+00
-3.080000e-01 -2.959930e-01 2.365279e+00
-4.857000e-02 -2.685190e-01 2.301408e+00
-2.879145e-01 -3.237440e-01 2.367844e+00
-5.272590e-01 -3.789690e-01 2.434280e+00
-2.957610e-01 -3.569205e-01 2.372070e+00
-6.426300e-02 -3.348720e-01 2.309860e+00
-2.281675e-01 -4.747180e-01 2.394664e+00
-3.920720e-01 -6.145640e-01 2.479467e+00
-2.853545e-01 -6.156630e-01 2.479726e+00
-1.786370e-01 -6.167620e-01 2.479985e+00
-2.907665e-01 -8.090760e-01 2.521751e+00
-4.028960e-01 -1.001390e+00 2.563517e+00
-3.005130e-01 -1.001028e+00 2.569325e+00
-1.981300e-01 -1.000666e+00 2.575133e+00
-3.082955e-01 -1.018499e+00 2.487916e+00
-4.184610e-01 -1.036332e+00 2.400700e+00
-3.138355e-01 -1.038307e+00 2.406861e+00
-2.092100e-01 -1.040282e+00 2.413021e+00
-2.716510e-01 -2.574090e-01 2.373349e+00
-3.340920e-01 5.254640e-01 2.333678e+00
-4.157340e-01 3.712565e-01 2.400191e+00
-4.973760e-01 2.170490e-01 2.466704e+00
-3.183180e-01 2.303825e-01 2.454041e+00
-1.392600e-01 2.437160e-01 2.441377e+00
-2.337210e-01 2.588635e-01 2.400942e+00
-3.281820e-01 2.740110e-01 2.360507e+00
-3.152245e-01 1.883550e-01 2.453532e+00
-3.022670e-01 1.026990e-01 2.546556e+00
-3.968735e-01 -3.419500e-03 2.503711e+00
-4.914800e-01 -1.095380e-01 2.460866e+00
-2.778170e-01 -1.115860e-01 2.446693e+00
-6.415400e-02 -1.136340e-01 2.432521e+00
-1.669685e-01 -1.102075e-01 2.499823e+00
-2.697830e-01 -1.067810e-01 2.567125e+00
-4.090985e-01 -7.797600e-02 2.534298e+00
-5.484140e-01 -4.917100e-02 2.501470e+00
-2.913465e-01 -2.846550e-02 2.461107e+00
-3.427900e-02 -7.760000e-03 2.420745e+00
-3.008225e-01 -1.645440e-01 2.412880e+00
-5.673660e-01 -3.213280e-01 2.405015e+00
-3.102295e-01 -2.936090e-01 2.348175e+00
-5.309300e-02 -2.658900e-01 2.291336e+00
-2.923965e-01 -3.211020e-01 2.358481e+00
-5.317000e-01 -3.763140e-01 2.425627e+00
-2.978905e-01 -3.546150e-01 2.353303e+00
-6.408100e-02 -3.329160e-01 2.280980e+00
-2.277035e-01 -4.737730e-01 2.379694e+00
-3.913260e-01 -6.146300e-01 2.478407e+00
-2.833405e-01 -6.151110e-01 2.479690e+00
-1.753550e-01 -6.155920e-01 2.480973e+00
-2.878550e-01 -8.078055e-01 2.524992e+00
-4.003550e-01 -1.000019e+00 2.569011e+00
-2.999890e-01 -9.986345e-01 2.576384e+00
-1.996230e-01 -9.972500e-01 2.583756e+00
-3.065025e-01 -1.017570e+00 2.495191e+00
-4.133820e-01 -1.037890e+00 2.406627e+00
-3.100305e-01 -1.039087e+00 2.414459e+00
-2.066790e-01 -1.040285e+00 2.422292e+00
-2.689825e-01 -2.580790e-01 2.381382e+00
-3.312860e-01 5.241270e-01 2.340472e+00
-4.128730e-01 3.730020e-01 2.403636e+00
-4.944600e-01 2.218770e-01 2.466799e+00
-3.151080e-01 2.317070e-01 2.455127e+00
-1.357560e-01 2.415370e-01 2.443455e+00
-2.296640e-01 2.579770e-01 2.402245e+00
-3.235720e-01 2.744170e-01 2.361034e+00
-3.128015e-01 1.896260e-01 2.455124e+00
-3.020310e-01 1.048350e-01 2.549213e+00
-3.944795e-01 -1.139000e-03 2.505397e+00
-4.869280e-01 -1.071130e-01 2.461581e+00
-2.731870e-01 -1.110855e-01 2.449090e+00
-5.944600e-02 -1.150580e-01 2.436599e+00
-1.627520e-01 -1.107300e-01 2.503091e+00
-2.660580e-01 -1.064020e-01 2.569583e+00
-4.062125e-01 -7.517700e-02 2.533880e+00
-5.463670e-01 -4.395200e-02 2.498177e+00
-2.907275e-01 -2.696250e-02 2.455384e+00
-3.508800e-02 -9.973000e-03 2.412591e+00
-2.966110e-01 -1.590835e-01 2.397537e+00
-5.581340e-01 -3.081940e-01 2.382483e+00
-3.088600e-01 -2.865115e-01 2.330837e+00
-5.958600e-02 -2.648290e-01 2.279191e+00
-3.102735e-01 -3.179710e-01 2.317111e+00
-5.609610e-01 -3.711130e-01 2.355031e+00
-3.261800e-01 -3.457075e-01 2.304550e+00
-9.139900e-02 -3.203020e-01 2.254069e+00
-2.395845e-01 -4.668415e-01 2.366286e+00
-3.877700e-01 -6.133810e-01 2.478503e+00
-2.800525e-01 -6.147755e-01 2.479961e+00
-1.723350e-01 -6.161700e-01 2.481419e+00
-2.858410e-01 -8.073845e-01 2.525482e+00
-3.993470e-01 -9.985990e-01 2.569545e+00
-3.009100e-01 -1.000001e+00 2.568793e+00
-2.024730e-01 -1.001403e+00 2.568041e+00
-3.067620e-01 -1.019022e+00 2.487570e+00
-4.110510e-01 -1.036640e+00 2.407100e+00
-3.098750e-01 -1.037122e+00 2.405987e+00
-2.086990e-01 -1.037605e+00 2.404874e+00
-2.676675e-01 -2.571055e-01 2.370546e+00
-3.266360e-01 5.233940e-01 2.336219e+00
-4.079955e-01 3.745835e-01 2.407579e+00
-4.893550e-01 2.257730e-01 2.478939e+00
-3.100985e-01 2.335900e-01 2.464581e+00
-1.308420e-01 2.414070e-01 2.450224e+00
-2.251780e-01 2.616885e-01 2.411796e+00
-3.195140e-01 2.819700e-01 2.373367e+00
-3.084695e-01 1.915545e-01 2.462032e+00
-2.974250e-01 1.011390e-01 2.550697e+00
-3.911075e-01 -1.483000e-03 2.508211e+00
-4.847900e-01 -1.041050e-01 2.465724e+00
-2.713150e-01 -1.089605e-01 2.449546e+00
-5.784000e-02 -1.138160e-01 2.433367e+00
-1.599670e-01 -1.091965e-01 2.501638e+00
-2.620940e-01 -1.045770e-01 2.569908e+00
-4.003210e-01 -7.322200e-02 2.535459e+00
-5.385480e-01 -4.186700e-02 2.501010e+00
-2.858105e-01 -2.610200e-02 2.455591e+00
-3.307300e-02 -1.033700e-02 2.410173e+00
-2.958915e-01 -1.559015e-01 2.392808e+00
-5.587100e-01 -3.014660e-01 2.375443e+00
-3.213945e-01 -2.751985e-01 2.315289e+00
-8.407900e-02 -2.489310e-01 2.255135e+00
-3.221830e-01 -3.056960e-01 2.299497e+00
-5.602870e-01 -3.624610e-01 2.343859e+00
-3.378620e-01 -3.350575e-01 2.291003e+00
-1.154370e-01 -3.076540e-01 2.238146e+00
-2.503745e-01 -4.593045e-01 2.358929e+00
-3.853120e-01 -6.109550e-01 2.479712e+00
-2.776115e-01 -6.127300e-01 2.479230e+00
-1.699110e-01 -6.145050e-01 2.478748e+00
-2.875730e-01 -8.050760e-01 2.525140e+00
-4.052350e-01 -9.956470e-01 2.571532e+00
-3.061435e-01 -9.961730e-01 2.573524e+00
-2.070520e-01 -9.966990e-01 2.575517e+00
-3.130130e-01 -1.015185e+00 2.492380e+00
-4.189740e-01 -1.033672e+00 2.409243e+00
-3.167035e-01 -1.035353e+00 2.411308e+00
-2.144330e-01 -1.037035e+00 2.413372e+00
-2.670020e-01 -2.569905e-01 2.380604e+00
-3.195710e-01 5.230540e-01 2.347836e+00
-4.042795e-01 3.734690e-01 2.414014e+00
-4.889880e-01 2.238840e-01 2.480193e+00
-3.097655e-01 2.314150e-01 2.465278e+00
-1.305430e-01 2.389460e-01 2.450362e+00
-2.249665e-01 2.586075e-01 2.411827e+00
-3.193900e-01 2.782690e-01 2.373291e+00
-3.081520e-01 1.893430e-01 2.463426e+00
-2.969140e-01 1.004170e-01 2.553561e+00
-3.912925e-01 -9.750000e-04 2.510344e+00
-4.856710e-01 -1.023670e-01 2.467126e+00
-2.723150e-01 -1.091310e-01 2.450088e+00
-5.895900e-02 -1.158950e-01 2.433050e+00
-1.607805e-01 -1.109130e-01 2.501749e+00
-2.626020e-01 -1.059310e-01 2.570449e+00
-4.004080e-01 -7.486700e-02 2.535370e+00
-5.382140e-01 -4.380300e-02 2.500291e+00
-2.853770e-01 -2.835600e-02 2.456301e+00
-3.254000e-02 -1.290900e-02 2.412312e+00
-2.955530e-01 -1.600730e-01 2.397795e+00
-5.585660e-01 -3.072370e-01 2.383279e+00
-3.253370e-01 -2.749195e-01 2.315339e+00
-9.210800e-02 -2.426020e-01 2.247399e+00
-3.117360e-01 -3.006055e-01 2.297027e+00
-5.313640e-01 -3.586090e-01 2.346655e+00
-3.321020e-01 -3.266730e-01 2.287763e+00
-1.328400e-01 -2.947370e-01 2.228871e+00
-2.600115e-01 -4.525480e-01 2.353662e+00
-3.871830e-01 -6.103590e-01 2.478454e+00
-2.782700e-01 -6.129845e-01 2.476827e+00
-1.693570e-01 -6.156100e-01 2.475199e+00
-2.852760e-01 -8.052635e-01 2.523556e+00
-4.011950e-01 -9.949170e-01 2.571913e+00
-3.038290e-01 -9.940680e-01 2.580237e+00
-2.064630e-01 -9.932190e-01 2.588561e+00
-3.112715e-01 -1.013482e+00 2.499238e+00
-4.160800e-01 -1.033745e+00 2.409914e+00
-3.143400e-01 -1.037234e+00 2.419115e+00
-2.126000e-01 -1.040722e+00 2.428316e+00
-2.642080e-01 -2.580350e-01 2.391570e+00
-3.158160e-01 5.246520e-01 2.354823e+00
-4.011730e-01 3.754120e-01 2.418724e+00
-4.865300e-01 2.261720e-01 2.482625e+00
-3.073480e-01 2.318825e-01 2.466465e+00
-1.281660e-01 2.375930e-01 2.450306e+00
-2.226425e-01 2.587225e-01 2.412689e+00
-3.171190e-01 2.798520e-01 2.375072e+00
-3.062170e-01 1.898180e-01 2.464142e+00
-2.953150e-01 9.978400e-02 2.553212e+00
-3.913700e-01 -9.525000e-04 2.511160e+00
-4.874250e-01 -1.016890e-01 2.469108e+00
-2.742150e-01 -1.093510e-01 2.450674e+00
-6.100500e-02 -1.170130e-01 2.432239e+00
-1.623735e-01 -1.122080e-01 2.501618e+00
-2.637420e-01 -1.074030e-01 2.570997e+00
-4.020305e-01 -7.393650e-02 2.536461e+00
-5.403190e-01 -4.047000e-02 2.501924e+00
-2.867880e-01 -2.766550e-02 2.455970e+00
-3.325700e-02 -1.486100e-02 2.410016e+00
-2.959135e-01 -1.617660e-01 2.403281e+00
-5.585700e-01 -3.086710e-01 2.396545e+00
-3.327655e-01 -2.743015e-01 2.320697e+00
-1.069610e-01 -2.399320e-01 2.244848e+00
-3.180045e-01 -3.014890e-01 2.305762e+00
-5.290480e-01 -3.630460e-01 2.366675e+00
-3.326520e-01 -3.239585e-01 2.284298e+00
-1.362560e-01 -2.848710e-01 2.201921e+00
-2.619890e-01 -4.475565e-01 2.340452e+00
-3.877220e-01 -6.102420e-01 2.478983e+00
-2.789380e-01 -6.132070e-01 2.476251e+00
-1.701540e-01 -6.161720e-01 2.473519e+00
-2.857620e-01 -8.060465e-01 2.520638e+00
-4.013700e-01 -9.959210e-01 2.567757e+00
-3.016090e-01 -9.969520e-01 2.570716e+00
-2.018480e-01 -9.979830e-01 2.573675e+00
-3.094500e-01 -1.015364e+00 2.489521e+00
-4.170520e-01 -1.032744e+00 2.405366e+00
-3.137455e-01 -1.036220e+00 2.408652e+00
-2.104390e-01 -1.039697e+00 2.411938e+00
-2.592435e-01 -2.584650e-01 2.381152e+00
-3.080480e-01 5.227670e-01 2.350365e+00
-3.964560e-01 3.752480e-01 2.413500e+00
-4.848640e-01 2.277290e-01 2.476635e+00
-3.052725e-01 2.320340e-01 2.465304e+00
-1.256810e-01 2.363390e-01 2.453973e+00
-2.189440e-01 2.580515e-01 2.413749e+00
-3.122070e-01 2.797640e-01 2.373526e+00
-3.044000e-01 1.899545e-01 2.463146e+00
-2.965930e-01 1.001450e-01 2.552767e+00
-3.921505e-01 -1.479000e-03 2.509297e+00
-4.877080e-01 -1.031030e-01 2.465828e+00
-2.741080e-01 -1.114150e-01 2.453066e+00
-6.050800e-02 -1.197270e-01 2.440304e+00
-1.636995e-01 -1.154190e-01 2.506975e+00
-2.668910e-01 -1.111110e-01 2.573645e+00
-4.017110e-01 -7.377550e-02 2.544389e+00
-5.365310e-01 -3.644000e-02 2.515133e+00
-2.918005e-01 -2.685950e-02 2.455245e+00
-4.707000e-02 -1.727900e-02 2.395357e+00
-3.024330e-01 -1.613840e-01 2.405115e+00
-5.577960e-01 -3.054890e-01 2.414873e+00
-3.375280e-01 -2.771105e-01 2.327021e+00
-1.172600e-01 -2.487320e-01 2.239170e+00
-3.447725e-01 -3.095900e-01 2.318494e+00
-5.722850e-01 -3.704480e-01 2.397819e+00
-3.626535e-01 -3.335995e-01 2.301645e+00
-1.530220e-01 -2.967510e-01 2.205470e+00
-2.715125e-01 -4.542740e-01 2.342343e+00
-3.900030e-01 -6.117970e-01 2.479216e+00
-2.806530e-01 -6.154650e-01 2.473506e+00
-1.713030e-01 -6.191330e-01 2.467796e+00
-2.858215e-01 -8.081340e-01 2.518848e+00
-4.003400e-01 -9.971350e-01 2.569899e+00
-3.028490e-01 -9.967435e-01 2.576645e+00
-2.053580e-01 -9.963520e-01 2.583391e+00
-3.088560e-01 -1.015697e+00 2.495418e+00
-4.123540e-01 -1.035043e+00 2.407445e+00
-3.100420e-01 -1.040099e+00 2.415441e+00
-2.077300e-01 -1.045154e+00 2.423437e+00
-2.575000e-01 -2.602070e-01 2.390307e+00
-3.072700e-01 5.247400e-01 2.357177e+00
-3.962765e-01 3.742050e-01 2.418443e+00
-4.852830e-01 2.236700e-01 2.479710e+00
-3.060020e-01 2.305065e-01 2.465165e+00
-1.267210e-01 2.373430e-01 2.450620e+00
-2.209865e-01 2.577500e-01 2.412085e+00
-3.152520e-01 2.781570e-01 2.373550e+00
-3.045760e-01 1.884440e-01 2.462970e+00
-2.939000e-01 9.873100e-02 2.552391e+00
-3.919760e-01 -2.772000e-03 2.510835e+00
-4.900520e-01 -1.042750e-01 2.469279e+00
-2.769405e-01 -1.119540e-01 2.449748e+00
-6.382900e-02 -1.196330e-01 2.430217e+00
-1.648550e-01 -1.152935e-01 2.500124e+00
-2.658810e-01 -1.109540e-01 2.570031e+00
-4.029310e-01 -7.571650e-02 2.541680e+00
-5.399810e-01 -4.047900e-02 2.513329e+00
-2.936500e-01 -2.793000e-02 2.451468e+00
-4.731900e-02 -1.538100e-02 2.389608e+00
-3.040445e-01 -1.652810e-01 2.409778e+00
-5.607700e-01 -3.151810e-01 2.429947e+00
-3.397745e-01 -2.820085e-01 2.333557e+00
-1.187790e-01 -2.488360e-01 2.237166e+00
-3.323990e-01 -3.074990e-01 2.355372e+00
-5.460190e-01 -3.661620e-01 2.473579e+00
-3.484135e-01 -3.313590e-01 2.336549e+00
-1.508080e-01 -2.965560e-01 2.199519e+00
-2.694850e-01 -4.546255e-01 2.340571e+00
-3.881620e-01 -6.126950e-01 2.481622e+00
-2.809950e-01 -6.158995e-01 2.474444e+00
-1.738280e-01 -6.191040e-01 2.467267e+00
-2.870980e-01 -8.081050e-01 2.521602e+00
-4.003680e-01 -9.971060e-01 2.575936e+00
-3.028915e-01 -9.980360e-01 2.575275e+00
-2.054150e-01 -9.989660e-01 2.574614e+00
-3.110515e-01 -1.017623e+00 2.494387e+00
-4.166880e-01 -1.036279e+00 2.414159e+00
-3.153745e-01 -1.040001e+00 2.413927e+00
-2.140610e-01 -1.043722e+00 2.413696e+00
-2.597540e-01 -2.602535e-01 2.383700e+00
-3.054470e-01 5.232150e-01 2.353705e+00
-3.959775e-01 3.714460e-01 2.416438e+00
-4.865080e-01 2.196770e-01 2.479172e+00
-3.073515e-01 2.281610e-01 2.463971e+00
-1.281950e-01 2.366450e-01 2.448770e+00
-2.227830e-01 2.558160e-01 2.410392e+00
-3.173710e-01 2.749870e-01 2.372013e+00
-3.055175e-01 1.860985e-01 2.462105e+00
-2.936640e-01 9.721000e-02 2.552198e+00
-3.917245e-01 -5.139000e-03 2.509682e+00
-4.897850e-01 -1.074880e-01 2.467165e+00
-2.765030e-01 -1.146780e-01 2.449393e+00
-6.322100e-02 -1.218680e-01 2.431621e+00
-1.648510e-01 -1.184060e-01 2.500696e+00
-2.664810e-01 -1.149440e-01 2.569771e+00
-4.018735e-01 -7.971350e-02 2.545313e+00
-5.372660e-01 -4.448300e-02 2.520855e+00
-2.910545e-01 -3.030900e-02 2.456311e+00
-4.484300e-02 -1.613500e-02 2.391768e+00
-2.996605e-01 -1.680275e-01 2.414759e+00
-5.544780e-01 -3.199200e-01 2.437749e+00
-3.347980e-01 -2.854810e-01 2.339016e+00
-1.151180e-01 -2.510420e-01 2.240283e+00
-3.343685e-01 -3.100275e-01 2.363045e+00
-5.536190e-01 -3.690130e-01 2.485807e+00
-3.529130e-01 -3.325980e-01 2.344968e+00
-1.522070e-01 -2.961830e-01 2.204128e+00
-2.720985e-01 -4.556265e-01 2.344139e+00
-3.919900e-01 -6.150700e-01 2.484150e+00
-2.839880e-01 -6.182500e-01 2.477158e+00
-1.759860e-01 -6.214300e-01 2.470167e+00
-2.879360e-01 -8.117670e-01 2.518866e+00
-3.998860e-01 -1.002104e+00 2.567565e+00
-2.992710e-01 -1.002449e+00 2.570982e+00
-1.986560e-01 -1.002793e+00 2.574398e+00
-3.071430e-01 -1.019836e+00 2.489564e+00
-4.156300e-01 -1.036878e+00 2.404729e+00
-3.118680e-01 -1.041586e+00 2.408955e+00
-2.081060e-01 -1.046294e+00 2.413181e+00
-2.581980e-01 -2.607600e-01 2.385755e+00
-3.082900e-01 5.247740e-01 2.358328e+00
-3.987380e-01 3.743530e-01 2.419533e+00
-4.891860e-01 2.239320e-01 2.480738e+00
-3.100490e-01 2.321805e-01 2.465183e+00
-1.309120e-01 2.404290e-01 2.449627e+00
-2.255510e-01 2.606090e-01 2.411898e+00
-3.201900e-01 2.807890e-01 2.374168e+00
-3.083460e-01 1.901560e-01 2.462507e+00
-2.965020e-01 9.952300e-02 2.550846e+00
-3.942575e-01 -4.063000e-03 2.510088e+00
-4.920130e-01 -1.076490e-01 2.469330e+00
-2.791190e-01 -1.130125e-01 2.446874e+00
-6.622500e-02 -1.183760e-01 2.424418e+00
-1.663150e-01 -1.147910e-01 2.495701e+00
-2.664050e-01 -1.112060e-01 2.566984e+00
-4.019965e-01 -7.620650e-02 2.545473e+00
-5.375880e-01 -4.120700e-02 2.523962e+00
-2.927605e-01 -2.658300e-02 2.455472e+00
-4.793300e-02 -1.195900e-02 2.386983e+00
-3.056035e-01 -1.660665e-01 2.419938e+00
-5.632740e-01 -3.201740e-01 2.452894e+00
-3.375135e-01 -2.872215e-01 2.347921e+00
-1.117530e-01 -2.542690e-01 2.242949e+00
-3.280220e-01 -3.155465e-01 2.364884e+00
-5.442910e-01 -3.768240e-01 2.486818e+00
-3.476655e-01 -3.328620e-01 2.342648e+00
-1.510400e-01 -2.889000e-01 2.198478e+00
-2.711215e-01 -4.518875e-01 2.338086e+00
-3.912030e-01 -6.148750e-01 2.477693e+00
-2.835830e-01 -6.169715e-01 2.472079e+00
-1.759630e-01 -6.190680e-01 2.466465e+00
-2.882675e-01 -8.099810e-01 2.516003e+00
-4.005720e-01 -1.000894e+00 2.565541e+00
-3.026645e-01 -1.000212e+00 2.569003e+00
-2.047570e-01 -9.995290e-01 2.572466e+00
-3.121020e-01 -1.018432e+00 2.487935e+00
-4.194470e-01 -1.037334e+00 2.403404e+00
-3.178915e-01 -1.040415e+00 2.407459e+00
-2.163360e-01 -1.043495e+00 2.411514e+00
-2.642055e-01 -2.591585e-01 2.382890e+00
-3.120750e-01 5.251780e-01 2.354266e+00
-4.011755e-01 3.746060e-01 2.418760e+00
-4.902760e-01 2.240340e-01 2.483255e+00
-1.322690e-01 2.368740e-01 2.447673e+00
-3.220710e-01 2.780180e-01 2.373974e+00
-2.978880e-01 9.875400e-02 2.552616e+00
-4.943790e-01 -1.094380e-01 2.480720e+00
-7.092800e-02 -1.178200e-01 2.417106e+00
-2.646870e-01 -1.125200e-01 2.568359e+00
-5.410050e-01 -4.253900e-02 2.515904e+00
-5.050700e-02 -1.659800e-02 2.386289e+00
-5.624670e-01 -3.232920e-01 2.449085e+00
-1.223240e-01 -2.500360e-01 2.231059e+00
-5.452290e-01 -3.804290e-01 2.483124e+00
-1.520280e-01 -3.042290e-01 2.201038e+00
-3.915040e-01 -6.162790e-01 2.479575e+00
-1.737620e-01 -6.190860e-01 2.461735e+00
-3.990400e-01 -1.001506e+00 2.571003e+00
-2.014200e-01 -9.951320e-01 2.582731e+00
-4.245850e-01 -1.039201e+00 2.410071e+00
-2.170940e-01 -1.045089e+00 2.423887e+00
-3.128040e-01 5.229400e-01 2.352240e+00
-4.927520e-01 2.248300e-01 2.475261e+00
-1.333670e-01 2.341480e-01 2.456405e+00
-3.191150e-01 2.777550e-01 2.374274e+00
-3.050750e-01 9.709400e-02 2.552593e+00
-4.972750e-01 -1.142140e-01 2.473584e+00
-7.060300e-02 -1.150580e-01 2.436456e+00
-2.734750e-01 -1.171730e-01 2.575334e+00
-5.464830e-01 -4.037300e-02 2.510477e+00
-4.812100e-02 -1.909700e-02 2.401090e+00
-5.663410e-01 -3.196690e-01 2.439229e+00
-1.188680e-01 -2.073130e-01 2.193613e+00
-5.499710e-01 -3.735650e-01 2.478569e+00
-1.659500e-01 -2.568590e-01 2.186614e+00
-3.935250e-01 -6.187700e-01 2.475667e+00
-1.714140e-01 -6.190450e-01 2.456685e+00
-3.972790e-01 -1.002340e+00 2.574032e+00
-2.022350e-01 -9.917230e-01 2.586981e+00
-4.135590e-01 -1.043539e+00 2.412755e+00
-2.053410e-01 -1.046683e+00 2.429050e+00
-3.122720e-01 5.181170e-01 2.345038e+00
-4.873000e-01 2.360020e-01 2.446782e+00
-1.296130e-01 2.310620e-01 2.487223e+00
-2.975190e-01 2.824350e-01 2.376237e+00
-3.199490e-01 1.005140e-01 2.552407e+00
-5.004550e-01 -1.160600e-01 2.412357e+00
-7.775400e-02 -1.102730e-01 2.481045e+00
-3.084700e-01 -1.138590e-01 2.565932e+00
-5.577690e-01 -2.249200e-02 2.478796e+00
5.376000e-03 9.238000e-03 2.413855e+00
-5.724820e-01 -3.018400e-01 2.420688e+00
-7.775200e-02 -6.030000e-03 2.140935e+00
-5.773700e-01 -3.688590e-01 2.406370e+00
-1.173080e-01 -5.781700e-02 2.119167e+00
-3.944310e-01 -6.168960e-01 2.471480e+00
-1.703150e-01 -6.162130e-01 2.455535e+00
-3.998860e-01 -9.997210e-01 2.572629e+00
-2.101590e-01 -9.901560e-01 2.579612e+00
-3.755870e-01 -1.042316e+00 2.412730e+00
-1.750830e-01 -1.045010e+00 2.425556e+00
-2.868780e-01 5.148250e-01 2.336664e+00
-4.795440e-01 2.407570e-01 2.417927e+00
-1.296800e-01 2.239850e-01 2.501077e+00
-2.808550e-01 2.754300e-01 2.368228e+00
-3.321880e-01 1.051160e-01 2.549864e+00
-5.139700e-01 -1.236400e-01 2.400986e+00
-9.721000e-02 -1.035340e-01 2.497602e+00
-3.327680e-01 -1.157190e-01 2.566972e+00
-5.685820e-01 -1.141200e-02 2.446216e+00
1.405800e-02 1.367300e-02 2.414908e+00
-6.005390e-01 -2.925520e-01 2.414373e+00
-2.921200e-02 1.218370e-01 2.155094e+00
-5.667070e-01 -3.472210e-01 2.438605e+00
-6.492500e-02 8.693900e-02 2.107901e+00
-3.980630e-01 -6.210290e-01 2.462297e+00
-1.751090e-01 -6.126070e-01 2.456752e+00
-4.034280e-01 -1.002546e+00 2.568278e+00
-2.035910e-01 -9.876790e-01 2.580549e+00
-3.677360e-01 -1.046746e+00 2.410973e+00
-1.590940e-01 -1.041248e+00 2.428487e+00
-2.576180e-01 5.144150e-01 2.331701e+00
-4.685560e-01 2.447560e-01 2.395766e+00
-1.296840e-01 2.197100e-01 2.514669e+00
-2.650450e-01 2.749350e-01 2.367100e+00
-3.388160e-01 1.054480e-01 2.541644e+00
-5.179100e-01 -1.243710e-01 2.378515e+00
-1.132240e-01 -1.036540e-01 2.517178e+00
-3.546440e-01 -1.156380e-01 2.562135e+00
-5.750540e-01 1.407000e-03 2.431353e+00
3.665000e-02 1.741600e-02 2.457773e+00
-6.132720e-01 -2.748750e-01 2.379069e+00
6.212400e-02 2.204000e-01 2.261117e+00
-5.870190e-01 -3.377900e-01 2.370533e+00
3.983900e-02 2.345960e-01 2.197695e+00
-4.028800e-01 -6.211870e-01 2.457543e+00
-1.808610e-01 -6.118310e-01 2.453905e+00
-4.040850e-01 -1.002346e+00 2.564931e+00
-2.007440e-01 -9.878400e-01 2.576533e+00
-3.523240e-01 -1.045626e+00 2.411894e+00
-1.433280e-01 -1.039282e+00 2.428109e+00
-2.282360e-01 5.041950e-01 2.325082e+00
-4.548670e-01 2.468130e-01 2.366351e+00
-1.335400e-01 2.117990e-01 2.524855e+00
-2.484640e-01 2.697590e-01 2.361813e+00
-3.482580e-01 1.049930e-01 2.527725e+00
-5.114400e-01 -1.166230e-01 2.357330e+00
-1.257440e-01 -1.154670e-01 2.543517e+00
-3.711040e-01 -1.143020e-01 2.559193e+00
-5.627300e-01 1.290700e-02 2.430940e+00
4.031400e-02 1.151200e-02 2.511525e+00
-6.364900e-01 -2.450210e-01 2.346732e+00
1.625510e-01 2.472580e-01 2.419110e+00
-6.169260e-01 -3.047710e-01 2.374437e+00
1.739590e-01 3.095400e-01 2.392443e+00
-4.244070e-01 -6.194880e-01 2.441487e+00
-1.818300e-01 -6.150860e-01 2.446521e+00
-4.018180e-01 -9.932270e-01 2.570424e+00
-1.975500e-01 -9.923680e-01 2.565799e+00
-3.416140e-01 -1.040852e+00 2.421830e+00
-1.247460e-01 -1.040507e+00 2.423128e+00
-1.806060e-01 4.803480e-01 2.313546e+00
-4.413260e-01 2.434610e-01 2.345699e+00
-1.319190e-01 1.975380e-01 2.523909e+00
-2.338520e-01 2.519920e-01 2.351300e+00
-3.535770e-01 1.059850e-01 2.521540e+00
-5.152800e-01 -1.151720e-01 2.349499e+00
-1.405670e-01 -1.272890e-01 2.556551e+00
-3.861600e-01 -1.159950e-01 2.558725e+00
-5.612700e-01 1.816900e-02 2.418457e+00
5.744000e-03 -2.882700e-02 2.539556e+00
-6.645900e-01 -2.284290e-01 2.331961e+00
2.149770e-01 1.580970e-01 2.523793e+00
-6.353530e-01 -2.900820e-01 2.339995e+00
2.465550e-01 2.176270e-01 2.537188e+00
-4.435250e-01 -6.221370e-01 2.426528e+00
-1.854900e-01 -6.193240e-01 2.440540e+00
-4.006770e-01 -9.856080e-01 2.577750e+00
-2.085200e-01 -9.954880e-01 2.562139e+00
-3.462100e-01 -1.040836e+00 2.429575e+00
-1.272170e-01 -1.044928e+00 2.424597e+00
-1.559540e-01 4.653900e-01 2.304992e+00
-4.304380e-01 2.333150e-01 2.330055e+00
-1.328030e-01 1.676400e-01 2.521628e+00
-2.233380e-01 2.245160e-01 2.343533e+00
-3.612440e-01 9.506800e-02 2.513412e+00
-5.154090e-01 -1.212600e-01 2.344301e+00
-1.494510e-01 -1.503420e-01 2.564884e+00
-3.939160e-01 -1.250850e-01 2.558013e+00
-5.760400e-01 1.958300e-02 2.395947e+00
-2.264800e-02 -7.384800e-02 2.549414e+00
-6.769850e-01 -2.364090e-01 2.331707e+00
2.392520e-01 1.100600e-02 2.613109e+00
-6.493460e-01 -2.993070e-01 2.332216e+00
2.979930e-01 4.205600e-02 2.630596e+00
-4.546360e-01 -6.328870e-01 2.409759e+00
-1.888840e-01 -6.309270e-01 2.422068e+00
-4.021810e-01 -9.951650e-01 2.560819e+00
-2.158800e-01 -9.953350e-01 2.574690e+00
-3.501660e-01 -1.049865e+00 2.411572e+00
-1.361360e-01 -1.057116e+00 2.441286e+00
-1.316180e-01 4.379760e-01 2.297581e+00
-4.245890e-01 2.109930e-01 2.328105e+00
-1.284920e-01 1.342950e-01 2.517957e+00
-2.179430e-01 1.935840e-01 2.340101e+00
-3.598390e-01 7.134600e-02 2.512023e+00
-5.300530e-01 -1.421870e-01 2.346983e+00
-1.624730e-01 -1.784710e-01 2.563768e+00
-4.063340e-01 -1.474720e-01 2.559383e+00
-5.645660e-01 -3.390000e-03 2.413951e+00
-6.459200e-02 -1.280790e-01 2.517691e+00
-7.016170e-01 -2.438220e-01 2.342084e+00
1.885990e-01 -2.193770e-01 2.614200e+00
-6.799300e-01 -3.038880e-01 2.367425e+00
2.431640e-01 -2.508640e-01 2.641618e+00
-4.614180e-01 -6.556840e-01 2.389295e+00
-1.912580e-01 -6.468360e-01 2.395739e+00
-3.935270e-01 -1.001194e+00 2.570483e+00
-2.175440e-01 -9.980230e-01 2.576826e+00
-3.605450e-01 -1.072214e+00 2.422696e+00
-1.442150e-01 -1.071214e+00 2.445531e+00
-1.169330e-01 4.035180e-01 2.293694e+00
-4.281250e-01 2.092470e-01 2.349650e+00
-1.223950e-01 1.119850e-01 2.512959e+00
-2.219640e-01 1.841440e-01 2.345541e+00
-3.558090e-01 5.740800e-02 2.520633e+00
-5.419930e-01 -1.438270e-01 2.363539e+00
-1.604600e-01 -2.000290e-01 2.549823e+00
-4.028050e-01 -1.616340e-01 2.565425e+00
-5.753570e-01 -4.130000e-03 2.430894e+00
-7.714100e-02 -1.545830e-01 2.486474e+00
-7.000770e-01 -2.506580e-01 2.350797e+00
1.381430e-01 -3.448420e-01 2.500646e+00
-6.747740e-01 -3.104670e-01 2.373227e+00
1.914950e-01 -3.731080e-01 2.533433e+00
-4.684940e-01 -6.619680e-01 2.381494e+00
-1.970390e-01 -6.600970e-01 2.379583e+00
-3.926190e-01 -1.003146e+00 2.567657e+00
-2.213690e-01 -1.000865e+00 2.579836e+00
-3.720660e-01 -1.079103e+00 2.420074e+00
-1.561530e-01 -1.082328e+00 2.449133e+00
-1.160450e-01 3.906220e-01 2.301950e+00
-4.323590e-01 2.157330e-01 2.374539e+00
-1.149710e-01 9.758700e-02 2.496633e+00
-2.296780e-01 1.811670e-01 2.344955e+00
-3.483640e-01 5.376200e-02 2.530199e+00
-5.594010e-01 -1.425060e-01 2.389384e+00
-1.582270e-01 -2.084010e-01 2.524086e+00
-3.961620e-01 -1.684420e-01 2.571396e+00
-5.924270e-01 9.800000e-04 2.426900e+00
-1.085590e-01 -1.632390e-01 2.416566e+00
-6.981090e-01 -2.582110e-01 2.355109e+00
4.452800e-02 -3.785500e-01 2.299484e+00
-6.749410e-01 -3.141290e-01 2.387618e+00
9.992500e-02 -4.186440e-01 2.292846e+00
-4.750300e-01 -6.625280e-01 2.381554e+00
-1.959720e-01 -6.671910e-01 2.377475e+00
-3.914710e-01 -1.001279e+00 2.568854e+00
-2.237420e-01 -1.004316e+00 2.583367e+00
-3.820920e-01 -1.080302e+00 2.421748e+00
-1.596800e-01 -1.088650e+00 2.453921e+00
-1.145460e-01 3.922790e-01 2.313446e+00
-4.366180e-01 2.313860e-01 2.397649e+00
-1.123030e-01 1.026010e-01 2.486159e+00
-2.377360e-01 1.958640e-01 2.349345e+00
-3.428310e-01 6.003700e-02 2.536800e+00
-5.646510e-01 -1.365480e-01 2.400747e+00
-1.515630e-01 -1.985240e-01 2.495321e+00
-3.835340e-01 -1.574680e-01 2.565693e+00
-5.934430e-01 1.497200e-02 2.449874e+00
-1.528860e-01 -9.801300e-02 2.306539e+00
-6.859510e-01 -2.429520e-01 2.360126e+00
-1.336330e-01 -2.294930e-01 2.050649e+00
-6.586880e-01 -2.987630e-01 2.389490e+00
-1.202700e-01 -2.278920e-01 1.983275e+00
-4.773610e-01 -6.564670e-01 2.396288e+00
-1.995950e-01 -6.645640e-01 2.381509e+00
-3.906440e-01 -9.985670e-01 2.575910e+00
-2.231940e-01 -1.001214e+00 2.588694e+00
-3.880450e-01 -1.075791e+00 2.427578e+00
-1.656910e-01 -1.086434e+00 2.456772e+00
-1.183320e-01 4.115550e-01 2.324384e+00
-4.301890e-01 2.481750e-01 2.414110e+00
-1.024870e-01 1.176090e-01 2.485973e+00
-2.317940e-01 2.197630e-01 2.359506e+00
-3.313930e-01 6.752700e-02 2.537095e+00
-5.603320e-01 -1.236400e-01 2.404275e+00
-1.449610e-01 -1.883840e-01 2.486144e+00
-3.742770e-01 -1.451420e-01 2.563553e+00
-5.855310e-01 3.283400e-02 2.466031e+00
-1.682330e-01 -2.577400e-02 2.266160e+00
-6.738720e-01 -2.211190e-01 2.367201e+00
-1.707060e-01 -7.949800e-02 1.984787e+00
-6.971940e-01 -2.810060e-01 2.342909e+00
-1.760120e-01 -9.172100e-02 1.917386e+00
-4.762820e-01 -6.448040e-01 2.407142e+00
-2.010780e-01 -6.570330e-01 2.386299e+00
-3.892780e-01 -9.902530e-01 2.580091e+00
-2.201240e-01 -9.956940e-01 2.590657e+00
-3.875010e-01 -1.064765e+00 2.430367e+00
-1.669520e-01 -1.079802e+00 2.456228e+00
-1.277340e-01 4.333580e-01 2.331384e+00
-4.384510e-01 2.587120e-01 2.432636e+00
-1.064860e-01 1.267480e-01 2.477185e+00
-2.446770e-01 2.315790e-01 2.362890e+00
-3.310390e-01 7.546900e-02 2.544012e+00
-5.617120e-01 -1.097140e-01 2.427855e+00
-1.407120e-01 -1.710730e-01 2.477064e+00
-3.642790e-01 -1.338840e-01 2.572369e+00
-5.879460e-01 3.990700e-02 2.490175e+00
-1.812160e-01 1.124900e-02 2.243496e+00
-6.915550e-01 -2.065760e-01 2.385523e+00
-2.058360e-01 -2.665200e-02 1.959950e+00
-6.630680e-01 -2.682450e-01 2.375229e+00
-2.143900e-01 -3.756700e-02 1.892659e+00
-4.661620e-01 -6.307040e-01 2.422541e+00
-2.025280e-01 -6.427550e-01 2.386887e+00
-3.910470e-01 -9.867770e-01 2.578699e+00
-2.191680e-01 -9.866990e-01 2.582441e+00
-3.836750e-01 -1.052578e+00 2.425113e+00
-1.731530e-01 -1.067851e+00 2.443626e+00
-1.507970e-01 4.534560e-01 2.335622e+00
-4.379620e-01 2.557680e-01 2.436145e+00
-1.038860e-01 1.237970e-01 2.460162e+00
-2.483300e-01 2.300860e-01 2.355339e+00
-3.243230e-01 7.105900e-02 2.538558e+00
-5.490430e-01 -1.030420e-01 2.435964e+00
-1.262380e-01 -1.666280e-01 2.460877e+00
-3.440030e-01 -1.299190e-01 2.568948e+00
-5.811800e-01 3.817600e-02 2.514071e+00
-1.880570e-01 1.712200e-02 2.224650e+00
-6.837990e-01 -2.121220e-01 2.415565e+00
-2.327490e-01 -3.287500e-02 1.944675e+00
-6.756640e-01 -2.803420e-01 2.416153e+00
-2.422080e-01 -4.220000e-02 1.877266e+00
-4.588500e-01 -6.246240e-01 2.426737e+00
-1.955600e-01 -6.413460e-01 2.390665e+00
-3.912750e-01 -9.857010e-01 2.574631e+00
-2.172370e-01 -9.850390e-01 2.586166e+00
-3.891520e-01 -1.048748e+00 2.419734e+00
-1.769900e-01 -1.067214e+00 2.446166e+00
-1.943840e-01 4.733410e-01 2.329348e+00
-4.562870e-01 2.536420e-01 2.458330e+00
-1.113250e-01 1.555490e-01 2.427036e+00
-2.823080e-01 2.408480e-01 2.345560e+00
-3.077070e-01 8.737600e-02 2.546644e+00
-5.449090e-01 -1.079730e-01 2.472492e+00
-1.224110e-01 -1.610480e-01 2.426595e+00
-3.205230e-01 -1.337690e-01 2.569619e+00
-5.857780e-01 2.093400e-02 2.515531e+00
-1.816180e-01 -7.828000e-03 2.220737e+00
-6.780750e-01 -2.404230e-01 2.435831e+00
-2.129060e-01 -4.149100e-02 1.936016e+00
-6.570270e-01 -3.052420e-01 2.427119e+00
-2.570860e-01 -7.207500e-02 1.893200e+00
-4.443840e-01 -6.266220e-01 2.432569e+00
-1.941200e-01 -6.432040e-01 2.399373e+00
-3.938060e-01 -9.910670e-01 2.578985e+00
-2.111940e-01 -9.889830e-01 2.591625e+00
-4.046280e-01 -1.054577e+00 2.424641e+00
-1.902400e-01 -1.070405e+00 2.447043e+00
-2.114800e-01 4.960940e-01 2.335499e+00
-4.729910e-01 2.471890e-01 2.473884e+00
-1.208770e-01 1.888580e-01 2.426838e+00
-3.016660e-01 2.642210e-01 2.357664e+00
-3.061720e-01 8.871800e-02 2.541544e+00
-5.442320e-01 -1.104520e-01 2.474720e+00
-1.204890e-01 -1.498340e-01 2.426565e+00
-3.187600e-01 -1.305620e-01 2.570669e+00
-5.852970e-01 4.800000e-04 2.511334e+00
-1.616350e-01 -1.550800e-02 2.249485e+00
-6.607870e-01 -2.735950e-01 2.455359e+00
-2.081530e-01 -7.506500e-02 1.969774e+00
-6.787370e-01 -3.385930e-01 2.442184e+00
-2.392530e-01 -1.147300e-01 1.923085e+00
-4.380080e-01 -6.259390e-01 2.439293e+00
-1.877580e-01 -6.367950e-01 2.407113e+00
-3.929680e-01 -9.914030e-01 2.584977e+00
-2.082400e-01 -9.885270e-01 2.587891e+00
-4.056480e-01 -1.054502e+00 2.430607e+00
-1.891900e-01 -1.065359e+00 2.440559e+00
-2.345500e-01 5.062440e-01 2.340126e+00
-4.809700e-01 2.431870e-01 2.478214e+00
-1.298600e-01 2.067010e-01 2.407570e+00
-3.197240e-01 2.678670e-01 2.349607e+00
-2.994890e-01 9.816700e-02 2.537825e+00
-5.242020e-01 -1.067400e-01 2.480338e+00
-1.041990e-01 -1.322960e-01 2.400513e+00
-2.916010e-01 -1.187420e-01 2.559085e+00
-5.665670e-01 -1.276700e-02 2.518874e+00
-1.091550e-01 -4.245400e-02 2.298088e+00
-6.307620e-01 -2.865950e-01 2.452453e+00
-1.833410e-01 -1.824530e-01 2.056404e+00
-5.966020e-01 -3.386140e-01 2.481565e+00
-2.098250e-01 -2.187350e-01 2.004417e+00
-4.193250e-01 -6.189400e-01 2.450680e+00
-1.843470e-01 -6.272100e-01 2.425783e+00
-3.981260e-01 -9.974260e-01 2.565200e+00
-2.057730e-01 -9.878040e-01 2.588044e+00
-4.244230e-01 -1.046608e+00 2.407522e+00
-2.111280e-01 -1.056135e+00 2.435483e+00
-2.718030e-01 5.237360e-01 2.342473e+00
-4.826050e-01 2.337280e-01 2.475558e+00
-1.307130e-01 2.157180e-01 2.401753e+00
-3.242570e-01 2.652490e-01 2.344861e+00
-2.927260e-01 1.000450e-01 2.535510e+00
-5.112600e-01 -1.069380e-01 2.478015e+00
-9.201100e-02 -1.301470e-01 2.393640e+00
-2.776670e-01 -1.158750e-01 2.554191e+00
-5.595290e-01 -2.364400e-02 2.520810e+00
-8.136600e-02 -4.421700e-02 2.336908e+00
-6.156010e-01 -2.983740e-01 2.453191e+00
-1.328690e-01 -2.572880e-01 2.149450e+00
-5.961710e-01 -3.556910e-01 2.485711e+00
-1.417340e-01 -3.109800e-01 2.107510e+00
-4.080650e-01 -6.184630e-01 2.460449e+00
-1.814490e-01 -6.263730e-01 2.438899e+00
-3.997860e-01 -9.997840e-01 2.566944e+00
-2.058200e-01 -9.928590e-01 2.586920e+00
-4.295330e-01 -1.044654e+00 2.408595e+00
-2.209180e-01 -1.054374e+00 2.432128e+00
-2.894810e-01 5.298430e-01 2.352311e+00
-4.841780e-01 2.273300e-01 2.474385e+00
-1.326260e-01 2.214980e-01 2.397071e+00
-3.284450e-01 2.631500e-01 2.341668e+00
-2.888630e-01 1.014890e-01 2.533847e+00
-4.974840e-01 -1.065740e-01 2.484263e+00
-8.333900e-02 -1.324440e-01 2.378231e+00
-2.602580e-01 -1.159980e-01 2.548165e+00
-5.471680e-01 -3.240700e-02 2.522156e+00
-5.189700e-02 -3.588200e-02 2.366223e+00
-5.937850e-01 -3.065500e-01 2.449269e+00
-6.824300e-02 -2.912680e-01 2.235261e+00
-6.106060e-01 -3.702730e-01 2.429857e+00
-5.988900e-02 -3.590190e-01 2.243033e+00
-3.953570e-01 -6.186460e-01 2.469655e+00
-1.796130e-01 -6.275600e-01 2.444731e+00
-4.041930e-01 -1.003176e+00 2.563859e+00
-2.038520e-01 -9.941430e-01 2.592532e+00
-4.401050e-01 -1.041265e+00 2.405013e+00
-2.311940e-01 -1.054284e+00 2.438883e+00
-3.071140e-01 5.329570e-01 2.355632e+00
