-2.432850e-01 2.362330e-01 2.548045e+00
1.353970e-01 2.337560e-01 2.532714e+00
-5.234900e-02 9.212200e-02 2.602875e+00
1.114570e-01 -1.050720e-01 2.491347e+00
-2.896380e-01 -3.105900e-02 2.551311e+00
-2.803460e-01 -3.115610e-01 2.475631e+00
-3.099100e-01 -3.756970e-01 2.458022e+00
-1.727090e-01 -6.384200e-01 2.595541e+00
-1.675290e-01 -1.071018e+00 2.686074e+00
-1.685360e-01 -1.107978e+00 2.509530e+00
-4.953400e-02 5.006250e-01 2.417829e+00
1.304120e-01 2.347260e-01 2.524501e+00
-5.227900e-02 9.181000e-02 2.604686e+00
1.049270e-01 -1.046360e-01 2.486835e+00
-2.918820e-01 -3.276800e-02 2.565530e+00
-2.790990e-01 -3.096820e-01 2.476865e+00
-3.036500e-01 -3.729230e-01 2.450493e+00
-1.758460e-01 -6.386580e-01 2.601279e+00
-1.762670e-01 -1.072616e+00 2.685209e+00
-1.916750e-01 -1.106727e+00 2.508760e+00
-5.607000e-02 4.970740e-01 2.413872e+00
1.264230e-01 2.360370e-01 2.523828e+00
-5.064400e-02 8.921200e-02 2.609391e+00
1.043900e-01 -1.088410e-01 2.484197e+00
-2.904580e-01 -3.925700e-02 2.573600e+00
-2.871590e-01 -3.210170e-01 2.500226e+00
-3.084460e-01 -3.807660e-01 2.464525e+00
-1.762730e-01 -6.379500e-01 2.608981e+00
-1.786890e-01 -1.072646e+00 2.688969e+00
-2.022880e-01 -1.104881e+00 2.513074e+00
-5.504800e-02 4.977640e-01 2.425037e+00
1.227650e-01 2.427300e-01 2.522517e+00
-4.956900e-02 9.361700e-02 2.613605e+00
1.018930e-01 -1.071340e-01 2.484203e+00
-2.915220e-01 -3.952700e-02 2.582572e+00
-2.946890e-01 -3.230410e-01 2.516747e+00
-3.211780e-01 -3.868250e-01 2.493779e+00
-1.750320e-01 -6.369100e-01 2.610904e+00
-1.810710e-01 -1.072008e+00 2.688475e+00
-2.068290e-01 -1.102996e+00 2.512659e+00
-6.300400e-02 4.986860e-01 2.422787e+00
1.231180e-01 2.402400e-01 2.523171e+00
-5.057100e-02 9.349300e-02 2.615518e+00
1.015860e-01 -1.087100e-01 2.484362e+00
-2.907900e-01 -3.887500e-02 2.582790e+00
-2.973370e-01 -3.248930e-01 2.527266e+00
-3.244400e-01 -3.902390e-01 2.510150e+00
-1.749900e-01 -6.371630e-01 2.616537e+00
-1.799560e-01 -1.073232e+00 2.688534e+00
-2.063970e-01 -1.102004e+00 2.512442e+00
-6.731700e-02 4.977380e-01 2.421986e+00
1.259780e-01 2.393570e-01 2.525124e+00
-4.857000e-02 9.211100e-02 2.615026e+00
1.033310e-01 -1.061990e-01 2.493891e+00
-2.908440e-01 -3.872200e-02 2.587467e+00
-2.970420e-01 -3.277440e-01 2.548056e+00
-3.218170e-01 -3.958860e-01 2.541699e+00
-1.732430e-01 -6.363400e-01 2.616610e+00
-1.799750e-01 -1.072296e+00 2.689143e+00
-1.969340e-01 -1.101513e+00 2.511960e+00
-7.076900e-02 5.020600e-01 2.433165e+00
1.243270e-01 2.377200e-01 2.529251e+00
-5.414700e-02 9.345600e-02 2.616233e+00
1.043170e-01 -1.071860e-01 2.493655e+00
-2.855000e-01 -3.922400e-02 2.580252e+00
-2.946680e-01 -3.291400e-01 2.549154e+00
-3.178670e-01 -3.981130e-01 2.547682e+00
-1.665240e-01 -6.388540e-01 2.619692e+00
-1.803690e-01 -1.074731e+00 2.691689e+00
-1.964990e-01 -1.103510e+00 2.514356e+00
-7.051200e-02 5.005170e-01 2.424892e+00
1.306840e-01 2.381650e-01 2.538870e+00
-5.320900e-02 9.364400e-02 2.613219e+00
1.078310e-01 -1.050780e-01 2.494922e+00
-2.799460e-01 -3.860400e-02 2.568796e+00
-2.911360e-01 -3.287570e-01 2.534759e+00
-3.213720e-01 -3.949290e-01 2.532598e+00
-1.661610e-01 -6.392430e-01 2.614150e+00
-1.768270e-01 -1.074333e+00 2.691266e+00
-1.919220e-01 -1.105343e+00 2.514219e+00
-5.932300e-02 4.999180e-01 2.421533e+00
1.368880e-01 2.415970e-01 2.569602e+00
-5.599200e-02 9.595600e-02 2.612225e+00
1.253560e-01 -1.032150e-01 2.523993e+00
-2.616070e-01 -4.028100e-02 2.529755e+00
-2.729690e-01 -3.296390e-01 2.485261e+00
-2.866650e-01 -4.010180e-01 2.489144e+00
-1.585880e-01 -6.383860e-01 2.592773e+00
-1.774320e-01 -1.071444e+00 2.679202e+00
-1.550270e-01 -1.107410e+00 2.503875e+00
-3.975400e-02 5.088710e-01 2.432357e+00
1.383000e-01 2.366590e-01 2.589271e+00
-5.980200e-02 9.321800e-02 2.609551e+00
1.310170e-01 -1.023000e-01 2.529825e+00
-2.536990e-01 -4.011800e-02 2.491336e+00
-2.428380e-01 -3.157740e-01 2.391073e+00
-2.264420e-01 -3.864910e-01 2.396353e+00
-1.531980e-01 -6.393030e-01 2.563486e+00
-1.761100e-01 -1.070538e+00 2.657696e+00
-1.396050e-01 -1.110088e+00 2.485538e+00
-2.139200e-02 5.084330e-01 2.437100e+00
1.425790e-01 2.281030e-01 2.618748e+00
1.218500e-02 3.064660e-01 2.439279e+00
-6.261000e-02 9.357500e-02 2.613215e+00
-1.862950e-01 -9.947900e-02 2.425236e+00
1.323470e-01 -1.104670e-01 2.547861e+00
-7.392700e-02 -1.034820e-01 2.608690e+00
-2.361680e-01 -3.082700e-02 2.422796e+00
1.838680e-01 -3.763100e-02 2.672280e+00
-1.929460e-01 -2.554220e-01 2.238411e+00
1.859720e-01 -3.184040e-01 2.585840e+00
-1.567050e-01 -3.160210e-01 2.256072e+00
1.797300e-01 -3.846850e-01 2.556419e+00
-1.499830e-01 -6.413750e-01 2.523462e+00
5.142300e-02 -6.492200e-01 2.585780e+00
-1.591860e-01 -1.062214e+00 2.658271e+00
3.254200e-02 -1.088792e+00 2.628025e+00
-1.003090e-01 -1.115392e+00 2.496281e+00
9.650700e-02 -1.107646e+00 2.460430e+00
-8.355000e-03 5.111510e-01 2.447161e+00
-1.905290e-01 2.385320e-01 2.457253e+00
1.387260e-01 2.130420e-01 2.643216e+00
3.560000e-02 3.032600e-01 2.451962e+00
-6.715300e-02 8.533700e-02 2.604020e+00
-1.674970e-01 -9.284200e-02 2.392587e+00
1.286260e-01 -1.215230e-01 2.560453e+00
-8.385700e-02 -1.056910e-01 2.590418e+00
-2.110560e-01 2.476500e-02 2.286525e+00
1.764550e-01 -4.997900e-02 2.711505e+00
-6.279500e-02 -2.522200e-02 2.037683e+00
2.142780e-01 -3.222300e-01 2.607334e+00
-2.701700e-02 -3.916900e-02 1.975852e+00
2.429480e-01 -3.818540e-01 2.637674e+00
-1.555750e-01 -6.417510e-01 2.445672e+00
5.330200e-02 -6.577240e-01 2.570459e+00
-1.753870e-01 -1.057008e+00 2.595784e+00
2.580400e-02 -1.095986e+00 2.620797e+00
-1.041790e-01 -1.116342e+00 2.441045e+00
1.138190e-01 -1.119391e+00 2.465103e+00
-3.625000e-03 5.044860e-01 2.451931e+00
-1.882770e-01 2.414510e-01 2.437650e+00
1.350460e-01 2.213010e-01 2.634367e+00
3.762900e-02 3.071650e-01 2.438179e+00
-6.894700e-02 9.183200e-02 2.591291e+00
-1.698040e-01 -8.255300e-02 2.381017e+00
1.233020e-01 -1.229540e-01 2.551742e+00
-8.908600e-02 -1.024590e-01 2.579477e+00
-1.704170e-01 9.082100e-02 2.212484e+00
1.627910e-01 -3.482900e-02 2.720018e+00
-3.905200e-02 1.910860e-01 1.973100e+00
2.430130e-01 -3.005410e-01 2.632978e+00
2.001400e-02 2.022010e-01 1.932049e+00
3.069510e-01 -3.338160e-01 2.622865e+00
-1.695750e-01 -6.326520e-01 2.400185e+00
4.704300e-02 -6.559630e-01 2.561391e+00
-1.998730e-01 -1.055413e+00 2.525561e+00
2.273200e-02 -1.092764e+00 2.624462e+00
-1.287240e-01 -1.107206e+00 2.368111e+00
1.118110e-01 -1.120024e+00 2.470005e+00
8.083000e-03 5.183380e-01 2.470040e+00
-1.911190e-01 2.390540e-01 2.384948e+00
9.396500e-02 2.150540e-01 2.633528e+00
3.442100e-02 2.956870e-01 2.420678e+00
-1.059430e-01 9.197100e-02 2.561987e+00
-1.566880e-01 -9.169100e-02 2.340506e+00
1.004170e-01 -1.266470e-01 2.562690e+00
-1.133440e-01 -1.051190e-01 2.550836e+00
-1.161280e-01 1.780090e-01 2.129978e+00
1.547810e-01 -3.377300e-02 2.727054e+00
5.232000e-03 3.848220e-01 1.963057e+00
3.168740e-01 -2.619990e-01 2.643376e+00
6.534100e-02 4.217620e-01 1.945167e+00
3.887820e-01 -2.715890e-01 2.637474e+00
-1.797450e-01 -6.382100e-01 2.364964e+00
4.345400e-02 -6.611970e-01 2.554865e+00
-2.354610e-01 -1.072483e+00 2.425523e+00
1.871400e-02 -1.097580e+00 2.620608e+00
-1.270780e-01 -1.105945e+00 2.285279e+00
1.363040e-01 -1.124451e+00 2.486497e+00
2.001900e-02 5.118880e-01 2.469577e+00
-1.923550e-01 2.463920e-01 2.354036e+00
4.642700e-02 1.988420e-01 2.644490e+00
2.399900e-02 2.965740e-01 2.431657e+00
-1.387510e-01 8.477900e-02 2.530781e+00
-1.497630e-01 -8.990200e-02 2.291821e+00
7.346800e-02 -1.251400e-01 2.547979e+00
-1.368130e-01 -1.076280e-01 2.505868e+00
-9.475000e-02 2.800190e-01 2.106428e+00
1.568890e-01 -3.485400e-02 2.716267e+00
4.578200e-02 5.226910e-01 2.043365e+00
4.343140e-01 -1.012460e-01 2.681007e+00
3.679400e-02 5.940140e-01 2.031971e+00
4.985300e-01 -1.299270e-01 2.699750e+00
-2.067100e-01 -6.319250e-01 2.327580e+00
3.692300e-02 -6.576180e-01 2.544703e+00
-2.728730e-01 -1.066989e+00 2.286278e+00
2.491700e-02 -1.092473e+00 2.622939e+00
-1.370650e-01 -1.076409e+00 2.167945e+00
1.608620e-01 -1.117090e+00 2.506973e+00
1.421100e-02 4.896290e-01 2.430614e+00
-2.087590e-01 2.360080e-01 2.326979e+00
4.519700e-02 1.798020e-01 2.602639e+00
1.228900e-02 2.818530e-01 2.393223e+00
-1.476520e-01 7.036900e-02 2.497451e+00
-1.670340e-01 -1.077260e-01 2.262603e+00
6.473900e-02 -1.377980e-01 2.511737e+00
-1.470060e-01 -1.235500e-01 2.476253e+00
-1.022120e-01 2.801860e-01 2.089266e+00
1.654390e-01 -3.184900e-02 2.705388e+00
6.776100e-02 5.065710e-01 2.089519e+00
4.352600e-01 5.376000e-02 2.702415e+00
8.192000e-02 5.779530e-01 2.088215e+00
5.025850e-01 7.602000e-02 2.718829e+00
-2.221890e-01 -6.481600e-01 2.291537e+00
2.886600e-02 -6.681560e-01 2.533057e+00
-2.832570e-01 -1.080779e+00 2.224635e+00
1.866800e-02 -1.100349e+00 2.625083e+00
-1.494260e-01 -1.080969e+00 2.103703e+00
1.502930e-01 -1.128997e+00 2.505128e+00
2.523600e-02 4.752430e-01 2.433527e+00
-2.414940e-01 2.505890e-01 2.301480e+00
-1.887100e-02 2.056430e-01 2.604893e+00
-3.569500e-02 3.135720e-01 2.396518e+00
-1.858890e-01 8.376300e-02 2.472676e+00
-1.714080e-01 -8.538100e-02 2.217267e+00
3.546300e-02 -1.134260e-01 2.487653e+00
-1.721100e-01 -1.078570e-01 2.431258e+00
-1.260460e-01 2.407680e-01 2.062916e+00
1.660680e-01 2.550800e-02 2.665609e+00
7.005200e-02 4.397460e-01 2.114854e+00
4.029620e-01 1.717030e-01 2.722640e+00
1.321190e-01 4.590250e-01 2.147620e+00
4.471870e-01 2.294440e-01 2.719855e+00
-2.263030e-01 -6.261790e-01 2.256755e+00
1.993900e-02 -6.455440e-01 2.489835e+00
-2.832190e-01 -1.061573e+00 2.206189e+00
1.022600e-02 -1.072342e+00 2.604348e+00
-1.392130e-01 -1.067803e+00 2.097751e+00
1.534090e-01 -1.103797e+00 2.499257e+00
-2.962500e-02 4.976430e-01 2.409406e+00
-2.864560e-01 2.267360e-01 2.309951e+00
1.819400e-02 1.589600e-01 2.524976e+00
-6.681900e-02 2.978950e-01 2.355205e+00
-1.712400e-01 4.145400e-02 2.422320e+00
-2.190120e-01 -1.026620e-01 2.208446e+00
4.746400e-02 -1.270940e-01 2.420776e+00
-1.675610e-01 -1.326530e-01 2.415210e+00
-2.143600e-01 1.775530e-01 2.059324e+00
2.148540e-01 5.921400e-02 2.672646e+00
2.862700e-02 3.128870e-01 2.118434e+00
3.493480e-01 3.085920e-01 2.696605e+00
9.829200e-02 3.161920e-01 2.139251e+00
3.778620e-01 3.738730e-01 2.711534e+00
-2.321360e-01 -6.464820e-01 2.217111e+00
9.540000e-04 -6.585770e-01 2.447175e+00
-2.801310e-01 -1.085738e+00 2.206413e+00
7.033000e-03 -1.073164e+00 2.600290e+00
-1.689540e-01 -1.094433e+00 2.064641e+00
1.148490e-01 -1.121868e+00 2.464133e+00
-7.322400e-02 4.715690e-01 2.367376e+00
-2.870360e-01 2.455220e-01 2.294693e+00
4.422500e-02 1.953080e-01 2.466599e+00
-5.929200e-02 3.041840e-01 2.288082e+00
-1.642920e-01 7.688300e-02 2.424021e+00
-2.600740e-01 -9.394200e-02 2.176743e+00
3.907300e-02 -1.224110e-01 2.339196e+00
-1.736660e-01 -1.249570e-01 2.371344e+00
-3.407500e-01 9.020700e-02 2.088617e+00
2.654940e-01 1.737640e-01 2.608202e+00
-6.945100e-02 1.685950e-01 2.085952e+00
2.441870e-01 4.552110e-01 2.617626e+00
-1.968000e-03 1.844970e-01 2.108107e+00
2.323710e-01 5.112350e-01 2.662562e+00
-2.438010e-01 -6.420270e-01 2.176250e+00
-9.196000e-03 -6.500530e-01 2.389467e+00
-2.860560e-01 -1.079990e+00 2.218287e+00
-2.094000e-03 -1.053293e+00 2.570328e+00
-2.051630e-01 -1.103109e+00 2.058734e+00
7.868800e-02 -1.118106e+00 2.422650e+00
-1.013270e-01 5.065510e-01 2.342831e+00
-3.243010e-01 2.258040e-01 2.269858e+00
1.586200e-02 1.854080e-01 2.418274e+00
-1.020120e-01 3.019200e-01 2.257765e+00
-1.828530e-01 5.564600e-02 2.376019e+00
-2.852930e-01 -1.014530e-01 2.157921e+00
2.566100e-02 -1.162440e-01 2.298561e+00
-1.839890e-01 -1.224580e-01 2.346585e+00
-4.057460e-01 3.013500e-02 2.113998e+00
2.641690e-01 2.477000e-01 2.478900e+00
-1.422430e-01 1.160470e-01 2.062634e+00
1.934040e-01 5.170630e-01 2.522362e+00
-7.012600e-02 1.250560e-01 2.066582e+00
1.897270e-01 5.628720e-01 2.578803e+00
-2.601780e-01 -6.479880e-01 2.172696e+00
-1.254100e-02 -6.475930e-01 2.353426e+00
-2.955560e-01 -1.086245e+00 2.217898e+00
-1.470000e-03 -1.042555e+00 2.551533e+00
-2.250270e-01 -1.108901e+00 2.053437e+00
6.944800e-02 -1.115320e+00 2.402499e+00
-1.591310e-01 4.968180e-01 2.315670e+00
-3.793300e-01 1.995460e-01 2.290715e+00
-1.010600e-02 2.288930e-01 2.314206e+00
-1.922950e-01 3.126010e-01 2.203604e+00
-1.813600e-01 6.399200e-02 2.342326e+00
-3.348980e-01 -1.341030e-01 2.191802e+00
2.265000e-03 -8.590000e-02 2.218030e+00
-1.754040e-01 -1.173590e-01 2.335256e+00
-4.415490e-01 -1.711400e-02 2.160193e+00
1.660400e-01 3.887230e-01 2.208020e+00
-2.122870e-01 8.253400e-02 2.036110e+00
1.673450e-01 6.523210e-01 2.299683e+00
-1.408040e-01 9.624000e-02 2.036072e+00
1.663900e-01 7.206740e-01 2.324675e+00
-2.900710e-01 -6.654640e-01 2.188069e+00
-2.209500e-02 -6.243440e-01 2.329720e+00
-3.056020e-01 -1.105092e+00 2.231089e+00
4.324000e-03 -1.019085e+00 2.526812e+00
-2.962670e-01 -1.122961e+00 2.051844e+00
2.596400e-02 -1.097917e+00 2.366025e+00
-2.095240e-01 5.098970e-01 2.268888e+00
-3.886770e-01 1.949600e-01 2.341958e+00
-3.663700e-02 2.526900e-01 2.240190e+00
-2.523130e-01 3.074210e-01 2.186684e+00
-1.708490e-01 8.191100e-02 2.340564e+00
-3.511520e-01 -1.321550e-01 2.239233e+00
-2.210400e-02 -7.606200e-02 2.166628e+00
-1.586600e-01 -1.027130e-01 2.330763e+00
-4.399300e-01 -1.497400e-02 2.201182e+00
3.869700e-02 4.173770e-01 2.056560e+00
-2.529940e-01 6.556000e-02 2.014291e+00
9.636500e-02 6.858950e-01 2.026041e+00
-1.818140e-01 7.905900e-02 2.021275e+00
1.463660e-01 7.296430e-01 2.055767e+00
-2.940500e-01 -6.616190e-01 2.207009e+00
-3.658300e-02 -6.112250e-01 2.315910e+00
-3.032610e-01 -1.101436e+00 2.249911e+00
1.522300e-02 -1.001104e+00 2.517589e+00
-3.461430e-01 -1.117556e+00 2.075451e+00
-2.113400e-02 -1.086064e+00 2.362686e+00
-2.232980e-01 5.152160e-01 2.239588e+00
-3.596440e-01 1.950790e-01 2.404287e+00
-7.230800e-02 2.721510e-01 2.179641e+00
-2.969130e-01 3.126610e-01 2.210402e+00
-1.509660e-01 9.514300e-02 2.322452e+00
-3.328550e-01 -9.439000e-02 2.310750e+00
-7.326900e-02 -8.628800e-02 2.088849e+00
-1.182900e-01 -8.313100e-02 2.299232e+00
-4.471370e-01 1.940600e-02 2.234485e+00
-4.664700e-02 4.225230e-01 1.969692e+00
-2.810360e-01 1.072200e-02 2.011665e+00
-4.755800e-02 6.117380e-01 1.765949e+00
-2.357780e-01 6.304400e-02 1.989042e+00
-5.247600e-02 6.479080e-01 1.702980e+00
-2.748630e-01 -6.337340e-01 2.216114e+00
-3.308400e-02 -5.901870e-01 2.314212e+00
-3.295810e-01 -1.069918e+00 2.262091e+00
2.592000e-03 -9.849320e-01 2.509832e+00
-4.368990e-01 -1.071735e+00 2.117127e+00
-1.069810e-01 -1.056381e+00 2.385638e+00
-2.571520e-01 5.095470e-01 2.218469e+00
-4.036170e-01 1.666480e-01 2.350853e+00
-1.033610e-01 2.741240e-01 2.150124e+00
-3.367630e-01 2.667690e-01 2.148718e+00
-1.692130e-01 1.048070e-01 2.312625e+00
-3.354400e-01 -1.111740e-01 2.294373e+00
-5.056800e-02 -9.978900e-02 2.106200e+00
-1.214640e-01 -9.414500e-02 2.309276e+00
-4.686960e-01 -8.225400e-02 2.303234e+00
-1.422310e-01 3.101810e-01 1.893913e+00
-3.750330e-01 9.797000e-03 2.055570e+00
-2.022240e-01 4.179780e-01 1.642189e+00
-3.194760e-01 9.004000e-03 2.008556e+00
-2.257680e-01 4.191880e-01 1.573328e+00
-2.824450e-01 -6.511840e-01 2.235042e+00
-3.389300e-02 -6.138880e-01 2.311647e+00
-3.091600e-01 -1.089274e+00 2.287273e+00
1.398000e-02 -9.967860e-01 2.527197e+00
-4.057600e-01 -1.101486e+00 2.135436e+00
-7.478200e-02 -1.082095e+00 2.395368e+00
-2.861460e-01 5.024490e-01 2.175223e+00
-3.920490e-01 1.650770e-01 2.365516e+00
-1.073140e-01 2.695460e-01 2.138243e+00
-3.414800e-01 2.698160e-01 2.161005e+00
-1.650390e-01 9.644900e-02 2.302366e+00
-3.416530e-01 -1.388180e-01 2.304276e+00
-7.677500e-02 -1.079740e-01 2.090784e+00
-1.297960e-01 -1.015500e-01 2.299220e+00
-4.750860e-01 -8.380000e-02 2.348995e+00
-1.551550e-01 2.790150e-01 1.879923e+00
-3.872690e-01 -3.522100e-02 2.085820e+00
-2.341860e-01 3.586200e-01 1.621562e+00
-3.675110e-01 -3.100000e-05 2.025248e+00
-2.579090e-01 3.590600e-01 1.552753e+00
-2.878550e-01 -6.721850e-01 2.241159e+00
-3.308700e-02 -6.181390e-01 2.313968e+00
-2.847150e-01 -1.111948e+00 2.285467e+00
2.364700e-02 -1.000089e+00 2.529048e+00
-3.975050e-01 -1.126855e+00 2.145498e+00
-9.006400e-02 -1.081234e+00 2.414942e+00
-2.890380e-01 4.764140e-01 2.152429e+00
-3.944270e-01 2.045910e-01 2.347119e+00
-9.673200e-02 2.605080e-01 2.125076e+00
-3.286870e-01 2.748820e-01 2.132434e+00
-1.684330e-01 1.174210e-01 2.307634e+00
-3.431000e-01 -1.275110e-01 2.297636e+00
-6.889000e-02 -1.031820e-01 2.095378e+00
-1.305420e-01 -9.428900e-02 2.301334e+00
-4.267040e-01 -5.244800e-02 2.296238e+00
-1.481780e-01 2.741080e-01 1.866488e+00
-3.841550e-01 -3.600600e-02 2.017076e+00
-2.345700e-01 3.503240e-01 1.608147e+00
-3.730860e-01 -3.150000e-02 1.945280e+00
-2.620610e-01 3.516320e-01 1.540767e+00
-2.887300e-01 -6.630350e-01 2.244208e+00
-3.237400e-02 -6.165210e-01 2.307854e+00
-2.734540e-01 -1.103248e+00 2.280854e+00
3.145800e-02 -9.986310e-01 2.520649e+00
-3.811480e-01 -1.118959e+00 2.137013e+00
-6.936700e-02 -1.083903e+00 2.397774e+00
-3.192210e-01 5.011500e-01 2.181661e+00
-3.831560e-01 1.903780e-01 2.340811e+00
-7.590300e-02 2.368750e-01 2.130369e+00
-3.068720e-01 2.617310e-01 2.129999e+00
-1.600790e-01 9.374300e-02 2.307204e+00
-3.442610e-01 -1.298400e-01 2.294991e+00
-6.216200e-02 -1.181690e-01 2.102703e+00
-1.308690e-01 -1.045970e-01 2.306155e+00
-4.380510e-01 -6.290900e-02 2.386787e+00
-1.052840e-01 2.728440e-01 1.871285e+00
-4.233290e-01 -5.720300e-02 2.105215e+00
-1.959300e-01 3.738040e-01 1.624055e+00
-3.871380e-01 -5.615800e-02 2.042074e+00
-2.379660e-01 3.862530e-01 1.565954e+00
-2.879990e-01 -6.685040e-01 2.238849e+00
-3.079100e-02 -6.282810e-01 2.316689e+00
-2.857350e-01 -1.108391e+00 2.281960e+00
3.110000e-02 -1.011072e+00 2.528832e+00
-3.861750e-01 -1.123516e+00 2.132902e+00
-5.896900e-02 -1.097714e+00 2.398771e+00
-3.265730e-01 4.763680e-01 2.178355e+00
-3.598460e-01 2.168110e-01 2.322324e+00
-1.520300e-02 2.445040e-01 2.167099e+00
-2.425760e-01 2.950600e-01 2.133971e+00
-1.449950e-01 9.839000e-02 2.315544e+00
-3.476380e-01 -1.053280e-01 2.276351e+00
-3.773700e-02 -1.141560e-01 2.132914e+00
-1.376470e-01 -9.963900e-02 2.322928e+00
-4.332060e-01 -3.186000e-02 2.360705e+00
-4.875800e-02 2.564350e-01 1.907438e+00
-3.899770e-01 -6.849700e-02 2.085669e+00
-1.592460e-01 3.668910e-01 1.674098e+00
-3.778240e-01 -7.452100e-02 2.014160e+00
-2.063550e-01 3.858950e-01 1.621971e+00
-2.764710e-01 -6.509350e-01 2.237093e+00
-1.731600e-02 -6.239620e-01 2.322939e+00
-3.118510e-01 -1.089290e+00 2.281326e+00
2.064400e-02 -1.014195e+00 2.527000e+00
-3.808130e-01 -1.100505e+00 2.115033e+00
-4.301500e-02 -1.097222e+00 2.380067e+00
-3.352040e-01 4.599220e-01 2.157351e+00
-3.486200e-01 2.221670e-01 2.318054e+00
1.944600e-02 2.372570e-01 2.228943e+00
-1.944400e-01 3.105530e-01 2.163883e+00
-1.442210e-01 8.720800e-02 2.333487e+00
-3.397540e-01 -8.793800e-02 2.258885e+00
-1.116500e-02 -1.142490e-01 2.169287e+00
-1.409560e-01 -1.000380e-01 2.340314e+00
-4.293550e-01 -2.088700e-02 2.369712e+00
1.447700e-02 2.138110e-01 1.968775e+00
-3.934920e-01 -3.371900e-02 2.092383e+00
-1.048950e-01 3.270090e-01 1.742284e+00
-3.514490e-01 -8.184700e-02 2.057545e+00
-1.513310e-01 3.445200e-01 1.689042e+00
-2.700110e-01 -6.385090e-01 2.243103e+00
-1.548000e-02 -6.262650e-01 2.332270e+00
-3.322280e-01 -1.074709e+00 2.278065e+00
1.242300e-02 -1.019480e+00 2.532189e+00
-3.584990e-01 -1.085240e+00 2.099924e+00
-2.779400e-02 -1.101429e+00 2.376618e+00
-3.302280e-01 4.519250e-01 2.197960e+00
-3.262920e-01 2.024020e-01 2.331832e+00
5.002300e-02 2.187640e-01 2.289882e+00
-1.537830e-01 3.007350e-01 2.205644e+00
-1.261820e-01 6.327100e-02 2.360625e+00
-3.160880e-01 -1.020120e-01 2.271162e+00
2.047600e-02 -1.291940e-01 2.219426e+00
-1.283210e-01 -1.204690e-01 2.374607e+00
-4.232180e-01 -3.008700e-02 2.400173e+00
1.100010e-01 1.356190e-01 2.049870e+00
-3.598540e-01 -4.450400e-02 2.128196e+00
-2.274800e-02 2.055890e-01 1.813911e+00
-3.336470e-01 -1.025300e-01 2.092928e+00
-6.877700e-02 2.157020e-01 1.758443e+00
-2.779160e-01 -6.521000e-01 2.258007e+00
-1.506600e-02 -6.422290e-01 2.377832e+00
-3.196900e-01 -1.091802e+00 2.274767e+00
1.362800e-02 -1.042390e+00 2.563336e+00
-3.442220e-01 -1.096280e+00 2.096124e+00
-1.384500e-02 -1.118985e+00 2.402359e+00
-1.863360e-01 4.947320e-01 2.240537e+00
-3.124950e-01 1.989830e-01 2.361872e+00
6.423100e-02 2.198550e-01 2.326054e+00
-1.391330e-01 2.997970e-01 2.238850e+00
-1.112710e-01 6.206000e-02 2.393366e+00
-2.956210e-01 -1.061870e-01 2.307365e+00
4.094900e-02 -1.377070e-01 2.258196e+00
-1.091400e-01 -1.294610e-01 2.412155e+00
-3.990330e-01 -3.859200e-02 2.414794e+00
1.580170e-01 9.790600e-02 2.118534e+00
-3.490880e-01 -6.320200e-02 2.143676e+00
4.784300e-02 4.099900e-02 1.871090e+00
-3.122170e-01 -1.153640e-01 2.108785e+00
1.095100e-02 6.998900e-02 1.815447e+00
-2.700480e-01 -6.557760e-01 2.276529e+00
-6.010000e-03 -6.489210e-01 2.419202e+00
-3.074980e-01 -1.096138e+00 2.269989e+00
1.173900e-02 -1.054960e+00 2.592928e+00
-3.313960e-01 -1.091452e+00 2.091266e+00
-1.680700e-02 -1.126072e+00 2.429639e+00
-1.571840e-01 4.908190e-01 2.261000e+00
-2.973320e-01 1.961810e-01 2.416370e+00
7.258900e-02 2.184620e-01 2.336979e+00
-1.408910e-01 2.876590e-01 2.266336e+00
-9.083500e-02 6.519000e-02 2.437135e+00
-2.764520e-01 -1.138570e-01 2.366762e+00
5.407600e-02 -1.397840e-01 2.284484e+00
-8.000400e-02 -1.322280e-01 2.452601e+00
-3.853450e-01 -4.372000e-02 2.434319e+00
1.756730e-01 2.500700e-02 2.204428e+00
-3.209460e-01 -7.275100e-02 2.169102e+00
1.148970e-01 -3.241100e-02 1.943010e+00
-2.999750e-01 -1.327530e-01 2.133639e+00
8.467400e-02 -8.299100e-02 1.900280e+00
-2.595940e-01 -6.585960e-01 2.299748e+00
6.219000e-03 -6.508680e-01 2.460055e+00
-2.958740e-01 -1.098588e+00 2.278416e+00
1.530300e-02 -1.063317e+00 2.618697e+00
-3.386800e-01 -1.086583e+00 2.103605e+00
-2.963100e-02 -1.126891e+00 2.455987e+00
-1.171400e-01 4.806280e-01 2.266988e+00
-2.622920e-01 2.071620e-01 2.446939e+00
1.100860e-01 2.100390e-01 2.376461e+00
-9.839300e-02 2.847430e-01 2.297038e+00
-6.224100e-02 6.871600e-02 2.479234e+00
-2.506320e-01 -1.073760e-01 2.414697e+00
8.117900e-02 -1.461860e-01 2.343381e+00
-5.658700e-02 -1.207830e-01 2.506700e+00
-3.380810e-01 -3.397700e-02 2.474857e+00
1.816860e-01 -2.713600e-02 2.319079e+00
-2.915580e-01 -1.074850e-01 2.216647e+00
1.957850e-01 -2.119810e-01 2.119395e+00
-2.751530e-01 -1.733550e-01 2.190386e+00
1.639230e-01 -2.747700e-01 2.100959e+00
-2.445640e-01 -6.536140e-01 2.366692e+00
2.959700e-02 -6.583280e-01 2.512038e+00
-2.700900e-01 -1.094019e+00 2.339198e+00
1.751100e-02 -1.083841e+00 2.631021e+00
-3.073330e-01 -1.080873e+00 2.163200e+00
-2.399600e-02 -1.130017e+00 2.461669e+00
-6.931200e-02 4.755380e-01 2.286433e+00
-2.416210e-01 2.221640e-01 2.467957e+00
1.306330e-01 2.211410e-01 2.396773e+00
-7.702900e-02 2.993930e-01 2.318635e+00
-4.328200e-02 8.083200e-02 2.498251e+00
-2.350870e-01 -9.489300e-02 2.441539e+00
9.640600e-02 -1.350560e-01 2.369497e+00
-4.087100e-02 -1.088420e-01 2.533100e+00
-3.200620e-01 -1.676100e-02 2.508629e+00
1.862500e-01 -2.694400e-02 2.380869e+00
-2.789960e-01 -1.520080e-01 2.275143e+00
2.178960e-01 -2.732620e-01 2.267642e+00
-2.703030e-01 -2.234140e-01 2.264038e+00
1.947170e-01 -3.391370e-01 2.247129e+00
-2.291480e-01 -6.419060e-01 2.398487e+00
3.935500e-02 -6.497150e-01 2.530620e+00
-2.749260e-01 -1.079427e+00 2.355547e+00
1.954600e-02 -1.083189e+00 2.614713e+00
-3.106110e-01 -1.058463e+00 2.179985e+00
-2.224000e-02 -1.114764e+00 2.442109e+00
-3.861200e-02 4.788220e-01 2.294200e+00
-2.210770e-01 2.314090e-01 2.484656e+00
1.507550e-01 2.246660e-01 2.411607e+00
-5.625700e-02 3.048080e-01 2.333662e+00
-2.446900e-02 8.779600e-02 2.515501e+00
-2.231690e-01 -8.867900e-02 2.459431e+00
1.082020e-01 -1.291920e-01 2.387027e+00
-2.870700e-02 -1.013010e-01 2.550660e+00
-3.017490e-01 -9.808000e-03 2.517955e+00
1.902600e-01 -2.796800e-02 2.432051e+00
-2.753880e-01 -1.999940e-01 2.321299e+00
2.232170e-01 -2.959850e-01 2.380872e+00
-2.675560e-01 -2.494170e-01 2.268445e+00
2.007860e-01 -3.651530e-01 2.377674e+00
-2.144180e-01 -6.361280e-01 2.419364e+00
3.522800e-02 -6.467170e-01 2.541230e+00
-2.512860e-01 -1.076207e+00 2.437675e+00
1.917600e-02 -1.082302e+00 2.614522e+00
-2.900440e-01 -1.080288e+00 2.261561e+00
-2.308200e-02 -1.109883e+00 2.441350e+00
-1.332100e-02 4.778850e-01 2.300121e+00
-2.006870e-01 2.435060e-01 2.510214e+00
1.713110e-01 2.241580e-01 2.440331e+00
-3.165000e-02 3.143320e-01 2.362693e+00
-1.011600e-02 9.156800e-02 2.538996e+00
-2.150000e-01 -8.175200e-02 2.478825e+00
1.167250e-01 -1.254740e-01 2.409993e+00
-2.172600e-02 -9.680100e-02 2.572188e+00
-2.744400e-01 -6.050000e-03 2.526684e+00
2.040420e-01 -3.063900e-02 2.485006e+00
-2.618990e-01 -2.529280e-01 2.396523e+00
2.192270e-01 -3.086990e-01 2.507370e+00
-2.720670e-01 -3.147290e-01 2.359444e+00
1.890580e-01 -3.742210e-01 2.517080e+00
-1.872070e-01 -6.337320e-01 2.471671e+00
4.273500e-02 -6.435220e-01 2.558351e+00
-2.234170e-01 -1.066529e+00 2.553767e+00
2.313600e-02 -1.082026e+00 2.610260e+00
-2.551880e-01 -1.097049e+00 2.378855e+00
-1.740900e-02 -1.100899e+00 2.435517e+00
-7.290000e-04 4.786930e-01 2.322490e+00
-1.966240e-01 2.415100e-01 2.513886e+00
1.778000e-01 2.230310e-01 2.458156e+00
-2.210700e-02 3.138720e-01 2.373673e+00
-7.169000e-03 8.938500e-02 2.548467e+00
-2.060050e-01 -8.169400e-02 2.483773e+00
1.281440e-01 -1.246650e-01 2.427307e+00
-1.643400e-02 -9.747000e-02 2.584329e+00
-2.566760e-01 -1.539800e-02 2.511700e+00
2.050420e-01 -3.444000e-02 2.508945e+00
-2.617380e-01 -2.864400e-01 2.431557e+00
2.028170e-01 -3.137990e-01 2.552139e+00
-2.729140e-01 -3.469610e-01 2.392701e+00
1.983340e-01 -3.845940e-01 2.568436e+00
-1.733110e-01 -6.330640e-01 2.515159e+00
4.880700e-02 -6.454660e-01 2.562677e+00
-1.897760e-01 -1.052650e+00 2.653147e+00
2.096700e-02 -1.084212e+00 2.608407e+00
-2.147500e-01 -1.107572e+00 2.483161e+00
-1.220700e-02 -1.100508e+00 2.431860e+00
8.505000e-03 4.836720e-01 2.342129e+00
-1.942420e-01 2.426960e-01 2.521851e+00
1.803730e-01 2.206260e-01 2.468774e+00
-1.822700e-02 3.122610e-01 2.382096e+00
-6.271000e-03 8.937900e-02 2.559157e+00
-2.007100e-01 -8.999700e-02 2.480692e+00
1.381890e-01 -1.172050e-01 2.447559e+00
-1.797600e-02 -9.642400e-02 2.594115e+00
-2.481320e-01 -1.747400e-02 2.505289e+00
2.061150e-01 -3.911700e-02 2.521097e+00
-2.649180e-01 -2.992810e-01 2.464597e+00
2.109260e-01 -3.207410e-01 2.566010e+00
-2.784670e-01 -3.652040e-01 2.436881e+00
1.959070e-01 -3.919550e-01 2.565254e+00
-1.697100e-01 -6.322640e-01 2.562554e+00
4.863200e-02 -6.449300e-01 2.564498e+00
-1.504880e-01 -1.046491e+00 2.715559e+00
2.151300e-02 -1.083228e+00 2.614733e+00
-1.767980e-01 -1.109395e+00 2.548568e+00
2.429000e-03 -1.102485e+00 2.436407e+00
1.603400e-02 4.914340e-01 2.363129e+00
-2.044640e-01 2.358240e-01 2.534904e+00
1.719160e-01 2.167910e-01 2.494694e+00
-2.420000e-02 3.078860e-01 2.401997e+00
-1.681800e-02 8.344200e-02 2.577328e+00
-2.037920e-01 -1.062010e-01 2.490317e+00
1.366380e-01 -1.113540e-01 2.462544e+00
-2.286000e-02 -1.030810e-01 2.606730e+00
-2.560280e-01 -2.791900e-02 2.510302e+00
2.016870e-01 -4.998500e-02 2.522418e+00
-2.504960e-01 -3.126740e-01 2.460468e+00
2.111380e-01 -3.389590e-01 2.524391e+00
-2.505780e-01 -3.844780e-01 2.448563e+00
1.862290e-01 -4.055150e-01 2.540121e+00
-1.501390e-01 -6.379020e-01 2.605374e+00
5.232900e-02 -6.461960e-01 2.567986e+00
-1.533400e-01 -1.060325e+00 2.735423e+00
3.151400e-02 -1.083587e+00 2.628150e+00
-1.690700e-01 -1.113086e+00 2.563656e+00
1.663000e-02 -1.107387e+00 2.449973e+00
3.248000e-03 4.845340e-01 2.380314e+00
-2.117660e-01 2.338160e-01 2.545752e+00
1.655990e-01 2.238290e-01 2.512029e+00
-3.067600e-02 3.139510e-01 2.418720e+00
-2.175700e-02 8.396300e-02 2.586638e+00
-2.063860e-01 -1.111120e-01 2.496024e+00
1.338740e-01 -1.043250e-01 2.466573e+00
-2.501500e-02 -1.055970e-01 2.611661e+00
-2.594620e-01 -3.169800e-02 2.517482e+00
1.989160e-01 -4.531200e-02 2.507034e+00
-2.483540e-01 -3.164380e-01 2.460408e+00
2.271100e-01 -3.338070e-01 2.486218e+00
-2.500320e-01 -3.875240e-01 2.444868e+00
1.966180e-01 -3.979240e-01 2.470194e+00
-1.505010e-01 -6.397150e-01 2.610253e+00
4.875000e-02 -6.408500e-01 2.574752e+00
-1.496890e-01 -1.069476e+00 2.713543e+00
3.338600e-02 -1.078153e+00 2.637153e+00
-1.642630e-01 -1.111516e+00 2.538742e+00
1.489500e-02 -1.102862e+00 2.459438e+00
-1.296600e-02 4.900500e-01 2.400622e+00
-2.160980e-01 2.286680e-01 2.569305e+00
1.590460e-01 2.259020e-01 2.515455e+00
-4.329500e-02 3.149840e-01 2.434989e+00
-2.187300e-02 8.107900e-02 2.596234e+00
-2.091390e-01 -1.065350e-01 2.506793e+00
1.306080e-01 -1.038390e-01 2.471364e+00
-2.568700e-02 -1.059160e-01 2.619234e+00
-2.629740e-01 -3.662800e-02 2.529691e+00
1.928930e-01 -4.335400e-02 2.492997e+00
-2.504790e-01 -3.140170e-01 2.440140e+00
2.161750e-01 -3.250460e-01 2.420696e+00
-2.450470e-01 -3.857640e-01 2.429165e+00
2.162030e-01 -3.975200e-01 2.413985e+00
-1.541450e-01 -6.381900e-01 2.609897e+00
4.675800e-02 -6.392320e-01 2.580955e+00
-1.478820e-01 -1.071503e+00 2.696872e+00
3.641800e-02 -1.077281e+00 2.639007e+00
-1.663620e-01 -1.107070e+00 2.521006e+00
1.624000e-02 -1.100362e+00 2.461257e+00
-2.558700e-02 4.794620e-01 2.402607e+00
-2.207610e-01 2.200170e-01 2.600674e+00
1.495540e-01 2.253720e-01 2.520181e+00
-5.933700e-02 3.134660e-01 2.457281e+00
-2.293800e-02 7.500000e-02 2.608871e+00
-2.137980e-01 -1.079480e-01 2.522141e+00
1.236470e-01 -1.064330e-01 2.469043e+00
-2.472600e-02 -1.105670e-01 2.624819e+00
-2.685980e-01 -4.533200e-02 2.554688e+00
1.809240e-01 -4.071500e-02 2.465169e+00
-2.653770e-01 -3.103170e-01 2.429570e+00
2.085510e-01 -3.060710e-01 2.343904e+00
-2.583780e-01 -3.777010e-01 2.402962e+00
1.779190e-01 -3.719320e-01 2.348553e+00
-1.600540e-01 -6.406830e-01 2.616241e+00
4.418400e-02 -6.402350e-01 2.587170e+00
-1.524440e-01 -1.075061e+00 2.697614e+00
3.366600e-02 -1.079141e+00 2.638300e+00
-1.803680e-01 -1.108346e+00 2.522550e+00
4.654000e-03 -1.099055e+00 2.461390e+00
-3.503300e-02 4.832100e-01 2.434191e+00
-2.229890e-01 2.182720e-01 2.606234e+00
1.469130e-01 2.282180e-01 2.524293e+00
-6.297000e-02 3.157350e-01 2.463943e+00
-2.394400e-02 7.477800e-02 2.610867e+00
-2.185790e-01 -1.039300e-01 2.533606e+00
1.172660e-01 -1.074620e-01 2.471265e+00
-2.685100e-02 -1.112600e-01 2.630995e+00
-2.770010e-01 -4.840800e-02 2.570680e+00
1.754450e-01 -3.492500e-02 2.451894e+00
-2.683050e-01 -3.201130e-01 2.458691e+00
1.818230e-01 -2.902300e-01 2.306226e+00
-2.661730e-01 -3.873860e-01 2.430988e+00
1.495830e-01 -3.541340e-01 2.293014e+00
-1.620040e-01 -6.394470e-01 2.618142e+00
4.023800e-02 -6.410450e-01 2.586541e+00
-1.564730e-01 -1.074409e+00 2.696512e+00
3.582400e-02 -1.079638e+00 2.641134e+00
-1.895180e-01 -1.106259e+00 2.522074e+00
2.410000e-03 -1.101201e+00 2.465197e+00
-3.739700e-02 4.836860e-01 2.440267e+00
-2.253260e-01 2.207370e-01 2.612851e+00
1.439000e-01 2.289860e-01 2.527732e+00
-6.603700e-02 3.177650e-01 2.469447e+00
-2.700200e-02 7.619600e-02 2.615361e+00
-2.191160e-01 -1.031140e-01 2.535834e+00
1.163530e-01 -1.062130e-01 2.471477e+00
-2.680000e-02 -1.103510e-01 2.632064e+00
-2.817470e-01 -4.642500e-02 2.583846e+00
1.674300e-01 -3.231100e-02 2.446673e+00
-2.774440e-01 -3.253740e-01 2.490438e+00
1.529920e-01 -2.797690e-01 2.288204e+00
-2.790630e-01 -3.898990e-01 2.456799e+00
1.283250e-01 -3.458390e-01 2.270207e+00
-1.637320e-01 -6.387610e-01 2.618558e+00
3.776100e-02 -6.402540e-01 2.585440e+00
-1.563540e-01 -1.074013e+00 2.695144e+00
3.331400e-02 -1.078751e+00 2.640791e+00
-1.905600e-01 -1.105266e+00 2.520821e+00
-1.458000e-03 -1.100570e+00 2.465150e+00
-4.412000e-02 4.803050e-01 2.438403e+00
-2.251880e-01 2.253160e-01 2.629569e+00
1.393950e-01 2.283500e-01 2.526075e+00
-7.202300e-02 3.196590e-01 2.477937e+00
-2.888000e-02 7.818100e-02 2.622842e+00
-2.245200e-01 -1.045580e-01 2.548943e+00
1.069970e-01 -9.984900e-02 2.466697e+00
-2.720300e-02 -1.101450e-01 2.634572e+00
-2.932660e-01 -4.112900e-02 2.618010e+00
1.574650e-01 -3.486400e-02 2.447633e+00
-2.916150e-01 -3.265440e-01 2.543804e+00
1.140320e-01 -2.802340e-01 2.289904e+00
-3.009620e-01 -3.985930e-01 2.548175e+00
8.618500e-02 -3.470490e-01 2.282304e+00
-1.677280e-01 -6.395750e-01 2.620434e+00
3.293500e-02 -6.361590e-01 2.580073e+00
-1.591620e-01 -1.075321e+00 2.694026e+00
3.167700e-02 -1.074147e+00 2.639478e+00
-2.020620e-01 -1.105316e+00 2.521413e+00
-1.397100e-02 -1.097472e+00 2.466541e+00
-5.020600e-02 4.796880e-01 2.442272e+00
