-2.932360e-01 3.093460e-01 2.532676e+00
3.829600e-02 2.946300e-01 2.438363e+00
-1.115950e-01 1.695280e-01 2.561991e+00
3.540500e-02 -4.074200e-02 2.380527e+00
-3.697080e-01 4.349000e-02 2.523625e+00
-3.672160e-01 -2.443340e-01 2.472976e+00
-3.517410e-01 -3.010690e-01 2.444168e+00
-2.381140e-01 -5.375080e-01 2.541459e+00
-2.387410e-01 -9.365310e-01 2.621639e+00
-2.763720e-01 -9.666800e-01 2.471308e+00
-1.171900e-01 5.602600e-01 2.369021e+00
3.350100e-02 2.977360e-01 2.443757e+00
-1.181940e-01 1.680790e-01 2.560288e+00
3.775200e-02 -4.133400e-02 2.385543e+00
-3.686700e-01 3.392800e-02 2.514971e+00
-3.672150e-01 -2.553350e-01 2.469080e+00
-3.625960e-01 -3.193550e-01 2.482053e+00
-2.395910e-01 -5.376080e-01 2.540517e+00
-2.357080e-01 -9.377160e-01 2.614997e+00
-2.646350e-01 -9.663900e-01 2.462466e+00
-1.244570e-01 5.597610e-01 2.369506e+00
2.589600e-02 2.970420e-01 2.438274e+00
-1.253240e-01 1.679210e-01 2.556011e+00
3.568900e-02 -4.185200e-02 2.387541e+00
-3.730360e-01 2.837000e-02 2.510417e+00
-3.712350e-01 -2.610130e-01 2.460341e+00
-3.534100e-01 -3.201620e-01 2.438617e+00
-2.410540e-01 -5.397050e-01 2.539235e+00
-2.362330e-01 -9.396540e-01 2.614511e+00
-2.611300e-01 -9.687800e-01 2.461357e+00
-1.306640e-01 5.637150e-01 2.371756e+00
1.835900e-02 2.940340e-01 2.436325e+00
-1.325660e-01 1.647600e-01 2.554274e+00
3.237900e-02 -4.206000e-02 2.381285e+00
-3.790060e-01 2.276000e-02 2.504833e+00
-3.718880e-01 -2.662160e-01 2.447250e+00
-3.575450e-01 -3.248500e-01 2.472639e+00
-2.375740e-01 -5.443910e-01 2.533510e+00
-2.425350e-01 -9.421710e-01 2.619506e+00
-2.681270e-01 -9.747850e-01 2.467171e+00
-1.415940e-01 5.636500e-01 2.375230e+00
1.533600e-02 2.969220e-01 2.435646e+00
-1.338310e-01 1.638540e-01 2.551594e+00
3.024500e-02 -4.337600e-02 2.373485e+00
-3.844410e-01 1.921700e-02 2.500986e+00
-3.722390e-01 -2.700270e-01 2.444227e+00
-3.561200e-01 -3.301430e-01 2.464585e+00
-2.378440e-01 -5.466950e-01 2.530294e+00
-2.413550e-01 -9.427340e-01 2.624048e+00
-2.699190e-01 -9.782620e-01 2.472898e+00
-1.561830e-01 5.644630e-01 2.376869e+00
8.032000e-03 2.966100e-01 2.432085e+00
-1.389800e-01 1.637530e-01 2.550990e+00
2.984700e-02 -4.108900e-02 2.370923e+00
-3.849990e-01 2.140700e-02 2.497254e+00
-3.701820e-01 -2.679400e-01 2.440980e+00
-3.567880e-01 -3.303960e-01 2.455405e+00
-2.362270e-01 -5.469310e-01 2.526306e+00
-2.396110e-01 -9.416100e-01 2.625636e+00
-2.680470e-01 -9.792820e-01 2.474982e+00
-1.575790e-01 5.635340e-01 2.375087e+00
6.188000e-03 2.947290e-01 2.428721e+00
-1.430610e-01 1.636010e-01 2.546755e+00
2.514200e-02 -4.252800e-02 2.359725e+00
-3.846640e-01 1.659300e-02 2.491287e+00
-3.711840e-01 -2.717730e-01 2.428055e+00
-3.481950e-01 -3.328450e-01 2.433527e+00
-2.354770e-01 -5.490130e-01 2.520126e+00
-2.363210e-01 -9.446490e-01 2.615624e+00
-2.737970e-01 -9.805580e-01 2.466525e+00
-1.590950e-01 5.626030e-01 2.368801e+00
7.775000e-03 2.932330e-01 2.429771e+00
-1.453430e-01 1.610060e-01 2.541452e+00
3.076800e-02 -4.535200e-02 2.364428e+00
-3.867260e-01 1.128400e-02 2.489087e+00
-3.708890e-01 -2.771110e-01 2.428031e+00
-3.461830e-01 -3.376730e-01 2.424847e+00
-2.341220e-01 -5.503330e-01 2.515871e+00
-2.413200e-01 -9.424540e-01 2.624676e+00
-2.690040e-01 -9.835400e-01 2.474776e+00
-1.630060e-01 5.619420e-01 2.367678e+00
9.190000e-03 2.974440e-01 2.433400e+00
-1.426680e-01 1.585570e-01 2.538525e+00
3.179200e-02 -4.689300e-02 2.360222e+00
-3.886510e-01 5.324000e-03 2.479578e+00
-3.693050e-01 -2.839020e-01 2.425009e+00
-3.401740e-01 -3.423190e-01 2.419806e+00
-2.300870e-01 -5.519470e-01 2.515385e+00
-2.492430e-01 -9.442890e-01 2.621917e+00
-2.777790e-01 -9.836780e-01 2.471721e+00
-1.650230e-01 5.581380e-01 2.363801e+00
7.057000e-03 2.957340e-01 2.435138e+00
-1.525870e-01 1.641380e-01 2.538086e+00
3.418600e-02 -4.290400e-02 2.371101e+00
-3.832740e-01 1.524300e-02 2.456394e+00
-3.679440e-01 -2.762090e-01 2.421640e+00
-3.482420e-01 -3.367040e-01 2.406134e+00
-2.251070e-01 -5.517560e-01 2.511968e+00
-2.513330e-01 -9.418890e-01 2.624918e+00
-2.664140e-01 -9.846560e-01 2.473696e+00
-1.647430e-01 5.639790e-01 2.360132e+00
7.422000e-03 2.922410e-01 2.434146e+00
-1.796630e-01 3.360870e-01 2.300167e+00
-1.535510e-01 1.611490e-01 2.535657e+00
-3.326780e-01 -5.781200e-02 2.418770e+00
3.025200e-02 -4.013500e-02 2.365427e+00
-1.346370e-01 -4.618300e-02 2.505799e+00
-3.844980e-01 1.202000e-02 2.446415e+00
8.863100e-02 2.587300e-02 2.436964e+00
-3.687170e-01 -2.800670e-01 2.416348e+00
9.442600e-02 -2.657250e-01 2.399483e+00
-3.454050e-01 -3.412150e-01 2.413955e+00
5.925300e-02 -3.190090e-01 2.414041e+00
-2.205450e-01 -5.550730e-01 2.504630e+00
-2.573700e-02 -5.391430e-01 2.505626e+00
-2.462040e-01 -9.419590e-01 2.628362e+00
-3.719900e-02 -9.323730e-01 2.609968e+00
-2.651740e-01 -9.885590e-01 2.478719e+00
-5.529900e-02 -9.721030e-01 2.458250e+00
-1.675120e-01 5.610350e-01 2.357626e+00
-3.379590e-01 2.858710e-01 2.462024e+00
5.959000e-03 3.010600e-01 2.439347e+00
-1.781220e-01 3.448210e-01 2.301243e+00
-1.548870e-01 1.635560e-01 2.532205e+00
-3.301540e-01 -5.309200e-02 2.401954e+00
3.600400e-02 -3.656200e-02 2.378910e+00
-1.399120e-01 -4.359000e-02 2.505137e+00
-3.836800e-01 1.283200e-02 2.435411e+00
8.481000e-02 3.436200e-02 2.441208e+00
-3.665880e-01 -2.785150e-01 2.402808e+00
9.568700e-02 -2.571090e-01 2.407074e+00
-3.396170e-01 -3.329310e-01 2.378319e+00
6.481300e-02 -3.139840e-01 2.417087e+00
-2.149650e-01 -5.499910e-01 2.498977e+00
-2.427500e-02 -5.364210e-01 2.507071e+00
-2.472650e-01 -9.357380e-01 2.624694e+00
-3.856300e-02 -9.307300e-01 2.606896e+00
-2.528080e-01 -9.842080e-01 2.474545e+00
-4.415800e-02 -9.692610e-01 2.453898e+00
-1.758570e-01 5.615950e-01 2.351097e+00
-3.435910e-01 2.778860e-01 2.432523e+00
3.460000e-04 3.022390e-01 2.444320e+00
-1.697990e-01 3.375420e-01 2.287226e+00
-1.655240e-01 1.624630e-01 2.524017e+00
-3.217620e-01 -6.061600e-02 2.391028e+00
4.417700e-02 -3.160600e-02 2.379975e+00
-1.355320e-01 -4.348300e-02 2.500361e+00
-3.800660e-01 2.194000e-03 2.427048e+00
9.044800e-02 3.924300e-02 2.453345e+00
-3.505300e-01 -2.889440e-01 2.402054e+00
1.107900e-01 -2.508690e-01 2.412362e+00
-3.456980e-01 -3.526460e-01 2.387669e+00
7.241100e-02 -3.035050e-01 2.419054e+00
-2.047850e-01 -5.527230e-01 2.496901e+00
-1.613300e-02 -5.341290e-01 2.508576e+00
-2.485530e-01 -9.359300e-01 2.626847e+00
-3.917300e-02 -9.280930e-01 2.608126e+00
-2.469170e-01 -9.867940e-01 2.477399e+00
-3.767800e-02 -9.668510e-01 2.455090e+00
-1.784520e-01 5.639610e-01 2.349568e+00
-3.467270e-01 2.705510e-01 2.424593e+00
-4.113000e-03 3.037270e-01 2.447832e+00
-1.701930e-01 3.381900e-01 2.286266e+00
-1.685110e-01 1.577690e-01 2.519045e+00
-3.150360e-01 -6.285500e-02 2.381165e+00
5.085200e-02 -3.121700e-02 2.380461e+00
-1.323140e-01 -4.191300e-02 2.495634e+00
-3.730970e-01 -6.422000e-03 2.414231e+00
9.527100e-02 4.445100e-02 2.468211e+00
-3.474810e-01 -2.979400e-01 2.386197e+00
1.195750e-01 -2.446370e-01 2.420643e+00
-3.385060e-01 -3.609900e-01 2.370949e+00
8.500000e-02 -2.980740e-01 2.436050e+00
-1.958530e-01 -5.541760e-01 2.490847e+00
-7.129000e-03 -5.326430e-01 2.513030e+00
-2.466800e-01 -9.349940e-01 2.625172e+00
-4.187600e-02 -9.271830e-01 2.606730e+00
-2.392990e-01 -9.883270e-01 2.476762e+00
-3.399700e-02 -9.642730e-01 2.453476e+00
-1.844360e-01 5.580850e-01 2.342577e+00
-3.447290e-01 2.624450e-01 2.406048e+00
-6.816000e-03 3.065340e-01 2.459867e+00
-1.591890e-01 3.382490e-01 2.284794e+00
-1.716940e-01 1.540180e-01 2.514235e+00
-3.068160e-01 -6.968400e-02 2.363178e+00
5.694900e-02 -2.916100e-02 2.393317e+00
-1.348500e-01 -4.552300e-02 2.492689e+00
-3.653280e-01 -1.437300e-02 2.386089e+00
1.024660e-01 5.133100e-02 2.479346e+00
-3.363100e-01 -3.050460e-01 2.354163e+00
1.282980e-01 -2.365460e-01 2.426319e+00
-3.284870e-01 -3.685700e-01 2.340318e+00
9.370700e-02 -2.910870e-01 2.437135e+00
-1.912220e-01 -5.563060e-01 2.490207e+00
-6.630000e-03 -5.341920e-01 2.514953e+00
-2.451090e-01 -9.364360e-01 2.625285e+00
-4.536500e-02 -9.290500e-01 2.605704e+00
-2.244900e-01 -9.914320e-01 2.478742e+00
-2.410500e-02 -9.660690e-01 2.453710e+00
-1.842850e-01 5.574750e-01 2.344630e+00
-3.423820e-01 2.584610e-01 2.391845e+00
-1.181300e-02 3.086580e-01 2.476868e+00
-1.495000e-01 3.448910e-01 2.290849e+00
-1.760700e-01 1.494310e-01 2.509551e+00
-2.954280e-01 -7.093900e-02 2.327262e+00
5.749400e-02 -2.456700e-02 2.417658e+00
-1.473960e-01 -4.847400e-02 2.483822e+00
-3.480250e-01 -9.339000e-03 2.313056e+00
1.024120e-01 5.422900e-02 2.490104e+00
-2.867120e-01 -2.804670e-01 2.214845e+00
1.398550e-01 -2.318330e-01 2.429426e+00
-2.907490e-01 -3.424790e-01 2.194194e+00
9.462400e-02 -2.787940e-01 2.423337e+00
-1.853940e-01 -5.525120e-01 2.482337e+00
-1.859000e-03 -5.353650e-01 2.506053e+00
-2.457180e-01 -9.310890e-01 2.619045e+00
-4.526100e-02 -9.292200e-01 2.599022e+00
-1.995490e-01 -9.888200e-01 2.479546e+00
2.270000e-03 -9.687490e-01 2.453753e+00
-1.902920e-01 5.599050e-01 2.357541e+00
-3.323920e-01 2.718230e-01 2.381422e+00
-7.167000e-03 3.049660e-01 2.491673e+00
-1.282540e-01 3.486100e-01 2.295951e+00
-1.812560e-01 1.541980e-01 2.510743e+00
-2.881810e-01 -7.510700e-02 2.321594e+00
6.088500e-02 -2.012400e-02 2.421622e+00
-1.448530e-01 -5.067200e-02 2.482184e+00
-3.108180e-01 4.180700e-02 2.226013e+00
1.023160e-01 4.897000e-02 2.493665e+00
-2.452920e-01 -1.402600e-01 2.004670e+00
1.403900e-01 -2.342270e-01 2.424493e+00
-2.237740e-01 -1.870590e-01 1.964234e+00
1.008590e-01 -2.864330e-01 2.424677e+00
-1.826670e-01 -5.526170e-01 2.483252e+00
-1.987000e-03 -5.350220e-01 2.500455e+00
-2.497770e-01 -9.318060e-01 2.615011e+00
-3.761200e-02 -9.305960e-01 2.589341e+00
-1.985090e-01 -9.888320e-01 2.477010e+00
1.198000e-02 -9.676930e-01 2.444121e+00
-1.871100e-01 5.658720e-01 2.361942e+00
-3.091320e-01 2.486240e-01 2.377271e+00
3.997000e-03 3.012170e-01 2.512212e+00
-1.061430e-01 3.442430e-01 2.309995e+00
-1.586820e-01 1.370920e-01 2.512649e+00
-2.566100e-01 -7.220300e-02 2.307248e+00
7.581700e-02 -3.710800e-02 2.459354e+00
-1.377090e-01 -5.991800e-02 2.487915e+00
-2.781040e-01 1.898090e-01 2.108433e+00
1.065780e-01 4.428200e-02 2.499678e+00
-1.917620e-01 1.958300e-01 1.829114e+00
1.440010e-01 -2.358310e-01 2.424537e+00
-1.995200e-01 2.584000e-01 1.811421e+00
1.037870e-01 -2.875060e-01 2.423637e+00
-1.831610e-01 -5.544330e-01 2.483584e+00
-4.294000e-03 -5.524580e-01 2.499239e+00
-2.543510e-01 -9.333250e-01 2.614050e+00
-3.924800e-02 -9.474970e-01 2.590731e+00
-1.868310e-01 -9.909640e-01 2.483500e+00
2.871700e-02 -9.853290e-01 2.453348e+00
-1.823330e-01 5.466890e-01 2.362652e+00
-2.727020e-01 2.418060e-01 2.308842e+00
-3.024200e-02 3.092350e-01 2.531499e+00
-6.568500e-02 3.363930e-01 2.301542e+00
-1.830080e-01 1.412900e-01 2.488386e+00
-2.160290e-01 -8.387400e-02 2.255763e+00
5.335500e-02 -2.968100e-02 2.499425e+00
-1.573180e-01 -6.505000e-02 2.463436e+00
-2.569260e-01 3.404300e-01 2.050178e+00
9.836100e-02 6.480200e-02 2.507069e+00
-1.653930e-01 5.895970e-01 1.926661e+00
1.513410e-01 -2.098540e-01 2.420605e+00
-1.495740e-01 6.483870e-01 1.902542e+00
1.059310e-01 -2.570140e-01 2.419173e+00
-1.846750e-01 -5.488530e-01 2.484823e+00
-4.127000e-03 -5.518180e-01 2.504156e+00
-2.549010e-01 -9.328350e-01 2.600038e+00
-3.911300e-02 -9.477640e-01 2.591629e+00
-1.481850e-01 -9.837430e-01 2.495422e+00
6.700600e-02 -9.818420e-01 2.479817e+00
-1.731110e-01 5.606350e-01 2.366957e+00
-2.574400e-01 2.458440e-01 2.303441e+00
-7.855000e-03 2.716700e-01 2.525993e+00
-4.041800e-02 3.130820e-01 2.297742e+00
-1.812480e-01 1.268800e-01 2.477287e+00
-2.173890e-01 -1.018810e-01 2.248600e+00
5.105800e-02 -3.729400e-02 2.490758e+00
-1.585410e-01 -7.949600e-02 2.455880e+00
-2.340130e-01 3.740160e-01 2.060860e+00
1.074000e-01 2.187100e-02 2.514192e+00
-1.420070e-01 6.302780e-01 1.958874e+00
1.808940e-01 -2.294660e-01 2.387840e+00
-1.431590e-01 6.924040e-01 1.938203e+00
1.977550e-01 -2.861980e-01 2.359813e+00
-1.937440e-01 -5.603850e-01 2.481844e+00
-1.036900e-02 -5.608180e-01 2.504010e+00
-2.488330e-01 -9.489000e-01 2.589873e+00
-4.302600e-02 -9.570220e-01 2.591214e+00
-1.404650e-01 -9.936630e-01 2.484150e+00
6.163800e-02 -9.905920e-01 2.477888e+00
-1.657360e-01 5.489610e-01 2.385937e+00
-2.593580e-01 2.240330e-01 2.282661e+00
-3.564900e-02 2.805820e-01 2.525809e+00
-4.894300e-02 3.088630e-01 2.293651e+00
-1.914590e-01 1.197400e-01 2.468757e+00
-2.022200e-01 -1.135590e-01 2.236697e+00
4.200700e-02 -4.952000e-02 2.503395e+00
-1.632390e-01 -9.209200e-02 2.448709e+00
-2.241700e-01 3.454840e-01 2.042225e+00
1.045990e-01 5.013000e-02 2.557755e+00
-8.528600e-02 5.752880e-01 1.941322e+00
2.538180e-01 -1.101080e-01 2.372453e+00
-8.216000e-02 6.390460e-01 1.926717e+00
2.748770e-01 -1.565630e-01 2.331383e+00
-1.995090e-01 -5.695750e-01 2.477840e+00
-1.555000e-02 -5.744170e-01 2.500631e+00
-2.489350e-01 -9.578830e-01 2.589297e+00
-4.197800e-02 -9.705780e-01 2.590113e+00
-1.312260e-01 -1.000478e+00 2.493095e+00
7.145200e-02 -1.001916e+00 2.484870e+00
-1.629340e-01 5.400350e-01 2.389188e+00
-2.667000e-01 2.159390e-01 2.295854e+00
-2.265400e-02 2.381390e-01 2.534468e+00
-4.947900e-02 2.965390e-01 2.309205e+00
-1.848350e-01 8.796100e-02 2.467048e+00
-2.115880e-01 -1.265420e-01 2.240610e+00
4.476900e-02 -7.272600e-02 2.498020e+00
-1.635310e-01 -1.093690e-01 2.451144e+00
-2.420330e-01 2.485400e-01 2.035324e+00
1.489220e-01 5.597800e-02 2.617688e+00
-1.513800e-02 3.244140e-01 1.892840e+00
3.242180e-01 1.741380e-01 2.436445e+00
2.305600e-02 3.775680e-01 1.894841e+00
3.731690e-01 1.723470e-01 2.392985e+00
-2.036470e-01 -5.833680e-01 2.484874e+00
-2.366300e-02 -5.940040e-01 2.503882e+00
-2.542110e-01 -9.686210e-01 2.606004e+00
-4.105300e-02 -9.905630e-01 2.593814e+00
-1.422390e-01 -1.015111e+00 2.504882e+00
7.019000e-02 -1.019956e+00 2.485714e+00
-1.360360e-01 5.183040e-01 2.428917e+00
-3.422540e-01 2.780280e-01 2.302053e+00
-4.859900e-02 2.792870e-01 2.483134e+00
-1.203790e-01 3.461770e-01 2.270420e+00
-2.303400e-01 1.404130e-01 2.450172e+00
-2.476810e-01 -1.067760e-01 2.257633e+00
5.489900e-02 -4.111200e-02 2.455141e+00
-1.582370e-01 -7.981600e-02 2.453087e+00
-2.802520e-01 1.947880e-01 2.062432e+00
1.320120e-01 1.740520e-01 2.639647e+00
-6.435400e-02 1.096620e-01 1.913536e+00
3.142430e-01 3.551170e-01 2.539469e+00
-3.444000e-03 1.319240e-01 1.904449e+00
3.434480e-01 3.998590e-01 2.501609e+00
-2.035210e-01 -5.687280e-01 2.474032e+00
-2.448500e-02 -5.611510e-01 2.500569e+00
-2.491150e-01 -9.555030e-01 2.592248e+00
-4.233100e-02 -9.582950e-01 2.587786e+00
-1.587540e-01 -1.002967e+00 2.471805e+00
4.293900e-02 -9.904390e-01 2.458867e+00
-1.013340e-01 5.470910e-01 2.443915e+00
-2.816530e-01 3.031370e-01 2.281333e+00
-6.895100e-02 2.476940e-01 2.546625e+00
-6.099900e-02 3.560720e-01 2.339502e+00
-2.309740e-01 1.328790e-01 2.429136e+00
-1.869140e-01 -5.122600e-02 2.206366e+00
2.729900e-02 -3.351600e-02 2.504148e+00
-1.725660e-01 -5.140400e-02 2.422521e+00
-3.220840e-01 1.268090e-01 2.096277e+00
1.620130e-01 2.236340e-01 2.660856e+00
-1.849080e-01 -7.999000e-02 1.981885e+00
2.342110e-01 4.854700e-01 2.630878e+00
-1.633200e-01 -1.402600e-01 1.995660e+00
2.560380e-01 5.453650e-01 2.615901e+00
-2.015640e-01 -5.226130e-01 2.445547e+00
-2.012000e-02 -5.464480e-01 2.487220e+00
-2.283130e-01 -9.080120e-01 2.573612e+00
-4.184900e-02 -9.400680e-01 2.588415e+00
-9.908300e-02 -9.445600e-01 2.490616e+00
8.540000e-02 -9.698620e-01 2.499846e+00
-8.893800e-02 5.443900e-01 2.439238e+00
-2.949860e-01 3.027230e-01 2.291033e+00
-5.881900e-02 2.590050e-01 2.535595e+00
-7.454600e-02 3.705240e-01 2.332056e+00
-2.203390e-01 1.343710e-01 2.430629e+00
-1.929890e-01 -4.625600e-02 2.213643e+00
4.554600e-02 -2.497600e-02 2.492074e+00
-1.605310e-01 -4.317100e-02 2.427807e+00
-3.780340e-01 6.676700e-02 2.243369e+00
1.587250e-01 2.599400e-01 2.667950e+00
-3.574260e-01 -1.924510e-01 2.174972e+00
1.426820e-01 5.226890e-01 2.722746e+00
-3.657490e-01 -2.568330e-01 2.183570e+00
1.127180e-01 5.804150e-01 2.715129e+00
-2.045250e-01 -5.211040e-01 2.435303e+00
-1.097200e-02 -5.406620e-01 2.468141e+00
-2.340650e-01 -9.008450e-01 2.578735e+00
-4.638600e-02 -9.290610e-01 2.584505e+00
-1.177810e-01 -9.463740e-01 2.482144e+00
7.057000e-02 -9.691400e-01 2.486323e+00
-9.193200e-02 5.483080e-01 2.424144e+00
-3.127380e-01 3.041120e-01 2.319622e+00
-3.196500e-02 2.680550e-01 2.512199e+00
-8.934500e-02 3.743630e-01 2.313753e+00
-2.095570e-01 1.397570e-01 2.445093e+00
-2.141430e-01 -4.376900e-02 2.227811e+00
7.521800e-02 -1.346500e-02 2.451926e+00
-1.393540e-01 -3.459200e-02 2.430916e+00
-3.902990e-01 6.128200e-02 2.316632e+00
1.879070e-01 2.774630e-01 2.640880e+00
-4.139040e-01 -2.048010e-01 2.283423e+00
1.182520e-01 5.235020e-01 2.724980e+00
-4.158040e-01 -2.678840e-01 2.300893e+00
8.016000e-02 5.752870e-01 2.737453e+00
-1.921050e-01 -5.176770e-01 2.440451e+00
-5.723000e-03 -5.295350e-01 2.460329e+00
-2.363580e-01 -8.981760e-01 2.577969e+00
-4.294500e-02 -9.158000e-01 2.583059e+00
-1.419360e-01 -9.507520e-01 2.462882e+00
5.176000e-02 -9.622490e-01 2.465594e+00
-9.808100e-02 5.584220e-01 2.414988e+00
-3.189860e-01 3.097980e-01 2.354647e+00
-1.045200e-02 2.577760e-01 2.475817e+00
-9.882900e-02 3.623670e-01 2.294304e+00
-2.010320e-01 1.409940e-01 2.459499e+00
-2.353720e-01 -3.629500e-02 2.256073e+00
9.894100e-02 -1.695200e-02 2.406857e+00
-1.153890e-01 -2.822700e-02 2.436262e+00
-3.962550e-01 6.377800e-02 2.358353e+00
2.179170e-01 3.400490e-01 2.562932e+00
-4.387010e-01 -2.029460e-01 2.323554e+00
1.215970e-01 5.648510e-01 2.682684e+00
-4.360360e-01 -2.681100e-01 2.329447e+00
8.235400e-02 5.758860e-01 2.733933e+00
-1.820660e-01 -5.182060e-01 2.443526e+00
-8.300000e-05 -5.263520e-01 2.456862e+00
-2.402260e-01 -8.977130e-01 2.578585e+00
-3.729800e-02 -9.117100e-01 2.582414e+00
-1.767220e-01 -9.547150e-01 2.445760e+00
2.725000e-02 -9.619400e-01 2.447377e+00
-1.285080e-01 5.700190e-01 2.417480e+00
-3.256390e-01 2.899390e-01 2.467877e+00
4.564000e-03 3.041480e-01 2.430168e+00
-1.733740e-01 3.752130e-01 2.311617e+00
-1.418920e-01 1.545760e-01 2.504150e+00
-2.673550e-01 -3.626600e-02 2.356940e+00
9.657900e-02 -2.525000e-03 2.321036e+00
-7.402600e-02 -2.025100e-02 2.453357e+00
-3.874530e-01 4.489200e-02 2.388831e+00
1.696220e-01 4.905810e-01 2.340080e+00
-4.307830e-01 -2.147030e-01 2.294445e+00
1.054750e-01 7.258090e-01 2.476933e+00
-4.329340e-01 -2.708230e-01 2.260767e+00
9.157200e-02 7.816810e-01 2.508130e+00
-1.788680e-01 -5.289350e-01 2.442360e+00
9.534000e-03 -5.098270e-01 2.445689e+00
-2.396340e-01 -8.997010e-01 2.598849e+00
-2.471100e-02 -8.911150e-01 2.583875e+00
-2.497090e-01 -9.595610e-01 2.453111e+00
-4.153900e-02 -9.432640e-01 2.435815e+00
-1.462600e-01 5.839740e-01 2.436362e+00
-3.295490e-01 2.430150e-01 2.527140e+00
-2.704500e-02 3.120150e-01 2.405089e+00
-2.396840e-01 3.481560e-01 2.338081e+00
-1.222740e-01 1.419030e-01 2.512480e+00
-2.619330e-01 -4.015600e-02 2.418221e+00
7.448600e-02 -1.807500e-02 2.272582e+00
-4.805800e-02 -2.918400e-02 2.450876e+00
-3.721220e-01 1.668000e-03 2.423207e+00
5.912800e-02 5.174800e-01 2.259415e+00
-4.174440e-01 -2.205990e-01 2.257226e+00
8.932500e-02 7.958130e-01 2.234405e+00
-4.127460e-01 -2.722740e-01 2.217277e+00
9.605000e-02 8.607230e-01 2.228948e+00
-1.825150e-01 -5.409880e-01 2.444695e+00
2.716000e-03 -5.141490e-01 2.452340e+00
-2.338950e-01 -9.109800e-01 2.606296e+00
-1.541000e-02 -8.987630e-01 2.584221e+00
-2.892720e-01 -9.636300e-01 2.468144e+00
-8.660700e-02 -9.414540e-01 2.449934e+00
-1.480690e-01 5.629200e-01 2.436442e+00
-3.115740e-01 2.194210e-01 2.569448e+00
-3.571300e-02 3.043570e-01 2.397505e+00
-2.600870e-01 3.323320e-01 2.370767e+00
-1.063810e-01 1.274520e-01 2.516162e+00
-2.602400e-01 -5.407500e-02 2.455090e+00
4.387200e-02 -3.707200e-02 2.249901e+00
-4.395200e-02 -4.430600e-02 2.447800e+00
-3.535800e-01 -1.717500e-02 2.452864e+00
2.996000e-03 4.934780e-01 2.212927e+00
-4.001560e-01 -2.175830e-01 2.259992e+00
-4.835900e-02 6.510260e-01 1.984730e+00
-3.879360e-01 -2.561350e-01 2.208488e+00
-4.869200e-02 7.127180e-01 1.962771e+00
-1.904380e-01 -5.559480e-01 2.466260e+00
4.347000e-03 -5.266560e-01 2.456329e+00
-2.369800e-01 -9.352500e-01 2.606307e+00
-1.132200e-02 -9.146520e-01 2.578239e+00
-3.205300e-01 -9.725050e-01 2.477636e+00
-1.066520e-01 -9.488550e-01 2.457132e+00
-1.626400e-01 5.423610e-01 2.422952e+00
-2.973820e-01 2.364180e-01 2.536984e+00
6.726000e-03 2.858880e-01 2.387245e+00
-2.169050e-01 3.189310e-01 2.333050e+00
-9.334200e-02 1.290740e-01 2.521272e+00
-2.694990e-01 -5.888700e-02 2.445410e+00
5.814600e-02 -5.728100e-02 2.279513e+00
-5.375500e-02 -5.878000e-02 2.464999e+00
-3.388220e-01 -2.487200e-02 2.512009e+00
-3.496800e-02 3.298830e-01 2.128518e+00
-3.758000e-01 -2.504650e-01 2.349316e+00
-1.944420e-01 3.460320e-01 1.898223e+00
-3.840140e-01 -2.899100e-01 2.297693e+00
-2.431250e-01 3.104460e-01 1.872693e+00
-2.021780e-01 -5.616880e-01 2.488838e+00
-6.370000e-03 -5.508900e-01 2.456124e+00
-2.415290e-01 -9.512390e-01 2.599969e+00
-1.630000e-02 -9.351410e-01 2.589918e+00
-3.118410e-01 -9.834040e-01 2.462324e+00
-8.816600e-02 -9.797050e-01 2.456599e+00
-1.676420e-01 5.507260e-01 2.441719e+00
-3.159100e-01 1.966740e-01 2.469151e+00
1.524200e-02 2.637390e-01 2.399395e+00
-1.911400e-01 2.816740e-01 2.290039e+00
-1.087620e-01 1.020820e-01 2.508446e+00
-2.840030e-01 -1.000150e-01 2.413301e+00
7.444400e-02 -8.125600e-02 2.335586e+00
-8.027800e-02 -9.377900e-02 2.486693e+00
-3.464320e-01 -4.093100e-02 2.580689e+00
-2.700600e-02 2.589930e-01 2.138587e+00
-3.685840e-01 -2.753630e-01 2.431007e+00
-2.130830e-01 2.126950e-01 1.935891e+00
-3.556630e-01 -3.394760e-01 2.434301e+00
-2.573760e-01 1.750150e-01 1.905781e+00
-2.128440e-01 -5.882740e-01 2.516374e+00
-1.813800e-02 -5.847480e-01 2.470048e+00
-2.430390e-01 -9.815580e-01 2.616699e+00
-2.459500e-02 -9.684550e-01 2.605607e+00
-2.727310e-01 -1.017741e+00 2.465922e+00
-6.149200e-02 -1.019036e+00 2.460677e+00
-1.752900e-01 5.211810e-01 2.433376e+00
-2.078970e-01 2.955170e-01 2.516814e+00
8.340200e-02 2.738610e-01 2.333236e+00
-1.351910e-01 3.518050e-01 2.301363e+00
-3.354200e-02 1.468450e-01 2.486835e+00
-2.760970e-01 -6.178600e-02 2.479311e+00
3.188100e-02 -6.365900e-02 2.279255e+00
-5.952100e-02 -6.508600e-02 2.475655e+00
-3.170350e-01 6.243900e-02 2.573820e+00
-4.131500e-02 1.957420e-01 2.114537e+00
-3.488260e-01 -2.135660e-01 2.557010e+00
-2.402230e-01 1.136410e-01 1.937996e+00
-3.586660e-01 -2.770780e-01 2.544451e+00
-2.727280e-01 6.277700e-02 1.963384e+00
-2.154790e-01 -5.625630e-01 2.526074e+00
-2.482700e-02 -5.551890e-01 2.467386e+00
-2.432720e-01 -9.606210e-01 2.606235e+00
-2.589400e-02 -9.429560e-01 2.591015e+00
-3.280830e-01 -9.811940e-01 2.474673e+00
-1.146170e-01 -9.824010e-01 2.466529e+00
-1.878680e-01 5.344430e-01 2.419590e+00
-2.664970e-01 2.527000e-01 2.535451e+00
2.348400e-02 3.084710e-01 2.357053e+00
-2.072910e-01 3.268020e-01 2.321261e+00
-5.890000e-02 1.547770e-01 2.508687e+00
-2.905720e-01 -4.263100e-02 2.473306e+00
2.127200e-02 -6.896900e-02 2.281121e+00
-7.423500e-02 -5.378900e-02 2.474969e+00
-3.470200e-01 1.363100e-02 2.623266e+00
2.443000e-03 1.400140e-01 2.150828e+00
-3.530450e-01 -2.671080e-01 2.649699e+00
-1.895220e-01 8.969000e-03 1.991059e+00
-3.730980e-01 -3.277700e-01 2.664061e+00
-2.380340e-01 -3.334700e-02 2.003069e+00
-2.303100e-01 -5.487230e-01 2.533230e+00
-3.707200e-02 -5.552700e-01 2.466308e+00
-2.322260e-01 -9.473640e-01 2.615266e+00
-2.645000e-02 -9.406310e-01 2.596817e+00
-3.161800e-01 -9.739270e-01 2.484229e+00
-1.085180e-01 -9.859170e-01 2.469779e+00
-1.850270e-01 5.566880e-01 2.390332e+00
-2.609420e-01 2.582550e-01 2.566901e+00
5.569000e-03 3.209870e-01 2.356992e+00
-2.273060e-01 3.459120e-01 2.352289e+00
-6.107700e-02 1.586860e-01 2.507387e+00
-2.844810e-01 -3.781200e-02 2.508378e+00
-5.700000e-04 -6.030900e-02 2.276507e+00
-6.982900e-02 -4.918900e-02 2.481467e+00
-3.522090e-01 1.411500e-02 2.634303e+00
2.895600e-02 1.167820e-01 2.183124e+00
-3.564480e-01 -2.662710e-01 2.680904e+00
-1.464090e-01 -4.238700e-02 2.025904e+00
-3.754010e-01 -3.180060e-01 2.716295e+00
-1.886490e-01 -9.228000e-02 2.029733e+00
-2.371690e-01 -5.464870e-01 2.537713e+00
-4.454000e-02 -5.483060e-01 2.467842e+00
-2.351280e-01 -9.469950e-01 2.610086e+00
-2.782200e-02 -9.350980e-01 2.593387e+00
-3.365580e-01 -9.690090e-01 2.491124e+00
-1.274010e-01 -9.767920e-01 2.478191e+00
-1.795290e-01 5.578160e-01 2.382246e+00
-2.772610e-01 2.599860e-01 2.567637e+00
-5.562000e-03 3.256270e-01 2.365410e+00
-2.385090e-01 3.474210e-01 2.353799e+00
-7.443200e-02 1.629150e-01 2.514351e+00
-2.969450e-01 -3.252100e-02 2.507796e+00
-6.348000e-03 -5.518100e-02 2.284379e+00
-8.150000e-02 -4.172400e-02 2.487110e+00
-3.587030e-01 1.264100e-02 2.639031e+00
4.495100e-02 1.064210e-01 2.216056e+00
-3.648600e-01 -2.689050e-01 2.683555e+00
-9.914300e-02 -8.859500e-02 2.066077e+00
-3.814570e-01 -3.267200e-01 2.709444e+00
-1.433700e-01 -1.368530e-01 2.064217e+00
-2.433060e-01 -5.420960e-01 2.537030e+00
-5.069700e-02 -5.444870e-01 2.469285e+00
-2.384030e-01 -9.424630e-01 2.610041e+00
-2.787900e-02 -9.314550e-01 2.593316e+00
-3.361200e-01 -9.658660e-01 2.488270e+00
-1.231370e-01 -9.749410e-01 2.475166e+00
-1.780690e-01 5.540580e-01 2.363224e+00
-2.632170e-01 2.663440e-01 2.587783e+00
-7.648000e-03 3.189800e-01 2.362086e+00
-2.384920e-01 3.571820e-01 2.373281e+00
-7.375700e-02 1.570860e-01 2.513155e+00
-2.943930e-01 -3.145300e-02 2.525137e+00
-2.601500e-02 -5.103100e-02 2.275207e+00
-8.185100e-02 -4.062900e-02 2.484260e+00
-3.750950e-01 2.416700e-02 2.636824e+00
7.139300e-02 7.990600e-02 2.261252e+00
-3.910380e-01 -2.616880e-01 2.644531e+00
-4.578600e-02 -1.447240e-01 2.127694e+00
-3.827700e-01 -3.060440e-01 2.691991e+00
-8.201500e-02 -1.992440e-01 2.129510e+00
-2.506720e-01 -5.402390e-01 2.543832e+00
-5.502100e-02 -5.389530e-01 2.471382e+00
-2.416160e-01 -9.434070e-01 2.598802e+00
-3.758900e-02 -9.279250e-01 2.589897e+00
-3.513400e-01 -9.611590e-01 2.486687e+00
-1.449400e-01 -9.660390e-01 2.480592e+00
-1.686160e-01 5.404210e-01 2.349879e+00
-2.581290e-01 2.662150e-01 2.592160e+00
-3.272000e-03 3.168170e-01 2.365197e+00
-2.330890e-01 3.600360e-01 2.378983e+00
-7.181600e-02 1.539620e-01 2.514132e+00
-2.961250e-01 -3.055000e-02 2.527772e+00
-3.075900e-02 -5.501900e-02 2.275070e+00
-8.421900e-02 -4.354900e-02 2.484688e+00
-3.796830e-01 2.393900e-02 2.611507e+00
7.818500e-02 6.905000e-02 2.288885e+00
-4.055710e-01 -2.617570e-01 2.617997e+00
-8.123000e-03 -1.783390e-01 2.171906e+00
-4.162590e-01 -3.262200e-01 2.613694e+00
-4.216800e-02 -2.337920e-01 2.179263e+00
-2.513590e-01 -5.403290e-01 2.549417e+00
-5.635300e-02 -5.402170e-01 2.475194e+00
-2.438250e-01 -9.438590e-01 2.601909e+00
-4.553200e-02 -9.312130e-01 2.587682e+00
-3.546610e-01 -9.603940e-01 2.490705e+00
-1.537270e-01 -9.657560e-01 2.478023e+00
-1.668820e-01 5.331870e-01 2.347439e+00
-2.846830e-01 2.711890e-01 2.563389e+00
5.520000e-04 3.093110e-01 2.373093e+00
-2.289870e-01 3.499080e-01 2.349906e+00
-8.841300e-02 1.564910e-01 2.521864e+00
-3.155110e-01 -2.815700e-02 2.503150e+00
-1.487200e-02 -5.986000e-02 2.294614e+00
-9.960500e-02 -4.285200e-02 2.493260e+00
-3.814070e-01 1.653600e-02 2.580179e+00
8.485300e-02 5.713600e-02 2.311560e+00
-4.400060e-01 -2.642000e-01 2.551911e+00
2.279500e-02 -2.082220e-01 2.217860e+00
-4.195550e-01 -3.258060e-01 2.560553e+00
-9.878000e-03 -2.643730e-01 2.226096e+00
-2.509640e-01 -5.384910e-01 2.548842e+00
-6.186300e-02 -5.457470e-01 2.478195e+00
-2.462880e-01 -9.419970e-01 2.601849e+00
-4.508000e-02 -9.369190e-01 2.589332e+00
-3.378880e-01 -9.597880e-01 2.474502e+00
-1.347820e-01 -9.759710e-01 2.465425e+00
-1.653440e-01 5.437580e-01 2.347819e+00
-3.033180e-01 2.810680e-01 2.541523e+00
4.366000e-03 3.095400e-01 2.388079e+00
-2.197440e-01 3.514850e-01 2.334326e+00
-1.050010e-01 1.630580e-01 2.529442e+00
-3.229280e-01 -3.194000e-02 2.478007e+00
3.566000e-03 -5.379700e-02 2.311276e+00
-1.072520e-01 -3.950300e-02 2.496867e+00
-3.982540e-01 2.395200e-02 2.567537e+00
8.090200e-02 4.762500e-02 2.351459e+00
-4.471320e-01 -2.509290e-01 2.486536e+00
5.616700e-02 -2.327340e-01 2.278681e+00
-4.529790e-01 -3.104870e-01 2.513123e+00
2.368000e-02 -2.894760e-01 2.282323e+00
-2.541270e-01 -5.366080e-01 2.546905e+00
-6.400200e-02 -5.453280e-01 2.476702e+00
-2.436150e-01 -9.401030e-01 2.599158e+00
-3.502600e-02 -9.311840e-01 2.602892e+00
-3.175200e-01 -9.599120e-01 2.461063e+00
-1.059840e-01 -9.798070e-01 2.470509e+00
-1.633760e-01 5.486120e-01 2.341867e+00
-3.083060e-01 2.884460e-01 2.526439e+00
1.000200e-02 3.082610e-01 2.394861e+00
-2.087300e-01 3.546140e-01 2.324993e+00
-1.124220e-01 1.658840e-01 2.529557e+00
-3.281370e-01 -3.356300e-02 2.464828e+00
9.839000e-03 -5.167100e-02 2.322280e+00
-1.144030e-01 -4.071800e-02 2.499404e+00
-4.050720e-01 2.981300e-02 2.546124e+00
7.846600e-02 4.158700e-02 2.365875e+00
-4.487580e-01 -2.439330e-01 2.453359e+00
6.449600e-02 -2.445570e-01 2.307765e+00
-4.475510e-01 -3.006840e-01 2.486011e+00
3.056000e-02 -2.990860e-01 2.320541e+00
-2.543680e-01 -5.359930e-01 2.544898e+00
-6.521000e-02 -5.457370e-01 2.475215e+00
-2.476700e-01 -9.397030e-01 2.596105e+00
-3.294400e-02 -9.310870e-01 2.602153e+00
-3.105750e-01 -9.589500e-01 2.452589e+00
-9.354500e-02 -9.812500e-01 2.465275e+00
-1.622380e-01 5.559970e-01 2.344189e+00
-3.172360e-01 2.921960e-01 2.509278e+00
9.637000e-03 2.965680e-01 2.399004e+00
-2.021680e-01 3.474970e-01 2.312873e+00
-1.264690e-01 1.634250e-01 2.529962e+00
-3.361500e-01 -3.911000e-02 2.442388e+00
1.514000e-02 -4.657100e-02 2.335544e+00
-1.270170e-01 -4.014800e-02 2.498882e+00
-4.095350e-01 3.072800e-02 2.530366e+00
7.566400e-02 2.727200e-02 2.377808e+00
-4.512490e-01 -2.431970e-01 2.433198e+00
6.492600e-02 -2.644130e-01 2.345851e+00
-4.330810e-01 -3.040470e-01 2.449182e+00
2.241300e-02 -3.120730e-01 2.360324e+00
-2.564740e-01 -5.356210e-01 2.542799e+00
-6.398200e-02 -5.449880e-01 2.473011e+00
-2.424100e-01 -9.378950e-01 2.603021e+00
-3.500800e-02 -9.287640e-01 2.605394e+00
-2.894840e-01 -9.618140e-01 2.454238e+00
-7.962900e-02 -9.811470e-01 2.463304e+00
-1.645770e-01 5.542600e-01 2.341028e+00
-3.199440e-01 2.942400e-01 2.502441e+00
1.119600e-02 2.976310e-01 2.405695e+00
-1.966040e-01 3.506340e-01 2.311442e+00
-1.309240e-01 1.641260e-01 2.529712e+00
-3.408750e-01 -4.089300e-02 2.442937e+00
1.097000e-02 -4.777900e-02 2.337900e+00
-1.320450e-01 -4.248800e-02 2.500527e+00
-4.094370e-01 2.965200e-02 2.512987e+00
7.347500e-02 2.586000e-02 2.385963e+00
-4.469320e-01 -2.470020e-01 2.417266e+00
6.143900e-02 -2.672470e-01 2.353576e+00
-4.360870e-01 -3.100890e-01 2.431073e+00
2.381700e-02 -3.159970e-01 2.375854e+00
-2.586570e-01 -5.403840e-01 2.532755e+00
-6.236300e-02 -5.466560e-01 2.472016e+00
-2.401470e-01 -9.383710e-01 2.615896e+00
-3.587300e-02 -9.295460e-01 2.607450e+00
-2.860630e-01 -9.713020e-01 2.468479e+00
-7.889900e-02 -9.828360e-01 2.465206e+00
-1.668340e-01 5.534460e-01 2.337369e+00
-3.266550e-01 2.906560e-01 2.492336e+00
7.795000e-03 2.948140e-01 2.407773e+00
-1.966880e-01 3.453720e-01 2.305283e+00
-1.380470e-01 1.620360e-01 2.528195e+00
-3.460660e-01 -4.287400e-02 2.436406e+00
8.041000e-03 -4.896500e-02 2.339211e+00
-1.385440e-01 -4.190900e-02 2.498560e+00
-4.100520e-01 2.343400e-02 2.505038e+00
7.108900e-02 2.216800e-02 2.394263e+00
-4.432370e-01 -2.569620e-01 2.416573e+00
5.864400e-02 -2.708180e-01 2.354854e+00
-4.211900e-01 -3.173600e-01 2.428995e+00
2.468000e-02 -3.179610e-01 2.385057e+00
-2.601180e-01 -5.430000e-01 2.526403e+00
-6.099200e-02 -5.485010e-01 2.468697e+00
-2.401630e-01 -9.382160e-01 2.621561e+00
-3.988400e-02 -9.300730e-01 2.608721e+00
-2.825560e-01 -9.758350e-01 2.474211e+00
-7.857500e-02 -9.846840e-01 2.465735e+00
-1.703680e-01 5.538890e-01 2.339027e+00
-3.303130e-01 2.840760e-01 2.480107e+00
7.561000e-03 2.945890e-01 2.411149e+00
-1.929760e-01 3.383960e-01 2.298278e+00
-1.407210e-01 1.606380e-01 2.527216e+00
-3.503310e-01 -5.190200e-02 2.424522e+00
8.153000e-03 -4.778600e-02 2.344849e+00
-1.462080e-01 -4.606500e-02 2.496832e+00
-4.130890e-01 1.634500e-02 2.498192e+00
6.987300e-02 2.113500e-02 2.397042e+00
-4.364750e-01 -2.675380e-01 2.415821e+00
6.064000e-02 -2.717830e-01 2.351926e+00
-4.307760e-01 -3.318290e-01 2.426884e+00
2.602000e-02 -3.175120e-01 2.383527e+00
-2.603080e-01 -5.469070e-01 2.527411e+00
-5.986900e-02 -5.501180e-01 2.468988e+00
-2.431340e-01 -9.452540e-01 2.609101e+00
-4.154800e-02 -9.316720e-01 2.609452e+00
-2.768850e-01 -9.776310e-01 2.458313e+00
-7.195100e-02 -9.864760e-01 2.464550e+00
-1.734650e-01 5.556660e-01 2.342655e+00
