-4.131800e-01 3.112350e-01 2.685169e+00
-2.287155e-01 3.255485e-01 2.654770e+00
-4.425100e-02 3.398620e-01 2.624371e+00
-1.470065e-01 3.614775e-01 2.589260e+00
-2.497620e-01 3.830930e-01 2.554150e+00
-2.290590e-01 2.896025e-01 2.635757e+00
-2.083560e-01 1.961120e-01 2.717364e+00
-2.931845e-01 8.032250e-02 2.657786e+00
-3.780130e-01 -3.546700e-02 2.598207e+00
-2.111765e-01 -2.489650e-02 2.581535e+00
-4.434000e-02 -1.432600e-02 2.564862e+00
-1.225635e-01 -2.508500e-02 2.621710e+00
-2.007870e-01 -3.584400e-02 2.678558e+00
-3.210770e-01 -2.127500e-03 2.685433e+00
-4.413670e-01 3.158900e-02 2.692308e+00
-2.129020e-01 4.898400e-02 2.671344e+00
1.556300e-02 6.637900e-02 2.650380e+00
-2.068465e-01 -9.961450e-02 2.655475e+00
-4.292560e-01 -2.656080e-01 2.660571e+00
-2.079050e-01 -2.488435e-01 2.645495e+00
1.344600e-02 -2.320790e-01 2.630419e+00
-1.992315e-01 -2.835885e-01 2.648797e+00
-4.119090e-01 -3.350980e-01 2.667175e+00
-2.075555e-01 -3.171570e-01 2.638937e+00
-3.202000e-03 -2.992160e-01 2.610700e+00
-1.515445e-01 -4.284075e-01 2.646206e+00
-2.998870e-01 -5.575990e-01 2.681713e+00
-2.018195e-01 -5.545660e-01 2.668435e+00
-1.037520e-01 -5.515330e-01 2.655157e+00
-1.948505e-01 -7.643440e-01 2.707511e+00
-2.859490e-01 -9.771550e-01 2.759866e+00
-1.939980e-01 -9.737260e-01 2.749235e+00
-1.020470e-01 -9.702970e-01 2.738603e+00
-2.023250e-01 -9.902200e-01 2.662173e+00
-3.026030e-01 -1.010143e+00 2.585744e+00
-2.094155e-01 -1.007586e+00 2.575172e+00
-1.162280e-01 -1.005028e+00 2.564600e+00
-1.854240e-01 -2.052245e-01 2.574269e+00
-2.546200e-01 5.945790e-01 2.583938e+00
-3.339475e-01 4.541775e-01 2.630824e+00
-4.132750e-01 3.137760e-01 2.677710e+00
-2.278100e-01 3.268280e-01 2.653451e+00
-4.234500e-02 3.398800e-01 2.629192e+00
-1.437305e-01 3.617655e-01 2.590452e+00
-2.451160e-01 3.836510e-01 2.551713e+00
-2.277185e-01 2.907285e-01 2.634728e+00
-2.103210e-01 1.978060e-01 2.717743e+00
-2.946995e-01 8.488550e-02 2.660621e+00
-3.790780e-01 -2.803500e-02 2.603498e+00
-2.123570e-01 -2.376500e-02 2.583255e+00
-4.563600e-02 -1.949500e-02 2.563013e+00
-1.229625e-01 -2.865450e-02 2.621348e+00
-2.002890e-01 -3.781400e-02 2.679683e+00
-3.205245e-01 -1.674000e-03 2.685839e+00
-4.407600e-01 3.446600e-02 2.691995e+00
-2.122675e-01 5.041700e-02 2.674139e+00
1.622500e-02 6.636800e-02 2.656283e+00
-2.091755e-01 -9.866450e-02 2.663451e+00
-4.345760e-01 -2.636970e-01 2.670620e+00
-2.124050e-01 -2.475585e-01 2.650440e+00
9.766000e-03 -2.314200e-01 2.630260e+00
-2.107540e-01 -2.824755e-01 2.658889e+00
-4.312740e-01 -3.335310e-01 2.687519e+00
-2.222930e-01 -3.160745e-01 2.653295e+00
-1.331200e-02 -2.986180e-01 2.619071e+00
-1.568905e-01 -4.270805e-01 2.647902e+00
-3.004690e-01 -5.555430e-01 2.676734e+00
-2.010725e-01 -5.537715e-01 2.665607e+00
-1.016760e-01 -5.520000e-01 2.654480e+00
-1.942920e-01 -7.637785e-01 2.703467e+00
-2.869080e-01 -9.755570e-01 2.752455e+00
-1.943820e-01 -9.733395e-01 2.744289e+00
-1.018560e-01 -9.711220e-01 2.736124e+00
-2.051230e-01 -9.893505e-01 2.657403e+00
-3.083900e-01 -1.007579e+00 2.578682e+00
-2.144285e-01 -1.006271e+00 2.570524e+00
-1.204670e-01 -1.004962e+00 2.562365e+00
-1.874120e-01 -2.059450e-01 2.566712e+00
-2.543570e-01 5.930720e-01 2.571059e+00
-3.334925e-01 4.525650e-01 2.624517e+00
-4.126280e-01 3.120580e-01 2.677974e+00
-2.272820e-01 3.258090e-01 2.653194e+00
-4.193600e-02 3.395600e-01 2.628413e+00
-1.435110e-01 3.602625e-01 2.589520e+00
-2.450860e-01 3.809650e-01 2.550628e+00
-2.270115e-01 2.894275e-01 2.635026e+00
-2.089370e-01 1.978900e-01 2.719424e+00
-2.935605e-01 8.468100e-02 2.661639e+00
-3.781840e-01 -2.852800e-02 2.603853e+00
-2.114035e-01 -2.398850e-02 2.584162e+00
-4.462300e-02 -1.944900e-02 2.564470e+00
-1.221275e-01 -2.872700e-02 2.622550e+00
-1.996320e-01 -3.800500e-02 2.680630e+00
-3.207345e-01 -2.834000e-03 2.682729e+00
-4.418370e-01 3.233700e-02 2.684828e+00
-2.128595e-01 4.905600e-02 2.670902e+00
1.611800e-02 6.577500e-02 2.656975e+00
-2.071295e-01 -1.002340e-01 2.662128e+00
-4.303770e-01 -2.662430e-01 2.667281e+00
-2.098015e-01 -2.495020e-01 2.651682e+00
1.077400e-02 -2.327610e-01 2.636083e+00
-2.054760e-01 -2.851970e-01 2.652381e+00
-4.217260e-01 -3.376330e-01 2.668680e+00
-2.145895e-01 -3.195955e-01 2.647181e+00
-7.453000e-03 -3.015580e-01 2.625683e+00
-1.536220e-01 -4.292995e-01 2.648581e+00
-2.997910e-01 -5.570410e-01 2.671479e+00
-2.012480e-01 -5.549850e-01 2.661956e+00
-1.027050e-01 -5.529290e-01 2.652432e+00
-1.936650e-01 -7.645270e-01 2.702167e+00
-2.846250e-01 -9.761250e-01 2.751903e+00
-1.933005e-01 -9.747505e-01 2.739426e+00
-1.019760e-01 -9.733760e-01 2.726949e+00
-2.039400e-01 -9.917750e-01 2.652719e+00
-3.059040e-01 -1.010174e+00 2.578490e+00
-2.131560e-01 -1.007239e+00 2.565559e+00
-1.204080e-01 -1.004303e+00 2.552629e+00
-1.862325e-01 -2.070220e-01 2.567392e+00
-2.520570e-01 5.902590e-01 2.582155e+00
-3.337030e-01 4.469955e-01 2.625592e+00
-4.153490e-01 3.037320e-01 2.669030e+00
-2.294070e-01 3.206945e-01 2.651884e+00
-4.346500e-02 3.376570e-01 2.634739e+00
-1.436235e-01 3.549005e-01 2.590812e+00
-2.437820e-01 3.721440e-01 2.546884e+00
-2.275990e-01 2.837655e-01 2.634953e+00
-2.114160e-01 1.953870e-01 2.723022e+00
-2.946725e-01 8.093700e-02 2.664976e+00
-3.779290e-01 -3.351300e-02 2.606929e+00
-2.109295e-01 -2.744250e-02 2.589657e+00
-4.393000e-02 -2.137200e-02 2.572385e+00
-1.221725e-01 -3.172050e-02 2.629282e+00
-2.004150e-01 -4.206900e-02 2.686180e+00
-3.179645e-01 -9.315000e-03 2.687788e+00
-4.355140e-01 2.343900e-02 2.689396e+00
-2.077190e-01 4.389750e-02 2.674856e+00
2.007600e-02 6.435600e-02 2.660317e+00
-2.070575e-01 -1.047140e-01 2.655367e+00
-4.341910e-01 -2.737840e-01 2.650417e+00
-2.114775e-01 -2.540740e-01 2.643625e+00
1.123600e-02 -2.343640e-01 2.636833e+00
-2.223125e-01 -2.874960e-01 2.635950e+00
-4.558610e-01 -3.406280e-01 2.635068e+00
-2.320415e-01 -3.219020e-01 2.632090e+00
-8.222000e-03 -3.031760e-01 2.629112e+00
-1.520970e-01 -4.336630e-01 2.643621e+00
-2.959720e-01 -5.641500e-01 2.658130e+00
-2.001865e-01 -5.614845e-01 2.649622e+00
-1.044010e-01 -5.588190e-01 2.641115e+00
-1.932270e-01 -7.703565e-01 2.693284e+00
-2.820530e-01 -9.818940e-01 2.745454e+00
-1.904990e-01 -9.803415e-01 2.731769e+00
-9.894500e-02 -9.787890e-01 2.718084e+00
-2.000795e-01 -9.987520e-01 2.645223e+00
-3.012140e-01 -1.018715e+00 2.572361e+00
-2.078760e-01 -1.014833e+00 2.558035e+00
-1.145380e-01 -1.010950e+00 2.543710e+00
-1.818090e-01 -2.092880e-01 2.561197e+00
-2.490800e-01 5.923740e-01 2.578683e+00
-3.330055e-01 4.445585e-01 2.622911e+00
-4.169310e-01 2.967430e-01 2.667138e+00
-2.311265e-01 3.143820e-01 2.649196e+00
-4.532200e-02 3.320210e-01 2.631253e+00
-1.456040e-01 3.463525e-01 2.586565e+00
-2.458860e-01 3.606840e-01 2.541878e+00
-2.290145e-01 2.767085e-01 2.634031e+00
-2.121430e-01 1.927330e-01 2.726184e+00
-2.955105e-01 7.766850e-02 2.675273e+00
-3.788780e-01 -3.739600e-02 2.624362e+00
-2.126440e-01 -3.021750e-02 2.601151e+00
-4.641000e-02 -2.303900e-02 2.577940e+00
-1.224775e-01 -3.528600e-02 2.637354e+00
-1.985450e-01 -4.753300e-02 2.696769e+00
-3.172860e-01 -1.631400e-02 2.688931e+00
-4.360270e-01 1.490500e-02 2.681094e+00
-2.081360e-01 3.707400e-02 2.674536e+00
1.975500e-02 5.924300e-02 2.667979e+00
-2.031880e-01 -1.121510e-01 2.655969e+00
-4.261310e-01 -2.835450e-01 2.643960e+00
-2.076080e-01 -2.615635e-01 2.638831e+00
1.091500e-02 -2.395820e-01 2.633703e+00
-2.116345e-01 -2.968815e-01 2.644288e+00
-4.341840e-01 -3.541810e-01 2.654873e+00
-2.198875e-01 -3.318790e-01 2.644932e+00
-5.591000e-03 -3.095770e-01 2.634990e+00
-1.480555e-01 -4.405255e-01 2.633484e+00
-2.905200e-01 -5.714740e-01 2.631977e+00
-1.946910e-01 -5.672175e-01 2.628236e+00
-9.886200e-02 -5.629610e-01 2.624495e+00
-1.910330e-01 -7.739935e-01 2.681271e+00
-2.832040e-01 -9.850260e-01 2.738047e+00
-1.921085e-01 -9.831210e-01 2.724244e+00
-1.010130e-01 -9.812160e-01 2.710441e+00
-2.050215e-01 -1.005213e+00 2.639002e+00
-3.090300e-01 -1.029209e+00 2.567563e+00
-2.142895e-01 -1.022984e+00 2.552288e+00
-1.195490e-01 -1.016758e+00 2.537013e+00
-1.820805e-01 -2.158690e-01 2.551461e+00
-2.446120e-01 5.850200e-01 2.565910e+00
-3.298610e-01 4.347460e-01 2.613478e+00
-4.151100e-01 2.844720e-01 2.661047e+00
-2.286050e-01 3.012990e-01 2.651612e+00
-4.210000e-02 3.181260e-01 2.642177e+00
-1.401745e-01 3.329200e-01 2.592970e+00
-2.382490e-01 3.477140e-01 2.543762e+00
-2.259690e-01 2.636230e-01 2.636535e+00
-2.136890e-01 1.795320e-01 2.729308e+00
-2.943460e-01 6.575800e-02 2.678597e+00
-3.750030e-01 -4.801600e-02 2.627887e+00
-2.082920e-01 -3.853300e-02 2.609403e+00
-4.158100e-02 -2.905000e-02 2.590920e+00
-1.190855e-01 -4.358050e-02 2.647914e+00
-1.965900e-01 -5.811100e-02 2.704907e+00
-3.134235e-01 -2.931850e-02 2.686827e+00
-4.302570e-01 -5.260000e-04 2.668748e+00
-2.030780e-01 2.139550e-02 2.675523e+00
2.410100e-02 4.331700e-02 2.682297e+00
-1.963530e-01 -1.295605e-01 2.660210e+00
-4.168070e-01 -3.024380e-01 2.638122e+00
-1.994800e-01 -2.804090e-01 2.642817e+00
1.784700e-02 -2.583800e-01 2.647511e+00
-2.030655e-01 -3.159275e-01 2.638468e+00
-4.239780e-01 -3.734750e-01 2.629425e+00
-2.145835e-01 -3.495265e-01 2.632833e+00
-5.189000e-03 -3.255780e-01 2.636240e+00
-1.483230e-01 -4.533150e-01 2.624052e+00
-2.914570e-01 -5.810520e-01 2.611863e+00
-1.921935e-01 -5.763320e-01 2.609928e+00
-9.293000e-02 -5.716120e-01 2.607993e+00
-1.866745e-01 -7.815370e-01 2.668603e+00
-2.804190e-01 -9.914620e-01 2.729214e+00
-1.933560e-01 -9.894850e-01 2.716512e+00
-1.062930e-01 -9.875080e-01 2.703811e+00
-2.051040e-01 -1.014031e+00 2.631775e+00
-3.039150e-01 -1.040553e+00 2.559738e+00
-2.098075e-01 -1.033840e+00 2.545135e+00
-1.157000e-01 -1.027127e+00 2.530531e+00
-1.819800e-01 -2.313190e-01 2.540510e+00
-2.482600e-01 5.644890e-01 2.550488e+00
-3.310030e-01 4.156485e-01 2.596623e+00
-4.137460e-01 2.668080e-01 2.642758e+00
-2.276755e-01 2.874975e-01 2.653057e+00
-4.160500e-02 3.081870e-01 2.663356e+00
-1.343785e-01 3.221885e-01 2.604570e+00
-2.271520e-01 3.361900e-01 2.545783e+00
-2.226745e-01 2.502390e-01 2.637551e+00
-2.181970e-01 1.642880e-01 2.729318e+00
-2.912450e-01 5.137800e-02 2.672067e+00
-3.642930e-01 -6.153200e-02 2.614815e+00
-1.966065e-01 -5.131000e-02 2.615631e+00
-2.892000e-02 -4.108800e-02 2.616447e+00
-1.123125e-01 -5.740550e-02 2.663836e+00
-1.957050e-01 -7.372300e-02 2.711224e+00
-3.135945e-01 -4.653100e-02 2.678065e+00
-4.314840e-01 -1.933900e-02 2.644907e+00
-2.018925e-01 7.976000e-03 2.681167e+00
2.769900e-02 3.529100e-02 2.717428e+00
-1.887615e-01 -1.429530e-01 2.663560e+00
-4.052220e-01 -3.211970e-01 2.609693e+00
-1.906865e-01 -2.928585e-01 2.635514e+00
2.384900e-02 -2.645200e-01 2.661334e+00
-1.967040e-01 -3.280485e-01 2.639845e+00
-4.172570e-01 -3.915770e-01 2.618357e+00
-2.019740e-01 -3.575860e-01 2.659672e+00
1.330900e-02 -3.235950e-01 2.700987e+00
-1.386730e-01 -4.582705e-01 2.647896e+00
-2.906550e-01 -5.929460e-01 2.594806e+00
-1.880315e-01 -5.886985e-01 2.594422e+00
-8.540800e-02 -5.844510e-01 2.594038e+00
-1.804265e-01 -7.911260e-01 2.661859e+00
-2.754450e-01 -9.978010e-01 2.729679e+00
-1.918385e-01 -9.968240e-01 2.717898e+00
-1.082320e-01 -9.958470e-01 2.706117e+00
-1.972695e-01 -1.025084e+00 2.633679e+00
-2.863070e-01 -1.054322e+00 2.561241e+00
-1.910075e-01 -1.048744e+00 2.548110e+00
-9.570800e-02 -1.043166e+00 2.534980e+00
-1.759790e-01 -2.498105e-01 2.541068e+00
-2.562500e-01 5.435450e-01 2.547157e+00
-3.356370e-01 4.022425e-01 2.581397e+00
-4.150240e-01 2.609400e-01 2.615637e+00
-4.773300e-02 3.037600e-01 2.677999e+00
-2.184140e-01 3.281160e-01 2.539039e+00
-2.308760e-01 1.612780e-01 2.726989e+00
-3.606770e-01 -6.665200e-02 2.586367e+00
-3.035400e-02 -4.248200e-02 2.642925e+00
-2.101560e-01 -7.604900e-02 2.709332e+00
-4.207340e-01 -2.658100e-02 2.600246e+00
3.105600e-02 3.186700e-02 2.730955e+00
-3.948850e-01 -3.271170e-01 2.546450e+00
2.952700e-02 -2.686790e-01 2.671341e+00
-4.002950e-01 -3.982100e-01 2.555924e+00
6.508000e-03 -3.345210e-01 2.688898e+00
-2.895430e-01 -5.967570e-01 2.593603e+00
-8.425000e-02 -5.866520e-01 2.594746e+00
-2.775020e-01 -1.000723e+00 2.731426e+00
-1.061050e-01 -9.968370e-01 2.711366e+00
-2.633740e-01 -1.057640e+00 2.563364e+00
-6.936600e-02 -1.046275e+00 2.544363e+00
-2.498500e-01 5.462960e-01 2.571875e+00
-4.155340e-01 2.581020e-01 2.604484e+00
-5.232800e-02 3.034620e-01 2.686024e+00
-2.159010e-01 3.278400e-01 2.538768e+00
-2.363960e-01 1.588450e-01 2.724068e+00
-3.568460e-01 -6.628800e-02 2.571708e+00
-2.941200e-02 -4.974900e-02 2.645257e+00
-2.133410e-01 -7.686600e-02 2.702703e+00
-4.099240e-01 -2.587200e-02 2.544111e+00
2.995800e-02 3.068000e-02 2.742028e+00
-3.821100e-01 -2.959650e-01 2.396730e+00
3.330500e-02 -2.681800e-01 2.663817e+00
-4.150270e-01 -3.598160e-01 2.400305e+00
1.073000e-03 -3.318660e-01 2.654958e+00
-2.888980e-01 -5.989930e-01 2.598244e+00
-7.884300e-02 -5.918640e-01 2.605206e+00
-2.767770e-01 -1.005522e+00 2.728305e+00
-1.029800e-01 -1.004130e+00 2.713756e+00
-2.517730e-01 -1.058547e+00 2.560236e+00
-5.644300e-02 -1.050420e+00 2.548300e+00
-2.428290e-01 5.589400e-01 2.587976e+00
-4.062050e-01 2.812420e-01 2.594220e+00
-5.212300e-02 3.091350e-01 2.714525e+00
-2.008510e-01 3.553180e-01 2.557102e+00
-2.397770e-01 1.641310e-01 2.715996e+00
-3.369270e-01 -5.080600e-02 2.545466e+00
-1.807800e-02 -4.759800e-02 2.651394e+00
-2.078590e-01 -6.586600e-02 2.690311e+00
-4.011720e-01 6.300000e-02 2.403467e+00
3.135900e-02 3.661700e-02 2.767499e+00
-3.748570e-01 -6.336200e-02 2.123336e+00
6.549900e-02 -2.463860e-01 2.649697e+00
-3.689300e-01 -9.278100e-02 2.057970e+00
5.324500e-02 -3.140660e-01 2.628660e+00
-2.833320e-01 -5.855840e-01 2.610468e+00
-8.196300e-02 -5.871570e-01 2.622291e+00
-2.849930e-01 -9.951430e-01 2.731247e+00
-9.902100e-02 -1.002599e+00 2.719485e+00
-2.386970e-01 -1.043932e+00 2.566443e+00
-4.026900e-02 -1.043159e+00 2.556430e+00
-2.482800e-01 5.694540e-01 2.620819e+00
-4.100040e-01 2.617270e-01 2.565492e+00
-7.057200e-02 3.187890e-01 2.714336e+00
-2.083840e-01 3.507290e-01 2.543975e+00
-2.462370e-01 1.598350e-01 2.703481e+00
-3.260670e-01 -4.742800e-02 2.521413e+00
-1.623300e-02 -5.052200e-02 2.651371e+00
-2.087680e-01 -6.479800e-02 2.675699e+00
-3.656100e-01 1.722600e-01 2.294251e+00
2.741700e-02 5.804200e-02 2.791514e+00
-3.316800e-01 2.213380e-01 1.992566e+00
1.005790e-01 -1.999360e-01 2.640956e+00
-3.373990e-01 2.730570e-01 1.942910e+00
1.162560e-01 -2.659190e-01 2.617002e+00
-2.838920e-01 -5.815760e-01 2.610662e+00
-7.873800e-02 -5.872120e-01 2.638274e+00
-2.884610e-01 -9.886530e-01 2.739491e+00
-9.703800e-02 -1.006754e+00 2.715596e+00
-2.299390e-01 -1.039971e+00 2.579411e+00
-2.562400e-02 -1.039314e+00 2.555834e+00
-2.378310e-01 5.818760e-01 2.628841e+00
-3.913820e-01 2.610130e-01 2.525989e+00
-7.805300e-02 3.120250e-01 2.725608e+00
-1.872200e-01 3.461750e-01 2.535999e+00
-2.528870e-01 1.563670e-01 2.687577e+00
-3.049060e-01 -4.908400e-02 2.487180e+00
-1.906400e-02 -5.627000e-02 2.663641e+00
-2.133560e-01 -6.548800e-02 2.658104e+00
-3.838450e-01 2.372980e-01 2.240249e+00
1.925600e-02 5.303100e-02 2.801235e+00
-3.083430e-01 4.527730e-01 2.037780e+00
1.627240e-01 -1.504050e-01 2.624729e+00
-3.241010e-01 5.178570e-01 2.011529e+00
1.677630e-01 -2.181710e-01 2.601156e+00
-2.801040e-01 -5.812540e-01 2.607924e+00
-8.529600e-02 -5.912870e-01 2.650824e+00
-2.904410e-01 -9.871370e-01 2.740139e+00
-9.702200e-02 -1.012015e+00 2.722795e+00
-2.069660e-01 -1.037749e+00 2.591296e+00
-2.950000e-03 -1.040038e+00 2.574306e+00
-2.389520e-01 5.825550e-01 2.617475e+00
-3.677620e-01 2.764050e-01 2.513880e+00
-7.411400e-02 2.899780e-01 2.741318e+00
-1.641850e-01 3.485930e-01 2.547704e+00
-2.519280e-01 1.487490e-01 2.672918e+00
-2.926310e-01 -4.868000e-02 2.460140e+00
-2.472500e-02 -6.671900e-02 2.662123e+00
-2.179100e-01 -6.772800e-02 2.638799e+00
-3.694070e-01 3.552630e-01 2.239605e+00
1.753800e-02 3.204900e-02 2.822072e+00
-2.727950e-01 6.236330e-01 2.135481e+00
2.696790e-01 1.063000e-02 2.654249e+00
-3.013350e-01 6.847580e-01 2.160431e+00
3.297570e-01 2.644000e-03 2.615518e+00
-2.796790e-01 -5.816260e-01 2.600101e+00
-8.499600e-02 -5.961350e-01 2.657759e+00
-2.954940e-01 -9.883330e-01 2.729205e+00
-9.086400e-02 -1.017775e+00 2.724949e+00
-1.964160e-01 -1.036561e+00 2.589414e+00
1.655000e-02 -1.041567e+00 2.585020e+00
-2.399430e-01 5.766110e-01 2.615699e+00
-3.604420e-01 2.639000e-01 2.505530e+00
-8.244300e-02 2.892190e-01 2.746223e+00
-1.638850e-01 3.431260e-01 2.547485e+00
-2.514060e-01 1.413930e-01 2.669793e+00
-2.871390e-01 -5.043300e-02 2.446649e+00
-2.898300e-02 -7.354300e-02 2.660464e+00
-2.209010e-01 -7.163200e-02 2.628386e+00
-3.579270e-01 3.726550e-01 2.242591e+00
2.044300e-02 4.288100e-02 2.844726e+00
-2.530040e-01 6.490290e-01 2.177277e+00
2.736460e-01 1.440590e-01 2.713163e+00
-2.612040e-01 7.197930e-01 2.187205e+00
3.394530e-01 1.687310e-01 2.697864e+00
-2.821620e-01 -5.840630e-01 2.590076e+00
-8.362100e-02 -6.015220e-01 2.647691e+00
-2.969900e-01 -9.889120e-01 2.725008e+00
-9.497400e-02 -1.022538e+00 2.718013e+00
-1.918760e-01 -1.037783e+00 2.589928e+00
1.942500e-02 -1.048000e+00 2.584041e+00
-2.386810e-01 5.674740e-01 2.617100e+00
-3.692890e-01 2.505960e-01 2.491204e+00
-1.354230e-01 3.468840e-01 2.756511e+00
-1.995970e-01 3.695880e-01 2.545794e+00
-2.621600e-01 1.634150e-01 2.675771e+00
-2.809510e-01 -2.699300e-02 2.430774e+00
-4.155900e-02 -3.714400e-02 2.666326e+00
-2.298930e-01 -4.360200e-02 2.617810e+00
-3.401820e-01 3.710670e-01 2.239187e+00
8.714000e-03 1.194140e-01 2.836227e+00
-2.340610e-01 6.475310e-01 2.199335e+00
2.728000e-01 2.489460e-01 2.783667e+00
-2.358540e-01 7.136620e-01 2.227564e+00
2.904170e-01 3.186480e-01 2.781551e+00
-2.800810e-01 -5.583050e-01 2.571604e+00
-8.229200e-02 -5.713990e-01 2.623096e+00
-2.928670e-01 -9.599580e-01 2.715967e+00
-8.867800e-02 -9.878050e-01 2.717409e+00
-1.795010e-01 -1.009557e+00 2.588013e+00
3.584700e-02 -1.017715e+00 2.593785e+00
-2.394460e-01 5.742540e-01 2.599261e+00
-4.004510e-01 2.720840e-01 2.490784e+00
-1.408210e-01 3.219440e-01 2.753950e+00
-2.151280e-01 3.732620e-01 2.551762e+00
-2.850840e-01 1.579410e-01 2.661573e+00
-2.892950e-01 -1.923900e-02 2.440814e+00
-4.187100e-02 -3.668500e-02 2.667470e+00
-2.311620e-01 -4.908400e-02 2.624103e+00
-3.223890e-01 3.331330e-01 2.228622e+00
7.640600e-02 1.908990e-01 2.873067e+00
-2.104650e-01 6.067340e-01 2.189479e+00
2.025290e-01 4.580390e-01 2.832500e+00
-2.116660e-01 6.722460e-01 2.219145e+00
1.931740e-01 5.293340e-01 2.830829e+00
-2.799230e-01 -5.563830e-01 2.538994e+00
-7.462500e-02 -5.688120e-01 2.585371e+00
-2.898970e-01 -9.544970e-01 2.693056e+00
-8.432600e-02 -9.785940e-01 2.705010e+00
-1.895130e-01 -1.009727e+00 2.556833e+00
3.118700e-02 -1.019062e+00 2.575770e+00
-2.371950e-01 5.716460e-01 2.584094e+00
-4.089770e-01 2.594910e-01 2.508966e+00
-1.219770e-01 2.975600e-01 2.747308e+00
-2.139520e-01 3.542110e-01 2.554005e+00
-2.797150e-01 1.394760e-01 2.667491e+00
-2.989570e-01 -3.570000e-02 2.452635e+00
-3.199900e-02 -5.716900e-02 2.655535e+00
-2.242640e-01 -7.085200e-02 2.628846e+00
-3.267540e-01 2.890080e-01 2.246107e+00
1.119910e-01 2.543900e-01 2.889160e+00
-2.093410e-01 5.478100e-01 2.168077e+00
1.128350e-01 5.433370e-01 2.831172e+00
-2.006970e-01 6.184260e-01 2.178662e+00
8.102000e-02 6.070080e-01 2.841519e+00
-2.781560e-01 -5.756520e-01 2.523474e+00
-6.889500e-02 -5.874840e-01 2.576623e+00
-2.924260e-01 -9.651920e-01 2.697784e+00
-9.241000e-02 -9.948070e-01 2.702574e+00
-2.134930e-01 -1.032757e+00 2.553256e+00
1.213100e-02 -1.042841e+00 2.566751e+00
-2.382520e-01 5.545070e-01 2.599211e+00
-4.069470e-01 2.516130e-01 2.525378e+00
-1.116330e-01 2.912970e-01 2.753062e+00
-2.113800e-01 3.481490e-01 2.563712e+00
-2.705760e-01 1.320190e-01 2.678162e+00
-2.989320e-01 -3.790200e-02 2.460570e+00
-2.376300e-02 -6.352700e-02 2.651675e+00
-2.168490e-01 -7.803300e-02 2.632375e+00
-3.348620e-01 2.393150e-01 2.258229e+00
1.377050e-01 3.226650e-01 2.869523e+00
-2.154920e-01 4.773300e-01 2.131972e+00
2.764800e-02 5.904460e-01 2.814547e+00
-2.048900e-01 5.484190e-01 2.129277e+00
-2.204900e-02 6.403180e-01 2.829253e+00
-2.733200e-01 -5.793990e-01 2.511596e+00
-6.046900e-02 -5.916500e-01 2.564316e+00
-2.925830e-01 -9.646570e-01 2.694719e+00
-8.893800e-02 -9.950160e-01 2.701485e+00
-2.248050e-01 -1.038067e+00 2.547406e+00
8.875000e-03 -1.049037e+00 2.562926e+00
-2.336630e-01 5.410850e-01 2.602777e+00
-4.177830e-01 2.409470e-01 2.548267e+00
-1.101250e-01 2.678500e-01 2.748478e+00
-2.187910e-01 3.344560e-01 2.574602e+00
-2.704380e-01 1.136410e-01 2.683638e+00
-2.973250e-01 -4.714100e-02 2.467811e+00
-9.142000e-03 -6.528800e-02 2.639618e+00
-2.024850e-01 -8.630900e-02 2.633149e+00
-3.612540e-01 1.585650e-01 2.289965e+00
1.170540e-01 4.197680e-01 2.793344e+00
-2.485730e-01 3.400900e-01 2.087044e+00
-7.976400e-02 6.389540e-01 2.800107e+00
-2.317560e-01 4.023130e-01 2.055125e+00
-1.420910e-01 6.725790e-01 2.787539e+00
-2.636880e-01 -5.863610e-01 2.506248e+00
-4.513100e-02 -5.951420e-01 2.560012e+00
-2.921830e-01 -9.693360e-01 2.692923e+00
-8.677600e-02 -9.989240e-01 2.692507e+00
-2.344070e-01 -1.046559e+00 2.543314e+00
4.961000e-03 -1.054942e+00 2.550625e+00
-2.318200e-01 5.271650e-01 2.617652e+00
-4.312680e-01 2.287580e-01 2.531054e+00
-1.115100e-01 2.788670e-01 2.700060e+00
-2.296460e-01 3.202530e-01 2.527544e+00
-2.757310e-01 1.208030e-01 2.673870e+00
-2.998600e-01 -5.920900e-02 2.475935e+00
1.730000e-04 -5.561100e-02 2.627140e+00
-1.915410e-01 -8.799800e-02 2.635006e+00
-3.703090e-01 9.607200e-02 2.295741e+00
8.984800e-02 4.678910e-01 2.720524e+00
-2.690630e-01 2.363170e-01 2.057211e+00
-1.233490e-01 6.649960e-01 2.770647e+00
-2.565930e-01 2.905650e-01 2.011659e+00
-1.585410e-01 6.811480e-01 2.831260e+00
-2.582380e-01 -5.915840e-01 2.520225e+00
-3.854100e-02 -5.925090e-01 2.570662e+00
-2.946510e-01 -9.780860e-01 2.698043e+00
-8.273000e-02 -9.976000e-01 2.698244e+00
-2.402960e-01 -1.053129e+00 2.546062e+00
6.220000e-04 -1.053047e+00 2.551064e+00
-2.516990e-01 5.292130e-01 2.584769e+00
-4.446310e-01 2.043690e-01 2.538214e+00
-1.254340e-01 3.061190e-01 2.686951e+00
-2.585900e-01 3.230570e-01 2.519852e+00
-2.678570e-01 1.252290e-01 2.675073e+00
-2.887490e-01 -5.007600e-02 2.512650e+00
2.257100e-02 -4.834700e-02 2.639036e+00
-1.675660e-01 -8.328100e-02 2.661235e+00
-3.735840e-01 3.477500e-02 2.331147e+00
5.467900e-02 5.065470e-01 2.623118e+00
-2.816680e-01 1.393150e-01 2.071474e+00
-1.379680e-01 7.146920e-01 2.702933e+00
-2.817830e-01 1.824260e-01 2.013900e+00
-1.863960e-01 7.473280e-01 2.744920e+00
-2.636170e-01 -5.792940e-01 2.534945e+00
-3.877300e-02 -5.852120e-01 2.586204e+00
-2.965850e-01 -9.700980e-01 2.703806e+00
-7.895700e-02 -9.950610e-01 2.699070e+00
-2.593410e-01 -1.041776e+00 2.545189e+00
-1.029500e-02 -1.044886e+00 2.542587e+00
-2.840810e-01 5.413330e-01 2.572406e+00
-4.557490e-01 1.973370e-01 2.567976e+00
-1.188790e-01 3.088550e-01 2.642909e+00
-2.815400e-01 3.205910e-01 2.508862e+00
-2.515260e-01 1.252640e-01 2.664624e+00
-2.904440e-01 -5.508400e-02 2.544006e+00
4.033500e-02 -4.029200e-02 2.601126e+00
-1.401230e-01 -7.272200e-02 2.666308e+00
-3.928630e-01 -7.000000e-06 2.391824e+00
-5.476300e-02 5.229810e-01 2.488093e+00
-3.055960e-01 4.146000e-02 2.119150e+00
-1.542530e-01 7.893750e-01 2.434969e+00
-3.095060e-01 8.840500e-02 2.064798e+00
-1.612610e-01 8.571390e-01 2.458039e+00
-2.784240e-01 -5.774470e-01 2.582013e+00
-3.947600e-02 -5.811040e-01 2.614377e+00
-3.036050e-01 -9.803890e-01 2.721055e+00
-7.950900e-02 -9.965980e-01 2.704324e+00
-2.924630e-01 -1.038960e+00 2.553337e+00
-4.532400e-02 -1.036699e+00 2.534302e+00
-3.034920e-01 5.448180e-01 2.577419e+00
-4.536770e-01 2.046830e-01 2.600662e+00
-1.079410e-01 3.090730e-01 2.621161e+00
-2.866150e-01 3.187850e-01 2.510628e+00
-2.396740e-01 1.316070e-01 2.672109e+00
-2.943620e-01 -5.625200e-02 2.570513e+00
4.119200e-02 -4.233300e-02 2.580810e+00
-1.289180e-01 -6.475500e-02 2.672598e+00
-3.992540e-01 1.655100e-02 2.411365e+00
-9.661200e-02 5.159740e-01 2.444376e+00
-3.106140e-01 4.605600e-02 2.137043e+00
-1.749720e-01 6.965360e-01 2.231685e+00
-2.882970e-01 5.493900e-02 2.069246e+00
-2.038960e-01 7.419070e-01 2.183955e+00
-2.859380e-01 -5.784600e-01 2.612314e+00
-3.662300e-02 -5.822600e-01 2.629389e+00
-2.953560e-01 -9.932910e-01 2.713087e+00
-8.568000e-02 -1.002723e+00 2.685365e+00
-3.040730e-01 -1.035073e+00 2.540280e+00
-7.476000e-02 -1.027420e+00 2.509425e+00
-2.897030e-01 5.482830e-01 2.572165e+00
-4.378480e-01 2.948430e-01 2.639554e+00
-7.746600e-02 3.360710e-01 2.590958e+00
-2.725680e-01 3.570040e-01 2.505937e+00
-2.287530e-01 1.984020e-01 2.696307e+00
-2.992190e-01 -2.980900e-02 2.601208e+00
3.430500e-02 -1.622500e-02 2.562828e+00
-1.209230e-01 -3.182400e-02 2.679129e+00
-3.829240e-01 4.256800e-02 2.551437e+00
-9.506400e-02 4.414520e-01 2.339942e+00
-3.249450e-01 8.186000e-03 2.269120e+00
-1.997620e-01 4.706230e-01 2.070806e+00
-3.278620e-01 8.030000e-03 2.197253e+00
-2.180750e-01 4.428700e-01 2.007028e+00
-2.829450e-01 -5.543040e-01 2.630824e+00
-3.600100e-02 -5.552240e-01 2.636255e+00
-2.947810e-01 -9.765080e-01 2.693532e+00
-8.279600e-02 -9.787210e-01 2.664355e+00
-3.235160e-01 -1.001528e+00 2.519657e+00
-9.743600e-02 -9.888550e-01 2.487248e+00
-3.079500e-01 5.943560e-01 2.541167e+00
-4.080050e-01 3.449150e-01 2.670389e+00
-4.982700e-02 3.958270e-01 2.571692e+00
-2.636720e-01 4.126420e-01 2.516715e+00
-1.913210e-01 2.521250e-01 2.696477e+00
-3.082530e-01 3.841000e-03 2.633472e+00
1.588600e-02 2.005700e-02 2.546484e+00
-1.210500e-01 1.778100e-02 2.684718e+00
-4.023450e-01 7.307100e-02 2.642028e+00
-7.938200e-02 2.641270e-01 2.333960e+00
-3.355160e-01 -6.112900e-02 2.392783e+00
-2.114660e-01 1.018020e-01 2.131963e+00
-3.255500e-01 -8.992100e-02 2.327630e+00
-2.380900e-01 3.791000e-02 2.112410e+00
-2.816720e-01 -5.207190e-01 2.641777e+00
-4.943300e-02 -5.203440e-01 2.627353e+00
-2.989190e-01 -9.423170e-01 2.707252e+00
-8.210700e-02 -9.426000e-01 2.681770e+00
-3.535290e-01 -9.661320e-01 2.539518e+00
-1.261530e-01 -9.612870e-01 2.510321e+00
-3.368600e-01 6.082600e-01 2.501791e+00
-4.222740e-01 3.153340e-01 2.698046e+00
-7.788100e-02 3.907220e-01 2.570236e+00
-2.963220e-01 3.947550e-01 2.534146e+00
-1.987880e-01 2.361650e-01 2.703414e+00
-3.134620e-01 -3.960000e-03 2.656455e+00
1.859000e-03 2.042700e-02 2.542993e+00
-1.229000e-01 1.273300e-02 2.692128e+00
-4.086960e-01 3.963300e-02 2.704862e+00
-6.584400e-02 1.866740e-01 2.384599e+00
-3.580980e-01 -1.342770e-01 2.473563e+00
-1.897550e-01 -7.007000e-03 2.201739e+00
-3.444150e-01 -1.759280e-01 2.416543e+00
-2.221370e-01 -6.772700e-02 2.180815e+00
-2.855590e-01 -5.262060e-01 2.654806e+00
-6.052000e-02 -5.222110e-01 2.633948e+00
-2.968630e-01 -9.472340e-01 2.725071e+00
-8.552600e-02 -9.428220e-01 2.703158e+00
-3.661180e-01 -9.724150e-01 2.563041e+00
-1.506720e-01 -9.659400e-01 2.539129e+00
-3.246150e-01 6.032990e-01 2.527168e+00
-4.183610e-01 3.010820e-01 2.710962e+00
-7.410100e-02 3.668390e-01 2.577598e+00
-2.929290e-01 3.790840e-01 2.545985e+00
-1.977160e-01 2.141460e-01 2.710438e+00
-3.178710e-01 -1.971400e-02 2.658378e+00
-4.922000e-03 6.090000e-03 2.538823e+00
-1.264690e-01 -5.296000e-03 2.690356e+00
-4.102590e-01 2.205900e-02 2.737035e+00
-4.499300e-02 1.362470e-01 2.420821e+00
-3.608010e-01 -2.161730e-01 2.564490e+00
-1.607010e-01 -8.524700e-02 2.257957e+00
-3.870940e-01 -2.470590e-01 2.505092e+00
-1.963160e-01 -1.451430e-01 2.240141e+00
-2.834640e-01 -5.424760e-01 2.668119e+00
-6.444400e-02 -5.364150e-01 2.637034e+00
-2.914960e-01 -9.626560e-01 2.743711e+00
-8.715700e-02 -9.538090e-01 2.724183e+00
-3.618930e-01 -9.902990e-01 2.582577e+00
-1.529510e-01 -9.841750e-01 2.561600e+00
-3.136990e-01 5.832490e-01 2.540305e+00
-4.048950e-01 2.773580e-01 2.732463e+00
-6.561600e-02 3.386070e-01 2.584937e+00
-2.852840e-01 3.572350e-01 2.564094e+00
-1.868670e-01 1.850340e-01 2.718938e+00
-3.234470e-01 -4.520100e-02 2.667248e+00
-1.595900e-02 -2.168200e-02 2.533854e+00
-1.304880e-01 -3.572200e-02 2.690541e+00
-4.124180e-01 -7.054000e-03 2.746249e+00
-8.218000e-03 8.112900e-02 2.477477e+00
-3.982490e-01 -2.943020e-01 2.650681e+00
-9.800100e-02 -1.716870e-01 2.336522e+00
-3.970550e-01 -3.641250e-01 2.633457e+00
-1.382100e-01 -2.277650e-01 2.316228e+00
-2.859000e-01 -5.698980e-01 2.674086e+00
-8.327700e-02 -5.604800e-01 2.658275e+00
-2.685610e-01 -9.900060e-01 2.748502e+00
-1.002710e-01 -9.815040e-01 2.727404e+00
-3.476720e-01 -1.020978e+00 2.592086e+00
-1.786820e-01 -1.004309e+00 2.569241e+00
-2.847720e-01 5.760850e-01 2.581083e+00
-3.961430e-01 2.818590e-01 2.730124e+00
-5.320100e-02 3.349990e-01 2.588025e+00
-2.719210e-01 3.603160e-01 2.564448e+00
-1.807290e-01 1.833650e-01 2.718356e+00
-3.446920e-01 -5.907500e-02 2.663539e+00
-3.041700e-02 -2.145300e-02 2.550793e+00
-1.537170e-01 -4.755000e-02 2.699053e+00
-4.167000e-01 -3.977000e-03 2.738623e+00
1.468100e-02 6.451900e-02 2.521472e+00
-4.271160e-01 -3.082950e-01 2.720525e+00
-4.613200e-02 -2.155860e-01 2.417124e+00
-4.282080e-01 -3.777860e-01 2.739050e+00
-8.596000e-02 -2.748680e-01 2.408602e+00
-2.917180e-01 -5.799320e-01 2.682713e+00
-8.833300e-02 -5.643240e-01 2.661726e+00
-2.814400e-01 -1.000452e+00 2.756109e+00
-1.043030e-01 -9.863650e-01 2.724621e+00
-3.455650e-01 -1.030521e+00 2.592807e+00
-1.700270e-01 -1.008312e+00 2.560662e+00
-2.677650e-01 5.852580e-01 2.596884e+00
-3.922300e-01 2.932600e-01 2.724078e+00
-3.975800e-02 3.364660e-01 2.603573e+00
-2.554970e-01 3.723740e-01 2.568900e+00
-1.808540e-01 1.857970e-01 2.720335e+00
-3.597230e-01 -4.656200e-02 2.658072e+00
-3.912300e-02 -2.438700e-02 2.559989e+00
-1.701670e-01 -4.703000e-02 2.702046e+00
-4.268820e-01 8.475000e-03 2.741749e+00
3.897500e-02 6.156600e-02 2.574482e+00
-4.296210e-01 -2.920890e-01 2.798073e+00
-9.217000e-03 -2.321420e-01 2.504255e+00
-4.340600e-01 -3.635860e-01 2.791609e+00
-3.785500e-02 -2.978420e-01 2.498196e+00
-2.955250e-01 -5.726610e-01 2.692404e+00
-9.191000e-02 -5.626240e-01 2.662368e+00
-2.766850e-01 -9.937730e-01 2.760513e+00
-1.010880e-01 -9.834360e-01 2.734212e+00
-3.308180e-01 -1.023204e+00 2.593518e+00
-1.494460e-01 -1.011240e+00 2.565179e+00
-2.517220e-01 5.942660e-01 2.615151e+00
-3.890430e-01 3.072820e-01 2.714429e+00
-2.703100e-02 3.324150e-01 2.619875e+00
-2.375360e-01 3.798720e-01 2.570168e+00
-1.838670e-01 1.888060e-01 2.724858e+00
-3.627960e-01 -2.941300e-02 2.643969e+00
-3.476800e-02 -2.765600e-02 2.571235e+00
-1.776620e-01 -4.212800e-02 2.702525e+00
-4.290650e-01 2.876800e-02 2.765986e+00
5.664100e-02 5.989100e-02 2.643525e+00
-4.323810e-01 -2.709010e-01 2.819066e+00
8.600000e-03 -2.389380e-01 2.611539e+00
-4.482860e-01 -3.371230e-01 2.842196e+00
-1.488800e-02 -3.068350e-01 2.608118e+00
-2.940940e-01 -5.614660e-01 2.693189e+00
-9.331200e-02 -5.592060e-01 2.668554e+00
-2.829060e-01 -9.845710e-01 2.749641e+00
-1.038410e-01 -9.801220e-01 2.739604e+00
-3.225400e-01 -1.008550e+00 2.577774e+00
-1.397200e-01 -1.008268e+00 2.567544e+00
-2.220180e-01 5.971440e-01 2.619746e+00
-3.868490e-01 3.114760e-01 2.708731e+00
-1.948100e-02 3.294900e-01 2.635645e+00
-2.255390e-01 3.836470e-01 2.575294e+00
-1.855960e-01 1.874610e-01 2.727710e+00
-3.670020e-01 -2.743600e-02 2.639707e+00
-3.654800e-02 -2.614000e-02 2.578925e+00
-1.841660e-01 -4.189400e-02 2.704726e+00
-4.241570e-01 3.609300e-02 2.772680e+00
4.882300e-02 5.409400e-02 2.664086e+00
-4.373230e-01 -2.645750e-01 2.811085e+00
9.539000e-03 -2.454510e-01 2.636167e+00
-4.451370e-01 -3.359940e-01 2.807664e+00
-1.385800e-02 -3.131800e-01 2.629946e+00
-2.937350e-01 -5.595620e-01 2.692730e+00
-9.267300e-02 -5.570280e-01 2.671778e+00
-2.878150e-01 -9.823380e-01 2.752346e+00
-1.097470e-01 -9.787910e-01 2.736228e+00
-3.204190e-01 -1.007219e+00 2.579135e+00
-1.386740e-01 -1.004177e+00 2.562438e+00
-2.097300e-01 5.971980e-01 2.613272e+00
-3.842350e-01 3.166660e-01 2.694470e+00
-1.200000e-02 3.347470e-01 2.652760e+00
-2.122480e-01 3.873950e-01 2.574249e+00
-1.851140e-01 1.935550e-01 2.732379e+00
-3.676630e-01 -2.395000e-02 2.639002e+00
-3.533800e-02 -2.249400e-02 2.589465e+00
-1.871710e-01 -4.029700e-02 2.709860e+00
-4.246530e-01 4.202000e-02 2.757047e+00
4.181400e-02 5.703000e-02 2.683708e+00
-4.390750e-01 -2.569980e-01 2.802305e+00
1.105200e-02 -2.427520e-01 2.654511e+00
-4.350080e-01 -3.259770e-01 2.782339e+00
-4.469000e-03 -3.120960e-01 2.643386e+00
-2.941070e-01 -5.558530e-01 2.693680e+00
-9.542200e-02 -5.546670e-01 2.671073e+00
-2.857230e-01 -9.796090e-01 2.745547e+00
-1.079390e-01 -9.767510e-01 2.734457e+00
-3.125210e-01 -1.001510e+00 2.570944e+00
-1.315730e-01 -1.002265e+00 2.559888e+00
-2.105980e-01 6.014650e-01 2.613905e+00
