-3.255250e-01 3.974740e-01 2.509917e+00
-1.500930e-01 4.008850e-01 2.483119e+00
2.533900e-02 4.042960e-01 2.456321e+00
-7.311500e-02 4.316595e-01 2.403123e+00
-1.715690e-01 4.590230e-01 2.349926e+00
-1.529240e-01 3.601020e-01 2.459396e+00
-1.342790e-01 2.611810e-01 2.568866e+00
-2.417980e-01 1.486555e-01 2.510542e+00
-3.493170e-01 3.613000e-02 2.452219e+00
-1.494560e-01 3.641550e-02 2.422902e+00
5.040500e-02 3.670100e-02 2.393584e+00
-4.032750e-02 3.529600e-02 2.470932e+00
-1.310600e-01 3.389100e-02 2.548280e+00
-2.651445e-01 8.132400e-02 2.543348e+00
-3.992290e-01 1.287570e-01 2.538416e+00
-1.508575e-01 1.312915e-01 2.492623e+00
9.751400e-02 1.338260e-01 2.446831e+00
-1.524055e-01 -5.365500e-03 2.442303e+00
-4.023250e-01 -1.445570e-01 2.437774e+00
-1.564165e-01 -1.486435e-01 2.416514e+00
8.949200e-02 -1.527300e-01 2.395255e+00
-1.577825e-01 -1.777270e-01 2.399316e+00
-4.050570e-01 -2.027240e-01 2.403376e+00
-1.765160e-01 -2.026170e-01 2.386160e+00
5.202500e-02 -2.025100e-01 2.368945e+00
-9.510150e-02 -3.510190e-01 2.405858e+00
-2.422280e-01 -4.995280e-01 2.442772e+00
-1.371805e-01 -4.977620e-01 2.448541e+00
-3.213300e-02 -4.959960e-01 2.454309e+00
-1.477095e-01 -7.043580e-01 2.503343e+00
-2.632860e-01 -9.127200e-01 2.552377e+00
-1.400820e-01 -9.150420e-01 2.540089e+00
-1.687800e-02 -9.173640e-01 2.527802e+00
-1.510535e-01 -9.350635e-01 2.462504e+00
-2.852290e-01 -9.527630e-01 2.397206e+00
-1.617570e-01 -9.492130e-01 2.383599e+00
-3.828500e-02 -9.456630e-01 2.369992e+00
-9.361250e-02 -1.221195e-01 2.374227e+00
-1.489400e-01 7.014240e-01 2.378463e+00
-2.385490e-01 5.469560e-01 2.441725e+00
-3.281580e-01 3.924880e-01 2.504988e+00
-1.526535e-01 3.981130e-01 2.479049e+00
2.285100e-02 4.037380e-01 2.453110e+00
-7.566850e-02 4.301955e-01 2.399576e+00
-1.741880e-01 4.566530e-01 2.346041e+00
-1.548865e-01 3.574185e-01 2.455113e+00
-1.355850e-01 2.581840e-01 2.564185e+00
-2.416955e-01 1.460280e-01 2.512612e+00
-3.478060e-01 3.387200e-02 2.461040e+00
-1.501070e-01 3.469300e-02 2.419586e+00
4.759200e-02 3.551400e-02 2.378132e+00
-3.825000e-02 3.356600e-02 2.460864e+00
-1.240920e-01 3.161800e-02 2.543595e+00
-2.602680e-01 7.650500e-02 2.543509e+00
-3.964440e-01 1.213920e-01 2.543423e+00
-1.470705e-01 1.272455e-01 2.493935e+00
1.023030e-01 1.330990e-01 2.444447e+00
-1.613235e-01 -1.732500e-02 2.473318e+00
-4.249500e-01 -1.677490e-01 2.502189e+00
-1.683110e-01 -1.613570e-01 2.446212e+00
8.832800e-02 -1.549650e-01 2.390235e+00
-1.756025e-01 -1.943175e-01 2.444230e+00
-4.395330e-01 -2.336700e-01 2.498225e+00
-1.909695e-01 -2.239715e-01 2.438937e+00
5.759400e-02 -2.142730e-01 2.379649e+00
-9.038600e-02 -3.579385e-01 2.409053e+00
-2.383660e-01 -5.016040e-01 2.438456e+00
-1.340680e-01 -4.992025e-01 2.443948e+00
-2.977000e-02 -4.968010e-01 2.449440e+00
-1.438750e-01 -7.055405e-01 2.499845e+00
-2.579800e-01 -9.142800e-01 2.550250e+00
-1.377390e-01 -9.159625e-01 2.538328e+00
-1.749800e-02 -9.176450e-01 2.526407e+00
-1.527480e-01 -9.360765e-01 2.461446e+00
-2.879980e-01 -9.545080e-01 2.396485e+00
-1.680490e-01 -9.507950e-01 2.383407e+00
-4.810000e-02 -9.470820e-01 2.370330e+00
-1.000935e-01 -1.223135e-01 2.377788e+00
-1.520870e-01 7.024550e-01 2.385245e+00
-2.406930e-01 5.466255e-01 2.443916e+00
-3.292990e-01 3.907960e-01 2.502587e+00
-1.540645e-01 3.977450e-01 2.475187e+00
2.117000e-02 4.046940e-01 2.447786e+00
-7.800600e-02 4.297835e-01 2.394808e+00
-1.771820e-01 4.548730e-01 2.341831e+00
-1.561235e-01 3.568145e-01 2.451639e+00
-1.350650e-01 2.587560e-01 2.561447e+00
-2.411520e-01 1.448090e-01 2.509996e+00
-3.472390e-01 3.086200e-02 2.458545e+00
-1.498200e-01 3.222900e-02 2.415790e+00
4.759900e-02 3.359600e-02 2.373035e+00
-3.769150e-02 3.176550e-02 2.456338e+00
-1.229820e-01 2.993500e-02 2.539641e+00
-2.566405e-01 7.374600e-02 2.544421e+00
-3.902990e-01 1.175570e-01 2.549200e+00
-1.433725e-01 1.253640e-01 2.495265e+00
1.035540e-01 1.331710e-01 2.441331e+00
-1.660605e-01 -2.023100e-02 2.503316e+00
-4.356750e-01 -1.736330e-01 2.565300e+00
-1.743225e-01 -1.649215e-01 2.475498e+00
8.703000e-02 -1.562100e-01 2.385695e+00
-1.846860e-01 -1.970905e-01 2.474367e+00
-4.564020e-01 -2.379710e-01 2.563038e+00
-1.957955e-01 -2.280225e-01 2.482323e+00
6.481100e-02 -2.180740e-01 2.401608e+00
-8.516300e-02 -3.611935e-01 2.417173e+00
-2.351370e-01 -5.043130e-01 2.432739e+00
-1.307815e-01 -5.012960e-01 2.441403e+00
-2.642600e-02 -4.982790e-01 2.450067e+00
-1.399955e-01 -7.062410e-01 2.502302e+00
-2.535650e-01 -9.142030e-01 2.554537e+00
-1.331150e-01 -9.165620e-01 2.541208e+00
-1.266500e-02 -9.189210e-01 2.527880e+00
-1.480185e-01 -9.385875e-01 2.464831e+00
-2.833720e-01 -9.582540e-01 2.401782e+00
-1.638445e-01 -9.535150e-01 2.386937e+00
-4.431700e-02 -9.487760e-01 2.372092e+00
-1.012015e-01 -1.240380e-01 2.373927e+00
-1.580860e-01 7.007000e-01 2.375762e+00
-2.476515e-01 5.395570e-01 2.431551e+00
-3.372170e-01 3.784140e-01 2.487339e+00
-1.619275e-01 3.919495e-01 2.462913e+00
1.336200e-02 4.054850e-01 2.438487e+00
-8.571850e-02 4.242540e-01 2.382784e+00
-1.847990e-01 4.430230e-01 2.327082e+00
-1.617650e-01 3.501215e-01 2.440904e+00
-1.387310e-01 2.572200e-01 2.554726e+00
-2.422550e-01 1.428490e-01 2.497657e+00
-3.457790e-01 2.847800e-02 2.440589e+00
-1.454400e-01 3.056700e-02 2.414822e+00
5.489900e-02 3.265600e-02 2.389055e+00
-3.718200e-02 3.119350e-02 2.464792e+00
-1.292630e-01 2.973100e-02 2.540529e+00
-2.570735e-01 6.740700e-02 2.548244e+00
-3.848840e-01 1.050830e-01 2.555958e+00
-1.411760e-01 1.195130e-01 2.496226e+00
1.025320e-01 1.339430e-01 2.436494e+00
-1.683355e-01 -2.372700e-02 2.525028e+00
-4.392030e-01 -1.813970e-01 2.613561e+00
-1.744855e-01 -1.698470e-01 2.498648e+00
9.023200e-02 -1.582970e-01 2.383734e+00
-1.829780e-01 -2.012985e-01 2.507713e+00
-4.561880e-01 -2.443000e-01 2.631692e+00
-1.961425e-01 -2.318340e-01 2.513861e+00
6.390300e-02 -2.193680e-01 2.396030e+00
-8.233100e-02 -3.628200e-01 2.411706e+00
-2.285650e-01 -5.062720e-01 2.427382e+00
-1.230905e-01 -5.034425e-01 2.435758e+00
-1.761600e-02 -5.006130e-01 2.444134e+00
-1.347540e-01 -7.095100e-01 2.492292e+00
-2.518920e-01 -9.184070e-01 2.540450e+00
-1.316855e-01 -9.198180e-01 2.531756e+00
-1.147900e-02 -9.212290e-01 2.523061e+00
-1.402315e-01 -9.406455e-01 2.454077e+00
-2.689840e-01 -9.600620e-01 2.385093e+00
-1.484435e-01 -9.555995e-01 2.375022e+00
-2.790300e-02 -9.511370e-01 2.364951e+00
-9.986000e-02 -1.262130e-01 2.368288e+00
-1.718170e-01 6.987110e-01 2.371625e+00
-2.539890e-01 5.353240e-01 2.424828e+00
-3.361610e-01 3.719370e-01 2.478031e+00
1.424500e-02 4.094000e-01 2.435171e+00
-1.827940e-01 4.376300e-01 2.319126e+00
-1.351960e-01 2.590600e-01 2.552179e+00
-3.439140e-01 2.047300e-02 2.438597e+00
5.700100e-02 4.166400e-02 2.393496e+00
-1.292310e-01 2.996100e-02 2.541987e+00
-3.841430e-01 9.778000e-02 2.546093e+00
1.049030e-01 1.376250e-01 2.439193e+00
-4.298900e-01 -1.910380e-01 2.603282e+00
9.724800e-02 -1.562700e-01 2.390754e+00
-4.536000e-01 -2.481380e-01 2.630694e+00
7.062300e-02 -2.182840e-01 2.395161e+00
-2.254750e-01 -5.089250e-01 2.420378e+00
-9.258000e-03 -4.972400e-01 2.433438e+00
-2.592720e-01 -9.216310e-01 2.528616e+00
-9.175000e-03 -9.178120e-01 2.512836e+00
-2.737120e-01 -9.613930e-01 2.372496e+00
-2.088900e-02 -9.477410e-01 2.354312e+00
-1.788260e-01 6.943030e-01 2.362671e+00
-3.388930e-01 3.643360e-01 2.468975e+00
1.242300e-02 4.020020e-01 2.434576e+00
-1.814830e-01 4.261610e-01 2.312490e+00
-1.396470e-01 2.544020e-01 2.551687e+00
-3.344890e-01 1.441100e-02 2.432210e+00
6.754500e-02 3.477200e-02 2.398001e+00
-1.226750e-01 2.357100e-02 2.541387e+00
-3.841760e-01 8.537700e-02 2.518212e+00
1.115330e-01 1.329440e-01 2.443396e+00
-4.198650e-01 -2.071360e-01 2.564624e+00
1.088080e-01 -1.620350e-01 2.398996e+00
-4.368730e-01 -2.708370e-01 2.579688e+00
7.593100e-02 -2.203960e-01 2.389659e+00
-2.214600e-01 -5.148520e-01 2.408413e+00
2.160000e-03 -5.042750e-01 2.420378e+00
-2.480870e-01 -9.272060e-01 2.519944e+00
-7.139000e-03 -9.256520e-01 2.494803e+00
-2.602910e-01 -9.685820e-01 2.364053e+00
-1.282700e-02 -9.536470e-01 2.335596e+00
-1.828380e-01 6.830500e-01 2.347268e+00
-3.354780e-01 3.463610e-01 2.452864e+00
1.647700e-02 3.925740e-01 2.457009e+00
-1.644760e-01 4.197340e-01 2.316986e+00
-1.430730e-01 2.358500e-01 2.549785e+00
-3.250320e-01 -1.130000e-03 2.408349e+00
7.693100e-02 3.857200e-02 2.416476e+00
-1.260280e-01 1.282900e-02 2.539006e+00
-3.788430e-01 6.210900e-02 2.456600e+00
1.186880e-01 1.238360e-01 2.451879e+00
-3.851960e-01 -2.308260e-01 2.396828e+00
1.222020e-01 -1.712570e-01 2.403588e+00
-3.951180e-01 -2.904980e-01 2.366580e+00
8.937800e-02 -2.271860e-01 2.384386e+00
-2.108880e-01 -5.235830e-01 2.383145e+00
1.105400e-02 -5.065420e-01 2.404559e+00
-2.525930e-01 -9.302440e-01 2.509917e+00
-7.769000e-03 -9.307150e-01 2.458477e+00
-2.497850e-01 -9.786380e-01 2.355602e+00
2.435000e-03 -9.515160e-01 2.298395e+00
-1.756260e-01 6.713510e-01 2.353900e+00
-3.281810e-01 3.413790e-01 2.435652e+00
2.247700e-02 3.818970e-01 2.473359e+00
-1.442570e-01 4.145430e-01 2.317725e+00
-1.472120e-01 2.260300e-01 2.547771e+00
-3.170800e-01 -6.559000e-03 2.382118e+00
8.309100e-02 2.511400e-02 2.427678e+00
-1.305970e-01 3.360000e-04 2.530594e+00
-3.751350e-01 6.106300e-02 2.383126e+00
1.286090e-01 1.131050e-01 2.468136e+00
-3.445020e-01 -2.004580e-01 2.238182e+00
1.269020e-01 -1.793010e-01 2.398593e+00
-3.432560e-01 -2.604640e-01 2.207010e+00
9.784100e-02 -2.330030e-01 2.369515e+00
-2.087100e-01 -5.316420e-01 2.370058e+00
1.507600e-02 -5.175720e-01 2.394633e+00
-2.576060e-01 -9.338750e-01 2.507906e+00
-4.219000e-03 -9.363380e-01 2.480927e+00
-2.425760e-01 -9.877190e-01 2.356123e+00
2.208000e-02 -9.697110e-01 2.324858e+00
-1.617180e-01 6.689730e-01 2.365964e+00
-3.180100e-01 3.446710e-01 2.424605e+00
2.689300e-02 3.712920e-01 2.504345e+00
-1.202830e-01 4.208920e-01 2.334148e+00
-1.535780e-01 2.155330e-01 2.546719e+00
-3.081540e-01 -1.624000e-03 2.360791e+00
8.871100e-02 2.558900e-02 2.431313e+00
-1.310790e-01 9.600000e-04 2.520498e+00
-3.550540e-01 9.030900e-02 2.291918e+00
1.325370e-01 1.032890e-01 2.478038e+00
-2.852100e-01 -9.897800e-02 2.068801e+00
1.315930e-01 -1.864350e-01 2.397117e+00
-2.884030e-01 -1.580700e-01 2.036058e+00
9.907200e-02 -2.386050e-01 2.368928e+00
-2.076030e-01 -5.279820e-01 2.359865e+00
1.588400e-02 -5.161590e-01 2.386943e+00
-2.528890e-01 -9.279140e-01 2.505423e+00
-3.797000e-03 -9.383610e-01 2.454340e+00
-2.319300e-01 -9.848580e-01 2.355486e+00
2.997100e-02 -9.648300e-01 2.298384e+00
-1.553790e-01 6.680060e-01 2.387535e+00
-3.207670e-01 3.471270e-01 2.428078e+00
1.530700e-02 3.602070e-01 2.541691e+00
-1.163470e-01 4.347720e-01 2.367923e+00
-1.669210e-01 2.007970e-01 2.544459e+00
-2.970590e-01 5.163000e-03 2.323348e+00
8.516900e-02 3.122600e-02 2.451560e+00
-1.449600e-01 2.320000e-03 2.506996e+00
-3.174380e-01 2.307260e-01 2.165296e+00
1.345020e-01 1.026060e-01 2.496422e+00
-2.140810e-01 1.527750e-01 1.895888e+00
1.410780e-01 -1.727740e-01 2.380396e+00
-1.905040e-01 1.350720e-01 1.835021e+00
1.215760e-01 -2.271390e-01 2.345208e+00
-2.054050e-01 -5.212050e-01 2.347422e+00
1.296200e-02 -5.100120e-01 2.380507e+00
-2.452020e-01 -9.212700e-01 2.494214e+00
2.325000e-03 -9.319460e-01 2.451520e+00
-2.062460e-01 -9.787480e-01 2.348126e+00
5.480500e-02 -9.586240e-01 2.300864e+00
-1.355850e-01 6.618480e-01 2.427996e+00
-3.468260e-01 3.153410e-01 2.398931e+00
-1.084600e-02 3.742150e-01 2.497298e+00
-1.535200e-01 4.132800e-01 2.320645e+00
-1.765360e-01 2.001440e-01 2.526825e+00
-3.058560e-01 -8.438000e-03 2.330173e+00
8.219000e-02 2.838600e-02 2.436381e+00
-1.433930e-01 -7.772000e-03 2.504741e+00
-2.786010e-01 2.959930e-01 2.119024e+00
1.280580e-01 1.224110e-01 2.523310e+00
-1.424230e-01 3.936900e-01 1.869877e+00
1.488280e-01 -1.448940e-01 2.388106e+00
-1.202620e-01 4.233570e-01 1.813284e+00
1.351890e-01 -1.991370e-01 2.350083e+00
-2.054400e-01 -5.312870e-01 2.338521e+00
1.286300e-02 -5.158920e-01 2.376651e+00
-2.416530e-01 -9.306610e-01 2.488096e+00
-3.985000e-03 -9.365810e-01 2.453601e+00
-2.108020e-01 -9.887960e-01 2.340342e+00
4.060500e-02 -9.662830e-01 2.300982e+00
-1.246320e-01 6.593970e-01 2.446237e+00
-2.765830e-01 3.497130e-01 2.328134e+00
-3.333800e-02 3.583030e-01 2.578689e+00
-6.145500e-02 4.130240e-01 2.356646e+00
-2.163560e-01 2.136370e-01 2.513863e+00
-2.434040e-01 1.988000e-03 2.241370e+00
3.999600e-02 1.308600e-02 2.529081e+00
-1.899860e-01 -1.593100e-02 2.473090e+00
-1.851040e-01 4.430670e-01 2.071690e+00
1.172280e-01 1.172590e-01 2.533145e+00
-7.022500e-02 6.388830e-01 1.876629e+00
1.584990e-01 -1.401960e-01 2.386164e+00
-3.874000e-02 6.817120e-01 1.834815e+00
1.495330e-01 -1.845060e-01 2.335862e+00
-2.083560e-01 -5.242890e-01 2.342266e+00
1.125300e-02 -5.171450e-01 2.363562e+00
-2.397280e-01 -9.270710e-01 2.483569e+00
-6.980000e-04 -9.327330e-01 2.465189e+00
-1.392240e-01 -9.759240e-01 2.366628e+00
9.274400e-02 -9.666250e-01 2.337584e+00
-1.155620e-01 6.752520e-01 2.458343e+00
-2.616680e-01 3.376200e-01 2.317878e+00
-5.108500e-02 3.467540e-01 2.585993e+00
-5.432800e-02 3.965720e-01 2.361058e+00
-2.298070e-01 2.046530e-01 2.505422e+00
-2.255170e-01 -9.508000e-03 2.210510e+00
2.287500e-02 8.495000e-03 2.528619e+00
-1.990680e-01 -2.267600e-02 2.447144e+00
-1.838230e-01 5.331690e-01 2.122513e+00
1.035180e-01 1.053850e-01 2.568495e+00
-4.071700e-02 7.846010e-01 2.048475e+00
1.851440e-01 -1.219630e-01 2.392913e+00
7.522000e-03 8.265950e-01 2.026484e+00
1.944530e-01 -1.549820e-01 2.334628e+00
-2.121640e-01 -5.304170e-01 2.341825e+00
1.730000e-04 -5.247120e-01 2.359324e+00
-2.480080e-01 -9.311120e-01 2.487916e+00
-3.464000e-03 -9.328620e-01 2.488103e+00
-1.327950e-01 -9.789560e-01 2.384960e+00
8.957000e-02 -9.734290e-01 2.362158e+00
-7.692600e-02 6.498340e-01 2.490478e+00
-2.566830e-01 3.415730e-01 2.311063e+00
-6.788600e-02 3.343740e-01 2.595281e+00
-5.151200e-02 3.916850e-01 2.372715e+00
-2.441430e-01 2.014300e-01 2.495855e+00
-2.215310e-01 -4.600000e-03 2.195870e+00
3.339000e-03 7.145000e-03 2.531297e+00
-2.118680e-01 -2.389400e-02 2.433363e+00
-1.861980e-01 5.501890e-01 2.127335e+00
8.282100e-02 9.051900e-02 2.587112e+00
-9.931000e-03 7.905390e-01 2.137370e+00
2.388090e-01 -9.056400e-02 2.408743e+00
4.166700e-02 8.297580e-01 2.156697e+00
2.518840e-01 -1.115150e-01 2.345782e+00
-2.133750e-01 -5.271590e-01 2.330300e+00
-7.830000e-03 -5.243550e-01 2.359869e+00
-2.493350e-01 -9.253850e-01 2.482966e+00
-9.330000e-04 -9.318570e-01 2.490557e+00
-1.280740e-01 -9.730750e-01 2.387131e+00
1.024910e-01 -9.682450e-01 2.371636e+00
-6.868100e-02 6.365860e-01 2.517677e+00
-2.644090e-01 3.361880e-01 2.308909e+00
-7.256500e-02 3.245810e-01 2.589202e+00
-5.811100e-02 3.816990e-01 2.366454e+00
-2.531590e-01 1.956930e-01 2.492251e+00
-2.263650e-01 1.952000e-02 2.192649e+00
3.332000e-03 7.770000e-04 2.524468e+00
-2.150170e-01 -9.199000e-03 2.429113e+00
-1.850060e-01 5.400180e-01 2.123996e+00
7.197300e-02 7.730300e-02 2.591828e+00
2.756700e-02 7.184910e-01 2.232083e+00
3.150860e-01 -3.904800e-02 2.465020e+00
7.009000e-02 7.259580e-01 2.284141e+00
3.328850e-01 -2.434700e-02 2.401450e+00
-2.201040e-01 -5.147370e-01 2.309762e+00
-1.254100e-02 -5.226390e-01 2.357235e+00
-2.330960e-01 -9.113620e-01 2.470087e+00
3.916000e-03 -9.326450e-01 2.478925e+00
-1.187730e-01 -9.574440e-01 2.365350e+00
1.216400e-01 -9.598370e-01 2.371387e+00
-6.103200e-02 6.221220e-01 2.518531e+00
-2.789810e-01 3.139120e-01 2.302018e+00
-9.237100e-02 3.371830e-01 2.588915e+00
-7.606800e-02 3.781090e-01 2.362757e+00
-2.612500e-01 1.890660e-01 2.498541e+00
-2.452000e-01 1.770600e-02 2.178843e+00
-2.374300e-02 4.005000e-03 2.516460e+00
-2.392150e-01 -1.142600e-02 2.415452e+00
-1.803050e-01 4.883130e-01 2.090906e+00
6.492900e-02 9.232200e-02 2.593503e+00
5.332800e-02 4.976610e-01 2.283118e+00
3.661730e-01 7.927200e-02 2.619939e+00
8.853000e-02 4.679430e-01 2.332632e+00
4.046320e-01 1.320080e-01 2.602221e+00
-2.358640e-01 -5.156610e-01 2.289230e+00
-2.146800e-02 -5.175650e-01 2.336986e+00
-2.250970e-01 -9.095570e-01 2.456304e+00
5.982000e-03 -9.291360e-01 2.451182e+00
-1.126620e-01 -9.523450e-01 2.348181e+00
1.246230e-01 -9.511120e-01 2.343458e+00
-8.269700e-02 6.187420e-01 2.509062e+00
-2.549580e-01 3.103110e-01 2.286788e+00
-1.117260e-01 2.823280e-01 2.596847e+00
-5.388700e-02 3.236560e-01 2.377679e+00
-2.950980e-01 1.801770e-01 2.476157e+00
-2.470490e-01 -3.748400e-02 2.146351e+00
-6.743800e-02 1.837400e-02 2.503892e+00
-2.677850e-01 -2.963700e-02 2.383789e+00
-1.959490e-01 4.443490e-01 2.036134e+00
9.924100e-02 8.305800e-02 2.604565e+00
-4.776000e-03 3.424300e-01 2.246373e+00
3.674440e-01 1.808420e-01 2.702749e+00
2.974700e-02 3.138890e-01 2.297045e+00
4.135340e-01 2.302540e-01 2.705632e+00
-2.414240e-01 -5.483740e-01 2.296498e+00
-2.250600e-02 -5.178380e-01 2.326786e+00
-2.560600e-01 -9.426410e-01 2.462400e+00
-8.488000e-03 -9.312290e-01 2.436765e+00
-1.235160e-01 -9.827350e-01 2.378808e+00
9.962100e-02 -9.587240e-01 2.319635e+00
-4.983200e-02 5.675140e-01 2.533260e+00
-3.146370e-01 3.139100e-01 2.283893e+00
-9.281300e-02 2.886650e-01 2.559904e+00
-1.027880e-01 3.781230e-01 2.347805e+00
-2.619290e-01 1.508150e-01 2.454913e+00
-2.690330e-01 -4.442600e-02 2.177173e+00
-2.608500e-02 -2.047700e-02 2.499071e+00
-2.469090e-01 -5.137900e-02 2.414514e+00
-1.948260e-01 3.646580e-01 2.025159e+00
1.250760e-01 1.013520e-01 2.596124e+00
-1.627300e-02 2.340210e-01 2.229495e+00
3.354580e-01 2.479340e-01 2.754092e+00
6.650000e-03 1.727150e-01 2.246530e+00
3.617530e-01 2.982790e-01 2.790806e+00
-2.513270e-01 -5.657830e-01 2.304185e+00
-2.392900e-02 -5.514870e-01 2.324084e+00
-2.642700e-01 -9.543240e-01 2.483218e+00
-1.025200e-02 -9.607730e-01 2.448510e+00
-1.567990e-01 -1.007848e+00 2.374829e+00
8.924700e-02 -9.948110e-01 2.325610e+00
-5.616300e-02 5.610460e-01 2.522873e+00
-2.996310e-01 4.005340e-01 2.301541e+00
-3.540700e-02 3.091470e-01 2.520308e+00
-6.953700e-02 3.899300e-01 2.307242e+00
-2.610230e-01 2.346680e-01 2.473657e+00
-2.771610e-01 4.176000e-02 2.232515e+00
3.412100e-02 -8.790000e-03 2.485030e+00
-2.023060e-01 -9.980000e-04 2.454859e+00
-3.559300e-01 2.107770e-01 2.091680e+00
1.821730e-01 1.252440e-01 2.565667e+00
-6.770200e-02 1.625010e-01 2.159401e+00
3.019630e-01 3.507080e-01 2.723173e+00
-5.219600e-02 1.015590e-01 2.184294e+00
2.944210e-01 4.020360e-01 2.766562e+00
-2.533930e-01 -5.026470e-01 2.310237e+00
-2.318700e-02 -5.221410e-01 2.331779e+00
-2.644930e-01 -9.001640e-01 2.468481e+00
-1.115000e-03 -9.343470e-01 2.444840e+00
-1.870670e-01 -9.545490e-01 2.337292e+00
8.929300e-02 -9.653010e-01 2.314336e+00
-4.473600e-02 6.387340e-01 2.516321e+00
-2.999430e-01 4.041870e-01 2.323190e+00
-2.174200e-02 3.327720e-01 2.531826e+00
-7.276900e-02 4.408530e-01 2.334842e+00
-2.267230e-01 2.223710e-01 2.465343e+00
-2.648280e-01 5.396200e-02 2.219188e+00
5.684200e-02 -7.860000e-03 2.455667e+00
-1.797110e-01 1.724600e-02 2.438905e+00
-4.268610e-01 1.951040e-01 2.175869e+00
2.111140e-01 1.707480e-01 2.499363e+00
-1.380690e-01 1.394040e-01 2.135127e+00
2.805870e-01 4.301680e-01 2.626005e+00
-9.171500e-02 9.362000e-02 2.153271e+00
2.833070e-01 4.791090e-01 2.672604e+00
-2.496850e-01 -4.899870e-01 2.337482e+00
-1.705400e-02 -5.222580e-01 2.356107e+00
-2.661570e-01 -8.930170e-01 2.480590e+00
6.243000e-03 -9.372680e-01 2.458127e+00
-1.804580e-01 -9.420170e-01 2.352458e+00
9.837900e-02 -9.641040e-01 2.327919e+00
-9.683100e-02 6.809750e-01 2.475555e+00
-2.924060e-01 4.190590e-01 2.350094e+00
2.773900e-02 3.880070e-01 2.500319e+00
-7.284100e-02 4.788570e-01 2.313991e+00
-1.729990e-01 2.540090e-01 2.480961e+00
-2.734630e-01 6.876700e-02 2.299535e+00
9.845200e-02 3.277800e-02 2.453157e+00
-1.367930e-01 3.571900e-02 2.492142e+00
-4.298890e-01 1.925800e-01 2.247265e+00
2.912420e-01 2.824020e-01 2.513790e+00
-1.668990e-01 1.191770e-01 2.134171e+00
2.420510e-01 5.722210e-01 2.483349e+00
-1.146140e-01 8.569800e-02 2.160994e+00
2.627700e-01 6.237550e-01 2.521937e+00
-2.414620e-01 -4.705930e-01 2.351490e+00
-1.200900e-02 -4.915200e-01 2.382569e+00
-2.676940e-01 -8.754480e-01 2.487829e+00
1.054600e-02 -9.045030e-01 2.492660e+00
-2.249060e-01 -9.277150e-01 2.340858e+00
6.511600e-02 -9.409340e-01 2.344816e+00
-1.284030e-01 7.270810e-01 2.424562e+00
-3.113580e-01 4.377930e-01 2.400599e+00
2.487700e-02 4.821180e-01 2.376900e+00
-1.511400e-01 5.023130e-01 2.248103e+00
-1.118600e-01 3.336270e-01 2.489907e+00
-3.058920e-01 9.994100e-02 2.379998e+00
9.719900e-02 9.148800e-02 2.354259e+00
-9.637300e-02 9.102200e-02 2.493536e+00
-4.223160e-01 1.901250e-01 2.324401e+00
1.605770e-01 6.849590e-01 2.235840e+00
-1.917860e-01 1.006850e-01 2.166981e+00
1.451690e-01 9.760910e-01 2.266331e+00
-1.248260e-01 9.151900e-02 2.169516e+00
1.404640e-01 1.043066e+00 2.274470e+00
-2.291440e-01 -4.364470e-01 2.361090e+00
4.221000e-03 -4.371830e-01 2.419519e+00
-2.709430e-01 -8.439850e-01 2.484987e+00
1.614700e-02 -8.619330e-01 2.470793e+00
-2.844200e-01 -8.896020e-01 2.330389e+00
5.590000e-03 -8.815690e-01 2.310586e+00
-1.906550e-01 7.816330e-01 2.377734e+00
-3.352440e-01 4.237640e-01 2.439959e+00
-8.389000e-03 4.816880e-01 2.354866e+00
-2.073240e-01 4.855420e-01 2.258553e+00
-1.180300e-01 3.342780e-01 2.498579e+00
-3.110230e-01 8.225400e-02 2.429166e+00
8.110300e-02 9.763300e-02 2.333163e+00
-8.476300e-02 8.836900e-02 2.504250e+00
-4.108910e-01 1.620290e-01 2.367146e+00
5.421500e-02 6.497920e-01 2.137263e+00
-1.926380e-01 7.885200e-02 2.189804e+00
-8.796000e-03 8.312970e-01 1.915703e+00
-1.251260e-01 7.756200e-02 2.185990e+00
-2.364700e-02 8.731270e-01 1.864676e+00
-2.161720e-01 -4.470850e-01 2.371296e+00
1.080500e-02 -4.324660e-01 2.448073e+00
-2.655740e-01 -8.565500e-01 2.485672e+00
1.985500e-02 -8.592680e-01 2.478774e+00
-2.988060e-01 -8.954050e-01 2.332215e+00
-1.719900e-02 -8.713460e-01 2.321790e+00
-2.193560e-01 7.605770e-01 2.322250e+00
-3.051020e-01 4.120630e-01 2.453630e+00
3.036000e-02 4.510600e-01 2.347847e+00
-1.835310e-01 4.698450e-01 2.266629e+00
-9.171400e-02 3.064110e-01 2.497552e+00
-3.051690e-01 6.219700e-02 2.444994e+00
8.550700e-02 8.412600e-02 2.344456e+00
-7.832000e-02 7.458700e-02 2.517483e+00
-4.097010e-01 1.517460e-01 2.423810e+00
6.142200e-02 4.371470e-01 2.067782e+00
-2.178710e-01 4.417900e-02 2.229635e+00
-1.076770e-01 3.332250e-01 1.851728e+00
-1.507090e-01 4.599700e-02 2.221888e+00
-1.475500e-01 3.087790e-01 1.802875e+00
-2.056430e-01 -4.647280e-01 2.382322e+00
2.234600e-02 -4.497120e-01 2.449613e+00
-2.648930e-01 -8.741520e-01 2.492073e+00
1.391200e-02 -8.754570e-01 2.492679e+00
-2.979060e-01 -9.106760e-01 2.337998e+00
-2.301600e-02 -8.905810e-01 2.335929e+00
-2.587570e-01 6.987370e-01 2.283338e+00
-3.436140e-01 3.607570e-01 2.480652e+00
-4.589300e-02 4.195070e-01 2.296435e+00
-2.721220e-01 3.906210e-01 2.263661e+00
-1.104400e-01 2.971560e-01 2.495156e+00
-2.867320e-01 4.594600e-02 2.496132e+00
6.810000e-02 4.681500e-02 2.302976e+00
-4.939600e-02 6.480200e-02 2.509712e+00
-4.025320e-01 9.503900e-02 2.520750e+00
6.928600e-02 2.469810e-01 2.115731e+00
-2.715220e-01 -2.332800e-02 2.295647e+00
-8.083100e-02 2.808600e-02 2.008980e+00
-2.331110e-01 -4.782500e-02 2.245661e+00
-9.247900e-02 -3.106300e-02 2.039636e+00
-2.140530e-01 -4.845840e-01 2.424012e+00
1.885300e-02 -4.820900e-01 2.428387e+00
-2.619260e-01 -9.023650e-01 2.503708e+00
2.177000e-03 -9.055450e-01 2.488320e+00
-3.356080e-01 -9.211550e-01 2.360946e+00
-7.178900e-02 -9.228440e-01 2.345516e+00
-2.991130e-01 6.343230e-01 2.229643e+00
-3.426240e-01 3.488730e-01 2.476876e+00
-4.649900e-02 4.021420e-01 2.288469e+00
-2.723010e-01 3.676610e-01 2.258267e+00
-1.083600e-01 2.901130e-01 2.494014e+00
-2.964260e-01 2.398400e-02 2.509417e+00
5.498500e-02 3.370800e-02 2.310339e+00
-5.962100e-02 5.051700e-02 2.518789e+00
-3.957230e-01 9.733000e-02 2.565983e+00
7.661000e-02 2.068320e-01 2.144485e+00
-3.039500e-01 -2.118600e-02 2.326002e+00
-6.310800e-02 -1.794800e-02 2.044426e+00
-2.713720e-01 -7.106900e-02 2.293995e+00
-8.436800e-02 -7.350300e-02 2.076609e+00
-2.197040e-01 -5.040680e-01 2.446585e+00
9.874000e-03 -4.991410e-01 2.419546e+00
-2.534290e-01 -9.266980e-01 2.505161e+00
-5.590000e-03 -9.225680e-01 2.480001e+00
-3.326770e-01 -9.398320e-01 2.364768e+00
-8.075600e-02 -9.401170e-01 2.337856e+00
-3.029720e-01 6.044910e-01 2.200366e+00
-3.374490e-01 3.490210e-01 2.476707e+00
-4.167300e-02 4.052590e-01 2.288614e+00
-2.675680e-01 3.714840e-01 2.258303e+00
-1.032000e-01 2.897860e-01 2.492345e+00
-2.993450e-01 2.207700e-02 2.515355e+00
5.267000e-02 3.011500e-02 2.317272e+00
-6.290500e-02 5.168500e-02 2.524746e+00
-3.863220e-01 1.043950e-01 2.579332e+00
7.827800e-02 2.001610e-01 2.160908e+00
-3.136900e-01 1.030000e-04 2.329267e+00
-6.275700e-02 -1.767500e-02 2.054411e+00
-2.904040e-01 -6.108500e-02 2.312301e+00
-9.175500e-02 -7.168700e-02 2.082973e+00
-2.252480e-01 -5.055280e-01 2.460885e+00
8.522000e-03 -5.015990e-01 2.427468e+00
-2.595150e-01 -9.287310e-01 2.514820e+00
-8.845000e-03 -9.251110e-01 2.486797e+00
-3.391830e-01 -9.401610e-01 2.374516e+00
-8.348900e-02 -9.420130e-01 2.344299e+00
-2.872020e-01 6.081550e-01 2.190169e+00
-3.346480e-01 3.528010e-01 2.477138e+00
-3.244100e-02 4.115800e-01 2.300387e+00
-2.574550e-01 3.804550e-01 2.261814e+00
-1.014770e-01 2.912700e-01 2.498845e+00
-3.106020e-01 1.927200e-02 2.508867e+00
4.777200e-02 2.977800e-02 2.322659e+00
-7.488200e-02 5.103600e-02 2.526062e+00
-3.883590e-01 1.141490e-01 2.585615e+00
9.341300e-02 2.076860e-01 2.181244e+00
-3.175380e-01 1.598900e-02 2.335047e+00
-5.507700e-02 4.285000e-03 2.062864e+00
-3.062100e-01 -4.094000e-02 2.300336e+00
-1.023550e-01 -4.200500e-02 2.076867e+00
-2.299440e-01 -5.081200e-01 2.468830e+00
-6.197000e-03 -5.018090e-01 2.446896e+00
-2.640510e-01 -9.293220e-01 2.536721e+00
-4.321000e-03 -9.246100e-01 2.513377e+00
-3.386440e-01 -9.462540e-01 2.394199e+00
-7.620500e-02 -9.474280e-01 2.370286e+00
-2.559150e-01 6.378250e-01 2.215021e+00
-3.318710e-01 3.633180e-01 2.486609e+00
-2.185400e-02 4.138910e-01 2.321210e+00
-2.468580e-01 3.959470e-01 2.274958e+00
-1.028300e-01 2.890950e-01 2.512246e+00
-3.160070e-01 2.227300e-02 2.499843e+00
4.679300e-02 3.090900e-02 2.322310e+00
-8.035500e-02 5.047600e-02 2.523107e+00
-3.876830e-01 1.171920e-01 2.578233e+00
1.102990e-01 2.087570e-01 2.209212e+00
-3.130410e-01 3.081400e-02 2.323433e+00
-3.579500e-02 1.060500e-02 2.077500e+00
-3.070330e-01 -2.337600e-02 2.283416e+00
-9.396200e-02 -2.296300e-02 2.069507e+00
-2.349250e-01 -5.063790e-01 2.471813e+00
-9.777000e-03 -4.999910e-01 2.447959e+00
-2.617950e-01 -9.278840e-01 2.541060e+00
-1.256900e-02 -9.234490e-01 2.510084e+00
-3.335800e-01 -9.469150e-01 2.397367e+00
-8.120100e-02 -9.442660e-01 2.365104e+00
-2.317790e-01 6.569860e-01 2.242230e+00
-3.308420e-01 3.667340e-01 2.488270e+00
-1.127700e-02 4.119480e-01 2.340422e+00
-2.339260e-01 4.012510e-01 2.282105e+00
-1.055530e-01 2.856230e-01 2.524216e+00
-3.177460e-01 3.101600e-02 2.487036e+00
5.482000e-02 2.454000e-02 2.330930e+00
-8.266200e-02 4.445400e-02 2.524762e+00
-3.906050e-01 1.149120e-01 2.563504e+00
1.278020e-01 2.000660e-01 2.248718e+00
-3.092160e-01 3.309300e-02 2.308081e+00
-1.585300e-02 9.079000e-03 2.102273e+00
-3.033940e-01 -2.131500e-02 2.268333e+00
-7.512900e-02 -1.136100e-02 2.076923e+00
-2.422850e-01 -5.032200e-01 2.467642e+00
-1.358900e-02 -5.033620e-01 2.445742e+00
-2.610650e-01 -9.244590e-01 2.541052e+00
-1.983600e-02 -9.254210e-01 2.516531e+00
-3.250360e-01 -9.471930e-01 2.394240e+00
-8.001600e-02 -9.493890e-01 2.368319e+00
-2.178930e-01 6.669560e-01 2.263741e+00
-3.243020e-01 3.789560e-01 2.518081e+00
-6.460000e-04 4.159430e-01 2.377002e+00
-2.228290e-01 4.310060e-01 2.317877e+00
-1.067590e-01 2.757190e-01 2.543445e+00
-3.216780e-01 3.152100e-02 2.490341e+00
4.995800e-02 3.936900e-02 2.332098e+00
-8.640900e-02 4.250800e-02 2.527706e+00
-4.043340e-01 1.192870e-01 2.538986e+00
1.426830e-01 1.890960e-01 2.329389e+00
-3.130550e-01 5.866700e-02 2.277627e+00
4.201800e-02 -1.931700e-02 2.165847e+00
-2.955170e-01 -1.424000e-03 2.252023e+00
-1.294000e-02 -3.520700e-02 2.129775e+00
-2.446790e-01 -4.996300e-01 2.462637e+00
-1.725300e-02 -4.934870e-01 2.441824e+00
-2.729940e-01 -9.204560e-01 2.535353e+00
-1.486900e-02 -9.165710e-01 2.506468e+00
-3.372600e-01 -9.415210e-01 2.388420e+00
-7.604900e-02 -9.395230e-01 2.358504e+00
-1.936370e-01 6.773750e-01 2.301109e+00
-3.160700e-01 3.839750e-01 2.528952e+00
1.109300e-02 4.120200e-01 2.394035e+00
-2.092510e-01 4.392130e-01 2.332416e+00
-1.036860e-01 2.702800e-01 2.553288e+00
-3.220470e-01 3.451700e-02 2.486252e+00
5.206900e-02 2.790800e-02 2.333906e+00
-8.715000e-02 3.571400e-02 2.527364e+00
-4.121110e-01 1.267190e-01 2.543738e+00
1.416650e-01 1.707820e-01 2.374566e+00
-3.120690e-01 4.846300e-02 2.287522e+00
7.973900e-02 -6.659200e-02 2.227604e+00
-2.835350e-01 6.508000e-03 2.242803e+00
2.664100e-02 -8.702600e-02 2.191037e+00
-2.425390e-01 -5.017800e-01 2.457148e+00
-2.198800e-02 -5.007260e-01 2.443115e+00
-2.706090e-01 -9.206150e-01 2.540655e+00
-1.449700e-02 -9.225500e-01 2.515172e+00
-3.314660e-01 -9.459850e-01 2.392953e+00
-7.407800e-02 -9.488990e-01 2.367121e+00
-1.792390e-01 6.783640e-01 2.316550e+00
-3.196230e-01 3.847820e-01 2.521157e+00
1.710100e-02 4.033070e-01 2.410256e+00
-1.973640e-01 4.363530e-01 2.332792e+00
-1.127990e-01 2.653550e-01 2.560992e+00
-3.293420e-01 3.179400e-02 2.471434e+00
5.631000e-02 2.807400e-02 2.351122e+00
-9.875500e-02 3.252500e-02 2.532240e+00
-4.195180e-01 1.277690e-01 2.528127e+00
1.345840e-01 1.539880e-01 2.421253e+00
-2.988380e-01 4.317400e-02 2.282045e+00
9.665300e-02 -1.045070e-01 2.302858e+00
-2.807590e-01 -1.474700e-02 2.252174e+00
5.555600e-02 -1.539870e-01 2.281956e+00
-2.428380e-01 -5.040280e-01 2.451850e+00
-2.233900e-02 -5.021880e-01 2.444378e+00
-2.714670e-01 -9.232210e-01 2.533347e+00
-1.363300e-02 -9.227930e-01 2.523117e+00
-3.196400e-01 -9.495130e-01 2.381192e+00
-5.973200e-02 -9.522430e-01 2.370898e+00
-1.621340e-01 6.797720e-01 2.325959e+00
-3.217990e-01 3.920820e-01 2.515198e+00
2.513600e-02 4.023160e-01 2.440655e+00
-1.787070e-01 4.482260e-01 2.343557e+00
-1.247150e-01 2.622510e-01 2.569311e+00
-3.383950e-01 2.852000e-02 2.463726e+00
5.701100e-02 3.347000e-02 2.380986e+00
-1.147180e-01 2.965900e-02 2.546404e+00
-4.096160e-01 1.318000e-01 2.533674e+00
1.153860e-01 1.426630e-01 2.455994e+00
-3.170750e-01 -1.192600e-02 2.304003e+00
1.026650e-01 -1.373970e-01 2.397906e+00
-2.939430e-01 -6.836000e-02 2.274778e+00
6.653300e-02 -1.893650e-01 2.374076e+00
-2.376630e-01 -5.055460e-01 2.446877e+00
-2.253700e-02 -5.005500e-01 2.449010e+00
-2.737030e-01 -9.219610e-01 2.538987e+00
-1.402200e-02 -9.190440e-01 2.538311e+00
-3.050730e-01 -9.536390e-01 2.383502e+00
-4.329500e-02 -9.528110e-01 2.382857e+00
-1.545280e-01 6.923210e-01 2.358961e+00
-3.221740e-01 3.981050e-01 2.517970e+00
2.639200e-02 4.011590e-01 2.450757e+00
-1.742970e-01 4.523810e-01 2.349820e+00
-1.292030e-01 2.634750e-01 2.575094e+00
-3.377070e-01 3.131500e-02 2.465911e+00
5.867500e-02 3.487700e-02 2.387909e+00
-1.150320e-01 3.157100e-02 2.551259e+00
-4.028410e-01 1.343710e-01 2.523999e+00
1.142970e-01 1.402010e-01 2.467276e+00
-3.369830e-01 -7.406400e-02 2.338228e+00
1.001780e-01 -1.414220e-01 2.414526e+00
-3.127490e-01 -1.342490e-01 2.319136e+00
7.102600e-02 -1.964370e-01 2.388115e+00
-2.367750e-01 -5.032070e-01 2.448997e+00
-2.833100e-02 -4.990140e-01 2.457080e+00
-2.727740e-01 -9.198950e-01 2.539876e+00
6.059000e-03 -9.170090e-01 2.542415e+00
-3.023020e-01 -9.513440e-01 2.383985e+00
-2.335800e-02 -9.511430e-01 2.387068e+00
-1.544330e-01 6.942110e-01 2.364938e+00
-3.226240e-01 4.012700e-01 2.512398e+00
2.899400e-02 3.987620e-01 2.463575e+00
-1.652000e-01 4.544490e-01 2.352781e+00
-1.352680e-01 2.627280e-01 2.578200e+00
-3.490050e-01 3.292100e-02 2.459753e+00
5.138100e-02 3.373300e-02 2.405848e+00
-1.319030e-01 2.856200e-02 2.558323e+00
-4.034400e-01 1.352670e-01 2.505947e+00
1.017960e-01 1.305810e-01 2.474026e+00
-3.860090e-01 -1.435810e-01 2.431351e+00
8.838200e-02 -1.505220e-01 2.407500e+00
-3.756940e-01 -2.083570e-01 2.414868e+00
6.390700e-02 -2.113490e-01 2.390911e+00
-2.390110e-01 -5.027380e-01 2.451904e+00
-2.753800e-02 -4.989870e-01 2.460066e+00
-2.721710e-01 -9.185210e-01 2.547865e+00
-2.641000e-03 -9.187690e-01 2.539735e+00
-2.913800e-01 -9.531830e-01 2.391044e+00
-2.170700e-02 -9.498090e-01 2.382140e+00
-1.312310e-01 6.948870e-01 2.369536e+00
