-4.631640e-01 2.211520e-01 2.497638e+00
-2.859795e-01 2.305385e-01 2.467350e+00
-1.087950e-01 2.399250e-01 2.437061e+00
-2.064265e-01 2.572310e-01 2.406143e+00
-3.040580e-01 2.745370e-01 2.375226e+00
-2.838855e-01 1.884545e-01 2.466557e+00
-2.637130e-01 1.023720e-01 2.557888e+00
-3.677395e-01 -1.177300e-02 2.514412e+00
-4.717660e-01 -1.259180e-01 2.470935e+00
-2.717540e-01 -1.174995e-01 2.450335e+00
-7.174200e-02 -1.090810e-01 2.429736e+00
-1.660570e-01 -1.033830e-01 2.499343e+00
-2.603720e-01 -9.768500e-02 2.568949e+00
-3.843665e-01 -6.676950e-02 2.506651e+00
-5.083610e-01 -3.585400e-02 2.444353e+00
-2.712175e-01 -2.574850e-02 2.437717e+00
-3.407400e-02 -1.564300e-02 2.431081e+00
-2.304325e-01 -1.413365e-01 2.368023e+00
-4.267910e-01 -2.670300e-01 2.304964e+00
-2.313180e-01 -2.576870e-01 2.288380e+00
-3.584500e-02 -2.483440e-01 2.271795e+00
-2.232505e-01 -2.904790e-01 2.282080e+00
-4.106560e-01 -3.326140e-01 2.292364e+00
-2.233425e-01 -3.244910e-01 2.277255e+00
-3.602900e-02 -3.163680e-01 2.262146e+00
-2.125640e-01 -4.699525e-01 2.377592e+00
-3.890990e-01 -6.235370e-01 2.493039e+00
-2.808495e-01 -6.203885e-01 2.484833e+00
-1.726000e-01 -6.172400e-01 2.476627e+00
-2.843670e-01 -8.140975e-01 2.525678e+00
-3.961340e-01 -1.010955e+00 2.574728e+00
-2.980675e-01 -1.004228e+00 2.579217e+00
-2.000010e-01 -9.975020e-01 2.583705e+00
-3.082285e-01 -1.021178e+00 2.497960e+00
-4.164560e-01 -1.044853e+00 2.412215e+00
-3.154345e-01 -1.043278e+00 2.417631e+00
-2.144130e-01 -1.041704e+00 2.423047e+00
-2.604385e-01 -2.603720e-01 2.384991e+00
-3.064640e-01 5.209600e-01 2.346936e+00
-3.862825e-01 3.698020e-01 2.421571e+00
-4.661010e-01 2.186440e-01 2.496207e+00
-2.877595e-01 2.305755e-01 2.474948e+00
-1.094180e-01 2.425070e-01 2.453689e+00
-2.056055e-01 2.600785e-01 2.418666e+00
-3.017930e-01 2.776500e-01 2.383644e+00
-2.852065e-01 1.885650e-01 2.472790e+00
-2.686200e-01 9.948000e-02 2.561937e+00
-3.700675e-01 -1.733700e-02 2.513058e+00
-4.715150e-01 -1.341540e-01 2.464179e+00
-2.712065e-01 -1.190255e-01 2.452030e+00
-7.089800e-02 -1.038970e-01 2.439880e+00
-1.680965e-01 -1.026685e-01 2.505636e+00
-2.652950e-01 -1.014400e-01 2.571391e+00
-3.862435e-01 -6.977400e-02 2.502354e+00
-5.071920e-01 -3.810800e-02 2.433317e+00
-2.671310e-01 -2.501750e-02 2.440048e+00
-2.707000e-02 -1.192700e-02 2.446780e+00
-2.185200e-01 -1.443685e-01 2.381308e+00
-4.099700e-01 -2.768100e-01 2.315837e+00
-2.225790e-01 -2.643225e-01 2.306125e+00
-3.518800e-02 -2.518350e-01 2.296413e+00
-2.259010e-01 -2.973360e-01 2.297226e+00
-4.166140e-01 -3.428370e-01 2.298039e+00
-2.223410e-01 -3.313365e-01 2.293850e+00
-2.806800e-02 -3.198360e-01 2.289661e+00
-2.083100e-01 -4.738360e-01 2.389844e+00
-3.885520e-01 -6.278360e-01 2.490028e+00
-2.794040e-01 -6.218970e-01 2.483463e+00
-1.702560e-01 -6.159580e-01 2.476898e+00
-2.851700e-01 -8.151930e-01 2.525975e+00
-4.000840e-01 -1.014428e+00 2.575053e+00
-2.986770e-01 -1.006607e+00 2.574785e+00
-1.972700e-01 -9.987850e-01 2.574518e+00
-3.054050e-01 -1.024320e+00 2.493335e+00
-4.135400e-01 -1.049854e+00 2.412153e+00
-3.119295e-01 -1.044487e+00 2.412441e+00
-2.103190e-01 -1.039120e+00 2.412730e+00
-2.595185e-01 -2.611200e-01 2.381690e+00
-3.087180e-01 5.168800e-01 2.350650e+00
-3.896530e-01 3.675345e-01 2.424206e+00
-4.705880e-01 2.181890e-01 2.497761e+00
-2.916825e-01 2.297365e-01 2.481654e+00
-1.127770e-01 2.412840e-01 2.465547e+00
-2.078935e-01 2.600740e-01 2.428303e+00
-3.030100e-01 2.788640e-01 2.391058e+00
-2.892450e-01 1.877710e-01 2.478643e+00
-2.754800e-01 9.667800e-02 2.566227e+00
-3.753490e-01 -1.790950e-02 2.513793e+00
-4.752180e-01 -1.324970e-01 2.461358e+00
-2.748270e-01 -1.167620e-01 2.451570e+00
-7.443600e-02 -1.010270e-01 2.441783e+00
-1.723950e-01 -1.002215e-01 2.506406e+00
-2.703540e-01 -9.941600e-02 2.571030e+00
-3.867760e-01 -6.902600e-02 2.497338e+00
-5.031980e-01 -3.863600e-02 2.423646e+00
-2.693585e-01 -2.757050e-02 2.439811e+00
-3.551900e-02 -1.650500e-02 2.455975e+00
-2.347490e-01 -1.541135e-01 2.384013e+00
-4.339790e-01 -2.917220e-01 2.312051e+00
-2.395375e-01 -2.800180e-01 2.317309e+00
-4.509600e-02 -2.683140e-01 2.322567e+00
-2.388815e-01 -3.092010e-01 2.335419e+00
-4.326670e-01 -3.500880e-01 2.348272e+00
-2.485360e-01 -3.417160e-01 2.329972e+00
-6.440500e-02 -3.333440e-01 2.311672e+00
-2.262925e-01 -4.796870e-01 2.401407e+00
-3.881800e-01 -6.260300e-01 2.491142e+00
-2.800225e-01 -6.196170e-01 2.486305e+00
-1.718650e-01 -6.132040e-01 2.481469e+00
-2.850615e-01 -8.132680e-01 2.527268e+00
-3.982580e-01 -1.013332e+00 2.573068e+00
-3.006395e-01 -1.005534e+00 2.571935e+00
-2.030210e-01 -9.977360e-01 2.570801e+00
-3.059915e-01 -1.022671e+00 2.490260e+00
-4.089620e-01 -1.047607e+00 2.409718e+00
-3.116510e-01 -1.041117e+00 2.408891e+00
-2.143400e-01 -1.034626e+00 2.408063e+00
-2.610690e-01 -2.600645e-01 2.381691e+00
-3.077980e-01 5.144970e-01 2.355318e+00
-3.912245e-01 3.671140e-01 2.425428e+00
-4.746510e-01 2.197310e-01 2.495538e+00
-2.955285e-01 2.305290e-01 2.481447e+00
-1.164060e-01 2.413270e-01 2.467357e+00
-2.110150e-01 2.603855e-01 2.428974e+00
-3.056240e-01 2.794440e-01 2.390592e+00
-2.932225e-01 1.885460e-01 2.478581e+00
-2.808210e-01 9.764800e-02 2.566571e+00
-3.817625e-01 -1.590500e-02 2.519274e+00
-4.827040e-01 -1.294580e-01 2.471977e+00
-2.825975e-01 -1.154060e-01 2.455856e+00
-8.249100e-02 -1.013540e-01 2.439735e+00
-1.783175e-01 -1.001065e-01 2.507474e+00
-2.741440e-01 -9.885900e-02 2.575213e+00
-3.913220e-01 -6.881950e-02 2.499294e+00
-5.085000e-01 -3.878000e-02 2.423376e+00
-2.703925e-01 -2.722500e-02 2.441593e+00
-3.228500e-02 -1.567000e-02 2.459811e+00
-2.329200e-01 -1.572085e-01 2.394573e+00
-4.335550e-01 -2.987470e-01 2.329335e+00
-2.550410e-01 -2.810225e-01 2.326078e+00
-7.652700e-02 -2.632980e-01 2.322820e+00
-2.643840e-01 -3.137235e-01 2.321235e+00
-4.522410e-01 -3.641490e-01 2.319649e+00
-2.648785e-01 -3.466040e-01 2.311298e+00
-7.751600e-02 -3.290590e-01 2.302948e+00
-2.337370e-01 -4.769730e-01 2.396578e+00
-3.899580e-01 -6.248870e-01 2.490209e+00
-2.795225e-01 -6.188020e-01 2.483843e+00
-1.690870e-01 -6.127170e-01 2.477478e+00
-2.832965e-01 -8.117995e-01 2.527907e+00
-3.975060e-01 -1.010882e+00 2.578337e+00
-2.998055e-01 -1.003481e+00 2.574698e+00
-2.021050e-01 -9.960810e-01 2.571060e+00
-3.076900e-01 -1.021866e+00 2.493501e+00
-4.132750e-01 -1.047651e+00 2.415943e+00
-3.119230e-01 -1.041327e+00 2.412283e+00
-2.105710e-01 -1.035004e+00 2.408623e+00
-2.556025e-01 -2.600430e-01 2.381288e+00
-3.006340e-01 5.149180e-01 2.353952e+00
-3.865740e-01 3.676660e-01 2.421247e+00
-4.725140e-01 2.204140e-01 2.488542e+00
-2.930185e-01 2.310270e-01 2.480257e+00
-1.135230e-01 2.416400e-01 2.471972e+00
-2.067915e-01 2.599650e-01 2.430109e+00
-3.000600e-01 2.782900e-01 2.388246e+00
-2.906275e-01 1.890000e-01 2.478228e+00
-2.811950e-01 9.971000e-02 2.568210e+00
-3.826500e-01 -1.337200e-02 2.511477e+00
-4.841050e-01 -1.264540e-01 2.454744e+00
-2.832245e-01 -1.149605e-01 2.458601e+00
-8.234400e-02 -1.034670e-01 2.462459e+00
-1.843960e-01 -1.011270e-01 2.520362e+00
-2.864480e-01 -9.878700e-02 2.578265e+00
-4.020185e-01 -6.941550e-02 2.502663e+00
-5.175890e-01 -4.004400e-02 2.427060e+00
-2.756755e-01 -2.865150e-02 2.441453e+00
-3.376200e-02 -1.725900e-02 2.455846e+00
-2.467990e-01 -1.603295e-01 2.391758e+00
-4.598360e-01 -3.034000e-01 2.327671e+00
-2.860890e-01 -2.797995e-01 2.322291e+00
-1.123420e-01 -2.561990e-01 2.316911e+00
-2.920440e-01 -3.134255e-01 2.326026e+00
-4.717460e-01 -3.706520e-01 2.335140e+00
-2.881775e-01 -3.451720e-01 2.313484e+00
-1.046090e-01 -3.196920e-01 2.291827e+00
-2.469715e-01 -4.714450e-01 2.392664e+00
-3.893340e-01 -6.231980e-01 2.493500e+00
-2.787060e-01 -6.184795e-01 2.484287e+00
-1.680780e-01 -6.137610e-01 2.475075e+00
-2.834730e-01 -8.116040e-01 2.527693e+00
-3.988680e-01 -1.009447e+00 2.580312e+00
-3.017270e-01 -1.002528e+00 2.576872e+00
-2.045860e-01 -9.956100e-01 2.573433e+00
-3.010035e-01 -1.020882e+00 2.495290e+00
-3.974210e-01 -1.046155e+00 2.417147e+00
-2.954725e-01 -1.042192e+00 2.414615e+00
-1.935240e-01 -1.038229e+00 2.412083e+00
-2.484490e-01 -2.617330e-01 2.381004e+00
-3.033740e-01 5.147630e-01 2.349924e+00
-3.893820e-01 3.707155e-01 2.422967e+00
-4.753900e-01 2.266680e-01 2.496009e+00
-2.959970e-01 2.333340e-01 2.482830e+00
-1.166040e-01 2.400000e-01 2.469650e+00
-2.105530e-01 2.610910e-01 2.430712e+00
-3.045020e-01 2.821820e-01 2.391774e+00
-2.946355e-01 1.913010e-01 2.480101e+00
-2.847690e-01 1.004200e-01 2.568429e+00
-3.870500e-01 -1.285300e-02 2.520043e+00
-4.893310e-01 -1.261260e-01 2.471656e+00
-2.887425e-01 -1.180715e-01 2.457536e+00
-8.815400e-02 -1.100170e-01 2.443415e+00
-1.845620e-01 -1.060920e-01 2.510220e+00
-2.809700e-01 -1.021670e-01 2.577026e+00
-4.039345e-01 -6.833450e-02 2.508032e+00
-5.268990e-01 -3.450200e-02 2.439039e+00
-2.826790e-01 -2.607900e-02 2.434249e+00
-3.845900e-02 -1.765600e-02 2.429460e+00
-2.581200e-01 -1.584215e-01 2.382740e+00
-4.777810e-01 -2.991870e-01 2.336021e+00
-3.156025e-01 -2.716085e-01 2.314510e+00
-1.534240e-01 -2.440300e-01 2.292999e+00
-3.380960e-01 -2.967360e-01 2.307972e+00
-5.227680e-01 -3.494420e-01 2.322945e+00
-3.450170e-01 -3.300790e-01 2.303450e+00
-1.672660e-01 -3.107160e-01 2.283955e+00
-2.814645e-01 -4.679635e-01 2.388805e+00
-3.956630e-01 -6.252110e-01 2.493655e+00
-2.815250e-01 -6.216180e-01 2.482845e+00
-1.673870e-01 -6.180250e-01 2.472035e+00
-2.819265e-01 -8.151595e-01 2.524623e+00
-3.964660e-01 -1.012294e+00 2.577211e+00
-2.990170e-01 -1.005428e+00 2.576682e+00
-2.015680e-01 -9.985610e-01 2.576152e+00
-3.060080e-01 -1.022997e+00 2.495223e+00
-4.104480e-01 -1.047432e+00 2.414293e+00
-3.064750e-01 -1.045026e+00 2.414553e+00
-2.025020e-01 -1.042620e+00 2.414813e+00
-2.502910e-01 -2.662215e-01 2.380548e+00
-2.980800e-01 5.101770e-01 2.346284e+00
-3.879850e-01 3.697160e-01 2.420084e+00
-4.778900e-01 2.292550e-01 2.493885e+00
-2.984175e-01 2.326310e-01 2.480540e+00
-1.189450e-01 2.360070e-01 2.467195e+00
-2.125540e-01 2.574540e-01 2.427639e+00
-3.061630e-01 2.789010e-01 2.388082e+00
-2.977360e-01 1.905185e-01 2.479054e+00
-2.893090e-01 1.021360e-01 2.570026e+00
-3.916300e-01 -1.046750e-02 2.522984e+00
-4.939510e-01 -1.230710e-01 2.475941e+00
-2.932670e-01 -1.158355e-01 2.462770e+00
-9.258300e-02 -1.086000e-01 2.449598e+00
-1.892360e-01 -1.054840e-01 2.516091e+00
-2.858890e-01 -1.023680e-01 2.582584e+00
-4.066985e-01 -6.776250e-02 2.510028e+00
-5.275080e-01 -3.315700e-02 2.437471e+00
-2.843090e-01 -2.824200e-02 2.435071e+00
-4.111000e-02 -2.332700e-02 2.432671e+00
-2.678945e-01 -1.605045e-01 2.379224e+00
-4.946790e-01 -2.976820e-01 2.325777e+00
-3.331970e-01 -2.707120e-01 2.312353e+00
-1.717150e-01 -2.437420e-01 2.298929e+00
-3.469015e-01 -3.012200e-01 2.304507e+00
-5.220880e-01 -3.586980e-01 2.310085e+00
-3.616790e-01 -3.235320e-01 2.282968e+00
-2.012700e-01 -2.883660e-01 2.255852e+00
-2.997200e-01 -4.557585e-01 2.373938e+00
-3.981700e-01 -6.231510e-01 2.492025e+00
-2.824575e-01 -6.196075e-01 2.481045e+00
-1.667450e-01 -6.160640e-01 2.470065e+00
-2.799335e-01 -8.129840e-01 2.523509e+00
-3.931220e-01 -1.009904e+00 2.576953e+00
-2.991665e-01 -1.002949e+00 2.575926e+00
-2.052110e-01 -9.959930e-01 2.574898e+00
-3.059355e-01 -1.020910e+00 2.494534e+00
-4.066600e-01 -1.045827e+00 2.414169e+00
-3.046620e-01 -1.043270e+00 2.413963e+00
-2.026640e-01 -1.040714e+00 2.413758e+00
-2.501840e-01 -2.655995e-01 2.376880e+00
-2.977040e-01 5.095150e-01 2.340003e+00
-3.878345e-01 3.685800e-01 2.414213e+00
-4.779650e-01 2.276450e-01 2.488423e+00
-1.187050e-01 2.361770e-01 2.466995e+00
-3.049620e-01 2.764930e-01 2.384339e+00
-2.897940e-01 1.030760e-01 2.569623e+00
-4.904160e-01 -1.167750e-01 2.465130e+00
-8.796500e-02 -1.123580e-01 2.461531e+00
-2.882600e-01 -1.015550e-01 2.583419e+00
-5.244900e-01 -3.637900e-02 2.433210e+00
-4.870600e-02 -2.576700e-02 2.429478e+00
-4.992590e-01 -2.975260e-01 2.310081e+00
-1.948520e-01 -2.296100e-01 2.284272e+00
-5.284540e-01 -3.507840e-01 2.277961e+00
-2.246820e-01 -2.777740e-01 2.245402e+00
-3.981080e-01 -6.195630e-01 2.490474e+00
-1.671760e-01 -6.172830e-01 2.467884e+00
-3.967620e-01 -1.006460e+00 2.574884e+00
-2.060500e-01 -9.976830e-01 2.570842e+00
-4.010490e-01 -1.042113e+00 2.411534e+00
-1.949850e-01 -1.042335e+00 2.410043e+00
-2.972550e-01 5.053870e-01 2.332692e+00
-4.748600e-01 2.236980e-01 2.453827e+00
-1.171150e-01 2.399840e-01 2.490612e+00
-2.882290e-01 2.743170e-01 2.377959e+00
-3.000070e-01 1.051660e-01 2.567387e+00
-4.944450e-01 -1.186770e-01 2.453468e+00
-9.285800e-02 -1.090640e-01 2.478666e+00
-3.015180e-01 -9.871500e-02 2.585649e+00
-5.036230e-01 -4.208400e-02 2.391334e+00
-6.922400e-02 -2.348800e-02 2.430102e+00
-4.667680e-01 -2.933980e-01 2.249970e+00
-2.030890e-01 -2.312690e-01 2.277106e+00
-5.011140e-01 -3.429500e-01 2.217024e+00
-2.374310e-01 -2.782710e-01 2.240611e+00
-3.973680e-01 -6.198880e-01 2.491764e+00
-1.612690e-01 -6.139600e-01 2.465159e+00
-3.936770e-01 -1.005262e+00 2.582808e+00
-2.066710e-01 -9.883600e-01 2.585904e+00
-3.860900e-01 -1.043608e+00 2.420190e+00
-1.790430e-01 -1.042015e+00 2.429922e+00
-2.926500e-01 5.025510e-01 2.320923e+00
-4.742440e-01 2.159950e-01 2.426930e+00
-1.215110e-01 2.392580e-01 2.495034e+00
-2.821010e-01 2.662640e-01 2.366074e+00
-3.090470e-01 1.049670e-01 2.560730e+00
-4.901110e-01 -1.244550e-01 2.427723e+00
-9.438400e-02 -1.082400e-01 2.499398e+00
-3.142600e-01 -9.748500e-02 2.580826e+00
-4.726020e-01 -4.797400e-02 2.350600e+00
-7.015700e-02 -2.418500e-02 2.436135e+00
-4.256980e-01 -2.898520e-01 2.195846e+00
-1.923990e-01 -2.357930e-01 2.278235e+00
-4.579110e-01 -3.388910e-01 2.160099e+00
-2.174370e-01 -2.891430e-01 2.242919e+00
-3.939090e-01 -6.225810e-01 2.495245e+00
-1.562610e-01 -6.132470e-01 2.465028e+00
-3.981450e-01 -1.009146e+00 2.581063e+00
-2.093360e-01 -9.903190e-01 2.573727e+00
-3.699840e-01 -1.045170e+00 2.420185e+00
-1.640010e-01 -1.040771e+00 2.420848e+00
-2.954500e-01 5.037260e-01 2.315303e+00
-4.706310e-01 2.138400e-01 2.397984e+00
-1.278860e-01 2.398510e-01 2.504984e+00
-2.726090e-01 2.618620e-01 2.357606e+00
-3.222050e-01 1.080540e-01 2.553864e+00
-4.779580e-01 -1.390150e-01 2.397476e+00
-9.653000e-02 -1.013140e-01 2.520320e+00
-3.255480e-01 -1.002260e-01 2.571711e+00
-4.292270e-01 -3.856400e-02 2.300498e+00
-6.114200e-02 -2.157800e-02 2.458880e+00
-3.361530e-01 -2.699320e-01 2.152831e+00
-1.207090e-01 -2.331750e-01 2.269993e+00
-3.490140e-01 -3.107220e-01 2.099061e+00
-1.345620e-01 -2.836240e-01 2.225457e+00
-3.907170e-01 -6.276700e-01 2.505186e+00
-1.584450e-01 -6.120890e-01 2.470194e+00
-3.994900e-01 -1.016828e+00 2.577953e+00
-2.058690e-01 -9.895210e-01 2.580247e+00
-3.472300e-01 -1.047167e+00 2.422001e+00
-1.491200e-01 -1.040091e+00 2.431268e+00
-2.919710e-01 5.031510e-01 2.307657e+00
-4.482600e-01 2.176030e-01 2.352023e+00
-1.349750e-01 2.381800e-01 2.528174e+00
-2.456910e-01 2.635410e-01 2.354254e+00
-3.365400e-01 1.083420e-01 2.533958e+00
-4.398700e-01 -1.322370e-01 2.379232e+00
-8.779900e-02 -1.061190e-01 2.572529e+00
-3.223690e-01 -1.065470e-01 2.580788e+00
-3.538270e-01 -1.328800e-02 2.242319e+00
-2.505000e-02 -1.013900e-02 2.505436e+00
-1.672780e-01 -1.933370e-01 2.115677e+00
8.530300e-02 -1.179730e-01 2.261611e+00
-1.115760e-01 -2.027630e-01 2.076577e+00
1.119080e-01 -1.447110e-01 2.204185e+00
-3.873630e-01 -6.226040e-01 2.501961e+00
-1.556040e-01 -6.135390e-01 2.477639e+00
-4.021520e-01 -1.011825e+00 2.573404e+00
-2.041640e-01 -9.960800e-01 2.567752e+00
-3.221700e-01 -1.041278e+00 2.429502e+00
-1.301060e-01 -1.039306e+00 2.424157e+00
-2.815480e-01 4.877710e-01 2.268204e+00
-4.349540e-01 2.180690e-01 2.324262e+00
-1.485400e-01 2.361590e-01 2.541609e+00
-2.339010e-01 2.610760e-01 2.353880e+00
-3.510460e-01 1.093470e-01 2.520880e+00
-4.180220e-01 -1.347240e-01 2.355496e+00
-9.536300e-02 -1.020960e-01 2.593879e+00
-3.289020e-01 -1.057990e-01 2.570699e+00
-2.898500e-01 1.291400e-02 2.218026e+00
-7.584000e-03 2.689000e-03 2.534318e+00
-4.424100e-02 -1.117810e-01 2.131015e+00
1.824820e-01 2.787400e-02 2.318251e+00
1.405000e-02 -9.986500e-02 2.096655e+00
2.282440e-01 3.248500e-02 2.267213e+00
-3.834880e-01 -6.213860e-01 2.494983e+00
-1.557170e-01 -6.115260e-01 2.490184e+00
-4.046560e-01 -1.009703e+00 2.569664e+00
-2.039210e-01 -9.978310e-01 2.562710e+00
-3.057300e-01 -1.040353e+00 2.438337e+00
-1.151340e-01 -1.034609e+00 2.425827e+00
-2.822880e-01 4.686910e-01 2.234644e+00
-4.078420e-01 2.170140e-01 2.295964e+00
-1.486230e-01 2.240430e-01 2.545676e+00
-2.083680e-01 2.432320e-01 2.347656e+00
-3.590090e-01 1.153680e-01 2.507632e+00
-3.955590e-01 -1.359000e-01 2.338533e+00
-1.122240e-01 -1.014840e-01 2.622323e+00
-3.396850e-01 -1.080320e-01 2.564792e+00
-2.254030e-01 3.631700e-02 2.204598e+00
2.781200e-02 1.637800e-02 2.540273e+00
5.741700e-02 -1.163900e-02 2.173092e+00
2.166600e-01 1.658050e-01 2.381253e+00
1.126930e-01 1.537800e-02 2.142513e+00
2.629920e-01 1.996050e-01 2.343420e+00
-3.854350e-01 -6.207840e-01 2.484503e+00
-1.493700e-01 -6.097450e-01 2.500308e+00
-4.030390e-01 -1.008413e+00 2.563557e+00
-2.010830e-01 -9.983020e-01 2.556568e+00
-2.863220e-01 -1.037417e+00 2.447331e+00
-9.368600e-02 -1.030562e+00 2.432480e+00
-2.731520e-01 4.505990e-01 2.207497e+00
-3.864080e-01 2.051580e-01 2.254126e+00
-1.670000e-01 2.028090e-01 2.539528e+00
-1.993850e-01 2.396590e-01 2.337680e+00
-3.595280e-01 8.427500e-02 2.459514e+00
-3.716350e-01 -1.398640e-01 2.321798e+00
-1.234250e-01 -1.105620e-01 2.637286e+00
-3.422470e-01 -1.076870e-01 2.552432e+00
-1.517690e-01 7.719200e-02 2.203447e+00
8.733000e-02 1.097250e-01 2.514018e+00
1.329260e-01 1.073020e-01 2.235119e+00
2.306610e-01 3.394420e-01 2.415797e+00
1.776010e-01 1.590530e-01 2.228302e+00
2.673690e-01 3.924860e-01 2.392148e+00
-3.786210e-01 -6.269150e-01 2.469858e+00
-1.535620e-01 -6.179100e-01 2.520553e+00
-4.067900e-01 -1.011262e+00 2.560958e+00
-1.995740e-01 -1.009734e+00 2.554798e+00
-2.788770e-01 -1.044901e+00 2.458590e+00
-7.407100e-02 -1.033900e+00 2.446920e+00
-2.577960e-01 4.048460e-01 2.164553e+00
-3.770570e-01 1.931500e-01 2.236300e+00
-1.601690e-01 1.886510e-01 2.523597e+00
-1.907930e-01 2.270700e-01 2.321766e+00
-3.519290e-01 7.067100e-02 2.440964e+00
-3.725930e-01 -1.503730e-01 2.323173e+00
-1.267020e-01 -1.152040e-01 2.639875e+00
-3.446690e-01 -1.111470e-01 2.552896e+00
-1.297990e-01 8.499400e-02 2.202194e+00
9.433700e-02 9.629100e-02 2.497220e+00
1.476590e-01 1.408180e-01 2.255677e+00
2.497770e-01 3.183870e-01 2.399892e+00
1.848910e-01 1.983920e-01 2.251274e+00
2.891950e-01 3.695700e-01 2.376505e+00
-3.846290e-01 -6.368470e-01 2.452306e+00
-1.548130e-01 -6.236100e-01 2.530906e+00
-3.984150e-01 -1.016440e+00 2.564265e+00
-2.062010e-01 -1.015703e+00 2.551827e+00
-2.759270e-01 -1.052727e+00 2.456318e+00
-7.800000e-02 -1.038111e+00 2.446781e+00
-2.421590e-01 3.831240e-01 2.143083e+00
-3.686840e-01 1.756750e-01 2.227282e+00
-1.485600e-01 1.846270e-01 2.512002e+00
-1.805540e-01 2.101060e-01 2.308344e+00
-3.444310e-01 6.670700e-02 2.439549e+00
-3.781380e-01 -1.594610e-01 2.326684e+00
-1.257600e-01 -1.218230e-01 2.637953e+00
-3.451290e-01 -1.149300e-01 2.554760e+00
-1.208640e-01 7.051000e-02 2.207860e+00
1.028890e-01 8.387000e-02 2.487095e+00
1.526070e-01 1.287810e-01 2.266958e+00
2.733590e-01 2.853610e-01 2.371757e+00
1.989680e-01 1.793980e-01 2.269952e+00
3.161380e-01 3.315320e-01 2.344214e+00
-3.826860e-01 -6.465790e-01 2.442237e+00
-1.535400e-01 -6.296670e-01 2.533401e+00
-4.002930e-01 -1.020046e+00 2.572730e+00
-2.041460e-01 -1.021951e+00 2.552595e+00
-2.871310e-01 -1.065389e+00 2.458226e+00
-7.706300e-02 -1.043559e+00 2.446033e+00
-2.236980e-01 3.675070e-01 2.128360e+00
-3.574140e-01 1.646690e-01 2.221353e+00
-1.498430e-01 1.939590e-01 2.514024e+00
-1.713730e-01 1.981850e-01 2.307462e+00
-3.487170e-01 7.894500e-02 2.445174e+00
-3.822120e-01 -1.661440e-01 2.329370e+00
-1.417530e-01 -1.228460e-01 2.649221e+00
-3.578040e-01 -1.173680e-01 2.557661e+00
-1.372760e-01 1.093100e-02 2.197919e+00
3.569500e-02 -8.700000e-04 2.480192e+00
1.443190e-01 5.010000e-03 2.243877e+00
2.537840e-01 1.530710e-01 2.374499e+00
2.062480e-01 3.472500e-02 2.245383e+00
3.064290e-01 1.891860e-01 2.349110e+00
-3.848010e-01 -6.523360e-01 2.434554e+00
-1.477250e-01 -6.256170e-01 2.520191e+00
-4.084160e-01 -1.018414e+00 2.583701e+00
-2.155240e-01 -1.013973e+00 2.557599e+00
-2.998960e-01 -1.072373e+00 2.468443e+00
-8.924100e-02 -1.046118e+00 2.452757e+00
-2.183010e-01 3.379350e-01 2.105957e+00
-3.600750e-01 1.285550e-01 2.225057e+00
-1.241520e-01 1.774470e-01 2.492545e+00
-1.644100e-01 1.535750e-01 2.290162e+00
-3.388700e-01 7.628600e-02 2.458162e+00
-3.976430e-01 -1.829710e-01 2.340715e+00
-1.322250e-01 -1.384920e-01 2.640005e+00
-3.545890e-01 -1.301870e-01 2.565329e+00
-1.646430e-01 -5.510900e-02 2.195920e+00
-3.920000e-03 -6.285700e-02 2.455532e+00
1.063740e-01 -1.442240e-01 2.209963e+00
2.488240e-01 -5.739300e-02 2.319252e+00
1.605760e-01 -1.176960e-01 2.242809e+00
3.091820e-01 -5.553500e-02 2.286483e+00
-3.986690e-01 -6.673390e-01 2.442162e+00
-1.480090e-01 -6.395410e-01 2.509580e+00
-3.986640e-01 -1.041826e+00 2.570907e+00
-2.205640e-01 -1.025736e+00 2.558624e+00
-2.957760e-01 -1.084694e+00 2.446212e+00
-1.040950e-01 -1.062142e+00 2.444247e+00
-2.240700e-01 3.056770e-01 2.087338e+00
-3.606900e-01 1.253980e-01 2.233206e+00
-9.125800e-02 1.494420e-01 2.470752e+00
-1.572200e-01 1.279320e-01 2.274957e+00
-3.187890e-01 7.394900e-02 2.463677e+00
-4.247230e-01 -1.835410e-01 2.374165e+00
-1.113960e-01 -1.600310e-01 2.625707e+00
-3.415880e-01 -1.339460e-01 2.587988e+00
-2.537680e-01 -1.205300e-01 2.201905e+00
-5.297000e-02 -1.150820e-01 2.424139e+00
-3.932600e-02 -3.093430e-01 2.192689e+00
1.259020e-01 -2.795310e-01 2.270882e+00
-2.828400e-02 -3.649690e-01 2.153904e+00
1.686620e-01 -3.188980e-01 2.234245e+00
-4.113140e-01 -6.731640e-01 2.462523e+00
-1.454030e-01 -6.506350e-01 2.494755e+00
-3.956850e-01 -1.049212e+00 2.585644e+00
-2.275470e-01 -1.031287e+00 2.566675e+00
-3.167370e-01 -1.092117e+00 2.444580e+00
-1.270190e-01 -1.076731e+00 2.440971e+00
-2.124750e-01 2.957440e-01 2.082166e+00
-4.003300e-01 1.121360e-01 2.269722e+00
-6.295800e-02 1.034140e-01 2.395037e+00
-1.968740e-01 8.568300e-02 2.237235e+00
-2.855540e-01 6.245800e-02 2.474364e+00
-4.663950e-01 -1.995140e-01 2.414439e+00
-9.031100e-02 -2.059890e-01 2.557681e+00
-3.159380e-01 -1.484370e-01 2.587197e+00
-4.350630e-01 -1.533360e-01 2.255142e+00
-1.073560e-01 -1.601920e-01 2.363672e+00
-5.049280e-01 -4.285080e-01 2.255224e+00
-2.228070e-01 -4.099020e-01 2.289292e+00
-4.635620e-01 -4.755550e-01 2.227014e+00
-2.595210e-01 -4.511560e-01 2.248419e+00
-4.270220e-01 -6.933930e-01 2.489482e+00
-1.673620e-01 -6.818300e-01 2.454535e+00
-3.758050e-01 -1.077399e+00 2.571532e+00
-2.251430e-01 -1.048053e+00 2.593668e+00
-3.370450e-01 -1.106435e+00 2.411447e+00
-1.675030e-01 -1.111678e+00 2.450135e+00
-2.168830e-01 2.732700e-01 2.063868e+00
-4.217560e-01 1.180920e-01 2.306463e+00
-6.492100e-02 8.863600e-02 2.343888e+00
-2.341350e-01 8.560700e-02 2.223444e+00
-2.631730e-01 5.185700e-02 2.473746e+00
-4.607290e-01 -1.772030e-01 2.458139e+00
-6.658400e-02 -2.311590e-01 2.519275e+00
-2.728600e-01 -1.497020e-01 2.596125e+00
-5.633630e-01 -1.114220e-01 2.325305e+00
-1.152460e-01 -1.766790e-01 2.318730e+00
-7.374530e-01 -3.334940e-01 2.373389e+00
-3.694960e-01 -3.099550e-01 2.326507e+00
-7.793030e-01 -3.867290e-01 2.385010e+00
-4.281270e-01 -3.426510e-01 2.311885e+00
-4.333360e-01 -6.801020e-01 2.492385e+00
-1.751530e-01 -6.963400e-01 2.445791e+00
-3.707620e-01 -1.062546e+00 2.573855e+00
-2.173610e-01 -1.061827e+00 2.592260e+00
-3.759620e-01 -1.098189e+00 2.410530e+00
-1.851740e-01 -1.126069e+00 2.441232e+00
-2.120090e-01 2.601150e-01 2.053483e+00
-4.389780e-01 1.383980e-01 2.351218e+00
-8.685300e-02 8.393200e-02 2.299819e+00
-2.802160e-01 9.449200e-02 2.224662e+00
-2.492900e-01 5.870500e-02 2.474454e+00
-4.756760e-01 -1.728400e-01 2.514764e+00
-8.048200e-02 -2.269040e-01 2.460927e+00
-2.563110e-01 -1.464260e-01 2.593964e+00
-6.561610e-01 -1.017400e-02 2.425055e+00
-1.828680e-01 -1.718920e-01 2.278887e+00
-8.720370e-01 -1.885910e-01 2.497885e+00
-4.625350e-01 -1.933660e-01 2.353209e+00
-9.232620e-01 -2.309910e-01 2.515165e+00
-5.251270e-01 -2.216420e-01 2.351454e+00
-4.169600e-01 -6.766660e-01 2.500442e+00
-1.770920e-01 -6.960810e-01 2.436471e+00
-3.850480e-01 -1.062687e+00 2.582813e+00
-2.091930e-01 -1.056669e+00 2.596977e+00
-4.175410e-01 -1.099489e+00 2.422931e+00
-2.034240e-01 -1.125070e+00 2.444462e+00
-2.205690e-01 2.477190e-01 2.046243e+00
-4.493950e-01 1.878820e-01 2.402168e+00
-1.230730e-01 1.159320e-01 2.268238e+00
-3.273400e-01 1.416110e-01 2.240579e+00
-2.423860e-01 9.095700e-02 2.474782e+00
-4.735290e-01 -1.382910e-01 2.555642e+00
-1.064060e-01 -2.068180e-01 2.405561e+00
-2.404800e-01 -1.231320e-01 2.579089e+00
-6.788530e-01 1.093580e-01 2.527766e+00
-1.619660e-01 -1.547170e-01 2.254871e+00
-9.199890e-01 -3.420900e-02 2.597536e+00
-4.377470e-01 -1.417020e-01 2.343154e+00
-9.772320e-01 -6.834300e-02 2.614225e+00
-4.996760e-01 -1.168800e-01 2.359560e+00
-4.041940e-01 -6.476570e-01 2.509626e+00
-1.682320e-01 -6.771050e-01 2.436304e+00
-3.979930e-01 -1.039589e+00 2.565898e+00
-2.069400e-01 -1.039271e+00 2.591717e+00
-4.534390e-01 -1.062873e+00 2.409833e+00
-2.220840e-01 -1.103585e+00 2.438071e+00
-2.162250e-01 2.374690e-01 2.049277e+00
-4.410450e-01 2.173300e-01 2.434168e+00
-1.349910e-01 1.325690e-01 2.264621e+00
-3.388690e-01 1.719690e-01 2.259091e+00
-2.346640e-01 1.044650e-01 2.480942e+00
-4.628640e-01 -1.249780e-01 2.584850e+00
-1.235710e-01 -1.929770e-01 2.379287e+00
-2.285380e-01 -1.161210e-01 2.574650e+00
-6.752970e-01 1.234010e-01 2.538264e+00
-1.860560e-01 -1.361310e-01 2.258146e+00
-9.036170e-01 -1.763000e-02 2.645689e+00
-4.646830e-01 -1.267410e-01 2.336836e+00
-9.581240e-01 -5.096100e-02 2.670956e+00
-5.254480e-01 -9.852100e-02 2.352058e+00
-4.030870e-01 -6.345400e-01 2.507327e+00
-1.672190e-01 -6.671500e-01 2.436769e+00
-3.958660e-01 -1.026378e+00 2.564126e+00
-2.126060e-01 -1.029166e+00 2.590717e+00
-4.698740e-01 -1.049230e+00 2.415893e+00
-2.481130e-01 -1.089335e+00 2.438758e+00
-2.321350e-01 2.860110e-01 2.065546e+00
-4.366530e-01 2.184140e-01 2.446621e+00
-1.281900e-01 1.569090e-01 2.271500e+00
-3.332700e-01 1.898300e-01 2.268733e+00
-2.265780e-01 1.092460e-01 2.484966e+00
-4.624340e-01 -1.213460e-01 2.577122e+00
-1.073650e-01 -1.638940e-01 2.392419e+00
-2.284580e-01 -1.042160e-01 2.584424e+00
-6.683890e-01 1.094990e-01 2.547834e+00
-1.701920e-01 -1.153660e-01 2.257999e+00
-9.069590e-01 -3.914600e-02 2.625151e+00
-4.528060e-01 -1.379770e-01 2.328089e+00
-9.629720e-01 -7.485000e-02 2.642706e+00
-5.127360e-01 -1.219260e-01 2.357604e+00
-3.993930e-01 -6.274190e-01 2.507870e+00
-1.664580e-01 -6.484470e-01 2.435568e+00
-4.014000e-01 -1.019698e+00 2.561985e+00
-2.088390e-01 -1.013473e+00 2.583134e+00
-4.738200e-01 -1.039937e+00 2.412592e+00
-2.436930e-01 -1.071287e+00 2.430113e+00
-2.366610e-01 3.106150e-01 2.079983e+00
-4.413680e-01 2.056700e-01 2.457836e+00
-1.191700e-01 1.810530e-01 2.299146e+00
-3.256190e-01 1.995250e-01 2.285460e+00
-2.263060e-01 1.087710e-01 2.501178e+00
-4.558540e-01 -1.269100e-01 2.552023e+00
-9.215700e-02 -1.581530e-01 2.382469e+00
-2.228620e-01 -1.049520e-01 2.570025e+00
-6.501680e-01 4.952500e-02 2.544831e+00
-1.524780e-01 -8.871700e-02 2.255618e+00
-8.382270e-01 -1.725020e-01 2.539078e+00
-4.315450e-01 -1.579810e-01 2.303383e+00
-8.828990e-01 -2.246900e-01 2.537967e+00
-4.966100e-01 -1.616480e-01 2.325143e+00
-3.951950e-01 -6.314220e-01 2.499233e+00
-1.624890e-01 -6.485500e-01 2.438221e+00
-3.943240e-01 -1.021348e+00 2.568320e+00
-2.046560e-01 -1.013174e+00 2.586839e+00
-4.649260e-01 -1.047952e+00 2.419055e+00
-2.431510e-01 -1.070770e+00 2.434610e+00
-2.346730e-01 3.827690e-01 2.138009e+00
-4.421330e-01 2.028810e-01 2.464166e+00
-1.159360e-01 1.976080e-01 2.311956e+00
-3.226480e-01 2.080220e-01 2.294323e+00
-2.241270e-01 1.134040e-01 2.508740e+00
-4.473480e-01 -1.204050e-01 2.528038e+00
-7.858100e-02 -1.577160e-01 2.371135e+00
-2.147920e-01 -1.021230e-01 2.554021e+00
-6.220020e-01 7.261000e-03 2.542422e+00
-1.285980e-01 -7.448800e-02 2.259628e+00
-7.722420e-01 -2.317630e-01 2.462837e+00
-4.015980e-01 -1.794960e-01 2.286012e+00
-8.081580e-01 -2.875330e-01 2.444942e+00
-4.689620e-01 -1.907590e-01 2.293468e+00
-3.868070e-01 -6.281410e-01 2.498215e+00
-1.578740e-01 -6.473710e-01 2.443739e+00
-3.987700e-01 -1.018246e+00 2.565227e+00
-2.043660e-01 -1.014310e+00 2.585195e+00
-4.649020e-01 -1.042282e+00 2.413499e+00
-2.460600e-01 -1.067944e+00 2.432363e+00
-2.389480e-01 4.340750e-01 2.181492e+00
-4.245070e-01 2.107830e-01 2.462729e+00
-9.028200e-02 2.119670e-01 2.328968e+00
-2.951490e-01 2.328440e-01 2.301704e+00
-2.125500e-01 1.076530e-01 2.506981e+00
-4.415990e-01 -1.162590e-01 2.504520e+00
-6.553900e-02 -1.553520e-01 2.366499e+00
-2.105680e-01 -9.945100e-02 2.542377e+00
-5.748470e-01 -1.376200e-02 2.521472e+00
-8.672900e-02 -5.975100e-02 2.276047e+00
-6.881490e-01 -2.530100e-01 2.396345e+00
-3.357010e-01 -2.109200e-01 2.243076e+00
-7.149560e-01 -3.091340e-01 2.367158e+00
-4.030490e-01 -2.237140e-01 2.247662e+00
-3.803550e-01 -6.251140e-01 2.493526e+00
-1.565560e-01 -6.443350e-01 2.457820e+00
-3.978860e-01 -1.014534e+00 2.563240e+00
-2.086350e-01 -1.014585e+00 2.588273e+00
-4.569890e-01 -1.039523e+00 2.408789e+00
-2.517550e-01 -1.062857e+00 2.434056e+00
-2.458220e-01 4.806300e-01 2.228089e+00
-4.227710e-01 2.203540e-01 2.468692e+00
-7.922000e-02 2.232410e-01 2.361153e+00
-2.804360e-01 2.566060e-01 2.321804e+00
-2.187410e-01 1.030190e-01 2.514776e+00
-4.457820e-01 -1.145070e-01 2.485457e+00
-6.097200e-02 -1.423240e-01 2.370795e+00
-2.180210e-01 -9.478400e-02 2.538625e+00
-5.191930e-01 -3.440700e-02 2.503269e+00
-3.713100e-02 -4.500200e-02 2.318789e+00
-5.766000e-01 -2.698110e-01 2.342595e+00
-2.225790e-01 -2.538890e-01 2.237293e+00
-5.760310e-01 -3.239570e-01 2.300306e+00
-2.249170e-01 -3.122210e-01 2.201067e+00
-3.767080e-01 -6.217910e-01 2.483016e+00
-1.551300e-01 -6.340610e-01 2.469635e+00
-3.989330e-01 -1.007937e+00 2.567947e+00
-2.060770e-01 -1.014692e+00 2.566281e+00
-4.478280e-01 -1.039605e+00 2.411171e+00
-2.471910e-01 -1.049398e+00 2.407921e+00
-2.553790e-01 5.100610e-01 2.280689e+00
-4.243950e-01 2.200320e-01 2.468063e+00
-7.592100e-02 2.299000e-01 2.378238e+00
-2.751890e-01 2.637280e-01 2.330304e+00
-2.219380e-01 1.020360e-01 2.519127e+00
-4.390980e-01 -1.086580e-01 2.468183e+00
-4.936400e-02 -1.383490e-01 2.372131e+00
-2.141070e-01 -9.558800e-02 2.533756e+00
-4.970830e-01 -4.314800e-02 2.487927e+00
-3.631000e-03 -3.279700e-02 2.349837e+00
-5.257090e-01 -2.875570e-01 2.334753e+00
-1.187610e-01 -2.748110e-01 2.238912e+00
-5.344820e-01 -3.452850e-01 2.298546e+00
-1.303240e-01 -3.424470e-01 2.235428e+00
-3.734590e-01 -6.172200e-01 2.480038e+00
-1.562650e-01 -6.297510e-01 2.471233e+00
-4.035080e-01 -1.002303e+00 2.567355e+00
-2.041460e-01 -1.006922e+00 2.581983e+00
-4.453360e-01 -1.035002e+00 2.408756e+00
-2.394030e-01 -1.048847e+00 2.423959e+00
-2.592970e-01 5.200590e-01 2.308344e+00
-4.248960e-01 2.250380e-01 2.467188e+00
-7.311400e-02 2.322430e-01 2.391047e+00
-2.699020e-01 2.703220e-01 2.336514e+00
-2.261940e-01 1.026990e-01 2.522594e+00
-4.407930e-01 -1.110010e-01 2.454265e+00
-4.692000e-02 -1.273940e-01 2.373055e+00
-2.189980e-01 -9.318200e-02 2.528971e+00
-4.837900e-01 -4.155300e-02 2.469902e+00
-7.200000e-04 -3.097400e-02 2.380869e+00
-4.940460e-01 -2.958980e-01 2.332869e+00
-4.644100e-02 -2.845570e-01 2.249452e+00
-4.967860e-01 -3.564110e-01 2.300450e+00
-4.374600e-02 -3.531460e-01 2.252414e+00
-3.721650e-01 -6.158910e-01 2.478390e+00
-1.563430e-01 -6.220600e-01 2.472666e+00
-3.985110e-01 -1.000664e+00 2.568233e+00
-2.041740e-01 -1.002615e+00 2.571185e+00
-4.347900e-01 -1.035428e+00 2.408710e+00
-2.347640e-01 -1.040211e+00 2.411111e+00
-2.614590e-01 5.267890e-01 2.326239e+00
-4.331210e-01 2.158060e-01 2.472440e+00
-7.953800e-02 2.336060e-01 2.407159e+00
-2.754250e-01 2.709090e-01 2.348970e+00
-2.336550e-01 9.436600e-02 2.527076e+00
-4.434900e-01 -1.219140e-01 2.449518e+00
-4.743600e-02 -1.220430e-01 2.377816e+00
-2.243950e-01 -9.716700e-02 2.529994e+00
-4.920940e-01 -4.999900e-02 2.453811e+00
5.299000e-03 -2.525800e-02 2.425272e+00
-4.755340e-01 -3.059260e-01 2.320681e+00
4.670000e-04 -2.741660e-01 2.278358e+00
-4.607070e-01 -3.670230e-01 2.292974e+00
2.593000e-03 -3.426070e-01 2.283987e+00
-3.727230e-01 -6.222720e-01 2.476650e+00
-1.599280e-01 -6.215350e-01 2.472092e+00
-3.945350e-01 -1.007239e+00 2.566875e+00
-2.016290e-01 -1.001496e+00 2.575564e+00
-4.273060e-01 -1.042900e+00 2.406790e+00
-2.320410e-01 -1.041593e+00 2.416065e+00
-2.715030e-01 5.209440e-01 2.333209e+00
