-3.393810e-01 3.697680e-01 2.548738e+00
-1.038200e-02 3.943440e-01 2.417662e+00
-1.431730e-01 2.286580e-01 2.534026e+00
-8.436100e-02 9.977000e-03 2.370421e+00
-4.207920e-01 1.397980e-01 2.406533e+00
-3.555300e-01 4.260650e-01 2.402233e+00
-3.389850e-01 4.916330e-01 2.401179e+00
-2.237350e-01 -4.738130e-01 2.396771e+00
-2.691850e-01 -8.704000e-01 2.551162e+00
-1.920120e-01 -9.295640e-01 2.421906e+00
-1.426640e-01 6.408160e-01 2.321780e+00
-4.719000e-03 3.919800e-01 2.431733e+00
-1.485540e-01 2.307260e-01 2.540978e+00
-5.299900e-02 3.315900e-02 2.377386e+00
-4.039440e-01 1.338550e-01 2.400010e+00
-3.474330e-01 4.219940e-01 2.391007e+00
-3.121210e-01 4.792020e-01 2.398375e+00
-2.157150e-01 -4.912720e-01 2.398624e+00
-2.616510e-01 -8.903100e-01 2.546417e+00
-2.130090e-01 -9.487810e-01 2.403664e+00
-1.385020e-01 6.471130e-01 2.329187e+00
-5.730000e-04 3.892130e-01 2.435814e+00
-1.465280e-01 2.278350e-01 2.542023e+00
-3.783900e-02 2.970600e-02 2.381212e+00
-4.024740e-01 1.278570e-01 2.387877e+00
-3.383060e-01 4.145960e-01 2.385899e+00
-3.089020e-01 4.711710e-01 2.408455e+00
-2.187210e-01 -5.175700e-01 2.409419e+00
-2.668140e-01 -9.129940e-01 2.565980e+00
-2.419500e-01 -9.744360e-01 2.418435e+00
-1.430760e-01 6.491510e-01 2.333083e+00
1.028000e-03 3.887560e-01 2.436151e+00
-1.438260e-01 2.263380e-01 2.542282e+00
-3.320300e-02 2.784300e-02 2.379070e+00
-4.077470e-01 1.222220e-01 2.385022e+00
-3.345960e-01 4.068620e-01 2.382318e+00
-2.985700e-01 4.542180e-01 2.414468e+00
-2.163800e-01 -5.205840e-01 2.414785e+00
-2.644820e-01 -9.175810e-01 2.567308e+00
-2.426020e-01 -9.773600e-01 2.418611e+00
-1.335460e-01 6.500500e-01 2.337062e+00
3.269000e-03 3.903160e-01 2.445410e+00
-1.439640e-01 2.264030e-01 2.545815e+00
-8.600000e-05 2.352000e-02 2.385670e+00
-3.938110e-01 1.153900e-01 2.381592e+00
-3.339340e-01 4.032130e-01 2.382775e+00
-3.050730e-01 4.538890e-01 2.417025e+00
-2.184530e-01 -5.297250e-01 2.419320e+00
-2.647550e-01 -9.247910e-01 2.577317e+00
-2.694180e-01 -9.843580e-01 2.427007e+00
-1.340810e-01 6.517680e-01 2.342173e+00
2.611000e-03 3.949080e-01 2.450506e+00
-1.460730e-01 2.268250e-01 2.541429e+00
-5.034000e-03 2.834900e-02 2.390186e+00
-3.918290e-01 1.128880e-01 2.378495e+00
-3.348270e-01 4.013430e-01 2.380061e+00
-3.041170e-01 4.489260e-01 2.417031e+00
-2.183610e-01 -5.267840e-01 2.422262e+00
-2.654300e-01 -9.222680e-01 2.578983e+00
-2.679150e-01 -9.815950e-01 2.428526e+00
-1.372370e-01 6.587470e-01 2.351366e+00
3.255000e-03 3.950280e-01 2.452778e+00
-1.474760e-01 2.295060e-01 2.545021e+00
4.040000e-03 2.405800e-02 2.398941e+00
-3.865980e-01 1.136300e-01 2.373300e+00
-3.232770e-01 4.008140e-01 2.373751e+00
-3.039230e-01 4.527350e-01 2.412528e+00
-2.176290e-01 -5.299130e-01 2.427613e+00
-2.681270e-01 -9.328670e-01 2.562750e+00
-2.676410e-01 -9.843520e-01 2.409414e+00
-1.255540e-01 6.485160e-01 2.334112e+00
4.203000e-03 3.953090e-01 2.453301e+00
-1.397200e-01 2.252800e-01 2.548182e+00
9.882000e-03 3.916200e-02 2.407425e+00
-3.756110e-01 1.118850e-01 2.363605e+00
-3.225130e-01 4.011670e-01 2.367596e+00
-2.961640e-01 4.486010e-01 2.407967e+00
-2.190570e-01 -5.382660e-01 2.428662e+00
-2.645140e-01 -9.380400e-01 2.574604e+00
-2.688380e-01 -9.930540e-01 2.422558e+00
-1.228290e-01 6.416510e-01 2.335651e+00
6.902000e-03 3.938310e-01 2.454006e+00
-1.345900e-01 2.220790e-01 2.549439e+00
3.932700e-02 2.895000e-02 2.391885e+00
-3.605060e-01 1.101840e-01 2.348070e+00
-3.254640e-01 4.015250e-01 2.368862e+00
-2.899680e-01 4.477340e-01 2.403196e+00
-2.221070e-01 -5.483070e-01 2.435029e+00
-2.628870e-01 -9.489990e-01 2.579830e+00
-2.798260e-01 -1.002142e+00 2.428001e+00
-1.333470e-01 6.490180e-01 2.348912e+00
9.568000e-03 3.932110e-01 2.462039e+00
-1.318980e-01 2.183240e-01 2.551637e+00
2.592600e-02 3.718200e-02 2.380930e+00
-3.539130e-01 1.146620e-01 2.330062e+00
-3.181380e-01 4.045190e-01 2.365587e+00
-2.820280e-01 4.509860e-01 2.398917e+00
-2.227280e-01 -5.384290e-01 2.439871e+00
-2.573110e-01 -9.425450e-01 2.576538e+00
-2.711370e-01 -9.931120e-01 2.423519e+00
-1.204790e-01 6.314350e-01 2.333904e+00
4.338000e-03 3.952290e-01 2.479511e+00
-1.446270e-01 2.187010e-01 2.552129e+00
5.505500e-02 1.858000e-02 2.388938e+00
-3.325470e-01 1.291140e-01 2.295616e+00
-3.101450e-01 4.174890e-01 2.349659e+00
-2.706210e-01 4.575420e-01 2.387178e+00
-2.235360e-01 -5.303320e-01 2.444527e+00
-2.539950e-01 -9.401410e-01 2.564163e+00
-2.593000e-01 -9.850810e-01 2.408872e+00
-1.142020e-01 6.267050e-01 2.330506e+00
-1.592000e-03 3.970410e-01 2.488636e+00
-1.544730e-01 2.187250e-01 2.547429e+00
5.479400e-02 2.626000e-02 2.386317e+00
-3.027130e-01 1.393770e-01 2.259634e+00
-3.011920e-01 4.268040e-01 2.335330e+00
-2.608700e-01 4.621310e-01 2.376563e+00
-2.254080e-01 -5.231640e-01 2.446627e+00
-2.548960e-01 -9.308780e-01 2.573450e+00
-2.456570e-01 -9.794510e-01 2.419442e+00
-1.061510e-01 6.324650e-01 2.337816e+00
5.904000e-03 3.842100e-01 2.545993e+00
-1.998730e-01 2.579410e-01 2.527605e+00
5.311500e-02 4.430900e-02 2.469895e+00
-2.182120e-01 1.392720e-01 2.239700e+00
-3.473950e-01 4.069840e-01 2.289461e+00
-3.125670e-01 4.530650e-01 2.324641e+00
-2.277300e-01 -5.006690e-01 2.449062e+00
-2.506250e-01 -9.124140e-01 2.563632e+00
-1.617750e-01 -9.532100e-01 2.434774e+00
-9.980600e-02 6.778210e-01 2.319745e+00
-4.434200e-02 3.887410e-01 2.580864e+00
-2.296360e-01 2.468960e-01 2.516272e+00
3.400100e-02 3.372100e-02 2.536541e+00
-1.360930e-01 1.761400e-01 2.232419e+00
-2.926220e-01 4.306200e-01 2.243494e+00
-2.934880e-01 4.662440e-01 2.300976e+00
-2.316970e-01 -5.014470e-01 2.439490e+00
-2.428780e-01 -9.161520e-01 2.544747e+00
-1.279300e-01 -9.470490e-01 2.435223e+00
-9.395600e-02 6.677830e-01 2.335616e+00
-5.395900e-02 3.887420e-01 2.548201e+00
-2.390260e-01 2.472940e-01 2.482103e+00
2.593200e-02 3.484800e-02 2.552877e+00
-9.673700e-02 2.023270e-01 2.205639e+00
-1.858670e-01 4.825610e-01 2.246584e+00
-2.258770e-01 4.945880e-01 2.299769e+00
-2.250950e-01 -5.046110e-01 2.429724e+00
-2.396930e-01 -9.150300e-01 2.550251e+00
-1.347680e-01 -9.531380e-01 2.433198e+00
-8.244200e-02 6.767800e-01 2.335043e+00
-5.935300e-02 3.713010e-01 2.546397e+00
-2.569910e-01 2.564640e-01 2.466539e+00
6.165000e-03 3.287400e-02 2.573144e+00
-4.801800e-02 2.385420e-01 2.205962e+00
2.215140e-01 2.105810e-01 2.326725e+00
2.725130e-01 2.089200e-01 2.371114e+00
-2.235390e-01 -5.040550e-01 2.422422e+00
-2.366240e-01 -9.131260e-01 2.547616e+00
-1.165410e-01 -9.483330e-01 2.445129e+00
-7.601100e-02 6.827730e-01 2.340508e+00
-7.948800e-02 3.558540e-01 2.557704e+00
-2.574220e-01 2.364650e-01 2.445642e+00
2.161000e-03 7.534000e-03 2.587187e+00
-2.261400e-02 2.812640e-01 2.226877e+00
2.315700e-01 2.841660e-01 2.379230e+00
2.685270e-01 3.024980e-01 2.432822e+00
-2.224620e-01 -5.024110e-01 2.416744e+00
-2.323890e-01 -9.108110e-01 2.544397e+00
-1.022170e-01 -9.423230e-01 2.453704e+00
-7.533200e-02 6.652880e-01 2.336587e+00
-8.071400e-02 3.686540e-01 2.574658e+00
-2.542480e-01 2.640210e-01 2.442130e+00
-3.943600e-02 2.603600e-02 2.597632e+00
4.231900e-02 2.917390e-01 2.272018e+00
2.356250e-01 3.494100e-01 2.488880e+00
2.635280e-01 3.701820e-01 2.546880e+00
-2.242720e-01 -5.062370e-01 2.416708e+00
-2.265890e-01 -9.161440e-01 2.539814e+00
-8.231900e-02 -9.379280e-01 2.469995e+00
-5.935900e-02 6.842650e-01 2.329622e+00
-1.861460e-01 3.673200e-01 2.583799e+00
-3.131550e-01 2.556110e-01 2.410548e+00
-1.110230e-01 4.902100e-02 2.601140e+00
6.651200e-02 3.093090e-01 2.288610e+00
2.178370e-01 3.898520e-01 2.529937e+00
2.360030e-01 4.130140e-01 2.590827e+00
-2.298420e-01 -5.034010e-01 2.413017e+00
-2.210420e-01 -9.131730e-01 2.536279e+00
-6.067300e-02 -9.160150e-01 2.515383e+00
-6.029000e-02 6.533300e-01 2.338726e+00
-2.170830e-01 3.456000e-01 2.572865e+00
-3.097820e-01 2.362070e-01 2.377760e+00
-1.673530e-01 1.330500e-02 2.610258e+00
7.370800e-02 3.262470e-01 2.310952e+00
1.694000e-01 4.346750e-01 2.568990e+00
1.865680e-01 4.589210e-01 2.629747e+00
-2.322970e-01 -5.112120e-01 2.406445e+00
-2.212060e-01 -9.188060e-01 2.536555e+00
-5.957700e-02 -9.134020e-01 2.539706e+00
-4.206900e-02 6.255760e-01 2.336983e+00
-2.399760e-01 3.363580e-01 2.568085e+00
-6.909500e-02 3.921540e-01 2.423952e+00
-3.053810e-01 2.212710e-01 2.365346e+00
-1.208750e-01 1.501000e-02 2.233808e+00
-1.699920e-01 -5.715000e-03 2.613888e+00
-2.691890e-01 -1.667400e-02 2.406693e+00
9.007200e-02 3.144640e-01 2.315995e+00
-1.279710e-01 2.557510e-01 2.817369e+00
1.502270e-01 4.350190e-01 2.579187e+00
6.568100e-02 3.032370e-01 3.036543e+00
1.633320e-01 4.628400e-01 2.639422e+00
1.023640e-01 3.460070e-01 3.073948e+00
-2.351270e-01 -5.058070e-01 2.401782e+00
-2.502300e-02 -5.181560e-01 2.520235e+00
-2.250600e-01 -9.127150e-01 2.534105e+00
-2.198700e-02 -9.422980e-01 2.577499e+00
-6.717900e-02 -8.983680e-01 2.566211e+00
1.386980e-01 -9.386930e-01 2.595675e+00
-3.433000e-02 6.059100e-01 2.336733e+00
-1.573570e-01 3.492430e-01 2.216625e+00
-2.313640e-01 3.275510e-01 2.563147e+00
-5.522600e-02 3.731290e-01 2.421775e+00
-2.996460e-01 2.154190e-01 2.359701e+00
-1.079790e-01 -4.953000e-03 2.235780e+00
-1.755850e-01 -1.063200e-02 2.613536e+00
-2.658710e-01 -2.062600e-02 2.402257e+00
9.849100e-02 3.172180e-01 2.336189e+00
-1.317910e-01 2.323200e-01 2.812549e+00
1.402410e-01 4.589610e-01 2.592159e+00
5.395300e-02 2.568810e-01 3.042089e+00
1.518880e-01 4.871250e-01 2.652534e+00
9.167800e-02 2.942560e-01 3.083969e+00
-2.377620e-01 -5.214190e-01 2.407508e+00
-2.850000e-02 -5.269840e-01 2.523507e+00
-2.214510e-01 -9.283260e-01 2.539207e+00
-2.391000e-02 -9.523400e-01 2.570787e+00
-6.528100e-02 -9.098210e-01 2.577041e+00
1.359720e-01 -9.479340e-01 2.594901e+00
-2.463200e-02 5.987150e-01 2.332418e+00
-1.566440e-01 3.601110e-01 2.193993e+00
-2.255090e-01 3.366620e-01 2.541460e+00
-5.196000e-02 3.848090e-01 2.397756e+00
-2.952070e-01 2.241520e-01 2.338705e+00
-1.107930e-01 -7.391000e-03 2.242227e+00
-1.888580e-01 -8.700000e-03 2.618002e+00
-2.737610e-01 -1.439400e-02 2.404345e+00
8.877400e-02 2.939680e-01 2.320848e+00
-1.259760e-01 2.285220e-01 2.785558e+00
1.373480e-01 4.377090e-01 2.574313e+00
5.354500e-02 2.354210e-01 3.021180e+00
1.517900e-01 4.652750e-01 2.634360e+00
9.037600e-02 2.677400e-01 3.067795e+00
-2.493420e-01 -5.245690e-01 2.400633e+00
-3.927800e-02 -5.252440e-01 2.521899e+00
-2.239120e-01 -9.313760e-01 2.531190e+00
-2.701400e-02 -9.502810e-01 2.570652e+00
-6.728200e-02 -9.104940e-01 2.565747e+00
1.325300e-01 -9.427490e-01 2.596184e+00
5.959000e-03 5.845100e-01 2.314550e+00
-1.596770e-01 3.450570e-01 2.186330e+00
-2.294700e-01 3.280160e-01 2.533985e+00
-5.384400e-02 3.664320e-01 2.389875e+00
-3.046160e-01 2.172480e-01 2.332219e+00
-1.042910e-01 -1.582300e-02 2.250725e+00
-1.754830e-01 1.020000e-04 2.627528e+00
-2.631000e-01 9.640000e-03 2.415108e+00
8.357900e-02 2.620110e-01 2.307072e+00
-1.384920e-01 2.089250e-01 2.776318e+00
1.635740e-01 3.988340e-01 2.556258e+00
3.479200e-02 1.967580e-01 3.016355e+00
1.803700e-01 4.260520e-01 2.615849e+00
7.223400e-02 2.240090e-01 3.065645e+00
-2.628930e-01 -5.261340e-01 2.407722e+00
-4.367000e-02 -5.181940e-01 2.520590e+00
-2.433990e-01 -9.362040e-01 2.528746e+00
-3.118700e-02 -9.441200e-01 2.560787e+00
-8.592700e-02 -9.190580e-01 2.561479e+00
1.295310e-01 -9.377950e-01 2.577897e+00
9.236000e-03 5.627570e-01 2.290538e+00
-1.674770e-01 3.314540e-01 2.189758e+00
-2.321190e-01 3.134040e-01 2.538356e+00
-5.954300e-02 3.561890e-01 2.391812e+00
-3.069390e-01 2.001420e-01 2.337857e+00
-1.106150e-01 -3.493000e-02 2.265094e+00
-1.748670e-01 2.201000e-03 2.641651e+00
-2.620460e-01 1.915500e-02 2.429513e+00
7.606000e-02 2.201720e-01 2.284157e+00
-1.375940e-01 1.893550e-01 2.776813e+00
1.919520e-01 3.353680e-01 2.530053e+00
3.330200e-02 1.701470e-01 3.018099e+00
2.104770e-01 3.606140e-01 2.589999e+00
6.980500e-02 1.948220e-01 3.069409e+00
-2.809120e-01 -5.366940e-01 2.412146e+00
-5.551900e-02 -5.155830e-01 2.517533e+00
-2.372920e-01 -9.467910e-01 2.526611e+00
-2.998700e-02 -9.408990e-01 2.558012e+00
-7.775900e-02 -9.253770e-01 2.542538e+00
1.314220e-01 -9.309040e-01 2.561222e+00
1.887500e-02 5.184530e-01 2.274405e+00
-1.805030e-01 3.166820e-01 2.180991e+00
-1.523570e-01 3.654810e-01 2.530288e+00
-1.997400e-02 3.426510e-01 2.344221e+00
-2.992700e-01 2.468740e-01 2.380108e+00
-2.044040e-01 -5.390100e-02 2.262951e+00
-1.660850e-01 1.271400e-02 2.638978e+00
-3.043130e-01 2.261600e-02 2.455444e+00
-1.612300e-02 9.088700e-02 2.231420e+00
1.047760e-01 2.460720e-01 2.502715e+00
2.175110e-01 1.568220e-01 2.399265e+00
3.370240e-01 2.934090e-01 2.680365e+00
2.424680e-01 1.794700e-01 2.457901e+00
3.853910e-01 3.399800e-01 2.672251e+00
-2.933670e-01 -5.534710e-01 2.444553e+00
-6.627300e-02 -5.041360e-01 2.518929e+00
-2.639580e-01 -9.729100e-01 2.524487e+00
-3.727600e-02 -9.302560e-01 2.546588e+00
-1.034880e-01 -9.652440e-01 2.505674e+00
1.196030e-01 -9.220820e-01 2.508050e+00
3.448200e-02 4.669450e-01 2.159864e+00
-1.848300e-01 2.902440e-01 2.175750e+00
-1.064760e-01 3.137370e-01 2.517311e+00
-6.735000e-03 2.626720e-01 2.319310e+00
-2.960830e-01 2.483000e-01 2.386675e+00
-2.428570e-01 -7.527400e-02 2.287814e+00
-1.226270e-01 5.078000e-03 2.643329e+00
-2.961840e-01 1.447700e-02 2.492731e+00
-6.842900e-02 3.429500e-02 2.213886e+00
1.442450e-01 1.824130e-01 2.486692e+00
1.850110e-01 2.420800e-02 2.364664e+00
4.112710e-01 1.724730e-01 2.614125e+00
2.326700e-01 4.093800e-02 2.409639e+00
4.752820e-01 1.908310e-01 2.602307e+00
-3.114940e-01 -5.672760e-01 2.473657e+00
-6.627900e-02 -5.156820e-01 2.508230e+00
-2.503640e-01 -9.892540e-01 2.510822e+00
-4.465700e-02 -9.419930e-01 2.539458e+00
-9.808000e-02 -9.717410e-01 2.459188e+00
9.730700e-02 -9.404700e-01 2.461954e+00
2.319800e-02 4.044290e-01 2.107077e+00
-2.441930e-01 2.448290e-01 2.210573e+00
-1.750000e-03 2.326500e-01 2.469605e+00
-1.717100e-02 2.188420e-01 2.240129e+00
-2.319050e-01 1.641700e-01 2.438540e+00
-3.504460e-01 -1.026940e-01 2.359591e+00
-7.902100e-02 -8.954000e-02 2.630622e+00
-2.984730e-01 -4.698700e-02 2.576583e+00
-1.386810e-01 -1.846700e-02 2.215654e+00
2.238190e-01 5.922200e-02 2.471468e+00
1.210520e-01 -1.162360e-01 2.315727e+00
5.020440e-01 -3.688000e-02 2.501596e+00
1.773690e-01 -1.240910e-01 2.352342e+00
5.649750e-01 -2.632500e-02 2.524008e+00
-3.136800e-01 -6.240530e-01 2.491971e+00
-6.086000e-02 -5.853640e-01 2.479275e+00
-2.449920e-01 -1.045425e+00 2.522159e+00
-3.800100e-02 -1.009116e+00 2.534916e+00
-1.343610e-01 -1.035817e+00 2.404551e+00
7.186200e-02 -1.018726e+00 2.416591e+00
-3.505600e-02 3.497020e-01 2.066845e+00
-3.182970e-01 2.595790e-01 2.281755e+00
2.539600e-02 1.921100e-01 2.339613e+00
-1.279340e-01 1.975670e-01 2.167718e+00
-1.838050e-01 1.615740e-01 2.457632e+00
-3.727450e-01 -6.010800e-02 2.450066e+00
4.620000e-04 -1.252300e-01 2.511532e+00
-1.922810e-01 -2.617500e-02 2.588527e+00
-3.268910e-01 -2.291100e-02 2.265343e+00
1.052630e-01 -7.809600e-02 2.306122e+00
-2.027930e-01 -2.816080e-01 2.199439e+00
2.305800e-01 -3.393500e-01 2.250380e+00
-1.479610e-01 -3.189680e-01 2.212544e+00
2.590570e-01 -3.993410e-01 2.237570e+00
-3.194550e-01 -5.936330e-01 2.521756e+00
-8.862000e-02 -6.058840e-01 2.443570e+00
-2.823650e-01 -1.018942e+00 2.552097e+00
-3.378700e-02 -1.021837e+00 2.528193e+00
-2.590830e-01 -1.028311e+00 2.392306e+00
-5.050000e-03 -1.049924e+00 2.371513e+00
-9.338900e-02 3.265850e-01 2.022967e+00
-3.588330e-01 2.715150e-01 2.387014e+00
-3.006200e-02 1.987510e-01 2.274585e+00
-2.457040e-01 2.136670e-01 2.194808e+00
-1.606870e-01 1.641110e-01 2.475491e+00
-3.844670e-01 -4.936900e-02 2.574918e+00
-3.585600e-02 -1.278600e-01 2.434876e+00
-1.571860e-01 -3.669000e-02 2.607668e+00
-4.492920e-01 4.307000e-03 2.344481e+00
-6.519200e-02 -7.701600e-02 2.208174e+00
-4.795840e-01 -2.529370e-01 2.199826e+00
-1.879750e-01 -3.251410e-01 2.100008e+00
-4.891340e-01 -3.137330e-01 2.171777e+00
-2.173700e-01 -3.763390e-01 2.067012e+00
-3.101000e-01 -5.871640e-01 2.514569e+00
-9.524100e-02 -6.080180e-01 2.408383e+00
-2.925310e-01 -1.013410e+00 2.549061e+00
-3.309000e-02 -1.012097e+00 2.535037e+00
-3.392320e-01 -1.027813e+00 2.394871e+00
-5.901000e-02 -1.063467e+00 2.383867e+00
-1.505220e-01 3.381850e-01 2.041101e+00
-3.520930e-01 2.799140e-01 2.437067e+00
-6.227400e-02 2.350180e-01 2.237031e+00
-2.912710e-01 2.504640e-01 2.216791e+00
-1.369080e-01 1.709570e-01 2.458281e+00
-3.473720e-01 -3.884400e-02 2.581235e+00
-3.141900e-02 -1.180900e-01 2.378265e+00
-1.178200e-01 -2.858600e-02 2.571692e+00
-5.660930e-01 9.163500e-02 2.431491e+00
-2.253530e-01 9.771000e-03 2.172107e+00
-6.087030e-01 -4.001400e-02 2.169300e+00
-4.938600e-01 -9.891300e-02 2.106716e+00
-6.288690e-01 -7.803600e-02 2.117130e+00
-5.561840e-01 -1.250250e-01 2.109516e+00
-3.112080e-01 -5.764220e-01 2.518981e+00
-1.050610e-01 -6.061320e-01 2.387655e+00
-2.937880e-01 -1.003382e+00 2.543172e+00
-4.767000e-02 -1.011365e+00 2.512862e+00
-3.764140e-01 -1.014607e+00 2.404572e+00
-1.051570e-01 -1.063370e+00 2.370898e+00
-1.963370e-01 3.852620e-01 2.055092e+00
-3.253440e-01 2.807950e-01 2.456027e+00
-8.928200e-02 2.915460e-01 2.207164e+00
-3.179270e-01 2.845780e-01 2.234752e+00
-1.105420e-01 1.935120e-01 2.427535e+00
-3.260340e-01 -2.434600e-02 2.587354e+00
-4.585100e-02 -9.733600e-02 2.335417e+00
-9.998000e-02 -2.031200e-02 2.545244e+00
-4.330590e-01 4.536810e-01 2.655101e+00
-3.579620e-01 1.965260e-01 2.195509e+00
-5.797550e-01 5.436960e-01 2.414056e+00
-5.759250e-01 3.613410e-01 2.310851e+00
-6.137490e-01 5.648470e-01 2.359549e+00
-5.691680e-01 4.215100e-01 2.340986e+00
-2.910360e-01 -5.664220e-01 2.516651e+00
-1.171380e-01 -5.963060e-01 2.375008e+00
-2.959290e-01 -9.931600e-01 2.549134e+00
-5.654500e-02 -1.002850e+00 2.494318e+00
-3.961610e-01 -1.001652e+00 2.422467e+00
-1.404490e-01 -1.053158e+00 2.365507e+00
-2.838510e-01 4.955170e-01 2.124814e+00
-3.142720e-01 3.399930e-01 2.481233e+00
-1.569220e-01 3.321790e-01 2.178466e+00
-3.669940e-01 3.330370e-01 2.264181e+00
-1.157730e-01 2.452190e-01 2.397008e+00
-2.973960e-01 8.819000e-03 2.606403e+00
-1.046850e-01 -5.789600e-02 2.281266e+00
-9.342400e-02 1.159300e-02 2.500206e+00
-3.708840e-01 5.178270e-01 2.696390e+00
-4.362660e-01 3.002310e-01 2.225235e+00
-5.766810e-01 6.144420e-01 2.506551e+00
-4.624020e-01 5.259250e-01 2.415585e+00
-6.239790e-01 6.370740e-01 2.463835e+00
-4.359100e-01 5.868430e-01 2.428284e+00
-2.838310e-01 -5.338720e-01 2.528126e+00
-1.377190e-01 -5.662490e-01 2.381741e+00
-2.947470e-01 -9.612800e-01 2.547816e+00
-6.174200e-02 -9.723070e-01 2.493674e+00
-4.291270e-01 -9.619950e-01 2.457791e+00
-1.866740e-01 -1.020669e+00 2.403031e+00
-3.439710e-01 5.756350e-01 2.157193e+00
-2.420980e-01 3.994340e-01 2.507868e+00
-1.996290e-01 3.691150e-01 2.168979e+00
-3.666720e-01 3.925170e-01 2.322253e+00
-9.331700e-02 2.838440e-01 2.366231e+00
-2.612200e-01 4.046300e-02 2.629337e+00
-1.993620e-01 -6.110000e-03 2.253429e+00
-1.077140e-01 4.471600e-02 2.458142e+00
-2.161330e-01 5.802260e-01 2.726414e+00
-4.578750e-01 3.326860e-01 2.283528e+00
-4.621770e-01 7.054800e-01 2.619180e+00
-4.172330e-01 5.711880e-01 2.454433e+00
-5.183690e-01 7.346280e-01 2.595370e+00
-4.073750e-01 6.256770e-01 2.493265e+00
-2.788450e-01 -5.002500e-01 2.535044e+00
-1.502500e-01 -5.221050e-01 2.390425e+00
-2.874270e-01 -9.280030e-01 2.546770e+00
-6.024900e-02 -9.280030e-01 2.492067e+00
-4.457480e-01 -9.257330e-01 2.513716e+00
-2.134920e-01 -9.696730e-01 2.461354e+00
-3.446890e-01 6.420890e-01 2.213947e+00
-7.058900e-02 4.243200e-01 2.454135e+00
-3.086680e-01 4.398620e-01 2.200701e+00
-2.845300e-01 4.878890e-01 2.424752e+00
-1.263650e-01 2.937400e-01 2.264263e+00
-1.028270e-01 7.207000e-02 2.566374e+00
-3.668280e-01 4.459600e-02 2.289153e+00
-1.432990e-01 6.249800e-02 2.340187e+00
6.689500e-02 5.118450e-01 2.687523e+00
-4.124480e-01 2.180010e-01 2.345660e+00
-6.640300e-02 7.746630e-01 2.659486e+00
-4.819990e-01 4.993510e-01 2.405691e+00
-9.740300e-02 8.343310e-01 2.652223e+00
-4.413760e-01 5.347050e-01 2.446606e+00
-2.852610e-01 -4.531670e-01 2.525521e+00
-1.650310e-01 -4.670670e-01 2.387342e+00
-2.950510e-01 -8.798830e-01 2.557180e+00
-8.151300e-02 -8.754630e-01 2.484409e+00
-4.299040e-01 -8.702010e-01 2.645972e+00
-1.875760e-01 -8.681790e-01 2.606313e+00
-3.412290e-01 6.990150e-01 2.260356e+00
-5.574600e-02 3.915770e-01 2.421235e+00
-3.492700e-01 4.069550e-01 2.222157e+00
-2.786000e-01 4.477470e-01 2.437632e+00
-1.529760e-01 2.661310e-01 2.238381e+00
-7.171900e-02 3.073000e-02 2.535693e+00
-3.885550e-01 3.280700e-02 2.319097e+00
-1.587240e-01 4.006100e-02 2.323012e+00
8.950700e-02 3.444630e-01 2.660584e+00
-4.079050e-01 1.658570e-01 2.360057e+00
-1.903500e-02 6.151550e-01 2.706532e+00
-4.962930e-01 4.469650e-01 2.377593e+00
-4.932500e-02 6.752050e-01 2.713649e+00
-5.210040e-01 5.098840e-01 2.379740e+00
-2.805040e-01 -4.825470e-01 2.516653e+00
-1.561230e-01 -4.813600e-01 2.383866e+00
-2.946390e-01 -9.062690e-01 2.575339e+00
-8.637400e-02 -8.906910e-01 2.487633e+00
-4.037160e-01 -8.863200e-01 2.693098e+00
-1.253780e-01 -8.583950e-01 2.641251e+00
-3.292850e-01 6.899450e-01 2.291737e+00
-5.847700e-02 3.818030e-01 2.412434e+00
-3.565420e-01 3.975130e-01 2.220249e+00
-2.796150e-01 4.432930e-01 2.432557e+00
-1.629080e-01 2.530010e-01 2.235997e+00
-5.909000e-02 2.066100e-02 2.523342e+00
-3.889450e-01 1.455800e-02 2.327227e+00
-1.593570e-01 2.240100e-02 2.316379e+00
4.935600e-02 3.093820e-01 2.666266e+00
-4.050670e-01 1.657040e-01 2.378977e+00
-3.927500e-02 5.767000e-01 2.759040e+00
-5.028230e-01 4.435390e-01 2.345030e+00
-8.470900e-02 6.240500e-01 2.775400e+00
-5.284700e-01 5.055200e-01 2.336390e+00
-2.770100e-01 -4.937000e-01 2.513178e+00
-1.509370e-01 -4.970060e-01 2.380620e+00
-2.925020e-01 -9.172350e-01 2.572870e+00
-7.855300e-02 -9.061950e-01 2.483134e+00
-4.018390e-01 -8.966870e-01 2.690285e+00
-1.134140e-01 -8.736410e-01 2.637691e+00
-3.204810e-01 6.858070e-01 2.324550e+00
-7.363700e-02 3.756240e-01 2.427199e+00
-3.482980e-01 3.757860e-01 2.202285e+00
-2.990610e-01 4.230450e-01 2.422353e+00
-1.489960e-01 2.432760e-01 2.238967e+00
-6.862500e-02 2.073800e-02 2.534821e+00
-3.645330e-01 -1.017200e-02 2.292364e+00
-1.363930e-01 7.398000e-03 2.315459e+00
-9.339000e-03 1.751650e-01 2.619105e+00
-4.675970e-01 1.871780e-01 2.379273e+00
4.109300e-02 4.456210e-01 2.728927e+00
-4.550520e-01 4.457980e-01 2.235426e+00
5.187100e-02 5.082150e-01 2.752162e+00
-4.516530e-01 5.045330e-01 2.202068e+00
-2.776110e-01 -4.984140e-01 2.520894e+00
-1.364540e-01 -5.159420e-01 2.371527e+00
-2.818070e-01 -9.226380e-01 2.577468e+00
-6.685100e-02 -9.239230e-01 2.480572e+00
-4.124380e-01 -9.087610e-01 2.671841e+00
-1.540600e-01 -9.028300e-01 2.615155e+00
-3.170010e-01 6.713220e-01 2.346701e+00
-1.049550e-01 3.498410e-01 2.474239e+00
-3.008820e-01 3.813150e-01 2.179880e+00
-3.209510e-01 3.963910e-01 2.408917e+00
-1.151300e-01 2.458350e-01 2.255824e+00
-1.236430e-01 4.560800e-02 2.555902e+00
-3.204270e-01 -3.335500e-02 2.235991e+00
-1.149340e-01 1.257500e-02 2.328475e+00
-9.522400e-02 1.239180e-01 2.647473e+00
-4.000200e-01 1.480770e-01 2.309538e+00
-9.485000e-02 3.678900e-01 2.815485e+00
-3.909700e-01 4.243060e-01 2.203467e+00
-9.491400e-02 4.247350e-01 2.852127e+00
-3.366170e-01 4.641670e-01 2.209023e+00
-2.968110e-01 -4.854140e-01 2.524720e+00
-1.230860e-01 -5.256160e-01 2.370724e+00
-2.733030e-01 -9.098970e-01 2.574182e+00
-5.617500e-02 -9.340260e-01 2.479848e+00
-4.287480e-01 -9.133090e-01 2.618772e+00
-1.958060e-01 -9.350890e-01 2.561488e+00
-2.823220e-01 6.787620e-01 2.337876e+00
-1.319790e-01 3.407930e-01 2.531728e+00
-2.053960e-01 4.043930e-01 2.190275e+00
-3.090790e-01 3.981100e-01 2.395940e+00
-5.902000e-02 2.582320e-01 2.316120e+00
-1.644710e-01 3.494300e-02 2.597325e+00
-2.303650e-01 7.510000e-03 2.220220e+00
-7.263300e-02 2.414500e-02 2.386755e+00
-1.880430e-01 9.933400e-02 2.672086e+00
-3.511070e-01 1.615590e-01 2.217793e+00
-2.606130e-01 3.162810e-01 2.860284e+00
-3.050610e-01 4.537740e-01 2.211688e+00
-2.767050e-01 3.671420e-01 2.901855e+00
-3.220970e-01 5.192080e-01 2.213160e+00
-3.047690e-01 -4.874840e-01 2.524050e+00
-1.211660e-01 -5.114360e-01 2.361757e+00
-2.662070e-01 -9.107810e-01 2.574214e+00
-4.293600e-02 -9.145680e-01 2.482377e+00
-4.264460e-01 -9.232200e-01 2.592426e+00
-2.014070e-01 -9.389280e-01 2.503741e+00
-2.733090e-01 6.756750e-01 2.331900e+00
-1.250840e-01 3.470050e-01 2.560386e+00
-1.391140e-01 3.732180e-01 2.206634e+00
-2.721940e-01 4.034480e-01 2.392277e+00
-3.102400e-02 2.308100e-01 2.369920e+00
-1.903830e-01 2.636600e-02 2.605734e+00
-2.034200e-01 -1.228000e-02 2.224107e+00
-7.055900e-02 -2.489000e-03 2.411570e+00
-2.345530e-01 1.324980e-01 2.712535e+00
-2.833610e-01 1.306320e-01 2.172075e+00
-3.236210e-01 3.640960e-01 2.874337e+00
-2.912380e-01 3.988290e-01 2.296327e+00
-3.431710e-01 4.181160e-01 2.910025e+00
-2.930120e-01 4.424350e-01 2.347994e+00
-3.106290e-01 -5.049640e-01 2.515858e+00
-9.710800e-02 -5.222400e-01 2.375124e+00
-2.618020e-01 -9.265680e-01 2.571092e+00
-1.750000e-02 -9.260010e-01 2.492700e+00
-4.221330e-01 -9.462350e-01 2.562707e+00
-1.762560e-01 -9.569580e-01 2.493880e+00
-2.590570e-01 6.481930e-01 2.340046e+00
-1.282560e-01 3.155190e-01 2.596140e+00
-1.063980e-01 3.626600e-01 2.244964e+00
-2.544290e-01 3.918400e-01 2.419100e+00
-2.422000e-02 2.038190e-01 2.408189e+00
-1.908940e-01 1.402500e-02 2.610595e+00
-1.699820e-01 -9.361000e-03 2.228080e+00
-5.744900e-02 -2.708500e-02 2.427860e+00
-2.713900e-01 1.049230e-01 2.723843e+00
-1.752010e-01 1.094970e-01 2.142943e+00
-3.734510e-01 3.266050e-01 2.891746e+00
-4.422810e-01 4.795700e-02 2.245722e+00
-3.958060e-01 3.783740e-01 2.929085e+00
-4.558150e-01 -1.410300e-02 2.268949e+00
-3.200180e-01 -5.111390e-01 2.507868e+00
-7.829000e-02 -5.173430e-01 2.387871e+00
-2.541770e-01 -9.280200e-01 2.578996e+00
-2.001500e-02 -9.280170e-01 2.493394e+00
-4.119340e-01 -9.565930e-01 2.557561e+00
-1.791770e-01 -9.538740e-01 2.480661e+00
-2.541810e-01 6.132800e-01 2.351511e+00
-1.471510e-01 3.122680e-01 2.610544e+00
-9.341900e-02 3.890060e-01 2.268128e+00
-2.447940e-01 4.285790e-01 2.437265e+00
-5.330400e-02 2.019340e-01 2.416521e+00
-2.031990e-01 -2.504000e-03 2.612822e+00
-1.629880e-01 1.952000e-03 2.231160e+00
-6.112000e-02 -3.239000e-02 2.434467e+00
-3.396500e-01 1.259630e-01 2.707396e+00
-7.856100e-02 1.324570e-01 2.152847e+00
-4.245680e-01 3.408530e-01 2.892766e+00
-3.597810e-01 5.104000e-02 2.161288e+00
-4.427890e-01 3.909630e-01 2.934372e+00
-3.794170e-01 -8.198000e-03 2.187351e+00
-3.157720e-01 -5.226260e-01 2.501179e+00
-6.583900e-02 -5.081440e-01 2.395666e+00
-2.508200e-01 -9.367030e-01 2.587811e+00
-3.117000e-02 -9.233740e-01 2.493473e+00
-4.079540e-01 -9.664270e-01 2.563552e+00
-1.903370e-01 -9.418620e-01 2.471402e+00
-2.444150e-01 6.202150e-01 2.360554e+00
-3.532450e-01 3.847610e-01 2.554602e+00
-7.861500e-02 4.126370e-01 2.331384e+00
-3.076290e-01 4.376840e-01 2.335043e+00
-1.416920e-01 2.726270e-01 2.518586e+00
-3.425770e-01 5.147500e-02 2.534270e+00
-4.319800e-02 3.028300e-02 2.295052e+00
-1.148600e-01 2.686200e-02 2.513553e+00
-4.592180e-01 1.268620e-01 2.605063e+00
1.389200e-02 1.807020e-01 2.202760e+00
-5.691380e-01 -7.298900e-02 2.418512e+00
-2.340590e-01 6.575100e-02 2.099689e+00
-5.773410e-01 -1.391810e-01 2.407316e+00
-2.862490e-01 2.495100e-02 2.113313e+00
-2.939740e-01 -4.892190e-01 2.474379e+00
-6.941200e-02 -4.913610e-01 2.404995e+00
-2.676420e-01 -9.022290e-01 2.583526e+00
-3.952300e-02 -9.077580e-01 2.499356e+00
-3.664100e-01 -9.408060e-01 2.461380e+00
-1.361160e-01 -9.429880e-01 2.374489e+00
-2.298240e-01 6.917040e-01 2.315968e+00
-3.655690e-01 4.012390e-01 2.535407e+00
-6.405700e-02 4.079810e-01 2.348137e+00
-2.907140e-01 4.390880e-01 2.320809e+00
-1.550350e-01 2.816640e-01 2.533590e+00
-3.644530e-01 4.082100e-02 2.507963e+00
-3.613600e-02 4.048800e-02 2.309191e+00
-1.346680e-01 3.800700e-02 2.516978e+00
-4.804110e-01 1.460830e-01 2.572863e+00
4.423700e-02 1.757470e-01 2.234512e+00
-5.831190e-01 -8.742000e-03 2.345568e+00
-1.821260e-01 6.618600e-02 2.087127e+00
-5.836190e-01 -7.293800e-02 2.324289e+00
-2.354660e-01 2.460500e-02 2.087186e+00
-2.823060e-01 -4.950160e-01 2.462103e+00
-6.344600e-02 -4.877420e-01 2.414922e+00
-2.659410e-01 -9.046560e-01 2.585033e+00
-3.783700e-02 -9.027760e-01 2.516286e+00
-3.452310e-01 -9.480750e-01 2.450903e+00
-1.151920e-01 -9.409660e-01 2.379462e+00
-2.274540e-01 6.995450e-01 2.316905e+00
-3.676280e-01 4.021290e-01 2.523134e+00
-4.898800e-02 4.110220e-01 2.366881e+00
-2.712050e-01 4.488260e-01 2.319148e+00
-1.602250e-01 2.778250e-01 2.535733e+00
-3.660150e-01 3.549300e-02 2.488750e+00
-1.947700e-02 3.479700e-02 2.323785e+00
-1.382690e-01 3.673700e-02 2.520698e+00
-4.882970e-01 1.451460e-01 2.537555e+00
7.520100e-02 1.729850e-01 2.278530e+00
-5.819670e-01 2.010100e-02 2.286605e+00
-1.176780e-01 4.984600e-02 2.094064e+00
-5.723080e-01 -4.567000e-02 2.274156e+00
-1.718000e-01 1.465400e-02 2.073904e+00
-2.669810e-01 -5.004750e-01 2.458126e+00
-5.635600e-02 -4.928770e-01 2.432688e+00
-2.614560e-01 -9.084590e-01 2.587368e+00
-2.894500e-02 -9.099410e-01 2.524831e+00
-3.249840e-01 -9.541620e-01 2.445810e+00
-9.446000e-02 -9.459370e-01 2.381390e+00
-2.167840e-01 6.936130e-01 2.307025e+00
-3.685280e-01 4.023360e-01 2.509825e+00
-3.423400e-02 4.117960e-01 2.390732e+00
-2.494090e-01 4.524440e-01 2.319070e+00
-1.646230e-01 2.760630e-01 2.543051e+00
-3.674040e-01 3.111000e-02 2.483954e+00
-1.595400e-02 4.347300e-02 2.330226e+00
-1.409450e-01 3.912600e-02 2.523224e+00
-4.779740e-01 1.390540e-01 2.504013e+00
9.135200e-02 1.603470e-01 2.350001e+00
-5.286030e-01 -7.169000e-03 2.251021e+00
-3.426300e-02 -1.656200e-02 2.149636e+00
-5.203010e-01 -6.207100e-02 2.212408e+00
-7.613100e-02 -6.353100e-02 2.124835e+00
-2.524010e-01 -5.011190e-01 2.443407e+00
-4.575700e-02 -4.840840e-01 2.454039e+00
-2.609080e-01 -9.028640e-01 2.590760e+00
-1.394200e-02 -9.028680e-01 2.536453e+00
-3.128900e-01 -9.546360e-01 2.446605e+00
-7.548200e-02 -9.362390e-01 2.390637e+00
-1.979810e-01 6.890490e-01 2.304863e+00
-3.585970e-01 4.034650e-01 2.490100e+00
-1.524100e-02 4.092210e-01 2.400105e+00
-2.227750e-01 4.556890e-01 2.311457e+00
-1.604910e-01 2.725260e-01 2.537375e+00
-3.652150e-01 3.038600e-02 2.455048e+00
4.758000e-03 4.020900e-02 2.353428e+00
-1.467170e-01 3.746400e-02 2.526454e+00
-4.608850e-01 1.365170e-01 2.484474e+00
8.911200e-02 1.442660e-01 2.389204e+00
-4.884440e-01 -5.991900e-02 2.262971e+00
1.835100e-02 -8.656400e-02 2.217360e+00
-4.749430e-01 -1.225110e-01 2.241198e+00
-2.226800e-02 -1.357260e-01 2.194837e+00
-2.472420e-01 -5.024630e-01 2.441931e+00
-4.006900e-02 -4.876570e-01 2.464546e+00
-2.670710e-01 -9.077980e-01 2.577923e+00
-1.158000e-02 -9.056150e-01 2.552201e+00
-3.012460e-01 -9.565810e-01 2.427539e+00
-5.164200e-02 -9.403920e-01 2.399399e+00
-1.856730e-01 6.904430e-01 2.304229e+00
-3.514740e-01 4.049920e-01 2.484594e+00
-4.602000e-03 4.070140e-01 2.409091e+00
-2.075020e-01 4.586400e-01 2.312891e+00
-1.575570e-01 2.699200e-01 2.537295e+00
-3.595730e-01 3.453400e-02 2.449438e+00
1.275000e-02 3.836900e-02 2.356363e+00
-1.426910e-01 3.805000e-02 2.525856e+00
-4.342250e-01 1.314260e-01 2.463589e+00
8.336400e-02 1.357190e-01 2.427663e+00
-4.385050e-01 -1.261340e-01 2.313734e+00
4.769500e-02 -1.297880e-01 2.298953e+00
-4.106060e-01 -1.873860e-01 2.307111e+00
2.409700e-02 -1.929970e-01 2.294280e+00
-2.429010e-01 -5.001830e-01 2.435261e+00
-3.267900e-02 -4.854140e-01 2.475885e+00
-2.652260e-01 -9.042490e-01 2.574603e+00
-1.134800e-02 -9.061140e-01 2.551653e+00
-2.952730e-01 -9.545770e-01 2.423847e+00
-4.899100e-02 -9.358440e-01 2.397179e+00
-1.753130e-01 6.930070e-01 2.312270e+00
-3.436450e-01 4.020210e-01 2.459862e+00
9.232000e-03 3.989240e-01 2.421213e+00
-1.819170e-01 4.482470e-01 2.302396e+00
-1.577450e-01 2.677420e-01 2.537557e+00
-3.560770e-01 3.291200e-02 2.429444e+00
2.392900e-02 2.988300e-02 2.375691e+00
-1.483280e-01 3.070800e-02 2.528063e+00
-4.066640e-01 1.241280e-01 2.441239e+00
8.485300e-02 1.255440e-01 2.448865e+00
-3.831760e-01 -1.689870e-01 2.399868e+00
6.735600e-02 -1.667860e-01 2.403385e+00
-3.585430e-01 -2.319390e-01 2.397791e+00
4.710100e-02 -2.310490e-01 2.409216e+00
-2.334770e-01 -5.036370e-01 2.429639e+00
-2.021000e-02 -4.895650e-01 2.489169e+00
-2.644020e-01 -9.074660e-01 2.568024e+00
-1.099400e-02 -9.106440e-01 2.565272e+00
-2.743760e-01 -9.591170e-01 2.415067e+00
-3.190800e-02 -9.396130e-01 2.407518e+00
-1.481340e-01 6.937240e-01 2.316622e+00
