-3.678380e-01 3.270940e-01 2.727986e+00
-1.812815e-01 3.225605e-01 2.746217e+00
5.275000e-03 3.180270e-01 2.764448e+00
-8.246650e-02 3.533540e-01 2.706897e+00
-1.702080e-01 3.886810e-01 2.649345e+00
-1.799895e-01 2.882285e-01 2.724461e+00
-1.897710e-01 1.877760e-01 2.799577e+00
-2.809645e-01 8.711150e-02 2.716590e+00
-3.721580e-01 -1.355300e-02 2.633603e+00
-1.775295e-01 -1.743250e-02 2.648700e+00
1.709900e-02 -2.131200e-02 2.663798e+00
-8.399700e-02 -1.863000e-02 2.705193e+00
-1.850930e-01 -1.594800e-02 2.746588e+00
-3.052860e-01 1.403100e-02 2.727810e+00
-4.254790e-01 4.401000e-02 2.709031e+00
-1.822750e-01 3.935950e-02 2.726107e+00
6.092900e-02 3.470900e-02 2.743183e+00
-1.679620e-01 -1.034390e-01 2.670216e+00
-3.968530e-01 -2.415870e-01 2.597248e+00
-1.792190e-01 -2.453430e-01 2.611422e+00
3.841500e-02 -2.490990e-01 2.625596e+00
-1.899170e-01 -2.762060e-01 2.596376e+00
-4.182490e-01 -3.033130e-01 2.567156e+00
-2.096630e-01 -3.054730e-01 2.589529e+00
-1.077000e-03 -3.076330e-01 2.611902e+00
-1.500910e-01 -4.275370e-01 2.667089e+00
-2.991050e-01 -5.474410e-01 2.722276e+00
-1.914875e-01 -5.504950e-01 2.722523e+00
-8.387000e-02 -5.535490e-01 2.722769e+00
-1.854955e-01 -7.631630e-01 2.740375e+00
-2.871210e-01 -9.727770e-01 2.757981e+00
-1.909505e-01 -9.762605e-01 2.752288e+00
-9.478000e-02 -9.797440e-01 2.746595e+00
-1.854685e-01 -9.835380e-01 2.663755e+00
-2.761570e-01 -9.873320e-01 2.580916e+00
-1.783415e-01 -9.886715e-01 2.575190e+00
-8.052600e-02 -9.900110e-01 2.569464e+00
-1.245465e-01 -2.028595e-01 2.638945e+00
-1.685670e-01 5.842920e-01 2.708426e+00
-2.694780e-01 4.522620e-01 2.716176e+00
-3.703890e-01 3.202320e-01 2.723927e+00
-1.837370e-01 3.223530e-01 2.741613e+00
2.915000e-03 3.244740e-01 2.759299e+00
-8.618150e-02 3.564305e-01 2.701859e+00
-1.752780e-01 3.883870e-01 2.644418e+00
-1.812990e-01 2.879900e-01 2.720002e+00
-1.873200e-01 1.875930e-01 2.795587e+00
-2.787500e-01 8.751300e-02 2.712436e+00
-3.701800e-01 -1.256700e-02 2.629285e+00
-1.758665e-01 -1.810750e-02 2.647581e+00
1.844700e-02 -2.364800e-02 2.665876e+00
-8.331850e-02 -2.110850e-02 2.705606e+00
-1.850840e-01 -1.856900e-02 2.745336e+00
-3.046175e-01 9.931500e-03 2.730096e+00
-4.241510e-01 3.843200e-02 2.714856e+00
-1.818300e-01 4.114800e-02 2.728038e+00
6.049100e-02 4.386400e-02 2.741219e+00
-1.693385e-01 -1.020565e-01 2.676553e+00
-3.991680e-01 -2.479770e-01 2.611888e+00
-1.803305e-01 -2.470325e-01 2.629912e+00
3.850700e-02 -2.460880e-01 2.647937e+00
-1.794230e-01 -2.807035e-01 2.617312e+00
-3.973530e-01 -3.153190e-01 2.586686e+00
-1.970375e-01 -3.100020e-01 2.606147e+00
3.278000e-03 -3.046850e-01 2.625608e+00
-1.471155e-01 -4.257395e-01 2.674983e+00
-2.975090e-01 -5.467940e-01 2.724357e+00
-1.918925e-01 -5.510010e-01 2.722764e+00
-8.627600e-02 -5.552080e-01 2.721170e+00
-1.875465e-01 -7.638575e-01 2.738752e+00
-2.888170e-01 -9.725070e-01 2.756333e+00
-1.911400e-01 -9.769510e-01 2.751424e+00
-9.346300e-02 -9.813950e-01 2.746515e+00
-1.840705e-01 -9.834525e-01 2.662943e+00
-2.746780e-01 -9.855100e-01 2.579372e+00
-1.757675e-01 -9.888520e-01 2.574496e+00
-7.685700e-02 -9.921940e-01 2.569621e+00
-1.278950e-01 -1.981225e-01 2.631436e+00
-1.789330e-01 5.959490e-01 2.693252e+00
-2.768415e-01 4.603870e-01 2.705319e+00
-3.747500e-01 3.248250e-01 2.717386e+00
-1.883170e-01 3.253455e-01 2.737354e+00
-1.884000e-03 3.258660e-01 2.757321e+00
-8.995150e-02 3.580060e-01 2.698415e+00
-1.780190e-01 3.901460e-01 2.639508e+00
-1.859525e-01 2.907085e-01 2.716177e+00
-1.938860e-01 1.912710e-01 2.792846e+00
-2.806525e-01 8.922200e-02 2.707115e+00
-3.674190e-01 -1.282700e-02 2.621383e+00
-1.738310e-01 -1.803500e-02 2.646277e+00
1.975700e-02 -2.324300e-02 2.671171e+00
-8.331600e-02 -2.131650e-02 2.707411e+00
-1.863890e-01 -1.939000e-02 2.743651e+00
-3.044320e-01 1.251500e-02 2.731465e+00
-4.224750e-01 4.442000e-02 2.719279e+00
-1.807245e-01 4.673100e-02 2.729368e+00
6.102600e-02 4.904200e-02 2.739456e+00
-1.679340e-01 -9.173050e-02 2.669690e+00
-3.968940e-01 -2.325030e-01 2.599924e+00
-1.756470e-01 -2.335130e-01 2.617394e+00
4.560000e-02 -2.345230e-01 2.634864e+00
-1.617370e-01 -2.643325e-01 2.629643e+00
-3.690740e-01 -2.941420e-01 2.624421e+00
-1.824790e-01 -2.923190e-01 2.620705e+00
4.116000e-03 -2.904960e-01 2.616990e+00
-1.455880e-01 -4.188400e-01 2.667603e+00
-2.952920e-01 -5.471840e-01 2.718215e+00
-1.906115e-01 -5.513635e-01 2.718300e+00
-8.593100e-02 -5.555430e-01 2.718385e+00
-1.880865e-01 -7.642615e-01 2.734127e+00
-2.902420e-01 -9.729800e-01 2.749868e+00
-1.898055e-01 -9.773000e-01 2.748051e+00
-8.936900e-02 -9.816200e-01 2.746233e+00
-1.795050e-01 -9.837320e-01 2.659883e+00
-2.696410e-01 -9.858440e-01 2.573533e+00
-1.682795e-01 -9.895805e-01 2.571788e+00
-6.691800e-02 -9.933170e-01 2.570042e+00
-1.263685e-01 -1.992360e-01 2.623811e+00
-1.858190e-01 5.948450e-01 2.677579e+00
-2.807445e-01 4.603840e-01 2.692707e+00
-3.756700e-01 3.259230e-01 2.707835e+00
-1.894780e-01 3.277055e-01 2.729869e+00
-3.286000e-03 3.294880e-01 2.751904e+00
-9.065850e-02 3.579660e-01 2.690148e+00
-1.780310e-01 3.864440e-01 2.628392e+00
-1.868855e-01 2.918470e-01 2.710865e+00
-1.957400e-01 1.972500e-01 2.793338e+00
-2.783835e-01 8.931550e-02 2.707031e+00
-3.610270e-01 -1.861900e-02 2.620724e+00
-1.682195e-01 -1.691850e-02 2.651473e+00
2.458800e-02 -1.521800e-02 2.682223e+00
-7.953350e-02 -1.740650e-02 2.715314e+00
-1.836550e-01 -1.959500e-02 2.748406e+00
-3.024465e-01 1.277850e-02 2.728153e+00
-4.212380e-01 4.515200e-02 2.707900e+00
-1.727255e-01 5.123550e-02 2.717859e+00
7.578700e-02 5.731900e-02 2.727817e+00
-1.495485e-01 -7.404150e-02 2.636217e+00
-3.748840e-01 -2.054020e-01 2.544618e+00
-1.543750e-01 -2.063135e-01 2.562885e+00
6.613400e-02 -2.072250e-01 2.581152e+00
-1.347755e-01 -2.354885e-01 2.555269e+00
-3.356850e-01 -2.637520e-01 2.529387e+00
-1.553370e-01 -2.636780e-01 2.546556e+00
2.501100e-02 -2.636040e-01 2.563724e+00
-1.341415e-01 -4.062530e-01 2.639113e+00
-2.932940e-01 -5.489020e-01 2.714503e+00
-1.881860e-01 -5.511960e-01 2.713709e+00
-8.307800e-02 -5.534900e-01 2.712915e+00
-1.873200e-01 -7.641015e-01 2.729609e+00
-2.915620e-01 -9.747130e-01 2.746303e+00
-1.936325e-01 -9.769900e-01 2.744467e+00
-9.570300e-02 -9.792670e-01 2.742632e+00
-1.802020e-01 -9.834880e-01 2.656727e+00
-2.647010e-01 -9.877090e-01 2.570822e+00
-1.658440e-01 -9.900275e-01 2.569136e+00
-6.698700e-02 -9.923460e-01 2.567451e+00
-1.250715e-01 -1.987410e-01 2.615447e+00
-1.831560e-01 5.948640e-01 2.663442e+00
-2.809990e-01 4.622625e-01 2.680136e+00
-3.788420e-01 3.296610e-01 2.696831e+00
-1.930945e-01 3.343390e-01 2.721976e+00
-7.347000e-03 3.390170e-01 2.747120e+00
-9.372300e-02 3.621080e-01 2.681815e+00
-1.800990e-01 3.851990e-01 2.616509e+00
-1.899725e-01 2.971465e-01 2.705829e+00
-1.998460e-01 2.090940e-01 2.795149e+00
-2.839125e-01 9.602750e-02 2.713960e+00
-3.679790e-01 -1.703900e-02 2.632771e+00
-1.755200e-01 -1.501200e-02 2.665615e+00
1.693900e-02 -1.298500e-02 2.698458e+00
-8.752700e-02 -1.569450e-02 2.730405e+00
-1.919930e-01 -1.840400e-02 2.762353e+00
-3.031860e-01 1.788000e-02 2.701592e+00
-4.143790e-01 5.416400e-02 2.640830e+00
-1.385255e-01 7.674300e-02 2.672102e+00
1.373280e-01 9.932200e-02 2.703374e+00
-7.990600e-02 -8.611000e-03 2.562547e+00
-2.971400e-01 -1.165440e-01 2.421720e+00
-6.388550e-02 -1.009455e-01 2.444473e+00
1.693690e-01 -8.534700e-02 2.467226e+00
-4.104400e-02 -1.166055e-01 2.421530e+00
-2.514570e-01 -1.478640e-01 2.375835e+00
-5.382850e-02 -1.479215e-01 2.409315e+00
1.438000e-01 -1.479790e-01 2.442796e+00
-7.613550e-02 -3.486610e-01 2.578806e+00
-2.960710e-01 -5.493430e-01 2.714815e+00
-1.898060e-01 -5.507885e-01 2.714464e+00
-8.354100e-02 -5.522340e-01 2.714113e+00
-1.864195e-01 -7.635430e-01 2.731966e+00
-2.892980e-01 -9.748520e-01 2.749819e+00
-1.904805e-01 -9.763415e-01 2.748776e+00
-9.166300e-02 -9.778310e-01 2.747733e+00
-1.763800e-01 -9.833230e-01 2.661177e+00
-2.610970e-01 -9.888150e-01 2.574622e+00
-1.608855e-01 -9.905185e-01 2.573832e+00
-6.067400e-02 -9.922220e-01 2.573043e+00
-1.269485e-01 -2.045450e-01 2.590967e+00
-1.932230e-01 5.831320e-01 2.608891e+00
-2.857885e-01 4.595985e-01 2.643290e+00
-3.783540e-01 3.360650e-01 2.677689e+00
-1.936770e-01 3.370800e-01 2.710088e+00
-9.000000e-03 3.380950e-01 2.742486e+00
-9.190350e-02 3.580560e-01 2.671864e+00
-1.748070e-01 3.780170e-01 2.601243e+00
-1.912345e-01 2.985305e-01 2.697373e+00
-2.076620e-01 2.190440e-01 2.793502e+00
-2.836565e-01 1.040570e-01 2.712055e+00
-3.596510e-01 -1.093000e-02 2.630608e+00
-1.703555e-01 -1.229800e-02 2.678447e+00
1.894000e-02 -1.366600e-02 2.726286e+00
-8.773800e-02 -1.556900e-02 2.749894e+00
-1.944160e-01 -1.747200e-02 2.773503e+00
-2.944010e-01 2.398400e-02 2.689074e+00
-3.943860e-01 6.544000e-02 2.604646e+00
-9.794750e-02 1.103675e-01 2.649269e+00
1.984910e-01 1.552950e-01 2.693893e+00
-2.135150e-02 5.859800e-02 2.531960e+00
-2.411940e-01 -3.809900e-02 2.370027e+00
-1.248500e-02 9.371000e-03 2.391223e+00
2.162240e-01 5.684100e-02 2.412420e+00
1.076350e-02 1.577450e-02 2.364543e+00
-1.946970e-01 -2.529200e-02 2.316666e+00
2.950350e-02 -1.373850e-02 2.356110e+00
2.537040e-01 -2.185000e-03 2.395555e+00
-2.051000e-02 -2.738060e-01 2.556604e+00
-2.947240e-01 -5.454270e-01 2.717652e+00
-1.887375e-01 -5.484065e-01 2.720313e+00
-8.275100e-02 -5.513860e-01 2.722974e+00
-1.876015e-01 -7.612990e-01 2.736373e+00
-2.924520e-01 -9.712120e-01 2.749772e+00
-1.930345e-01 -9.744340e-01 2.747615e+00
-9.361700e-02 -9.776560e-01 2.745458e+00
-1.721035e-01 -9.808300e-01 2.661348e+00
-2.505900e-01 -9.840040e-01 2.577238e+00
-1.498205e-01 -9.859350e-01 2.575334e+00
-4.905100e-02 -9.878660e-01 2.573430e+00
-1.250485e-01 -2.101985e-01 2.565265e+00
-2.010460e-01 5.674690e-01 2.557101e+00
-2.878295e-01 4.497565e-01 2.610896e+00
-3.746130e-01 3.320440e-01 2.664692e+00
-1.895750e-01 3.343500e-01 2.694890e+00
-4.537000e-03 3.366560e-01 2.725088e+00
-8.815300e-02 3.520785e-01 2.654171e+00
-1.717690e-01 3.675010e-01 2.583253e+00
-1.874490e-01 2.949955e-01 2.684870e+00
-2.031290e-01 2.224900e-01 2.786486e+00
-2.813420e-01 1.076465e-01 2.726590e+00
-3.595550e-01 -7.197000e-03 2.666693e+00
-1.670320e-01 -1.369350e-02 2.698565e+00
2.549100e-02 -2.019000e-02 2.730438e+00
-7.888250e-02 -2.038400e-02 2.762799e+00
-1.832560e-01 -2.057800e-02 2.795161e+00
-2.744575e-01 2.642700e-02 2.680740e+00
-3.656590e-01 7.343200e-02 2.566318e+00
-6.125450e-02 1.463635e-01 2.626239e+00
2.431500e-01 2.192950e-01 2.686160e+00
3.763700e-02 1.278320e-01 2.518698e+00
-1.678760e-01 3.636900e-02 2.351236e+00
5.507650e-02 1.043100e-01 2.374370e+00
2.780290e-01 1.722510e-01 2.397504e+00
7.832050e-02 1.178815e-01 2.350519e+00
-1.213880e-01 6.351200e-02 2.303534e+00
1.028285e-01 9.369400e-02 2.340142e+00
3.270450e-01 1.238760e-01 2.376750e+00
1.602950e-02 -2.113535e-01 2.550293e+00
-2.949860e-01 -5.465830e-01 2.723837e+00
-1.881395e-01 -5.507765e-01 2.727821e+00
-8.129300e-02 -5.549700e-01 2.731805e+00
-1.863800e-01 -7.638050e-01 2.741895e+00
-2.914670e-01 -9.726400e-01 2.751985e+00
-1.911805e-01 -9.772255e-01 2.745219e+00
-9.089400e-02 -9.818110e-01 2.738452e+00
-1.780970e-01 -9.829210e-01 2.657370e+00
-2.653000e-01 -9.840310e-01 2.576288e+00
-1.632835e-01 -9.846205e-01 2.569628e+00
-6.126700e-02 -9.852100e-01 2.562968e+00
-1.305600e-01 -2.381660e-01 2.521123e+00
-1.998530e-01 5.088780e-01 2.479279e+00
-2.783965e-01 4.130390e-01 2.542041e+00
-3.569400e-01 3.172000e-01 2.604803e+00
-1.761435e-01 3.308160e-01 2.652589e+00
4.653000e-03 3.444320e-01 2.700375e+00
-7.152100e-02 3.467740e-01 2.620058e+00
-1.476950e-01 3.491160e-01 2.539742e+00
-1.720105e-01 2.905765e-01 2.648419e+00
-1.963260e-01 2.320370e-01 2.757096e+00
-2.722620e-01 1.097395e-01 2.710541e+00
-3.481980e-01 -1.255800e-02 2.663987e+00
-1.601480e-01 -1.142450e-02 2.716514e+00
2.790200e-02 -1.029100e-02 2.769042e+00
-7.933300e-02 -1.036400e-02 2.790060e+00
-1.865680e-01 -1.043700e-02 2.811078e+00
-2.529400e-01 2.138850e-02 2.673865e+00
-3.193120e-01 5.321400e-02 2.536652e+00
-2.293050e-02 1.817740e-01 2.594358e+00
2.734510e-01 3.103340e-01 2.652063e+00
9.446350e-02 1.931325e-01 2.507603e+00
-8.452400e-02 7.593100e-02 2.363143e+00
1.565375e-01 1.820865e-01 2.375461e+00
3.975990e-01 2.882420e-01 2.387779e+00
1.789950e-01 2.042385e-01 2.358191e+00
-3.960900e-02 1.202350e-01 2.328602e+00
1.940875e-01 2.015315e-01 2.325660e+00
4.277840e-01 2.828280e-01 2.322719e+00
6.718550e-02 -1.313605e-01 2.530979e+00
-2.934130e-01 -5.455490e-01 2.739239e+00
-1.856575e-01 -5.474195e-01 2.743146e+00
-7.790200e-02 -5.492900e-01 2.747053e+00
-1.852085e-01 -7.608155e-01 2.749795e+00
-2.925150e-01 -9.723410e-01 2.752537e+00
-1.922355e-01 -9.741845e-01 2.747241e+00
-9.195600e-02 -9.760280e-01 2.741945e+00
-1.691585e-01 -9.768130e-01 2.661325e+00
-2.463610e-01 -9.775980e-01 2.580705e+00
-1.447955e-01 -9.765905e-01 2.575724e+00
-4.323000e-02 -9.755830e-01 2.570744e+00
-1.229875e-01 -2.817040e-01 2.484478e+00
-2.027450e-01 4.121750e-01 2.398213e+00
-2.688570e-01 3.410470e-01 2.489372e+00
-3.349690e-01 2.699190e-01 2.580531e+00
1.689600e-02 3.243790e-01 2.690174e+00
-1.226770e-01 2.962090e-01 2.523292e+00
-1.827240e-01 2.180550e-01 2.754813e+00
-3.350250e-01 -3.106600e-02 2.661747e+00
2.992700e-02 -2.256500e-02 2.800421e+00
-1.874730e-01 -1.879600e-02 2.822502e+00
-3.008990e-01 4.377000e-03 2.543519e+00
2.795300e-01 3.309670e-01 2.626745e+00
-6.078300e-02 4.413400e-02 2.390394e+00
4.457000e-01 3.225890e-01 2.392222e+00
-1.428000e-02 8.309200e-02 2.351753e+00
4.866560e-01 3.204090e-01 2.333136e+00
-2.967660e-01 -5.594260e-01 2.748751e+00
-7.605000e-02 -5.609440e-01 2.749193e+00
-2.921420e-01 -9.864010e-01 2.749078e+00
-8.506900e-02 -9.876840e-01 2.737331e+00
-2.306530e-01 -9.858630e-01 2.582037e+00
-2.200500e-02 -9.843910e-01 2.570910e+00
-2.227980e-01 2.946380e-01 2.380521e+00
-3.154520e-01 2.262830e-01 2.560043e+00
3.134000e-02 3.046980e-01 2.671699e+00
-1.020170e-01 2.502300e-01 2.506125e+00
-1.679760e-01 2.028240e-01 2.744279e+00
-3.271100e-01 -7.030100e-02 2.662428e+00
3.142100e-02 -4.113300e-02 2.814406e+00
-1.867490e-01 -3.694600e-02 2.826595e+00
-2.734070e-01 -4.133700e-02 2.559705e+00
2.950220e-01 3.037220e-01 2.609578e+00
-2.748500e-02 -9.507000e-03 2.412791e+00
4.812930e-01 3.009500e-01 2.389647e+00
2.323200e-02 2.006000e-02 2.371235e+00
5.280750e-01 3.002510e-01 2.335018e+00
-3.005430e-01 -5.874520e-01 2.751848e+00
-7.739200e-02 -5.781530e-01 2.735490e+00
-2.942680e-01 -1.014404e+00 2.750821e+00
-9.132100e-02 -1.004921e+00 2.737544e+00
-2.272850e-01 -1.013023e+00 2.585911e+00
-3.081400e-02 -1.007701e+00 2.570167e+00
-2.459720e-01 2.844920e-01 2.365849e+00
-3.420790e-01 1.450810e-01 2.554891e+00
1.107300e-02 2.450950e-01 2.631741e+00
-1.326370e-01 1.622170e-01 2.485065e+00
-1.837960e-01 1.536670e-01 2.731287e+00
-3.251190e-01 -1.033790e-01 2.677103e+00
3.202300e-02 -8.543500e-02 2.834013e+00
-1.852330e-01 -6.243500e-02 2.839953e+00
-2.827350e-01 -1.172100e-01 2.593966e+00
2.650800e-01 1.744610e-01 2.565893e+00
-2.865200e-02 -1.586140e-01 2.462368e+00
4.892600e-01 1.205790e-01 2.391449e+00
2.734100e-02 -1.623960e-01 2.417381e+00
5.448220e-01 1.070030e-01 2.347838e+00
-3.136010e-01 -6.166130e-01 2.752015e+00
-7.668300e-02 -5.967870e-01 2.699706e+00
-2.785790e-01 -1.041996e+00 2.764362e+00
-1.082050e-01 -1.018074e+00 2.761776e+00
-2.208030e-01 -1.042125e+00 2.595999e+00
-5.294300e-02 -1.046777e+00 2.595024e+00
-2.774760e-01 1.490470e-01 2.354838e+00
-3.651250e-01 1.124980e-01 2.547365e+00
-7.160000e-04 1.869680e-01 2.595170e+00
-1.603720e-01 1.088210e-01 2.463117e+00
-1.947290e-01 1.170130e-01 2.712251e+00
-3.351970e-01 -1.327540e-01 2.693599e+00
3.418200e-02 -1.307280e-01 2.820280e+00
-1.807670e-01 -9.962700e-02 2.844657e+00
-3.141880e-01 -1.444710e-01 2.621427e+00
2.142230e-01 2.740900e-02 2.545623e+00
-8.716800e-02 -2.802530e-01 2.503447e+00
4.355550e-01 -9.037400e-02 2.400593e+00
-3.249200e-02 -3.231380e-01 2.484879e+00
4.328370e-01 -1.137370e-01 2.332622e+00
-3.172760e-01 -6.515800e-01 2.761295e+00
-8.717600e-02 -6.263790e-01 2.665451e+00
-2.876540e-01 -1.077100e+00 2.741681e+00
-1.063630e-01 -1.044829e+00 2.748278e+00
-2.391270e-01 -1.065844e+00 2.570794e+00
-6.959500e-02 -1.080267e+00 2.577760e+00
-2.836330e-01 1.120620e-01 2.337426e+00
-3.966110e-01 9.694700e-02 2.638547e+00
-3.454700e-02 1.285020e-01 2.546142e+00
-2.381540e-01 6.429000e-02 2.487352e+00
-1.781910e-01 8.840500e-02 2.730536e+00
-3.529490e-01 -1.524590e-01 2.767792e+00
3.538300e-02 -1.918850e-01 2.756103e+00
-1.525280e-01 -1.377680e-01 2.853699e+00
-3.563400e-01 -1.700910e-01 2.649221e+00
1.117130e-01 -9.825700e-02 2.530861e+00
-2.176730e-01 -4.055160e-01 2.559598e+00
2.576250e-01 -3.139890e-01 2.408979e+00
-1.762430e-01 -4.598880e-01 2.537224e+00
2.937450e-01 -3.677350e-01 2.377673e+00
-3.254040e-01 -6.782880e-01 2.762166e+00
-1.053900e-01 -6.710460e-01 2.645952e+00
-2.773000e-01 -1.101834e+00 2.737179e+00
-1.142020e-01 -1.082683e+00 2.759117e+00
-3.022310e-01 -1.094277e+00 2.561096e+00
-1.161920e-01 -1.129825e+00 2.587485e+00
-3.308440e-01 1.337860e-01 2.344009e+00
-3.862780e-01 1.572540e-01 2.710238e+00
-8.091200e-02 1.690840e-01 2.492898e+00
-3.004640e-01 1.436810e-01 2.506554e+00
-1.554360e-01 1.029410e-01 2.708104e+00
-3.465360e-01 -1.250590e-01 2.844343e+00
-8.699000e-03 -1.708890e-01 2.653927e+00
-1.285400e-01 -1.202620e-01 2.829539e+00
-5.139120e-01 -7.892400e-02 2.743231e+00
-6.588300e-02 -1.007550e-01 2.503848e+00
-6.379260e-01 -3.180050e-01 2.641865e+00
-1.728930e-01 -3.676670e-01 2.492841e+00
-6.686320e-01 -3.773820e-01 2.615317e+00
-1.917590e-01 -4.369470e-01 2.497045e+00
-3.278640e-01 -6.535730e-01 2.778338e+00
-1.468700e-01 -6.610420e-01 2.623336e+00
-2.948430e-01 -1.077633e+00 2.740756e+00
-1.224710e-01 -1.070912e+00 2.740557e+00
-3.944740e-01 -1.072327e+00 2.593346e+00
-1.865450e-01 -1.120090e+00 2.581939e+00
-3.458710e-01 2.172310e-01 2.360573e+00
-3.680350e-01 2.112810e-01 2.715546e+00
-8.804800e-02 2.060200e-01 2.466138e+00
-3.064120e-01 2.070050e-01 2.502897e+00
-1.480940e-01 1.290540e-01 2.682270e+00
-3.385930e-01 -7.892400e-02 2.831702e+00
-3.200600e-02 -1.453190e-01 2.599132e+00
-1.246250e-01 -8.460000e-02 2.787545e+00
-6.074640e-01 1.154140e-01 2.816435e+00
-1.818070e-01 -5.413700e-02 2.481055e+00
-8.361920e-01 -1.718000e-02 2.686360e+00
-4.023400e-01 -2.486880e-01 2.499283e+00
-8.915630e-01 -4.981400e-02 2.654073e+00
-4.703460e-01 -2.719920e-01 2.501602e+00
-3.336890e-01 -6.145160e-01 2.787087e+00
-1.677010e-01 -6.395310e-01 2.627194e+00
-2.961740e-01 -1.038993e+00 2.759871e+00
-1.263940e-01 -1.053020e+00 2.725423e+00
-4.169410e-01 -1.041284e+00 2.629127e+00
-2.190370e-01 -1.096849e+00 2.579888e+00
-3.311780e-01 3.140910e-01 2.364522e+00
-3.074150e-01 2.814400e-01 2.728523e+00
-7.808600e-02 2.367660e-01 2.440253e+00
-2.824150e-01 2.832240e-01 2.511853e+00
-1.225890e-01 1.559460e-01 2.658726e+00
-3.172230e-01 -3.763700e-02 2.841226e+00
-7.254300e-02 -1.234710e-01 2.549238e+00
-1.183730e-01 -6.509300e-02 2.754801e+00
-5.562790e-01 3.286150e-01 2.840456e+00
-2.573320e-01 2.665300e-02 2.460530e+00
-8.277410e-01 3.289130e-01 2.725926e+00
-5.363850e-01 -4.666300e-02 2.520219e+00
-8.937830e-01 3.288400e-01 2.697433e+00
-6.061230e-01 -3.744700e-02 2.535219e+00
-3.306880e-01 -5.848000e-01 2.787526e+00
-1.892210e-01 -6.232840e-01 2.631553e+00
-3.000290e-01 -1.010549e+00 2.776276e+00
-1.248790e-01 -1.035470e+00 2.722616e+00
-4.415350e-01 -1.017893e+00 2.668545e+00
-2.495850e-01 -1.081122e+00 2.604090e+00
-3.026590e-01 3.964920e-01 2.389523e+00
-2.010150e-01 2.472730e-01 2.730537e+00
-1.094790e-01 2.414590e-01 2.384089e+00
-2.605330e-01 2.939690e-01 2.537257e+00
-8.531500e-02 1.202100e-01 2.586468e+00
-2.936200e-01 -3.489700e-02 2.852868e+00
-1.952250e-01 -1.191930e-01 2.484486e+00
-1.495990e-01 -6.536900e-02 2.691333e+00
-3.456770e-01 4.393470e-01 2.871403e+00
-3.768710e-01 1.835620e-01 2.437118e+00
-4.592450e-01 6.994240e-01 2.785525e+00
-5.934810e-01 3.720780e-01 2.510972e+00
-4.858920e-01 7.624180e-01 2.763278e+00
-5.999870e-01 4.419070e-01 2.526940e+00
-3.306920e-01 -5.838610e-01 2.802209e+00
-1.978790e-01 -6.246380e-01 2.668233e+00
-2.912560e-01 -1.009028e+00 2.804748e+00
-1.119120e-01 -1.034964e+00 2.749300e+00
-4.636000e-01 -1.025262e+00 2.763300e+00
-2.793700e-01 -1.078337e+00 2.707343e+00
-2.397780e-01 5.046320e-01 2.484550e+00
-1.992380e-01 2.730570e-01 2.742847e+00
-1.272920e-01 2.371590e-01 2.389143e+00
-2.676280e-01 3.062900e-01 2.545865e+00
-9.494800e-02 1.310820e-01 2.598772e+00
-3.030630e-01 -5.887300e-02 2.862815e+00
-2.111890e-01 -9.253500e-02 2.484769e+00
-1.619470e-01 -6.651800e-02 2.696105e+00
-3.483750e-01 4.549140e-01 2.892167e+00
-4.002790e-01 2.022820e-01 2.432414e+00
-4.318100e-01 7.130260e-01 2.772709e+00
-5.782770e-01 4.265340e-01 2.509102e+00
-4.488670e-01 7.772650e-01 2.745219e+00
-5.845560e-01 4.977800e-01 2.516712e+00
-3.282720e-01 -5.968000e-01 2.802494e+00
-2.008310e-01 -6.139590e-01 2.677442e+00
-2.893450e-01 -1.021987e+00 2.807928e+00
-1.069240e-01 -1.025409e+00 2.742398e+00
-4.638320e-01 -1.038360e+00 2.776780e+00
-2.771370e-01 -1.068802e+00 2.713611e+00
-2.397140e-01 5.182910e-01 2.481870e+00
-1.991540e-01 2.599430e-01 2.754054e+00
-1.388560e-01 2.549270e-01 2.395958e+00
-2.721200e-01 3.134140e-01 2.562857e+00
-1.038770e-01 1.288760e-01 2.593771e+00
-3.017430e-01 -6.417200e-02 2.849380e+00
-2.229080e-01 -7.376200e-02 2.467037e+00
-1.662670e-01 -6.377200e-02 2.677884e+00
-3.474500e-01 4.389580e-01 2.907271e+00
-4.100020e-01 1.988350e-01 2.425059e+00
-4.093670e-01 6.969190e-01 2.775491e+00
-5.494010e-01 4.510480e-01 2.493613e+00
-4.258450e-01 7.551400e-01 2.736607e+00
-5.438780e-01 5.217280e-01 2.505749e+00
-3.369900e-01 -5.924740e-01 2.801473e+00
-2.153850e-01 -6.013090e-01 2.670182e+00
-2.861640e-01 -1.016375e+00 2.808836e+00
-1.137520e-01 -1.009279e+00 2.744748e+00
-4.620910e-01 -1.037757e+00 2.792212e+00
-2.865460e-01 -1.051968e+00 2.746707e+00
-2.177130e-01 5.225210e-01 2.480034e+00
-1.966900e-01 2.550840e-01 2.752427e+00
-1.440090e-01 2.506280e-01 2.391957e+00
-2.749080e-01 3.063690e-01 2.561644e+00
-1.017440e-01 1.258940e-01 2.589181e+00
-3.088010e-01 -6.794000e-02 2.846435e+00
-2.349600e-01 -6.873500e-02 2.462977e+00
-1.756440e-01 -6.227500e-02 2.673226e+00
-3.532360e-01 4.233520e-01 2.909286e+00
-4.150980e-01 1.950880e-01 2.421146e+00
-4.337590e-01 6.743190e-01 2.774468e+00
-5.410240e-01 4.532040e-01 2.492998e+00
-4.537540e-01 7.353870e-01 2.742153e+00
-5.371050e-01 5.208460e-01 2.517136e+00
-3.477300e-01 -5.935790e-01 2.789217e+00
-2.265760e-01 -5.997040e-01 2.659563e+00
-2.863660e-01 -1.015589e+00 2.810919e+00
-1.125270e-01 -1.002176e+00 2.745227e+00
-4.617080e-01 -1.041894e+00 2.795203e+00
-2.840100e-01 -1.049563e+00 2.750896e+00
-2.113220e-01 5.244900e-01 2.483154e+00
-1.741190e-01 2.364040e-01 2.764625e+00
-1.538170e-01 2.535090e-01 2.400287e+00
-2.643600e-01 3.067560e-01 2.584624e+00
-1.045800e-01 1.123710e-01 2.584401e+00
-2.686240e-01 -8.702400e-02 2.845218e+00
-2.376690e-01 -7.840500e-02 2.456039e+00
-1.561430e-01 -6.977000e-02 2.658631e+00
-3.540530e-01 4.002040e-01 2.899311e+00
-4.232380e-01 1.875480e-01 2.420498e+00
-4.680080e-01 6.345700e-01 2.759161e+00
-5.424820e-01 4.484650e-01 2.493012e+00
-4.957890e-01 6.666280e-01 2.701077e+00
-5.368020e-01 5.198110e-01 2.500144e+00
-3.421690e-01 -6.006300e-01 2.783350e+00
-2.263960e-01 -6.093170e-01 2.656478e+00
-2.950780e-01 -1.024899e+00 2.793690e+00
-1.057930e-01 -1.008830e+00 2.746885e+00
-4.719130e-01 -1.044385e+00 2.799492e+00
-2.759910e-01 -1.054542e+00 2.771927e+00
-2.194120e-01 5.077380e-01 2.487257e+00
-1.746810e-01 2.407770e-01 2.776027e+00
-1.570310e-01 2.481050e-01 2.408956e+00
-2.651750e-01 3.079090e-01 2.592704e+00
-1.085160e-01 1.110330e-01 2.596306e+00
-2.457170e-01 -8.154500e-02 2.850013e+00
-2.530000e-01 -8.747500e-02 2.459623e+00
-1.516940e-01 -7.456300e-02 2.652845e+00
-3.715920e-01 3.896240e-01 2.903880e+00
-4.269710e-01 1.824130e-01 2.418565e+00
-4.921980e-01 6.050400e-01 2.741016e+00
-5.595220e-01 4.333550e-01 2.501831e+00
-5.050700e-01 6.744370e-01 2.727172e+00
-5.852120e-01 4.968890e-01 2.523665e+00
-3.508150e-01 -5.975140e-01 2.775037e+00
-2.131340e-01 -6.149140e-01 2.660359e+00
-2.932910e-01 -1.019987e+00 2.798207e+00
-1.066160e-01 -1.019290e+00 2.746748e+00
-4.693040e-01 -1.043255e+00 2.810937e+00
-2.768250e-01 -1.056294e+00 2.783406e+00
-2.227420e-01 5.040620e-01 2.489890e+00
-1.753330e-01 2.447160e-01 2.778080e+00
-1.517120e-01 2.528820e-01 2.409934e+00
-2.625750e-01 3.126180e-01 2.592077e+00
-1.066520e-01 1.152050e-01 2.597703e+00
-2.547670e-01 -8.438300e-02 2.847501e+00
-2.436490e-01 -9.354400e-02 2.457263e+00
-1.520840e-01 -7.474000e-02 2.654815e+00
-3.907650e-01 3.734870e-01 2.897322e+00
-4.144100e-01 1.623290e-01 2.408826e+00
-5.244660e-01 5.892310e-01 2.745730e+00
-5.813090e-01 3.904060e-01 2.495584e+00
-5.432830e-01 6.522320e-01 2.716574e+00
-5.956010e-01 4.597830e-01 2.508072e+00
-3.550780e-01 -5.982550e-01 2.774755e+00
-2.108990e-01 -6.191250e-01 2.658565e+00
-2.885760e-01 -1.019776e+00 2.789828e+00
-1.121290e-01 -1.026497e+00 2.739936e+00
-4.642370e-01 -1.047176e+00 2.798580e+00
-2.847120e-01 -1.063862e+00 2.762363e+00
-2.192250e-01 5.078480e-01 2.490548e+00
-1.709780e-01 2.438460e-01 2.792645e+00
-1.460320e-01 2.528880e-01 2.424452e+00
-2.646820e-01 2.994050e-01 2.605542e+00
-8.553800e-02 1.228780e-01 2.613344e+00
-2.608810e-01 -6.314100e-02 2.848884e+00
-2.386730e-01 -7.543900e-02 2.459207e+00
-1.518430e-01 -6.474700e-02 2.659483e+00
-4.207540e-01 3.160050e-01 2.887702e+00
-3.759140e-01 1.018150e-01 2.393435e+00
-5.967370e-01 4.963620e-01 2.735238e+00
-6.162430e-01 2.500960e-01 2.477093e+00
-6.382060e-01 5.405950e-01 2.696545e+00
-6.508470e-01 3.093800e-01 2.498572e+00
-3.573360e-01 -5.853630e-01 2.764794e+00
-2.016010e-01 -6.040010e-01 2.648931e+00
-2.805750e-01 -1.004685e+00 2.789396e+00
-1.141320e-01 -1.010285e+00 2.746972e+00
-4.556510e-01 -1.036796e+00 2.788347e+00
-2.882650e-01 -1.044350e+00 2.761160e+00
-2.195900e-01 5.050260e-01 2.493948e+00
-2.985240e-01 2.626020e-01 2.739878e+00
-7.166800e-02 2.616430e-01 2.441281e+00
-2.730890e-01 3.027390e-01 2.523598e+00
-1.176610e-01 1.443310e-01 2.642191e+00
-3.674910e-01 -6.852500e-02 2.775589e+00
-1.264690e-01 -6.322700e-02 2.468387e+00
-1.697400e-01 -6.887900e-02 2.682537e+00
-4.754640e-01 2.043090e-01 2.944631e+00
-2.959370e-01 1.036690e-01 2.404172e+00
-6.385680e-01 3.537090e-01 2.750159e+00
-5.871000e-01 9.211600e-02 2.446987e+00
-6.763330e-01 3.827690e-01 2.696282e+00
-6.420340e-01 1.251880e-01 2.479572e+00
-3.385200e-01 -5.945850e-01 2.766462e+00
-1.894440e-01 -5.970750e-01 2.646564e+00
-2.839190e-01 -1.017896e+00 2.778943e+00
-1.163520e-01 -1.005848e+00 2.746016e+00
-4.348180e-01 -1.040065e+00 2.687171e+00
-2.681660e-01 -1.052543e+00 2.665667e+00
-1.979340e-01 5.384630e-01 2.491435e+00
-3.895940e-01 3.275640e-01 2.700131e+00
-5.024300e-02 3.065360e-01 2.541944e+00
-2.677170e-01 3.388720e-01 2.515596e+00
-1.815310e-01 2.150060e-01 2.716952e+00
-3.944830e-01 -7.675000e-03 2.716598e+00
-3.742800e-02 -2.496600e-02 2.559416e+00
-1.773650e-01 -3.029400e-02 2.727207e+00
-4.387100e-01 5.400700e-02 2.692659e+00
-2.271350e-01 1.137780e-01 2.447846e+00
-6.947790e-01 2.020370e-01 2.697037e+00
-4.837920e-01 -3.269000e-02 2.434517e+00
-7.531930e-01 2.337710e-01 2.724498e+00
-5.469420e-01 -6.708400e-02 2.432964e+00
-3.260220e-01 -5.486430e-01 2.713598e+00
-1.228440e-01 -5.535050e-01 2.671773e+00
-2.928410e-01 -9.718480e-01 2.759701e+00
-1.097660e-01 -9.752320e-01 2.737384e+00
-3.698760e-01 -9.951830e-01 2.600940e+00
-1.815470e-01 -1.002443e+00 2.576788e+00
-2.165190e-01 5.923760e-01 2.531267e+00
-4.006110e-01 3.289860e-01 2.669687e+00
-3.002900e-02 3.221940e-01 2.612697e+00
-2.312290e-01 3.684860e-01 2.532630e+00
-2.049270e-01 2.060800e-01 2.723019e+00
-3.852400e-01 3.005300e-02 2.639963e+00
-8.770000e-04 -9.230000e-03 2.583266e+00
-1.787210e-01 1.049900e-02 2.708752e+00
-4.412800e-01 5.204300e-02 2.664217e+00
6.018700e-02 5.978200e-02 2.575511e+00
-4.470050e-01 -2.268340e-01 2.559713e+00
1.135850e-01 -2.286390e-01 2.523666e+00
-4.538460e-01 -2.983140e-01 2.555566e+00
1.093550e-01 -3.004350e-01 2.522818e+00
-3.076530e-01 -5.173150e-01 2.677249e+00
-1.020230e-01 -5.310120e-01 2.670209e+00
-2.967290e-01 -9.332940e-01 2.773015e+00
-1.027650e-01 -9.528120e-01 2.736642e+00
-3.278950e-01 -9.733890e-01 2.602413e+00
-1.297060e-01 -9.801400e-01 2.562827e+00
-2.165310e-01 5.902530e-01 2.541856e+00
-4.031950e-01 3.262320e-01 2.655797e+00
-2.880000e-02 3.228820e-01 2.634770e+00
-2.216490e-01 3.711610e-01 2.537233e+00
-2.126950e-01 2.023000e-01 2.723569e+00
-3.834560e-01 -2.619100e-02 2.621292e+00
6.672000e-03 -2.722500e-02 2.604216e+00
-1.841100e-01 -3.022200e-02 2.710788e+00
-4.626270e-01 4.990700e-02 2.641477e+00
8.449800e-02 6.417600e-02 2.616688e+00
-4.795100e-01 -2.150460e-01 2.499428e+00
1.491510e-01 -2.207350e-01 2.543825e+00
-4.743000e-01 -2.777810e-01 2.464635e+00
1.474720e-01 -2.925840e-01 2.546696e+00
-2.937030e-01 -5.577390e-01 2.702697e+00
-9.298400e-02 -5.589890e-01 2.695107e+00
-2.866610e-01 -9.789550e-01 2.772393e+00
-9.264900e-02 -9.822620e-01 2.751400e+00
-2.957830e-01 -1.008122e+00 2.597036e+00
-1.002310e-01 -1.005713e+00 2.575115e+00
-2.244090e-01 5.952670e-01 2.557922e+00
-4.027780e-01 3.233220e-01 2.650750e+00
-2.787600e-02 3.249250e-01 2.642341e+00
-2.179440e-01 3.722840e-01 2.539063e+00
-2.130830e-01 2.007460e-01 2.723091e+00
-3.786410e-01 -3.131000e-02 2.619155e+00
1.157900e-02 -2.517900e-02 2.605585e+00
-1.800420e-01 -3.341100e-02 2.710362e+00
-4.642780e-01 4.666200e-02 2.625975e+00
8.328400e-02 6.305300e-02 2.640541e+00
-4.946960e-01 -2.121590e-01 2.472010e+00
1.569120e-01 -2.165300e-01 2.550926e+00
-4.667060e-01 -2.627040e-01 2.429173e+00
1.574920e-01 -2.884120e-01 2.548489e+00
-2.876600e-01 -5.602450e-01 2.702330e+00
-8.341700e-02 -5.578140e-01 2.700713e+00
-2.860490e-01 -9.807100e-01 2.776731e+00
-9.083000e-02 -9.821310e-01 2.747932e+00
-2.926850e-01 -1.011729e+00 2.601580e+00
-9.575800e-02 -1.001725e+00 2.571083e+00
-2.174110e-01 5.974310e-01 2.575790e+00
-3.976430e-01 3.113100e-01 2.635909e+00
-2.540200e-02 3.273650e-01 2.678381e+00
-2.022810e-01 3.764940e-01 2.554546e+00
-2.134620e-01 1.899610e-01 2.723057e+00
-3.585480e-01 -3.246800e-02 2.579328e+00
2.882000e-02 -2.480300e-02 2.628111e+00
-1.770920e-01 -3.059000e-02 2.701126e+00
-4.594510e-01 3.650000e-02 2.581445e+00
7.330900e-02 5.807200e-02 2.671703e+00
-4.958780e-01 -2.133040e-01 2.409862e+00
1.364180e-01 -2.288240e-01 2.588769e+00
-4.870730e-01 -2.828830e-01 2.425820e+00
1.285830e-01 -2.956390e-01 2.563320e+00
-2.736080e-01 -5.576970e-01 2.698434e+00
-7.325200e-02 -5.551510e-01 2.720625e+00
-2.799010e-01 -9.771320e-01 2.778210e+00
-9.150500e-02 -9.802010e-01 2.757078e+00
-2.577990e-01 -1.010453e+00 2.604759e+00
-6.716000e-02 -9.963050e-01 2.581488e+00
-2.134070e-01 5.922800e-01 2.575395e+00
-3.923080e-01 3.149880e-01 2.627150e+00
-2.259800e-02 3.257390e-01 2.688987e+00
-1.923400e-01 3.796630e-01 2.557401e+00
-2.141500e-01 1.895930e-01 2.720842e+00
-3.471010e-01 -3.250600e-02 2.561551e+00
3.642500e-02 -2.335700e-02 2.634467e+00
-1.736540e-01 -2.890300e-02 2.694471e+00
-4.502200e-01 3.700100e-02 2.576128e+00
6.622700e-02 5.128000e-02 2.693059e+00
-4.750150e-01 -2.194570e-01 2.409292e+00
9.628200e-02 -2.430070e-01 2.611135e+00
-4.483090e-01 -2.677870e-01 2.363201e+00
8.020400e-02 -3.041010e-01 2.576751e+00
-2.657740e-01 -5.559410e-01 2.693933e+00
-6.823100e-02 -5.543110e-01 2.719953e+00
-2.816500e-01 -9.749930e-01 2.774386e+00
-8.802300e-02 -9.794830e-01 2.754101e+00
-2.481800e-01 -1.009177e+00 2.602936e+00
-5.254700e-02 -9.950880e-01 2.580372e+00
-2.164710e-01 5.980700e-01 2.590255e+00
-3.869090e-01 3.121880e-01 2.632144e+00
-1.784500e-02 3.233440e-01 2.697657e+00
-1.869490e-01 3.816240e-01 2.567110e+00
-2.084290e-01 1.842730e-01 2.721727e+00
-3.437660e-01 -3.092300e-02 2.554730e+00
3.920700e-02 -2.849400e-02 2.631009e+00
-1.714420e-01 -3.179500e-02 2.689149e+00
-4.345620e-01 3.269100e-02 2.577982e+00
7.594300e-02 5.038100e-02 2.701879e+00
-4.381920e-01 -2.314890e-01 2.421408e+00
7.222800e-02 -2.473610e-01 2.626677e+00
-4.299980e-01 -2.976730e-01 2.394466e+00
3.383500e-02 -3.073070e-01 2.616395e+00
-2.625610e-01 -5.555050e-01 2.691952e+00
-6.373600e-02 -5.550950e-01 2.723520e+00
-2.779470e-01 -9.742990e-01 2.773830e+00
-8.766500e-02 -9.803890e-01 2.753205e+00
-2.436820e-01 -1.009026e+00 2.602646e+00
-5.031800e-02 -9.945980e-01 2.579748e+00
-2.152820e-01 5.898470e-01 2.593848e+00
