-3.549170e-01 3.432040e-01 2.552604e+00
-1.899290e-01 3.377220e-01 2.570069e+00
-2.494100e-02 3.322400e-01 2.587535e+00
-1.013960e-01 3.593750e-01 2.529414e+00
-1.778510e-01 3.865100e-01 2.471294e+00
-1.902780e-01 2.925710e-01 2.559200e+00
-2.027050e-01 1.986320e-01 2.647106e+00
-2.848335e-01 8.038850e-02 2.578214e+00
-3.669620e-01 -3.785500e-02 2.509323e+00
-2.049805e-01 -2.670200e-02 2.527209e+00
-4.299900e-02 -1.554900e-02 2.545095e+00
-1.303790e-01 -1.665250e-02 2.591227e+00
-2.177590e-01 -1.775600e-02 2.637358e+00
-3.275700e-01 2.439250e-02 2.588919e+00
-4.373810e-01 6.654100e-02 2.540480e+00
-2.150545e-01 5.581850e-02 2.563850e+00
7.272000e-03 4.509600e-02 2.587220e+00
-2.268020e-01 -7.502900e-02 2.493187e+00
-4.608760e-01 -1.951540e-01 2.399154e+00
-2.206710e-01 -2.231445e-01 2.476559e+00
1.953400e-02 -2.511350e-01 2.553964e+00
-2.226640e-01 -2.487605e-01 2.458602e+00
-4.648620e-01 -2.463860e-01 2.363240e+00
-2.221690e-01 -2.800115e-01 2.456203e+00
2.052400e-02 -3.136370e-01 2.549166e+00
-1.347640e-01 -4.424225e-01 2.582540e+00
-2.900520e-01 -5.712080e-01 2.615914e+00
-1.810185e-01 -5.675065e-01 2.606146e+00
-7.198500e-02 -5.638050e-01 2.596377e+00
-1.994905e-01 -7.851830e-01 2.639565e+00
-3.269960e-01 -1.006561e+00 2.682752e+00
-2.007495e-01 -1.002053e+00 2.682072e+00
-7.450300e-02 -9.975450e-01 2.681391e+00
-1.913775e-01 -1.014074e+00 2.608956e+00
-3.082520e-01 -1.030602e+00 2.536521e+00
-1.806130e-01 -1.028349e+00 2.536440e+00
-5.297400e-02 -1.026096e+00 2.536359e+00
-1.100790e-01 -1.929900e-01 2.500414e+00
-1.671840e-01 6.401160e-01 2.464468e+00
-2.568245e-01 4.943775e-01 2.503666e+00
-3.464650e-01 3.486390e-01 2.542864e+00
-1.827260e-01 3.370080e-01 2.567569e+00
-1.898700e-02 3.253770e-01 2.592273e+00
-9.174200e-02 3.548425e-01 2.530644e+00
-1.644970e-01 3.843080e-01 2.469014e+00
-1.843535e-01 2.917965e-01 2.557069e+00
-2.042100e-01 1.992850e-01 2.645124e+00
-2.788360e-01 8.187600e-02 2.577490e+00
-3.534620e-01 -3.553300e-02 2.509856e+00
-1.922170e-01 -2.771050e-02 2.534777e+00
-3.097200e-02 -1.988800e-02 2.559697e+00
-1.202600e-01 -1.973000e-02 2.602031e+00
-2.095480e-01 -1.957200e-02 2.644365e+00
-3.184640e-01 2.539650e-02 2.584364e+00
-4.273800e-01 7.036500e-02 2.524362e+00
-2.008925e-01 5.443150e-02 2.561427e+00
2.559500e-02 3.849800e-02 2.598493e+00
-2.126715e-01 -7.481900e-02 2.486388e+00
-4.509380e-01 -1.881360e-01 2.374284e+00
-1.958870e-01 -2.228400e-01 2.469555e+00
5.916400e-02 -2.575440e-01 2.564826e+00
-1.958895e-01 -2.539320e-01 2.465567e+00
-4.509430e-01 -2.503200e-01 2.366308e+00
-1.956730e-01 -2.852725e-01 2.464978e+00
5.959700e-02 -3.202250e-01 2.563648e+00
-1.171430e-01 -4.457910e-01 2.588175e+00
-2.938830e-01 -5.713570e-01 2.612701e+00
-1.855795e-01 -5.702145e-01 2.604946e+00
-7.727600e-02 -5.690720e-01 2.597190e+00
-2.035040e-01 -7.880255e-01 2.637780e+00
-3.297320e-01 -1.006979e+00 2.678369e+00
-2.019285e-01 -1.004871e+00 2.680402e+00
-7.412500e-02 -1.002763e+00 2.682434e+00
-1.898690e-01 -1.016827e+00 2.607671e+00
-3.056130e-01 -1.030892e+00 2.532907e+00
-1.769835e-01 -1.030926e+00 2.535467e+00
-4.835400e-02 -1.030960e+00 2.538026e+00
-1.013555e-01 -1.946305e-01 2.501812e+00
-1.543570e-01 6.416990e-01 2.465599e+00
-2.493635e-01 4.951665e-01 2.501911e+00
-3.443700e-01 3.486340e-01 2.538223e+00
-1.807935e-01 3.356585e-01 2.563330e+00
-1.721700e-02 3.226830e-01 2.588436e+00
-8.958100e-02 3.519675e-01 2.526263e+00
-1.619450e-01 3.812520e-01 2.464089e+00
-1.828850e-01 2.903115e-01 2.553519e+00
-2.038250e-01 1.993710e-01 2.642949e+00
-2.752745e-01 8.174450e-02 2.578127e+00
-3.467240e-01 -3.588200e-02 2.513305e+00
-1.855195e-01 -2.759800e-02 2.538339e+00
-2.431500e-02 -1.931400e-02 2.563372e+00
-1.136755e-01 -1.828350e-02 2.605542e+00
-2.030360e-01 -1.725300e-02 2.647711e+00
-3.120370e-01 2.608250e-02 2.576656e+00
-4.210380e-01 6.941800e-02 2.505600e+00
-1.896405e-01 5.341900e-02 2.550578e+00
4.175700e-02 3.742000e-02 2.595555e+00
-1.981655e-01 -7.982300e-02 2.481273e+00
-4.380880e-01 -1.970660e-01 2.366992e+00
-1.590730e-01 -2.230625e-01 2.457121e+00
1.199420e-01 -2.490590e-01 2.547251e+00
-1.515285e-01 -2.521780e-01 2.448290e+00
-4.229990e-01 -2.552970e-01 2.349330e+00
-1.487950e-01 -2.832405e-01 2.445086e+00
1.254090e-01 -3.111840e-01 2.540841e+00
-8.315250e-02 -4.415270e-01 2.576789e+00
-2.917140e-01 -5.718700e-01 2.612737e+00
-1.838765e-01 -5.702400e-01 2.609684e+00
-7.603900e-02 -5.686100e-01 2.606630e+00
-2.002535e-01 -7.879155e-01 2.644184e+00
-3.244680e-01 -1.007221e+00 2.681738e+00
-1.994370e-01 -1.005505e+00 2.682852e+00
-7.440600e-02 -1.003789e+00 2.683966e+00
-1.874220e-01 -1.017925e+00 2.610191e+00
-3.004380e-01 -1.032061e+00 2.536416e+00
-1.748110e-01 -1.030760e+00 2.537704e+00
-4.918400e-02 -1.029458e+00 2.538991e+00
-9.789000e-02 -1.937875e-01 2.502453e+00
-1.465960e-01 6.418830e-01 2.465915e+00
-2.406795e-01 4.958255e-01 2.495591e+00
-3.347630e-01 3.497680e-01 2.525267e+00
-9.662000e-03 3.220630e-01 2.586631e+00
-1.497500e-01 3.771790e-01 2.455572e+00
-1.994330e-01 2.032860e-01 2.640284e+00
-3.369680e-01 -3.495700e-02 2.511965e+00
-1.593200e-02 -2.361000e-02 2.571431e+00
-1.970050e-01 -1.719600e-02 2.650360e+00
-3.979050e-01 6.706500e-02 2.483448e+00
7.881000e-02 4.308400e-02 2.587683e+00
-4.145930e-01 -2.093240e-01 2.362405e+00
1.984960e-01 -2.237180e-01 2.511448e+00
-3.950240e-01 -2.667560e-01 2.346625e+00
2.108010e-01 -2.850190e-01 2.516068e+00
-2.891760e-01 -5.729020e-01 2.608938e+00
-6.910600e-02 -5.712760e-01 2.613990e+00
-3.272890e-01 -1.007155e+00 2.681986e+00
-7.434000e-02 -1.007491e+00 2.685077e+00
-2.997930e-01 -1.033854e+00 2.537611e+00
-4.487800e-02 -1.031389e+00 2.540600e+00
-1.383510e-01 6.413330e-01 2.464187e+00
-3.252920e-01 3.500780e-01 2.518614e+00
-1.847000e-03 3.200330e-01 2.587202e+00
-1.385860e-01 3.751310e-01 2.452646e+00
-1.938130e-01 2.035080e-01 2.637905e+00
-3.282480e-01 -3.121800e-02 2.511072e+00
-8.405000e-03 -2.882000e-02 2.577585e+00
-1.909110e-01 -1.680400e-02 2.652456e+00
-3.798230e-01 6.755000e-02 2.462811e+00
1.040410e-01 4.689500e-02 2.577537e+00
-3.957680e-01 -2.071010e-01 2.336705e+00
2.568040e-01 -1.965710e-01 2.482788e+00
-3.704920e-01 -2.644120e-01 2.339355e+00
2.675360e-01 -2.580910e-01 2.477256e+00
-2.844610e-01 -5.716840e-01 2.609323e+00
-6.815200e-02 -5.742550e-01 2.618329e+00
-3.292760e-01 -1.006490e+00 2.674891e+00
-7.337400e-02 -1.011371e+00 2.683652e+00
-2.991010e-01 -1.031341e+00 2.530721e+00
-4.150400e-02 -1.033312e+00 2.539375e+00
-1.295030e-01 6.412240e-01 2.456597e+00
-3.193880e-01 3.502300e-01 2.506021e+00
3.230000e-03 3.299280e-01 2.581715e+00
-1.320080e-01 3.767640e-01 2.442590e+00
-1.871860e-01 2.113060e-01 2.633389e+00
-3.183400e-01 -2.633500e-02 2.512755e+00
8.140000e-04 -2.830200e-02 2.582509e+00
-1.822590e-01 -1.373100e-02 2.655518e+00
-3.683510e-01 7.339500e-02 2.426214e+00
1.266940e-01 6.537200e-02 2.568663e+00
-3.611790e-01 -1.985130e-01 2.295580e+00
3.039470e-01 -1.537260e-01 2.460828e+00
-3.450500e-01 -2.583430e-01 2.286056e+00
3.342890e-01 -2.015480e-01 2.433942e+00
-2.824300e-01 -5.682390e-01 2.605605e+00
-6.799600e-02 -5.729630e-01 2.622271e+00
-3.247090e-01 -1.002247e+00 2.677807e+00
-7.140200e-02 -1.011033e+00 2.680981e+00
-2.938300e-01 -1.029153e+00 2.534157e+00
-3.893800e-02 -1.030649e+00 2.536502e+00
-1.248830e-01 6.438310e-01 2.449863e+00
-3.032960e-01 3.501330e-01 2.478659e+00
9.652000e-03 3.443350e-01 2.589354e+00
-1.111790e-01 3.822220e-01 2.435071e+00
-1.809190e-01 2.198320e-01 2.623729e+00
-2.950210e-01 -2.267500e-02 2.476326e+00
6.666000e-03 -2.043600e-02 2.601661e+00
-1.865820e-01 -6.970000e-03 2.640804e+00
-3.306730e-01 7.834500e-02 2.380316e+00
1.481470e-01 9.263100e-02 2.547478e+00
-2.427430e-01 -1.571070e-01 2.216937e+00
3.543930e-01 -6.781500e-02 2.400570e+00
-2.031180e-01 -1.928500e-01 2.184032e+00
3.976490e-01 -1.091060e-01 2.381742e+00
-2.810860e-01 -5.570930e-01 2.609885e+00
-6.492400e-02 -5.660800e-01 2.629573e+00
-3.240910e-01 -9.925750e-01 2.672094e+00
-7.380700e-02 -1.005031e+00 2.680631e+00
-2.670540e-01 -1.017602e+00 2.536324e+00
-1.610600e-02 -1.022102e+00 2.543913e+00
-1.162200e-01 6.453830e-01 2.437431e+00
-2.946120e-01 3.497980e-01 2.458229e+00
1.015300e-02 3.496360e-01 2.589920e+00
-1.000790e-01 3.813160e-01 2.426567e+00
-1.819510e-01 2.254430e-01 2.615846e+00
-2.934340e-01 -1.417900e-02 2.488727e+00
1.123000e-03 -2.005500e-02 2.629903e+00
-1.941720e-01 -1.412300e-02 2.659622e+00
-2.939170e-01 8.597800e-02 2.340591e+00
1.556890e-01 1.101490e-01 2.519883e+00
-1.448420e-01 -1.190350e-01 2.183419e+00
3.648600e-01 -2.730400e-02 2.357676e+00
-9.737700e-02 -1.413000e-01 2.149041e+00
4.168400e-01 -5.575500e-02 2.337205e+00
-2.795450e-01 -5.529280e-01 2.609500e+00
-6.491700e-02 -5.647770e-01 2.638392e+00
-3.257610e-01 -9.880470e-01 2.671946e+00
-7.441800e-02 -1.004214e+00 2.684970e+00
-2.624870e-01 -1.013831e+00 2.539113e+00
-9.586000e-03 -1.019783e+00 2.551301e+00
-1.151430e-01 6.450910e-01 2.419282e+00
-2.829700e-01 3.449130e-01 2.442296e+00
1.815400e-02 3.518870e-01 2.581939e+00
-8.724500e-02 3.714820e-01 2.413577e+00
-1.762760e-01 2.324600e-01 2.612504e+00
-2.959280e-01 -1.844200e-02 2.482815e+00
1.020000e-03 -1.551400e-02 2.618984e+00
-1.938000e-01 -1.056700e-02 2.651830e+00
-2.416700e-01 9.192100e-02 2.313106e+00
1.630000e-01 1.207650e-01 2.492477e+00
-4.505500e-02 -7.411000e-02 2.166050e+00
3.680380e-01 -1.268000e-03 2.316648e+00
6.887000e-03 -8.871300e-02 2.134124e+00
4.114120e-01 -4.094800e-02 2.294861e+00
-2.782190e-01 -5.533460e-01 2.614420e+00
-5.911400e-02 -5.611830e-01 2.642504e+00
-3.237890e-01 -9.892410e-01 2.671717e+00
-7.035600e-02 -9.999400e-01 2.694754e+00
-2.616280e-01 -1.013311e+00 2.538040e+00
-7.247000e-03 -1.017543e+00 2.560514e+00
-1.124670e-01 6.401150e-01 2.383075e+00
-2.663100e-01 3.319550e-01 2.405643e+00
2.406300e-02 3.436770e-01 2.566174e+00
-6.778400e-02 3.441110e-01 2.388966e+00
-1.790210e-01 2.399570e-01 2.597781e+00
-2.901320e-01 -3.817100e-02 2.456547e+00
-2.908000e-03 -2.795000e-03 2.608139e+00
-1.994040e-01 -5.705000e-03 2.629095e+00
-1.678290e-01 8.936300e-02 2.293857e+00
1.646930e-01 1.233060e-01 2.453457e+00
7.887100e-02 -2.401000e-02 2.181208e+00
3.571690e-01 1.825300e-02 2.257699e+00
1.298270e-01 -3.238100e-02 2.145658e+00
3.946270e-01 -3.675000e-03 2.212461e+00
-2.767630e-01 -5.586970e-01 2.617828e+00
-5.990000e-02 -5.521280e-01 2.665265e+00
-3.283140e-01 -9.941210e-01 2.673619e+00
-7.393400e-02 -9.932910e-01 2.688553e+00
-2.550010e-01 -1.019165e+00 2.545905e+00
-1.078000e-03 -1.002475e+00 2.558474e+00
-1.198760e-01 6.267950e-01 2.370296e+00
-2.621870e-01 3.200600e-01 2.384543e+00
2.293000e-02 3.374810e-01 2.553744e+00
-6.343700e-02 3.349670e-01 2.373819e+00
-1.795190e-01 2.310920e-01 2.580121e+00
-2.845080e-01 -4.407800e-02 2.456167e+00
-4.609000e-03 -9.699000e-03 2.621102e+00
-2.018740e-01 -1.228100e-02 2.632856e+00
-1.240330e-01 8.879300e-02 2.289029e+00
1.636170e-01 1.239450e-01 2.426060e+00
1.413810e-01 -3.300000e-03 2.198647e+00
3.523090e-01 7.167000e-03 2.231500e+00
1.909730e-01 -1.377800e-02 2.161751e+00
3.998050e-01 -1.256100e-02 2.195648e+00
-2.799780e-01 -5.641710e-01 2.620075e+00
-6.016300e-02 -5.579680e-01 2.678772e+00
-3.303460e-01 -1.000588e+00 2.668730e+00
-7.412300e-02 -9.997360e-01 2.675640e+00
-2.509010e-01 -1.023624e+00 2.544349e+00
6.127000e-03 -1.001379e+00 2.549663e+00
-1.219010e-01 6.165920e-01 2.337914e+00
-2.603080e-01 3.144320e-01 2.361718e+00
2.239000e-02 3.369260e-01 2.534343e+00
-6.176600e-02 3.331440e-01 2.353395e+00
-1.782920e-01 2.266450e-01 2.558102e+00
-2.849550e-01 -4.540900e-02 2.458518e+00
-5.887000e-03 -9.859000e-03 2.624609e+00
-2.032520e-01 -9.552000e-03 2.634862e+00
-1.079380e-01 9.102800e-02 2.289814e+00
1.568540e-01 1.214340e-01 2.416960e+00
1.557330e-01 -6.321000e-03 2.222933e+00
3.263240e-01 -4.670000e-04 2.217227e+00
2.088330e-01 -8.896000e-03 2.189703e+00
3.584580e-01 -2.773500e-02 2.170813e+00
-2.776440e-01 -5.668720e-01 2.619167e+00
-6.054600e-02 -5.577590e-01 2.685057e+00
-3.310640e-01 -1.002079e+00 2.674893e+00
-7.930500e-02 -9.992800e-01 2.676630e+00
-2.516630e-01 -1.027691e+00 2.550989e+00
2.480000e-03 -1.000370e+00 2.551638e+00
-1.327020e-01 6.096200e-01 2.318092e+00
-2.592290e-01 2.938260e-01 2.340842e+00
1.844000e-02 3.437540e-01 2.515859e+00
-6.162300e-02 3.211990e-01 2.334421e+00
-1.774260e-01 2.263830e-01 2.545193e+00
-2.805960e-01 -5.559200e-02 2.453488e+00
-8.359000e-03 -1.005000e-02 2.628250e+00
-2.059760e-01 -9.946000e-03 2.630707e+00
-1.028530e-01 7.392600e-02 2.289790e+00
1.460920e-01 1.255180e-01 2.408651e+00
1.640230e-01 -9.568000e-03 2.242800e+00
2.768690e-01 -8.714000e-03 2.195856e+00
2.219800e-01 -2.427300e-02 2.223952e+00
3.346730e-01 -3.100400e-02 2.205468e+00
-2.790320e-01 -5.719830e-01 2.624249e+00
-6.203900e-02 -5.594910e-01 2.691260e+00
-3.328470e-01 -1.008230e+00 2.670683e+00
-8.066700e-02 -1.001066e+00 2.685961e+00
-2.476970e-01 -1.031559e+00 2.550192e+00
5.650000e-03 -1.003245e+00 2.564069e+00
-1.387320e-01 5.941350e-01 2.291186e+00
-2.650370e-01 2.834570e-01 2.330483e+00
5.271000e-03 3.497800e-01 2.511476e+00
-6.651700e-02 3.041520e-01 2.330912e+00
-1.957900e-01 2.431930e-01 2.546315e+00
-2.781230e-01 -5.790800e-02 2.450205e+00
-1.405500e-02 -1.437000e-03 2.634075e+00
-2.115850e-01 -2.367000e-03 2.627818e+00
-1.153740e-01 5.976100e-02 2.290718e+00
1.301190e-01 1.315500e-01 2.407512e+00
1.482390e-01 -2.566400e-02 2.244627e+00
2.609680e-01 -1.984300e-02 2.210351e+00
2.097790e-01 -2.332200e-02 2.232887e+00
3.211920e-01 -3.723600e-02 2.211353e+00
-2.797710e-01 -5.701230e-01 2.626840e+00
-6.371400e-02 -5.535790e-01 2.691993e+00
-3.315160e-01 -1.006342e+00 2.675821e+00
-7.989400e-02 -9.952730e-01 2.689195e+00
-2.411160e-01 -1.030147e+00 2.559314e+00
9.862000e-03 -9.978050e-01 2.569820e+00
-1.608600e-01 5.747120e-01 2.265026e+00
-2.775760e-01 2.676180e-01 2.322670e+00
-1.083000e-03 3.393660e-01 2.491868e+00
-8.048300e-02 2.977780e-01 2.313529e+00
-1.948550e-01 2.219200e-01 2.532596e+00
-2.908940e-01 -6.321000e-02 2.465722e+00
-1.911500e-02 -2.291000e-03 2.636468e+00
-2.167310e-01 -3.176000e-03 2.638795e+00
-1.342830e-01 3.914000e-02 2.297991e+00
1.149460e-01 1.143420e-01 2.395714e+00
1.222670e-01 -5.755600e-02 2.242988e+00
2.489110e-01 -4.478400e-02 2.208829e+00
1.822980e-01 -5.505500e-02 2.225085e+00
3.013640e-01 -7.826300e-02 2.201199e+00
-2.839790e-01 -5.757680e-01 2.633628e+00
-6.505500e-02 -5.552880e-01 2.695907e+00
-3.380650e-01 -1.012779e+00 2.671840e+00
-8.109400e-02 -9.969060e-01 2.686980e+00
-2.527530e-01 -1.033899e+00 2.551057e+00
2.439000e-03 -9.974370e-01 2.563146e+00
-1.811350e-01 5.475550e-01 2.240940e+00
-3.099910e-01 2.429730e-01 2.320544e+00
-1.757000e-02 3.201720e-01 2.457489e+00
-1.144570e-01 2.694880e-01 2.290508e+00
-2.075550e-01 2.083210e-01 2.523782e+00
-2.993900e-01 -7.515400e-02 2.479091e+00
-1.317700e-02 -1.310800e-02 2.623872e+00
-2.099200e-01 -4.898000e-03 2.640701e+00
-1.951460e-01 -3.156000e-03 2.325716e+00
6.248000e-02 6.829000e-02 2.394695e+00
4.379000e-02 -1.338990e-01 2.258703e+00
1.718300e-01 -1.399800e-01 2.241916e+00
1.019610e-01 -1.534350e-01 2.245862e+00
1.977100e-01 -1.939610e-01 2.223293e+00
-2.959100e-01 -5.823030e-01 2.651979e+00
-6.367300e-02 -5.620500e-01 2.704809e+00
-3.348990e-01 -1.022143e+00 2.671589e+00
-8.053700e-02 -1.003033e+00 2.680048e+00
-2.596280e-01 -1.034542e+00 2.543163e+00
-7.100000e-03 -9.985420e-01 2.550049e+00
-2.306620e-01 4.934110e-01 2.208547e+00
-3.535220e-01 2.170900e-01 2.340765e+00
-4.051500e-02 3.026790e-01 2.410942e+00
-1.700050e-01 2.487510e-01 2.268947e+00
-2.084090e-01 1.860040e-01 2.516764e+00
-3.184890e-01 -6.838300e-02 2.516510e+00
-9.193000e-03 -3.764800e-02 2.617109e+00
-1.988580e-01 -5.310000e-04 2.658436e+00
-2.547090e-01 -3.693900e-02 2.369093e+00
2.171800e-02 3.707400e-02 2.384901e+00
-4.667700e-02 -2.090630e-01 2.284485e+00
7.728400e-02 -2.245320e-01 2.292504e+00
8.344000e-03 -2.388680e-01 2.280642e+00
5.981000e-02 -2.799580e-01 2.268984e+00
-2.956570e-01 -5.847830e-01 2.674567e+00
-5.825300e-02 -5.753410e-01 2.699537e+00
-3.360960e-01 -1.024870e+00 2.667352e+00
-8.446300e-02 -1.016317e+00 2.684793e+00
-2.844490e-01 -1.027318e+00 2.527212e+00
-3.209000e-02 -1.014753e+00 2.544909e+00
-2.462180e-01 4.948220e-01 2.221947e+00
-3.846710e-01 2.250190e-01 2.386386e+00
-5.963100e-02 2.924700e-01 2.381512e+00
-2.216010e-01 2.481240e-01 2.273633e+00
-2.043520e-01 1.830350e-01 2.523216e+00
-3.254780e-01 -6.952900e-02 2.535615e+00
-3.000000e-06 -5.411500e-02 2.559220e+00
-1.723410e-01 -1.001000e-03 2.640072e+00
-3.095110e-01 -3.846400e-02 2.387688e+00
-3.640700e-02 1.957700e-02 2.373519e+00
-1.822610e-01 -2.847240e-01 2.331110e+00
-9.721000e-02 -2.533790e-01 2.330677e+00
-1.559660e-01 -3.406560e-01 2.320590e+00
-1.018850e-01 -3.124030e-01 2.310068e+00
-2.928060e-01 -5.836750e-01 2.689340e+00
-5.118500e-02 -5.807140e-01 2.689438e+00
-3.276100e-01 -1.024074e+00 2.675147e+00
-7.927500e-02 -1.021819e+00 2.688361e+00
-3.124750e-01 -1.020482e+00 2.526584e+00
-6.367400e-02 -1.022450e+00 2.539805e+00
-2.819720e-01 5.019970e-01 2.218170e+00
-4.039040e-01 2.639410e-01 2.466229e+00
-1.014270e-01 2.834530e-01 2.330763e+00
-2.978620e-01 2.718850e-01 2.297319e+00
-1.936630e-01 1.854080e-01 2.517523e+00
-3.372380e-01 -6.038400e-02 2.589307e+00
-3.477500e-02 -6.318200e-02 2.465869e+00
-1.501370e-01 -1.767000e-03 2.614119e+00
-4.318710e-01 -1.050200e-02 2.464832e+00
-1.370550e-01 1.001100e-02 2.322836e+00
-4.887060e-01 -2.498550e-01 2.321254e+00
-3.738010e-01 -1.475800e-01 2.338672e+00
-4.538770e-01 -2.997780e-01 2.306251e+00
-3.867750e-01 -2.088360e-01 2.335525e+00
-2.807250e-01 -5.832280e-01 2.687042e+00
-4.969300e-02 -5.826440e-01 2.641737e+00
-3.220250e-01 -1.023071e+00 2.673010e+00
-7.061800e-02 -1.021512e+00 2.689910e+00
-3.769360e-01 -1.013494e+00 2.534424e+00
-1.248090e-01 -1.034144e+00 2.551286e+00
-2.657110e-01 5.442500e-01 2.247058e+00
-3.805030e-01 2.830370e-01 2.506914e+00
-1.042640e-01 2.831170e-01 2.322751e+00
-3.037910e-01 2.884060e-01 2.322727e+00
-1.720430e-01 1.862630e-01 2.520299e+00
-3.509910e-01 -6.427700e-02 2.608499e+00
-8.194000e-02 -5.410800e-02 2.423465e+00
-1.619880e-01 -7.471000e-03 2.598038e+00
-5.343920e-01 5.767500e-02 2.490827e+00
-2.687820e-01 6.530900e-02 2.307840e+00
-6.800880e-01 -8.135300e-02 2.293056e+00
-5.212510e-01 -5.981900e-02 2.324329e+00
-7.124180e-01 -1.120630e-01 2.248987e+00
-5.775780e-01 -8.683800e-02 2.319070e+00
-2.852210e-01 -5.878830e-01 2.681588e+00
-7.372100e-02 -5.817470e-01 2.599612e+00
-3.211820e-01 -1.027946e+00 2.661225e+00
-6.962300e-02 -1.016971e+00 2.676599e+00
-4.051510e-01 -1.015398e+00 2.538324e+00
-1.522250e-01 -1.039404e+00 2.554179e+00
-2.603140e-01 5.732430e-01 2.272471e+00
-3.647600e-01 2.907580e-01 2.543452e+00
-1.050800e-01 3.091310e-01 2.337411e+00
-3.039730e-01 3.075250e-01 2.354078e+00
-1.530630e-01 2.007110e-01 2.534750e+00
-3.545080e-01 -6.397500e-02 2.605596e+00
-9.577500e-02 -5.582700e-02 2.406297e+00
-1.621470e-01 -2.166900e-02 2.589290e+00
-6.117300e-01 1.824470e-01 2.568091e+00
-3.349010e-01 1.709250e-01 2.299804e+00
-7.384660e-01 1.887360e-01 2.318933e+00
-6.102160e-01 1.221400e-01 2.301414e+00
-8.003250e-01 1.819480e-01 2.311330e+00
-6.710210e-01 1.366300e-01 2.306246e+00
-3.013900e-01 -5.898090e-01 2.681160e+00
-1.235230e-01 -5.932430e-01 2.564843e+00
-3.222650e-01 -1.030333e+00 2.651724e+00
-6.689300e-02 -1.016639e+00 2.678391e+00
-4.162260e-01 -1.018164e+00 2.536242e+00
-1.602110e-01 -1.058334e+00 2.569458e+00
-2.511560e-01 5.972750e-01 2.291563e+00
-3.983120e-01 2.826660e-01 2.533517e+00
-9.983800e-02 3.236400e-01 2.397507e+00
-2.960460e-01 3.314640e-01 2.369203e+00
-1.917700e-01 1.829180e-01 2.553285e+00
-3.743200e-01 -7.426200e-02 2.565489e+00
-7.168200e-02 -4.426200e-02 2.420661e+00
-1.779660e-01 -3.576100e-02 2.592049e+00
-6.621760e-01 2.253580e-01 2.558831e+00
-3.382420e-01 2.642620e-01 2.282673e+00
-7.533520e-01 3.705400e-01 2.337424e+00
-6.148340e-01 2.926250e-01 2.315903e+00
-8.119410e-01 3.925960e-01 2.340784e+00
-6.613360e-01 3.342240e-01 2.322034e+00
-3.123270e-01 -5.844600e-01 2.689915e+00
-1.516650e-01 -5.896270e-01 2.565894e+00
-3.094950e-01 -1.026041e+00 2.670896e+00
-8.697000e-02 -1.017380e+00 2.656478e+00
-3.773150e-01 -1.020748e+00 2.537909e+00
-1.809510e-01 -1.054865e+00 2.546590e+00
-2.413960e-01 6.065810e-01 2.333447e+00
-3.974730e-01 2.494290e-01 2.509367e+00
-9.132800e-02 2.809420e-01 2.426933e+00
-2.766130e-01 3.048430e-01 2.369790e+00
-2.099970e-01 1.337860e-01 2.551799e+00
-3.870570e-01 -9.766000e-02 2.546813e+00
-6.877800e-02 -5.540600e-02 2.443094e+00
-1.958510e-01 -5.982700e-02 2.600162e+00
-6.210400e-01 3.121350e-01 2.373650e+00
-3.153890e-01 2.857030e-01 2.278249e+00
-8.583560e-01 4.428440e-01 2.434573e+00
-5.888410e-01 3.188010e-01 2.313524e+00
-9.113080e-01 4.712040e-01 2.452527e+00
-6.228020e-01 3.704310e-01 2.324082e+00
-3.244310e-01 -5.998020e-01 2.690958e+00
-1.611880e-01 -6.063060e-01 2.564380e+00
-3.149320e-01 -1.040156e+00 2.654050e+00
-9.262700e-02 -1.032887e+00 2.657607e+00
-3.655660e-01 -1.029503e+00 2.513922e+00
-1.784550e-01 -1.071996e+00 2.541775e+00
-2.373850e-01 5.844820e-01 2.379543e+00
-4.125750e-01 2.505820e-01 2.513303e+00
-1.012710e-01 2.489190e-01 2.428569e+00
-2.840860e-01 2.849400e-01 2.369414e+00
-2.321560e-01 1.221490e-01 2.563394e+00
-4.003710e-01 -1.083550e-01 2.540875e+00
-8.415000e-02 -8.218800e-02 2.452240e+00
-2.134670e-01 -8.202200e-02 2.603195e+00
-6.296720e-01 2.852230e-01 2.365993e+00
-3.160560e-01 2.885950e-01 2.279156e+00
-8.501940e-01 4.301630e-01 2.436870e+00
-5.862210e-01 2.682220e-01 2.314608e+00
-9.005890e-01 4.611580e-01 2.457610e+00
-6.197030e-01 3.197930e-01 2.326851e+00
-3.377500e-01 -6.158720e-01 2.690514e+00
-1.674530e-01 -6.313680e-01 2.559817e+00
-3.142380e-01 -1.055393e+00 2.650111e+00
-8.377200e-02 -1.052772e+00 2.663643e+00
-3.645540e-01 -1.045189e+00 2.509836e+00
-1.486210e-01 -1.096965e+00 2.536543e+00
-2.319030e-01 5.775340e-01 2.407147e+00
-3.954800e-01 2.679730e-01 2.557164e+00
-1.172400e-01 2.585850e-01 2.392567e+00
-3.059630e-01 2.947430e-01 2.380787e+00
-2.048600e-01 1.389290e-01 2.560581e+00
-4.069870e-01 -1.050040e-01 2.583529e+00
-1.170700e-01 -8.115200e-02 2.407204e+00
-2.061500e-01 -7.450800e-02 2.589754e+00
-5.457410e-01 2.004570e-01 2.348424e+00
-3.264210e-01 3.559630e-01 2.260392e+00
-7.993750e-01 3.039090e-01 2.329659e+00
-4.180590e-01 1.049430e-01 2.323447e+00
-8.471530e-01 2.856340e-01 2.365905e+00
-4.803850e-01 9.822900e-02 2.324397e+00
-3.463490e-01 -6.227860e-01 2.681051e+00
-1.714850e-01 -6.255280e-01 2.558978e+00
-3.110250e-01 -1.063372e+00 2.680475e+00
-7.735300e-02 -1.043254e+00 2.668562e+00
-3.966130e-01 -1.070074e+00 2.558235e+00
-1.748610e-01 -1.092015e+00 2.566448e+00
-2.257950e-01 5.935440e-01 2.415803e+00
-3.706330e-01 2.717790e-01 2.577393e+00
-9.914000e-02 3.159480e-01 2.391478e+00
-2.977100e-01 3.331830e-01 2.402035e+00
-1.695070e-01 1.634380e-01 2.548923e+00
-4.067470e-01 -8.026500e-02 2.595075e+00
-1.213770e-01 -7.227900e-02 2.401756e+00
-2.023810e-01 -6.285200e-02 2.590021e+00
-4.218330e-01 1.558610e-01 2.342765e+00
-2.697000e-01 1.413320e-01 2.284114e+00
-6.889370e-01 9.390400e-02 2.317731e+00
-5.256510e-01 3.991800e-02 2.280295e+00
-7.251830e-01 1.042930e-01 2.267644e+00
-5.878750e-01 3.337800e-02 2.284283e+00
-3.413620e-01 -6.093760e-01 2.669002e+00
-1.641590e-01 -6.123510e-01 2.556805e+00
-3.238460e-01 -1.050883e+00 2.657674e+00
-8.529200e-02 -1.034799e+00 2.660155e+00
-4.128720e-01 -1.051337e+00 2.537728e+00
-1.751980e-01 -1.078717e+00 2.549246e+00
-2.273510e-01 6.191600e-01 2.413691e+00
-3.731780e-01 2.982980e-01 2.590639e+00
-1.076770e-01 3.269540e-01 2.393377e+00
-3.058190e-01 3.454430e-01 2.408763e+00
-1.730350e-01 1.875650e-01 2.564546e+00
-3.965550e-01 -4.772500e-02 2.597929e+00
-1.176030e-01 -5.200100e-02 2.395347e+00
-1.917510e-01 -4.351000e-02 2.586460e+00
-5.012860e-01 6.479000e-02 2.637338e+00
-2.189530e-01 9.328400e-02 2.315057e+00
-6.335460e-01 -1.134470e-01 2.467952e+00
-4.265530e-01 -8.373700e-02 2.255739e+00
-6.252790e-01 -1.359930e-01 2.410040e+00
-4.859560e-01 -1.037670e-01 2.256473e+00
-3.445720e-01 -5.826790e-01 2.658148e+00
-1.573910e-01 -5.872400e-01 2.556373e+00
-3.221630e-01 -1.024107e+00 2.656302e+00
-9.003600e-02 -1.011332e+00 2.661127e+00
-4.159340e-01 -1.028381e+00 2.540105e+00
-1.775840e-01 -1.053279e+00 2.547599e+00
-2.225390e-01 6.361240e-01 2.409872e+00
-3.999190e-01 3.217510e-01 2.577452e+00
-1.104470e-01 3.232690e-01 2.414886e+00
-3.078220e-01 3.503480e-01 2.402698e+00
-2.036240e-01 2.018350e-01 2.586850e+00
-4.074760e-01 -3.430200e-02 2.576135e+00
-1.054130e-01 -4.875900e-02 2.410541e+00
-2.028180e-01 -3.490500e-02 2.590582e+00
-4.600150e-01 5.867200e-02 2.628096e+00
-1.133400e-01 5.484900e-02 2.357188e+00
-4.811220e-01 -2.213530e-01 2.666974e+00
-9.727600e-02 -2.124140e-01 2.264002e+00
-4.826830e-01 -2.757420e-01 2.698117e+00
-6.841700e-02 -2.679090e-01 2.259775e+00
-3.469940e-01 -5.733650e-01 2.644840e+00
-1.448640e-01 -5.795880e-01 2.565376e+00
-3.276100e-01 -1.014582e+00 2.662626e+00
-9.396500e-02 -1.008489e+00 2.659278e+00
-4.032710e-01 -1.023086e+00 2.534111e+00
-1.650230e-01 -1.044581e+00 2.532941e+00
-2.339740e-01 6.473860e-01 2.422589e+00
-3.931460e-01 3.401830e-01 2.579454e+00
-9.788100e-02 3.185800e-01 2.429201e+00
-2.915950e-01 3.622520e-01 2.409046e+00
-2.081570e-01 2.041170e-01 2.595746e+00
-4.066650e-01 -3.509000e-02 2.566605e+00
-9.319400e-02 -3.856700e-02 2.423090e+00
-2.036380e-01 -3.045600e-02 2.595806e+00
-4.386520e-01 7.022000e-02 2.631705e+00
-2.055300e-02 5.877000e-02 2.364397e+00
-4.327680e-01 -2.118820e-01 2.575134e+00
1.293700e-01 -1.843860e-01 2.329539e+00
-4.287750e-01 -2.729920e-01 2.561715e+00
1.710200e-01 -2.303510e-01 2.338645e+00
-3.457410e-01 -5.715390e-01 2.637055e+00
-1.375750e-01 -5.739910e-01 2.565666e+00
-3.287160e-01 -1.012361e+00 2.664449e+00
-9.668000e-02 -1.004133e+00 2.658772e+00
-3.933580e-01 -1.023199e+00 2.530222e+00
-1.575120e-01 -1.038495e+00 2.526743e+00
-2.373310e-01 6.476990e-01 2.440971e+00
-3.799310e-01 3.466710e-01 2.576038e+00
-7.796500e-02 3.313850e-01 2.438900e+00
-2.709460e-01 3.740860e-01 2.411085e+00
-1.946650e-01 2.116490e-01 2.597153e+00
-3.898910e-01 -2.049300e-02 2.563374e+00
-6.939100e-02 -3.552100e-02 2.437175e+00
-1.886640e-01 -2.006400e-02 2.603395e+00
-4.478100e-01 8.145900e-02 2.637008e+00
7.138400e-02 9.517200e-02 2.415222e+00
-4.048170e-01 -1.553360e-01 2.475941e+00
2.817380e-01 -1.038540e-01 2.416967e+00
-4.243140e-01 -2.067450e-01 2.506065e+00
3.213050e-01 -1.514790e-01 2.426806e+00
-3.456950e-01 -5.607400e-01 2.632385e+00
-1.345170e-01 -5.704760e-01 2.569362e+00
-3.347200e-01 -1.001222e+00 2.667310e+00
-9.598100e-02 -9.986160e-01 2.672195e+00
-3.928160e-01 -1.013537e+00 2.530248e+00
-1.504230e-01 -1.035716e+00 2.538134e+00
-2.379850e-01 6.457240e-01 2.444979e+00
-3.732600e-01 3.419520e-01 2.563196e+00
-5.823200e-02 3.478240e-01 2.458568e+00
-2.498910e-01 3.747030e-01 2.409749e+00
-1.815190e-01 2.223210e-01 2.607058e+00
-3.807160e-01 -8.413000e-03 2.553552e+00
-5.309500e-02 -3.547800e-02 2.449611e+00
-1.826220e-01 -1.134900e-02 2.606883e+00
-4.368280e-01 7.447500e-02 2.602898e+00
1.271030e-01 1.430890e-01 2.488499e+00
-3.868220e-01 -1.670590e-01 2.456527e+00
3.747580e-01 -1.384000e-03 2.496093e+00
-4.044760e-01 -2.197310e-01 2.485587e+00
4.150810e-01 -4.933000e-02 2.498494e+00
-3.382180e-01 -5.530890e-01 2.624922e+00
-1.261950e-01 -5.666030e-01 2.579654e+00
-3.355310e-01 -9.929270e-01 2.668504e+00
-9.280200e-02 -9.946020e-01 2.684848e+00
-3.837410e-01 -1.007160e+00 2.527840e+00
-1.389480e-01 -1.031896e+00 2.547762e+00
-2.302310e-01 6.519170e-01 2.447389e+00
-3.701030e-01 3.466770e-01 2.563149e+00
-4.705100e-02 3.540500e-01 2.486945e+00
-2.330750e-01 3.917430e-01 2.425196e+00
-1.855100e-01 2.173180e-01 2.609964e+00
-3.738640e-01 -1.509800e-02 2.549470e+00
-3.903700e-02 -2.001600e-02 2.467380e+00
-1.799380e-01 -6.568000e-03 2.615907e+00
-4.218340e-01 8.053300e-02 2.611399e+00
1.314780e-01 1.464100e-01 2.516091e+00
-3.899280e-01 -1.692410e-01 2.479319e+00
3.777300e-01 8.419000e-03 2.550285e+00
-3.930590e-01 -2.317700e-01 2.482619e+00
4.283950e-01 -2.850400e-02 2.549889e+00
-3.352440e-01 -5.530920e-01 2.622158e+00
-1.199600e-01 -5.602980e-01 2.577995e+00
-3.386620e-01 -9.924690e-01 2.670120e+00
-8.871800e-02 -9.914370e-01 2.670230e+00
-3.760620e-01 -1.007874e+00 2.526325e+00
-1.241720e-01 -1.024246e+00 2.528881e+00
-2.252760e-01 6.492190e-01 2.445628e+00
-3.723740e-01 3.229550e-01 2.556957e+00
-4.517900e-02 3.540540e-01 2.510051e+00
-2.273160e-01 3.831450e-01 2.433773e+00
-1.843330e-01 2.031310e-01 2.614253e+00
-3.747940e-01 -2.274700e-02 2.533446e+00
-3.348000e-02 -1.596800e-02 2.485164e+00
-1.888510e-01 -8.204000e-03 2.618932e+00
-4.110870e-01 5.876000e-02 2.618454e+00
1.152660e-01 1.336250e-01 2.537393e+00
-4.087930e-01 -2.232550e-01 2.595967e+00
3.456330e-01 -2.768400e-02 2.568280e+00
-3.939340e-01 -2.662760e-01 2.552853e+00
3.895080e-01 -7.246600e-02 2.568130e+00
-3.231100e-01 -5.579320e-01 2.618229e+00
-1.098310e-01 -5.603230e-01 2.580385e+00
-3.288060e-01 -9.960040e-01 2.676749e+00
-8.568100e-02 -9.910960e-01 2.676381e+00
-3.497810e-01 -1.015319e+00 2.530121e+00
-1.056960e-01 -1.024362e+00 2.532139e+00
-2.174700e-01 6.421820e-01 2.456429e+00
-3.711690e-01 3.281910e-01 2.557325e+00
-4.123600e-02 3.505910e-01 2.527885e+00
-2.181700e-01 3.822750e-01 2.441114e+00
-1.895370e-01 2.052690e-01 2.627325e+00
-3.689070e-01 -2.421600e-02 2.531337e+00
-2.542600e-02 -2.680700e-02 2.501563e+00
-1.875250e-01 -1.369100e-02 2.626647e+00
-4.277790e-01 5.905400e-02 2.607109e+00
7.775900e-02 1.006040e-01 2.566159e+00
-4.967610e-01 -2.206220e-01 2.589630e+00
2.363750e-01 -1.403930e-01 2.572795e+00
-5.086960e-01 -2.815520e-01 2.598328e+00
2.657370e-01 -1.956490e-01 2.576681e+00
-3.081970e-01 -5.643350e-01 2.616125e+00
-8.811800e-02 -5.677020e-01 2.591276e+00
-3.256250e-01 -1.001258e+00 2.680616e+00
-8.053300e-02 -1.001088e+00 2.677779e+00
-3.384840e-01 -1.022487e+00 2.533317e+00
-9.238600e-02 -1.030434e+00 2.531795e+00
-2.131760e-01 6.468720e-01 2.457959e+00
-3.644960e-01 3.313060e-01 2.565830e+00
-3.357200e-02 3.432210e-01 2.541928e+00
-2.079460e-01 3.837970e-01 2.453689e+00
-1.882770e-01 1.999750e-01 2.634378e+00
-3.620360e-01 -2.735900e-02 2.528152e+00
-1.831800e-02 -2.374300e-02 2.501380e+00
-1.817210e-01 -1.318700e-02 2.625001e+00
-4.450580e-01 5.944000e-02 2.569429e+00
3.655700e-02 7.040300e-02 2.574588e+00
-5.230760e-01 -2.124840e-01 2.493921e+00
1.338110e-01 -2.054820e-01 2.561918e+00
-5.448140e-01 -2.683710e-01 2.475630e+00
1.463890e-01 -2.668960e-01 2.562666e+00
-2.987320e-01 -5.656440e-01 2.614606e+00
-7.496900e-02 -5.655330e-01 2.593302e+00
-3.270350e-01 -1.002214e+00 2.677611e+00
-7.751700e-02 -9.978740e-01 2.685167e+00
-3.378100e-01 -1.022810e+00 2.530056e+00
-8.673200e-02 -1.028809e+00 2.539321e+00
-2.119580e-01 6.448490e-01 2.461360e+00
-3.557200e-01 3.387010e-01 2.567090e+00
-2.383200e-02 3.427470e-01 2.559471e+00
-1.926540e-01 3.892910e-01 2.463703e+00
-1.862860e-01 2.017590e-01 2.641514e+00
-3.637840e-01 -2.982500e-02 2.518404e+00
-1.940500e-02 -1.562200e-02 2.509816e+00
-1.893800e-01 -9.626000e-03 2.624562e+00
-4.488140e-01 6.920000e-02 2.547523e+00
1.941300e-02 6.029800e-02 2.565152e+00
-5.223000e-01 -1.807330e-01 2.408911e+00
2.952700e-02 -2.333060e-01 2.537326e+00
-5.413870e-01 -2.039730e-01 2.353901e+00
1.327400e-02 -2.834700e-01 2.503417e+00
-2.883300e-01 -5.650950e-01 2.613484e+00
-6.990400e-02 -5.599240e-01 2.597013e+00
-3.250090e-01 -1.000834e+00 2.677907e+00
-7.550600e-02 -9.941960e-01 2.679108e+00
-3.269320e-01 -1.022521e+00 2.530127e+00
-7.609300e-02 -1.021936e+00 2.532332e+00
-1.988500e-01 6.444130e-01 2.458069e+00
-3.475100e-01 3.453730e-01 2.559207e+00
-1.639900e-02 3.418020e-01 2.583219e+00
-1.742660e-01 3.936560e-01 2.472639e+00
-1.889680e-01 2.034530e-01 2.647087e+00
-3.593650e-01 -2.327400e-02 2.510188e+00
-1.481100e-02 -1.566200e-02 2.520038e+00
-1.904730e-01 -9.591000e-03 2.625870e+00
-4.440970e-01 7.854300e-02 2.513181e+00
2.477100e-02 5.772300e-02 2.567400e+00
-4.898020e-01 -1.468950e-01 2.325568e+00
2.903100e-02 -2.356670e-01 2.522526e+00
-5.002030e-01 -1.920340e-01 2.283321e+00
2.028600e-02 -2.926450e-01 2.497879e+00
-2.807260e-01 -5.607790e-01 2.609272e+00
-7.516900e-02 -5.601040e-01 2.593088e+00
-3.211030e-01 -9.955480e-01 2.677898e+00
-7.039200e-02 -9.941030e-01 2.676667e+00
-3.156030e-01 -1.019320e+00 2.530529e+00
-6.441100e-02 -1.022264e+00 2.530092e+00
-1.840370e-01 6.432960e-01 2.461235e+00
