-3.795430e-01 3.094310e-01 2.632221e+00
-1.947500e-01 3.192990e-01 2.662395e+00
-9.957000e-03 3.291670e-01 2.692569e+00
-9.591700e-02 3.553530e-01 2.627885e+00
-1.818770e-01 3.815390e-01 2.563202e+00
-1.896305e-01 2.841905e-01 2.642524e+00
-1.973840e-01 1.868420e-01 2.721845e+00
-2.721270e-01 7.622800e-02 2.635874e+00
-3.468700e-01 -3.438600e-02 2.549903e+00
-1.553920e-01 -2.935900e-02 2.587772e+00
3.608600e-02 -2.433200e-02 2.625642e+00
-6.910700e-02 -2.922250e-02 2.654825e+00
-1.743000e-01 -3.411300e-02 2.684007e+00
-2.897820e-01 -4.553500e-03 2.637449e+00
-4.052640e-01 2.500600e-02 2.590890e+00
-1.681115e-01 3.856950e-02 2.650087e+00
6.904100e-02 5.213300e-02 2.709283e+00
-1.527315e-01 -1.027270e-01 2.592094e+00
-3.745040e-01 -2.575870e-01 2.474905e+00
-1.509140e-01 -2.518525e-01 2.555726e+00
7.267600e-02 -2.461180e-01 2.636547e+00
-1.325100e-01 -2.825860e-01 2.552547e+00
-3.376960e-01 -3.190540e-01 2.468546e+00
-1.461140e-01 -3.157780e-01 2.555102e+00
4.546800e-02 -3.125020e-01 2.641658e+00
-1.069290e-01 -4.347135e-01 2.663501e+00
-2.593260e-01 -5.569250e-01 2.685345e+00
-1.599135e-01 -5.546575e-01 2.702524e+00
-6.050100e-02 -5.523900e-01 2.719703e+00
-1.690040e-01 -7.631355e-01 2.747652e+00
-2.775070e-01 -9.738810e-01 2.775601e+00
-1.831435e-01 -9.756465e-01 2.762528e+00
-8.878000e-02 -9.774120e-01 2.749455e+00
-1.657430e-01 -9.948365e-01 2.677382e+00
-2.427060e-01 -1.012261e+00 2.605308e+00
-1.463075e-01 -1.002188e+00 2.590841e+00
-4.990900e-02 -9.921140e-01 2.576374e+00
-1.293505e-01 -1.989845e-01 2.582494e+00
-2.087920e-01 5.941450e-01 2.588614e+00
-2.905990e-01 4.503735e-01 2.608032e+00
-3.724060e-01 3.066020e-01 2.627450e+00
-1.881655e-01 3.146180e-01 2.661326e+00
-3.925000e-03 3.226340e-01 2.695202e+00
-8.828800e-02 3.495790e-01 2.628752e+00
-1.726510e-01 3.765240e-01 2.562302e+00
-1.830115e-01 2.794185e-01 2.641624e+00
-1.933720e-01 1.823130e-01 2.720946e+00
-2.645320e-01 7.067600e-02 2.632802e+00
-3.356920e-01 -4.096100e-02 2.544657e+00
-1.445105e-01 -2.942300e-02 2.582601e+00
4.667100e-02 -1.788500e-02 2.620546e+00
-5.831850e-02 -2.617050e-02 2.649695e+00
-1.633080e-01 -3.445600e-02 2.678844e+00
-2.805835e-01 -7.531500e-03 2.642492e+00
-3.978590e-01 1.939300e-02 2.606140e+00
-1.612995e-01 3.208300e-02 2.656016e+00
7.526000e-02 4.477300e-02 2.705892e+00
-1.346085e-01 -1.146425e-01 2.618400e+00
-3.444770e-01 -2.740580e-01 2.530908e+00
-1.302170e-01 -2.640165e-01 2.582015e+00
8.404300e-02 -2.539750e-01 2.633121e+00
-1.160775e-01 -2.964280e-01 2.588565e+00
-3.161980e-01 -3.388810e-01 2.544008e+00
-1.248310e-01 -3.302055e-01 2.579860e+00
6.653600e-02 -3.215300e-01 2.615712e+00
-9.837450e-02 -4.394695e-01 2.648145e+00
-2.632850e-01 -5.574090e-01 2.680578e+00
-1.613175e-01 -5.539795e-01 2.697381e+00
-5.935000e-02 -5.505500e-01 2.714184e+00
-1.680580e-01 -7.618730e-01 2.745518e+00
-2.767660e-01 -9.731960e-01 2.776852e+00
-1.805050e-01 -9.742485e-01 2.763518e+00
-8.424400e-02 -9.753010e-01 2.750185e+00
-1.627530e-01 -9.944675e-01 2.678683e+00
-2.412620e-01 -1.013634e+00 2.607181e+00
-1.432885e-01 -1.002934e+00 2.592252e+00
-4.531500e-02 -9.922340e-01 2.577322e+00
-1.251725e-01 -2.000380e-01 2.586454e+00
-2.050300e-01 5.921580e-01 2.595586e+00
-2.859775e-01 4.502020e-01 2.612985e+00
-3.669250e-01 3.082460e-01 2.630383e+00
-1.821540e-01 3.156185e-01 2.661392e+00
2.617000e-03 3.229910e-01 2.692402e+00
-8.277550e-02 3.509460e-01 2.627708e+00
-1.681680e-01 3.789010e-01 2.563013e+00
-1.773575e-01 2.806960e-01 2.641116e+00
-1.865470e-01 1.824910e-01 2.719220e+00
-2.555945e-01 7.051950e-02 2.632060e+00
-3.246420e-01 -4.145200e-02 2.544900e+00
-1.334215e-01 -2.894100e-02 2.582338e+00
5.779900e-02 -1.643000e-02 2.619775e+00
-4.704650e-02 -2.555850e-02 2.649189e+00
-1.518920e-01 -3.468700e-02 2.678603e+00
-2.718195e-01 -6.238000e-03 2.644388e+00
-3.917470e-01 2.221100e-02 2.610173e+00
-1.526750e-01 3.494250e-02 2.653659e+00
8.639700e-02 4.767400e-02 2.697145e+00
-1.227330e-01 -1.103435e-01 2.615724e+00
-3.318630e-01 -2.683610e-01 2.534304e+00
-1.173930e-01 -2.592230e-01 2.580369e+00
9.707700e-02 -2.500850e-01 2.626435e+00
-1.046415e-01 -2.922335e-01 2.586776e+00
-3.063600e-01 -3.343820e-01 2.547117e+00
-1.193845e-01 -3.189805e-01 2.567788e+00
6.759100e-02 -3.035790e-01 2.588459e+00
-9.755550e-02 -4.301765e-01 2.632060e+00
-2.627020e-01 -5.567740e-01 2.675662e+00
-1.602640e-01 -5.535985e-01 2.693137e+00
-5.782600e-02 -5.504230e-01 2.710613e+00
-1.667325e-01 -7.610480e-01 2.743189e+00
-2.756390e-01 -9.716730e-01 2.775766e+00
-1.786755e-01 -9.732065e-01 2.763887e+00
-8.171200e-02 -9.747400e-01 2.752008e+00
-1.616330e-01 -9.941965e-01 2.679094e+00
-2.415540e-01 -1.013653e+00 2.606179e+00
-1.427680e-01 -1.003693e+00 2.592636e+00
-4.398200e-02 -9.937330e-01 2.579093e+00
-1.197380e-01 -2.004550e-01 2.587949e+00
-1.954940e-01 5.928230e-01 2.596806e+00
-2.793700e-01 4.524680e-01 2.609662e+00
-3.632460e-01 3.121130e-01 2.622519e+00
-1.784505e-01 3.191335e-01 2.653463e+00
6.345000e-03 3.261540e-01 2.684407e+00
-7.858050e-02 3.510365e-01 2.617869e+00
-1.635060e-01 3.759190e-01 2.551331e+00
-1.740575e-01 2.829475e-01 2.635436e+00
-1.846090e-01 1.899760e-01 2.719542e+00
-2.537820e-01 7.824750e-02 2.634065e+00
-3.229550e-01 -3.348100e-02 2.548589e+00
-1.320240e-01 -2.726900e-02 2.588962e+00
5.890700e-02 -2.105700e-02 2.629335e+00
-4.657650e-02 -2.774650e-02 2.657077e+00
-1.520600e-01 -3.443600e-02 2.684819e+00
-2.711255e-01 -2.821500e-03 2.635231e+00
-3.901910e-01 2.879300e-02 2.585642e+00
-1.457670e-01 4.176000e-02 2.641388e+00
9.865700e-02 5.472700e-02 2.697135e+00
-1.075245e-01 -9.198100e-02 2.578482e+00
-3.137060e-01 -2.386890e-01 2.459829e+00
-8.773800e-02 -2.284005e-01 2.512873e+00
1.382300e-01 -2.181120e-01 2.565917e+00
-8.519050e-02 -2.633395e-01 2.504742e+00
-3.086110e-01 -3.085670e-01 2.443568e+00
-8.836550e-02 -2.930535e-01 2.484735e+00
1.318800e-01 -2.775400e-01 2.525901e+00
-6.188600e-02 -4.169635e-01 2.597699e+00
-2.556520e-01 -5.563870e-01 2.669497e+00
-1.539180e-01 -5.548930e-01 2.688618e+00
-5.218400e-02 -5.533990e-01 2.707739e+00
-1.642945e-01 -7.620985e-01 2.739021e+00
-2.764050e-01 -9.707980e-01 2.770303e+00
-1.795810e-01 -9.739730e-01 2.760416e+00
-8.275700e-02 -9.771480e-01 2.750529e+00
-1.617435e-01 -9.954245e-01 2.675902e+00
-2.407300e-01 -1.013701e+00 2.601275e+00
-1.419055e-01 -1.005557e+00 2.589734e+00
-4.308100e-02 -9.974130e-01 2.578194e+00
-1.140295e-01 -2.017770e-01 2.579255e+00
-1.849780e-01 5.938590e-01 2.580315e+00
-2.723800e-01 4.543180e-01 2.593354e+00
-3.597820e-01 3.147770e-01 2.606393e+00
-1.771225e-01 3.233395e-01 2.647845e+00
5.537000e-03 3.319020e-01 2.689296e+00
-7.521100e-02 3.533160e-01 2.616633e+00
-1.559590e-01 3.747300e-01 2.543970e+00
-1.717920e-01 2.862630e-01 2.632014e+00
-1.876250e-01 1.977960e-01 2.720058e+00
-2.594400e-01 8.315950e-02 2.639049e+00
-3.312550e-01 -3.147700e-02 2.558039e+00
-1.395215e-01 -2.677000e-02 2.594635e+00
5.221200e-02 -2.206300e-02 2.631232e+00
-5.270850e-02 -2.905200e-02 2.660964e+00
-1.576290e-01 -3.604100e-02 2.690695e+00
-2.725010e-01 -4.165000e-04 2.622997e+00
-3.873730e-01 3.520800e-02 2.555298e+00
-1.308375e-01 5.404500e-02 2.622633e+00
1.256980e-01 7.288200e-02 2.689968e+00
-7.875050e-02 -5.611900e-02 2.531949e+00
-2.831990e-01 -1.851200e-01 2.373930e+00
-3.055900e-02 -1.651725e-01 2.437834e+00
2.220810e-01 -1.452250e-01 2.501738e+00
-7.756000e-03 -1.816700e-01 2.415446e+00
-2.375930e-01 -2.181150e-01 2.329155e+00
-4.760000e-04 -2.127355e-01 2.398855e+00
2.366410e-01 -2.073560e-01 2.468555e+00
-9.374000e-03 -3.820305e-01 2.570694e+00
-2.553890e-01 -5.567050e-01 2.672833e+00
-1.532625e-01 -5.551860e-01 2.690560e+00
-5.113600e-02 -5.536670e-01 2.708287e+00
-1.629745e-01 -7.625035e-01 2.740635e+00
-2.748130e-01 -9.713400e-01 2.772983e+00
-1.794855e-01 -9.742835e-01 2.762055e+00
-8.415800e-02 -9.772270e-01 2.751127e+00
-1.633095e-01 -9.955465e-01 2.677160e+00
-2.424610e-01 -1.013866e+00 2.603193e+00
-1.449605e-01 -1.005725e+00 2.590669e+00
-4.746000e-02 -9.975840e-01 2.578144e+00
-1.139525e-01 -2.041710e-01 2.572453e+00
-1.804450e-01 5.892420e-01 2.566762e+00
-2.712625e-01 4.528860e-01 2.582782e+00
-3.620800e-01 3.165300e-01 2.598802e+00
-1.800595e-01 3.262220e-01 2.642745e+00
1.961000e-03 3.359140e-01 2.686687e+00
-7.758000e-02 3.547040e-01 2.611994e+00
-1.571210e-01 3.734940e-01 2.537302e+00
-1.746010e-01 2.885460e-01 2.628445e+00
-1.920810e-01 2.035980e-01 2.719588e+00
-2.622770e-01 8.907750e-02 2.645935e+00
-3.324730e-01 -2.544300e-02 2.572282e+00
-1.407470e-01 -2.226250e-02 2.609082e+00
5.097900e-02 -1.908200e-02 2.645882e+00
-5.400950e-02 -2.568650e-02 2.675460e+00
-1.589980e-01 -3.229100e-02 2.705038e+00
-2.675325e-01 7.282000e-03 2.610257e+00
-3.760670e-01 4.685500e-02 2.515476e+00
-9.451700e-02 8.460450e-02 2.600151e+00
1.870330e-01 1.223540e-01 2.684827e+00
-2.495600e-02 1.691050e-02 2.485349e+00
-2.369450e-01 -8.853300e-02 2.285871e+00
3.673450e-02 -5.615300e-02 2.369346e+00
3.104140e-01 -2.377300e-02 2.452821e+00
5.964550e-02 -6.553100e-02 2.343260e+00
-1.911230e-01 -1.072890e-01 2.233699e+00
6.714250e-02 -8.739250e-02 2.315707e+00
3.254080e-01 -6.749600e-02 2.397714e+00
3.303250e-02 -3.105355e-01 2.536523e+00
-2.593430e-01 -5.535750e-01 2.675331e+00
-1.557120e-01 -5.524760e-01 2.694845e+00
-5.208100e-02 -5.513770e-01 2.714358e+00
-1.653700e-01 -7.608720e-01 2.740231e+00
-2.786590e-01 -9.703670e-01 2.766104e+00
-1.796970e-01 -9.731325e-01 2.758191e+00
-8.073500e-02 -9.758980e-01 2.750278e+00
-1.636345e-01 -9.924710e-01 2.672815e+00
-2.465340e-01 -1.009044e+00 2.595352e+00
-1.455235e-01 -1.001031e+00 2.586099e+00
-4.451300e-02 -9.930170e-01 2.576845e+00
-1.131570e-01 -2.087055e-01 2.549683e+00
-1.818010e-01 5.756060e-01 2.522521e+00
-2.609420e-01 4.536625e-01 2.551723e+00
-3.400830e-01 3.317190e-01 2.580926e+00
-1.597345e-01 3.351610e-01 2.632101e+00
2.061400e-02 3.386030e-01 2.683276e+00
-5.470100e-02 3.561065e-01 2.604029e+00
-1.300160e-01 3.736100e-01 2.524782e+00
-1.557510e-01 2.963365e-01 2.620674e+00
-1.814860e-01 2.190630e-01 2.716567e+00
-2.524270e-01 1.027185e-01 2.651577e+00
-3.233680e-01 -1.362600e-02 2.586587e+00
-1.355145e-01 -1.571650e-02 2.639784e+00
5.233900e-02 -1.780700e-02 2.692981e+00
-5.496150e-02 -2.074800e-02 2.713452e+00
-1.622620e-01 -2.368900e-02 2.733924e+00
-2.546955e-01 2.839200e-02 2.599789e+00
-3.471290e-01 8.047300e-02 2.465655e+00
-3.792950e-02 1.511970e-01 2.576590e+00
2.712700e-01 2.219210e-01 2.687525e+00
5.840650e-02 1.406140e-01 2.465930e+00
-1.544570e-01 5.930700e-02 2.244336e+00
1.223720e-01 1.389715e-01 2.333477e+00
3.992010e-01 2.186360e-01 2.422618e+00
1.449665e-01 1.597630e-01 2.314755e+00
-1.092680e-01 1.008900e-01 2.206891e+00
1.663535e-01 1.588685e-01 2.285856e+00
4.419750e-01 2.168470e-01 2.364821e+00
9.015250e-02 -1.652410e-01 2.523762e+00
-2.616700e-01 -5.473290e-01 2.682703e+00
-1.611110e-01 -5.499000e-01 2.701467e+00
-6.055200e-02 -5.524710e-01 2.720231e+00
-1.702525e-01 -7.583620e-01 2.746657e+00
-2.799530e-01 -9.642530e-01 2.773083e+00
-1.824765e-01 -9.711615e-01 2.758874e+00
-8.500000e-02 -9.780700e-01 2.744665e+00
-1.602530e-01 -9.903495e-01 2.674857e+00
-2.355060e-01 -1.002629e+00 2.605048e+00
-1.355880e-01 -9.966625e-01 2.589576e+00
-3.567000e-02 -9.906960e-01 2.574103e+00
-1.052350e-01 -2.348180e-01 2.499985e+00
-1.748000e-01 5.210600e-01 2.425867e+00
-2.516800e-01 4.259745e-01 2.491201e+00
-3.285600e-01 3.308890e-01 2.556535e+00
-1.506260e-01 3.385655e-01 2.615160e+00
2.730800e-02 3.462420e-01 2.673785e+00
-4.500400e-02 3.617560e-01 2.591390e+00
-1.173160e-01 3.772700e-01 2.508994e+00
-1.453065e-01 2.997980e-01 2.604091e+00
-1.732970e-01 2.223260e-01 2.699188e+00
-2.471175e-01 1.067895e-01 2.649403e+00
-3.209380e-01 -8.747000e-03 2.599618e+00
-1.333970e-01 -1.127900e-02 2.653888e+00
5.414400e-02 -1.381100e-02 2.708158e+00
-5.328450e-02 -1.375150e-02 2.728165e+00
-1.607130e-01 -1.369200e-02 2.748171e+00
-2.406395e-01 3.372400e-02 2.596418e+00
-3.205660e-01 8.114000e-02 2.444665e+00
-1.114900e-02 1.941700e-01 2.557726e+00
2.982680e-01 3.072000e-01 2.670787e+00
9.792150e-02 2.212030e-01 2.465075e+00
-1.024250e-01 1.352060e-01 2.259363e+00
1.623650e-01 2.438500e-01 2.336445e+00
4.271550e-01 3.524940e-01 2.413528e+00
1.802425e-01 2.706410e-01 2.320447e+00
-6.667000e-02 1.887880e-01 2.227365e+00
1.959240e-01 2.762935e-01 2.288580e+00
4.585180e-01 3.637990e-01 2.349795e+00
9.654700e-02 -8.956400e-02 2.521221e+00
-2.654240e-01 -5.429270e-01 2.692646e+00
-1.636000e-01 -5.460545e-01 2.710249e+00
-6.177600e-02 -5.491820e-01 2.727853e+00
-1.717160e-01 -7.566835e-01 2.744188e+00
-2.816560e-01 -9.641850e-01 2.760523e+00
-1.813355e-01 -9.697990e-01 2.752656e+00
-8.101500e-02 -9.754130e-01 2.744788e+00
-1.581845e-01 -9.843385e-01 2.667958e+00
-2.353540e-01 -9.932640e-01 2.591128e+00
-1.332010e-01 -9.888555e-01 2.582656e+00
-3.104800e-02 -9.844470e-01 2.574185e+00
-1.000030e-01 -2.683420e-01 2.473783e+00
-1.689580e-01 4.477630e-01 2.373382e+00
-2.406640e-01 3.751660e-01 2.444541e+00
-3.123700e-01 3.025690e-01 2.515699e+00
-1.420975e-01 3.202495e-01 2.590207e+00
2.817500e-02 3.379300e-01 2.664716e+00
-3.483450e-02 3.428510e-01 2.574633e+00
-9.784400e-02 3.477720e-01 2.484550e+00
-1.345905e-01 2.806920e-01 2.584443e+00
-1.713370e-01 2.136120e-01 2.684337e+00
-2.407930e-01 9.755650e-02 2.640018e+00
-3.102490e-01 -1.849900e-02 2.595699e+00
-1.325275e-01 -1.498000e-02 2.676482e+00
4.519400e-02 -1.146100e-02 2.757265e+00
-6.399300e-02 -1.240400e-02 2.761556e+00
-1.731800e-01 -1.334700e-02 2.765846e+00
-2.334030e-01 1.579150e-02 2.598817e+00
-2.936260e-01 4.493000e-02 2.431788e+00
2.529500e-03 2.036175e-01 2.548129e+00
2.986850e-01 3.623050e-01 2.664471e+00
1.156490e-01 2.571560e-01 2.475921e+00
-6.738700e-02 1.520070e-01 2.287371e+00
1.799035e-01 2.926980e-01 2.351483e+00
4.271940e-01 4.333890e-01 2.415596e+00
1.958500e-01 3.218400e-01 2.337707e+00
-3.549400e-02 2.102910e-01 2.259818e+00
2.113265e-01 3.307015e-01 2.306478e+00
4.581470e-01 4.511120e-01 2.353138e+00
9.287300e-02 -4.806450e-02 2.528843e+00
-2.724010e-01 -5.472410e-01 2.704548e+00
-1.676740e-01 -5.495970e-01 2.718215e+00
-6.294700e-02 -5.519530e-01 2.731882e+00
-1.743005e-01 -7.612315e-01 2.745586e+00
-2.856540e-01 -9.705100e-01 2.759291e+00
-1.856500e-01 -9.743475e-01 2.751505e+00
-8.564600e-02 -9.781850e-01 2.743719e+00
-1.500610e-01 -9.859055e-01 2.670753e+00
-2.144760e-01 -9.936260e-01 2.597787e+00
-1.128290e-01 -9.901305e-01 2.590025e+00
-1.118200e-02 -9.866350e-01 2.582264e+00
-8.460850e-02 -2.985335e-01 2.459059e+00
-1.580350e-01 3.895680e-01 2.335854e+00
-2.331120e-01 2.858580e-01 2.410943e+00
-3.081890e-01 1.821480e-01 2.486032e+00
1.258400e-02 3.145590e-01 2.628149e+00
-9.866400e-02 2.441430e-01 2.450102e+00
-1.730230e-01 1.766520e-01 2.680821e+00
-3.047880e-01 -8.004700e-02 2.603882e+00
2.684200e-02 -3.592700e-02 2.805295e+00
-1.907430e-01 -4.532500e-02 2.787055e+00
-2.535200e-01 -8.105000e-02 2.459892e+00
2.802620e-01 3.415730e-01 2.651884e+00
-3.926100e-02 7.033700e-02 2.342643e+00
4.160080e-01 4.274630e-01 2.413623e+00
4.666000e-03 1.145920e-01 2.306792e+00
4.381610e-01 4.730830e-01 2.362620e+00
-2.912450e-01 -5.925760e-01 2.715486e+00
-5.809300e-02 -5.817030e-01 2.728088e+00
-2.862100e-01 -1.017277e+00 2.759459e+00
-8.768500e-02 -1.007374e+00 2.744154e+00
-1.978770e-01 -1.032156e+00 2.605641e+00
-4.725000e-03 -1.019068e+00 2.587103e+00
-1.638210e-01 2.417780e-01 2.290613e+00
-3.014050e-01 1.328850e-01 2.510346e+00
2.796700e-02 2.776320e-01 2.616114e+00
-9.084700e-02 1.775350e-01 2.458321e+00
-1.610230e-01 1.610620e-01 2.699400e+00
-2.974900e-01 -1.225650e-01 2.620489e+00
3.689500e-02 -7.072400e-02 2.815404e+00
-1.809330e-01 -6.979600e-02 2.797674e+00
-2.652320e-01 -1.354040e-01 2.506940e+00
2.979710e-01 2.586000e-01 2.610194e+00
-2.105500e-02 -4.479900e-02 2.383890e+00
4.369020e-01 3.418850e-01 2.372004e+00
3.238400e-02 -7.847000e-03 2.353033e+00
4.713370e-01 3.629930e-01 2.312489e+00
-3.027300e-01 -6.242160e-01 2.718560e+00
-6.101100e-02 -6.066600e-01 2.712539e+00
-2.822640e-01 -1.047600e+00 2.770105e+00
-9.664500e-02 -1.029792e+00 2.757463e+00
-2.073130e-01 -1.063537e+00 2.609443e+00
-2.694700e-02 -1.052877e+00 2.595311e+00
-1.709870e-01 2.164450e-01 2.295147e+00
-3.233180e-01 7.431000e-02 2.530886e+00
1.530000e-02 2.205810e-01 2.598471e+00
-1.156190e-01 1.064170e-01 2.461133e+00
-1.704510e-01 1.200570e-01 2.706332e+00
-3.137920e-01 -1.536190e-01 2.647295e+00
2.830900e-02 -1.066400e-01 2.829647e+00
-1.899170e-01 -1.006240e-01 2.819373e+00
-2.815290e-01 -1.908290e-01 2.570565e+00
2.626000e-01 1.097150e-01 2.585403e+00
-2.724800e-02 -1.784600e-01 2.434464e+00
4.361520e-01 1.549850e-01 2.359204e+00
3.765200e-02 -1.910730e-01 2.406138e+00
4.798530e-01 1.661490e-01 2.303178e+00
-3.095920e-01 -6.564500e-01 2.722236e+00
-6.763900e-02 -6.247950e-01 2.679780e+00
-2.821500e-01 -1.080301e+00 2.766127e+00
-1.048440e-01 -1.045254e+00 2.744268e+00
-2.179890e-01 -1.093287e+00 2.600601e+00
-4.873500e-02 -1.075704e+00 2.578110e+00
-1.730940e-01 1.550900e-01 2.303769e+00
-3.639230e-01 6.947800e-02 2.594015e+00
1.479000e-03 1.430400e-01 2.552839e+00
-1.846550e-01 6.218500e-02 2.464227e+00
-1.595950e-01 7.758900e-02 2.714127e+00
-3.497710e-01 -1.745260e-01 2.706348e+00
3.603000e-02 -1.916260e-01 2.764294e+00
-1.689230e-01 -1.475300e-01 2.826054e+00
-3.371190e-01 -2.010930e-01 2.604805e+00
1.135860e-01 -1.042990e-01 2.535542e+00
-1.710810e-01 -4.338020e-01 2.559047e+00
2.790300e-01 -2.890640e-01 2.386190e+00
-1.376400e-01 -4.697430e-01 2.611614e+00
3.202340e-01 -3.344430e-01 2.348557e+00
-3.158150e-01 -6.969650e-01 2.735703e+00
-8.906400e-02 -6.860160e-01 2.653169e+00
-2.789410e-01 -1.121448e+00 2.763685e+00
-1.106830e-01 -1.100224e+00 2.754624e+00
-2.722690e-01 -1.132571e+00 2.586158e+00
-8.796500e-02 -1.143343e+00 2.583426e+00
-2.376180e-01 1.010670e-01 2.304434e+00
-3.904320e-01 1.319980e-01 2.632826e+00
-3.708800e-02 1.446840e-01 2.507877e+00
-2.509650e-01 1.098980e-01 2.462251e+00
-1.666980e-01 8.855000e-02 2.698384e+00
-3.435610e-01 -1.379780e-01 2.774421e+00
3.583900e-02 -1.967880e-01 2.703079e+00
-1.322570e-01 -1.389790e-01 2.830226e+00
-4.440650e-01 -1.298460e-01 2.667998e+00
3.840000e-04 -1.222810e-01 2.506704e+00
-4.789110e-01 -4.082670e-01 2.608545e+00
-1.245000e-02 -3.953680e-01 2.419953e+00
-4.874010e-01 -4.779560e-01 2.592903e+00
-1.529900e-02 -4.489610e-01 2.372067e+00
-3.150050e-01 -6.729780e-01 2.747648e+00
-1.224340e-01 -6.849780e-01 2.643925e+00
-2.889520e-01 -1.099121e+00 2.754856e+00
-1.067170e-01 -1.097211e+00 2.754133e+00
-3.349580e-01 -1.104841e+00 2.582999e+00
-1.361530e-01 -1.143597e+00 2.584823e+00
-2.594110e-01 1.462820e-01 2.302232e+00
-3.780680e-01 1.994610e-01 2.668604e+00
-6.097300e-02 1.698380e-01 2.470619e+00
-2.824040e-01 1.681440e-01 2.471366e+00
-1.546370e-01 1.212730e-01 2.683012e+00
-3.453670e-01 -1.067990e-01 2.811109e+00
-8.804000e-03 -1.592300e-01 2.620139e+00
-1.273710e-01 -1.052570e-01 2.795619e+00
-5.402780e-01 -5.637000e-03 2.737003e+00
-9.397200e-02 -9.810200e-02 2.483831e+00
-7.116500e-01 -2.167610e-01 2.643432e+00
-2.587700e-01 -3.300090e-01 2.441906e+00
-7.543510e-01 -2.689760e-01 2.618462e+00
-3.170660e-01 -3.626490e-01 2.415268e+00
-3.231160e-01 -6.390210e-01 2.751608e+00
-1.356100e-01 -6.604340e-01 2.634393e+00
-2.920980e-01 -1.064888e+00 2.753616e+00
-1.108910e-01 -1.073791e+00 2.738577e+00
-3.902270e-01 -1.072735e+00 2.605315e+00
-1.828260e-01 -1.117615e+00 2.581769e+00
-2.898640e-01 2.236340e-01 2.309460e+00
-3.282490e-01 2.697780e-01 2.690116e+00
-6.139100e-02 1.988950e-01 2.436370e+00
-2.730250e-01 2.501760e-01 2.476572e+00
-1.336460e-01 1.390840e-01 2.654187e+00
-3.325390e-01 -5.696600e-02 2.814008e+00
-5.227300e-02 -1.294800e-01 2.551929e+00
-1.240390e-01 -7.580400e-02 2.751261e+00
-5.831020e-01 2.632420e-01 2.790555e+00
-2.267430e-01 -1.943800e-02 2.444729e+00
-8.462770e-01 2.121450e-01 2.676023e+00
-5.034470e-01 -1.093870e-01 2.462996e+00
-9.107110e-01 1.993720e-01 2.646722e+00
-5.743590e-01 -9.799000e-02 2.466869e+00
-3.258210e-01 -6.021870e-01 2.761105e+00
-1.585510e-01 -6.359180e-01 2.627528e+00
-2.926080e-01 -1.027893e+00 2.760396e+00
-1.224780e-01 -1.049651e+00 2.726791e+00
-4.205190e-01 -1.037667e+00 2.636997e+00
-2.315220e-01 -1.091393e+00 2.592438e+00
-2.640690e-01 3.499170e-01 2.330700e+00
-2.576620e-01 2.710880e-01 2.709244e+00
-6.559800e-02 2.242870e-01 2.400136e+00
-2.587480e-01 2.770790e-01 2.494695e+00
-8.908300e-02 1.405830e-01 2.620782e+00
-3.058290e-01 -3.844600e-02 2.824699e+00
-9.779500e-02 -1.142740e-01 2.503040e+00
-1.187510e-01 -6.715300e-02 2.715419e+00
-4.789890e-01 3.922120e-01 2.823683e+00
-2.737320e-01 4.423700e-02 2.431994e+00
-7.344350e-01 4.572880e-01 2.691793e+00
-5.654040e-01 4.985200e-02 2.474164e+00
-7.962940e-01 4.722980e-01 2.658305e+00
-6.258730e-01 8.869500e-02 2.477004e+00
-3.262580e-01 -5.858080e-01 2.770024e+00
-1.671100e-01 -6.251350e-01 2.636731e+00
-2.971780e-01 -1.011808e+00 2.767295e+00
-1.247960e-01 -1.041834e+00 2.719801e+00
-4.511310e-01 -1.021749e+00 2.678505e+00
-2.695060e-01 -1.076034e+00 2.621958e+00
-2.557820e-01 4.112970e-01 2.365580e+00
-1.810630e-01 2.729070e-01 2.736062e+00
-8.241300e-02 2.224130e-01 2.388387e+00
-2.362440e-01 2.926950e-01 2.531326e+00
-6.031700e-02 1.286040e-01 2.605076e+00
-2.649520e-01 -5.029700e-02 2.854614e+00
-1.532770e-01 -9.893000e-02 2.483593e+00
-1.153800e-01 -7.942300e-02 2.697947e+00
-4.001670e-01 4.235860e-01 2.822585e+00
-3.236670e-01 8.716100e-02 2.429622e+00
-6.180610e-01 6.035040e-01 2.729475e+00
-5.995450e-01 1.922390e-01 2.466599e+00
-6.697890e-01 6.456220e-01 2.702576e+00
-6.388200e-01 2.517770e-01 2.475875e+00
-3.268810e-01 -5.913930e-01 2.768842e+00
-1.683810e-01 -6.209210e-01 2.645713e+00
-2.860210e-01 -1.015788e+00 2.792263e+00
-1.181900e-01 -1.038599e+00 2.718895e+00
-4.568680e-01 -1.034786e+00 2.746064e+00
-2.865410e-01 -1.067592e+00 2.668882e+00
-2.227900e-01 4.597060e-01 2.412850e+00
-1.694710e-01 2.779860e-01 2.752077e+00
-8.788500e-02 2.376330e-01 2.398459e+00
-2.306390e-01 3.116860e-01 2.550683e+00
-6.464400e-02 1.319570e-01 2.609492e+00
-2.501110e-01 -4.657100e-02 2.846037e+00
-1.550320e-01 -1.038730e-01 2.471645e+00
-1.112640e-01 -9.933800e-02 2.685720e+00
-3.770180e-01 4.389230e-01 2.846915e+00
-3.414200e-01 1.212310e-01 2.410338e+00
-5.287970e-01 6.660070e-01 2.730049e+00
-5.818830e-01 2.923410e-01 2.444402e+00
-5.536850e-01 7.292330e-01 2.706463e+00
-6.080410e-01 3.552420e-01 2.467480e+00
-3.241660e-01 -5.921360e-01 2.772616e+00
-1.721510e-01 -6.188100e-01 2.658868e+00
-2.885570e-01 -1.017408e+00 2.786926e+00
-1.073750e-01 -1.032151e+00 2.744201e+00
-4.615940e-01 -1.033197e+00 2.748287e+00
-2.774640e-01 -1.066921e+00 2.704895e+00
-2.130720e-01 4.834070e-01 2.427590e+00
-1.405050e-01 2.559210e-01 2.766714e+00
-1.171700e-01 2.406540e-01 2.402610e+00
-2.371880e-01 2.946280e-01 2.580704e+00
-5.080700e-02 1.266500e-01 2.599693e+00
-2.212900e-01 -4.932700e-02 2.853296e+00
-1.926230e-01 -9.038600e-02 2.466017e+00
-1.129630e-01 -9.651800e-02 2.669441e+00
-3.670600e-01 3.954990e-01 2.850556e+00
-3.645980e-01 1.120450e-01 2.393797e+00
-5.250150e-01 6.237360e-01 2.745345e+00
-5.725300e-01 3.178610e-01 2.443949e+00
-5.534730e-01 6.672810e-01 2.695673e+00
-6.074400e-01 3.741320e-01 2.472024e+00
-3.260240e-01 -5.882160e-01 2.768328e+00
-1.696480e-01 -6.090080e-01 2.653479e+00
-2.825340e-01 -1.011858e+00 2.799409e+00
-1.101370e-01 -1.021432e+00 2.746720e+00
-4.589570e-01 -1.030988e+00 2.785516e+00
-2.855900e-01 -1.049276e+00 2.735542e+00
-1.939340e-01 4.916970e-01 2.447026e+00
-2.356950e-01 3.273470e-01 2.732380e+00
-5.855500e-02 2.387950e-01 2.414935e+00
-2.406730e-01 3.192520e-01 2.511862e+00
-8.325800e-02 1.713640e-01 2.640955e+00
-3.162680e-01 -2.135800e-02 2.801180e+00
-1.325040e-01 -6.788300e-02 2.459773e+00
-1.397220e-01 -5.917700e-02 2.678031e+00
-4.582650e-01 3.837010e-01 2.890513e+00
-3.103100e-01 1.231250e-01 2.383968e+00
-5.720980e-01 5.756120e-01 2.695095e+00
-5.656270e-01 2.650830e-01 2.435324e+00
-6.087760e-01 6.179050e-01 2.649935e+00
-6.098730e-01 3.184950e-01 2.454371e+00
-3.267860e-01 -5.659370e-01 2.768272e+00
-1.708390e-01 -5.855590e-01 2.647761e+00
-2.930790e-01 -9.912900e-01 2.784653e+00
-1.149200e-01 -9.974280e-01 2.745568e+00
-4.548100e-01 -1.006905e+00 2.711966e+00
-2.697090e-01 -1.037071e+00 2.667127e+00
-1.835090e-01 5.411890e-01 2.438545e+00
-2.688760e-01 3.088850e-01 2.709408e+00
-3.113700e-02 2.485410e-01 2.425746e+00
-2.281190e-01 3.246990e-01 2.492327e+00
-1.025850e-01 1.580540e-01 2.632989e+00
-3.456960e-01 -3.636400e-02 2.762772e+00
-9.498500e-02 -7.157500e-02 2.465455e+00
-1.462040e-01 -6.360600e-02 2.677770e+00
-4.722110e-01 2.427810e-01 2.887865e+00
-2.617630e-01 9.895600e-02 2.381053e+00
-6.780810e-01 3.672000e-01 2.714846e+00
-5.547820e-01 1.205370e-01 2.419416e+00
-7.379270e-01 3.911980e-01 2.682974e+00
-6.088670e-01 1.643310e-01 2.437586e+00
-3.214180e-01 -5.749310e-01 2.765732e+00
-1.609440e-01 -5.920840e-01 2.647714e+00
-2.999420e-01 -1.001381e+00 2.768588e+00
-1.092020e-01 -1.003061e+00 2.751395e+00
-4.442040e-01 -1.009342e+00 2.664621e+00
-2.444350e-01 -1.047091e+00 2.644356e+00
-1.854390e-01 5.521350e-01 2.469396e+00
-2.842640e-01 3.169370e-01 2.732876e+00
-4.046500e-02 2.736530e-01 2.451250e+00
-2.421190e-01 3.377980e-01 2.516488e+00
-1.089530e-01 1.766490e-01 2.656535e+00
-3.452640e-01 -2.692900e-02 2.757375e+00
-8.040000e-02 -6.547400e-02 2.473027e+00
-1.420770e-01 -5.648000e-02 2.682501e+00
-4.709210e-01 1.415720e-01 2.839626e+00
-2.073360e-01 5.930700e-02 2.394690e+00
-7.385820e-01 1.586130e-01 2.716269e+00
-4.908290e-01 -2.061400e-02 2.414545e+00
-8.037460e-01 1.628660e-01 2.686120e+00
-5.592340e-01 -3.895100e-02 2.427111e+00
-3.243170e-01 -5.674230e-01 2.755478e+00
-1.439220e-01 -5.847650e-01 2.649691e+00
-2.912880e-01 -9.930180e-01 2.765809e+00
-1.087730e-01 -1.001694e+00 2.734920e+00
-4.309830e-01 -1.006517e+00 2.656323e+00
-2.388460e-01 -1.036461e+00 2.618488e+00
-1.672140e-01 5.650680e-01 2.478868e+00
-3.069880e-01 3.174960e-01 2.713385e+00
-2.537400e-02 2.662160e-01 2.471127e+00
-2.360000e-01 3.262460e-01 2.503816e+00
-1.185480e-01 1.797790e-01 2.671351e+00
-3.594320e-01 -3.676200e-02 2.749068e+00
-6.687600e-02 -5.992400e-02 2.491450e+00
-1.490340e-01 -5.822600e-02 2.693963e+00
-4.265190e-01 8.068300e-02 2.790488e+00
-1.502130e-01 2.382400e-02 2.426689e+00
-6.566180e-01 -9.598300e-02 2.743279e+00
-3.749620e-01 -1.651300e-01 2.413687e+00
-7.092830e-01 -1.103420e-01 2.790113e+00
-4.214200e-01 -2.195300e-01 2.421140e+00
-3.225160e-01 -5.754610e-01 2.740143e+00
-1.336620e-01 -5.848970e-01 2.652671e+00
-2.825260e-01 -9.995550e-01 2.769717e+00
-1.049830e-01 -1.002997e+00 2.734522e+00
-4.082780e-01 -1.020080e+00 2.645422e+00
-2.220390e-01 -1.036448e+00 2.604665e+00
-1.554900e-01 5.741790e-01 2.505361e+00
-3.329890e-01 3.283370e-01 2.697836e+00
-4.610000e-03 2.819690e-01 2.522787e+00
-2.150150e-01 3.501000e-01 2.511708e+00
-1.444870e-01 1.847780e-01 2.687804e+00
-3.824910e-01 -3.986000e-02 2.685277e+00
-3.851300e-02 -7.200600e-02 2.503238e+00
-1.644620e-01 -5.431400e-02 2.680969e+00
-4.010340e-01 6.239600e-02 2.733930e+00
-1.941800e-02 1.153000e-02 2.465329e+00
-4.303370e-01 -2.270670e-01 2.687801e+00
-9.870200e-02 -2.711490e-01 2.441212e+00
-4.703380e-01 -2.868170e-01 2.686028e+00
-1.262660e-01 -3.286020e-01 2.474571e+00
-3.224210e-01 -5.790150e-01 2.721129e+00
-1.219210e-01 -5.916400e-01 2.660202e+00
-2.883570e-01 -1.001681e+00 2.771349e+00
-1.052540e-01 -1.009851e+00 2.744764e+00
-3.793230e-01 -1.026942e+00 2.620448e+00
-1.893980e-01 -1.044153e+00 2.591705e+00
-1.643550e-01 5.837910e-01 2.521586e+00
-3.516580e-01 3.287700e-01 2.692477e+00
9.210000e-04 3.096860e-01 2.566186e+00
-2.093580e-01 3.671150e-01 2.527202e+00
-1.553680e-01 1.961600e-01 2.703766e+00
-3.888000e-01 -2.637300e-02 2.658170e+00
-1.656200e-02 -4.630800e-02 2.541834e+00
-1.733820e-01 -3.614900e-02 2.693718e+00
-4.117190e-01 5.781900e-02 2.721410e+00
3.382200e-02 3.776000e-02 2.512962e+00
-4.345910e-01 -2.270730e-01 2.641108e+00
4.730200e-02 -2.567230e-01 2.477846e+00
-4.684660e-01 -2.901760e-01 2.634488e+00
5.148100e-02 -3.285130e-01 2.476400e+00
-3.167310e-01 -5.623550e-01 2.712945e+00
-1.190730e-01 -5.733490e-01 2.659925e+00
-2.875670e-01 -9.846740e-01 2.768855e+00
-1.058730e-01 -9.910360e-01 2.747635e+00
-3.468150e-01 -1.010717e+00 2.603037e+00
-1.591540e-01 -1.027550e+00 2.581768e+00
-1.773140e-01 5.900660e-01 2.527952e+00
-3.616070e-01 3.356110e-01 2.688690e+00
3.540000e-04 3.159060e-01 2.592664e+00
-2.055470e-01 3.750630e-01 2.536625e+00
-1.676590e-01 2.016940e-01 2.715015e+00
-3.896770e-01 -2.474400e-02 2.648683e+00
-1.110600e-02 -3.512300e-02 2.553450e+00
-1.764760e-01 -3.134600e-02 2.696289e+00
-4.241920e-01 6.198900e-02 2.715971e+00
7.861000e-02 4.674400e-02 2.561716e+00
-4.882960e-01 -2.138770e-01 2.616900e+00
1.595640e-01 -2.382290e-01 2.514139e+00
-4.938600e-01 -2.854720e-01 2.620973e+00
1.718170e-01 -3.090790e-01 2.516016e+00
-3.093130e-01 -5.585930e-01 2.707426e+00
-1.065610e-01 -5.647460e-01 2.664971e+00
-2.911160e-01 -9.802780e-01 2.772084e+00
-9.904800e-02 -9.832260e-01 2.749513e+00
-3.379960e-01 -1.008278e+00 2.602666e+00
-1.419640e-01 -1.018174e+00 2.580336e+00
-1.799370e-01 5.931160e-01 2.539651e+00
-3.671230e-01 3.310770e-01 2.682522e+00
3.225000e-03 3.206800e-01 2.624562e+00
-1.966790e-01 3.796730e-01 2.549773e+00
-1.746270e-01 1.986480e-01 2.723147e+00
-3.731980e-01 -1.966200e-02 2.638247e+00
1.060200e-02 -3.804000e-02 2.568588e+00
-1.640260e-01 -3.399800e-02 2.699939e+00
-4.553430e-01 6.028900e-02 2.681431e+00
1.151480e-01 5.998500e-02 2.599641e+00
-5.105990e-01 -2.179160e-01 2.574832e+00
2.220850e-01 -2.211970e-01 2.563363e+00
-5.238720e-01 -2.820590e-01 2.545118e+00
2.314400e-01 -2.912150e-01 2.549823e+00
-2.956840e-01 -5.548970e-01 2.708610e+00
-9.553800e-02 -5.612430e-01 2.691968e+00
-2.909690e-01 -9.771510e-01 2.771926e+00
-9.622400e-02 -9.836400e-01 2.754492e+00
-3.253920e-01 -1.003424e+00 2.599274e+00
-1.290930e-01 -1.009204e+00 2.581431e+00
-1.810630e-01 5.964340e-01 2.565298e+00
-3.716810e-01 3.322270e-01 2.673561e+00
2.676000e-03 3.242290e-01 2.653123e+00
-1.888310e-01 3.867220e-01 2.561173e+00
-1.837860e-01 1.979420e-01 2.727462e+00
-3.688030e-01 -2.104000e-02 2.626188e+00
2.037900e-02 -3.087400e-02 2.595634e+00
-1.667730e-01 -3.458100e-02 2.708438e+00
-4.550740e-01 5.894300e-02 2.668444e+00
1.115350e-01 6.026700e-02 2.641358e+00
-4.975540e-01 -2.186000e-01 2.551793e+00
2.127260e-01 -2.188930e-01 2.575997e+00
-4.643520e-01 -2.812030e-01 2.539471e+00
2.191110e-01 -2.905290e-01 2.576873e+00
-2.877180e-01 -5.537660e-01 2.705440e+00
-8.442100e-02 -5.559690e-01 2.706809e+00
-2.872820e-01 -9.752300e-01 2.773978e+00
-9.414000e-02 -9.803860e-01 2.752689e+00
-3.029340e-01 -1.003706e+00 2.598969e+00
-1.081790e-01 -9.991390e-01 2.576237e+00
-1.810140e-01 5.985050e-01 2.584742e+00
-3.743490e-01 3.310200e-01 2.678733e+00
5.350000e-04 3.272520e-01 2.670229e+00
-1.885170e-01 3.927410e-01 2.575331e+00
-1.869450e-01 1.957520e-01 2.731882e+00
-3.592140e-01 -1.524400e-02 2.624724e+00
3.016100e-02 -3.203900e-02 2.600273e+00
-1.588760e-01 -3.448900e-02 2.709924e+00
-4.384260e-01 5.293100e-02 2.651156e+00
9.468400e-02 5.671100e-02 2.658257e+00
-4.629860e-01 -2.350660e-01 2.553672e+00
1.897230e-01 -2.281420e-01 2.604639e+00
-4.329490e-01 -2.938080e-01 2.525029e+00
1.762450e-01 -2.914730e-01 2.573320e+00
-2.815480e-01 -5.496880e-01 2.705145e+00
-8.130800e-02 -5.524140e-01 2.718230e+00
-2.859110e-01 -9.718560e-01 2.769055e+00
-9.040600e-02 -9.780000e-01 2.751733e+00
-2.990310e-01 -9.982940e-01 2.593519e+00
-1.025680e-01 -9.916790e-01 2.574677e+00
-1.833540e-01 5.969710e-01 2.591318e+00
-3.747530e-01 3.285450e-01 2.662478e+00
-8.570000e-04 3.207510e-01 2.690150e+00
-1.791950e-01 3.892620e-01 2.578183e+00
-1.947160e-01 1.907010e-01 2.731962e+00
-3.687740e-01 -2.554400e-02 2.596886e+00
2.063600e-02 -2.246800e-02 2.625914e+00
-1.812370e-01 -3.495500e-02 2.708714e+00
-4.182960e-01 4.430400e-02 2.644379e+00
6.578100e-02 4.043800e-02 2.690927e+00
-3.977340e-01 -2.526010e-01 2.570913e+00
9.534300e-02 -2.577890e-01 2.626431e+00
-3.688080e-01 -3.164870e-01 2.554939e+00
8.218400e-02 -3.198280e-01 2.592501e+00
-2.759180e-01 -5.521840e-01 2.705138e+00
-7.597800e-02 -5.501310e-01 2.721197e+00
-2.789890e-01 -9.734680e-01 2.774705e+00
-8.963800e-02 -9.757980e-01 2.752016e+00
-2.658730e-01 -1.002483e+00 2.599577e+00
-7.469300e-02 -9.890840e-01 2.575142e+00
-1.860060e-01 5.936050e-01 2.590121e+00
