-3.568690e-01 2.780480e-01 2.482321e+00
-1.292500e-02 3.027430e-01 2.471472e+00
-1.728830e-01 1.523940e-01 2.543655e+00
1.978300e-02 -3.276900e-02 2.399315e+00
-4.100680e-01 1.048700e-02 2.423105e+00
-3.936370e-01 -2.626040e-01 2.313409e+00
-3.734160e-01 -3.236280e-01 2.325875e+00
-2.508340e-01 -5.440070e-01 2.515342e+00
-2.576850e-01 -9.358640e-01 2.625114e+00
-2.498640e-01 -9.785250e-01 2.473314e+00
-1.932060e-01 5.587400e-01 2.385138e+00
-1.089800e-02 3.004600e-01 2.470896e+00
-1.753780e-01 1.542770e-01 2.541455e+00
1.986100e-02 -3.287900e-02 2.401759e+00
-4.092520e-01 1.287200e-02 2.421197e+00
-3.778440e-01 -2.579610e-01 2.306990e+00
-3.711740e-01 -3.231030e-01 2.307551e+00
-2.528110e-01 -5.424330e-01 2.512302e+00
-2.580010e-01 -9.340650e-01 2.622968e+00
-2.477700e-01 -9.770310e-01 2.471397e+00
-1.931760e-01 5.593170e-01 2.378547e+00
-1.028900e-02 3.003090e-01 2.471071e+00
-1.729230e-01 1.526670e-01 2.542859e+00
1.528800e-02 -3.554600e-02 2.388499e+00
-4.058990e-01 8.719000e-03 2.420275e+00
-3.742640e-01 -2.660960e-01 2.314159e+00
-3.556170e-01 -3.176780e-01 2.349934e+00
-2.516540e-01 -5.445900e-01 2.510380e+00
-2.551400e-01 -9.349420e-01 2.625541e+00
-2.540700e-01 -9.796220e-01 2.474124e+00
-1.970500e-01 5.566470e-01 2.378635e+00
-1.305300e-02 2.934980e-01 2.459827e+00
-1.737310e-01 1.475180e-01 2.539037e+00
1.702800e-02 -4.117200e-02 2.392177e+00
-4.047000e-01 4.700000e-04 2.422188e+00
-3.737960e-01 -2.780820e-01 2.323663e+00
-3.602180e-01 -3.303090e-01 2.360761e+00
-2.540610e-01 -5.481190e-01 2.512103e+00
-2.482290e-01 -9.393690e-01 2.624079e+00
-2.447170e-01 -9.827500e-01 2.472321e+00
-1.988130e-01 5.550930e-01 2.382475e+00
-1.451300e-02 2.956030e-01 2.454959e+00
-1.739610e-01 1.513440e-01 2.539621e+00
1.748100e-02 -4.438200e-02 2.380013e+00
-4.065060e-01 3.458000e-03 2.425918e+00
-3.772370e-01 -2.792410e-01 2.338532e+00
-3.581840e-01 -3.340710e-01 2.368847e+00
-2.534590e-01 -5.489220e-01 2.509981e+00
-2.495210e-01 -9.408030e-01 2.619810e+00
-2.544490e-01 -9.834330e-01 2.467880e+00
-1.974200e-01 5.562180e-01 2.376791e+00
-1.180000e-02 2.962200e-01 2.457086e+00
-1.731830e-01 1.511080e-01 2.536456e+00
1.769300e-02 -4.272200e-02 2.377718e+00
-4.068020e-01 6.646000e-03 2.430669e+00
-3.828370e-01 -2.792520e-01 2.351234e+00
-3.633920e-01 -3.382870e-01 2.371850e+00
-2.526850e-01 -5.472440e-01 2.509602e+00
-2.535900e-01 -9.402330e-01 2.615466e+00
-2.607110e-01 -9.812410e-01 2.463176e+00
-1.954680e-01 5.569140e-01 2.376538e+00
-1.250100e-02 2.969860e-01 2.451713e+00
-1.683640e-01 1.497580e-01 2.537925e+00
1.358500e-02 -3.948700e-02 2.366913e+00
-4.098860e-01 2.617000e-03 2.436596e+00
-3.848430e-01 -2.854290e-01 2.364021e+00
-3.514150e-01 -3.309730e-01 2.397136e+00
-2.508480e-01 -5.501150e-01 2.513183e+00
-2.549840e-01 -9.399890e-01 2.629930e+00
-2.680990e-01 -9.849930e-01 2.479175e+00
-1.946020e-01 5.551910e-01 2.377111e+00
-9.556000e-03 2.986200e-01 2.452763e+00
-1.669890e-01 1.508570e-01 2.535119e+00
1.797700e-02 -4.322700e-02 2.372038e+00
-4.076910e-01 7.070000e-04 2.433338e+00
-3.936870e-01 -2.897730e-01 2.367576e+00
-3.574000e-01 -3.339080e-01 2.399570e+00
-2.484540e-01 -5.494150e-01 2.508944e+00
-2.474580e-01 -9.411580e-01 2.619328e+00
-2.585010e-01 -9.838980e-01 2.467750e+00
-1.924330e-01 5.547540e-01 2.371007e+00
-2.685000e-03 3.012870e-01 2.451005e+00
-1.568170e-01 1.497380e-01 2.532725e+00
2.313900e-02 -4.209600e-02 2.372290e+00
-4.046120e-01 -3.011000e-03 2.430602e+00
-3.838490e-01 -2.935090e-01 2.365813e+00
-3.593450e-01 -3.438210e-01 2.399821e+00
-2.443170e-01 -5.501760e-01 2.509471e+00
-2.532410e-01 -9.432920e-01 2.614490e+00
-2.629370e-01 -9.837560e-01 2.462197e+00
-1.930380e-01 5.516890e-01 2.366086e+00
-3.356000e-03 2.979670e-01 2.436501e+00
-1.590170e-01 1.541920e-01 2.528697e+00
3.888000e-02 -4.333100e-02 2.387782e+00
-3.984290e-01 -5.489000e-03 2.421900e+00
-3.784140e-01 -2.940360e-01 2.349773e+00
-3.680580e-01 -3.444640e-01 2.390246e+00
-2.394060e-01 -5.517650e-01 2.513601e+00
-2.431320e-01 -9.427620e-01 2.626544e+00
-2.407510e-01 -9.865900e-01 2.474893e+00
-1.859640e-01 5.524470e-01 2.351432e+00
8.920000e-04 3.003440e-01 2.444768e+00
-1.612720e-01 1.560320e-01 2.524005e+00
4.708800e-02 -4.091200e-02 2.399975e+00
-3.895120e-01 -2.158000e-03 2.407063e+00
-3.680690e-01 -2.909850e-01 2.337688e+00
-3.565710e-01 -3.536220e-01 2.352938e+00
-2.336050e-01 -5.504520e-01 2.518237e+00
-2.455740e-01 -9.438670e-01 2.621824e+00
-2.344040e-01 -9.842830e-01 2.469619e+00
-1.822000e-01 5.514650e-01 2.339095e+00
7.673000e-03 3.075960e-01 2.448061e+00
-1.564100e-01 1.638410e-01 2.524304e+00
5.801300e-02 -3.997800e-02 2.413173e+00
-3.752270e-01 -1.525000e-03 2.380065e+00
-3.551470e-01 -2.902730e-01 2.311310e+00
-3.276460e-01 -3.464850e-01 2.330601e+00
-2.249140e-01 -5.478380e-01 2.520871e+00
-2.498180e-01 -9.410740e-01 2.622822e+00
-2.316640e-01 -9.815090e-01 2.471296e+00
-1.695150e-01 5.503930e-01 2.321162e+00
1.381500e-02 3.162990e-01 2.457031e+00
-1.329210e-01 3.382890e-01 2.275762e+00
-1.567890e-01 1.729950e-01 2.518350e+00
-2.904780e-01 -5.060400e-02 2.372310e+00
7.087800e-02 -3.732800e-02 2.436504e+00
-1.298730e-01 -4.481700e-02 2.517573e+00
-3.520710e-01 3.335000e-03 2.343635e+00
1.447340e-01 6.906100e-02 2.436428e+00
-2.996600e-01 -2.768740e-01 2.263195e+00
2.037080e-01 -1.886700e-01 2.302892e+00
-2.884810e-01 -3.406950e-01 2.272693e+00
1.730650e-01 -2.465350e-01 2.303854e+00
-2.196740e-01 -5.394430e-01 2.522323e+00
-2.095200e-02 -5.406600e-01 2.529791e+00
-2.420020e-01 -9.335970e-01 2.621280e+00
-4.087500e-02 -9.389300e-01 2.611236e+00
-2.134350e-01 -9.729260e-01 2.471075e+00
-1.193600e-02 -9.714130e-01 2.459473e+00
-1.515840e-01 5.372600e-01 2.279715e+00
-3.078590e-01 2.790170e-01 2.375345e+00
2.179100e-02 3.238310e-01 2.466708e+00
-1.066830e-01 3.390330e-01 2.271421e+00
-1.526400e-01 1.802020e-01 2.515146e+00
-2.833720e-01 -5.054800e-02 2.359815e+00
7.056800e-02 -2.916100e-02 2.455441e+00
-1.363430e-01 -4.049100e-02 2.518594e+00
-3.301630e-01 7.305000e-03 2.309063e+00
1.610340e-01 8.209900e-02 2.436790e+00
-2.449050e-01 -2.622540e-01 2.220552e+00
2.348360e-01 -1.561870e-01 2.276982e+00
-2.173470e-01 -3.201850e-01 2.233697e+00
2.135570e-01 -2.180270e-01 2.280338e+00
-2.117440e-01 -5.348510e-01 2.526560e+00
-1.847300e-02 -5.353890e-01 2.537817e+00
-2.416800e-01 -9.312320e-01 2.613939e+00
-4.177800e-02 -9.351120e-01 2.610803e+00
-1.984560e-01 -9.670250e-01 2.466375e+00
1.427000e-03 -9.648220e-01 2.461889e+00
-1.351100e-01 5.326610e-01 2.260595e+00
-2.893510e-01 2.775620e-01 2.348510e+00
3.233200e-02 3.214210e-01 2.465220e+00
-7.777500e-02 3.222850e-01 2.258461e+00
-1.507020e-01 1.876680e-01 2.510056e+00
-2.714890e-01 -5.386000e-02 2.358110e+00
7.666400e-02 -2.682800e-02 2.471840e+00
-1.332590e-01 -3.800100e-02 2.524153e+00
-2.877110e-01 8.292000e-03 2.271858e+00
1.875560e-01 9.112700e-02 2.429800e+00
-1.589990e-01 -2.415550e-01 2.180194e+00
2.554770e-01 -1.238370e-01 2.238566e+00
-1.242450e-01 -2.968610e-01 2.184850e+00
2.529760e-01 -1.890360e-01 2.244147e+00
-2.097400e-01 -5.351180e-01 2.534086e+00
-1.913000e-02 -5.354690e-01 2.547158e+00
-2.393860e-01 -9.338010e-01 2.610388e+00
-4.385800e-02 -9.360850e-01 2.614565e+00
-1.874600e-01 -9.655420e-01 2.464715e+00
7.193000e-03 -9.639330e-01 2.467790e+00
-1.248560e-01 5.197450e-01 2.229520e+00
-2.580790e-01 2.745090e-01 2.309985e+00
4.983600e-02 3.131370e-01 2.460719e+00
-3.447200e-02 2.941430e-01 2.242992e+00
-1.469980e-01 1.978030e-01 2.497545e+00
-2.547300e-01 -6.418500e-02 2.354021e+00
7.306200e-02 -2.262400e-02 2.514335e+00
-1.422320e-01 -3.222700e-02 2.536371e+00
-2.161020e-01 1.549000e-02 2.220651e+00
2.210900e-01 1.001060e-01 2.414637e+00
-2.264400e-02 -1.892220e-01 2.141082e+00
3.000420e-01 -7.483900e-02 2.193675e+00
3.807100e-02 -2.137030e-01 2.142671e+00
2.966050e-01 -1.324370e-01 2.162709e+00
-2.110730e-01 -5.398550e-01 2.548080e+00
-1.898000e-02 -5.385130e-01 2.560569e+00
-2.470990e-01 -9.406900e-01 2.608757e+00
-3.696700e-02 -9.426480e-01 2.605291e+00
-1.731070e-01 -9.680410e-01 2.472002e+00
2.965700e-02 -9.613170e-01 2.463386e+00
-9.312500e-02 4.880590e-01 2.179963e+00
-2.366140e-01 2.649710e-01 2.291047e+00
6.161200e-02 3.135120e-01 2.457569e+00
-9.091000e-03 2.785670e-01 2.236993e+00
-1.381630e-01 2.021070e-01 2.490439e+00
-2.469230e-01 -7.354900e-02 2.352384e+00
7.409500e-02 -2.102000e-02 2.522864e+00
-1.419280e-01 -2.950600e-02 2.536681e+00
-1.498010e-01 1.978000e-02 2.196558e+00
2.364670e-01 1.066150e-01 2.400977e+00
8.661400e-02 -1.402930e-01 2.134350e+00
3.212280e-01 -4.564100e-02 2.166416e+00
1.490800e-01 -1.568640e-01 2.144914e+00
3.215940e-01 -1.026040e-01 2.134116e+00
-2.156280e-01 -5.429690e-01 2.556206e+00
-2.099600e-02 -5.379620e-01 2.573488e+00
-2.462200e-01 -9.457730e-01 2.605819e+00
-4.103300e-02 -9.434820e-01 2.601787e+00
-1.658000e-01 -9.683810e-01 2.471857e+00
2.419400e-02 -9.566950e-01 2.458625e+00
-7.748200e-02 4.648820e-01 2.152615e+00
-2.156400e-01 2.583000e-01 2.268781e+00
7.146700e-02 3.090210e-01 2.453232e+00
1.514300e-02 2.674720e-01 2.229681e+00
-1.315550e-01 2.010720e-01 2.476281e+00
-2.337380e-01 -7.256600e-02 2.349500e+00
7.254100e-02 -2.209200e-02 2.545768e+00
-1.440130e-01 -2.525300e-02 2.540916e+00
-9.602200e-02 2.496200e-02 2.185353e+00
2.548770e-01 1.110590e-01 2.399499e+00
1.683170e-01 -8.925900e-02 2.146676e+00
3.430230e-01 -2.563100e-02 2.158743e+00
2.310850e-01 -7.403700e-02 2.157479e+00
3.649250e-01 -5.800500e-02 2.106203e+00
-2.186020e-01 -5.417500e-01 2.559061e+00
-2.222300e-02 -5.383810e-01 2.585957e+00
-2.402270e-01 -9.446800e-01 2.612250e+00
-3.637000e-02 -9.446640e-01 2.605535e+00
-1.503420e-01 -9.663950e-01 2.484291e+00
4.485600e-02 -9.540000e-01 2.470480e+00
-6.307600e-02 4.415180e-01 2.127215e+00
-1.893370e-01 2.528250e-01 2.235911e+00
8.502300e-02 2.893790e-01 2.441860e+00
4.390000e-02 2.451930e-01 2.215519e+00
-1.262330e-01 1.961520e-01 2.450871e+00
-2.258590e-01 -7.589300e-02 2.353310e+00
7.304200e-02 -2.377000e-02 2.560233e+00
-1.430000e-01 -1.864800e-02 2.545108e+00
-5.908800e-02 2.671000e-02 2.190908e+00
2.749270e-01 1.066230e-01 2.416270e+00
2.126950e-01 -3.791000e-02 2.179291e+00
3.294740e-01 3.108400e-02 2.152652e+00
2.759290e-01 -2.098800e-02 2.181117e+00
3.835590e-01 -5.831000e-03 2.152135e+00
-2.241020e-01 -5.435170e-01 2.562922e+00
-2.657000e-02 -5.372580e-01 2.605587e+00
-2.426770e-01 -9.473590e-01 2.609987e+00
-3.862000e-02 -9.440770e-01 2.606780e+00
-1.482030e-01 -9.662800e-01 2.484922e+00
5.092900e-02 -9.471110e-01 2.476795e+00
-4.835500e-02 3.882390e-01 2.085680e+00
-1.570760e-01 2.408120e-01 2.219891e+00
1.104760e-01 2.740830e-01 2.435144e+00
7.605600e-02 2.203000e-01 2.209764e+00
-1.056030e-01 1.922950e-01 2.439887e+00
-2.246260e-01 -8.695700e-02 2.352026e+00
6.695800e-02 -2.553600e-02 2.566693e+00
-1.482930e-01 -1.921300e-02 2.543110e+00
-4.205000e-02 1.025900e-02 2.198561e+00
2.898610e-01 8.795100e-02 2.431101e+00
2.294140e-01 -1.760500e-02 2.191241e+00
3.431430e-01 6.033700e-02 2.164790e+00
2.891270e-01 9.239000e-03 2.189858e+00
4.049190e-01 4.685500e-02 2.147755e+00
-2.264730e-01 -5.490730e-01 2.570387e+00
-2.944300e-02 -5.389960e-01 2.614522e+00
-2.469350e-01 -9.528150e-01 2.617525e+00
-4.099600e-02 -9.457860e-01 2.608441e+00
-1.478030e-01 -9.720090e-01 2.496162e+00
5.280300e-02 -9.465510e-01 2.481453e+00
-4.120900e-02 3.546920e-01 2.066911e+00
-1.467010e-01 2.212150e-01 2.209610e+00
1.154030e-01 2.524650e-01 2.431759e+00
8.581600e-02 1.928640e-01 2.207157e+00
-1.033230e-01 1.778990e-01 2.432420e+00
-2.217560e-01 -9.806500e-02 2.358177e+00
6.593200e-02 -3.728800e-02 2.578216e+00
-1.483830e-01 -2.583200e-02 2.548775e+00
-2.711700e-02 -4.893000e-03 2.200289e+00
3.068770e-01 8.291400e-02 2.441861e+00
2.431320e-01 -5.162000e-03 2.202773e+00
3.728340e-01 9.218700e-02 2.179936e+00
2.967770e-01 3.164000e-02 2.210262e+00
3.884090e-01 9.476700e-02 2.116383e+00
-2.292060e-01 -5.599610e-01 2.574446e+00
-3.367200e-02 -5.495700e-01 2.619657e+00
-2.477580e-01 -9.644420e-01 2.615673e+00
-4.205200e-02 -9.563080e-01 2.607696e+00
-1.465070e-01 -9.813120e-01 2.495722e+00
5.376000e-02 -9.545920e-01 2.482230e+00
-2.607000e-02 3.112620e-01 2.054236e+00
-1.475260e-01 1.735850e-01 2.199050e+00
1.167300e-01 2.116250e-01 2.417561e+00
8.208100e-02 1.272510e-01 2.201797e+00
-1.071240e-01 1.548510e-01 2.425807e+00
-2.272470e-01 -1.252520e-01 2.369885e+00
6.473500e-02 -6.046900e-02 2.583018e+00
-1.489190e-01 -4.058300e-02 2.553257e+00
-4.771600e-02 -6.212400e-02 2.209611e+00
3.299140e-01 8.005900e-02 2.471181e+00
2.189650e-01 -1.833200e-02 2.221380e+00
3.598760e-01 1.068800e-01 2.203677e+00
2.667860e-01 2.595700e-02 2.227696e+00
4.025900e-01 1.376120e-01 2.164699e+00
-2.366720e-01 -5.810010e-01 2.590658e+00
-3.427000e-02 -5.685840e-01 2.631222e+00
-2.506640e-01 -9.869120e-01 2.616916e+00
-4.130100e-02 -9.747790e-01 2.606632e+00
-1.510510e-01 -9.982350e-01 2.494959e+00
5.288400e-02 -9.687490e-01 2.480073e+00
-2.769400e-02 2.371380e-01 2.034926e+00
-1.513360e-01 1.470520e-01 2.194866e+00
1.218660e-01 1.681360e-01 2.404488e+00
7.361800e-02 8.176700e-02 2.192152e+00
-1.055530e-01 1.304880e-01 2.420767e+00
-2.385980e-01 -1.429450e-01 2.393053e+00
6.651900e-02 -9.282900e-02 2.591214e+00
-1.464520e-01 -5.914000e-02 2.570296e+00
-1.803900e-02 -7.129500e-02 2.210962e+00
3.415810e-01 5.452500e-02 2.471725e+00
2.454330e-01 -1.732400e-02 2.241353e+00
3.616070e-01 8.833900e-02 2.203939e+00
2.947910e-01 2.561700e-02 2.238516e+00
4.068160e-01 1.277600e-01 2.177663e+00
-2.367140e-01 -6.034270e-01 2.604734e+00
-4.656700e-02 -5.942820e-01 2.641832e+00
-2.531000e-01 -1.010077e+00 2.608790e+00
-4.012200e-02 -9.988300e-01 2.597696e+00
-1.609740e-01 -1.015066e+00 2.480679e+00
4.702600e-02 -9.831820e-01 2.466987e+00
-2.407400e-02 1.919660e-01 2.025029e+00
-1.666620e-01 9.206200e-02 2.187472e+00
1.156940e-01 1.459510e-01 2.378250e+00
6.081900e-02 3.690400e-02 2.178322e+00
-1.084090e-01 1.000200e-01 2.410956e+00
-2.516130e-01 -1.671530e-01 2.409824e+00
5.439400e-02 -1.010110e-01 2.601815e+00
-1.593430e-01 -7.227500e-02 2.581328e+00
7.557000e-03 -9.287100e-02 2.222313e+00
3.157420e-01 3.171300e-02 2.490932e+00
2.727390e-01 -4.173900e-02 2.242041e+00
3.806540e-01 4.728000e-02 2.228503e+00
3.206290e-01 2.634000e-03 2.236967e+00
3.761060e-01 8.522800e-02 2.175328e+00
-2.467930e-01 -6.183090e-01 2.632387e+00
-4.536100e-02 -6.041040e-01 2.656830e+00
-2.406290e-01 -1.024544e+00 2.608222e+00
-5.122700e-02 -1.006645e+00 2.597040e+00
-1.480800e-01 -1.015550e+00 2.480635e+00
3.540100e-02 -9.884900e-01 2.466309e+00
-2.908500e-02 1.474850e-01 2.006549e+00
-2.250820e-01 -2.045400e-02 2.235728e+00
8.715400e-02 6.268000e-02 2.356653e+00
-2.468000e-03 -8.049400e-02 2.194348e+00
-1.259690e-01 2.769800e-02 2.438853e+00
-2.635260e-01 -2.226580e-01 2.459672e+00
4.751300e-02 -1.744170e-01 2.648890e+00
-1.630830e-01 -1.286030e-01 2.626986e+00
-6.063000e-03 -1.541650e-01 2.237508e+00
2.809240e-01 -7.879300e-02 2.447698e+00
2.643860e-01 -1.375570e-01 2.237816e+00
3.896810e-01 -9.264800e-02 2.199911e+00
3.266710e-01 -1.230780e-01 2.223704e+00
4.233670e-01 -8.017500e-02 2.145158e+00
-2.530930e-01 -6.816020e-01 2.656206e+00
-4.412400e-02 -6.690090e-01 2.673022e+00
-2.500840e-01 -1.082887e+00 2.588308e+00
-5.560200e-02 -1.066229e+00 2.585083e+00
-1.596940e-01 -1.060634e+00 2.460797e+00
3.018400e-02 -1.039949e+00 2.455180e+00
-3.863300e-02 8.989800e-02 2.018271e+00
-2.027030e-01 3.104000e-03 2.242302e+00
8.981400e-02 7.633100e-02 2.409922e+00
2.657200e-02 -3.588900e-02 2.214267e+00
-1.271090e-01 1.467400e-02 2.460369e+00
-2.697570e-01 -2.599920e-01 2.466175e+00
4.149900e-02 -1.849980e-01 2.646094e+00
-1.711690e-01 -1.498410e-01 2.624529e+00
-3.075100e-02 -1.840830e-01 2.241142e+00
1.869940e-01 -1.542540e-01 2.365268e+00
2.294040e-01 -2.500550e-01 2.241199e+00
3.547360e-01 -2.913180e-01 2.206808e+00
2.828970e-01 -2.792980e-01 2.217292e+00
3.968520e-01 -3.212270e-01 2.166559e+00
-2.551130e-01 -7.038100e-01 2.683361e+00
-4.428000e-02 -6.828090e-01 2.682479e+00
-2.391640e-01 -1.092937e+00 2.565145e+00
-5.231800e-02 -1.077591e+00 2.583833e+00
-1.387490e-01 -1.053776e+00 2.449786e+00
2.910100e-02 -1.046364e+00 2.452226e+00
-6.363900e-02 6.861200e-02 2.049400e+00
-2.154930e-01 4.839500e-02 2.246715e+00
9.857600e-02 6.110100e-02 2.388928e+00
3.019000e-03 -1.230400e-02 2.188045e+00
-1.188380e-01 1.817900e-02 2.454432e+00
-2.846280e-01 -2.385600e-01 2.493203e+00
5.597400e-02 -2.034300e-01 2.625989e+00
-1.525620e-01 -1.459680e-01 2.637822e+00
-1.003590e-01 -1.785870e-01 2.247512e+00
8.423000e-02 -1.856200e-01 2.328098e+00
5.426400e-02 -3.983850e-01 2.249188e+00
1.190900e-01 -4.440760e-01 2.263233e+00
5.611900e-02 -4.636720e-01 2.244460e+00
1.598880e-01 -4.952580e-01 2.261217e+00
-2.529120e-01 -6.978070e-01 2.681341e+00
-4.023600e-02 -6.906320e-01 2.679699e+00
-2.310960e-01 -1.088054e+00 2.567849e+00
-6.734100e-02 -1.080546e+00 2.566204e+00
-1.672930e-01 -1.044450e+00 2.430181e+00
-7.320000e-04 -1.044831e+00 2.427597e+00
-7.015400e-02 7.150900e-02 2.045793e+00
-2.575520e-01 1.048930e-01 2.317611e+00
8.154000e-02 5.487300e-02 2.278368e+00
-1.154280e-01 -1.525000e-03 2.164804e+00
-7.338600e-02 5.992000e-02 2.449757e+00
-2.869760e-01 -1.582100e-01 2.573418e+00
7.317000e-02 -2.141870e-01 2.528286e+00
-8.458900e-02 -1.085410e-01 2.632594e+00
-3.159740e-01 -1.409930e-01 2.327935e+00
-3.223700e-02 -1.705480e-01 2.293192e+00
-3.152240e-01 -4.080230e-01 2.333116e+00
-2.138200e-01 -3.634060e-01 2.327333e+00
-3.052720e-01 -4.724800e-01 2.338991e+00
-2.706370e-01 -3.959640e-01 2.327235e+00
-2.371420e-01 -6.440010e-01 2.676886e+00
-2.992400e-02 -6.704610e-01 2.671740e+00
-2.538000e-01 -1.041248e+00 2.589900e+00
-6.526000e-02 -1.063065e+00 2.570437e+00
-2.750810e-01 -1.006934e+00 2.437275e+00
-8.354800e-02 -1.022345e+00 2.419004e+00
-3.509300e-02 1.573210e-01 2.028729e+00
-2.863410e-01 1.914260e-01 2.409288e+00
1.068900e-02 9.975000e-02 2.259643e+00
-2.175100e-01 9.565200e-02 2.206894e+00
-8.502900e-02 9.552300e-02 2.469933e+00
-2.731670e-01 -1.186340e-01 2.628487e+00
4.398100e-02 -2.040870e-01 2.464199e+00
-5.769500e-02 -9.700700e-02 2.622707e+00
-3.917350e-01 -3.885600e-02 2.400785e+00
-8.542900e-02 -1.315340e-01 2.298097e+00
-4.548180e-01 -2.969940e-01 2.369579e+00
-3.214750e-01 -2.466640e-01 2.349248e+00
-4.697420e-01 -3.602930e-01 2.361915e+00
-3.825130e-01 -2.685390e-01 2.358419e+00
-2.277740e-01 -6.215570e-01 2.673284e+00
-2.575900e-02 -6.581490e-01 2.651491e+00
-2.446110e-01 -1.020779e+00 2.595905e+00
-5.006800e-02 -1.058759e+00 2.583892e+00
-3.181530e-01 -9.912130e-01 2.459369e+00
-1.292350e-01 -1.031375e+00 2.450075e+00
-7.981000e-02 1.561570e-01 2.066683e+00
-2.857460e-01 2.497710e-01 2.375596e+00
1.666500e-02 1.580330e-01 2.237188e+00
-2.100920e-01 1.460980e-01 2.179632e+00
-8.382000e-02 1.615950e-01 2.445256e+00
-2.709130e-01 -6.241700e-02 2.593558e+00
4.650000e-02 -1.316620e-01 2.422298e+00
-5.566400e-02 -3.841100e-02 2.589020e+00
-4.095500e-01 7.288900e-02 2.509383e+00
-1.065520e-01 -6.245900e-02 2.263921e+00
-5.071720e-01 -1.345130e-01 2.370162e+00
-3.638150e-01 -1.100890e-01 2.322870e+00
-5.305970e-01 -1.847230e-01 2.335255e+00
-4.186450e-01 -1.313010e-01 2.351714e+00
-2.168510e-01 -5.643220e-01 2.661749e+00
-2.042400e-02 -5.958320e-01 2.602664e+00
-2.477200e-01 -9.671880e-01 2.612813e+00
-2.895300e-02 -1.002723e+00 2.606611e+00
-3.246670e-01 -9.447700e-01 2.476794e+00
-1.075800e-01 -1.002403e+00 2.469709e+00
-8.309800e-02 2.230020e-01 2.037540e+00
-2.758140e-01 2.804130e-01 2.402262e+00
2.236800e-02 2.028690e-01 2.247022e+00
-2.055910e-01 2.016960e-01 2.193106e+00
-7.414700e-02 1.811170e-01 2.455860e+00
-2.748320e-01 -4.189700e-02 2.580514e+00
4.076500e-02 -1.013870e-01 2.402369e+00
-5.943900e-02 -1.921800e-02 2.575968e+00
-3.826400e-01 1.192650e-01 2.560416e+00
-1.295920e-01 4.625000e-03 2.247613e+00
-5.002000e-01 -3.381500e-02 2.380667e+00
-3.702520e-01 -8.409400e-02 2.309055e+00
-5.082000e-01 -9.503300e-02 2.358837e+00
-4.292060e-01 -9.035500e-02 2.336869e+00
-2.161080e-01 -5.457010e-01 2.644168e+00
-2.109500e-02 -5.750840e-01 2.561932e+00
-2.442180e-01 -9.503780e-01 2.611079e+00
-2.556600e-02 -9.783300e-01 2.616901e+00
-3.236360e-01 -9.337880e-01 2.475646e+00
-1.052020e-01 -9.958750e-01 2.481716e+00
-9.922100e-02 3.442360e-01 2.082775e+00
-2.807490e-01 2.877030e-01 2.443192e+00
1.289600e-02 2.449160e-01 2.267217e+00
-2.171020e-01 2.376350e-01 2.223382e+00
-7.209200e-02 1.939510e-01 2.475978e+00
-2.826740e-01 -3.695300e-02 2.559781e+00
3.461900e-02 -8.901300e-02 2.382324e+00
-6.688600e-02 -1.784900e-02 2.559980e+00
-3.792740e-01 1.117380e-01 2.585333e+00
-1.302690e-01 4.533900e-02 2.243816e+00
-4.921310e-01 -1.350800e-02 2.386719e+00
-3.638650e-01 -5.528700e-02 2.300194e+00
-4.975620e-01 -6.567400e-02 2.347508e+00
-4.262750e-01 -6.361400e-02 2.318192e+00
-2.216860e-01 -5.420510e-01 2.626743e+00
-3.368100e-02 -5.692700e-01 2.534189e+00
-2.455210e-01 -9.480760e-01 2.611743e+00
-2.609200e-02 -9.704030e-01 2.602621e+00
-3.245940e-01 -9.383980e-01 2.475441e+00
-1.046420e-01 -9.948760e-01 2.467879e+00
-1.242790e-01 4.256060e-01 2.136921e+00
-2.807940e-01 2.814230e-01 2.489432e+00
5.620000e-04 2.897060e-01 2.289944e+00
-2.314420e-01 2.762480e-01 2.260497e+00
-6.591200e-02 1.964170e-01 2.490644e+00
-2.878090e-01 -1.898900e-02 2.541876e+00
2.165700e-02 -7.886400e-02 2.353405e+00
-7.118800e-02 -2.003200e-02 2.540081e+00
-3.742440e-01 7.813100e-02 2.589140e+00
-1.211680e-01 8.333600e-02 2.239000e+00
-4.737470e-01 -1.537400e-02 2.369473e+00
-3.485380e-01 -3.273100e-02 2.280586e+00
-4.690440e-01 -6.384800e-02 2.325696e+00
-4.052800e-01 -5.957400e-02 2.299244e+00
-2.348070e-01 -5.318120e-01 2.601108e+00
-4.744000e-02 -5.617440e-01 2.508193e+00
-2.534750e-01 -9.381770e-01 2.614085e+00
-2.961800e-02 -9.540940e-01 2.614929e+00
-3.379890e-01 -9.385520e-01 2.480737e+00
-1.124670e-01 -9.928630e-01 2.486253e+00
-1.383430e-01 5.101180e-01 2.216212e+00
-2.772500e-01 2.750360e-01 2.495200e+00
1.395700e-02 2.973850e-01 2.311558e+00
-2.160980e-01 2.847030e-01 2.269278e+00
-6.203000e-02 1.911720e-01 2.502206e+00
-2.994070e-01 -2.299400e-02 2.517987e+00
2.014600e-02 -7.466300e-02 2.344519e+00
-8.303400e-02 -2.487100e-02 2.528377e+00
-3.720930e-01 6.354800e-02 2.580050e+00
-1.027540e-01 9.181100e-02 2.240565e+00
-4.549220e-01 -4.393600e-02 2.357541e+00
-3.228850e-01 -4.729200e-02 2.251338e+00
-4.438460e-01 -8.206500e-02 2.305467e+00
-3.740370e-01 -7.617400e-02 2.280279e+00
-2.396620e-01 -5.341170e-01 2.587030e+00
-5.207500e-02 -5.600950e-01 2.500205e+00
-2.509430e-01 -9.400840e-01 2.613720e+00
-3.061700e-02 -9.507890e-01 2.612216e+00
-3.289920e-01 -9.469260e-01 2.476658e+00
-1.068400e-01 -9.927440e-01 2.480479e+00
-1.454710e-01 5.504140e-01 2.281162e+00
-2.783310e-01 2.764500e-01 2.503743e+00
2.112600e-02 3.029250e-01 2.334481e+00
-2.070540e-01 2.984320e-01 2.281684e+00
-6.548900e-02 1.871240e-01 2.514730e+00
-3.053800e-01 -2.295300e-02 2.503372e+00
2.035800e-02 -6.833900e-02 2.339938e+00
-8.968800e-02 -2.948100e-02 2.522446e+00
-3.720260e-01 5.177800e-02 2.565855e+00
-7.424000e-02 9.193300e-02 2.237002e+00
-4.211610e-01 -9.683700e-02 2.351689e+00
-2.846240e-01 -6.954800e-02 2.231496e+00
-4.005410e-01 -1.288220e-01 2.298397e+00
-3.320760e-01 -1.085070e-01 2.254274e+00
-2.489360e-01 -5.336190e-01 2.572492e+00
-5.491800e-02 -5.558910e-01 2.495781e+00
-2.522690e-01 -9.388040e-01 2.610740e+00
-2.966700e-02 -9.449560e-01 2.612569e+00
-3.262090e-01 -9.513100e-01 2.471812e+00
-1.014570e-01 -9.896350e-01 2.479248e+00
-1.444020e-01 5.647500e-01 2.321379e+00
-2.902470e-01 2.818370e-01 2.534764e+00
1.297700e-02 3.102320e-01 2.372671e+00
-2.140810e-01 3.298340e-01 2.318503e+00
-8.448700e-02 1.766500e-01 2.534097e+00
-3.104060e-01 -2.557200e-02 2.496083e+00
1.443700e-02 -6.090900e-02 2.328441e+00
-9.478900e-02 -3.653200e-02 2.513926e+00
-3.899220e-01 4.898000e-02 2.580344e+00
-1.911400e-02 8.609100e-02 2.250335e+00
-4.122680e-01 -1.603960e-01 2.408561e+00
-1.757640e-01 -1.285370e-01 2.193391e+00
-3.938420e-01 -2.197440e-01 2.387909e+00
-2.258360e-01 -1.678030e-01 2.208856e+00
-2.534750e-01 -5.364580e-01 2.551967e+00
-5.590800e-02 -5.503440e-01 2.489228e+00
-2.503120e-01 -9.404120e-01 2.601570e+00
-3.231200e-02 -9.385330e-01 2.609235e+00
-3.254010e-01 -9.579160e-01 2.463803e+00
-1.050300e-01 -9.839370e-01 2.476664e+00
-1.500510e-01 5.754560e-01 2.378182e+00
-2.978930e-01 2.909470e-01 2.543541e+00
1.467700e-02 3.169750e-01 2.399849e+00
-2.081520e-01 3.490870e-01 2.335119e+00
-9.646500e-02 1.777370e-01 2.547029e+00
-3.167670e-01 -2.554600e-02 2.485954e+00
1.608800e-02 -5.385100e-02 2.333368e+00
-1.021950e-01 -3.574200e-02 2.513952e+00
-3.920900e-01 4.899200e-02 2.566706e+00
3.902300e-02 8.656100e-02 2.280398e+00
-4.089230e-01 -1.922320e-01 2.435218e+00
-7.340600e-02 -1.510380e-01 2.198739e+00
-3.975010e-01 -2.547410e-01 2.419392e+00
-1.120210e-01 -2.000920e-01 2.218507e+00
-2.589240e-01 -5.349750e-01 2.542834e+00
-5.676700e-02 -5.456660e-01 2.487428e+00
-2.537870e-01 -9.362240e-01 2.610815e+00
-3.500600e-02 -9.334110e-01 2.609203e+00
-3.220500e-01 -9.608530e-01 2.470607e+00
-1.006710e-01 -9.797700e-01 2.473323e+00
-1.503660e-01 5.804830e-01 2.389012e+00
-3.076910e-01 2.937070e-01 2.551339e+00
9.969000e-03 3.187300e-01 2.419087e+00
-2.099490e-01 3.571130e-01 2.348116e+00
-1.084970e-01 1.767310e-01 2.557664e+00
-3.220410e-01 -2.932500e-02 2.481606e+00
1.636300e-02 -4.116200e-02 2.339417e+00
-1.085460e-01 -4.104900e-02 2.516411e+00
-3.960120e-01 4.429800e-02 2.547760e+00
7.586100e-02 8.367000e-02 2.316993e+00
-4.111220e-01 -2.148260e-01 2.444360e+00
2.834500e-02 -1.765020e-01 2.226894e+00
-3.968300e-01 -2.777090e-01 2.455749e+00
4.080000e-03 -2.365020e-01 2.236866e+00
-2.609040e-01 -5.350750e-01 2.533354e+00
-5.397500e-02 -5.363220e-01 2.489205e+00
-2.489830e-01 -9.358200e-01 2.603425e+00
-4.365900e-02 -9.309140e-01 2.588402e+00
-3.120800e-01 -9.625660e-01 2.461200e+00
-1.041100e-01 -9.679560e-01 2.447341e+00
-1.566910e-01 5.774160e-01 2.392067e+00
-3.208600e-01 2.954030e-01 2.546619e+00
9.458000e-03 3.129540e-01 2.448603e+00
-2.001470e-01 3.670440e-01 2.359083e+00
-1.286760e-01 1.683110e-01 2.564358e+00
-3.289650e-01 -3.156700e-02 2.461715e+00
2.316100e-02 -3.668400e-02 2.357517e+00
-1.204370e-01 -4.091900e-02 2.519661e+00
-4.043160e-01 4.044100e-02 2.521245e+00
1.086130e-01 7.205100e-02 2.379693e+00
-4.155040e-01 -2.340100e-01 2.447006e+00
1.321160e-01 -1.991900e-01 2.297013e+00
-3.988630e-01 -2.973370e-01 2.446020e+00
1.111310e-01 -2.610560e-01 2.301542e+00
-2.597700e-01 -5.355380e-01 2.523744e+00
-4.940600e-02 -5.339320e-01 2.494581e+00
-2.487860e-01 -9.331740e-01 2.609850e+00
-4.216100e-02 -9.248170e-01 2.607741e+00
-2.948740e-01 -9.663460e-01 2.462540e+00
-8.547400e-02 -9.677750e-01 2.462128e+00
-1.640050e-01 5.702140e-01 2.398658e+00
-3.249640e-01 2.956540e-01 2.535912e+00
1.144200e-02 3.079860e-01 2.460387e+00
-1.905400e-01 3.690590e-01 2.358667e+00
-1.371430e-01 1.637750e-01 2.562990e+00
-3.305510e-01 -3.260100e-02 2.447649e+00
2.736500e-02 -3.367200e-02 2.365366e+00
-1.259140e-01 -4.037600e-02 2.518304e+00
-4.079210e-01 3.793500e-02 2.508654e+00
1.146510e-01 5.762900e-02 2.433679e+00
-4.182620e-01 -2.406550e-01 2.439127e+00
1.739400e-01 -2.112940e-01 2.351714e+00
-4.061290e-01 -3.035650e-01 2.425586e+00
1.554050e-01 -2.737870e-01 2.357987e+00
-2.582240e-01 -5.347430e-01 2.518731e+00
-4.693000e-02 -5.318290e-01 2.496817e+00
-2.458640e-01 -9.304310e-01 2.613212e+00
-4.479900e-02 -9.269450e-01 2.594429e+00
-2.823860e-01 -9.671810e-01 2.464081e+00
-7.887900e-02 -9.640900e-01 2.444819e+00
-1.732280e-01 5.700520e-01 2.407123e+00
-3.330780e-01 2.902920e-01 2.522465e+00
7.446000e-03 3.045510e-01 2.468933e+00
-1.878710e-01 3.638930e-01 2.354026e+00
-1.465860e-01 1.597630e-01 2.562273e+00
-3.286930e-01 -3.390600e-02 2.422383e+00
3.699000e-02 -3.335900e-02 2.388459e+00
-1.352470e-01 -4.136400e-02 2.519605e+00
-4.088240e-01 2.763000e-02 2.500497e+00
1.117130e-01 5.098800e-02 2.462168e+00
-4.116510e-01 -2.538230e-01 2.432440e+00
1.778720e-01 -2.258800e-01 2.409043e+00
-3.891680e-01 -3.124560e-01 2.451012e+00
1.529670e-01 -2.863470e-01 2.412462e+00
-2.543320e-01 -5.332670e-01 2.516371e+00
-4.555300e-02 -5.333430e-01 2.502059e+00
-2.525000e-01 -9.250530e-01 2.626596e+00
-4.333800e-02 -9.299830e-01 2.593276e+00
-2.678130e-01 -9.676740e-01 2.475357e+00
-5.732100e-02 -9.653010e-01 2.440039e+00
-1.762940e-01 5.647100e-01 2.401656e+00
-3.377860e-01 2.878280e-01 2.509573e+00
5.270000e-03 2.998800e-01 2.475042e+00
-1.829660e-01 3.611740e-01 2.349807e+00
-1.546970e-01 1.557680e-01 2.558972e+00
-3.324600e-01 -4.442300e-02 2.414858e+00
3.418600e-02 -3.325700e-02 2.396924e+00
-1.433530e-01 -4.463800e-02 2.520535e+00
-4.037910e-01 1.982100e-02 2.489885e+00
8.954400e-02 3.671200e-02 2.489637e+00
-3.893930e-01 -2.645110e-01 2.424152e+00
1.161170e-01 -2.531220e-01 2.463902e+00
-3.873730e-01 -3.294800e-01 2.432100e+00
9.642500e-02 -3.147660e-01 2.473928e+00
-2.501980e-01 -5.401490e-01 2.518271e+00
-4.154400e-02 -5.364820e-01 2.505106e+00
-2.476440e-01 -9.346810e-01 2.618201e+00
-4.158200e-02 -9.317810e-01 2.601997e+00
-2.545010e-01 -9.734500e-01 2.465314e+00
-4.747100e-02 -9.693380e-01 2.448767e+00
-1.793270e-01 5.641040e-01 2.405149e+00
-3.449470e-01 2.865420e-01 2.507144e+00
-1.297000e-03 2.943010e-01 2.477651e+00
-1.868650e-01 3.595900e-01 2.350467e+00
-1.643870e-01 1.514360e-01 2.557608e+00
-3.371130e-01 -4.818800e-02 2.412967e+00
2.965700e-02 -3.602600e-02 2.398570e+00
-1.490500e-01 -4.738200e-02 2.520488e+00
-3.932180e-01 1.365900e-02 2.485302e+00
7.404200e-02 2.706500e-02 2.491128e+00
-3.741430e-01 -2.733530e-01 2.426878e+00
8.838500e-02 -2.657040e-01 2.475855e+00
-3.833930e-01 -3.381810e-01 2.426733e+00
6.101900e-02 -3.251120e-01 2.472676e+00
-2.508690e-01 -5.431730e-01 2.520221e+00
-4.097900e-02 -5.394410e-01 2.505221e+00
-2.536330e-01 -9.378960e-01 2.619393e+00
-4.383600e-02 -9.307440e-01 2.617126e+00
-2.584570e-01 -9.763160e-01 2.466340e+00
-4.721900e-02 -9.741200e-01 2.465364e+00
-1.795500e-01 5.584470e-01 2.400531e+00
-3.441890e-01 2.890590e-01 2.503840e+00
1.700000e-05 2.958240e-01 2.481453e+00
-1.827030e-01 3.608840e-01 2.350097e+00
-1.650610e-01 1.537860e-01 2.558759e+00
-3.364250e-01 -5.134500e-02 2.417058e+00
2.970800e-02 -3.381600e-02 2.394361e+00
-1.458270e-01 -5.189100e-02 2.520020e+00
-3.945500e-01 1.807600e-02 2.480920e+00
7.531400e-02 2.986400e-02 2.490882e+00
-3.702190e-01 -2.673090e-01 2.423929e+00
7.521000e-02 -2.618370e-01 2.476915e+00
-3.910590e-01 -3.287450e-01 2.415011e+00
5.702400e-02 -3.207960e-01 2.454975e+00
-2.505780e-01 -5.439610e-01 2.521514e+00
-4.162200e-02 -5.376220e-01 2.504848e+00
-2.526490e-01 -9.371600e-01 2.626580e+00
-4.227100e-02 -9.310960e-01 2.608902e+00
-2.603860e-01 -9.778290e-01 2.474230e+00
-4.917700e-02 -9.714090e-01 2.456417e+00
-1.820780e-01 5.615810e-01 2.403006e+00
-3.445290e-01 2.871440e-01 2.493526e+00
1.000000e-06 3.018970e-01 2.483197e+00
-1.793500e-01 3.586530e-01 2.343606e+00
-1.643100e-01 1.579920e-01 2.558663e+00
-3.334240e-01 -4.848700e-02 2.409462e+00
3.356200e-02 -3.538400e-02 2.404465e+00
-1.479820e-01 -5.289200e-02 2.521360e+00
-3.954070e-01 1.594100e-02 2.480919e+00
7.537000e-02 3.627200e-02 2.491015e+00
-3.673070e-01 -2.688550e-01 2.424628e+00
8.803700e-02 -2.536220e-01 2.461545e+00
-3.719740e-01 -3.341580e-01 2.426045e+00
6.284200e-02 -3.123020e-01 2.447048e+00
-2.545410e-01 -5.409290e-01 2.521620e+00
-4.507600e-02 -5.394420e-01 2.504540e+00
-2.548810e-01 -9.341150e-01 2.626756e+00
-4.142900e-02 -9.315610e-01 2.613528e+00
-2.558890e-01 -9.748960e-01 2.474242e+00
-4.166100e-02 -9.738410e-01 2.461420e+00
-1.779100e-01 5.599600e-01 2.389772e+00
-3.447580e-01 2.876420e-01 2.494167e+00
-1.410000e-04 2.948070e-01 2.479571e+00
-1.799150e-01 3.562830e-01 2.342546e+00
-1.666570e-01 1.541740e-01 2.556361e+00
-3.364720e-01 -5.080400e-02 2.410645e+00
3.016300e-02 -3.514000e-02 2.396187e+00
-1.483380e-01 -4.991400e-02 2.518040e+00
-4.010210e-01 1.657800e-02 2.483099e+00
7.472000e-02 2.812200e-02 2.485787e+00
-3.697900e-01 -2.684490e-01 2.425044e+00
9.080100e-02 -2.607220e-01 2.442236e+00
-3.605920e-01 -3.329750e-01 2.431372e+00
5.503300e-02 -3.154270e-01 2.438210e+00
-2.548580e-01 -5.423810e-01 2.524206e+00
-4.717000e-02 -5.393890e-01 2.503859e+00
-2.505340e-01 -9.407210e-01 2.607607e+00
-4.399200e-02 -9.358670e-01 2.595751e+00
-2.551560e-01 -9.731080e-01 2.453159e+00
-4.826100e-02 -9.715330e-01 2.442017e+00
-1.756760e-01 5.594340e-01 2.393378e+00
