-2.271660e-01 2.266050e-01 2.638329e+00
1.337730e-01 2.311610e-01 2.522814e+00
-3.039100e-02 8.048800e-02 2.625667e+00
9.990300e-02 -9.783000e-02 2.456935e+00
-2.927380e-01 -4.100000e-02 2.631771e+00
-3.067760e-01 -3.317910e-01 2.582402e+00
-3.027680e-01 -3.986880e-01 2.554007e+00
-1.671470e-01 -6.384590e-01 2.624130e+00
-1.612920e-01 -1.075057e+00 2.692775e+00
-2.129530e-01 -1.102574e+00 2.522161e+00
-5.526700e-02 4.823610e-01 2.445455e+00
1.298720e-01 2.312760e-01 2.522156e+00
-3.326000e-02 8.282900e-02 2.629778e+00
9.425400e-02 -1.070330e-01 2.462576e+00
-2.977190e-01 -4.139700e-02 2.640871e+00
-3.150090e-01 -3.354520e-01 2.612872e+00
-3.160790e-01 -4.034810e-01 2.587016e+00
-1.673120e-01 -6.406260e-01 2.627442e+00
-1.608980e-01 -1.077686e+00 2.693023e+00
-2.105570e-01 -1.104130e+00 2.521647e+00
-5.426600e-02 4.885230e-01 2.448547e+00
1.276010e-01 2.268420e-01 2.518849e+00
-3.451900e-02 7.868900e-02 2.628386e+00
7.681200e-02 -1.175980e-01 2.471413e+00
-3.043570e-01 -4.441900e-02 2.648728e+00
-3.148830e-01 -3.388260e-01 2.619648e+00
-3.210150e-01 -4.113510e-01 2.620038e+00
-1.711960e-01 -6.444150e-01 2.624649e+00
-1.638440e-01 -1.080449e+00 2.696656e+00
-2.188500e-01 -1.109340e+00 2.527320e+00
-5.432600e-02 4.861660e-01 2.448826e+00
1.291670e-01 2.252550e-01 2.519567e+00
-3.576700e-02 7.887900e-02 2.627279e+00
7.530600e-02 -1.240740e-01 2.472294e+00
-3.022620e-01 -4.325000e-02 2.647196e+00
-3.171020e-01 -3.382580e-01 2.627438e+00
-3.192920e-01 -4.106900e-01 2.634250e+00
-1.684420e-01 -6.404330e-01 2.621276e+00
-1.602170e-01 -1.075328e+00 2.699775e+00
-2.098180e-01 -1.107041e+00 2.529279e+00
-5.639900e-02 4.856440e-01 2.445774e+00
1.306720e-01 2.270310e-01 2.521792e+00
-3.635400e-02 7.945900e-02 2.624532e+00
7.671500e-02 -1.227660e-01 2.468618e+00
-3.052000e-01 -4.067800e-02 2.645755e+00
-3.165670e-01 -3.317780e-01 2.600793e+00
-3.282340e-01 -4.036210e-01 2.600598e+00
-1.726800e-01 -6.409320e-01 2.625870e+00
-1.614300e-01 -1.076432e+00 2.700551e+00
-2.130870e-01 -1.106936e+00 2.530445e+00
-5.719100e-02 4.883100e-01 2.447386e+00
1.280820e-01 2.313370e-01 2.526619e+00
-3.865200e-02 8.167800e-02 2.626784e+00
8.727800e-02 -1.228860e-01 2.468881e+00
-3.038290e-01 -4.236700e-02 2.630301e+00
-3.181110e-01 -3.266590e-01 2.556244e+00
-3.265570e-01 -3.977830e-01 2.543296e+00
-1.717790e-01 -6.353680e-01 2.625195e+00
-1.645750e-01 -1.071387e+00 2.697307e+00
-2.157410e-01 -1.100432e+00 2.526797e+00
-5.826800e-02 4.899990e-01 2.448964e+00
1.260890e-01 2.320890e-01 2.530392e+00
-4.272800e-02 8.146700e-02 2.625495e+00
8.663300e-02 -1.183530e-01 2.471749e+00
-3.049130e-01 -4.114700e-02 2.620397e+00
-3.089710e-01 -3.213790e-01 2.531677e+00
-3.186180e-01 -3.923500e-01 2.518726e+00
-1.735620e-01 -6.345910e-01 2.623428e+00
-1.611000e-01 -1.070140e+00 2.697632e+00
-2.110900e-01 -1.100636e+00 2.527026e+00
-5.892400e-02 4.868340e-01 2.446560e+00
1.229520e-01 2.351010e-01 2.532471e+00
-4.521900e-02 8.460700e-02 2.628914e+00
8.524400e-02 -1.157550e-01 2.477619e+00
-3.062350e-01 -3.907500e-02 2.604600e+00
-3.026130e-01 -3.152080e-01 2.503761e+00
-3.080590e-01 -3.866550e-01 2.490983e+00
-1.717320e-01 -6.337780e-01 2.622627e+00
-1.604000e-01 -1.069385e+00 2.696667e+00
-2.082910e-01 -1.099735e+00 2.525435e+00
-5.500000e-02 4.898510e-01 2.447850e+00
1.171590e-01 2.345620e-01 2.541917e+00
-6.102900e-02 9.083500e-02 2.630362e+00
9.182000e-02 -1.086470e-01 2.499313e+00
-3.058810e-01 -3.176400e-02 2.583910e+00
-2.947890e-01 -3.087770e-01 2.487111e+00
-2.926000e-01 -3.800760e-01 2.472648e+00
-1.639570e-01 -6.331340e-01 2.629028e+00
-1.629050e-01 -1.070083e+00 2.695651e+00
-1.970500e-01 -1.096860e+00 2.520573e+00
-6.480400e-02 4.832150e-01 2.426104e+00
1.210820e-01 2.304150e-01 2.549759e+00
-6.436000e-02 9.258500e-02 2.632495e+00
9.581300e-02 -1.028320e-01 2.510510e+00
-3.086100e-01 -2.730900e-02 2.569710e+00
-2.930120e-01 -3.061490e-01 2.479356e+00
-2.758070e-01 -3.756020e-01 2.466020e+00
-1.599290e-01 -6.369980e-01 2.631626e+00
-1.645400e-01 -1.073514e+00 2.700881e+00
-1.944870e-01 -1.101077e+00 2.525158e+00
-4.210400e-02 4.692270e-01 2.406570e+00
1.344030e-01 2.290150e-01 2.554752e+00
-5.814100e-02 3.152910e-01 2.450657e+00
-5.577300e-02 9.215900e-02 2.627792e+00
-2.340310e-01 -9.594800e-02 2.556692e+00
1.058840e-01 -1.029930e-01 2.523553e+00
-5.122400e-02 -9.067400e-02 2.670056e+00
-2.991680e-01 -2.732400e-02 2.553359e+00
1.623350e-01 -4.302600e-02 2.538750e+00
-2.943930e-01 -3.097040e-01 2.473455e+00
1.078910e-01 -3.110460e-01 2.432227e+00
-2.921030e-01 -3.791890e-01 2.451909e+00
4.732900e-02 -3.469180e-01 2.413707e+00
-1.631820e-01 -6.363760e-01 2.633689e+00
6.730400e-02 -6.422880e-01 2.587264e+00
-1.535430e-01 -1.069986e+00 2.718854e+00
6.893400e-02 -1.082829e+00 2.623116e+00
-1.716730e-01 -1.104961e+00 2.542833e+00
5.199200e-02 -1.097457e+00 2.444135e+00
-2.574000e-02 4.496460e-01 2.383024e+00
-2.106930e-01 2.423130e-01 2.539316e+00
1.671670e-01 2.205890e-01 2.559093e+00
-1.134800e-02 3.054190e-01 2.431466e+00
-3.343000e-02 9.301700e-02 2.620061e+00
-2.128520e-01 -9.403600e-02 2.528525e+00
1.279010e-01 -1.121970e-01 2.544263e+00
-4.773200e-02 -8.909300e-02 2.666397e+00
-2.775600e-01 -2.330300e-02 2.523196e+00
1.878590e-01 -5.300700e-02 2.558805e+00
-2.960420e-01 -3.038010e-01 2.437168e+00
1.253530e-01 -3.206250e-01 2.454425e+00
-2.928390e-01 -3.764630e-01 2.434393e+00
7.535700e-02 -3.689160e-01 2.432838e+00
-1.639680e-01 -6.332400e-01 2.633885e+00
8.772300e-02 -6.460090e-01 2.617190e+00
-1.580170e-01 -1.067827e+00 2.714277e+00
1.035550e-01 -1.087026e+00 2.642036e+00
-1.517300e-01 -1.100534e+00 2.537003e+00
1.103720e-01 -1.096921e+00 2.462062e+00
2.344800e-02 4.276050e-01 2.352869e+00
-1.836790e-01 2.386080e-01 2.518431e+00
1.923510e-01 2.135930e-01 2.558646e+00
2.175900e-02 2.983100e-01 2.420537e+00
-1.249800e-02 8.879000e-02 2.610532e+00
-1.921200e-01 -9.514600e-02 2.518726e+00
1.474210e-01 -1.193260e-01 2.547324e+00
-3.202500e-02 -9.008600e-02 2.662399e+00
-2.592740e-01 -2.486800e-02 2.505487e+00
2.049820e-01 -6.044800e-02 2.565253e+00
-2.816830e-01 -3.022940e-01 2.410741e+00
1.520730e-01 -3.352890e-01 2.475215e+00
-2.875840e-01 -3.725070e-01 2.392497e+00
1.041990e-01 -3.901120e-01 2.474824e+00
-1.522320e-01 -6.338950e-01 2.633369e+00
9.492600e-02 -6.516760e-01 2.622171e+00
-1.655570e-01 -1.069414e+00 2.707597e+00
9.832100e-02 -1.092775e+00 2.650177e+00
-1.514240e-01 -1.100046e+00 2.530405e+00
1.119410e-01 -1.104067e+00 2.470672e+00
6.128500e-02 4.189960e-01 2.342057e+00
-1.531430e-01 2.379440e-01 2.480218e+00
2.164010e-01 2.090410e-01 2.559233e+00
6.248100e-02 2.806310e-01 2.396334e+00
3.376000e-03 9.622000e-02 2.605306e+00
-1.679510e-01 -9.897100e-02 2.504825e+00
1.667710e-01 -1.253740e-01 2.567710e+00
-2.263100e-02 -8.925700e-02 2.663210e+00
-2.297240e-01 -2.539400e-02 2.470307e+00
2.305040e-01 -6.465500e-02 2.573401e+00
-2.658000e-01 -3.020130e-01 2.377395e+00
1.970490e-01 -3.462670e-01 2.495762e+00
-2.371250e-01 -3.676870e-01 2.390132e+00
1.674540e-01 -4.118960e-01 2.485059e+00
-1.470850e-01 -6.363710e-01 2.628484e+00
9.995000e-02 -6.581700e-01 2.627781e+00
-1.644520e-01 -1.071848e+00 2.702115e+00
9.776200e-02 -1.099496e+00 2.652082e+00
-1.325980e-01 -1.102681e+00 2.527273e+00
1.298260e-01 -1.109414e+00 2.474857e+00
9.045100e-02 4.096680e-01 2.313232e+00
-1.163620e-01 2.288620e-01 2.440464e+00
2.408450e-01 1.947670e-01 2.562456e+00
1.088200e-01 2.429920e-01 2.373786e+00
1.660400e-02 1.046240e-01 2.605132e+00
-1.444840e-01 -1.119780e-01 2.492886e+00
1.833650e-01 -1.312620e-01 2.586876e+00
-1.364600e-02 -8.850400e-02 2.662086e+00
-1.783430e-01 -3.906200e-02 2.418353e+00
2.750340e-01 -7.802300e-02 2.585484e+00
-1.763260e-01 -3.234530e-01 2.337772e+00
3.189210e-01 -3.566490e-01 2.497069e+00
-1.717370e-01 -3.946450e-01 2.352201e+00
2.906050e-01 -4.222840e-01 2.483364e+00
-1.504230e-01 -6.445440e-01 2.621054e+00
1.067680e-01 -6.650670e-01 2.633477e+00
-1.750790e-01 -1.077486e+00 2.706597e+00
9.137200e-02 -1.106510e+00 2.649435e+00
-1.297950e-01 -1.113808e+00 2.535819e+00
1.409830e-01 -1.114503e+00 2.476201e+00
1.205690e-01 3.880410e-01 2.279593e+00
-8.894400e-02 2.116760e-01 2.402641e+00
2.492300e-01 1.829770e-01 2.571329e+00
1.429250e-01 2.080240e-01 2.362945e+00
1.710300e-02 1.079550e-01 2.598158e+00
-1.222300e-01 -1.271330e-01 2.479290e+00
1.924080e-01 -1.410520e-01 2.611576e+00
-1.182500e-02 -9.490400e-02 2.661142e+00
-1.359640e-01 -5.957300e-02 2.380254e+00
3.246390e-01 -8.159400e-02 2.595911e+00
-8.405100e-02 -3.429120e-01 2.312429e+00
4.147010e-01 -3.474670e-01 2.502227e+00
-3.220200e-02 -3.914040e-01 2.296370e+00
3.980140e-01 -4.082480e-01 2.538626e+00
-1.684380e-01 -6.517260e-01 2.612075e+00
1.079140e-01 -6.753100e-01 2.641215e+00
-1.929310e-01 -1.083612e+00 2.702844e+00
8.806300e-02 -1.116803e+00 2.648546e+00
-1.308040e-01 -1.121808e+00 2.537870e+00
1.582300e-01 -1.122715e+00 2.482484e+00
1.210740e-01 3.818330e-01 2.259783e+00
-6.717000e-02 1.999580e-01 2.382635e+00
2.567350e-01 1.729990e-01 2.577569e+00
1.664620e-01 1.832170e-01 2.360547e+00
2.001600e-02 1.102970e-01 2.593798e+00
-1.127870e-01 -1.472780e-01 2.473380e+00
1.872580e-01 -1.358300e-01 2.636267e+00
-2.362200e-02 -1.035190e-01 2.664253e+00
-8.685700e-02 -7.360700e-02 2.350140e+00
3.789570e-01 -7.201400e-02 2.613789e+00
3.072800e-02 -3.406760e-01 2.300995e+00
5.354890e-01 -3.003320e-01 2.509213e+00
7.120000e-02 -3.997050e-01 2.287758e+00
5.613840e-01 -3.616960e-01 2.479861e+00
-1.815610e-01 -6.607710e-01 2.613544e+00
1.013780e-01 -6.764650e-01 2.651371e+00
-2.145010e-01 -1.091619e+00 2.706547e+00
8.539100e-02 -1.118147e+00 2.646389e+00
-1.345740e-01 -1.131553e+00 2.549856e+00
1.716550e-01 -1.119483e+00 2.487985e+00
1.377440e-01 3.698030e-01 2.248986e+00
-4.271400e-02 1.798140e-01 2.353611e+00
2.672690e-01 1.732810e-01 2.571577e+00
1.904400e-01 1.484720e-01 2.350593e+00
2.677000e-02 1.256560e-01 2.582674e+00
-9.987400e-02 -1.590290e-01 2.470334e+00
1.877580e-01 -1.415120e-01 2.653778e+00
-2.343400e-02 -1.013900e-01 2.663032e+00
5.776000e-03 -9.290600e-02 2.321013e+00
4.568580e-01 -1.548700e-02 2.650395e+00
2.082430e-01 -3.122870e-01 2.307640e+00
6.788230e-01 -1.803630e-01 2.537049e+00
2.773050e-01 -3.352650e-01 2.307560e+00
7.329620e-01 -2.207010e-01 2.509856e+00
-1.935410e-01 -6.609880e-01 2.629414e+00
9.911900e-02 -6.799850e-01 2.663319e+00
-2.527310e-01 -1.090753e+00 2.714046e+00
8.438000e-02 -1.121450e+00 2.647321e+00
-1.580580e-01 -1.132867e+00 2.566403e+00
1.810400e-01 -1.119159e+00 2.495049e+00
1.231840e-01 3.466030e-01 2.215934e+00
-4.261100e-02 1.537920e-01 2.336672e+00
2.532140e-01 1.795410e-01 2.572184e+00
1.918120e-01 1.380090e-01 2.348897e+00
1.600800e-02 1.165780e-01 2.572065e+00
-1.055960e-01 -1.699390e-01 2.476906e+00
1.736030e-01 -1.365220e-01 2.670869e+00
-3.899200e-02 -1.033410e-01 2.670365e+00
6.257100e-02 -1.060710e-01 2.319592e+00
4.776030e-01 4.064000e-02 2.668305e+00
3.173230e-01 -2.654250e-01 2.335799e+00
7.394590e-01 -5.234600e-02 2.552807e+00
3.895980e-01 -2.738270e-01 2.337612e+00
8.031430e-01 -7.528100e-02 2.526049e+00
-1.941570e-01 -6.696400e-01 2.639437e+00
9.917800e-02 -6.778040e-01 2.669527e+00
-2.634340e-01 -1.099140e+00 2.717507e+00
8.476000e-02 -1.119168e+00 2.650723e+00
-1.594710e-01 -1.141568e+00 2.576345e+00
1.853640e-01 -1.116077e+00 2.501043e+00
1.220490e-01 3.320740e-01 2.203715e+00
-4.493900e-02 1.397030e-01 2.333625e+00
2.479170e-01 1.784400e-01 2.571060e+00
1.896090e-01 1.289300e-01 2.348572e+00
1.199400e-02 1.108320e-01 2.570598e+00
-9.777300e-02 -1.766010e-01 2.472225e+00
1.650750e-01 -1.357030e-01 2.686536e+00
-4.710900e-02 -1.047920e-01 2.668629e+00
9.711800e-02 -1.016660e-01 2.324100e+00
4.873940e-01 8.259300e-02 2.680577e+00
3.761300e-01 -2.031410e-01 2.368869e+00
7.531540e-01 4.466700e-02 2.546107e+00
4.485280e-01 -1.973770e-01 2.364081e+00
8.174750e-01 3.544100e-02 2.513315e+00
-1.921840e-01 -6.731860e-01 2.643635e+00
9.840200e-02 -6.776200e-01 2.677865e+00
-2.412240e-01 -1.103544e+00 2.731673e+00
8.428100e-02 -1.118594e+00 2.651283e+00
-1.268890e-01 -1.143892e+00 2.598126e+00
1.953690e-01 -1.113590e+00 2.509263e+00
1.145970e-01 3.082810e-01 2.192575e+00
-5.629200e-02 1.043080e-01 2.316711e+00
2.303340e-01 1.615110e-01 2.557988e+00
1.782370e-01 1.064870e-01 2.335254e+00
-1.537000e-03 8.115600e-02 2.554822e+00
-1.076580e-01 -2.018690e-01 2.483611e+00
1.521260e-01 -1.372440e-01 2.695804e+00
-6.149000e-02 -1.195810e-01 2.676988e+00
1.308470e-01 -1.014690e-01 2.343147e+00
4.722340e-01 1.279840e-01 2.693724e+00
4.223890e-01 -1.420370e-01 2.397666e+00
7.401060e-01 1.427980e-01 2.560910e+00
4.811970e-01 -1.054970e-01 2.420117e+00
8.047100e-01 1.465610e-01 2.527597e+00
-1.911150e-01 -6.967760e-01 2.644974e+00
9.213100e-02 -6.836950e-01 2.689699e+00
-2.395750e-01 -1.128946e+00 2.723997e+00
8.769000e-02 -1.124387e+00 2.656003e+00
-1.218900e-01 -1.166191e+00 2.592474e+00
1.923310e-01 -1.114234e+00 2.509434e+00
1.053570e-01 2.825780e-01 2.180633e+00
-4.850400e-02 1.083250e-01 2.320761e+00
2.349490e-01 1.651160e-01 2.565853e+00
1.857400e-01 1.091240e-01 2.342704e+00
2.638000e-03 8.621600e-02 2.559773e+00
-1.188680e-01 -2.002370e-01 2.494169e+00
1.403660e-01 -1.367150e-01 2.707367e+00
-7.356100e-02 -1.221160e-01 2.689470e+00
1.262720e-01 -1.074670e-01 2.346818e+00
4.740300e-01 1.381770e-01 2.706946e+00
4.152310e-01 -1.344950e-01 2.418054e+00
7.270730e-01 1.853000e-01 2.555120e+00
4.721760e-01 -8.949600e-02 2.423521e+00
7.901610e-01 1.963190e-01 2.520537e+00
-1.966000e-01 -6.994540e-01 2.644015e+00
8.881500e-02 -6.841050e-01 2.699577e+00
-2.370620e-01 -1.132457e+00 2.722979e+00
9.095300e-02 -1.123709e+00 2.653670e+00
-1.203140e-01 -1.167607e+00 2.590052e+00
1.971520e-01 -1.108055e+00 2.508716e+00
9.732800e-02 2.593510e-01 2.172067e+00
-6.190500e-02 7.794500e-02 2.329934e+00
2.243760e-01 1.299250e-01 2.571230e+00
1.726650e-01 8.169300e-02 2.347683e+00
-6.005000e-03 4.771500e-02 2.566983e+00
-1.278990e-01 -2.210280e-01 2.507280e+00
1.299990e-01 -1.607700e-01 2.723030e+00
-8.340400e-02 -1.423830e-01 2.702556e+00
1.290220e-01 -1.234190e-01 2.350750e+00
4.609880e-01 1.562730e-01 2.715293e+00
4.128710e-01 -1.277420e-01 2.441864e+00
7.045290e-01 2.017100e-01 2.549421e+00
4.692630e-01 -8.180000e-02 2.444481e+00
7.647420e-01 2.128250e-01 2.510071e+00
-2.020820e-01 -7.243470e-01 2.637354e+00
8.678000e-02 -7.061610e-01 2.710820e+00
-2.281220e-01 -1.156770e+00 2.725082e+00
8.626900e-02 -1.143755e+00 2.648574e+00
-1.153220e-01 -1.191248e+00 2.588617e+00
1.965860e-01 -1.123784e+00 2.507271e+00
8.311300e-02 1.996290e-01 2.173386e+00
-6.564000e-02 6.308200e-02 2.324948e+00
2.151150e-01 1.256380e-01 2.570542e+00
1.681500e-01 5.801900e-02 2.350815e+00
-1.887800e-02 5.379900e-02 2.565693e+00
-1.459650e-01 -2.314910e-01 2.517286e+00
1.123450e-01 -1.593450e-01 2.728855e+00
-1.018530e-01 -1.491900e-01 2.711138e+00
1.169930e-01 -1.421400e-01 2.366816e+00
4.483790e-01 1.519790e-01 2.719263e+00
4.028980e-01 -1.315600e-01 2.449252e+00
6.896370e-01 2.094170e-01 2.554506e+00
4.552110e-01 -8.105300e-02 2.452419e+00
7.503250e-01 2.233040e-01 2.516799e+00
-2.040910e-01 -7.366360e-01 2.624615e+00
8.983300e-02 -7.058630e-01 2.715027e+00
-2.264860e-01 -1.166979e+00 2.722937e+00
8.413600e-02 -1.142450e+00 2.646303e+00
-1.203240e-01 -1.204688e+00 2.582072e+00
1.928640e-01 -1.121457e+00 2.503922e+00
7.748900e-02 1.848780e-01 2.166258e+00
-7.508400e-02 5.328400e-02 2.330166e+00
2.142760e-01 1.155140e-01 2.566413e+00
1.593400e-01 4.599500e-02 2.348724e+00
-2.085000e-02 4.605500e-02 2.569409e+00
-1.549400e-01 -2.391140e-01 2.522341e+00
1.024110e-01 -1.582260e-01 2.731907e+00
-1.115790e-01 -1.474870e-01 2.712136e+00
9.496600e-02 -1.621020e-01 2.371720e+00
4.476700e-01 1.374710e-01 2.715004e+00
3.808240e-01 -1.384490e-01 2.450197e+00
6.801920e-01 2.090160e-01 2.543985e+00
4.377880e-01 -9.655800e-02 2.467455e+00
7.366360e-01 2.264940e-01 2.501485e+00
-2.089880e-01 -7.411190e-01 2.611209e+00
8.688600e-02 -7.030760e-01 2.719277e+00
-2.274080e-01 -1.171770e+00 2.709006e+00
8.327900e-02 -1.139406e+00 2.648803e+00
-1.268110e-01 -1.209004e+00 2.563992e+00
1.905250e-01 -1.117146e+00 2.505493e+00
7.124600e-02 1.700090e-01 2.165051e+00
-9.985300e-02 4.605200e-02 2.337814e+00
2.020450e-01 1.040150e-01 2.559487e+00
1.341750e-01 2.449900e-02 2.348719e+00
-3.697100e-02 5.051900e-02 2.574999e+00
-1.742740e-01 -2.266500e-01 2.543973e+00
1.110000e-01 -1.815830e-01 2.726397e+00
-1.005590e-01 -1.423550e-01 2.727707e+00
5.436000e-02 -1.800010e-01 2.382341e+00
4.335810e-01 7.896600e-02 2.709913e+00
3.446320e-01 -1.886490e-01 2.444824e+00
6.665750e-01 1.699290e-01 2.549675e+00
4.050630e-01 -1.486360e-01 2.451511e+00
7.234240e-01 1.922420e-01 2.510077e+00
-2.228050e-01 -7.344320e-01 2.607018e+00
7.955900e-02 -7.166120e-01 2.725854e+00
-2.313290e-01 -1.166496e+00 2.699816e+00
8.196800e-02 -1.151680e+00 2.647920e+00
-1.570120e-01 -1.202409e+00 2.539434e+00
1.799110e-01 -1.124447e+00 2.498920e+00
6.941000e-02 1.580500e-01 2.162204e+00
-1.440240e-01 4.483700e-02 2.355317e+00
1.540340e-01 1.090500e-01 2.580437e+00
9.060800e-02 3.229700e-02 2.367274e+00
-8.275200e-02 4.575400e-02 2.592963e+00
-2.082880e-01 -2.465980e-01 2.551451e+00
6.784900e-02 -1.858770e-01 2.743158e+00
-1.441000e-01 -1.502580e-01 2.732824e+00
-3.310200e-02 -2.029670e-01 2.395007e+00
3.396900e-01 -7.603200e-02 2.661444e+00
2.337690e-01 -3.215920e-01 2.428664e+00
6.196730e-01 -8.821300e-02 2.572641e+00
3.062830e-01 -3.254200e-01 2.433636e+00
6.887160e-01 -8.968300e-02 2.549651e+00
-2.575200e-01 -7.487810e-01 2.626053e+00
6.914000e-02 -7.151380e-01 2.722225e+00
-2.480390e-01 -1.184945e+00 2.697011e+00
7.640600e-02 -1.151200e+00 2.650387e+00
-1.616830e-01 -1.208543e+00 2.540420e+00
1.788730e-01 -1.125409e+00 2.504200e+00
5.871700e-02 1.365460e-01 2.186093e+00
-1.789990e-01 6.785600e-02 2.372757e+00
1.399270e-01 9.691400e-02 2.575447e+00
5.412200e-02 3.716900e-02 2.364685e+00
-9.940600e-02 5.088600e-02 2.604291e+00
-2.068140e-01 -2.379680e-01 2.546755e+00
7.934100e-02 -2.093330e-01 2.731107e+00
-1.267670e-01 -1.478500e-01 2.724993e+00
-1.217240e-01 -2.016580e-01 2.405210e+00
2.280290e-01 -1.640140e-01 2.609008e+00
6.075600e-02 -4.358070e-01 2.420546e+00
4.453340e-01 -3.552120e-01 2.541318e+00
1.168580e-01 -4.821720e-01 2.419883e+00
5.025390e-01 -3.979880e-01 2.555296e+00
-2.767450e-01 -7.406760e-01 2.652809e+00
7.114100e-02 -7.276410e-01 2.720770e+00
-2.454670e-01 -1.176697e+00 2.718168e+00
2.959400e-02 -1.167232e+00 2.700820e+00
-1.643380e-01 -1.194871e+00 2.558096e+00
1.385880e-01 -1.171013e+00 2.557150e+00
-1.466800e-02 1.513500e-01 2.203096e+00
-2.325170e-01 1.182350e-01 2.424963e+00
1.206940e-01 8.102200e-02 2.557245e+00
-1.224000e-02 6.240500e-02 2.364025e+00
-1.124540e-01 5.918100e-02 2.630702e+00
-2.896030e-01 -2.047880e-01 2.604595e+00
3.956000e-02 -1.985340e-01 2.695718e+00
-1.555430e-01 -1.302910e-01 2.755513e+00
-2.803990e-01 -1.542470e-01 2.434811e+00
8.333600e-02 -1.915340e-01 2.526359e+00
-3.429570e-01 -4.439400e-01 2.422981e+00
-3.951700e-02 -4.606000e-01 2.504305e+00
-3.553790e-01 -5.155110e-01 2.418405e+00
-7.681100e-02 -5.190210e-01 2.482085e+00
-2.848710e-01 -7.243960e-01 2.696994e+00
5.167100e-02 -7.104110e-01 2.691811e+00
-2.587590e-01 -1.163918e+00 2.735760e+00
4.937300e-02 -1.149888e+00 2.738916e+00
-2.172700e-01 -1.176893e+00 2.560701e+00
1.139470e-01 -1.168170e+00 2.571491e+00
-1.264000e-03 2.053790e-01 2.227287e+00
-2.658520e-01 1.538400e-01 2.464193e+00
1.012870e-01 8.841600e-02 2.531790e+00
-6.025500e-02 1.036360e-01 2.361424e+00
-1.187020e-01 6.024400e-02 2.636871e+00
-2.952510e-01 -1.788350e-01 2.627401e+00
4.277300e-02 -2.033620e-01 2.670167e+00
-1.356640e-01 -1.248730e-01 2.761258e+00
-3.971780e-01 -8.958700e-02 2.462847e+00
1.971200e-02 -1.680350e-01 2.467889e+00
-5.789230e-01 -3.234110e-01 2.451884e+00
-2.209470e-01 -3.409620e-01 2.465903e+00
-6.235740e-01 -3.808290e-01 2.449219e+00
-2.816970e-01 -3.741310e-01 2.443388e+00
-2.835590e-01 -7.076810e-01 2.717652e+00
4.488800e-02 -7.139670e-01 2.682773e+00
-2.624510e-01 -1.147572e+00 2.755262e+00
7.325100e-02 -1.153766e+00 2.716480e+00
-2.458910e-01 -1.162084e+00 2.576236e+00
1.075890e-01 -1.165096e+00 2.539767e+00
-1.344500e-02 2.307300e-01 2.244921e+00
-2.884590e-01 1.908530e-01 2.526242e+00
7.909000e-02 1.040170e-01 2.494488e+00
-1.167010e-01 1.473710e-01 2.371449e+00
-1.112780e-01 7.007000e-02 2.645612e+00
-3.186820e-01 -1.543580e-01 2.651083e+00
1.793100e-02 -1.891340e-01 2.604468e+00
-1.281940e-01 -1.048350e-01 2.738030e+00
-4.893550e-01 -8.270000e-04 2.498814e+00
-3.848400e-02 -1.396600e-01 2.426294e+00
-7.322600e-01 -1.743050e-01 2.482256e+00
-3.160510e-01 -2.504210e-01 2.418535e+00
-7.915760e-01 -2.162960e-01 2.478256e+00
-3.878010e-01 -2.496800e-01 2.406329e+00
-2.802350e-01 -6.853810e-01 2.735772e+00
3.664100e-02 -6.975550e-01 2.669542e+00
-2.635800e-01 -1.126436e+00 2.759370e+00
9.327700e-02 -1.135220e+00 2.694147e+00
-2.919760e-01 -1.137022e+00 2.581559e+00
7.217800e-02 -1.147996e+00 2.515467e+00
-1.067100e-02 2.627040e-01 2.263696e+00
-3.013090e-01 2.334090e-01 2.588340e+00
4.840900e-02 1.379510e-01 2.477768e+00
-1.655470e-01 1.969290e-01 2.399687e+00
-1.098730e-01 9.814800e-02 2.661054e+00
-3.296110e-01 -1.156520e-01 2.671888e+00
-1.237700e-02 -1.814390e-01 2.563604e+00
-1.225400e-01 -9.213800e-02 2.725429e+00
-5.543340e-01 1.045230e-01 2.561721e+00
-7.761400e-02 -1.119420e-01 2.422871e+00
-8.320720e-01 -1.578000e-02 2.519701e+00
-3.667110e-01 -1.935500e-01 2.366833e+00
-8.981390e-01 -4.471600e-02 2.509928e+00
-4.341080e-01 -1.662110e-01 2.364035e+00
-2.822460e-01 -6.571370e-01 2.746020e+00
1.539000e-02 -6.853640e-01 2.659638e+00
-2.667540e-01 -1.098850e+00 2.749774e+00
1.062350e-01 -1.117786e+00 2.670714e+00
-3.239720e-01 -1.102310e+00 2.578749e+00
4.384600e-02 -1.135205e+00 2.502372e+00
-3.831000e-02 3.109650e-01 2.289004e+00
-3.095180e-01 2.406330e-01 2.611936e+00
3.526000e-02 1.523820e-01 2.481626e+00
-1.823890e-01 2.129140e-01 2.415921e+00
-1.141890e-01 1.039350e-01 2.670170e+00
-3.389570e-01 -1.042700e-01 2.668928e+00
-2.381600e-02 -1.724000e-01 2.556077e+00
-1.311920e-01 -8.861900e-02 2.722657e+00
-5.737940e-01 1.289210e-01 2.583072e+00
-8.576600e-02 -9.968100e-02 2.411114e+00
-8.556950e-01 5.158000e-03 2.557132e+00
-3.709110e-01 -2.027390e-01 2.351704e+00
-9.220720e-01 -2.409000e-02 2.551109e+00
-4.408330e-01 -1.901870e-01 2.335860e+00
-2.787780e-01 -6.497800e-01 2.734091e+00
4.403000e-03 -6.775380e-01 2.657471e+00
-2.682580e-01 -1.091342e+00 2.750718e+00
1.043310e-01 -1.108029e+00 2.664955e+00
-3.209130e-01 -1.099086e+00 2.578374e+00
3.771100e-02 -1.126390e+00 2.498343e+00
-5.177900e-02 3.433660e-01 2.312042e+00
-3.219770e-01 2.368450e-01 2.628736e+00
2.335600e-02 1.643600e-01 2.490418e+00
-1.961970e-01 2.238470e-01 2.430336e+00
-1.231450e-01 1.013000e-01 2.676944e+00
-3.484810e-01 -1.049080e-01 2.660010e+00
-2.919700e-02 -1.648410e-01 2.554387e+00
-1.426290e-01 -8.810100e-02 2.720345e+00
-5.862570e-01 1.157160e-01 2.617702e+00
-8.775300e-02 -9.350900e-02 2.414286e+00
-8.550350e-01 -3.014500e-02 2.557340e+00
-3.559320e-01 -2.349830e-01 2.341995e+00
-9.178250e-01 -6.422300e-02 2.543419e+00
-4.281780e-01 -2.326760e-01 2.333463e+00
-2.927890e-01 -6.511300e-01 2.709846e+00
-3.612000e-03 -6.738340e-01 2.650283e+00
-2.651370e-01 -1.091366e+00 2.737979e+00
9.592400e-02 -1.104228e+00 2.665018e+00
-3.166520e-01 -1.105610e+00 2.565704e+00
3.494400e-02 -1.124103e+00 2.496431e+00
-7.730800e-02 3.760880e-01 2.339613e+00
-3.474390e-01 2.333730e-01 2.665379e+00
-5.275000e-03 1.789350e-01 2.511753e+00
-2.265730e-01 2.427710e-01 2.463748e+00
-1.467440e-01 9.503000e-02 2.693900e+00
-3.635290e-01 -1.159770e-01 2.668497e+00
-4.679700e-02 -1.567150e-01 2.547203e+00
-1.561460e-01 -9.705000e-02 2.722647e+00
-5.730190e-01 5.093900e-02 2.633693e+00
-5.791900e-02 -9.648400e-02 2.430848e+00
-7.913680e-01 -1.566640e-01 2.550030e+00
-2.899690e-01 -2.856420e-01 2.340589e+00
-8.418480e-01 -2.055830e-01 2.531155e+00
-3.586980e-01 -3.083690e-01 2.333019e+00
-2.955100e-01 -6.623060e-01 2.683513e+00
-7.686000e-03 -6.712340e-01 2.641903e+00
-2.841050e-01 -1.101256e+00 2.734080e+00
9.436500e-02 -1.100707e+00 2.664305e+00
-3.425710e-01 -1.122282e+00 2.564744e+00
2.691100e-02 -1.125366e+00 2.498845e+00
-9.539200e-02 3.996710e-01 2.383149e+00
-3.762300e-01 2.258230e-01 2.674017e+00
-2.534200e-02 1.964400e-01 2.533818e+00
-2.472290e-01 2.522910e-01 2.479054e+00
-1.703140e-01 9.578700e-02 2.704355e+00
-3.678190e-01 -1.166090e-01 2.671287e+00
-5.345400e-02 -1.516180e-01 2.542293e+00
-1.594540e-01 -9.897000e-02 2.721987e+00
-5.480880e-01 -2.867000e-03 2.635005e+00
-2.197700e-02 -8.282100e-02 2.460617e+00
-7.162790e-01 -2.399760e-01 2.529267e+00
-2.128720e-01 -3.022740e-01 2.355314e+00
-7.555130e-01 -2.961240e-01 2.504657e+00
-2.790120e-01 -3.307900e-01 2.344831e+00
-3.004380e-01 -6.630200e-01 2.671772e+00
-4.567000e-03 -6.662210e-01 2.641744e+00
-2.780540e-01 -1.101207e+00 2.725205e+00
9.118300e-02 -1.097317e+00 2.660517e+00
-3.412510e-01 -1.124834e+00 2.557924e+00
1.869300e-02 -1.120539e+00 2.496990e+00
-1.253490e-01 4.287390e-01 2.420854e+00
-3.911310e-01 2.253060e-01 2.684527e+00
-3.431400e-02 2.074060e-01 2.558027e+00
-2.535060e-01 2.690330e-01 2.498787e+00
-1.868180e-01 9.212700e-02 2.711923e+00
-3.788120e-01 -1.180060e-01 2.671309e+00
-5.939300e-02 -1.374810e-01 2.551800e+00
-1.728310e-01 -9.901500e-02 2.730546e+00
-5.103720e-01 -3.164900e-02 2.629851e+00
1.586900e-02 -7.011100e-02 2.497200e+00
-6.132800e-01 -2.957700e-01 2.506564e+00
-1.322380e-01 -3.172720e-01 2.385286e+00
-6.372040e-01 -3.580570e-01 2.477486e+00
-1.706480e-01 -3.738390e-01 2.360334e+00
-2.998680e-01 -6.630660e-01 2.668458e+00
-7.360000e-03 -6.563700e-01 2.646901e+00
-2.737880e-01 -1.101350e+00 2.719359e+00
8.441300e-02 -1.088504e+00 2.661127e+00
-3.330140e-01 -1.124478e+00 2.550562e+00
1.759600e-02 -1.108172e+00 2.494743e+00
-1.415530e-01 4.325210e-01 2.440407e+00
-3.978460e-01 2.337260e-01 2.662886e+00
-2.534800e-02 2.062230e-01 2.598626e+00
-2.279550e-01 2.845850e-01 2.508282e+00
-2.071800e-01 8.756600e-02 2.713030e+00
-3.904140e-01 -1.188670e-01 2.646199e+00
-5.346600e-02 -1.211920e-01 2.590065e+00
-2.004680e-01 -1.056900e-01 2.746423e+00
-4.605820e-01 -3.995100e-02 2.620348e+00
5.231200e-02 -6.506100e-02 2.566712e+00
-4.493320e-01 -3.123740e-01 2.485307e+00
-4.718000e-03 -3.348510e-01 2.438115e+00
-4.487010e-01 -3.807410e-01 2.460342e+00
-1.797200e-02 -3.997030e-01 2.407847e+00
-2.991740e-01 -6.625330e-01 2.669663e+00
-1.057400e-02 -6.464470e-01 2.669397e+00
-2.766350e-01 -1.100995e+00 2.720725e+00
6.975800e-02 -1.081010e+00 2.661248e+00
-3.033180e-01 -1.122983e+00 2.543694e+00
3.547100e-02 -1.084028e+00 2.484187e+00
-1.858790e-01 4.632000e-01 2.468665e+00
-4.051140e-01 2.372390e-01 2.657287e+00
-2.829700e-02 2.190110e-01 2.620989e+00
-2.254490e-01 2.927760e-01 2.515907e+00
-2.152080e-01 9.555600e-02 2.721259e+00
-3.875490e-01 -1.108750e-01 2.640641e+00
-4.884900e-02 -1.144390e-01 2.596370e+00
-2.011850e-01 -1.029010e-01 2.747891e+00
-4.464550e-01 -3.793200e-02 2.614849e+00
7.084400e-02 -4.399700e-02 2.605933e+00
-3.801020e-01 -3.059540e-01 2.493553e+00
5.264600e-02 -3.188750e-01 2.483203e+00
-3.647980e-01 -3.709440e-01 2.464575e+00
5.326900e-02 -3.875510e-01 2.459101e+00
-3.003330e-01 -6.548460e-01 2.675633e+00
-2.434100e-02 -6.449510e-01 2.661904e+00
-2.819280e-01 -1.094561e+00 2.716571e+00
3.659600e-02 -1.082390e+00 2.679179e+00
-3.003950e-01 -1.111960e+00 2.537990e+00
1.202200e-02 -1.092858e+00 2.500793e+00
-2.022510e-01 4.744710e-01 2.480075e+00
-4.101390e-01 2.315670e-01 2.653047e+00
-3.132400e-02 2.262830e-01 2.642445e+00
-2.231500e-01 2.982540e-01 2.526793e+00
-2.204740e-01 9.322400e-02 2.724595e+00
-3.740810e-01 -1.177780e-01 2.631217e+00
-3.301000e-02 -1.040980e-01 2.618019e+00
-1.987550e-01 -1.043690e-01 2.755229e+00
-4.396510e-01 -4.249100e-02 2.612856e+00
7.694700e-02 -3.036100e-02 2.644797e+00
-3.176270e-01 -2.851620e-01 2.489179e+00
8.194000e-02 -3.051830e-01 2.528510e+00
-2.874710e-01 -3.447150e-01 2.460170e+00
7.513000e-02 -3.685470e-01 2.493349e+00
-2.988590e-01 -6.576160e-01 2.679534e+00
-4.034600e-02 -6.458270e-01 2.667165e+00
-2.823160e-01 -1.098068e+00 2.712591e+00
-2.452000e-03 -1.082933e+00 2.720704e+00
-2.890530e-01 -1.111810e+00 2.532866e+00
-6.908000e-03 -1.105236e+00 2.541769e+00
-2.120840e-01 4.777060e-01 2.493877e+00
-4.086650e-01 2.319050e-01 2.679356e+00
-3.034100e-02 2.386010e-01 2.657755e+00
-2.273880e-01 3.168390e-01 2.555756e+00
-2.134330e-01 9.227500e-02 2.730533e+00
-3.602110e-01 -1.220060e-01 2.633566e+00
-2.136700e-02 -8.003000e-02 2.622915e+00
-1.873550e-01 -9.557300e-02 2.758945e+00
-4.336260e-01 -3.537600e-02 2.608983e+00
6.761000e-02 -2.053200e-02 2.674176e+00
-2.868130e-01 -2.635820e-01 2.487421e+00
9.223100e-02 -2.994710e-01 2.574193e+00
-2.494940e-01 -3.192230e-01 2.458979e+00
7.755100e-02 -3.611510e-01 2.609938e+00
-3.004540e-01 -6.542180e-01 2.680200e+00
-6.088800e-02 -6.287660e-01 2.695832e+00
-2.770680e-01 -1.094733e+00 2.707833e+00
-7.087800e-02 -1.061825e+00 2.783719e+00
-2.831720e-01 -1.106342e+00 2.527935e+00
-8.136200e-02 -1.097407e+00 2.607199e+00
-2.179300e-01 4.743150e-01 2.509639e+00
-3.990500e-01 2.302370e-01 2.683550e+00
-2.088800e-02 2.418920e-01 2.661232e+00
-2.191320e-01 3.178600e-01 2.559841e+00
-2.019270e-01 9.300200e-02 2.733948e+00
-3.532440e-01 -1.181460e-01 2.640745e+00
-1.424400e-02 -7.816200e-02 2.627691e+00
-1.791570e-01 -9.436200e-02 2.764946e+00
-4.178440e-01 -3.891100e-02 2.618446e+00
5.567800e-02 -2.426800e-02 2.679369e+00
-2.844060e-01 -2.738150e-01 2.494170e+00
8.383900e-02 -3.070960e-01 2.591933e+00
-2.498160e-01 -3.308100e-01 2.464970e+00
5.295000e-02 -3.729680e-01 2.594038e+00
-3.001760e-01 -6.508810e-01 2.681686e+00
-7.028500e-02 -6.250980e-01 2.713665e+00
-2.710290e-01 -1.091075e+00 2.708952e+00
-6.863800e-02 -1.060600e+00 2.789158e+00
-2.800740e-01 -1.102808e+00 2.529187e+00
-8.658400e-02 -1.091321e+00 2.612326e+00
-2.133910e-01 4.797470e-01 2.518909e+00
-3.876040e-01 2.260430e-01 2.695039e+00
-1.024200e-02 2.424140e-01 2.663887e+00
-2.117320e-01 3.160840e-01 2.567313e+00
-1.876750e-01 9.117900e-02 2.740544e+00
-3.519260e-01 -1.124520e-01 2.653829e+00
-1.220600e-02 -8.820300e-02 2.627508e+00
-1.721360e-01 -9.784000e-02 2.771131e+00
-4.096370e-01 -4.124100e-02 2.625379e+00
5.061200e-02 -2.771900e-02 2.674072e+00
-2.857350e-01 -2.765340e-01 2.493376e+00
5.528000e-02 -3.153850e-01 2.600821e+00
-2.552880e-01 -3.343310e-01 2.461282e+00
3.610600e-02 -3.854500e-01 2.596255e+00
-2.958910e-01 -6.498320e-01 2.689191e+00
-6.494800e-02 -6.305850e-01 2.723367e+00
-2.767580e-01 -1.090672e+00 2.714845e+00
-6.948400e-02 -1.067723e+00 2.788588e+00
-2.917340e-01 -1.101763e+00 2.535435e+00
-8.363700e-02 -1.094115e+00 2.610716e+00
-2.034210e-01 4.691140e-01 2.516356e+00
-3.501080e-01 2.316460e-01 2.703237e+00
2.671000e-02 2.386340e-01 2.663231e+00
-1.753360e-01 3.130460e-01 2.568400e+00
-1.520640e-01 9.424000e-02 2.749377e+00
-3.414000e-01 -9.586400e-02 2.677766e+00
-1.636000e-03 -1.089620e-01 2.644916e+00
-1.587470e-01 -9.754200e-02 2.791489e+00
-3.913710e-01 -3.531900e-02 2.647562e+00
6.037600e-02 -3.508200e-02 2.667567e+00
-3.019780e-01 -2.867870e-01 2.520672e+00
2.142000e-02 -3.188920e-01 2.595019e+00
-2.799740e-01 -3.488250e-01 2.489611e+00
3.417300e-02 -3.787900e-01 2.555684e+00
-2.816320e-01 -6.429210e-01 2.701207e+00
-4.942100e-02 -6.428440e-01 2.741863e+00
-2.765520e-01 -1.084254e+00 2.724951e+00
-6.683400e-02 -1.082297e+00 2.785927e+00
-2.935470e-01 -1.094096e+00 2.545648e+00
-8.375600e-02 -1.099549e+00 2.607178e+00
-1.559610e-01 4.622080e-01 2.510152e+00
-3.325390e-01 2.313080e-01 2.708557e+00
4.385200e-02 2.383520e-01 2.664721e+00
-1.591910e-01 3.121820e-01 2.571581e+00
-1.339440e-01 9.425000e-02 2.753347e+00
-3.313220e-01 -8.502000e-02 2.693470e+00
5.311000e-03 -1.186710e-01 2.646176e+00
-1.440670e-01 -9.405200e-02 2.799074e+00
-3.877490e-01 -3.432800e-02 2.667155e+00
7.941800e-02 -3.378700e-02 2.665328e+00
-3.059520e-01 -2.852190e-01 2.537414e+00
4.054000e-03 -3.087420e-01 2.593288e+00
-2.858600e-01 -3.474020e-01 2.505362e+00
-6.071000e-03 -3.726520e-01 2.559961e+00
-2.774010e-01 -6.360400e-01 2.713852e+00
-4.691700e-02 -6.465770e-01 2.753456e+00
-2.777930e-01 -1.077377e+00 2.738038e+00
-6.506500e-02 -1.086869e+00 2.787780e+00
-2.924180e-01 -1.087202e+00 2.558526e+00
-9.183900e-02 -1.099635e+00 2.609860e+00
-1.391390e-01 4.594740e-01 2.510784e+00
