-3.410210e-01 3.685540e-01 2.583741e+00
1.615100e-02 3.552930e-01 2.604133e+00
-1.735060e-01 2.030540e-01 2.684541e+00
-1.049900e-02 -1.554400e-02 2.553833e+00
-3.811340e-01 1.056140e-01 2.548391e+00
-3.469360e-01 -1.646220e-01 2.449569e+00
-3.170370e-01 -2.238070e-01 2.433296e+00
-2.987190e-01 -5.782070e-01 2.585745e+00
-2.218790e-01 -9.719990e-01 2.731870e+00
-2.506010e-01 -1.034614e+00 2.578232e+00
-1.391580e-01 6.755840e-01 2.507840e+00
1.848000e-02 3.521570e-01 2.604592e+00
-1.738130e-01 2.018490e-01 2.682328e+00
-6.964000e-03 -1.987100e-02 2.547101e+00
-3.788550e-01 1.076210e-01 2.538354e+00
-3.493210e-01 -1.653800e-01 2.445776e+00
-3.419060e-01 -2.298640e-01 2.424600e+00
-2.872790e-01 -5.832060e-01 2.586831e+00
-2.343260e-01 -9.786660e-01 2.738940e+00
-2.540180e-01 -1.040988e+00 2.583768e+00
-1.286620e-01 6.754940e-01 2.512577e+00
2.145400e-02 3.447320e-01 2.598753e+00
-1.734950e-01 1.976800e-01 2.676101e+00
-4.175000e-03 -1.604200e-02 2.536018e+00
-3.773230e-01 1.075240e-01 2.536647e+00
-3.552570e-01 -1.664060e-01 2.444673e+00
-3.421700e-01 -2.332390e-01 2.449531e+00
-2.922050e-01 -5.819450e-01 2.569544e+00
-2.127760e-01 -9.649170e-01 2.740870e+00
-2.512130e-01 -1.038436e+00 2.594350e+00
-1.266390e-01 6.721700e-01 2.508552e+00
2.030300e-02 3.416080e-01 2.596174e+00
-1.755210e-01 1.943150e-01 2.670803e+00
-6.612000e-03 -1.514200e-02 2.529558e+00
-3.808520e-01 1.054300e-01 2.535022e+00
-3.611570e-01 -1.737480e-01 2.459783e+00
-3.684080e-01 -2.414560e-01 2.454820e+00
-2.900640e-01 -5.882770e-01 2.561975e+00
-2.323870e-01 -9.773160e-01 2.728262e+00
-2.622320e-01 -1.046166e+00 2.577534e+00
-1.207970e-01 6.696340e-01 2.507249e+00
2.572900e-02 3.414980e-01 2.594744e+00
-1.715920e-01 1.949240e-01 2.666804e+00
-1.159500e-02 -1.400400e-02 2.529189e+00
-3.802180e-01 1.024600e-01 2.537205e+00
-3.726690e-01 -1.790920e-01 2.468904e+00
-3.876720e-01 -2.451170e-01 2.477696e+00
-2.884510e-01 -5.921650e-01 2.549181e+00
-2.242990e-01 -9.761150e-01 2.724669e+00
-2.535510e-01 -1.049062e+00 2.575762e+00
-1.199400e-01 6.712760e-01 2.506429e+00
2.875700e-02 3.422040e-01 2.594724e+00
-1.683830e-01 1.935920e-01 2.663005e+00
-1.195300e-02 -1.193600e-02 2.529244e+00
-3.808030e-01 1.021620e-01 2.545881e+00
-3.818250e-01 -1.814310e-01 2.486107e+00
-3.715170e-01 -2.346670e-01 2.527595e+00
-2.913670e-01 -5.919810e-01 2.545845e+00
-2.254850e-01 -9.721990e-01 2.728664e+00
-2.575240e-01 -1.048305e+00 2.581928e+00
-1.145630e-01 6.729800e-01 2.513124e+00
3.086200e-02 3.442280e-01 2.595683e+00
-1.669690e-01 1.960290e-01 2.662854e+00
-1.348400e-02 -9.361000e-03 2.530925e+00
-3.812090e-01 1.067800e-01 2.548543e+00
-3.857220e-01 -1.784410e-01 2.497261e+00
-3.592400e-01 -2.360390e-01 2.522615e+00
-2.891570e-01 -5.914270e-01 2.550565e+00
-2.190580e-01 -9.733360e-01 2.728220e+00
-2.498650e-01 -1.047768e+00 2.580366e+00
-1.127350e-01 6.742510e-01 2.508422e+00
3.033100e-02 3.395110e-01 2.596918e+00
-1.687580e-01 1.942480e-01 2.666736e+00
-7.631000e-03 -1.417700e-02 2.538799e+00
-3.799030e-01 1.020250e-01 2.552480e+00
-3.860220e-01 -1.816090e-01 2.493159e+00
-3.628340e-01 -2.393490e-01 2.521267e+00
-2.884170e-01 -5.923970e-01 2.563374e+00
-2.151350e-01 -9.765400e-01 2.734818e+00
-2.451460e-01 -1.048803e+00 2.585730e+00
-1.108400e-01 6.681030e-01 2.500641e+00
3.079600e-02 3.442400e-01 2.598005e+00
-1.683150e-01 1.991360e-01 2.668090e+00
-6.989000e-03 -1.002800e-02 2.544222e+00
-3.792160e-01 1.075270e-01 2.556011e+00
-3.771170e-01 -1.766100e-01 2.498844e+00
-3.600840e-01 -2.396530e-01 2.518770e+00
-2.921820e-01 -5.852590e-01 2.567938e+00
-2.078050e-01 -9.670160e-01 2.739610e+00
-2.434560e-01 -1.040995e+00 2.592620e+00
-1.063850e-01 6.700560e-01 2.494697e+00
3.033500e-02 3.460490e-01 2.595901e+00
-1.682290e-01 2.038330e-01 2.673095e+00
-8.667000e-03 -1.106700e-02 2.549748e+00
-3.777020e-01 1.077390e-01 2.559023e+00
-3.750790e-01 -1.754260e-01 2.497232e+00
-3.620920e-01 -2.402600e-01 2.514245e+00
-2.932150e-01 -5.844260e-01 2.574871e+00
-2.169430e-01 -9.727550e-01 2.735221e+00
-2.474370e-01 -1.041037e+00 2.584364e+00
-1.051430e-01 6.700180e-01 2.488286e+00
2.910400e-02 3.492750e-01 2.594369e+00
-1.676730e-01 2.087940e-01 2.678961e+00
-7.361000e-03 -8.995000e-03 2.554761e+00
-3.777720e-01 1.106210e-01 2.564926e+00
-3.670950e-01 -1.710080e-01 2.497248e+00
-3.613880e-01 -2.340800e-01 2.522762e+00
-2.960470e-01 -5.780360e-01 2.583221e+00
-2.046890e-01 -9.660920e-01 2.736176e+00
-2.449970e-01 -1.034166e+00 2.587544e+00
-1.108930e-01 6.707150e-01 2.481475e+00
2.939800e-02 3.506660e-01 2.597242e+00
-1.680040e-01 2.103990e-01 2.680729e+00
-1.026700e-02 -1.044700e-02 2.561325e+00
-3.771030e-01 1.131160e-01 2.565710e+00
-3.655600e-01 -1.688610e-01 2.499640e+00
-3.496240e-01 -2.343130e-01 2.510762e+00
-2.951370e-01 -5.802880e-01 2.591534e+00
-2.118380e-01 -9.731550e-01 2.736607e+00
-2.443610e-01 -1.036407e+00 2.583991e+00
-1.068430e-01 6.700170e-01 2.480073e+00
2.785900e-02 3.531690e-01 2.595830e+00
-1.676440e-01 2.127200e-01 2.683378e+00
-1.344600e-02 -9.308000e-03 2.560777e+00
-3.808560e-01 1.155050e-01 2.570006e+00
-3.679700e-01 -1.672880e-01 2.507777e+00
-3.561650e-01 -2.342730e-01 2.501832e+00
-2.964430e-01 -5.789600e-01 2.597227e+00
-2.156910e-01 -9.704970e-01 2.747252e+00
-2.497790e-01 -1.035578e+00 2.595750e+00
-1.156930e-01 6.698710e-01 2.473051e+00
2.702800e-02 3.531740e-01 2.595271e+00
-1.653590e-01 2.109900e-01 2.686829e+00
-1.485500e-02 -1.076600e-02 2.562370e+00
-3.805030e-01 1.113740e-01 2.571392e+00
-3.755130e-01 -1.745210e-01 2.523955e+00
-3.528810e-01 -2.352340e-01 2.545481e+00
-2.978330e-01 -5.798550e-01 2.598924e+00
-2.127370e-01 -9.724460e-01 2.743701e+00
-2.511420e-01 -1.036431e+00 2.592767e+00
-1.125510e-01 6.636470e-01 2.467669e+00
2.256800e-02 3.537270e-01 2.599210e+00
-1.703900e-01 2.109490e-01 2.688617e+00
-1.525800e-02 -1.135500e-02 2.569313e+00
-3.831070e-01 1.096360e-01 2.576487e+00
-3.776690e-01 -1.761430e-01 2.528402e+00
-3.536370e-01 -2.358410e-01 2.551211e+00
-2.984310e-01 -5.809690e-01 2.603118e+00
-2.098350e-01 -9.726150e-01 2.748355e+00
-2.475730e-01 -1.037106e+00 2.597468e+00
-1.105380e-01 6.584420e-01 2.461740e+00
2.713900e-02 3.554170e-01 2.602618e+00
-1.675720e-01 2.143460e-01 2.690928e+00
-1.504100e-02 -8.926000e-03 2.579119e+00
-3.797790e-01 1.126780e-01 2.574296e+00
-3.812100e-01 -1.745380e-01 2.535352e+00
-3.625280e-01 -2.374910e-01 2.554048e+00
-2.979570e-01 -5.782480e-01 2.606960e+00
-2.120470e-01 -9.723820e-01 2.746984e+00
-2.413860e-01 -1.033528e+00 2.592872e+00
-1.101840e-01 6.589380e-01 2.457361e+00
3.274600e-02 3.580840e-01 2.603787e+00
-1.625350e-01 2.186160e-01 2.693375e+00
-1.727800e-02 -7.454000e-03 2.585929e+00
-3.767840e-01 1.172190e-01 2.569614e+00
-3.734270e-01 -1.699450e-01 2.530402e+00
-3.687270e-01 -2.380060e-01 2.533084e+00
-2.960980e-01 -5.814990e-01 2.619653e+00
-2.025200e-01 -9.798520e-01 2.741664e+00
-2.361300e-01 -1.035338e+00 2.586288e+00
-1.049540e-01 6.442620e-01 2.429743e+00
3.748400e-02 3.574110e-01 2.600571e+00
-1.575180e-01 2.240870e-01 2.699623e+00
-9.554000e-03 -6.536000e-03 2.597267e+00
-3.677060e-01 1.095460e-01 2.561832e+00
-3.752980e-01 -1.750120e-01 2.507230e+00
-3.688110e-01 -2.403230e-01 2.526043e+00
-2.963390e-01 -5.769340e-01 2.617957e+00
-2.083110e-01 -9.745120e-01 2.746453e+00
-2.449850e-01 -1.032346e+00 2.592634e+00
-1.043350e-01 6.279090e-01 2.402667e+00
4.817600e-02 3.498090e-01 2.583165e+00
-1.465090e-01 2.317940e-01 2.700563e+00
3.530000e-04 -1.426500e-02 2.616927e+00
-3.507270e-01 9.591900e-02 2.546785e+00
-3.708140e-01 -1.874760e-01 2.489370e+00
-3.432750e-01 -2.488620e-01 2.500989e+00
-3.028310e-01 -5.758550e-01 2.621363e+00
-2.077620e-01 -9.727230e-01 2.747006e+00
-2.546870e-01 -1.031639e+00 2.596417e+00
-1.058420e-01 6.029450e-01 2.360707e+00
5.421800e-02 3.023390e-01 2.545177e+00
-1.362020e-01 2.214700e-01 2.696215e+00
5.693000e-03 -5.371500e-02 2.653346e+00
-3.365230e-01 5.540700e-02 2.518641e+00
-3.397800e-01 -2.306860e-01 2.472239e+00
-3.106000e-01 -2.912960e-01 2.460557e+00
-3.195510e-01 -5.931390e-01 2.648875e+00
-1.973460e-01 -9.926610e-01 2.737065e+00
-2.659540e-01 -1.045519e+00 2.592674e+00
-1.074330e-01 5.029270e-01 2.278558e+00
5.037500e-02 2.730460e-01 2.531106e+00
-1.382580e-01 2.038160e-01 2.689967e+00
5.840000e-04 -6.950500e-02 2.672900e+00
-3.269810e-01 1.487500e-02 2.513664e+00
-3.052860e-01 -2.701030e-01 2.465395e+00
-2.986690e-01 -3.345010e-01 2.443699e+00
-3.175480e-01 -6.047310e-01 2.677182e+00
-2.042450e-01 -1.009900e+00 2.750184e+00
-2.675900e-01 -1.054547e+00 2.600705e+00
-1.153020e-01 4.345150e-01 2.241928e+00
4.414300e-02 2.417810e-01 2.518809e+00
-1.468590e-01 1.868420e-01 2.680400e+00
-5.880000e-03 -7.968800e-02 2.693311e+00
-3.146110e-01 -2.292500e-02 2.508206e+00
-2.918420e-01 -3.092570e-01 2.469366e+00
-2.781220e-01 -3.759820e-01 2.464772e+00
-2.970150e-01 -6.266120e-01 2.749568e+00
-1.407210e-01 -1.023263e+00 2.773435e+00
-2.077280e-01 -1.058712e+00 2.623090e+00
-1.166760e-01 3.479570e-01 2.205266e+00
3.156700e-02 1.947360e-01 2.495245e+00
-1.485010e-01 1.524130e-01 2.672434e+00
-1.177700e-02 -1.058410e-01 2.722781e+00
-3.051150e-01 -7.604100e-02 2.501472e+00
-2.686750e-01 -3.629970e-01 2.483008e+00
-2.534240e-01 -4.293340e-01 2.477681e+00
-3.027350e-01 -6.519040e-01 2.789494e+00
-4.430400e-02 -9.913110e-01 2.808074e+00
-1.610720e-01 -1.084473e+00 2.730381e+00
-1.154590e-01 2.627060e-01 2.184401e+00
1.615500e-02 1.666720e-01 2.489223e+00
-1.560490e-01 1.254420e-01 2.674311e+00
-1.500000e-02 -1.303140e-01 2.725240e+00
-3.103200e-01 -1.097930e-01 2.511091e+00
-2.660590e-01 -3.956090e-01 2.492033e+00
-2.451120e-01 -4.588780e-01 2.506860e+00
-3.121040e-01 -6.565280e-01 2.800173e+00
-2.196200e-02 -9.683350e-01 2.830565e+00
-1.359000e-01 -1.079670e+00 2.776042e+00
-1.338330e-01 2.306580e-01 2.185356e+00
2.802000e-03 1.429450e-01 2.490604e+00
-1.657060e-01 1.009340e-01 2.678892e+00
-1.818200e-02 -1.508730e-01 2.731275e+00
-3.212640e-01 -1.308390e-01 2.520639e+00
-2.781630e-01 -4.162700e-01 2.494490e+00
-2.664910e-01 -4.811690e-01 2.512197e+00
-3.152440e-01 -6.792110e-01 2.807003e+00
3.016000e-03 -9.629580e-01 2.829971e+00
-1.045830e-01 -1.086730e+00 2.791852e+00
-1.364350e-01 1.979800e-01 2.190911e+00
-1.002900e-02 1.294230e-01 2.486006e+00
-1.723250e-01 8.200500e-02 2.678421e+00
-1.037200e-02 -1.678050e-01 2.740296e+00
-3.518150e-01 -1.472530e-01 2.525044e+00
-3.254560e-01 -4.322750e-01 2.500596e+00
-3.232800e-01 -4.966820e-01 2.523146e+00
-3.162630e-01 -7.054030e-01 2.809949e+00
1.725800e-02 -9.709890e-01 2.833569e+00
-8.495800e-02 -1.101836e+00 2.805621e+00
-1.546500e-01 2.370230e-01 2.201396e+00
-1.754000e-02 9.376200e-02 2.485091e+00
-1.735000e-01 5.385600e-02 2.684330e+00
-2.508000e-02 -1.790310e-01 2.748891e+00
-3.705430e-01 -1.660990e-01 2.524310e+00
-3.647310e-01 -4.503620e-01 2.505225e+00
-3.585100e-01 -5.140090e-01 2.529139e+00
-3.194520e-01 -7.235630e-01 2.811233e+00
2.743800e-02 -9.717150e-01 2.831661e+00
-6.795400e-02 -1.107435e+00 2.802840e+00
-1.684920e-01 3.089310e-01 2.258362e+00
-1.773000e-02 6.229400e-02 2.498264e+00
-1.788750e-01 2.416900e-02 2.693689e+00
-3.194200e-02 -2.036940e-01 2.745101e+00
-3.889380e-01 -1.825060e-01 2.522826e+00
-4.008240e-01 -4.647540e-01 2.508349e+00
-4.029720e-01 -5.304640e-01 2.526766e+00
-3.307650e-01 -7.390740e-01 2.821720e+00
2.614300e-02 -9.734370e-01 2.826159e+00
-6.523100e-02 -1.113020e+00 2.803413e+00
-1.961530e-01 3.028560e-01 2.282351e+00
-2.530600e-02 1.198000e-03 2.538030e+00
-2.085070e-01 -2.266500e-02 2.715456e+00
-2.290300e-02 -2.521240e-01 2.765338e+00
-3.811150e-01 -1.930680e-01 2.511808e+00
-4.093410e-01 -4.715460e-01 2.522437e+00
-4.142970e-01 -5.390230e-01 2.531595e+00
-3.302730e-01 -7.621550e-01 2.829171e+00
3.405900e-02 -9.841810e-01 2.811972e+00
-5.340200e-02 -1.125683e+00 2.785934e+00
-2.745920e-01 2.654070e-01 2.347870e+00
2.694000e-03 -4.214400e-02 2.537517e+00
-1.940140e-01 -1.873000e-02 2.699905e+00
-2.647000e-02 -2.739320e-01 2.752445e+00
-3.626810e-01 -2.010340e-01 2.510735e+00
-3.747330e-01 -4.770260e-01 2.545922e+00
-3.598140e-01 -5.435950e-01 2.543155e+00
-3.345960e-01 -7.755230e-01 2.810556e+00
3.088200e-02 -9.962300e-01 2.817168e+00
-5.392500e-02 -1.137681e+00 2.783259e+00
-3.067260e-01 2.429790e-01 2.405932e+00
2.596900e-02 -1.819400e-02 2.557287e+00
-1.867040e-01 -2.234700e-02 2.699994e+00
-3.560700e-02 -2.806520e-01 2.768408e+00
-3.224760e-01 -2.062890e-01 2.513090e+00
-3.065700e-01 -4.803250e-01 2.550442e+00
-3.046830e-01 -5.474360e-01 2.562855e+00
-3.785030e-01 -7.781930e-01 2.756126e+00
1.052000e-02 -9.497870e-01 2.795449e+00
-5.053700e-02 -1.099197e+00 2.747502e+00
-2.840830e-01 2.386350e-01 2.442751e+00
6.365900e-02 2.090500e-02 2.541846e+00
-1.134080e-01 -6.270800e-02 2.706977e+00
-3.964200e-02 -3.153280e-01 2.803497e+00
-2.169720e-01 -3.118240e-01 2.524008e+00
-1.196060e-01 -5.646460e-01 2.571750e+00
-1.254910e-01 -6.314220e-01 2.584708e+00
-2.998320e-01 -8.762510e-01 2.824124e+00
1.234860e-01 -8.265640e-01 2.849854e+00
1.434230e-01 -9.936700e-01 2.844539e+00
-3.300000e-01 1.206990e-01 2.432811e+00
5.585200e-02 6.184700e-02 2.530760e+00
-1.048570e-01 -6.229000e-02 2.686884e+00
-3.684400e-02 -3.141400e-01 2.827086e+00
-1.452090e-01 -3.062850e-01 2.521300e+00
-1.566000e-02 -5.404230e-01 2.580071e+00
4.362500e-02 -5.738560e-01 2.585470e+00
-3.355640e-01 -8.500500e-01 2.885734e+00
8.895600e-02 -8.093680e-01 2.907112e+00
1.033140e-01 -9.745640e-01 2.936344e+00
-3.257110e-01 1.246040e-01 2.429169e+00
1.036320e-01 1.074710e-01 2.540187e+00
-6.712300e-02 -8.325000e-03 2.691996e+00
-3.501900e-02 -2.534850e-01 2.839254e+00
-8.417900e-02 -2.817420e-01 2.511772e+00
9.146700e-02 -4.841080e-01 2.563692e+00
1.338860e-01 -5.326030e-01 2.586287e+00
-3.350240e-01 -8.162170e-01 2.805121e+00
7.297100e-02 -8.201710e-01 2.931032e+00
6.931500e-02 -9.883780e-01 2.937595e+00
-3.063480e-01 3.249500e-02 2.401193e+00
6.866900e-02 1.829710e-01 2.503504e+00
-8.192700e-02 5.814300e-02 2.668885e+00
-4.776100e-02 -1.279190e-01 2.841351e+00
-1.254900e-02 -2.290500e-01 2.501840e+00
2.071560e-01 -3.864630e-01 2.528611e+00
2.689930e-01 -4.110230e-01 2.543927e+00
-3.252530e-01 -7.255670e-01 2.740592e+00
4.150200e-02 -8.238700e-01 2.935928e+00
1.112000e-02 -9.875340e-01 2.910609e+00
-3.338940e-01 6.416500e-02 2.417592e+00
7.516200e-02 1.890850e-01 2.523174e+00
-1.094540e-01 8.267700e-02 2.665324e+00
-3.432700e-02 -1.161350e-01 2.844542e+00
-1.263800e-02 -1.697460e-01 2.483124e+00
2.087710e-01 -3.248180e-01 2.499493e+00
2.756430e-01 -3.377070e-01 2.504353e+00
-3.040140e-01 -7.132250e-01 2.724149e+00
2.596200e-02 -8.579740e-01 2.953263e+00
-1.881000e-02 -1.016342e+00 2.917691e+00
-3.035020e-01 4.837400e-02 2.347859e+00
5.750200e-02 2.270290e-01 2.513716e+00
-1.227570e-01 1.065160e-01 2.650081e+00
-5.744900e-02 -7.815000e-02 2.842738e+00
1.565400e-02 -1.425310e-01 2.473961e+00
2.524250e-01 -2.723490e-01 2.480201e+00
3.184280e-01 -2.874720e-01 2.488943e+00
-2.981700e-01 -6.897890e-01 2.701940e+00
-3.021600e-02 -9.196620e-01 2.942125e+00
-9.818200e-02 -1.061554e+00 2.882148e+00
-3.010630e-01 4.339300e-02 2.359621e+00
9.135000e-02 2.028080e-01 2.581871e+00
-1.254510e-01 9.682500e-02 2.667761e+00
-2.456000e-02 -9.522100e-02 2.813025e+00
2.100000e-05 -9.689500e-02 2.455790e+00
2.494950e-01 -1.967560e-01 2.440449e+00
3.157030e-01 -2.107140e-01 2.449572e+00
-2.950800e-01 -6.641150e-01 2.628290e+00
-1.640990e-01 -1.048946e+00 2.758973e+00
-2.276160e-01 -1.118037e+00 2.619179e+00
-1.715370e-01 7.044600e-02 2.233887e+00
9.344100e-02 2.009750e-01 2.589694e+00
1.561700e-02 8.634700e-02 2.435246e+00
-1.262070e-01 9.934800e-02 2.673591e+00
-2.178040e-01 -2.052340e-01 2.665050e+00
-9.074000e-03 -1.189980e-01 2.832671e+00
-1.966880e-01 -1.066700e-01 2.824000e+00
1.075300e-02 -1.013440e-01 2.440464e+00
2.284130e-01 1.290200e-02 2.498724e+00
2.668020e-01 -1.821190e-01 2.432567e+00
4.190000e-01 -1.750670e-01 2.476535e+00
3.346870e-01 -1.862980e-01 2.438542e+00
4.778240e-01 -2.087810e-01 2.484579e+00
-2.825420e-01 -6.657840e-01 2.596772e+00
3.100000e-05 -6.884600e-01 2.823159e+00
-2.084820e-01 -1.036672e+00 2.794980e+00
-4.076700e-02 -1.098543e+00 2.711372e+00
-2.607230e-01 -1.120105e+00 2.658378e+00
6.530000e-02 -1.074078e+00 2.582914e+00
-1.551850e-01 1.122350e-01 2.218329e+00
-1.986620e-01 2.903600e-02 2.432869e+00
1.104100e-01 1.117150e-01 2.585197e+00
6.927000e-03 4.132000e-03 2.445645e+00
-1.283270e-01 9.723000e-02 2.669543e+00
-2.352340e-01 -2.068400e-01 2.665833e+00
-1.168000e-03 -1.522970e-01 2.811913e+00
-1.844220e-01 -1.099460e-01 2.818985e+00
3.710000e-04 -1.189910e-01 2.443336e+00
2.635210e-01 -6.140000e-02 2.494513e+00
2.567890e-01 -1.957820e-01 2.428044e+00
4.542910e-01 -2.494970e-01 2.484136e+00
3.160280e-01 -2.282020e-01 2.417977e+00
5.090660e-01 -2.901020e-01 2.487669e+00
-2.888970e-01 -6.830400e-01 2.609324e+00
9.906000e-03 -7.023110e-01 2.822202e+00
-1.876700e-01 -1.063969e+00 2.773565e+00
-5.285600e-02 -1.103362e+00 2.689733e+00
-2.367630e-01 -1.138561e+00 2.630821e+00
6.523000e-02 -1.082785e+00 2.571486e+00
-1.124760e-01 1.687000e-01 2.228305e+00
-2.207170e-01 -1.440400e-02 2.423902e+00
9.924200e-02 8.861400e-02 2.538299e+00
-1.398600e-02 -2.975200e-02 2.415100e+00
-1.287230e-01 6.738100e-02 2.648535e+00
-2.773020e-01 -2.343160e-01 2.701334e+00
-2.111600e-02 -1.655410e-01 2.794823e+00
-2.004240e-01 -1.202680e-01 2.829821e+00
-3.074500e-02 -1.675870e-01 2.454980e+00
1.925390e-01 -1.300520e-01 2.475047e+00
1.934330e-01 -3.067900e-01 2.424205e+00
3.348610e-01 -3.543760e-01 2.473179e+00
2.509170e-01 -3.428450e-01 2.416643e+00
3.800010e-01 -3.918340e-01 2.508120e+00
-3.040890e-01 -6.734780e-01 2.608813e+00
-1.343900e-02 -7.076370e-01 2.806646e+00
-1.824240e-01 -1.045074e+00 2.780403e+00
-2.208800e-02 -1.120914e+00 2.699613e+00
-2.396610e-01 -1.126520e+00 2.644607e+00
3.555100e-02 -1.082382e+00 2.546175e+00
-8.292300e-02 1.802600e-01 2.210155e+00
-2.318280e-01 -5.661800e-02 2.427314e+00
1.008550e-01 4.482500e-02 2.512139e+00
-2.677800e-02 -7.724200e-02 2.403235e+00
-1.208330e-01 3.328600e-02 2.639940e+00
-3.146400e-01 -2.703670e-01 2.730008e+00
-5.014300e-02 -1.823860e-01 2.767453e+00
-2.211190e-01 -1.480570e-01 2.838266e+00
-6.355400e-02 -2.356520e-01 2.434699e+00
1.256830e-01 -1.961510e-01 2.470448e+00
1.554190e-01 -3.791950e-01 2.478447e+00
2.478430e-01 -4.310880e-01 2.489135e+00
1.800800e-01 -4.408470e-01 2.462556e+00
2.606720e-01 -4.968430e-01 2.502302e+00
-3.260830e-01 -6.368250e-01 2.550044e+00
-2.631000e-03 -7.250470e-01 2.800108e+00
-1.743970e-01 -9.401890e-01 2.809448e+00
-4.789700e-02 -1.129723e+00 2.671586e+00
-2.159510e-01 -1.057734e+00 2.696281e+00
-1.123200e-02 -1.083720e+00 2.513822e+00
-6.358300e-02 1.361630e-01 2.193596e+00
-2.780400e-01 -9.495000e-02 2.456614e+00
5.867000e-02 -1.523900e-02 2.548463e+00
-7.408100e-02 -1.159670e-01 2.424845e+00
-1.606870e-01 -4.186200e-02 2.678023e+00
-3.420310e-01 -3.406710e-01 2.761149e+00
-7.715700e-02 -2.461350e-01 2.758663e+00
-2.347590e-01 -2.203080e-01 2.858264e+00
-1.448630e-01 -3.012890e-01 2.451577e+00
2.139400e-02 -2.365090e-01 2.448529e+00
4.182600e-02 -4.854560e-01 2.491532e+00
9.958600e-02 -4.825940e-01 2.509314e+00
3.278300e-02 -5.507550e-01 2.473762e+00
1.176010e-01 -5.467760e-01 2.524067e+00
-3.459750e-01 -6.967750e-01 2.552612e+00
-1.535700e-02 -7.945400e-01 2.784400e+00
-1.641300e-01 -9.738140e-01 2.821891e+00
-4.903000e-02 -1.194947e+00 2.639937e+00
-2.022320e-01 -1.100300e+00 2.717490e+00
-4.704100e-02 -1.137957e+00 2.481513e+00
-6.339000e-02 2.011010e-01 2.426738e+00
-2.703350e-01 -1.315410e-01 2.470359e+00
-5.753800e-02 -2.318130e-01 2.740224e+00
-8.046300e-02 -1.458220e-01 2.552793e+00
-2.756950e-01 -3.223760e-01 2.641138e+00
-2.852640e-01 -6.430200e-01 2.431093e+00
-1.142020e-01 -5.113580e-01 2.611383e+00
-2.746120e-01 -6.097090e-01 2.616033e+00
-4.141920e-01 -3.302480e-01 2.476915e+00
-7.316200e-02 -4.734110e-01 2.700117e+00
-3.648930e-01 -7.418000e-02 2.429676e+00
7.226000e-02 -6.939710e-01 2.679176e+00
-3.626530e-01 -7.173000e-03 2.416767e+00
6.757200e-02 -7.582430e-01 2.656621e+00
-1.764850e-01 -1.151664e+00 2.425066e+00
3.291500e-02 -9.869640e-01 2.849156e+00
-3.088020e-01 -1.535831e+00 2.556355e+00
-2.169530e-01 -6.919750e-01 2.667836e+00
-2.237240e-01 -1.608194e+00 2.430357e+00
-3.385910e-01 -7.267040e-01 2.778960e+00
-8.694800e-02 -3.476700e-02 2.355689e+00
-2.449660e-01 -1.669500e-01 2.463387e+00
-1.708700e-02 -2.860310e-01 2.712495e+00
-5.149200e-02 -1.807080e-01 2.537070e+00
-2.345320e-01 -3.758750e-01 2.611216e+00
-2.202840e-01 -6.070630e-01 2.329053e+00
-3.703900e-02 -5.349720e-01 2.529866e+00
-2.004280e-01 -6.272390e-01 2.515130e+00
-4.482960e-01 -3.038430e-01 2.471893e+00
-8.272600e-02 -5.207540e-01 2.685078e+00
-4.771890e-01 -4.070800e-02 2.462940e+00
6.463000e-03 -7.693350e-01 2.664896e+00
-4.372600e-01 1.369500e-02 2.452567e+00
4.796900e-02 -8.092820e-01 2.701544e+00
-1.421190e-01 -1.082851e+00 2.154702e+00
1.685300e-02 -9.749130e-01 2.763402e+00
-1.533340e-01 -1.476872e+00 2.318870e+00
-2.599120e-01 -6.804670e-01 2.625444e+00
-1.476030e-01 -1.541730e+00 2.163594e+00
-3.642970e-01 -7.194400e-01 2.751678e+00
-1.284370e-01 -2.949200e-02 2.360917e+00
-3.029960e-01 -1.026860e-01 2.448454e+00
-5.075100e-02 -2.140980e-01 2.676760e+00
-1.088160e-01 -9.051200e-02 2.520538e+00
-2.492080e-01 -3.267190e-01 2.560384e+00
-2.382080e-01 -5.031160e-01 2.304025e+00
-3.997000e-02 -5.601950e-01 2.495194e+00
-2.168130e-01 -6.116010e-01 2.456338e+00
-5.412010e-01 -1.595990e-01 2.437766e+00
-1.039610e-01 -4.512560e-01 2.644823e+00
-6.449440e-01 8.112000e-02 2.474859e+00
-7.899400e-02 -7.137790e-01 2.621535e+00
-7.131410e-01 8.070100e-02 2.478101e+00
-5.018500e-02 -7.750500e-01 2.630337e+00
-1.187790e-01 -9.903440e-01 2.038318e+00
-5.655000e-03 -9.077640e-01 2.694412e+00
-1.402680e-01 -1.405770e+00 2.134696e+00
-1.780270e-01 -5.301670e-01 2.794598e+00
-9.120600e-02 -1.444575e+00 1.978371e+00
-1.868250e-01 -5.770280e-01 2.956081e+00
-1.532210e-01 -5.770000e-04 2.322134e+00
-2.777650e-01 -2.146500e-02 2.420689e+00
-6.504100e-02 -1.624020e-01 2.671785e+00
-9.212000e-02 -3.190800e-02 2.512761e+00
-2.615000e-01 -2.509510e-01 2.533310e+00
-2.392880e-01 -3.685460e-01 2.306165e+00
-8.478200e-02 -5.387830e-01 2.468181e+00
-2.611700e-01 -5.282360e-01 2.403358e+00
-5.162470e-01 3.231600e-02 2.404906e+00
-1.428890e-01 -3.916310e-01 2.634251e+00
-6.319120e-01 2.597100e-01 2.474940e+00
-9.754900e-02 -6.499390e-01 2.599440e+00
-6.963820e-01 2.820640e-01 2.477286e+00
-1.142580e-01 -7.012550e-01 2.641261e+00
-1.841050e-01 -8.332660e-01 1.965046e+00
4.647000e-03 -9.837510e-01 2.332417e+00
-1.893220e-01 -1.258832e+00 1.999627e+00
1.397000e-03 -1.366202e+00 2.522286e+00
-1.343640e-01 -1.272391e+00 1.841053e+00
1.307380e-01 -1.415018e+00 2.426171e+00
-1.575490e-01 7.178400e-02 2.312402e+00
-2.652610e-01 7.010000e-04 2.422409e+00
-6.345700e-02 -1.887310e-01 2.649466e+00
-7.998200e-02 -3.872800e-02 2.507071e+00
-2.704900e-01 -2.407120e-01 2.507877e+00
-2.405910e-01 -3.360670e-01 2.318604e+00
-1.142330e-01 -5.600200e-01 2.432534e+00
-2.879090e-01 -5.060920e-01 2.384013e+00
-4.925620e-01 7.771900e-02 2.373720e+00
-1.308250e-01 -4.205860e-01 2.608565e+00
-4.212280e-01 3.018380e-01 2.494627e+00
-8.397500e-02 -6.806330e-01 2.619370e+00
-4.013840e-01 3.625330e-01 2.470464e+00
-1.099530e-01 -7.255160e-01 2.663779e+00
-2.206740e-01 -7.704640e-01 1.919444e+00
-2.726200e-02 -9.448680e-01 2.127380e+00
-1.441070e-01 -1.188710e+00 1.958649e+00
-5.031800e-02 -1.283287e+00 2.386745e+00
-1.218750e-01 -1.200247e+00 1.792147e+00
2.487600e-02 -1.378123e+00 2.269689e+00
-1.690950e-01 1.099290e-01 2.331307e+00
-2.593170e-01 1.345100e-02 2.399113e+00
-6.312900e-02 -1.779310e-01 2.628707e+00
-7.554100e-02 -2.933200e-02 2.484433e+00
-2.710850e-01 -2.264270e-01 2.487234e+00
-2.469720e-01 -3.114840e-01 2.286319e+00
-1.159210e-01 -5.205340e-01 2.421320e+00
-2.913940e-01 -4.725020e-01 2.373069e+00
-4.656610e-01 1.433560e-01 2.377375e+00
-1.176370e-01 -4.150400e-01 2.601615e+00
-2.915630e-01 3.244960e-01 2.459624e+00
-8.213000e-02 -6.766620e-01 2.615046e+00
-3.144190e-01 3.876110e-01 2.472104e+00
-9.969800e-02 -7.264950e-01 2.658286e+00
-2.584590e-01 -7.368450e-01 1.885455e+00
-6.349500e-02 -9.265390e-01 2.100599e+00
-1.921870e-01 -1.157492e+00 1.916977e+00
-1.291060e-01 -1.343164e+00 2.167292e+00
-1.988170e-01 -1.171103e+00 1.749284e+00
-2.444000e-03 -1.379869e+00 2.062604e+00
-1.716620e-01 1.458970e-01 2.330944e+00
-2.954640e-01 -1.001840e-01 2.423467e+00
-3.286900e-02 -2.015730e-01 2.613448e+00
-1.122300e-01 -7.157500e-02 2.472549e+00
-2.298820e-01 -3.213540e-01 2.501868e+00
-2.624030e-01 -3.784020e-01 2.283128e+00
-6.485400e-02 -5.585360e-01 2.370466e+00
-2.526610e-01 -5.465680e-01 2.367100e+00
-2.547140e-01 1.396730e-01 2.397424e+00
-1.172470e-01 -4.295830e-01 2.585841e+00
-1.667200e-01 3.382580e-01 2.246949e+00
-8.109700e-02 -6.896290e-01 2.615691e+00
-1.508090e-01 3.783810e-01 2.194046e+00
-9.754200e-02 -7.356680e-01 2.663352e+00
-2.815940e-01 -7.306800e-01 1.821027e+00
8.859000e-03 -9.180510e-01 1.995687e+00
-2.669200e-01 -1.154028e+00 1.874787e+00
-7.306600e-02 -1.316414e+00 2.125782e+00
-2.917550e-01 -1.175854e+00 1.709690e+00
1.928300e-02 -1.376921e+00 1.998657e+00
-1.148930e-01 1.334730e-01 2.402800e+00
-2.685230e-01 -1.444660e-01 2.465967e+00
-3.223200e-02 -2.203450e-01 2.704401e+00
-9.696600e-02 -9.952800e-02 2.548635e+00
-1.949910e-01 -3.588910e-01 2.563240e+00
-2.900430e-01 -4.103570e-01 2.257282e+00
-9.241700e-02 -5.517540e-01 2.398890e+00
-2.775600e-01 -5.628630e-01 2.366881e+00
-2.480050e-01 8.592700e-02 2.386370e+00
-9.574000e-02 -4.441470e-01 2.628790e+00
-1.619320e-01 3.350650e-01 2.368896e+00
-8.009400e-02 -7.075590e-01 2.616397e+00
-1.494890e-01 3.718520e-01 2.312739e+00
-1.125190e-01 -7.427750e-01 2.665081e+00
-3.191690e-01 -7.499300e-01 1.823160e+00
-3.191300e-02 -9.378460e-01 1.995210e+00
-3.072030e-01 -1.175982e+00 1.848976e+00
-7.283000e-02 -1.356587e+00 2.068089e+00
-3.470340e-01 -1.186991e+00 1.685751e+00
1.288200e-02 -1.389525e+00 1.926956e+00
-1.382170e-01 6.537000e-02 2.408503e+00
-3.585280e-01 3.785910e-01 2.601113e+00
-6.251400e-02 3.614990e-01 2.409264e+00
-2.679260e-01 3.889560e-01 2.419385e+00
-1.442350e-01 2.462860e-01 2.622946e+00
-3.151170e-01 -3.935800e-02 2.595661e+00
-9.034500e-02 -1.370000e-03 2.430932e+00
-1.289000e-01 -1.929900e-02 2.614284e+00
-6.049850e-01 4.148280e-01 2.597312e+00
-4.573900e-02 1.149900e-01 2.377317e+00
-8.454470e-01 4.061930e-01 2.476940e+00
-2.969100e-01 3.193700e-02 2.328316e+00
-9.062830e-01 4.038300e-01 2.446038e+00
-3.643250e-01 4.220800e-02 2.331687e+00
-3.312700e-01 -5.468410e-01 2.728045e+00
-8.736700e-02 -5.601380e-01 2.621186e+00
-4.062480e-01 -9.458840e-01 2.595863e+00
-3.060000e-02 -9.678490e-01 2.734669e+00
-5.682880e-01 -9.295990e-01 2.638617e+00
-1.477040e-01 -1.015148e+00 2.623316e+00
-1.282680e-01 4.930060e-01 2.235533e+00
-3.271840e-01 3.951740e-01 2.623792e+00
-1.954300e-02 3.778640e-01 2.441526e+00
-2.229060e-01 4.187790e-01 2.445974e+00
-1.194350e-01 2.459200e-01 2.637036e+00
-2.985330e-01 2.149300e-02 2.618145e+00
-5.206400e-02 -7.999000e-03 2.485917e+00
-1.152420e-01 4.060000e-02 2.656423e+00
-5.532170e-01 2.967850e-01 2.654340e+00
5.208500e-02 1.409480e-01 2.420440e+00
-7.574810e-01 2.765020e-01 2.481639e+00
-1.486590e-01 -2.724900e-02 2.362369e+00
-8.100280e-01 2.709040e-01 2.438406e+00
-2.150820e-01 -4.083800e-02 2.354311e+00
-3.271550e-01 -5.440880e-01 2.654616e+00
-4.874100e-02 -5.625390e-01 2.621649e+00
-1.771810e-01 -9.373710e-01 2.726487e+00
-3.059900e-02 -9.822150e-01 2.698275e+00
-2.998800e-01 -1.001654e+00 2.630766e+00
-1.090610e-01 -1.012250e+00 2.552358e+00
-9.614400e-02 5.516870e-01 2.280128e+00
-3.121840e-01 4.003710e-01 2.628589e+00
-8.200000e-05 3.837920e-01 2.454000e+00
-2.029990e-01 4.270960e-01 2.454191e+00
-1.066180e-01 2.482760e-01 2.643467e+00
-2.936470e-01 1.656700e-02 2.605028e+00
-5.144400e-02 -1.747700e-02 2.466174e+00
-1.093130e-01 3.797700e-02 2.636474e+00
-4.804150e-01 2.217670e-01 2.677594e+00
9.009300e-02 1.504200e-01 2.451081e+00
-6.810630e-01 1.992800e-01 2.498030e+00
-6.340700e-02 -6.449600e-02 2.394009e+00
-7.017760e-01 1.342420e-01 2.499682e+00
-1.210250e-01 -9.566600e-02 2.374769e+00
-3.241820e-01 -5.482370e-01 2.633334e+00
-3.989800e-02 -5.666110e-01 2.618433e+00
-1.505210e-01 -9.223520e-01 2.743828e+00
-2.104000e-02 -9.845600e-01 2.703827e+00
-2.719570e-01 -1.003473e+00 2.660026e+00
-1.039750e-01 -1.017476e+00 2.561039e+00
-1.011880e-01 5.899920e-01 2.306185e+00
-3.072630e-01 3.985740e-01 2.635485e+00
1.026800e-02 3.880510e-01 2.470477e+00
-1.922110e-01 4.331680e-01 2.466320e+00
-1.034570e-01 2.440180e-01 2.649176e+00
-2.910890e-01 1.227400e-02 2.603930e+00
-4.845300e-02 -1.327100e-02 2.464014e+00
-1.070400e-01 3.467100e-02 2.636336e+00
-4.347950e-01 1.822920e-01 2.671568e+00
7.792700e-02 1.444770e-01 2.491409e+00
-6.274080e-01 8.402200e-02 2.503393e+00
-5.295000e-03 -1.095010e-01 2.431331e+00
-6.277370e-01 1.661500e-02 2.514250e+00
-4.208500e-02 -1.622170e-01 2.408330e+00
-3.141500e-01 -5.535610e-01 2.618119e+00
-3.329100e-02 -5.654160e-01 2.617397e+00
-1.514990e-01 -9.294620e-01 2.738834e+00
-1.371400e-02 -9.823700e-01 2.707374e+00
-2.683990e-01 -1.009316e+00 2.647686e+00
-9.611500e-02 -1.017029e+00 2.564690e+00
-1.017660e-01 6.181960e-01 2.342186e+00
-3.240830e-01 3.814370e-01 2.642936e+00
5.957000e-03 3.938010e-01 2.504787e+00
-1.971930e-01 4.319450e-01 2.486737e+00
-1.159070e-01 2.335670e-01 2.663174e+00
-2.708180e-01 1.991200e-02 2.577833e+00
-1.275100e-02 -1.534600e-02 2.471720e+00
-9.214400e-02 3.100800e-02 2.635957e+00
-3.874660e-01 1.317360e-01 2.647267e+00
8.335300e-02 1.482680e-01 2.515286e+00
-5.240920e-01 -8.272100e-02 2.534292e+00
1.141550e-01 -1.279900e-01 2.502878e+00
-4.978900e-01 -1.456840e-01 2.537564e+00
9.327900e-02 -1.789770e-01 2.462554e+00
-3.012430e-01 -5.509920e-01 2.597137e+00
-2.419600e-02 -5.676880e-01 2.610288e+00
-1.550820e-01 -9.262110e-01 2.739183e+00
-1.922700e-02 -9.843840e-01 2.703394e+00
-2.593620e-01 -1.006569e+00 2.634215e+00
-8.163000e-02 -1.019194e+00 2.550933e+00
-1.023780e-01 6.287600e-01 2.380014e+00
-2.978840e-01 3.690940e-01 2.593344e+00
5.359400e-02 3.587280e-01 2.526114e+00
-1.387090e-01 4.085780e-01 2.466241e+00
-1.080310e-01 2.094870e-01 2.657325e+00
-2.841400e-01 -7.637000e-03 2.555774e+00
-1.007300e-02 -2.119100e-02 2.494088e+00
-1.190170e-01 1.345600e-02 2.643610e+00
-3.679430e-01 1.213060e-01 2.627045e+00
9.484800e-02 1.028350e-01 2.542219e+00
-4.338220e-01 -1.406010e-01 2.551430e+00
1.115240e-01 -1.769110e-01 2.531395e+00
-4.402060e-01 -2.079890e-01 2.542504e+00
1.093960e-01 -2.324740e-01 2.491774e+00
-2.931540e-01 -5.762780e-01 2.587034e+00
-2.162800e-02 -5.828980e-01 2.602629e+00
-1.573110e-01 -9.534840e-01 2.733976e+00
-2.389700e-02 -9.951450e-01 2.713877e+00
-2.429620e-01 -1.031840e+00 2.612015e+00
-5.162800e-02 -1.038272e+00 2.553499e+00
-1.143550e-01 6.461400e-01 2.406152e+00
-3.043870e-01 3.577550e-01 2.579722e+00
5.176600e-02 3.571500e-01 2.543403e+00
-1.358340e-01 4.027800e-01 2.467413e+00
-1.166840e-01 2.022990e-01 2.658547e+00
-2.815240e-01 -3.181500e-02 2.528085e+00
-2.090000e-03 -2.192700e-02 2.497746e+00
-1.299090e-01 5.689000e-03 2.633119e+00
-3.545550e-01 1.012670e-01 2.578603e+00
9.703800e-02 1.003560e-01 2.561063e+00
-3.529760e-01 -1.793170e-01 2.548135e+00
8.266100e-02 -1.813510e-01 2.551459e+00
-3.513160e-01 -2.475670e-01 2.549021e+00
8.502400e-02 -2.489270e-01 2.542001e+00
-2.934900e-01 -5.885710e-01 2.580089e+00
-1.870700e-02 -5.913340e-01 2.599023e+00
-2.195360e-01 -9.810460e-01 2.731165e+00
-3.508400e-02 -1.003551e+00 2.709194e+00
-2.818890e-01 -1.047326e+00 2.589499e+00
-4.229900e-02 -1.046718e+00 2.546607e+00
-1.207350e-01 6.530550e-01 2.431116e+00
-3.204520e-01 3.595350e-01 2.581960e+00
3.669300e-02 3.720920e-01 2.560662e+00
-1.491190e-01 4.150800e-01 2.478954e+00
-1.309030e-01 2.067680e-01 2.661617e+00
-2.891930e-01 -3.144900e-02 2.517288e+00
-9.739000e-03 -4.958000e-03 2.499816e+00
-1.445190e-01 9.940000e-03 2.630347e+00
-3.608950e-01 1.012680e-01 2.560431e+00
8.241300e-02 1.138910e-01 2.567263e+00
-3.560800e-01 -1.780480e-01 2.513554e+00
7.227900e-02 -1.690180e-01 2.557374e+00
-3.470680e-01 -2.438610e-01 2.497775e+00
5.288500e-02 -2.275440e-01 2.528047e+00
-2.896780e-01 -5.846590e-01 2.578029e+00
-2.915100e-02 -5.806180e-01 2.597576e+00
-2.174090e-01 -9.767800e-01 2.730827e+00
-3.761200e-02 -9.959630e-01 2.696298e+00
-2.702730e-01 -1.043187e+00 2.585411e+00
-4.013300e-02 -1.034846e+00 2.532493e+00
-1.356390e-01 6.638970e-01 2.451490e+00
