-3.952090e-01 3.337040e-01 2.683492e+00
-2.080960e-01 3.311870e-01 2.671722e+00
-2.098300e-02 3.286700e-01 2.659952e+00
-1.174020e-01 3.582530e-01 2.614269e+00
-2.138210e-01 3.878360e-01 2.568586e+00
-2.097390e-01 2.949480e-01 2.653345e+00
-2.056570e-01 2.020600e-01 2.738103e+00
-3.110315e-01 8.948650e-02 2.697432e+00
-4.164060e-01 -2.308700e-02 2.656762e+00
-2.218475e-01 -2.044250e-02 2.640540e+00
-2.728900e-02 -1.779800e-02 2.624318e+00
-1.204360e-01 -2.651650e-02 2.680788e+00
-2.135830e-01 -3.523500e-02 2.737257e+00
-3.369195e-01 1.167500e-02 2.714314e+00
-4.602560e-01 5.858500e-02 2.691371e+00
-2.192025e-01 5.388100e-02 2.678531e+00
2.185100e-02 4.917700e-02 2.665691e+00
-2.129280e-01 -9.395050e-02 2.651302e+00
-4.477070e-01 -2.370780e-01 2.636914e+00
-2.220620e-01 -2.435475e-01 2.638177e+00
3.583000e-03 -2.500170e-01 2.639440e+00
-2.126565e-01 -2.782515e-01 2.638878e+00
-4.288960e-01 -3.064860e-01 2.638316e+00
-2.227005e-01 -3.118815e-01 2.631038e+00
-1.650500e-02 -3.172770e-01 2.623761e+00
-1.663485e-01 -4.358555e-01 2.670197e+00
-3.161920e-01 -5.544340e-01 2.716632e+00
-2.088630e-01 -5.512430e-01 2.717144e+00
-1.015340e-01 -5.480520e-01 2.717656e+00
-1.993900e-01 -7.630950e-01 2.741866e+00
-2.972460e-01 -9.781380e-01 2.766075e+00
-2.020255e-01 -9.760550e-01 2.756815e+00
-1.068050e-01 -9.739720e-01 2.747555e+00
-2.099010e-01 -9.866775e-01 2.668803e+00
-3.129970e-01 -9.993830e-01 2.590051e+00
-2.163820e-01 -9.928130e-01 2.580252e+00
-1.197670e-01 -9.862430e-01 2.570452e+00
-1.634995e-01 -2.246375e-01 2.529631e+00
-2.072320e-01 5.369680e-01 2.488811e+00
-2.966695e-01 4.361565e-01 2.575660e+00
-3.861070e-01 3.353450e-01 2.662508e+00
-1.986995e-01 3.336380e-01 2.668146e+00
-1.129200e-02 3.319310e-01 2.673785e+00
-1.031730e-01 3.593105e-01 2.618403e+00
-1.950540e-01 3.866900e-01 2.563022e+00
-1.985185e-01 2.967815e-01 2.650962e+00
-2.019830e-01 2.068730e-01 2.738901e+00
-3.022430e-01 9.488950e-02 2.688344e+00
-4.025030e-01 -1.709400e-02 2.637788e+00
-2.073615e-01 -1.781650e-02 2.644309e+00
-1.222000e-02 -1.853900e-02 2.650830e+00
-1.114380e-01 -2.632000e-02 2.695957e+00
-2.106560e-01 -3.410100e-02 2.741083e+00
-3.292095e-01 1.399050e-02 2.718617e+00
-4.477630e-01 6.208200e-02 2.696151e+00
-2.065245e-01 5.815300e-02 2.694560e+00
3.471400e-02 5.422400e-02 2.692970e+00
-2.027165e-01 -9.148300e-02 2.683486e+00
-4.401470e-01 -2.371900e-01 2.674003e+00
-2.041190e-01 -2.400505e-01 2.662185e+00
3.190900e-02 -2.429110e-01 2.650367e+00
-1.998415e-01 -2.749470e-01 2.669753e+00
-4.315920e-01 -3.069830e-01 2.689139e+00
-2.212385e-01 -3.013165e-01 2.657914e+00
-1.088500e-02 -2.956500e-01 2.626689e+00
-1.651545e-01 -4.205245e-01 2.678501e+00
-3.194240e-01 -5.453990e-01 2.730314e+00
-2.135375e-01 -5.469455e-01 2.728918e+00
-1.076510e-01 -5.484920e-01 2.727522e+00
-2.013680e-01 -7.593660e-01 2.746574e+00
-2.950850e-01 -9.702400e-01 2.765625e+00
-2.008655e-01 -9.725490e-01 2.758198e+00
-1.066460e-01 -9.748580e-01 2.750772e+00
-1.996000e-01 -9.798480e-01 2.669507e+00
-2.925540e-01 -9.848380e-01 2.588243e+00
-1.966500e-01 -9.846840e-01 2.580688e+00
-1.007460e-01 -9.845300e-01 2.573133e+00
-1.457480e-01 -2.250355e-01 2.526393e+00
-1.907500e-01 5.344590e-01 2.479653e+00
-2.878835e-01 4.306410e-01 2.566104e+00
-3.850170e-01 3.268230e-01 2.652555e+00
-1.100500e-02 3.318390e-01 2.679290e+00
-1.911030e-01 3.799690e-01 2.559777e+00
-2.015960e-01 2.042200e-01 2.739547e+00
-3.927650e-01 -1.736300e-02 2.637214e+00
-3.243000e-03 -2.552600e-02 2.663647e+00
-2.048970e-01 -3.746500e-02 2.747059e+00
-4.384220e-01 5.050800e-02 2.685399e+00
5.019500e-02 5.551300e-02 2.692687e+00
-4.320380e-01 -2.508500e-01 2.681090e+00
3.997200e-02 -2.431910e-01 2.653350e+00
-4.246810e-01 -3.190790e-01 2.702631e+00
4.776000e-03 -3.024950e-01 2.632914e+00
-3.181900e-01 -5.459630e-01 2.739050e+00
-1.080730e-01 -5.550370e-01 2.729926e+00
-2.914970e-01 -9.711570e-01 2.767803e+00
-1.072620e-01 -9.816710e-01 2.747598e+00
-2.845640e-01 -9.827240e-01 2.590315e+00
-9.590400e-02 -9.890010e-01 2.570112e+00
-1.846420e-01 5.122100e-01 2.463398e+00
-3.823160e-01 3.251920e-01 2.639757e+00
-8.825000e-03 3.214790e-01 2.673156e+00
-1.853610e-01 3.656750e-01 2.546994e+00
-2.041430e-01 2.042350e-01 2.739087e+00
-3.867300e-01 -2.217800e-02 2.622510e+00
-9.740000e-04 -2.622300e-02 2.683078e+00
-2.091060e-01 -3.401600e-02 2.749294e+00
-4.375030e-01 4.869400e-02 2.679191e+00
4.854500e-02 4.301900e-02 2.688018e+00
-4.323180e-01 -2.540090e-01 2.669542e+00
3.161500e-02 -2.554010e-01 2.638950e+00
-4.208700e-01 -3.211420e-01 2.692681e+00
7.301000e-03 -3.216770e-01 2.625178e+00
-3.167520e-01 -5.485630e-01 2.744246e+00
-1.080250e-01 -5.590100e-01 2.735249e+00
-2.869490e-01 -9.738490e-01 2.768161e+00
-1.081580e-01 -9.857640e-01 2.749744e+00
-2.646620e-01 -9.822070e-01 2.591759e+00
-8.081500e-02 -9.917440e-01 2.573959e+00
-1.736530e-01 5.004040e-01 2.447381e+00
-3.749920e-01 3.255900e-01 2.616600e+00
-2.466000e-03 3.057090e-01 2.654728e+00
-1.756360e-01 3.423820e-01 2.521678e+00
-2.043960e-01 2.092910e-01 2.733279e+00
-3.933330e-01 -2.335900e-02 2.650733e+00
-4.492000e-03 -2.856100e-02 2.686348e+00
-2.078980e-01 -2.838700e-02 2.766288e+00
-4.407330e-01 5.243600e-02 2.668302e+00
4.682100e-02 2.580100e-02 2.683553e+00
-4.341390e-01 -2.501360e-01 2.640269e+00
2.187000e-02 -2.718690e-01 2.627436e+00
-4.061560e-01 -3.133830e-01 2.660018e+00
6.869000e-03 -3.336300e-01 2.593765e+00
-3.150810e-01 -5.559290e-01 2.746327e+00
-9.988300e-02 -5.612660e-01 2.744151e+00
-2.864580e-01 -9.815690e-01 2.764786e+00
-1.117040e-01 -9.881030e-01 2.744608e+00
-2.744400e-01 -9.884570e-01 2.587326e+00
-9.434800e-02 -9.887730e-01 2.567457e+00
-1.655530e-01 4.612070e-01 2.403844e+00
-3.723160e-01 3.163250e-01 2.600310e+00
6.460000e-04 2.874700e-01 2.626616e+00
-1.766540e-01 3.140670e-01 2.496645e+00
-2.008260e-01 2.088520e-01 2.723935e+00
-3.975110e-01 -2.817500e-02 2.668747e+00
-7.981000e-03 -3.413600e-02 2.695654e+00
-2.094760e-01 -2.891300e-02 2.780134e+00
-4.420510e-01 4.427000e-02 2.658178e+00
4.286100e-02 6.517000e-03 2.665459e+00
-4.268470e-01 -2.587000e-01 2.625688e+00
2.206600e-02 -2.914770e-01 2.603451e+00
-4.007150e-01 -3.202290e-01 2.652235e+00
6.522000e-03 -3.567470e-01 2.577535e+00
-3.140760e-01 -5.634360e-01 2.749145e+00
-1.005130e-01 -5.671030e-01 2.749469e+00
-2.853000e-01 -9.891910e-01 2.764442e+00
-1.082520e-01 -9.940060e-01 2.744666e+00
-2.767090e-01 -9.949950e-01 2.586744e+00
-9.513900e-02 -9.922460e-01 2.567158e+00
-1.667140e-01 4.318460e-01 2.369653e+00
-3.717880e-01 2.917930e-01 2.577539e+00
1.248000e-03 2.587810e-01 2.597011e+00
-1.793410e-01 2.729030e-01 2.469640e+00
-1.985580e-01 1.967610e-01 2.708697e+00
-3.930200e-01 -3.851900e-02 2.685597e+00
-3.290000e-03 -4.379000e-02 2.709597e+00
-2.040070e-01 -3.029700e-02 2.795009e+00
-4.405080e-01 2.231900e-02 2.656350e+00
4.705200e-02 -2.183200e-02 2.649052e+00
-4.207170e-01 -2.794240e-01 2.600351e+00
2.295500e-02 -3.189220e-01 2.573332e+00
-3.954270e-01 -3.274540e-01 2.647540e+00
1.288300e-02 -3.897020e-01 2.565453e+00
-3.118750e-01 -5.736200e-01 2.753709e+00
-9.153700e-02 -5.759100e-01 2.759709e+00
-2.862760e-01 -9.996790e-01 2.765860e+00
-1.044260e-01 -1.002280e+00 2.740431e+00
-2.787560e-01 -1.004297e+00 2.588079e+00
-9.172000e-02 -9.946440e-01 2.563050e+00
-1.731330e-01 3.847890e-01 2.331469e+00
-3.663660e-01 2.142150e-01 2.542778e+00
5.506000e-03 1.664860e-01 2.550410e+00
-1.837380e-01 1.470680e-01 2.437075e+00
-1.872790e-01 1.596610e-01 2.688360e+00
-3.872020e-01 -8.003100e-02 2.721339e+00
2.118000e-03 -1.080450e-01 2.733092e+00
-1.926660e-01 -5.751400e-02 2.818360e+00
-4.355590e-01 -4.654200e-02 2.657208e+00
5.200000e-02 -1.171480e-01 2.607562e+00
-4.266500e-01 -3.532320e-01 2.601782e+00
1.676900e-02 -4.148660e-01 2.521930e+00
-4.079860e-01 -4.114520e-01 2.639668e+00
1.417900e-02 -4.811670e-01 2.494167e+00
-3.201280e-01 -6.103510e-01 2.753940e+00
-8.357700e-02 -6.195350e-01 2.740235e+00
-2.837890e-01 -1.035665e+00 2.764720e+00
-1.042420e-01 -1.046031e+00 2.742049e+00
-2.867110e-01 -1.040424e+00 2.586808e+00
-9.050200e-02 -1.047451e+00 2.564585e+00
-1.547790e-01 2.453270e-01 2.269063e+00
-3.871990e-01 1.373690e-01 2.581252e+00
-1.761000e-02 1.023090e-01 2.528345e+00
-2.221440e-01 7.021400e-02 2.449791e+00
-1.841870e-01 9.718800e-02 2.697070e+00
-3.853070e-01 -1.275940e-01 2.777243e+00
4.100000e-04 -1.793880e-01 2.745106e+00
-1.793390e-01 -1.098220e-01 2.848137e+00
-4.379540e-01 -1.317500e-01 2.661978e+00
5.055000e-02 -1.705130e-01 2.577747e+00
-4.285860e-01 -4.345190e-01 2.639181e+00
2.188500e-02 -4.618540e-01 2.496660e+00
-4.258570e-01 -5.060540e-01 2.632200e+00
1.890500e-02 -5.291070e-01 2.471331e+00
-3.251570e-01 -6.501770e-01 2.742041e+00
-7.277600e-02 -6.668690e-01 2.718095e+00
-2.826430e-01 -1.074497e+00 2.763811e+00
-1.133040e-01 -1.090827e+00 2.748844e+00
-3.096640e-01 -1.086211e+00 2.588264e+00
-9.973400e-02 -1.104956e+00 2.571925e+00
-1.511110e-01 1.588240e-01 2.281526e+00
-3.652270e-01 7.152100e-02 2.527435e+00
-3.281000e-03 -2.646300e-02 2.523081e+00
-1.953480e-01 -1.349300e-02 2.413642e+00
-1.927590e-01 -1.510800e-02 2.665249e+00
-4.050560e-01 -1.921190e-01 2.795565e+00
-2.237100e-02 -2.258520e-01 2.725511e+00
-1.945280e-01 -1.509980e-01 2.837418e+00
-4.528310e-01 -1.564720e-01 2.677576e+00
4.866500e-02 -3.072120e-01 2.549142e+00
-4.410140e-01 -4.611650e-01 2.685860e+00
8.523000e-03 -5.942710e-01 2.454107e+00
-4.342970e-01 -5.327690e-01 2.686870e+00
3.273600e-02 -6.605690e-01 2.440264e+00
-3.221480e-01 -6.901890e-01 2.729622e+00
-7.566800e-02 -6.974430e-01 2.691921e+00
-2.928720e-01 -1.115399e+00 2.755477e+00
-1.106160e-01 -1.118736e+00 2.752094e+00
-3.305320e-01 -1.128540e+00 2.582004e+00
-1.017080e-01 -1.144596e+00 2.576208e+00
-1.456220e-01 1.839790e-01 2.282742e+00
-3.821030e-01 -1.298510e-01 2.615177e+00
-2.524500e-02 -1.365210e-01 2.500144e+00
-2.396760e-01 -1.273820e-01 2.445638e+00
-1.695070e-01 -2.202950e-01 2.668705e+00
-4.370780e-01 -3.754250e-01 2.796970e+00
-7.757700e-02 -3.239350e-01 2.653441e+00
-2.378290e-01 -2.856240e-01 2.797024e+00
-4.901680e-01 -3.476660e-01 2.764404e+00
3.872100e-02 -4.143040e-01 2.511749e+00
-4.123500e-01 -6.403500e-01 2.784694e+00
2.500000e-05 -7.045010e-01 2.431624e+00
-4.040900e-01 -7.107290e-01 2.797019e+00
1.724100e-02 -7.703370e-01 2.408333e+00
-3.334820e-01 -8.339560e-01 2.688886e+00
5.673000e-03 -7.695220e-01 2.595094e+00
-2.732630e-01 -1.247677e+00 2.775708e+00
-1.530650e-01 -1.103130e+00 2.809190e+00
-3.435630e-01 -1.291000e+00 2.618022e+00
-6.756900e-02 -1.214214e+00 2.699487e+00
-2.970190e-01 5.380500e-02 2.384005e+00
-4.365920e-01 -3.006130e-01 2.633973e+00
-1.149700e-01 -2.353010e-01 2.452539e+00
-3.363600e-01 -2.337980e-01 2.448165e+00
-2.138850e-01 -3.793460e-01 2.612880e+00
-3.977850e-01 -5.676270e-01 2.778256e+00
-6.929700e-02 -4.724250e-01 2.589776e+00
-2.108160e-01 -4.567540e-01 2.755580e+00
-3.353930e-01 -3.489560e-01 2.895392e+00
5.716600e-02 -4.527530e-01 2.515800e+00
-4.549950e-01 -5.766330e-01 2.735842e+00
-2.264000e-03 -7.385340e-01 2.435831e+00
-4.815530e-01 -6.372440e-01 2.707658e+00
-1.121000e-03 -8.070360e-01 2.413932e+00
-3.200210e-01 -1.025050e+00 2.732837e+00
-7.601000e-03 -9.606840e-01 2.568263e+00
-2.827420e-01 -1.447500e+00 2.782588e+00
-1.956790e-01 -1.113315e+00 2.919915e+00
-3.883400e-01 -1.473415e+00 2.641657e+00
-1.565940e-01 -1.279274e+00 2.868787e+00
-2.902380e-01 -1.000000e-05 2.447346e+00
-4.062180e-01 -4.574360e-01 2.682122e+00
-1.790860e-01 -3.211440e-01 2.417108e+00
-3.863570e-01 -3.522860e-01 2.488550e+00
-1.998660e-01 -4.984720e-01 2.573203e+00
-3.994080e-01 -7.369310e-01 2.768550e+00
-1.553740e-01 -5.966310e-01 2.497891e+00
-2.483400e-01 -5.968120e-01 2.695683e+00
-2.972820e-01 -3.293940e-01 2.910236e+00
5.164200e-02 -4.581780e-01 2.508126e+00
-4.382690e-01 -5.292740e-01 2.733980e+00
-7.367000e-03 -7.503740e-01 2.463018e+00
-4.714070e-01 -5.715240e-01 2.686125e+00
-1.247800e-02 -8.204430e-01 2.447604e+00
-2.880480e-01 -1.147260e+00 2.880000e+00
3.595900e-02 -1.079628e+00 2.681705e+00
-2.985200e-01 -1.572755e+00 2.845747e+00
-2.404400e-01 -1.115298e+00 3.005217e+00
-4.377280e-01 -1.560454e+00 2.735503e+00
-1.766630e-01 -1.277396e+00 3.041833e+00
-2.964140e-01 -1.135960e-01 2.466145e+00
-2.288330e-01 -7.223600e-01 2.661322e+00
-1.319250e-01 -4.464040e-01 2.454393e+00
-2.892470e-01 -5.426370e-01 2.576551e+00
-1.001830e-01 -6.795140e-01 2.482557e+00
-3.162640e-01 -1.008839e+00 2.698695e+00
-1.888080e-01 -7.798490e-01 2.409193e+00
-2.295200e-01 -8.246690e-01 2.619189e+00
-3.207400e-01 -4.670030e-01 2.741683e+00
1.409430e-01 -4.885670e-01 2.515224e+00
-5.561340e-01 -6.187580e-01 2.631024e+00
-3.938000e-03 -7.480820e-01 2.468890e+00
-5.100410e-01 -6.730610e-01 2.621025e+00
-1.493300e-02 -8.175070e-01 2.453640e+00
-2.435460e-01 -1.293849e+00 2.898413e+00
8.578600e-02 -1.247869e+00 2.600900e+00
-2.503460e-01 -1.719547e+00 2.865792e+00
-1.531690e-01 -1.126952e+00 2.933479e+00
-4.122370e-01 -1.722626e+00 2.939723e+00
-9.901500e-02 -1.270065e+00 3.024420e+00
-2.714630e-01 -3.306110e-01 2.565612e+00
-2.976800e-02 -6.894300e-01 2.679277e+00
-7.182900e-02 -4.097680e-01 2.433015e+00
-1.130500e-01 -4.889370e-01 2.635668e+00
-5.562900e-02 -6.459200e-01 2.447587e+00
-5.908900e-02 -8.890170e-01 2.667374e+00
-1.948910e-01 -7.584840e-01 2.325304e+00
-3.518900e-02 -8.047160e-01 2.467158e+00
-3.039910e-01 -7.568010e-01 2.673753e+00
1.084680e-01 -5.165840e-01 2.244091e+00
-4.664160e-01 -9.779180e-01 2.796311e+00
3.595000e-03 -6.644250e-01 2.483383e+00
-4.104710e-01 -1.020183e+00 2.780276e+00
-3.546400e-02 -7.211720e-01 2.504057e+00
-1.309790e-01 -1.369265e+00 2.565755e+00
-2.135610e-01 -1.278129e+00 2.206153e+00
-2.425770e-01 -1.757898e+00 2.703014e+00
-1.275090e-01 -1.626253e+00 2.437959e+00
-3.958710e-01 -1.691989e+00 2.764990e+00
-2.040750e-01 -1.727998e+00 2.313582e+00
-2.690390e-01 -4.931070e-01 2.621871e+00
3.807600e-02 -6.836830e-01 2.782611e+00
-9.720800e-02 -6.210150e-01 2.465493e+00
-1.181510e-01 -5.834190e-01 2.661883e+00
3.605000e-03 -7.837050e-01 2.570361e+00
-6.013000e-03 -9.611840e-01 2.656959e+00
-1.504040e-01 -8.629580e-01 2.307680e+00
1.140800e-02 -8.847150e-01 2.452965e+00
-2.229740e-01 -6.678190e-01 2.678132e+00
-6.619400e-02 -3.416000e-01 2.453473e+00
-3.254430e-01 -9.491120e-01 2.665605e+00
-3.112460e-01 -1.697420e-01 2.459984e+00
-3.033020e-01 -1.014010e+00 2.687317e+00
-3.804110e-01 -1.851720e-01 2.447675e+00
5.097200e-02 -1.439106e+00 2.405434e+00
-2.055330e-01 -1.287937e+00 2.096239e+00
-7.578400e-02 -1.844578e+00 2.448491e+00
-1.717160e-01 -1.708283e+00 2.163284e+00
-2.394850e-01 -1.788913e+00 2.490773e+00
-2.825410e-01 -1.738874e+00 2.027394e+00
-8.678200e-02 -4.076380e-01 2.477929e+00
4.417000e-03 -6.950020e-01 2.849805e+00
1.040300e-02 -5.853730e-01 2.508086e+00
-6.595400e-02 -5.496960e-01 2.698249e+00
1.909200e-02 -7.756230e-01 2.627258e+00
-1.030010e-01 -8.964040e-01 2.669975e+00
-1.240410e-01 -8.373690e-01 2.284534e+00
-1.552700e-02 -8.628790e-01 2.472519e+00
-1.971860e-01 -5.697670e-01 2.698639e+00
-1.544200e-02 -3.056540e-01 2.496282e+00
-3.788490e-01 -8.066220e-01 2.675688e+00
-2.905700e-01 -1.883150e-01 2.500597e+00
-3.455540e-01 -8.697110e-01 2.684880e+00
-3.371890e-01 -1.347310e-01 2.489252e+00
-3.425200e-02 -1.402170e+00 2.446156e+00
-1.457960e-01 -1.269974e+00 2.090992e+00
-2.344000e-02 -1.828863e+00 2.434080e+00
-1.434800e-01 -1.696380e+00 2.113380e+00
-2.013830e-01 -1.833362e+00 2.433746e+00
-2.477840e-01 -1.704508e+00 1.969370e+00
-2.521000e-03 -4.168950e-01 2.520058e+00
-1.612870e-01 -7.235140e-01 2.827844e+00
8.614000e-03 -5.933390e-01 2.552916e+00
-1.430870e-01 -5.612500e-01 2.689314e+00
-5.626500e-02 -7.909090e-01 2.634228e+00
-2.552750e-01 -9.519670e-01 2.638758e+00
-4.922700e-02 -7.949060e-01 2.346578e+00
-7.128700e-02 -8.764650e-01 2.548136e+00
-2.139750e-01 -4.598620e-01 2.746363e+00
1.848100e-02 -3.128950e-01 2.544871e+00
-4.200790e-01 -5.968980e-01 2.578774e+00
-2.274600e-01 -1.524870e-01 2.490146e+00
-4.544990e-01 -6.569020e-01 2.559075e+00
-2.833880e-01 -1.112540e-01 2.471567e+00
-2.375730e-01 -1.420943e+00 2.459726e+00
-6.506400e-02 -1.263304e+00 2.121106e+00
-1.468730e-01 -1.835599e+00 2.506238e+00
-8.904700e-02 -1.689231e+00 2.102674e+00
-2.963380e-01 -1.878035e+00 2.419384e+00
-1.644540e-01 -1.678025e+00 1.941825e+00
-6.044900e-02 -3.836820e-01 2.648139e+00
-1.926460e-01 -7.316630e-01 2.854228e+00
-9.952300e-02 -6.124710e-01 2.546273e+00
-2.449130e-01 -6.082070e-01 2.694404e+00
-8.296400e-02 -7.991680e-01 2.669466e+00
-3.083080e-01 -9.175940e-01 2.682317e+00
-2.026330e-01 -7.861640e-01 2.330108e+00
-1.700770e-01 -8.997200e-01 2.513982e+00
-2.490420e-01 -4.788210e-01 2.746566e+00
1.108300e-02 -3.549230e-01 2.540692e+00
-4.587850e-01 -6.183910e-01 2.586517e+00
-1.575200e-01 -1.090090e-01 2.532452e+00
-4.869110e-01 -6.811680e-01 2.565511e+00
-2.140330e-01 -8.190200e-02 2.497169e+00
-4.526370e-01 -1.340827e+00 2.362066e+00
-3.031640e-01 -1.157632e+00 2.037452e+00
-3.076460e-01 -1.730395e+00 2.459757e+00
-2.369250e-01 -1.578376e+00 2.067723e+00
-4.361010e-01 -1.803144e+00 2.360305e+00
-2.835000e-01 -1.597988e+00 1.897047e+00
-1.243500e-01 -3.829320e-01 2.667753e+00
-1.561470e-01 -7.226350e-01 2.904511e+00
-1.019550e-01 -5.032540e-01 2.614119e+00
-2.341660e-01 -5.634430e-01 2.778838e+00
-5.709100e-02 -7.204200e-01 2.693293e+00
-2.603030e-01 -8.948420e-01 2.709276e+00
-2.043070e-01 -7.884770e-01 2.337734e+00
-1.440620e-01 -8.847100e-01 2.524480e+00
-2.610160e-01 -5.460610e-01 2.713932e+00
2.700000e-04 -2.774150e-01 2.483931e+00
-3.454310e-01 -8.142620e-01 2.614943e+00
-1.402990e-01 -2.568100e-02 2.558892e+00
-3.321820e-01 -8.688830e-01 2.659823e+00
-1.433520e-01 1.364300e-02 2.498746e+00
-4.548040e-01 -1.308054e+00 2.380826e+00
-3.189430e-01 -1.143620e+00 2.058728e+00
-4.025300e-01 -1.730227e+00 2.417795e+00
-3.250900e-01 -1.570490e+00 2.050192e+00
-5.505540e-01 -1.756892e+00 2.322601e+00
-3.840420e-01 -1.566284e+00 1.882290e+00
-1.497160e-01 -3.549230e-01 2.670290e+00
-1.712210e-01 -5.172360e-01 2.965054e+00
-1.675490e-01 -3.409270e-01 2.650709e+00
-2.726090e-01 -3.756090e-01 2.828315e+00
-1.028860e-01 -5.384700e-01 2.738952e+00
-1.824890e-01 -7.981570e-01 2.758062e+00
-1.758130e-01 -5.496220e-01 2.456933e+00
-8.180000e-02 -6.847420e-01 2.600699e+00
-2.815690e-01 -6.997920e-01 2.784157e+00
-4.583800e-02 -8.957000e-02 2.638371e+00
-2.925660e-01 -9.943350e-01 2.743232e+00
-3.255110e-01 -4.181500e-02 2.549139e+00
-3.086090e-01 -1.039797e+00 2.689855e+00
-3.781550e-01 -3.729400e-02 2.597939e+00
-2.274530e-01 -1.220898e+00 2.495632e+00
-2.402960e-01 -1.003166e+00 2.171118e+00
-3.227240e-01 -1.637087e+00 2.501894e+00
-3.084010e-01 -1.424093e+00 2.148499e+00
-4.961920e-01 -1.597326e+00 2.505345e+00
-4.296210e-01 -1.397622e+00 2.020871e+00
-2.512200e-01 -1.984160e-01 2.682302e+00
-2.002000e-01 -5.048570e-01 2.941682e+00
-9.443000e-02 -3.042850e-01 2.657779e+00
-2.300010e-01 -3.227530e-01 2.819268e+00
-1.109900e-01 -5.222890e-01 2.722638e+00
-1.797460e-01 -7.101850e-01 2.722518e+00
-9.252900e-02 -4.836340e-01 2.416641e+00
-4.053700e-02 -6.061710e-01 2.589979e+00
-3.031730e-01 -5.529210e-01 2.686426e+00
-1.198670e-01 -3.454200e-02 2.590044e+00
-3.122630e-01 -8.483540e-01 2.718204e+00
-4.151750e-01 -5.337000e-02 2.617048e+00
-2.671750e-01 -8.956920e-01 2.748196e+00
-4.706590e-01 -7.357900e-02 2.575981e+00
-1.768580e-01 -1.124084e+00 2.402908e+00
-9.742600e-02 -8.833500e-01 2.094556e+00
-2.438730e-01 -1.545586e+00 2.416105e+00
-1.438370e-01 -1.307813e+00 2.092140e+00
-4.077450e-01 -1.521573e+00 2.350886e+00
-1.708570e-01 -1.303858e+00 1.916247e+00
-1.531460e-01 -1.566140e-01 2.695010e+00
-3.328500e-02 -5.538920e-01 2.793226e+00
-2.204720e-01 -3.641020e-01 2.555882e+00
-1.926980e-01 -4.047010e-01 2.756287e+00
-1.241430e-01 -5.645170e-01 2.574424e+00
-6.921200e-02 -7.848580e-01 2.585233e+00
-2.480130e-01 -5.248140e-01 2.355232e+00
-7.312400e-02 -6.086970e-01 2.455940e+00
-2.843350e-01 -5.857710e-01 2.675390e+00
-1.653420e-01 -9.155900e-02 2.579166e+00
-2.887170e-01 -8.754690e-01 2.740721e+00
-4.398370e-01 -2.046210e-01 2.581869e+00
-2.683620e-01 -9.418570e-01 2.759474e+00
-4.452180e-01 -2.650780e-01 2.543278e+00
-8.946000e-02 -1.145535e+00 2.235704e+00
-1.355390e-01 -8.465440e-01 1.950777e+00
-1.938570e-01 -1.555649e+00 2.292599e+00
-1.206820e-01 -1.267125e+00 2.023027e+00
-3.647210e-01 -1.509517e+00 2.311606e+00
-1.157090e-01 -1.297079e+00 1.847636e+00
-8.411300e-02 -1.652090e-01 2.643641e+00
-7.824000e-03 -5.358680e-01 2.716410e+00
-2.394320e-01 -3.540940e-01 2.509752e+00
-1.908710e-01 -4.118440e-01 2.704282e+00
-1.098390e-01 -5.381950e-01 2.502330e+00
-4.682500e-02 -7.379340e-01 2.530154e+00
-3.067600e-01 -5.761320e-01 2.287776e+00
-1.042060e-01 -6.099070e-01 2.362580e+00
-2.840710e-01 -5.258000e-01 2.679990e+00
-1.895350e-01 -8.259900e-02 2.548276e+00
-2.799200e-01 -8.180140e-01 2.730916e+00
-3.884130e-01 -3.025480e-01 2.550723e+00
-2.681490e-01 -8.862620e-01 2.750333e+00
-4.282850e-01 -3.064440e-01 2.490987e+00
-4.811800e-02 -1.133553e+00 2.166633e+00
-2.749180e-01 -8.924080e-01 1.908905e+00
-7.750000e-02 -1.559506e+00 2.161168e+00
-2.586930e-01 -1.318054e+00 1.938758e+00
-2.309750e-01 -1.550070e+00 2.250836e+00
-3.022860e-01 -1.331781e+00 1.766726e+00
-1.090560e-01 -1.474610e-01 2.605183e+00
-4.234860e-01 3.228890e-01 2.594252e+00
-5.588200e-02 3.258760e-01 2.668302e+00
-2.213450e-01 3.932390e-01 2.537462e+00
-2.485160e-01 1.880970e-01 2.680618e+00
-3.908880e-01 8.430000e-03 2.505997e+00
-8.205000e-03 -2.432600e-02 2.576517e+00
-2.163180e-01 3.050000e-03 2.637377e+00
-4.645350e-01 5.841900e-02 2.528150e+00
1.775260e-01 3.363850e-01 2.522139e+00
-4.417850e-01 -1.958110e-01 2.383657e+00
7.449000e-03 5.732540e-01 2.491406e+00
-4.006050e-01 -2.299830e-01 2.335597e+00
-3.588200e-02 6.275360e-01 2.510093e+00
-3.066350e-01 -5.375210e-01 2.604563e+00
-1.037640e-01 -5.513580e-01 2.599935e+00
-2.927830e-01 -9.472260e-01 2.735584e+00
-9.434400e-02 -9.665260e-01 2.712911e+00
-2.585120e-01 -9.993780e-01 2.568882e+00
-5.897300e-02 -1.011584e+00 2.544380e+00
-2.280260e-01 5.891270e-01 2.579529e+00
-4.338480e-01 3.128190e-01 2.603133e+00
-7.013000e-02 2.962230e-01 2.636149e+00
-2.355920e-01 3.748920e-01 2.526474e+00
-2.578080e-01 1.672340e-01 2.666831e+00
-3.883210e-01 -1.217900e-02 2.504326e+00
-3.200000e-05 -1.948000e-02 2.545205e+00
-2.044960e-01 -1.810500e-02 2.622385e+00
-4.648380e-01 4.591600e-02 2.528885e+00
1.105680e-01 4.451610e-01 2.485025e+00
-4.354520e-01 -2.056370e-01 2.374537e+00
-7.100000e-02 6.661480e-01 2.563268e+00
-4.154410e-01 -2.698500e-01 2.349051e+00
-1.222300e-01 7.154760e-01 2.574021e+00
-3.098500e-01 -5.480440e-01 2.604694e+00
-1.082980e-01 -5.573980e-01 2.581556e+00
-3.065170e-01 -9.534420e-01 2.748137e+00
-9.448100e-02 -9.665440e-01 2.713248e+00
-2.952680e-01 -1.012616e+00 2.580637e+00
-7.589800e-02 -1.020215e+00 2.544553e+00
-2.264610e-01 5.864650e-01 2.599939e+00
-4.328930e-01 3.143780e-01 2.605048e+00
-6.824900e-02 3.002830e-01 2.617805e+00
-2.396510e-01 3.758180e-01 2.516067e+00
-2.526610e-01 1.710210e-01 2.661683e+00
-3.900620e-01 -2.398600e-02 2.508647e+00
7.400000e-05 -2.851100e-02 2.524951e+00
-1.991270e-01 -2.935600e-02 2.614852e+00
-4.675590e-01 4.536800e-02 2.535637e+00
9.769400e-02 4.583010e-01 2.457036e+00
-4.363130e-01 -2.076130e-01 2.381505e+00
-7.969300e-02 6.673340e-01 2.573369e+00
-4.209920e-01 -2.721740e-01 2.353750e+00
-8.748700e-02 7.037940e-01 2.634876e+00
-3.127400e-01 -5.572920e-01 2.607723e+00
-1.025410e-01 -5.657480e-01 2.581094e+00
-3.033860e-01 -9.627720e-01 2.750209e+00
-9.307400e-02 -9.741730e-01 2.714899e+00
-3.031630e-01 -1.021779e+00 2.582274e+00
-8.377900e-02 -1.029319e+00 2.545912e+00
-2.241430e-01 5.919340e-01 2.605197e+00
-4.338620e-01 3.171100e-01 2.627750e+00
-6.842600e-02 3.241900e-01 2.599256e+00
-2.556910e-01 3.903840e-01 2.518566e+00
-2.405260e-01 1.840480e-01 2.661783e+00
-3.919380e-01 -2.391400e-02 2.518442e+00
-1.948000e-03 -1.878300e-02 2.499108e+00
-1.919670e-01 -3.244500e-02 2.606209e+00
-4.600900e-01 4.934200e-02 2.541987e+00
5.890300e-02 4.825380e-01 2.403222e+00
-4.394240e-01 -2.115910e-01 2.394494e+00
-8.730900e-02 7.116770e-01 2.531105e+00
-4.296060e-01 -2.823270e-01 2.385928e+00
-1.220800e-01 7.669720e-01 2.561218e+00
-3.153920e-01 -5.532050e-01 2.601410e+00
-9.270900e-02 -5.573020e-01 2.568651e+00
-3.083680e-01 -9.570940e-01 2.747648e+00
-8.605200e-02 -9.630970e-01 2.709534e+00
-3.232130e-01 -1.017710e+00 2.580947e+00
-8.997900e-02 -1.021519e+00 2.541440e+00
-2.191990e-01 5.986750e-01 2.621719e+00
-4.389950e-01 3.055600e-01 2.646829e+00
-8.288200e-02 3.265850e-01 2.576942e+00
-2.775060e-01 3.866080e-01 2.518815e+00
-2.382890e-01 1.795900e-01 2.656368e+00
-3.935530e-01 -2.755800e-02 2.537129e+00
-7.934000e-03 -1.173400e-02 2.477630e+00
-1.852770e-01 -4.046300e-02 2.602082e+00
-4.532770e-01 4.495400e-02 2.548771e+00
4.060000e-04 5.273210e-01 2.402357e+00
-4.391380e-01 -2.221230e-01 2.420458e+00
-6.643900e-02 8.151110e-01 2.376341e+00
-4.317700e-01 -2.932490e-01 2.428210e+00
-7.313900e-02 8.862490e-01 2.384573e+00
-3.176390e-01 -5.526380e-01 2.596278e+00
-8.445100e-02 -5.493970e-01 2.563508e+00
-3.112080e-01 -9.581880e-01 2.737101e+00
-7.960300e-02 -9.560250e-01 2.701252e+00
-3.423680e-01 -1.016115e+00 2.571700e+00
-9.944300e-02 -1.012990e+00 2.533784e+00
-2.169400e-01 6.035420e-01 2.604724e+00
-4.426620e-01 2.888280e-01 2.660555e+00
-1.046570e-01 3.429510e-01 2.550510e+00
-3.063250e-01 3.775970e-01 2.510330e+00
-2.287750e-01 1.865590e-01 2.654572e+00
-3.907550e-01 -3.297600e-02 2.561171e+00
-2.023800e-02 -8.800000e-04 2.442094e+00
-1.745350e-01 -3.582600e-02 2.592877e+00
-4.445660e-01 2.908900e-02 2.559771e+00
-3.733000e-02 5.790300e-01 2.418834e+00
-4.321390e-01 -2.436750e-01 2.444374e+00
-5.888500e-02 8.307760e-01 2.263894e+00
-4.348690e-01 -3.101830e-01 2.417124e+00
-6.519900e-02 8.931690e-01 2.228673e+00
-3.169970e-01 -5.537290e-01 2.595981e+00
-7.400400e-02 -5.380250e-01 2.564162e+00
-3.121330e-01 -9.633240e-01 2.723867e+00
-8.345700e-02 -9.504970e-01 2.682162e+00
-3.685820e-01 -1.014246e+00 2.562919e+00
-1.282330e-01 -9.969320e-01 2.516262e+00
-2.298170e-01 6.100420e-01 2.601943e+00
-4.334420e-01 2.970220e-01 2.669836e+00
-1.034920e-01 3.474840e-01 2.535052e+00
-3.077890e-01 3.818200e-01 2.508418e+00
-2.206790e-01 1.939140e-01 2.651311e+00
-3.894430e-01 -2.954600e-02 2.567922e+00
-2.806900e-02 4.147000e-03 2.423815e+00
-1.716340e-01 -2.668200e-02 2.585689e+00
-4.454070e-01 3.251700e-02 2.579599e+00
-3.807200e-02 5.762120e-01 2.387959e+00
-4.227360e-01 -2.518620e-01 2.494800e+00
-8.008000e-02 8.191530e-01 2.221306e+00
-4.271050e-01 -3.178450e-01 2.466507e+00
-9.317900e-02 8.707230e-01 2.172909e+00
-3.151870e-01 -5.482500e-01 2.607357e+00
-7.112200e-02 -5.312090e-01 2.563941e+00
-3.103930e-01 -9.620560e-01 2.719734e+00
-8.560400e-02 -9.451300e-01 2.675053e+00
-3.768420e-01 -1.006049e+00 2.560571e+00
-1.413260e-01 -9.871380e-01 2.511302e+00
-2.334290e-01 6.181050e-01 2.601197e+00
-4.283310e-01 3.059630e-01 2.664354e+00
-9.525300e-02 3.616760e-01 2.534441e+00
-3.011330e-01 3.947450e-01 2.506325e+00
-2.145670e-01 2.047750e-01 2.646799e+00
-3.908900e-01 -2.123300e-02 2.568225e+00
-2.839300e-02 1.061300e-02 2.426538e+00
-1.731820e-01 -1.996600e-02 2.587366e+00
-4.338250e-01 3.052700e-02 2.616575e+00
-3.204400e-02 5.763380e-01 2.366840e+00
-4.189050e-01 -2.507660e-01 2.520932e+00
-8.362800e-02 8.234470e-01 2.209495e+00
-4.027590e-01 -3.106920e-01 2.484580e+00
-1.039150e-01 8.765650e-01 2.165447e+00
-3.138110e-01 -5.408750e-01 2.607180e+00
-7.322300e-02 -5.237870e-01 2.566793e+00
-3.098330e-01 -9.545580e-01 2.719361e+00
-8.768800e-02 -9.381430e-01 2.675581e+00
-3.747890e-01 -9.985140e-01 2.559572e+00
-1.426690e-01 -9.793360e-01 2.511374e+00
-2.340620e-01 6.289370e-01 2.586578e+00
-4.278430e-01 3.084000e-01 2.666684e+00
-9.250500e-02 3.488100e-01 2.536327e+00
-2.969150e-01 3.909790e-01 2.508337e+00
-2.188430e-01 1.976840e-01 2.649254e+00
-3.935980e-01 -1.951500e-02 2.563149e+00
-2.571200e-02 4.545000e-03 2.434411e+00
-1.767630e-01 -1.974900e-02 2.590481e+00
-4.312200e-01 3.142800e-02 2.629359e+00
-2.797800e-02 5.564450e-01 2.360738e+00
-4.241650e-01 -2.544120e-01 2.547664e+00
-7.623700e-02 8.035480e-01 2.202538e+00
-3.959790e-01 -3.174480e-01 2.567796e+00
-9.275300e-02 8.631570e-01 2.165833e+00
-3.142340e-01 -5.414700e-01 2.611149e+00
-7.644100e-02 -5.277230e-01 2.575007e+00
-3.105020e-01 -9.557230e-01 2.720592e+00
-8.718800e-02 -9.409980e-01 2.687637e+00
-3.695880e-01 -9.991090e-01 2.558387e+00
-1.372610e-01 -9.846980e-01 2.522509e+00
-2.243510e-01 6.201670e-01 2.568890e+00
-4.192680e-01 3.436490e-01 2.665148e+00
-7.714900e-02 3.585840e-01 2.540482e+00
-2.803610e-01 4.107200e-01 2.506273e+00
-2.166810e-01 2.205490e-01 2.658244e+00
-4.014120e-01 -3.202000e-03 2.565567e+00
-2.588800e-02 1.629800e-02 2.460237e+00
-1.867340e-01 -6.970000e-03 2.606358e+00
-4.377410e-01 6.517100e-02 2.639394e+00
2.000000e-03 5.273420e-01 2.331192e+00
-4.232830e-01 -2.284850e-01 2.589606e+00
-6.500400e-02 7.707350e-01 2.172503e+00
-4.282590e-01 -2.934650e-01 2.620039e+00
-6.830400e-02 8.312480e-01 2.133764e+00
-3.131420e-01 -5.276850e-01 2.617824e+00
-8.059800e-02 -5.155010e-01 2.588439e+00
-3.104060e-01 -9.422110e-01 2.725419e+00
-8.803900e-02 -9.310350e-01 2.691841e+00
-3.582420e-01 -9.855820e-01 2.559544e+00
-1.289400e-01 -9.721780e-01 2.523561e+00
-2.236490e-01 6.281710e-01 2.516550e+00
-4.073820e-01 3.697510e-01 2.642967e+00
-5.001400e-02 3.675770e-01 2.554646e+00
-2.495470e-01 4.272430e-01 2.498684e+00
-2.107680e-01 2.382730e-01 2.660244e+00
-4.007030e-01 1.484800e-02 2.565824e+00
-1.852400e-02 2.195600e-02 2.485940e+00
-1.894880e-01 3.727000e-03 2.620860e+00
-4.391690e-01 9.166600e-02 2.638205e+00
2.418900e-02 4.822850e-01 2.310325e+00
-4.309930e-01 -2.050990e-01 2.614317e+00
-5.648100e-02 7.095310e-01 2.135540e+00
-4.255310e-01 -2.766610e-01 2.609581e+00
-6.200900e-02 7.615030e-01 2.086126e+00
-3.126280e-01 -5.150900e-01 2.618211e+00
-8.234000e-02 -5.083170e-01 2.597578e+00
-3.083250e-01 -9.303360e-01 2.722431e+00
-8.882600e-02 -9.250020e-01 2.695767e+00
-3.459170e-01 -9.730560e-01 2.553772e+00
-1.201130e-01 -9.647310e-01 2.525101e+00
-2.319450e-01 6.258220e-01 2.478531e+00
-3.943040e-01 3.724040e-01 2.614009e+00
-2.061800e-02 3.647270e-01 2.584594e+00
-2.142830e-01 4.265740e-01 2.496992e+00
-2.050000e-01 2.385810e-01 2.663988e+00
-3.964970e-01 1.595500e-02 2.558189e+00
-7.613000e-03 1.451200e-02 2.522690e+00
-1.932830e-01 5.630000e-04 2.637130e+00
-4.401590e-01 9.775100e-02 2.639633e+00
3.852500e-02 3.900120e-01 2.312474e+00
-4.338370e-01 -1.985090e-01 2.613119e+00
-4.256800e-02 5.862520e-01 2.104102e+00
-4.276020e-01 -2.697700e-01 2.620629e+00
-5.905300e-02 6.271260e-01 2.047261e+00
-3.131080e-01 -5.153610e-01 2.628969e+00
-8.380000e-02 -5.151150e-01 2.615387e+00
-3.053690e-01 -9.319450e-01 2.727009e+00
-8.940800e-02 -9.333760e-01 2.706162e+00
-3.240220e-01 -9.728260e-01 2.554774e+00
-1.026610e-01 -9.708540e-01 2.532657e+00
-2.286630e-01 5.879450e-01 2.430838e+00
-3.877560e-01 3.637870e-01 2.599963e+00
-1.425000e-02 3.304270e-01 2.597687e+00
-1.969730e-01 3.994170e-01 2.493344e+00
-2.118130e-01 2.212010e-01 2.670358e+00
-3.967790e-01 -3.079000e-03 2.568077e+00
-6.282000e-03 -1.819000e-03 2.566256e+00
-2.010260e-01 -1.865800e-02 2.664008e+00
-4.471950e-01 9.031800e-02 2.632522e+00
3.406300e-02 2.482620e-01 2.332569e+00
-4.456030e-01 -2.081090e-01 2.604359e+00
-2.553000e-02 3.107650e-01 2.045531e+00
-4.341140e-01 -2.789340e-01 2.609371e+00
-3.976300e-02 3.259710e-01 1.976687e+00
-3.076740e-01 -5.324660e-01 2.653525e+00
-8.505300e-02 -5.332960e-01 2.642067e+00
-2.971830e-01 -9.508010e-01 2.742821e+00
-9.062800e-02 -9.531620e-01 2.724341e+00
-2.997030e-01 -9.880150e-01 2.568773e+00
-8.893900e-02 -9.874110e-01 2.549675e+00
-2.160210e-01 5.303100e-01 2.397928e+00
-3.993410e-01 3.422020e-01 2.586834e+00
-2.563000e-02 3.479490e-01 2.617364e+00
-2.048220e-01 3.997050e-01 2.498003e+00
-2.161440e-01 2.172670e-01 2.670930e+00
-3.858500e-01 -5.984000e-03 2.554082e+00
1.084000e-03 -1.012700e-02 2.606599e+00
-2.056160e-01 -2.008400e-02 2.676888e+00
-4.483300e-01 6.820900e-02 2.634273e+00
3.750100e-02 1.318000e-01 2.447034e+00
-4.470700e-01 -2.286450e-01 2.588223e+00
7.504000e-03 -6.252000e-03 2.181927e+00
-4.453670e-01 -2.998410e-01 2.598301e+00
-3.028200e-02 9.034000e-03 2.122666e+00
-3.064970e-01 -5.326610e-01 2.677027e+00
-9.477000e-02 -5.419550e-01 2.666212e+00
-2.948590e-01 -9.534860e-01 2.753083e+00
-9.392600e-02 -9.639180e-01 2.736638e+00
-2.736480e-01 -9.843490e-01 2.579067e+00
-7.003600e-02 -9.929100e-01 2.562647e+00
-2.155060e-01 4.773490e-01 2.374984e+00
