-2.718660e-01 3.645390e-01 2.609112e+00
8.755800e-02 3.709550e-01 2.505919e+00
-5.485400e-02 2.704640e-01 2.681384e+00
1.175510e-01 6.496000e-02 2.484899e+00
-3.356810e-01 1.065380e-01 2.542105e+00
-2.486100e-01 -1.330470e-01 2.402486e+00
-2.034600e-01 -1.692790e-01 2.360164e+00
-2.184130e-01 -5.220170e-01 2.544430e+00
-2.661220e-01 -9.754460e-01 2.605473e+00
-3.210110e-01 -9.929830e-01 2.432308e+00
-9.573800e-02 6.795400e-01 2.471742e+00
8.744400e-02 3.741790e-01 2.507904e+00
-5.183800e-02 2.716000e-01 2.684669e+00
1.221730e-01 6.118500e-02 2.490743e+00
-3.322070e-01 1.061300e-01 2.543136e+00
-2.475980e-01 -1.328020e-01 2.400802e+00
-2.013160e-01 -1.687890e-01 2.359507e+00
-2.150650e-01 -5.195030e-01 2.546920e+00
-2.691170e-01 -9.732080e-01 2.600123e+00
-3.200380e-01 -9.876220e-01 2.425464e+00
-9.505700e-02 6.796630e-01 2.474249e+00
9.086300e-02 3.736780e-01 2.519424e+00
-5.411400e-02 2.695660e-01 2.690626e+00
1.218400e-01 6.839500e-02 2.495859e+00
-3.293830e-01 1.092980e-01 2.547745e+00
-2.542920e-01 -1.320650e-01 2.405461e+00
-1.996190e-01 -1.628490e-01 2.370739e+00
-2.158770e-01 -5.181490e-01 2.541648e+00
-2.633970e-01 -9.708170e-01 2.608230e+00
-3.179970e-01 -9.905340e-01 2.435209e+00
-9.100800e-02 6.791590e-01 2.477911e+00
9.170700e-02 3.748010e-01 2.520807e+00
-5.467500e-02 2.703890e-01 2.690626e+00
1.232620e-01 7.031000e-02 2.499930e+00
-3.283940e-01 1.095900e-01 2.545517e+00
-2.477930e-01 -1.318700e-01 2.407634e+00
-1.992520e-01 -1.679470e-01 2.369102e+00
-2.170100e-01 -5.185550e-01 2.542599e+00
-2.738070e-01 -9.714300e-01 2.599858e+00
-3.245760e-01 -9.871370e-01 2.425267e+00
-9.382000e-02 6.754580e-01 2.485873e+00
9.445800e-02 3.718440e-01 2.527982e+00
-5.821900e-02 2.714430e-01 2.694646e+00
1.258960e-01 6.802900e-02 2.507202e+00
-3.295270e-01 1.126450e-01 2.547396e+00
-2.454840e-01 -1.279250e-01 2.411247e+00
-1.987920e-01 -1.644230e-01 2.370871e+00
-2.211710e-01 -5.166410e-01 2.537020e+00
-2.692100e-01 -9.703850e-01 2.595405e+00
-3.161910e-01 -9.879890e-01 2.419936e+00
-9.171500e-02 6.799040e-01 2.467878e+00
9.438200e-02 3.681100e-01 2.531415e+00
-6.299900e-02 2.709730e-01 2.695621e+00
1.247190e-01 6.026500e-02 2.507718e+00
-3.325470e-01 1.181680e-01 2.538604e+00
-2.464360e-01 -1.219940e-01 2.404365e+00
-1.978680e-01 -1.590960e-01 2.366854e+00
-2.233380e-01 -5.123010e-01 2.532618e+00
-2.668110e-01 -9.671620e-01 2.585638e+00
-3.143120e-01 -9.830780e-01 2.410149e+00
-8.364800e-02 6.785170e-01 2.461437e+00
1.002510e-01 3.689990e-01 2.538385e+00
-1.049050e-01 4.031970e-01 2.436470e+00
-6.586300e-02 2.753280e-01 2.695864e+00
-3.036140e-01 5.192700e-02 2.600270e+00
1.285350e-01 6.717200e-02 2.529396e+00
-6.093600e-02 5.685400e-02 2.726467e+00
-3.275610e-01 1.220080e-01 2.523884e+00
1.573370e-01 1.073480e-01 2.490473e+00
-2.296410e-01 -1.168890e-01 2.395183e+00
1.766800e-02 -1.214050e-01 2.383749e+00
-1.799250e-01 -1.485740e-01 2.354356e+00
-4.604400e-02 -1.454980e-01 2.361328e+00
-2.354510e-01 -5.035910e-01 2.518666e+00
3.353700e-02 -5.042040e-01 2.534672e+00
-2.295110e-01 -9.506290e-01 2.626935e+00
6.467600e-02 -9.540750e-01 2.625482e+00
-2.732230e-01 -9.928850e-01 2.454859e+00
4.052600e-02 -9.914730e-01 2.448494e+00
-6.477900e-02 6.772280e-01 2.465902e+00
-2.638600e-01 3.823020e-01 2.570751e+00
1.087670e-01 3.630430e-01 2.545171e+00
-8.549300e-02 3.971820e-01 2.423750e+00
-7.318000e-02 2.805160e-01 2.690953e+00
-3.083540e-01 5.797400e-02 2.578526e+00
1.286150e-01 4.908000e-02 2.547114e+00
-7.824100e-02 4.801600e-02 2.726145e+00
-3.347640e-01 1.313520e-01 2.493648e+00
1.720840e-01 9.974200e-02 2.520412e+00
-2.153120e-01 -1.028660e-01 2.375229e+00
4.425200e-02 -1.256010e-01 2.393800e+00
-1.541530e-01 -1.273170e-01 2.346870e+00
-1.831300e-02 -1.396030e-01 2.361676e+00
-2.216390e-01 -5.091920e-01 2.523514e+00
3.119900e-02 -5.141300e-01 2.531393e+00
-2.533170e-01 -9.607180e-01 2.605497e+00
6.471500e-02 -9.644520e-01 2.619071e+00
-2.707070e-01 -9.919910e-01 2.426539e+00
5.686700e-02 -9.998600e-01 2.440211e+00
-2.033100e-02 6.745600e-01 2.457802e+00
-2.317530e-01 3.889190e-01 2.515185e+00
1.315880e-01 3.429350e-01 2.590981e+00
-1.986200e-02 3.880810e-01 2.421659e+00
-8.838700e-02 2.765360e-01 2.682470e+00
-3.104710e-01 8.381700e-02 2.526148e+00
1.140850e-01 1.662500e-02 2.611267e+00
-1.310890e-01 4.559800e-02 2.729135e+00
-3.233960e-01 1.455890e-01 2.429612e+00
1.962220e-01 7.697700e-02 2.586452e+00
-1.502240e-01 -5.274800e-02 2.307427e+00
1.303600e-01 -1.414930e-01 2.407040e+00
-9.857700e-02 -9.951800e-02 2.290468e+00
8.269500e-02 -1.528350e-01 2.354676e+00
-2.277380e-01 -5.018900e-01 2.514732e+00
2.790700e-02 -5.239640e-01 2.534988e+00
-2.805860e-01 -9.541450e-01 2.580098e+00
6.381700e-02 -9.780070e-01 2.599451e+00
-2.350150e-01 -9.846290e-01 2.406029e+00
1.068580e-01 -9.995950e-01 2.423418e+00
6.296800e-02 6.457660e-01 2.443271e+00
-1.909360e-01 3.903100e-01 2.475742e+00
1.516950e-01 3.110040e-01 2.602985e+00
2.867200e-02 3.542590e-01 2.411570e+00
-8.436900e-02 2.814200e-01 2.670560e+00
-2.940800e-01 8.381600e-02 2.466628e+00
9.638300e-02 -2.890000e-04 2.646832e+00
-1.649480e-01 5.485600e-02 2.706062e+00
-3.074830e-01 1.631160e-01 2.371177e+00
2.012150e-01 4.145400e-02 2.635003e+00
-1.051240e-01 -1.778500e-02 2.261937e+00
2.028770e-01 -1.744190e-01 2.437506e+00
-4.255100e-02 -4.340500e-02 2.238047e+00
1.742200e-01 -1.996890e-01 2.376822e+00
-2.329900e-01 -5.068050e-01 2.501271e+00
2.120500e-02 -5.337710e-01 2.539333e+00
-2.890060e-01 -9.605820e-01 2.551756e+00
6.316100e-02 -9.890870e-01 2.589608e+00
-2.031540e-01 -9.888200e-01 2.393205e+00
1.456810e-01 -9.994200e-01 2.427158e+00
1.421790e-01 6.111890e-01 2.434519e+00
-1.384600e-01 3.703340e-01 2.449365e+00
1.742860e-01 2.576680e-01 2.620749e+00
7.996400e-02 3.019350e-01 2.413894e+00
-6.958200e-02 2.634980e-01 2.661520e+00
-2.850940e-01 8.030300e-02 2.453328e+00
9.421700e-02 -3.931100e-02 2.637240e+00
-1.570940e-01 5.295600e-02 2.693559e+00
-2.797980e-01 1.715930e-01 2.312444e+00
2.013010e-01 -1.707500e-02 2.665569e+00
-3.998000e-02 2.811100e-02 2.213167e+00
2.625330e-01 -2.501060e-01 2.492644e+00
2.880000e-02 1.204300e-02 2.200773e+00
2.550630e-01 -2.803160e-01 2.428037e+00
-2.514680e-01 -5.111140e-01 2.436883e+00
1.706800e-02 -5.562870e-01 2.527232e+00
-2.920250e-01 -9.642500e-01 2.504875e+00
6.504600e-02 -1.009289e+00 2.591161e+00
-2.198900e-01 -9.954220e-01 2.340160e+00
1.531310e-01 -1.022440e+00 2.431868e+00
2.151610e-01 5.547850e-01 2.451385e+00
-7.030100e-02 2.996130e-01 2.442590e+00
2.150200e-01 1.717150e-01 2.647796e+00
1.496570e-01 2.277270e-01 2.432772e+00
-3.195600e-02 1.814790e-01 2.656463e+00
-2.530980e-01 2.315500e-02 2.428460e+00
1.030590e-01 -8.535700e-02 2.659513e+00
-1.493560e-01 1.781300e-02 2.681544e+00
-2.268040e-01 1.615560e-01 2.249536e+00
1.876070e-01 -1.106970e-01 2.665557e+00
4.785200e-02 8.429100e-02 2.152200e+00
2.754820e-01 -3.943420e-01 2.613561e+00
1.185710e-01 8.115400e-02 2.163667e+00
3.009090e-01 -4.484150e-01 2.573912e+00
-2.868330e-01 -5.201280e-01 2.325065e+00
-6.919500e-02 -5.922240e-01 2.460362e+00
-2.859610e-01 -9.627080e-01 2.450454e+00
3.868810e-01 -5.812370e-01 2.519308e+00
-2.803280e-01 -1.012421e+00 2.274946e+00
3.977650e-01 -7.559370e-01 2.467656e+00
3.149880e-01 4.388590e-01 2.469925e+00
-4.784700e-02 2.522780e-01 2.460886e+00
2.590000e-01 1.032520e-01 2.614224e+00
1.615100e-01 1.652790e-01 2.413491e+00
1.854800e-02 1.301790e-01 2.665462e+00
-2.604180e-01 3.502000e-03 2.451887e+00
1.196710e-01 -1.355770e-01 2.619807e+00
-1.166750e-01 -1.367600e-02 2.684019e+00
-2.067130e-01 1.515230e-01 2.244045e+00
1.715580e-01 -1.689380e-01 2.640247e+00
7.855200e-02 1.150850e-01 2.144238e+00
2.423130e-01 -4.647120e-01 2.626928e+00
1.479130e-01 1.246920e-01 2.159706e+00
2.637970e-01 -5.178830e-01 2.583873e+00
-2.837760e-01 -5.206550e-01 2.282143e+00
-7.522200e-02 -6.016220e-01 2.377086e+00
-2.857500e-01 -9.558890e-01 2.431032e+00
3.337100e-01 -6.366320e-01 2.584810e+00
-3.055290e-01 -1.014531e+00 2.259346e+00
3.528680e-01 -8.056200e-01 2.518612e+00
3.426950e-01 3.609880e-01 2.535118e+00
-9.376600e-02 2.466480e-01 2.534819e+00
2.052150e-01 2.418800e-02 2.566404e+00
1.013480e-01 1.795520e-01 2.429586e+00
-2.689500e-02 3.857400e-02 2.650582e+00
-2.983830e-01 -2.850800e-02 2.519074e+00
8.721200e-02 -2.321870e-01 2.561962e+00
-1.165600e-01 -1.168230e-01 2.703420e+00
-1.731710e-01 1.570460e-01 2.274147e+00
1.751010e-01 -2.520010e-01 2.637794e+00
1.013320e-01 1.394620e-01 2.144296e+00
2.084060e-01 -5.507270e-01 2.591144e+00
1.648870e-01 1.563080e-01 2.172923e+00
2.345300e-01 -6.165600e-01 2.579916e+00
-2.779850e-01 -5.406720e-01 2.239357e+00
2.714900e-02 -6.796180e-01 2.380344e+00
-2.855610e-01 -9.605890e-01 2.427006e+00
2.925250e-01 -7.356300e-01 2.751879e+00
-2.983480e-01 -1.034672e+00 2.260710e+00
3.408920e-01 -9.012360e-01 2.692366e+00
3.451260e-01 2.897510e-01 2.519066e+00
-1.405370e-01 1.740410e-01 2.577371e+00
1.895110e-01 -1.543000e-03 2.566654e+00
6.351700e-02 1.659560e-01 2.468090e+00
-4.260700e-02 -4.406100e-02 2.640690e+00
-3.059710e-01 -7.888300e-02 2.541030e+00
8.143500e-02 -2.790000e-01 2.497689e+00
-9.971600e-02 -1.899410e-01 2.682338e+00
-1.874320e-01 1.469230e-01 2.295979e+00
1.374610e-01 -2.705450e-01 2.650587e+00
6.955400e-02 2.018340e-01 2.143413e+00
1.515090e-01 -5.703640e-01 2.603205e+00
1.389150e-01 2.087950e-01 2.160237e+00
2.058110e-01 -6.016490e-01 2.568347e+00
-2.670820e-01 -5.712040e-01 2.204229e+00
3.083000e-02 -7.053720e-01 2.294729e+00
-2.846990e-01 -9.714620e-01 2.430245e+00
2.992860e-01 -6.177550e-01 2.657846e+00
-2.935530e-01 -1.060796e+00 2.271351e+00
3.923360e-01 -7.715200e-01 2.626156e+00
3.166210e-01 2.109280e-01 2.530567e+00
-1.665730e-01 1.731820e-01 2.542423e+00
1.657720e-01 3.136000e-03 2.564936e+00
4.438400e-02 1.616300e-01 2.447506e+00
-7.016600e-02 -3.858400e-02 2.626259e+00
-3.209510e-01 -8.521200e-02 2.494789e+00
6.625000e-02 -2.890330e-01 2.518043e+00
-1.408400e-01 -1.941380e-01 2.669539e+00
-2.082540e-01 1.541660e-01 2.259724e+00
1.084520e-01 -2.566910e-01 2.670869e+00
1.383500e-02 2.420920e-01 2.072191e+00
2.246600e-01 -5.356470e-01 2.640828e+00
8.211000e-02 2.638180e-01 2.069181e+00
2.529200e-01 -6.010900e-01 2.633010e+00
-2.605770e-01 -5.910450e-01 2.185510e+00
6.985700e-02 -7.346420e-01 2.391986e+00
-2.849680e-01 -9.776930e-01 2.433518e+00
3.491010e-01 -5.354310e-01 2.698478e+00
-2.847050e-01 -1.076238e+00 2.279911e+00
4.576720e-01 -6.820790e-01 2.694877e+00
2.858440e-01 2.333360e-01 2.526809e+00
-1.490790e-01 2.238050e-01 2.452132e+00
1.393730e-01 2.221400e-02 2.578752e+00
6.500700e-02 1.513810e-01 2.401464e+00
-1.055680e-01 3.780100e-02 2.609222e+00
-3.229200e-01 -8.467100e-02 2.420513e+00
5.167800e-02 -2.523610e-01 2.574021e+00
-1.931980e-01 -1.571150e-01 2.650223e+00
-2.160010e-01 1.885820e-01 2.176071e+00
1.040510e-01 -2.140930e-01 2.736361e+00
-8.005600e-02 2.773180e-01 1.919618e+00
3.580090e-01 -3.798530e-01 2.724005e+00
-1.114900e-02 2.956560e-01 1.912000e+00
4.018370e-01 -4.358260e-01 2.733416e+00
-2.596010e-01 -6.196660e-01 2.199015e+00
5.088300e-02 -7.242810e-01 2.421181e+00
-2.850230e-01 -1.004749e+00 2.449345e+00
3.568490e-01 -5.310670e-01 2.705176e+00
-2.811050e-01 -1.104375e+00 2.296487e+00
4.569630e-01 -6.836010e-01 2.701092e+00
2.735360e-01 2.992150e-01 2.517284e+00
-1.516490e-01 2.619510e-01 2.384109e+00
1.026140e-01 8.655600e-02 2.594971e+00
6.118500e-02 1.705940e-01 2.383154e+00
-1.423810e-01 1.191420e-01 2.585820e+00
-3.095630e-01 -6.140200e-02 2.368405e+00
2.155400e-02 -2.146480e-01 2.611068e+00
-2.312360e-01 -1.110930e-01 2.625773e+00
-2.563560e-01 2.631300e-01 2.117938e+00
1.083740e-01 -9.327800e-02 2.817320e+00
-3.563410e-01 2.514360e-01 1.831829e+00
4.065530e-01 -3.777200e-02 2.816441e+00
-3.605560e-01 1.857570e-01 1.803351e+00
4.365670e-01 4.454000e-03 2.766857e+00
-2.675750e-01 -6.326690e-01 2.251524e+00
3.548600e-02 -6.947130e-01 2.447628e+00
-2.845490e-01 -1.038569e+00 2.467294e+00
3.687300e-01 -5.256650e-01 2.715903e+00
-2.586220e-01 -1.124207e+00 2.308234e+00
4.573300e-01 -6.849200e-01 2.706198e+00
1.966490e-01 4.188040e-01 2.485247e+00
-1.991020e-01 3.569500e-01 2.361027e+00
7.150800e-02 2.296850e-01 2.585638e+00
2.258700e-02 2.901830e-01 2.367481e+00
-1.755150e-01 2.338110e-01 2.574213e+00
-3.187530e-01 2.650600e-02 2.353530e+00
2.094200e-02 -7.748300e-02 2.610049e+00
-2.429150e-01 -5.354000e-03 2.614444e+00
-3.417630e-01 2.512810e-01 2.138925e+00
1.261690e-01 5.400000e-04 2.744862e+00
-4.928180e-01 1.417050e-01 1.902106e+00
3.764090e-01 1.294590e-01 2.852879e+00
-5.288290e-01 1.151160e-01 1.846081e+00
4.105280e-01 1.834400e-01 2.820254e+00
-2.654490e-01 -5.555770e-01 2.308492e+00
-3.120200e-02 -6.002640e-01 2.464329e+00
-2.785950e-01 -9.947290e-01 2.444771e+00
3.354010e-01 -6.409990e-01 2.739180e+00
-2.084020e-01 -1.046571e+00 2.284485e+00
3.452390e-01 -8.189030e-01 2.699691e+00
1.731350e-01 5.116000e-01 2.468046e+00
-2.454710e-01 3.807430e-01 2.382617e+00
5.088000e-02 3.162900e-01 2.601473e+00
-1.443500e-02 3.644890e-01 2.384548e+00
-1.911520e-01 2.658590e-01 2.594793e+00
-2.868020e-01 7.914000e-02 2.345020e+00
4.923700e-02 -2.956000e-02 2.604386e+00
-2.165500e-01 3.523200e-02 2.605749e+00
-4.452970e-01 2.481890e-01 2.239972e+00
1.029680e-01 4.220400e-02 2.605026e+00
-5.590010e-01 5.559700e-02 2.046283e+00
3.259120e-01 1.812020e-01 2.741084e+00
-5.857630e-01 8.692000e-03 1.999101e+00
3.388880e-01 2.201000e-01 2.799914e+00
-2.957110e-01 -5.048770e-01 2.338112e+00
-3.920100e-02 -5.572940e-01 2.463153e+00
-2.926330e-01 -9.585330e-01 2.414178e+00
2.010110e-01 -8.614600e-01 2.710906e+00
-2.106920e-01 -9.849590e-01 2.253263e+00
1.960930e-01 -9.789940e-01 2.571378e+00
1.017970e-01 5.740950e-01 2.452377e+00
-2.930320e-01 3.999560e-01 2.434457e+00
4.925100e-02 3.374490e-01 2.571612e+00
-6.685300e-02 4.158370e-01 2.387166e+00
-1.822660e-01 2.560780e-01 2.602379e+00
-3.335540e-01 9.554900e-02 2.401682e+00
9.463600e-02 8.455000e-03 2.549397e+00
-1.753940e-01 3.690800e-02 2.628784e+00
-4.927120e-01 2.091220e-01 2.451896e+00
2.193370e-01 1.301480e-01 2.503121e+00
-6.538690e-01 9.380000e-04 2.322233e+00
3.783610e-01 3.290090e-01 2.649035e+00
-6.344990e-01 -3.668100e-02 2.264336e+00
3.678770e-01 3.878230e-01 2.688702e+00
-3.200070e-01 -4.835060e-01 2.392579e+00
-2.480600e-02 -5.263420e-01 2.425730e+00
-3.070240e-01 -9.417070e-01 2.431090e+00
7.667800e-02 -9.083870e-01 2.660981e+00
-2.667710e-01 -9.554820e-01 2.253618e+00
9.661900e-02 -9.996350e-01 2.504193e+00
-3.338400e-02 6.586010e-01 2.440897e+00
-3.297440e-01 4.009710e-01 2.490712e+00
4.233600e-02 3.676080e-01 2.472835e+00
-1.447930e-01 4.392010e-01 2.356633e+00
-1.492790e-01 2.641000e-01 2.590042e+00
-3.885150e-01 9.218800e-02 2.431143e+00
7.100900e-02 5.256700e-02 2.435518e+00
-1.611950e-01 6.211400e-02 2.596821e+00
-4.746230e-01 1.775070e-01 2.564167e+00
2.048000e-01 2.205190e-01 2.304632e+00
-6.461190e-01 -5.176400e-02 2.502175e+00
3.986400e-01 4.072910e-01 2.420221e+00
-6.704660e-01 -6.499800e-02 2.436035e+00
4.448070e-01 4.510490e-01 2.453333e+00
-3.345600e-01 -4.808420e-01 2.422611e+00
-3.511400e-02 -5.008850e-01 2.414661e+00
-3.074740e-01 -9.386970e-01 2.457762e+00
4.764400e-02 -9.171360e-01 2.592103e+00
-3.179160e-01 -9.532580e-01 2.276144e+00
4.911000e-02 -9.884530e-01 2.424121e+00
-1.282100e-01 7.103970e-01 2.421167e+00
-3.200340e-01 3.876690e-01 2.534835e+00
-5.800000e-05 3.776070e-01 2.347581e+00
-2.230970e-01 4.261780e-01 2.328037e+00
-1.015110e-01 2.722130e-01 2.544073e+00
-3.769270e-01 8.806900e-02 2.506664e+00
-1.789800e-02 6.114600e-02 2.297712e+00
-1.149720e-01 7.520200e-02 2.543764e+00
-4.606970e-01 1.696200e-01 2.632865e+00
1.189390e-01 3.873750e-01 2.097210e+00
-6.244120e-01 -7.474100e-02 2.632358e+00
3.586230e-01 5.536310e-01 2.134971e+00
-6.800900e-01 -8.397800e-02 2.588119e+00
4.191780e-01 5.896100e-01 2.148429e+00
-3.321500e-01 -4.850650e-01 2.455064e+00
-4.521100e-02 -4.842000e-01 2.435900e+00
-3.171150e-01 -9.439590e-01 2.483161e+00
5.420600e-02 -9.182180e-01 2.551421e+00
-4.123600e-01 -9.565800e-01 2.327999e+00
-3.387600e-02 -9.778640e-01 2.403130e+00
-2.142730e-01 7.158380e-01 2.444365e+00
-2.916010e-01 4.115740e-01 2.586986e+00
-8.260900e-02 4.022500e-01 2.288349e+00
-2.898540e-01 4.505130e-01 2.358674e+00
-8.917300e-02 2.962800e-01 2.503930e+00
-3.144240e-01 1.271750e-01 2.577014e+00
-8.840200e-02 6.041900e-02 2.259446e+00
-6.698100e-02 1.143230e-01 2.509594e+00
-3.934080e-01 1.861710e-01 2.714884e+00
-6.953200e-02 5.110530e-01 2.032381e+00
-5.548080e-01 -5.532800e-02 2.767840e+00
-1.535370e-01 6.425510e-01 1.781726e+00
-6.251760e-01 -6.689000e-02 2.760275e+00
-1.381160e-01 6.744430e-01 1.719376e+00
-3.190830e-01 -4.524750e-01 2.471058e+00
-2.751800e-02 -4.613120e-01 2.450786e+00
-3.399810e-01 -9.094160e-01 2.519729e+00
4.626000e-02 -9.083280e-01 2.530372e+00
-4.762190e-01 -9.161000e-01 2.398483e+00
-1.037160e-01 -9.500400e-01 2.435117e+00
-2.362220e-01 7.286260e-01 2.451786e+00
-2.818040e-01 4.452720e-01 2.587034e+00
-1.431860e-01 4.067350e-01 2.252913e+00
-3.325660e-01 4.549530e-01 2.361258e+00
-9.501400e-02 3.287210e-01 2.474371e+00
-2.751620e-01 1.520090e-01 2.597641e+00
-1.215020e-01 7.895500e-02 2.240648e+00
-4.788600e-02 1.414060e-01 2.478595e+00
-3.343400e-01 2.245520e-01 2.748987e+00
-2.419750e-01 4.950040e-01 2.007303e+00
-4.734900e-01 -2.285900e-02 2.831454e+00
-4.366950e-01 5.763100e-01 1.799846e+00
-5.331630e-01 -6.095700e-02 2.842862e+00
-4.437420e-01 6.081640e-01 1.735985e+00
-3.029570e-01 -4.282190e-01 2.498110e+00
-1.035700e-02 -4.294860e-01 2.462208e+00
-3.220080e-01 -8.858100e-01 2.541093e+00
3.722300e-02 -8.812230e-01 2.534800e+00
-4.805940e-01 -8.876900e-01 2.450799e+00
-1.317170e-01 -9.091620e-01 2.471674e+00
-2.299650e-01 7.269990e-01 2.429449e+00
-3.003100e-01 4.252230e-01 2.623930e+00
-2.071500e-01 3.791320e-01 2.275288e+00
-3.828170e-01 4.187560e-01 2.407605e+00
-1.221810e-01 3.171350e-01 2.490684e+00
-2.596420e-01 1.317370e-01 2.611303e+00
-1.519940e-01 6.891700e-02 2.235993e+00
-5.194900e-02 1.426610e-01 2.460696e+00
-3.117450e-01 2.085500e-01 2.798939e+00
-3.440130e-01 4.419630e-01 2.039686e+00
-4.135500e-01 -4.512500e-02 2.911456e+00
-5.603560e-01 5.175700e-01 1.851548e+00
-4.661580e-01 -8.863200e-02 2.933411e+00
-5.943910e-01 5.342810e-01 1.790681e+00
-2.795120e-01 -4.459180e-01 2.521571e+00
1.485000e-03 -4.332930e-01 2.471012e+00
-3.190720e-01 -9.026700e-01 2.559156e+00
4.943800e-02 -8.830860e-01 2.554596e+00
-4.904530e-01 -8.929260e-01 2.497189e+00
-1.253440e-01 -9.100890e-01 2.509558e+00
-3.028330e-01 6.805420e-01 2.421715e+00
-2.841670e-01 4.173590e-01 2.634314e+00
-2.530040e-01 3.796930e-01 2.269958e+00
-4.025400e-01 4.199160e-01 2.435249e+00
-1.347790e-01 3.090870e-01 2.469608e+00
-2.326110e-01 1.345130e-01 2.627375e+00
-1.912130e-01 5.682500e-02 2.241833e+00
-5.724700e-02 1.493900e-01 2.440386e+00
-2.734060e-01 1.932110e-01 2.799686e+00
-4.322830e-01 4.032320e-01 2.055701e+00
-3.571840e-01 -6.319400e-02 2.920571e+00
-6.698660e-01 4.645890e-01 1.887858e+00
-4.042960e-01 -1.084290e-01 2.950182e+00
-7.211220e-01 4.694740e-01 1.837944e+00
-2.607350e-01 -4.445220e-01 2.537134e+00
8.639000e-03 -4.355630e-01 2.464013e+00
-3.011950e-01 -9.010560e-01 2.576375e+00
5.663400e-02 -8.818850e-01 2.564477e+00
-4.791960e-01 -8.885720e-01 2.538087e+00
-1.237420e-01 -9.048090e-01 2.548806e+00
-4.069900e-01 6.427210e-01 2.428736e+00
-2.822150e-01 4.073870e-01 2.648493e+00
-2.738840e-01 3.733090e-01 2.283040e+00
-4.140110e-01 4.023420e-01 2.458099e+00
-1.374460e-01 3.104150e-01 2.472976e+00
-2.332840e-01 1.107230e-01 2.639771e+00
-2.080910e-01 6.810200e-02 2.247418e+00
-6.945400e-02 1.523450e-01 2.446469e+00
-2.435480e-01 1.828570e-01 2.809108e+00
-4.573540e-01 3.951710e-01 2.071604e+00
-2.962500e-01 -7.973800e-02 2.934175e+00
-7.052110e-01 4.404130e-01 1.912938e+00
-3.359970e-01 -1.294850e-01 2.967160e+00
-7.561900e-01 4.441390e-01 1.862642e+00
-2.631260e-01 -4.573900e-01 2.549885e+00
-8.320000e-04 -4.365360e-01 2.457189e+00
-3.008470e-01 -9.144380e-01 2.585722e+00
4.883500e-02 -8.815820e-01 2.562393e+00
-4.820140e-01 -9.008440e-01 2.568400e+00
-1.324400e-01 -9.024920e-01 2.559514e+00
-4.248570e-01 6.373250e-01 2.440217e+00
-2.871990e-01 3.987290e-01 2.658473e+00
-2.792190e-01 3.549260e-01 2.295241e+00
-4.195610e-01 3.831490e-01 2.469044e+00
-1.395020e-01 3.026750e-01 2.484902e+00
-2.379280e-01 9.033900e-02 2.651276e+00
-2.152980e-01 6.793600e-02 2.257096e+00
-7.521900e-02 1.415380e-01 2.459331e+00
-2.364570e-01 1.798710e-01 2.823497e+00
-4.636900e-01 3.777800e-01 2.084263e+00
-2.726440e-01 -8.081000e-02 2.958076e+00
-7.101200e-01 4.292320e-01 1.924491e+00
-3.079540e-01 -1.320260e-01 2.993749e+00
-7.681650e-01 4.449290e-01 1.885416e+00
-2.744490e-01 -4.716680e-01 2.560642e+00
-2.111600e-02 -4.498650e-01 2.455600e+00
-3.039350e-01 -9.294830e-01 2.594349e+00
3.959600e-02 -8.950620e-01 2.554158e+00
-4.856910e-01 -9.186910e-01 2.581927e+00
-1.413080e-01 -9.186290e-01 2.559138e+00
-4.239900e-01 6.330380e-01 2.467576e+00
-2.792050e-01 4.031650e-01 2.659316e+00
-2.508640e-01 3.680370e-01 2.291733e+00
-3.989670e-01 4.087360e-01 2.461146e+00
-1.322080e-01 2.946770e-01 2.492613e+00
-2.545660e-01 8.951400e-02 2.665364e+00
-2.150780e-01 6.241700e-02 2.272810e+00
-7.797300e-02 1.215670e-01 2.481718e+00
-2.645070e-01 1.739650e-01 2.817297e+00
-4.315070e-01 3.654790e-01 2.075594e+00
-3.340550e-01 -8.498100e-02 2.941738e+00
-6.870140e-01 4.270780e-01 1.933645e+00
-3.748410e-01 -1.342360e-01 2.974187e+00
-7.453500e-01 4.548000e-01 1.902484e+00
-2.976080e-01 -4.771480e-01 2.558503e+00
-4.428600e-02 -4.630390e-01 2.453379e+00
-3.482860e-01 -9.336160e-01 2.584357e+00
3.995500e-02 -9.070100e-01 2.539363e+00
-5.283830e-01 -9.149150e-01 2.561523e+00
-1.380510e-01 -9.439030e-01 2.523266e+00
-4.079520e-01 6.381520e-01 2.496285e+00
-2.982160e-01 4.041300e-01 2.657986e+00
-2.105540e-01 3.703820e-01 2.297693e+00
-3.839950e-01 4.130740e-01 2.443026e+00
-1.279690e-01 2.938490e-01 2.516487e+00
-2.738010e-01 8.456300e-02 2.671315e+00
-1.965980e-01 5.367000e-02 2.284692e+00
-7.877900e-02 1.089430e-01 2.506057e+00
-3.141430e-01 1.725730e-01 2.812370e+00
-3.683670e-01 3.316580e-01 2.067215e+00
-4.048770e-01 -8.677400e-02 2.921374e+00
-6.405530e-01 4.021860e-01 1.965429e+00
-4.499250e-01 -1.366590e-01 2.946367e+00
-6.991590e-01 4.386280e-01 1.945941e+00
-3.107990e-01 -4.836840e-01 2.557605e+00
-4.772400e-02 -4.758980e-01 2.448250e+00
-3.346230e-01 -9.419880e-01 2.589062e+00
4.798700e-02 -9.166980e-01 2.538442e+00
-5.118780e-01 -9.357240e-01 2.546078e+00
-1.256620e-01 -9.613620e-01 2.504426e+00
-4.099530e-01 6.569460e-01 2.489053e+00
-3.084690e-01 3.987090e-01 2.684161e+00
-1.724380e-01 4.126650e-01 2.336057e+00
-3.629460e-01 4.447800e-01 2.463809e+00
-1.253120e-01 2.994710e-01 2.550845e+00
-3.089250e-01 7.484700e-02 2.675081e+00
-1.710940e-01 8.245300e-02 2.304491e+00
-8.996700e-02 1.123540e-01 2.546282e+00
-3.566200e-01 1.476840e-01 2.795402e+00
-2.512880e-01 2.592050e-01 2.112344e+00
-4.707420e-01 -1.194340e-01 2.850170e+00
-5.263390e-01 3.319960e-01 2.018564e+00
-5.198000e-01 -1.705920e-01 2.861065e+00
-5.860430e-01 3.697880e-01 2.006332e+00
-3.247200e-01 -4.846920e-01 2.557014e+00
-6.081500e-02 -4.660130e-01 2.445832e+00
-3.260960e-01 -9.426690e-01 2.600093e+00
5.142600e-02 -9.039670e-01 2.530676e+00
-4.965350e-01 -9.482710e-01 2.535090e+00
-1.106550e-01 -9.579450e-01 2.466470e+00
-3.925290e-01 6.755150e-01 2.496560e+00
-3.636630e-01 3.600370e-01 2.675186e+00
-1.217850e-01 3.661070e-01 2.389995e+00
-3.419960e-01 4.065150e-01 2.449320e+00
-1.512140e-01 2.528000e-01 2.607856e+00
-3.756530e-01 1.655800e-02 2.668872e+00
-1.273590e-01 9.078700e-02 2.370154e+00
-1.274580e-01 6.635900e-02 2.625775e+00
-4.546080e-01 1.107250e-01 2.760504e+00
-9.704800e-02 1.315220e-01 2.231657e+00
-5.872850e-01 -1.530150e-01 2.775120e+00
-3.621250e-01 1.575320e-01 2.090897e+00
-6.375480e-01 -2.038950e-01 2.769899e+00
-4.266150e-01 1.845780e-01 2.075020e+00
-3.360410e-01 -5.269590e-01 2.558681e+00
-7.190400e-02 -4.831450e-01 2.443847e+00
-3.355420e-01 -9.850240e-01 2.600830e+00
5.270700e-02 -9.161560e-01 2.536439e+00
-4.778250e-01 -9.956500e-01 2.487038e+00
-7.118200e-02 -9.773060e-01 2.417198e+00
-3.402900e-01 6.740250e-01 2.514967e+00
-3.978890e-01 3.183090e-01 2.658754e+00
-1.117300e-01 3.801610e-01 2.426024e+00
-3.426990e-01 3.824410e-01 2.443146e+00
-1.621010e-01 2.494790e-01 2.629869e+00
-3.972710e-01 2.884000e-03 2.656136e+00
-9.687000e-02 7.959000e-02 2.410643e+00
-1.442320e-01 4.633400e-02 2.660821e+00
-4.885460e-01 5.404900e-02 2.642120e+00
-2.436000e-02 1.212480e-01 2.346764e+00
-4.962170e-01 -2.424630e-01 2.632296e+00
-2.310570e-01 -1.089000e-03 2.164185e+00
-4.797560e-01 -3.027850e-01 2.597184e+00
-2.804980e-01 1.993000e-03 2.112334e+00
-3.398180e-01 -5.402320e-01 2.565869e+00
-6.707000e-02 -4.973260e-01 2.453639e+00
-3.305210e-01 -9.999890e-01 2.577549e+00
3.350700e-02 -9.362140e-01 2.547775e+00
-4.495900e-01 -1.005908e+00 2.439368e+00
-6.444900e-02 -9.896380e-01 2.403356e+00
-3.148440e-01 6.757520e-01 2.492189e+00
-3.975670e-01 3.404410e-01 2.664335e+00
-9.808700e-02 3.769550e-01 2.443304e+00
-3.292890e-01 3.897410e-01 2.448573e+00
-1.639220e-01 2.603970e-01 2.651265e+00
-3.949560e-01 4.592000e-03 2.660104e+00
-8.817100e-02 7.133200e-02 2.419644e+00
-1.407840e-01 4.002500e-02 2.669024e+00
-4.890100e-01 8.550800e-02 2.585635e+00
-2.400000e-05 1.091540e-01 2.421634e+00
-5.271060e-01 -2.033460e-01 2.518134e+00
-1.244200e-01 -1.124080e-01 2.256047e+00
-5.174440e-01 -2.653060e-01 2.483347e+00
-1.562790e-01 -1.695440e-01 2.226672e+00
-3.394460e-01 -5.415980e-01 2.566726e+00
-5.976900e-02 -5.025390e-01 2.473053e+00
-3.250260e-01 -1.001117e+00 2.582030e+00
1.795500e-02 -9.461170e-01 2.566850e+00
-4.413940e-01 -1.009443e+00 2.441689e+00
-7.869600e-02 -9.941700e-01 2.419692e+00
-3.009290e-01 6.809950e-01 2.488199e+00
-3.976490e-01 3.430430e-01 2.632096e+00
-5.817000e-02 3.932200e-01 2.483395e+00
-2.852550e-01 4.076200e-01 2.440151e+00
-1.660250e-01 2.621310e-01 2.663258e+00
-4.177480e-01 2.466400e-02 2.633774e+00
-6.988200e-02 6.818200e-02 2.450777e+00
-1.668640e-01 3.862500e-02 2.686699e+00
-4.755500e-01 1.007820e-01 2.508324e+00
1.311200e-02 1.166770e-01 2.464459e+00
-5.708390e-01 -1.500060e-01 2.373906e+00
1.504000e-02 -1.827210e-01 2.414803e+00
-5.678240e-01 -1.984970e-01 2.321162e+00
-8.885000e-03 -2.473240e-01 2.394890e+00
-3.192750e-01 -5.303210e-01 2.557726e+00
-4.614100e-02 -4.955340e-01 2.513587e+00
-3.205650e-01 -9.888030e-01 2.595049e+00
-1.682800e-02 -9.475720e-01 2.593601e+00
-4.049970e-01 -1.001694e+00 2.433769e+00
-8.825600e-02 -9.813240e-01 2.429086e+00
-2.387730e-01 6.799140e-01 2.475205e+00
-3.802190e-01 3.512190e-01 2.607330e+00
-2.190700e-02 3.951310e-01 2.509551e+00
-2.401190e-01 4.173080e-01 2.435139e+00
-1.575030e-01 2.627530e-01 2.668478e+00
-4.139920e-01 5.333000e-02 2.586773e+00
-3.200200e-02 5.925400e-02 2.484596e+00
-1.805980e-01 4.569300e-02 2.693579e+00
-4.640540e-01 1.079800e-01 2.486218e+00
2.558800e-02 1.127800e-01 2.490120e+00
-5.733750e-01 -1.121640e-01 2.311548e+00
5.168600e-02 -1.894560e-01 2.466122e+00
-5.789160e-01 -1.525620e-01 2.252559e+00
2.219300e-02 -2.547790e-01 2.463783e+00
-2.988420e-01 -5.125850e-01 2.548767e+00
-3.419200e-02 -4.956060e-01 2.541460e+00
-3.267630e-01 -9.676360e-01 2.609992e+00
-2.392100e-02 -9.498000e-01 2.613591e+00
-3.702420e-01 -9.886480e-01 2.433996e+00
-6.066700e-02 -9.786480e-01 2.437172e+00
-2.185990e-01 6.801650e-01 2.467077e+00
-3.673470e-01 3.580240e-01 2.576898e+00
1.327000e-03 3.995950e-01 2.529710e+00
-2.047570e-01 4.299570e-01 2.428454e+00
-1.559210e-01 2.620600e-01 2.662090e+00
-4.057280e-01 6.044200e-02 2.558303e+00
-1.355400e-02 6.754200e-02 2.507890e+00
-1.886230e-01 5.484600e-02 2.695316e+00
-4.511090e-01 1.100430e-01 2.463511e+00
4.770600e-02 1.165440e-01 2.512064e+00
-5.498870e-01 -9.676100e-02 2.266109e+00
7.662000e-02 -1.865680e-01 2.500102e+00
-5.604070e-01 -1.291090e-01 2.202978e+00
5.322800e-02 -2.531590e-01 2.487414e+00
-2.788830e-01 -5.049150e-01 2.543736e+00
-1.855100e-02 -4.882760e-01 2.551096e+00
-3.277700e-01 -9.545330e-01 2.627723e+00
-2.349600e-02 -9.455050e-01 2.601271e+00
-3.431050e-01 -9.863130e-01 2.448667e+00
-3.557700e-02 -9.652390e-01 2.420244e+00
-1.987120e-01 6.864210e-01 2.460629e+00
-3.526860e-01 3.593790e-01 2.563868e+00
1.965600e-02 3.905920e-01 2.547656e+00
-1.763060e-01 4.261710e-01 2.429427e+00
-1.518800e-01 2.580050e-01 2.666668e+00
-3.875630e-01 5.584400e-02 2.518329e+00
7.184000e-03 7.114000e-02 2.500086e+00
-1.825190e-01 6.069300e-02 2.672835e+00
-4.361990e-01 1.053690e-01 2.459006e+00
6.916800e-02 1.067820e-01 2.528127e+00
-4.860560e-01 -1.161730e-01 2.256053e+00
1.017650e-01 -1.976070e-01 2.521749e+00
-4.692290e-01 -1.465610e-01 2.193316e+00
7.894100e-02 -2.604280e-01 2.495766e+00
-2.632840e-01 -5.062630e-01 2.543669e+00
-4.289000e-03 -4.864190e-01 2.562895e+00
-3.201610e-01 -9.563270e-01 2.619875e+00
-3.876000e-03 -9.424160e-01 2.623448e+00
-3.230460e-01 -9.864360e-01 2.439899e+00
-3.725000e-03 -9.664390e-01 2.442536e+00
-1.618900e-01 6.751840e-01 2.450143e+00
-3.407270e-01 3.611320e-01 2.557310e+00
3.268900e-02 3.807890e-01 2.564405e+00
-1.546940e-01 4.285270e-01 2.436913e+00
-1.495670e-01 2.483040e-01 2.666377e+00
-3.687920e-01 1.095950e-01 2.503714e+00
1.584100e-02 1.768200e-02 2.504836e+00
-1.799900e-01 5.092300e-02 2.667573e+00
-4.239620e-01 1.007830e-01 2.464746e+00
7.594400e-02 9.581600e-02 2.534068e+00
-4.372550e-01 -1.517110e-01 2.292379e+00
9.715700e-02 -2.104910e-01 2.520667e+00
-4.085720e-01 -1.928310e-01 2.241106e+00
7.724500e-02 -2.758870e-01 2.499001e+00
-2.065480e-01 -4.612200e-01 2.594689e+00
7.800000e-04 -4.989300e-01 2.567453e+00
-3.638990e-01 -8.846630e-01 2.507880e+00
-2.041500e-02 -9.568260e-01 2.605953e+00
-1.937940e-01 -9.406750e-01 2.472760e+00
-1.305200e-02 -9.724430e-01 2.424272e+00
-1.459300e-01 6.736690e-01 2.451429e+00
-3.311750e-01 3.581010e-01 2.544710e+00
4.147700e-02 3.746480e-01 2.571778e+00
-1.382260e-01 4.215000e-01 2.433369e+00
-1.473340e-01 2.457800e-01 2.666177e+00
-3.642130e-01 8.498600e-02 2.495567e+00
2.670100e-02 3.105000e-02 2.521436e+00
-1.809820e-01 4.760600e-02 2.671543e+00
-4.031260e-01 8.830300e-02 2.468471e+00
8.390100e-02 8.952300e-02 2.536116e+00
-3.946450e-01 -1.995560e-01 2.362304e+00
1.036380e-01 -2.172620e-01 2.517161e+00
-3.526670e-01 -2.478990e-01 2.330004e+00
8.016200e-02 -2.806520e-01 2.493222e+00
-1.753210e-01 -4.729690e-01 2.601052e+00
1.566000e-03 -5.058890e-01 2.560293e+00
-3.965670e-01 -8.616420e-01 2.493424e+00
-1.939700e-02 -9.630620e-01 2.606691e+00
-2.421030e-01 -9.560110e-01 2.516693e+00
2.203000e-03 -9.823400e-01 2.426502e+00
-1.270830e-01 6.731820e-01 2.451574e+00
-3.222000e-01 3.587860e-01 2.543728e+00
4.997800e-02 3.707380e-01 2.578603e+00
-1.265190e-01 4.241440e-01 2.438453e+00
-1.418250e-01 2.405040e-01 2.664732e+00
-3.430890e-01 7.877600e-02 2.500614e+00
4.901100e-02 3.937000e-02 2.533725e+00
-1.625270e-01 4.117400e-02 2.679281e+00
-3.867680e-01 8.284000e-02 2.489061e+00
9.738700e-02 8.978400e-02 2.528131e+00
-3.741670e-01 -2.185610e-01 2.437406e+00
1.110430e-01 -2.164210e-01 2.513934e+00
-3.242360e-01 -2.663090e-01 2.418182e+00
8.300500e-02 -2.746910e-01 2.482936e+00
-2.417900e-01 -4.972570e-01 2.527250e+00
-1.086000e-03 -5.084960e-01 2.551782e+00
-3.223660e-01 -9.492620e-01 2.555505e+00
-1.496000e-02 -9.629780e-01 2.621448e+00
-2.907440e-01 -9.660860e-01 2.376554e+00
6.500000e-03 -9.910780e-01 2.442406e+00
-1.406980e-01 6.697410e-01 2.447216e+00
-3.203740e-01 3.587450e-01 2.553610e+00
5.271200e-02 3.659610e-01 2.578730e+00
-1.268170e-01 4.238640e-01 2.444335e+00
-1.382230e-01 2.362900e-01 2.667597e+00
-3.411560e-01 5.646500e-02 2.508979e+00
5.343100e-02 4.302800e-02 2.531608e+00
-1.537690e-01 3.272900e-02 2.682937e+00
-3.857290e-01 8.279500e-02 2.506529e+00
9.864000e-02 8.853500e-02 2.516228e+00
-3.723780e-01 -2.171350e-01 2.453773e+00
1.148130e-01 -2.163950e-01 2.508312e+00
-3.246160e-01 -2.667420e-01 2.433764e+00
8.242700e-02 -2.751940e-01 2.483089e+00
-2.502340e-01 -5.126970e-01 2.532228e+00
-9.390000e-04 -5.143510e-01 2.551355e+00
-3.267750e-01 -9.627430e-01 2.588796e+00
-4.825000e-03 -9.699020e-01 2.615056e+00
-3.140020e-01 -9.875840e-01 2.408446e+00
9.710000e-03 -9.952170e-01 2.434906e+00
-1.369500e-01 6.664640e-01 2.456003e+00
