-3.904730e-01 3.944620e-01 2.542705e+00
-4.408000e-02 4.092660e-01 2.466432e+00
-1.921170e-01 2.647340e-01 2.592215e+00
-2.175700e-02 3.722600e-02 2.400196e+00
-4.598010e-01 1.110360e-01 2.523103e+00
-4.544090e-01 -1.752380e-01 2.420631e+00
-4.349410e-01 -2.398550e-01 2.425075e+00
-2.744390e-01 -5.017780e-01 2.489305e+00
-2.791070e-01 -9.156380e-01 2.598311e+00
-3.144300e-01 -9.554690e-01 2.445574e+00
-2.184870e-01 6.947340e-01 2.381305e+00
-4.069200e-02 4.078190e-01 2.461745e+00
-1.872380e-01 2.661350e-01 2.592419e+00
-1.604200e-02 3.758500e-02 2.403269e+00
-4.506900e-01 1.166920e-01 2.521204e+00
-4.475810e-01 -1.756350e-01 2.443314e+00
-4.357700e-01 -2.412060e-01 2.454932e+00
-2.703540e-01 -5.022610e-01 2.490886e+00
-2.839550e-01 -9.158450e-01 2.600192e+00
-3.179020e-01 -9.552100e-01 2.447022e+00
-2.117060e-01 6.909550e-01 2.371817e+00
-3.493700e-02 4.062830e-01 2.458165e+00
-1.828200e-01 2.680650e-01 2.591027e+00
-1.260300e-02 3.640400e-02 2.402297e+00
-4.488470e-01 1.185300e-01 2.521344e+00
-4.459000e-01 -1.751850e-01 2.449568e+00
-4.302560e-01 -2.409820e-01 2.449781e+00
-2.676210e-01 -5.014260e-01 2.494175e+00
-2.833310e-01 -9.157010e-01 2.600538e+00
-3.184510e-01 -9.537150e-01 2.447291e+00
-2.093400e-01 6.931630e-01 2.369894e+00
-2.723400e-02 4.064310e-01 2.464296e+00
-1.786250e-01 2.656870e-01 2.590382e+00
-4.901000e-03 3.253800e-02 2.413735e+00
-4.456700e-01 1.145890e-01 2.528731e+00
-4.469040e-01 -1.765760e-01 2.449629e+00
-4.292210e-01 -2.410440e-01 2.439373e+00
-2.667630e-01 -5.024240e-01 2.494007e+00
-2.833820e-01 -9.165410e-01 2.600847e+00
-3.128430e-01 -9.551630e-01 2.446563e+00
-2.079410e-01 6.909690e-01 2.370255e+00
-2.548900e-02 4.065250e-01 2.462692e+00
-1.787680e-01 2.688200e-01 2.589849e+00
-3.457000e-03 3.345300e-02 2.412122e+00
-4.439810e-01 1.173760e-01 2.523403e+00
-4.433370e-01 -1.750230e-01 2.451188e+00
-4.318970e-01 -2.411410e-01 2.442730e+00
-2.674880e-01 -5.033960e-01 2.497487e+00
-2.761100e-01 -9.180350e-01 2.603243e+00
-3.090210e-01 -9.565310e-01 2.449627e+00
-2.033930e-01 6.905080e-01 2.361906e+00
-2.755200e-02 4.067040e-01 2.462121e+00
-1.793570e-01 2.681190e-01 2.590088e+00
-1.726000e-03 3.315600e-02 2.411857e+00
-4.425040e-01 1.170830e-01 2.518723e+00
-4.428300e-01 -1.763850e-01 2.450365e+00
-4.281200e-01 -2.423980e-01 2.450568e+00
-2.642560e-01 -5.033360e-01 2.499747e+00
-2.805370e-01 -9.186330e-01 2.601959e+00
-3.132910e-01 -9.552760e-01 2.447856e+00
-2.026640e-01 6.820500e-01 2.350185e+00
-2.678900e-02 4.088910e-01 2.457630e+00
-1.799160e-01 2.696250e-01 2.583261e+00
3.167000e-03 3.426900e-02 2.427179e+00
-4.439440e-01 1.155450e-01 2.514065e+00
-4.392350e-01 -1.779010e-01 2.445918e+00
-4.231510e-01 -2.414040e-01 2.429104e+00
-2.683450e-01 -5.028840e-01 2.502060e+00
-2.740500e-01 -9.184570e-01 2.604292e+00
-2.970760e-01 -9.564040e-01 2.448752e+00
-2.035910e-01 6.788290e-01 2.335393e+00
-2.824700e-02 4.089450e-01 2.454228e+00
-1.817760e-01 2.707920e-01 2.580595e+00
6.770000e-04 3.443500e-02 2.420138e+00
-4.432960e-01 1.122630e-01 2.511335e+00
-4.376730e-01 -1.804720e-01 2.438323e+00
-4.180400e-01 -2.437760e-01 2.451785e+00
-2.687830e-01 -5.037940e-01 2.508430e+00
-2.779270e-01 -9.203990e-01 2.606107e+00
-3.081230e-01 -9.560440e-01 2.451251e+00
-1.989810e-01 6.711580e-01 2.319254e+00
-2.520600e-02 4.133640e-01 2.451922e+00
-1.810530e-01 2.752280e-01 2.575437e+00
5.684000e-03 3.224000e-02 2.431283e+00
-4.422840e-01 1.154030e-01 2.504054e+00
-4.317410e-01 -1.781990e-01 2.432264e+00
-4.127020e-01 -2.430750e-01 2.430646e+00
-2.726150e-01 -5.015650e-01 2.512075e+00
-2.816130e-01 -9.194710e-01 2.604041e+00
-3.056600e-01 -9.533540e-01 2.447718e+00
-1.988980e-01 6.680880e-01 2.303906e+00
-2.502400e-02 4.098930e-01 2.436099e+00
-1.835410e-01 2.834730e-01 2.568449e+00
-4.720000e-04 3.014900e-02 2.431895e+00
-4.434090e-01 1.162480e-01 2.498512e+00
-4.223790e-01 -1.777310e-01 2.431911e+00
-4.069140e-01 -2.414850e-01 2.448353e+00
-2.734110e-01 -5.010240e-01 2.521208e+00
-2.806790e-01 -9.200510e-01 2.608086e+00
-3.064570e-01 -9.520400e-01 2.451640e+00
-1.952420e-01 6.622810e-01 2.275992e+00
-2.442700e-02 4.030390e-01 2.421932e+00
-1.832790e-01 2.864260e-01 2.562622e+00
-6.460000e-04 2.473800e-02 2.436743e+00
-4.466090e-01 1.142750e-01 2.495956e+00
-4.108440e-01 -1.782660e-01 2.430737e+00
-3.897220e-01 -2.421570e-01 2.437510e+00
-2.768290e-01 -5.025560e-01 2.530486e+00
-2.784220e-01 -9.214410e-01 2.618334e+00
-3.026900e-01 -9.541770e-01 2.461801e+00
-1.948420e-01 6.500370e-01 2.250127e+00
-2.510800e-02 4.041570e-01 2.411161e+00
-1.805980e-01 2.865770e-01 2.554771e+00
2.686000e-03 2.158100e-02 2.449843e+00
-4.444140e-01 1.074510e-01 2.490736e+00
-4.105240e-01 -1.852930e-01 2.427838e+00
-3.861620e-01 -2.459720e-01 2.445118e+00
-2.786050e-01 -5.023090e-01 2.543747e+00
-2.889820e-01 -9.253180e-01 2.608089e+00
-3.061430e-01 -9.490930e-01 2.449019e+00
-1.950070e-01 6.304510e-01 2.222720e+00
-2.625400e-02 3.898590e-01 2.388735e+00
-1.867450e-01 2.919460e-01 2.541317e+00
1.377000e-03 2.446800e-02 2.454870e+00
-4.406150e-01 1.012860e-01 2.476884e+00
-3.962330e-01 -1.940900e-01 2.433590e+00
-3.716890e-01 -2.549540e-01 2.449937e+00
-2.800750e-01 -5.026980e-01 2.558451e+00
-2.808650e-01 -9.269380e-01 2.615056e+00
-3.037680e-01 -9.480720e-01 2.456337e+00
-1.979720e-01 5.918120e-01 2.168410e+00
-2.877100e-02 3.769240e-01 2.364427e+00
-1.867700e-01 2.896870e-01 2.525833e+00
1.299000e-03 2.344500e-02 2.459249e+00
-4.398230e-01 8.918400e-02 2.465044e+00
-3.709740e-01 -2.040290e-01 2.443215e+00
-3.609660e-01 -2.643870e-01 2.472039e+00
-2.795610e-01 -5.044990e-01 2.574288e+00
-2.854990e-01 -9.304630e-01 2.615566e+00
-3.102870e-01 -9.455370e-01 2.456439e+00
-2.008260e-01 5.520220e-01 2.126564e+00
-3.096600e-02 3.588510e-01 2.337009e+00
-1.827870e-01 2.844580e-01 2.510335e+00
-3.648000e-03 1.493600e-02 2.464033e+00
-4.416420e-01 7.719500e-02 2.463705e+00
-3.848800e-01 -2.183010e-01 2.454233e+00
-3.583900e-01 -2.797770e-01 2.444592e+00
-2.788860e-01 -5.093510e-01 2.590467e+00
-2.852680e-01 -9.363230e-01 2.619414e+00
-3.133600e-01 -9.466800e-01 2.460459e+00
-2.020190e-01 4.999050e-01 2.085982e+00
-3.510500e-02 3.098800e-01 2.296793e+00
-1.826760e-01 2.600600e-01 2.482175e+00
-3.902000e-03 7.170000e-04 2.477860e+00
-4.396970e-01 4.357100e-02 2.457774e+00
-3.715010e-01 -2.491520e-01 2.475372e+00
-3.439690e-01 -3.106740e-01 2.469795e+00
-2.778190e-01 -5.199340e-01 2.598278e+00
-2.817770e-01 -9.477100e-01 2.611545e+00
-3.112810e-01 -9.523680e-01 2.452577e+00
-2.079570e-01 4.129940e-01 2.032289e+00
-3.511500e-02 2.680300e-01 2.265517e+00
-1.734190e-01 2.413880e-01 2.462464e+00
-4.039000e-03 -2.492000e-02 2.473263e+00
-4.360540e-01 1.592500e-02 2.457949e+00
-3.554860e-01 -2.773520e-01 2.480087e+00
-3.286510e-01 -3.389260e-01 2.472178e+00
-2.770920e-01 -5.288600e-01 2.593582e+00
-2.808620e-01 -9.566890e-01 2.605089e+00
-3.195390e-01 -9.605710e-01 2.448079e+00
-2.115430e-01 3.567470e-01 2.001830e+00
-4.204900e-02 2.133770e-01 2.241440e+00
-1.706550e-01 2.152750e-01 2.446581e+00
-2.020000e-04 -5.381500e-02 2.474663e+00
-4.287780e-01 -1.673600e-02 2.468019e+00
-3.503680e-01 -3.131660e-01 2.482414e+00
-3.135480e-01 -3.696580e-01 2.477220e+00
-2.752460e-01 -5.489650e-01 2.566586e+00
-2.808500e-01 -9.757870e-01 2.597825e+00
-3.218180e-01 -9.866730e-01 2.441728e+00
-2.089150e-01 2.980280e-01 1.979144e+00
-4.442400e-02 1.458640e-01 2.224848e+00
-1.643860e-01 1.565830e-01 2.434896e+00
7.930000e-03 -1.072120e-01 2.483562e+00
-4.387200e-01 -7.889300e-02 2.479224e+00
-3.300510e-01 -3.690940e-01 2.478339e+00
-3.051240e-01 -4.292270e-01 2.496691e+00
-2.813730e-01 -5.915860e-01 2.521605e+00
-2.809830e-01 -1.017994e+00 2.558488e+00
-3.191880e-01 -1.031572e+00 2.401902e+00
-2.141180e-01 1.870730e-01 1.964670e+00
-4.752700e-02 9.278000e-02 2.220781e+00
-1.658090e-01 1.134410e-01 2.431039e+00
1.141800e-02 -1.651630e-01 2.474797e+00
-4.434190e-01 -1.280370e-01 2.496657e+00
-3.191440e-01 -4.109140e-01 2.450939e+00
-2.867070e-01 -4.565520e-01 2.488873e+00
-2.893350e-01 -6.172180e-01 2.492401e+00
-2.686980e-01 -1.042019e+00 2.540381e+00
-3.127870e-01 -1.061599e+00 2.385992e+00
-2.142510e-01 1.162900e-01 1.960126e+00
-5.330500e-02 3.676800e-02 2.219184e+00
-1.624550e-01 6.750200e-02 2.433118e+00
-1.098000e-03 -1.946700e-01 2.449584e+00
-4.458650e-01 -1.928690e-01 2.513878e+00
-3.051270e-01 -4.593330e-01 2.426819e+00
-2.904030e-01 -5.236260e-01 2.441775e+00
-2.884400e-01 -6.474580e-01 2.459916e+00
-2.749040e-01 -1.065617e+00 2.550162e+00
-3.215410e-01 -1.099732e+00 2.399085e+00
-2.208720e-01 5.849400e-02 1.964134e+00
-6.799700e-02 -4.127900e-02 2.217229e+00
-1.729470e-01 -1.815500e-02 2.434201e+00
-4.069000e-02 -2.755710e-01 2.424555e+00
-4.392670e-01 -2.841770e-01 2.504942e+00
-2.901220e-01 -5.414810e-01 2.402455e+00
-2.607680e-01 -5.984750e-01 2.380913e+00
-3.008740e-01 -7.446080e-01 2.405975e+00
-2.821820e-01 -1.144613e+00 2.557075e+00
-3.225690e-01 -1.201608e+00 2.411186e+00
-2.428400e-01 -2.832700e-02 1.967053e+00
-4.449000e-02 -1.232360e-01 2.227856e+00
-1.441280e-01 -7.192400e-02 2.442484e+00
-5.438000e-02 -3.148130e-01 2.403410e+00
-4.625130e-01 -3.475150e-01 2.556058e+00
-2.882050e-01 -5.537880e-01 2.391298e+00
-2.742590e-01 -6.194330e-01 2.399677e+00
-2.988750e-01 -8.174280e-01 2.412223e+00
-2.698900e-01 -1.228548e+00 2.527656e+00
-3.314300e-01 -1.272990e+00 2.384825e+00
-2.339520e-01 -9.367100e-02 1.980501e+00
-5.234500e-02 -1.696840e-01 2.225923e+00
-1.220420e-01 -1.206870e-01 2.452567e+00
-5.381500e-02 -3.502030e-01 2.403113e+00
-4.913220e-01 -3.903280e-01 2.561408e+00
-2.503170e-01 -4.837890e-01 2.379681e+00
-1.996200e-01 -5.082870e-01 2.342215e+00
-3.053740e-01 -7.789280e-01 2.304801e+00
-2.418540e-01 -1.025333e+00 2.648943e+00
-2.611090e-01 -1.157574e+00 2.557813e+00
-2.441620e-01 -1.587370e-01 2.001693e+00
-8.645700e-02 -1.635570e-01 2.214077e+00
-1.417430e-01 -6.017000e-02 2.425705e+00
-1.690000e-02 -2.816280e-01 2.444646e+00
-4.952260e-01 -4.058900e-01 2.538938e+00
-2.507360e-01 -5.274550e-01 2.386089e+00
-1.980640e-01 -5.545040e-01 2.353407e+00
-2.994920e-01 -7.558430e-01 2.415741e+00
-2.501150e-01 -1.080158e+00 2.690634e+00
-2.821770e-01 -1.185481e+00 2.572134e+00
-2.566950e-01 -2.129050e-01 2.011853e+00
-2.754300e-02 -2.411610e-01 2.188501e+00
7.581300e-02 -2.711020e-01 2.405405e+00
-6.077400e-02 -4.266370e-01 2.411556e+00
-3.952160e-01 -2.419160e-01 2.470026e+00
-2.708970e-01 -5.228930e-01 2.421108e+00
-2.205190e-01 -5.679020e-01 2.417893e+00
-3.191100e-01 -7.100570e-01 2.409406e+00
-1.144720e-01 -1.035633e+00 2.597310e+00
-1.684260e-01 -1.135867e+00 2.482396e+00
-2.121730e-01 -2.667360e-01 2.111225e+00
-1.176170e-01 -2.654660e-01 2.195795e+00
7.174000e-03 -3.771710e-01 2.370651e+00
-2.845790e-01 -5.665920e-01 2.289605e+00
-3.022060e-01 -8.119400e-02 2.587183e+00
-4.116490e-01 -3.664220e-01 2.528338e+00
-4.076430e-01 -4.321850e-01 2.513065e+00
-3.537870e-01 -9.019980e-01 2.347876e+00
-2.189890e-01 -1.100288e+00 2.702410e+00
-2.414470e-01 -1.243577e+00 2.630808e+00
-3.337900e-01 -1.411650e-01 2.267748e+00
-9.672400e-02 -2.922640e-01 2.213219e+00
-2.108500e-02 -4.050740e-01 2.413665e+00
-2.669010e-01 -6.342900e-01 2.237766e+00
-3.607190e-01 -9.362100e-02 2.555301e+00
-4.907010e-01 -3.612380e-01 2.464298e+00
-4.935990e-01 -4.266540e-01 2.447374e+00
-3.502740e-01 -1.073161e+00 2.591400e+00
-5.955700e-02 -1.199026e+00 2.879195e+00
-1.206350e-01 -1.348753e+00 2.875411e+00
-3.377290e-01 -1.212840e-01 2.308874e+00
-8.895700e-02 -3.032540e-01 2.213759e+00
-2.116650e-01 -1.925130e-01 2.374281e+00
-1.955100e-02 -4.155790e-01 2.416717e+00
-2.559490e-01 -4.695420e-01 2.590673e+00
-2.769990e-01 -6.136690e-01 2.225261e+00
-1.427800e-01 -5.690050e-01 2.411649e+00
-3.425540e-01 -8.449100e-02 2.551820e+00
-6.077100e-02 -5.962100e-01 2.208206e+00
-5.028620e-01 -3.337350e-01 2.457083e+00
-8.322000e-02 -8.976510e-01 2.159927e+00
-5.143110e-01 -3.977910e-01 2.438650e+00
-8.766000e-02 -9.644750e-01 2.150501e+00
-3.828820e-01 -9.762450e-01 2.721019e+00
-4.451770e-01 -1.064910e+00 2.315767e+00
-5.589700e-02 -1.197944e+00 2.885685e+00
-4.715010e-01 -8.584380e-01 2.689746e+00
-1.592280e-01 -1.309718e+00 2.940386e+00
-5.476850e-01 -9.855520e-01 2.754562e+00
-3.295150e-01 -1.499630e-01 2.294020e+00
-1.105610e-01 -2.242980e-01 2.548575e+00
-7.998400e-02 -3.204700e-01 2.216400e+00
-2.053870e-01 -1.806810e-01 2.349895e+00
-5.629100e-02 -4.239030e-01 2.434038e+00
-3.138320e-01 -4.545590e-01 2.669852e+00
-2.759720e-01 -5.804370e-01 2.299092e+00
-1.695100e-01 -5.267990e-01 2.500434e+00
-3.424050e-01 -3.989700e-02 2.506685e+00
-5.581000e-02 -6.127340e-01 2.213811e+00
-5.357260e-01 -2.561080e-01 2.394099e+00
-9.194600e-02 -9.132590e-01 2.176547e+00
-5.581580e-01 -3.168950e-01 2.374712e+00
-1.001990e-01 -9.798650e-01 2.168206e+00
-4.457750e-01 -9.483820e-01 2.792968e+00
-3.666350e-01 -1.053164e+00 2.330926e+00
-9.034300e-02 -1.173152e+00 2.872532e+00
-4.928600e-01 -8.529630e-01 2.687536e+00
-1.792690e-01 -1.289394e+00 2.941402e+00
-5.640670e-01 -9.889040e-01 2.738649e+00
-3.300600e-01 -1.402010e-01 2.304651e+00
-1.272770e-01 -1.768120e-01 2.537712e+00
-5.777800e-02 -2.870180e-01 2.214315e+00
-1.744200e-01 -1.214600e-01 2.324194e+00
-9.418700e-02 -3.868550e-01 2.431877e+00
-3.912750e-01 -3.519010e-01 2.707012e+00
-2.905970e-01 -4.447940e-01 2.338263e+00
-2.184130e-01 -3.899170e-01 2.553966e+00
-3.088950e-01 4.916900e-02 2.463834e+00
-4.452700e-02 -5.781360e-01 2.229914e+00
-5.258380e-01 -1.011320e-01 2.299089e+00
-9.811900e-02 -8.765250e-01 2.216044e+00
-5.598100e-01 -1.516380e-01 2.269608e+00
-1.114370e-01 -9.416250e-01 2.203448e+00
-5.356170e-01 -7.487200e-01 2.911407e+00
-2.588070e-01 -9.462410e-01 2.482577e+00
-2.296740e-01 -1.046500e+00 2.881239e+00
-4.642680e-01 -8.186750e-01 2.835701e+00
-3.074340e-01 -1.137420e+00 2.990097e+00
-4.697850e-01 -9.717140e-01 2.887776e+00
-3.050800e-01 -5.711800e-02 2.332380e+00
-1.435850e-01 -1.331940e-01 2.561688e+00
-4.090200e-02 -2.482700e-01 2.241940e+00
-1.152110e-01 -5.671000e-02 2.346205e+00
-1.596890e-01 -3.376860e-01 2.433043e+00
-4.081010e-01 -2.256950e-01 2.672323e+00
-3.214230e-01 -3.697010e-01 2.316668e+00
-2.415910e-01 -2.771410e-01 2.516190e+00
-3.338080e-01 4.257400e-02 2.413521e+00
-3.114200e-02 -5.390720e-01 2.237902e+00
-5.335600e-01 -5.096600e-02 2.195280e+00
-9.508900e-02 -8.348360e-01 2.235752e+00
-5.760580e-01 -7.577600e-02 2.148886e+00
-1.508480e-01 -8.729360e-01 2.239409e+00
-6.500100e-01 -5.604720e-01 2.869533e+00
-2.306140e-01 -8.406950e-01 2.487519e+00
-3.794890e-01 -8.838780e-01 2.943094e+00
-4.479880e-01 -7.968410e-01 2.853592e+00
-4.889410e-01 -9.534450e-01 3.039757e+00
-4.230500e-01 -9.531000e-01 2.887120e+00
-2.723580e-01 -9.095000e-03 2.350788e+00
-9.045900e-02 -1.510380e-01 2.587490e+00
-3.018600e-02 -2.198770e-01 2.244484e+00
-4.489900e-02 -4.171900e-02 2.389850e+00
-1.664640e-01 -3.111970e-01 2.422571e+00
-3.395060e-01 -2.252110e-01 2.740165e+00
-3.285650e-01 -3.149500e-01 2.357322e+00
-2.073400e-01 -2.686550e-01 2.552030e+00
-1.821380e-01 -4.952900e-02 2.323971e+00
-3.929000e-03 -5.089180e-01 2.245916e+00
-4.874410e-01 -8.476400e-02 2.353553e+00
-1.077130e-01 -7.920900e-01 2.234300e+00
-4.881480e-01 -1.377170e-01 2.395619e+00
-1.315560e-01 -8.552850e-01 2.230843e+00
-6.316990e-01 -5.092410e-01 2.916933e+00
-2.869760e-01 -8.166180e-01 2.440392e+00
-3.958710e-01 -8.658190e-01 2.937464e+00
-4.110020e-01 -9.404780e-01 2.830854e+00
-5.042670e-01 -9.317310e-01 3.037808e+00
-3.894210e-01 -1.095127e+00 2.788652e+00
-8.277400e-02 -4.081700e-02 2.186651e+00
-1.726860e-01 1.948900e-02 2.487934e+00
5.451600e-02 -1.735970e-01 2.302924e+00
-1.314430e-01 -4.094100e-02 2.272767e+00
-5.023700e-02 -1.832430e-01 2.521006e+00
-4.416880e-01 -2.733040e-01 2.650197e+00
-1.446010e-01 -3.325860e-01 2.399265e+00
-2.139270e-01 -2.448020e-01 2.604784e+00
-3.485910e-01 8.048400e-02 2.259172e+00
2.091600e-02 -4.520890e-01 2.232442e+00
-3.529220e-01 -2.045450e-01 2.372376e+00
-1.372600e-01 -6.960430e-01 2.155432e+00
-4.110530e-01 -2.123200e-01 2.406056e+00
-1.856290e-01 -7.399060e-01 2.137810e+00
-6.579450e-01 -5.290050e-01 2.861569e+00
-2.706730e-01 -8.227010e-01 2.439328e+00
-3.986740e-01 -8.608320e-01 2.938078e+00
-3.921500e-01 -1.006327e+00 2.806356e+00
-5.130080e-01 -9.289760e-01 3.029985e+00
-4.063500e-01 -1.148494e+00 2.730529e+00
-5.958100e-02 1.354290e-01 2.201983e+00
-1.998690e-01 3.841500e-02 2.467197e+00
8.887500e-02 -4.685700e-02 2.312189e+00
-1.377500e-01 -3.625800e-02 2.271978e+00
-2.692000e-03 -5.889400e-02 2.536012e+00
-2.955060e-01 -3.218310e-01 2.710286e+00
-1.360900e-02 -2.569590e-01 2.443701e+00
-8.039200e-02 -2.403950e-01 2.667342e+00
-3.579290e-01 1.581730e-01 2.250413e+00
7.263900e-02 -3.216470e-01 2.225345e+00
-3.112190e-01 -1.087250e-01 2.391587e+00
-8.109200e-02 -5.261650e-01 2.068388e+00
-3.266720e-01 -1.444620e-01 2.446887e+00
-1.165640e-01 -5.713090e-01 2.032643e+00
-4.418010e-01 -6.517130e-01 2.867889e+00
-1.995500e-01 -7.626930e-01 2.449448e+00
-3.036630e-01 -1.037129e+00 2.992615e+00
-3.267250e-01 -1.067277e+00 2.721916e+00
-4.519600e-01 -1.072872e+00 3.046407e+00
-3.923280e-01 -1.149691e+00 2.599167e+00
-8.715000e-02 2.335800e-01 2.189885e+00
-1.893380e-01 7.152100e-02 2.432213e+00
1.401860e-01 5.253700e-02 2.380057e+00
-5.921000e-02 2.093000e-02 2.269016e+00
-1.328200e-02 1.122500e-02 2.562722e+00
-3.434650e-01 -2.494330e-01 2.637949e+00
3.380500e-02 -2.101590e-01 2.533705e+00
-1.276460e-01 -1.848050e-01 2.701158e+00
-3.502410e-01 2.395940e-01 2.254518e+00
1.357600e-01 -1.890320e-01 2.223106e+00
-2.744950e-01 -3.443700e-02 2.363421e+00
-2.015400e-02 -3.077090e-01 1.996453e+00
-3.002220e-01 -7.944600e-02 2.406854e+00
-5.645900e-02 -3.332090e-01 1.945407e+00
-3.603850e-01 -6.620650e-01 2.881520e+00
-1.892370e-01 -6.351330e-01 2.345339e+00
-3.080580e-01 -1.069552e+00 3.001520e+00
-3.338990e-01 -9.396540e-01 2.609012e+00
-3.977240e-01 -1.118049e+00 2.875937e+00
-3.730360e-01 -1.031349e+00 2.481641e+00
-1.325320e-01 2.903180e-01 2.212642e+00
-3.636070e-01 2.229030e-01 2.342721e+00
-2.782700e-02 2.866990e-01 2.438673e+00
-1.552000e-01 2.539280e-01 2.249490e+00
-2.169890e-01 1.633150e-01 2.525965e+00
-3.525300e-01 -7.485300e-02 2.414535e+00
1.627600e-02 -8.878200e-02 2.550661e+00
-2.062430e-01 -2.890300e-02 2.591280e+00
-3.973170e-01 -6.450500e-02 2.316660e+00
1.438380e-01 5.934900e-02 2.405831e+00
-3.120640e-01 -3.534450e-01 2.293501e+00
3.082570e-01 -1.658750e-01 2.300145e+00
-3.062440e-01 -4.022780e-01 2.339928e+00
3.453300e-01 -2.170030e-01 2.275948e+00
-2.939470e-01 -5.899740e-01 2.410237e+00
-5.254300e-02 -5.871730e-01 2.444885e+00
-2.709240e-01 -9.956890e-01 2.535717e+00
-2.754500e-02 -1.004780e+00 2.521430e+00
-2.460280e-01 -1.041621e+00 2.382637e+00
2.672500e-02 -1.029103e+00 2.371010e+00
-7.359000e-02 4.859750e-01 2.212641e+00
-3.439940e-01 2.379700e-01 2.339968e+00
-1.794200e-02 2.842320e-01 2.472538e+00
-1.265970e-01 2.684230e-01 2.269974e+00
-2.179710e-01 1.614530e-01 2.532033e+00
-3.503720e-01 -9.360300e-02 2.396554e+00
8.478000e-03 -9.113300e-02 2.557681e+00
-2.185520e-01 -4.014800e-02 2.582338e+00
-3.873370e-01 -4.534400e-02 2.296861e+00
1.709090e-01 7.289200e-02 2.431229e+00
-2.884470e-01 -3.264310e-01 2.251566e+00
2.392820e-01 1.531660e-01 2.152671e+00
-2.653260e-01 -3.892410e-01 2.241852e+00
2.388490e-01 1.981910e-01 2.102207e+00
-2.953060e-01 -6.035180e-01 2.394858e+00
-5.344300e-02 -5.892220e-01 2.426467e+00
-2.569950e-01 -1.012781e+00 2.505039e+00
-2.683600e-02 -1.003417e+00 2.520478e+00
-2.263130e-01 -1.051382e+00 2.350988e+00
2.949700e-02 -1.033527e+00 2.371875e+00
-7.912300e-02 5.266750e-01 2.259689e+00
-3.095610e-01 2.946820e-01 2.355441e+00
8.667000e-03 2.801230e-01 2.512107e+00
-8.541300e-02 3.066700e-01 2.303463e+00
-2.083440e-01 1.767220e-01 2.541093e+00
-3.362420e-01 -6.421100e-02 2.372390e+00
1.680200e-02 -8.675300e-02 2.544419e+00
-2.079420e-01 -2.465800e-02 2.564027e+00
-3.902810e-01 2.566500e-02 2.289920e+00
2.210610e-01 1.065020e-01 2.433060e+00
-2.981470e-01 -2.524070e-01 2.225605e+00
2.729340e-01 3.131930e-01 2.226357e+00
-2.765480e-01 -3.133910e-01 2.245313e+00
2.538830e-01 3.539170e-01 2.175834e+00
-2.917870e-01 -5.849620e-01 2.384496e+00
-5.446200e-02 -5.821760e-01 2.416544e+00
-2.657570e-01 -9.953240e-01 2.495091e+00
-3.045600e-02 -9.950810e-01 2.517734e+00
-2.249530e-01 -1.033636e+00 2.343334e+00
3.064400e-02 -1.027368e+00 2.371490e+00
-8.053300e-02 5.800430e-01 2.315691e+00
-2.902870e-01 3.461260e-01 2.375398e+00
1.449000e-02 2.941630e-01 2.549856e+00
-6.270700e-02 3.645810e-01 2.344503e+00
-2.042670e-01 1.908420e-01 2.540060e+00
-2.987530e-01 2.900000e-05 2.347111e+00
3.819100e-02 -7.705400e-02 2.534910e+00
-1.829740e-01 -2.255000e-03 2.550433e+00
-3.944100e-01 9.046700e-02 2.289477e+00
2.577450e-01 1.743490e-01 2.456243e+00
-3.009120e-01 -1.798760e-01 2.196946e+00
2.628630e-01 4.562600e-01 2.358828e+00
-2.660830e-01 -2.376430e-01 2.192056e+00
2.409960e-01 5.105140e-01 2.324880e+00
-2.902980e-01 -5.429750e-01 2.381766e+00
-5.648400e-02 -5.661330e-01 2.398256e+00
-2.765900e-01 -9.572680e-01 2.480490e+00
-3.080600e-02 -9.812620e-01 2.490897e+00
-2.200260e-01 -9.906220e-01 2.332669e+00
3.828900e-02 -1.009031e+00 2.347308e+00
-8.373800e-02 6.216810e-01 2.368895e+00
-2.859550e-01 3.548590e-01 2.392507e+00
2.068600e-02 2.999200e-01 2.562736e+00
-5.875500e-02 3.749730e-01 2.359896e+00
-1.977610e-01 1.959850e-01 2.552528e+00
-2.775100e-01 2.516200e-02 2.342478e+00
5.627800e-02 -6.984200e-02 2.527684e+00
-1.658040e-01 1.350000e-03 2.546695e+00
-3.946190e-01 1.032890e-01 2.296159e+00
2.759200e-01 2.086680e-01 2.463469e+00
-2.970150e-01 -1.608050e-01 2.186731e+00
2.354110e-01 5.036990e-01 2.425752e+00
-2.680630e-01 -2.216080e-01 2.180501e+00
2.149350e-01 5.679020e-01 2.420023e+00
-2.942240e-01 -5.213280e-01 2.365105e+00
-5.597600e-02 -5.585470e-01 2.385485e+00
-2.737850e-01 -9.364670e-01 2.459824e+00
-4.227900e-02 -9.757500e-01 2.471996e+00
-2.244360e-01 -9.684190e-01 2.309136e+00
2.623300e-02 -1.003340e+00 2.328094e+00
-9.031600e-02 6.276370e-01 2.376780e+00
-2.794010e-01 3.616500e-01 2.397060e+00
2.444200e-02 2.965760e-01 2.568729e+00
-5.168100e-02 3.828910e-01 2.369122e+00
-1.940220e-01 1.939710e-01 2.549442e+00
-2.734740e-01 3.272600e-02 2.330196e+00
5.971100e-02 -5.824300e-02 2.518488e+00
-1.663630e-01 -3.780000e-04 2.535577e+00
-3.997520e-01 1.123290e-01 2.310877e+00
2.774600e-01 2.222510e-01 2.451777e+00
-3.094330e-01 -1.469170e-01 2.186179e+00
2.041450e-01 5.116410e-01 2.481308e+00
-2.771510e-01 -2.063390e-01 2.187129e+00
1.826550e-01 5.746270e-01 2.493349e+00
-2.910100e-01 -5.141840e-01 2.350762e+00
-5.151000e-02 -5.524830e-01 2.375220e+00
-2.796050e-01 -9.285770e-01 2.450864e+00
-2.068600e-02 -9.697990e-01 2.457495e+00
-2.298440e-01 -9.634200e-01 2.300955e+00
4.764400e-02 -9.932830e-01 2.312779e+00
-1.045490e-01 6.397760e-01 2.406785e+00
-2.958200e-01 3.627880e-01 2.417030e+00
2.604700e-02 2.909020e-01 2.548402e+00
-7.293100e-02 3.937430e-01 2.367529e+00
-1.910500e-01 1.838750e-01 2.542086e+00
-2.890760e-01 2.244700e-02 2.351297e+00
7.528000e-02 -4.146300e-02 2.485096e+00
-1.512580e-01 -1.402200e-02 2.536840e+00
-4.125700e-01 1.086110e-01 2.337116e+00
2.724760e-01 2.531160e-01 2.400606e+00
-3.361070e-01 -1.473120e-01 2.195104e+00
1.613060e-01 5.142230e-01 2.502092e+00
-3.014460e-01 -2.029440e-01 2.178438e+00
1.239020e-01 5.584150e-01 2.537050e+00
-2.835970e-01 -5.187420e-01 2.339916e+00
-4.440500e-02 -5.502570e-01 2.369985e+00
-2.737210e-01 -9.384780e-01 2.415960e+00
-2.032200e-02 -9.680920e-01 2.453001e+00
-2.425090e-01 -9.660600e-01 2.259665e+00
2.673500e-02 -9.956360e-01 2.300719e+00
-1.209760e-01 6.450730e-01 2.441042e+00
-3.078920e-01 3.593720e-01 2.431885e+00
2.893700e-02 2.923800e-01 2.511917e+00
-9.531200e-02 3.986570e-01 2.352170e+00
-1.819680e-01 1.789520e-01 2.532967e+00
-2.963300e-01 1.494000e-02 2.355727e+00
8.077900e-02 -3.383100e-02 2.456482e+00
-1.413970e-01 -1.749900e-02 2.528044e+00
-4.133740e-01 9.707900e-02 2.360174e+00
2.688220e-01 3.181070e-01 2.349581e+00
-3.535780e-01 -1.570840e-01 2.205851e+00
1.240740e-01 5.419900e-01 2.492292e+00
-3.156130e-01 -2.093050e-01 2.185708e+00
8.060700e-02 5.505900e-01 2.543388e+00
-2.754750e-01 -5.247330e-01 2.342433e+00
-3.454100e-02 -5.507830e-01 2.372488e+00
-2.733860e-01 -9.346880e-01 2.461178e+00
-8.284000e-03 -9.702090e-01 2.447054e+00
-2.593030e-01 -9.794530e-01 2.306385e+00
2.922600e-02 -9.954700e-01 2.291754e+00
-1.311750e-01 6.468960e-01 2.452374e+00
-3.151630e-01 3.595920e-01 2.452461e+00
3.216900e-02 3.147090e-01 2.466597e+00
-1.240880e-01 4.155760e-01 2.336512e+00
-1.612980e-01 1.860460e-01 2.521980e+00
-3.112210e-01 1.106400e-02 2.373349e+00
7.951800e-02 -2.025000e-02 2.406274e+00
-1.268820e-01 -9.580000e-03 2.515978e+00
-4.169430e-01 9.260200e-02 2.396370e+00
2.389780e-01 3.892210e-01 2.276710e+00
-3.674130e-01 -1.485980e-01 2.220131e+00
7.967500e-02 5.785020e-01 2.450037e+00
-3.439530e-01 -2.096010e-01 2.202743e+00
4.545000e-02 6.144520e-01 2.495975e+00
-2.668170e-01 -5.275160e-01 2.355641e+00
-2.685600e-02 -5.453510e-01 2.385791e+00
-2.699990e-01 -9.280590e-01 2.503366e+00
-1.899700e-02 -9.646380e-01 2.465814e+00
-2.763540e-01 -9.839410e-01 2.351709e+00
-4.044000e-03 -9.945610e-01 2.307561e+00
-1.396500e-01 6.590170e-01 2.457839e+00
-3.163630e-01 3.641460e-01 2.506267e+00
1.109700e-02 3.839030e-01 2.386527e+00
-1.991920e-01 4.338250e-01 2.320515e+00
-1.130830e-01 2.336680e-01 2.522974e+00
-3.150500e-01 2.047800e-02 2.458213e+00
5.584600e-02 1.444500e-02 2.327289e+00
-8.760700e-02 9.632000e-03 2.512081e+00
-4.035470e-01 9.549400e-02 2.438394e+00
1.467850e-01 4.952880e-01 2.155734e+00
-3.876140e-01 -1.432420e-01 2.253999e+00
2.995700e-02 7.250930e-01 2.312157e+00
-3.730500e-01 -1.967850e-01 2.215333e+00
4.396000e-03 7.778620e-01 2.345863e+00
-2.560550e-01 -5.126790e-01 2.387204e+00
-2.255900e-02 -5.140580e-01 2.419800e+00
-2.741340e-01 -9.196920e-01 2.515311e+00
-1.860700e-02 -9.299820e-01 2.516700e+00
-3.267520e-01 -9.634810e-01 2.368761e+00
-6.949400e-02 -9.652780e-01 2.367275e+00
-1.619980e-01 6.995020e-01 2.454393e+00
-3.139770e-01 3.678720e-01 2.521060e+00
-1.449500e-02 3.714340e-01 2.355149e+00
-2.265530e-01 4.169950e-01 2.313619e+00
-1.100490e-01 2.373390e-01 2.520059e+00
-3.082550e-01 2.316400e-02 2.487250e+00
3.571300e-02 1.986000e-03 2.297569e+00
-7.533900e-02 7.744000e-03 2.503443e+00
-3.877070e-01 9.457600e-02 2.459069e+00
5.119500e-02 5.446200e-01 2.132873e+00
-3.877220e-01 -1.522650e-01 2.286228e+00
1.056000e-03 8.387170e-01 2.093855e+00
-3.761200e-01 -2.071240e-01 2.248414e+00
-9.984000e-03 9.047800e-01 2.084483e+00
-2.531410e-01 -5.155910e-01 2.411906e+00
-2.227000e-02 -5.130650e-01 2.453167e+00
-2.746560e-01 -9.191430e-01 2.550314e+00
-1.555100e-02 -9.300850e-01 2.545489e+00
-3.446300e-01 -9.631020e-01 2.411266e+00
-9.288000e-02 -9.619800e-01 2.407048e+00
-1.815200e-01 6.958060e-01 2.448836e+00
-3.137150e-01 3.732800e-01 2.556707e+00
-4.852400e-02 3.708410e-01 2.347570e+00
-2.617160e-01 4.116400e-01 2.335545e+00
-1.100420e-01 2.451400e-01 2.529812e+00
-3.099590e-01 2.264200e-02 2.507820e+00
1.479000e-02 1.426900e-02 2.285987e+00
-7.614500e-02 1.615200e-02 2.501573e+00
-3.828900e-01 1.033550e-01 2.479545e+00
-1.187900e-02 5.862490e-01 2.158822e+00
-3.867630e-01 -1.559590e-01 2.327413e+00
-1.457300e-02 7.617500e-01 1.915208e+00
-3.838610e-01 -2.111680e-01 2.288456e+00
-1.579600e-02 8.006590e-01 1.859903e+00
-2.496240e-01 -5.134510e-01 2.430641e+00
-2.105900e-02 -4.985170e-01 2.469113e+00
-2.836610e-01 -9.206480e-01 2.555441e+00
-1.470100e-02 -9.169000e-01 2.555480e+00
-3.661900e-01 -9.550600e-01 2.420653e+00
-1.035560e-01 -9.455180e-01 2.423387e+00
-1.821670e-01 6.972530e-01 2.422396e+00
-2.948450e-01 3.614150e-01 2.560069e+00
-2.580900e-02 3.752390e-01 2.338494e+00
-2.489380e-01 4.090180e-01 2.339356e+00
-8.783000e-02 2.409790e-01 2.524488e+00
-2.968580e-01 2.060800e-02 2.518890e+00
7.407000e-03 -8.965000e-03 2.271323e+00
-6.472200e-02 5.993000e-03 2.493412e+00
-3.845890e-01 9.191500e-02 2.507101e+00
3.261300e-02 4.755890e-01 2.074259e+00
-3.778310e-01 -1.826340e-01 2.385191e+00
-8.968900e-02 5.911630e-01 1.825725e+00
-3.652380e-01 -2.486960e-01 2.378029e+00
-1.307850e-01 6.164930e-01 1.778359e+00
-2.508720e-01 -5.212220e-01 2.460297e+00
-1.665000e-02 -5.097230e-01 2.481312e+00
-2.818740e-01 -9.336010e-01 2.568082e+00
-2.014700e-02 -9.291780e-01 2.563041e+00
-3.800960e-01 -9.591370e-01 2.442132e+00
-1.210690e-01 -9.525410e-01 2.438816e+00
-1.989810e-01 6.859940e-01 2.392759e+00
-3.063550e-01 3.747610e-01 2.511542e+00
3.026000e-03 3.876020e-01 2.343092e+00
-2.202270e-01 4.122060e-01 2.301143e+00
-9.292500e-02 2.610400e-01 2.523426e+00
-3.257720e-01 2.441200e-02 2.489233e+00
2.304000e-02 1.324100e-02 2.307719e+00
-9.281600e-02 2.079400e-02 2.510870e+00
-3.888600e-01 9.890500e-02 2.527747e+00
6.952400e-02 4.012590e-01 2.063110e+00
-3.814410e-01 -1.825680e-01 2.424532e+00
-9.881300e-02 5.066360e-01 1.838806e+00
-3.646300e-01 -2.478250e-01 2.430266e+00
-1.358510e-01 5.302210e-01 1.787367e+00
-2.496130e-01 -5.130600e-01 2.459374e+00
-2.194700e-02 -5.026510e-01 2.469234e+00
-2.844690e-01 -9.246700e-01 2.569147e+00
-2.594900e-02 -9.204800e-01 2.559187e+00
-3.558200e-01 -9.564050e-01 2.427496e+00
-9.812300e-02 -9.502850e-01 2.417533e+00
-1.988050e-01 7.008770e-01 2.381292e+00
-2.894740e-01 3.926290e-01 2.499466e+00
2.757600e-02 3.793790e-01 2.340815e+00
-1.935660e-01 4.207070e-01 2.291858e+00
-8.604000e-02 2.629280e-01 2.519916e+00
-3.260500e-01 3.598000e-02 2.484267e+00
2.924300e-02 1.217000e-02 2.317110e+00
-9.435300e-02 2.586400e-02 2.515318e+00
-3.933260e-01 1.279680e-01 2.549330e+00
8.739200e-02 3.438550e-01 2.060933e+00
-3.969810e-01 -1.631340e-01 2.476224e+00
-1.151810e-01 3.711730e-01 1.841477e+00
-3.865930e-01 -2.295460e-01 2.468771e+00
-1.586580e-01 3.769500e-01 1.789995e+00
-2.553490e-01 -5.049210e-01 2.457705e+00
-2.783800e-02 -5.036840e-01 2.463330e+00
-2.873650e-01 -9.174080e-01 2.565253e+00
-2.261700e-02 -9.193370e-01 2.563039e+00
-3.539060e-01 -9.497460e-01 2.421413e+00
-9.033800e-02 -9.544060e-01 2.420395e+00
-2.100050e-01 6.923640e-01 2.353527e+00
-3.207980e-01 3.895710e-01 2.507706e+00
2.077000e-03 4.216020e-01 2.363654e+00
-2.202860e-01 4.442960e-01 2.307730e+00
-1.058890e-01 2.798160e-01 2.527563e+00
-3.303140e-01 4.658100e-02 2.480034e+00
2.977500e-02 2.215500e-02 2.323569e+00
-9.957200e-02 3.800400e-02 2.517910e+00
-4.010210e-01 1.192330e-01 2.562684e+00
1.112500e-01 2.616530e-01 2.151705e+00
-4.184240e-01 -1.729510e-01 2.502811e+00
-7.529000e-02 2.313920e-01 1.920575e+00
-4.143920e-01 -2.375830e-01 2.522318e+00
-1.105000e-01 1.758320e-01 1.904844e+00
-2.610590e-01 -4.936380e-01 2.470609e+00
-3.468500e-02 -4.943340e-01 2.467386e+00
-2.865760e-01 -9.119940e-01 2.555030e+00
-2.300700e-02 -9.113680e-01 2.560910e+00
-3.515350e-01 -9.374780e-01 2.409106e+00
-8.733900e-02 -9.455560e-01 2.416495e+00
-1.978530e-01 6.966350e-01 2.310702e+00
-3.303680e-01 3.912960e-01 2.523012e+00
-1.244800e-02 4.163680e-01 2.367051e+00
-2.361210e-01 4.449880e-01 2.319731e+00
-1.176850e-01 2.760970e-01 2.534010e+00
-3.325460e-01 4.365200e-02 2.484546e+00
2.128200e-02 3.650100e-02 2.312800e+00
-1.002480e-01 4.415900e-02 2.512604e+00
-4.031270e-01 1.158160e-01 2.563544e+00
1.180550e-01 2.324180e-01 2.188548e+00
-4.288430e-01 -1.774540e-01 2.509705e+00
-5.223000e-02 1.219230e-01 1.968867e+00
-4.220530e-01 -2.430110e-01 2.524877e+00
-9.544600e-02 7.332200e-02 1.950310e+00
-2.636870e-01 -4.910970e-01 2.474215e+00
-3.752100e-02 -4.838070e-01 2.466426e+00
-2.873080e-01 -9.095830e-01 2.558768e+00
-1.896900e-02 -9.025810e-01 2.550818e+00
-3.586190e-01 -9.344570e-01 2.415732e+00
-8.845000e-02 -9.343880e-01 2.408256e+00
-1.905370e-01 6.880590e-01 2.303799e+00
-3.414600e-01 3.895050e-01 2.509747e+00
-1.825200e-02 4.114050e-01 2.364549e+00
-2.402240e-01 4.368730e-01 2.308264e+00
-1.286750e-01 2.761970e-01 2.532333e+00
-3.407370e-01 3.859300e-02 2.481279e+00
1.909400e-02 2.912500e-02 2.322617e+00
-1.096240e-01 3.769900e-02 2.517830e+00
-4.059870e-01 1.123030e-01 2.558684e+00
1.129690e-01 1.869730e-01 2.239114e+00
-4.367530e-01 -1.799280e-01 2.496703e+00
-2.669300e-02 3.199500e-02 2.023288e+00
-4.303950e-01 -2.447570e-01 2.514894e+00
-6.006700e-02 -2.425000e-02 2.006062e+00
-2.651540e-01 -4.970660e-01 2.478350e+00
-3.883800e-02 -4.892700e-01 2.476346e+00
-2.882400e-01 -9.159490e-01 2.561267e+00
-2.255300e-02 -9.076630e-01 2.563257e+00
-3.539470e-01 -9.411560e-01 2.415630e+00
-8.682900e-02 -9.402460e-01 2.418447e+00
-1.858800e-01 6.856840e-01 2.293919e+00
