-4.005290e-01 3.208950e-01 2.673425e+00
-2.673500e-02 3.128620e-01 2.702389e+00
-2.208670e-01 1.832250e-01 2.744216e+00
1.912700e-02 -1.724800e-02 2.648464e+00
-4.383280e-01 3.368400e-02 2.631010e+00
-3.557270e-01 -2.531870e-01 2.542056e+00
-3.685430e-01 -3.097070e-01 2.499459e+00
-2.901550e-01 -5.596860e-01 2.720639e+00
-2.852150e-01 -9.816360e-01 2.785930e+00
-2.720260e-01 -1.008630e+00 2.610483e+00
-2.101620e-01 5.876320e-01 2.598851e+00
-2.378100e-02 3.173740e-01 2.701515e+00
-2.170800e-01 1.875820e-01 2.746595e+00
2.119500e-02 -1.458100e-02 2.653816e+00
-4.367310e-01 3.890600e-02 2.627561e+00
-3.444540e-01 -2.446840e-01 2.550096e+00
-3.707860e-01 -3.024650e-01 2.516314e+00
-2.895250e-01 -5.595680e-01 2.718124e+00
-2.843310e-01 -9.809050e-01 2.787240e+00
-2.717290e-01 -1.009495e+00 2.612003e+00
-2.095750e-01 5.908330e-01 2.596324e+00
-1.931400e-02 3.191270e-01 2.702128e+00
-2.141360e-01 1.923710e-01 2.749244e+00
2.316100e-02 -1.175100e-02 2.646608e+00
-4.352860e-01 4.336300e-02 2.643318e+00
-3.590970e-01 -2.405720e-01 2.557159e+00
-3.186220e-01 -2.992510e-01 2.547575e+00
-2.904140e-01 -5.563450e-01 2.715444e+00
-2.825740e-01 -9.771300e-01 2.787607e+00
-2.676140e-01 -1.006840e+00 2.612743e+00
-2.066070e-01 5.918230e-01 2.599999e+00
-1.578000e-02 3.275210e-01 2.692043e+00
-2.048520e-01 1.957090e-01 2.747900e+00
1.194100e-02 -1.615600e-02 2.647160e+00
-4.354320e-01 4.245900e-02 2.647755e+00
-3.827680e-01 -2.450210e-01 2.556737e+00
-3.569140e-01 -3.120530e-01 2.553327e+00
-2.887850e-01 -5.580770e-01 2.724744e+00
-2.822220e-01 -9.809290e-01 2.783755e+00
-2.705990e-01 -1.005302e+00 2.607816e+00
-2.045180e-01 5.900590e-01 2.589454e+00
-7.768000e-03 3.259000e-01 2.688680e+00
-1.972060e-01 1.964460e-01 2.748658e+00
1.877800e-02 -3.168800e-02 2.659708e+00
-4.297340e-01 3.842100e-02 2.650924e+00
-4.021310e-01 -2.546770e-01 2.563629e+00
-3.809240e-01 -3.224890e-01 2.552445e+00
-2.868030e-01 -5.582480e-01 2.720965e+00
-2.802270e-01 -9.805370e-01 2.783881e+00
-2.679470e-01 -1.006518e+00 2.608216e+00
-1.979800e-01 5.811870e-01 2.570245e+00
-9.382000e-03 3.316750e-01 2.678203e+00
-1.942070e-01 1.989150e-01 2.744964e+00
2.667000e-02 -3.470300e-02 2.658980e+00
-4.297440e-01 3.175300e-02 2.657192e+00
-4.310090e-01 -2.662450e-01 2.581446e+00
-4.024180e-01 -3.296230e-01 2.563035e+00
-2.869690e-01 -5.577790e-01 2.719505e+00
-2.830280e-01 -9.811040e-01 2.775275e+00
-2.801860e-01 -1.004324e+00 2.598819e+00
-2.023760e-01 5.683710e-01 2.532279e+00
-3.050000e-03 3.204750e-01 2.653315e+00
-1.880300e-01 2.001790e-01 2.740226e+00
3.695700e-02 -4.149700e-02 2.679133e+00
-4.339140e-01 2.324000e-02 2.669688e+00
-4.535460e-01 -2.813030e-01 2.623806e+00
-4.487950e-01 -3.503850e-01 2.643261e+00
-2.838880e-01 -5.626150e-01 2.731831e+00
-2.810100e-01 -9.875510e-01 2.773670e+00
-2.785160e-01 -1.004974e+00 2.596543e+00
-1.946530e-01 5.178150e-01 2.455530e+00
5.760000e-04 2.959810e-01 2.615347e+00
-1.809660e-01 1.989260e-01 2.733099e+00
3.910100e-02 -5.112400e-02 2.688040e+00
-4.342520e-01 1.317200e-02 2.678551e+00
-4.518670e-01 -2.943310e-01 2.644540e+00
-4.485740e-01 -3.632830e-01 2.664742e+00
-2.840970e-01 -5.655120e-01 2.744117e+00
-2.832830e-01 -9.916910e-01 2.770579e+00
-2.905420e-01 -1.002726e+00 2.593069e+00
-1.853230e-01 4.814420e-01 2.409660e+00
7.165000e-03 2.654690e-01 2.589730e+00
-1.867060e-01 2.674010e-01 2.482749e+00
-1.753390e-01 1.936260e-01 2.723047e+00
-3.431550e-01 -2.782700e-02 2.716428e+00
4.561900e-02 -6.388000e-02 2.709511e+00
-1.464730e-01 -3.991000e-02 2.810952e+00
-4.278270e-01 4.247000e-03 2.696823e+00
9.386300e-02 -7.644000e-03 2.646287e+00
-4.424650e-01 -3.053850e-01 2.674955e+00
6.466600e-02 -3.116810e-01 2.589071e+00
-4.320470e-01 -3.692940e-01 2.706268e+00
5.194600e-02 -3.823820e-01 2.585484e+00
-2.914480e-01 -5.713750e-01 2.759884e+00
-7.721200e-02 -5.897170e-01 2.737839e+00
-2.822030e-01 -9.982680e-01 2.762413e+00
-9.670600e-02 -1.016115e+00 2.749383e+00
-2.901400e-01 -9.994930e-01 2.584594e+00
-9.922000e-02 -1.020818e+00 2.571463e+00
-1.837680e-01 4.109900e-01 2.354199e+00
-3.527700e-01 2.166570e-01 2.581820e+00
1.626400e-02 1.829380e-01 2.524355e+00
-1.885230e-01 1.683300e-01 2.441384e+00
-1.511550e-01 1.539390e-01 2.689802e+00
-3.430670e-01 -5.651800e-02 2.759071e+00
4.185400e-02 -1.077390e-01 2.717781e+00
-1.366690e-01 -5.183600e-02 2.830780e+00
-4.142110e-01 -4.158100e-02 2.711292e+00
1.034330e-01 -8.776900e-02 2.604006e+00
-4.232570e-01 -3.551460e-01 2.729507e+00
7.854000e-02 -3.935690e-01 2.536158e+00
-3.938420e-01 -4.049690e-01 2.772237e+00
7.766900e-02 -4.632040e-01 2.518171e+00
-2.992770e-01 -5.927410e-01 2.756141e+00
-7.188600e-02 -6.166830e-01 2.734308e+00
-2.901460e-01 -1.019394e+00 2.770719e+00
-9.372300e-02 -1.043041e+00 2.742744e+00
-3.170370e-01 -1.025977e+00 2.594885e+00
-1.067140e-01 -1.045888e+00 2.565242e+00
-1.707710e-01 3.513650e-01 2.303336e+00
-3.537990e-01 1.395130e-01 2.580296e+00
1.396200e-02 1.054160e-01 2.515379e+00
-1.929500e-01 7.086800e-02 2.444463e+00
-1.467180e-01 1.024570e-01 2.689780e+00
-3.472780e-01 -1.097170e-01 2.782125e+00
3.697800e-02 -1.664730e-01 2.741892e+00
-1.395490e-01 -9.348200e-02 2.848076e+00
-4.139840e-01 -1.067170e-01 2.729388e+00
1.011290e-01 -1.685060e-01 2.577415e+00
-4.071040e-01 -4.119630e-01 2.797731e+00
9.289200e-02 -4.714710e-01 2.499715e+00
-4.056180e-01 -4.815610e-01 2.815823e+00
8.328500e-02 -5.336990e-01 2.464947e+00
-3.070820e-01 -6.302430e-01 2.747339e+00
-7.519600e-02 -6.537880e-01 2.714794e+00
-2.887940e-01 -1.056637e+00 2.760865e+00
-9.845600e-02 -1.079589e+00 2.736748e+00
-3.191620e-01 -1.063499e+00 2.585609e+00
-1.023180e-01 -1.088542e+00 2.559016e+00
-1.713640e-01 2.077170e-01 2.272877e+00
-3.528840e-01 7.599400e-02 2.562093e+00
2.850000e-04 -3.171500e-02 2.496553e+00
-2.068100e-01 -1.181500e-02 2.420718e+00
-1.625690e-01 -1.743900e-02 2.668360e+00
-3.613260e-01 -1.770180e-01 2.826093e+00
6.719000e-03 -2.431940e-01 2.713591e+00
-1.447000e-01 -1.538240e-01 2.843398e+00
-4.167650e-01 -1.462600e-01 2.741018e+00
1.092710e-01 -2.943250e-01 2.564744e+00
-4.022580e-01 -4.366500e-01 2.851645e+00
8.511400e-02 -5.879820e-01 2.464958e+00
-3.993400e-01 -5.038560e-01 2.877104e+00
9.189000e-02 -6.594340e-01 2.469655e+00
-3.111870e-01 -6.755010e-01 2.729742e+00
-7.894300e-02 -7.064670e-01 2.686345e+00
-2.756560e-01 -1.097683e+00 2.782926e+00
-1.161480e-01 -1.123822e+00 2.768564e+00
-3.332980e-01 -1.123499e+00 2.616508e+00
-1.279030e-01 -1.157142e+00 2.594105e+00
-1.812530e-01 1.729010e-01 2.280421e+00
-3.466370e-01 -5.393500e-02 2.551631e+00
1.964800e-02 -1.229080e-01 2.510365e+00
-1.842140e-01 -1.348770e-01 2.424737e+00
-1.522920e-01 -1.141680e-01 2.673468e+00
-3.548620e-01 -2.732670e-01 2.807606e+00
2.277300e-02 -2.982730e-01 2.711380e+00
-1.421480e-01 -2.350290e-01 2.840088e+00
-4.225360e-01 -2.082960e-01 2.785316e+00
8.756100e-02 -4.046750e-01 2.524216e+00
-4.078490e-01 -4.913990e-01 2.907569e+00
7.061800e-02 -7.052270e-01 2.455729e+00
-4.059750e-01 -5.562280e-01 2.938666e+00
7.789100e-02 -7.688720e-01 2.423023e+00
-3.310500e-01 -7.540240e-01 2.696935e+00
-8.188800e-02 -7.764820e-01 2.657399e+00
-2.724350e-01 -1.152976e+00 2.837402e+00
-1.033130e-01 -1.173252e+00 2.813745e+00
-3.439060e-01 -1.216359e+00 2.687207e+00
-1.134280e-01 -1.237930e+00 2.648221e+00
-1.790020e-01 1.072060e-01 2.307386e+00
-3.444120e-01 -1.568190e-01 2.613705e+00
-1.730000e-03 -2.391900e-01 2.485606e+00
-2.200090e-01 -2.359270e-01 2.448475e+00
-1.315280e-01 -2.341380e-01 2.684023e+00
-3.610240e-01 -3.883660e-01 2.833214e+00
-1.874000e-02 -4.197900e-01 2.647885e+00
-1.463990e-01 -3.528980e-01 2.812181e+00
-3.809520e-01 -3.106210e-01 2.855473e+00
8.144500e-02 -5.133980e-01 2.522124e+00
-4.816310e-01 -5.904230e-01 2.933120e+00
4.919300e-02 -8.099040e-01 2.447969e+00
-5.056750e-01 -6.563300e-01 2.948980e+00
7.781800e-02 -8.689830e-01 2.418581e+00
-3.424430e-01 -8.494390e-01 2.650883e+00
-9.635700e-02 -8.924350e-01 2.610066e+00
-2.725430e-01 -1.212491e+00 2.864509e+00
-9.513800e-02 -1.261061e+00 2.825571e+00
-3.425210e-01 -1.305292e+00 2.729694e+00
-1.123300e-01 -1.350520e+00 2.672648e+00
-3.112500e-01 1.069100e-02 2.434944e+00
-3.196630e-01 -3.989480e-01 2.680134e+00
9.736000e-03 -3.070820e-01 2.526244e+00
-2.017390e-01 -3.652570e-01 2.495759e+00
-8.556300e-02 -4.188750e-01 2.712424e+00
-3.980310e-01 -6.507420e-01 2.747152e+00
-2.814100e-02 -6.244580e-01 2.624745e+00
-1.896400e-01 -5.880800e-01 2.767431e+00
-2.427610e-01 -3.888260e-01 2.957167e+00
5.284900e-02 -5.910890e-01 2.510580e+00
-4.356890e-01 -5.866880e-01 2.825576e+00
3.553600e-02 -8.898020e-01 2.446098e+00
-4.840880e-01 -6.331610e-01 2.799669e+00
6.291300e-02 -9.544000e-01 2.430259e+00
-3.586780e-01 -1.139398e+00 2.702030e+00
-7.179700e-02 -1.145014e+00 2.755898e+00
-2.601330e-01 -1.531125e+00 2.840477e+00
-7.424800e-02 -1.571389e+00 2.778872e+00
-3.514120e-01 -1.601946e+00 2.705065e+00
-1.277390e-01 -1.580217e+00 2.609330e+00
-3.056880e-01 -1.039920e-01 2.533790e+00
-2.227140e-01 -4.930970e-01 2.780846e+00
2.222600e-02 -4.106680e-01 2.515285e+00
-1.894680e-01 -4.430330e-01 2.571615e+00
-4.725000e-03 -5.409130e-01 2.711632e+00
-2.918010e-01 -7.419900e-01 2.809406e+00
7.926000e-03 -8.134880e-01 2.569522e+00
-7.900600e-02 -7.546720e-01 2.761220e+00
-3.527650e-01 -4.881280e-01 3.035669e+00
3.173700e-02 -6.962700e-01 2.500676e+00
-3.447370e-01 -4.964690e-01 2.731458e+00
1.710800e-02 -9.996000e-01 2.479340e+00
-3.460250e-01 -5.033830e-01 2.659877e+00
1.399500e-02 -1.070908e+00 2.470459e+00
-3.202970e-01 -1.239517e+00 2.941081e+00
-1.120000e-02 -1.315891e+00 2.662922e+00
-1.443990e-01 -1.093598e+00 2.580391e+00
-1.974100e-02 -1.742745e+00 2.670133e+00
-1.451880e-01 -1.258470e+00 2.513306e+00
-1.283700e-01 -1.742954e+00 2.529124e+00
-3.539150e-01 -3.262720e-01 2.666603e+00
-1.762320e-01 -5.127710e-01 2.835217e+00
1.447300e-02 -4.240560e-01 2.532686e+00
-1.787180e-01 -4.188800e-01 2.640785e+00
-5.265000e-03 -5.914460e-01 2.699520e+00
-2.807230e-01 -7.481870e-01 2.870872e+00
-7.584600e-02 -8.050150e-01 2.543322e+00
-9.525700e-02 -7.566400e-01 2.755566e+00
-4.287980e-01 -4.897020e-01 2.965719e+00
2.187100e-02 -7.086780e-01 2.515700e+00
-3.499880e-01 -5.122360e-01 2.673536e+00
8.897000e-03 -1.010651e+00 2.488610e+00
-3.435270e-01 -5.494870e-01 2.612348e+00
5.876000e-03 -1.082159e+00 2.481484e+00
-3.490930e-01 -1.217854e+00 2.996306e+00
-7.039900e-02 -1.315041e+00 2.637114e+00
-2.496730e-01 -1.617251e+00 2.882610e+00
-2.652500e-02 -1.739091e+00 2.661328e+00
-3.829990e-01 -1.679035e+00 2.983064e+00
-1.739590e-01 -1.759914e+00 2.563789e+00
-2.945030e-01 -2.924670e-01 2.683082e+00
-1.711120e-01 -4.975550e-01 2.851103e+00
1.342900e-02 -4.323440e-01 2.544180e+00
-1.765180e-01 -4.133040e-01 2.656397e+00
-9.656000e-03 -5.909430e-01 2.718983e+00
-2.173140e-01 -7.213310e-01 2.889680e+00
-2.760600e-02 -8.302310e-01 2.566193e+00
-3.745300e-02 -7.735190e-01 2.777027e+00
-4.174010e-01 -3.634000e-01 2.803894e+00
2.990200e-02 -7.146250e-01 2.513665e+00
-3.363230e-01 -5.929270e-01 2.624162e+00
1.682500e-02 -1.016008e+00 2.490063e+00
-3.414040e-01 -6.639500e-01 2.614001e+00
1.354700e-02 -1.087649e+00 2.484567e+00
-2.776510e-01 -1.244112e+00 2.974061e+00
-8.969600e-02 -1.318474e+00 2.602923e+00
-2.679930e-01 -1.670741e+00 2.959100e+00
-5.594000e-02 -1.743625e+00 2.623813e+00
-4.424130e-01 -1.673447e+00 2.923682e+00
-1.949400e-01 -1.760064e+00 2.513845e+00
-3.235430e-01 -3.657540e-01 2.739642e+00
-1.830870e-01 -4.272570e-01 2.834995e+00
2.593400e-02 -3.442500e-01 2.542076e+00
-1.687830e-01 -3.233640e-01 2.645440e+00
-1.716900e-02 -5.169740e-01 2.698764e+00
-2.135900e-01 -6.517480e-01 2.891099e+00
-1.770900e-02 -7.607960e-01 2.571362e+00
-3.211300e-02 -7.074830e-01 2.782820e+00
-4.410790e-01 -3.274650e-01 2.773747e+00
5.222900e-02 -6.251840e-01 2.516505e+00
-3.260400e-01 -5.668750e-01 2.631226e+00
1.652700e-02 -9.223540e-01 2.480740e+00
-3.141950e-01 -6.367340e-01 2.618867e+00
9.217000e-03 -9.933260e-01 2.471639e+00
-2.638940e-01 -1.181668e+00 2.966918e+00
-5.769700e-02 -1.252771e+00 2.623500e+00
-2.638170e-01 -1.608668e+00 2.967323e+00
-5.715000e-02 -1.679757e+00 2.626864e+00
-4.324680e-01 -1.608752e+00 2.910395e+00
-2.021400e-01 -1.680757e+00 2.523613e+00
-2.883080e-01 -2.386730e-01 2.673433e+00
-2.559450e-01 -3.003530e-01 2.739376e+00
2.104300e-02 -2.280920e-01 2.509853e+00
-1.974360e-01 -2.487870e-01 2.539413e+00
-3.701300e-02 -3.605070e-01 2.697838e+00
-3.047640e-01 -5.715750e-01 2.758499e+00
1.797700e-02 -6.453630e-01 2.551410e+00
-8.818800e-02 -5.860040e-01 2.732986e+00
-5.238140e-01 -3.225420e-01 2.826917e+00
1.073970e-01 -4.928120e-01 2.558600e+00
-3.023340e-01 -4.760430e-01 2.693350e+00
2.109800e-02 -7.738220e-01 2.495023e+00
-3.195170e-01 -5.235410e-01 2.642144e+00
1.142700e-02 -8.422990e-01 2.475259e+00
-2.903100e-01 -1.067996e+00 2.931271e+00
-4.855200e-02 -1.147827e+00 2.718196e+00
-2.787340e-01 -1.494344e+00 2.951830e+00
-5.912500e-02 -1.571816e+00 2.668697e+00
-4.105690e-01 -1.503673e+00 2.832596e+00
-1.609950e-01 -1.552386e+00 2.524029e+00
-3.294560e-01 -1.008450e-01 2.552802e+00
-3.375650e-01 -1.707180e-01 2.676830e+00
-8.313000e-03 -1.154770e-01 2.506047e+00
-2.291530e-01 -1.201820e-01 2.490475e+00
-1.124630e-01 -2.453380e-01 2.674960e+00
-3.810990e-01 -4.652840e-01 2.725094e+00
-2.581000e-02 -4.980030e-01 2.566375e+00
-1.630120e-01 -4.754920e-01 2.734997e+00
-5.079640e-01 -3.393500e-01 2.825535e+00
7.044400e-02 -3.668850e-01 2.606929e+00
-2.166690e-01 -3.148950e-01 2.757428e+00
2.049600e-02 -6.483950e-01 2.515571e+00
-1.489010e-01 -3.205060e-01 2.780864e+00
2.267800e-02 -6.967880e-01 2.462404e+00
-3.151800e-01 -1.006643e+00 2.754865e+00
-9.613200e-02 -1.011784e+00 2.737296e+00
-2.701000e-01 -1.422206e+00 2.842070e+00
-9.171600e-02 -1.438552e+00 2.723934e+00
-3.513010e-01 -1.463126e+00 2.689047e+00
-1.689370e-01 -1.434332e+00 2.563612e+00
-3.538130e-01 1.428200e-02 2.521193e+00
-3.578780e-01 -1.647200e-02 2.583067e+00
1.341900e-02 2.188200e-02 2.547118e+00
-1.799200e-01 -2.895800e-02 2.451880e+00
-1.542900e-01 -4.281500e-02 2.701813e+00
-4.252400e-01 -2.776160e-01 2.750756e+00
-3.730000e-02 -2.426710e-01 2.722932e+00
-2.242700e-01 -2.598720e-01 2.834784e+00
-3.875630e-01 -1.704160e-01 2.811868e+00
6.235300e-02 -2.321820e-01 2.647053e+00
-9.253500e-02 -1.698830e-01 2.805476e+00
3.881900e-02 -4.652130e-01 2.467538e+00
-3.813100e-02 -1.767460e-01 2.852021e+00
3.838100e-02 -5.043020e-01 2.407163e+00
-3.066430e-01 -8.004370e-01 2.695844e+00
-7.403900e-02 -7.770690e-01 2.662206e+00
-3.168630e-01 -1.227137e+00 2.683521e+00
-9.632800e-02 -1.203446e+00 2.656295e+00
-3.322410e-01 -1.221650e+00 2.506272e+00
-9.386600e-02 -1.201108e+00 2.478328e+00
-2.265550e-01 1.829960e-01 2.407442e+00
-3.663250e-01 1.347150e-01 2.580856e+00
4.456000e-03 9.624100e-02 2.540040e+00
-1.957970e-01 9.413600e-02 2.445546e+00
-1.722860e-01 5.776500e-02 2.693416e+00
-3.970780e-01 -1.440980e-01 2.787633e+00
-1.144700e-02 -1.599150e-01 2.728207e+00
-1.888520e-01 -1.193380e-01 2.849225e+00
-4.341470e-01 -1.001020e-01 2.703228e+00
7.280700e-02 -1.391900e-01 2.660930e+00
-4.241460e-01 -3.905390e-01 2.714219e+00
6.400500e-02 -3.007640e-01 2.419288e+00
-4.111340e-01 -4.605120e-01 2.724602e+00
6.640400e-02 -3.223130e-01 2.350708e+00
-3.053510e-01 -6.388670e-01 2.648598e+00
-6.964400e-02 -6.407180e-01 2.623680e+00
-2.999040e-01 -1.059423e+00 2.722302e+00
-9.225900e-02 -1.047665e+00 2.751005e+00
-3.259240e-01 -1.090146e+00 2.548915e+00
-7.093200e-02 -1.101512e+00 2.582690e+00
-1.350910e-01 2.487090e-01 2.313797e+00
-3.707330e-01 1.940370e-01 2.586574e+00
3.099000e-03 1.662520e-01 2.576443e+00
-1.871900e-01 1.776830e-01 2.463774e+00
-1.863450e-01 1.016070e-01 2.703622e+00
-3.717000e-01 -1.284070e-01 2.741819e+00
1.815400e-02 -1.475330e-01 2.729951e+00
-1.723000e-01 -1.038670e-01 2.827853e+00
-4.331590e-01 -5.488000e-02 2.676895e+00
9.274700e-02 -6.658700e-02 2.684906e+00
-4.260950e-01 -3.421410e-01 2.642040e+00
7.606000e-02 -7.824900e-02 2.396169e+00
-4.021900e-01 -4.099170e-01 2.644920e+00
7.107000e-02 -7.912300e-02 2.324422e+00
-3.111060e-01 -6.337580e-01 2.653102e+00
-8.102900e-02 -6.417860e-01 2.641517e+00
-2.908950e-01 -1.043919e+00 2.770101e+00
-9.820500e-02 -1.055011e+00 2.747718e+00
-3.195740e-01 -1.093414e+00 2.601542e+00
-8.590700e-02 -1.099692e+00 2.575857e+00
-1.534760e-01 3.700120e-01 2.370734e+00
-3.850920e-01 2.565460e-01 2.601819e+00
-1.047500e-02 2.476720e-01 2.616260e+00
-1.928400e-01 2.719730e-01 2.493023e+00
-2.041980e-01 1.517150e-01 2.713759e+00
-3.767860e-01 -8.665500e-02 2.692751e+00
1.337200e-02 -9.650700e-02 2.705863e+00
-1.842050e-01 -6.481200e-02 2.793745e+00
-4.414090e-01 -1.781000e-03 2.650402e+00
1.245910e-01 1.529300e-02 2.611657e+00
-4.204480e-01 -2.725200e-01 2.560609e+00
1.304600e-01 1.317990e-01 2.350518e+00
-4.018220e-01 -3.368890e-01 2.534475e+00
1.130270e-01 1.706380e-01 2.292545e+00
-3.103690e-01 -6.090510e-01 2.659558e+00
-8.808200e-02 -6.125480e-01 2.652079e+00
-2.916360e-01 -1.025294e+00 2.752938e+00
-9.354200e-02 -1.031027e+00 2.736785e+00
-3.060480e-01 -1.064747e+00 2.579965e+00
-7.991800e-02 -1.066408e+00 2.562870e+00
-1.799160e-01 4.862530e-01 2.443145e+00
-3.801230e-01 2.864490e-01 2.608446e+00
-6.977000e-03 2.792290e-01 2.644987e+00
-1.818750e-01 3.133150e-01 2.513518e+00
-2.049280e-01 1.732030e-01 2.721250e+00
-3.763630e-01 -6.337500e-02 2.657173e+00
1.267900e-02 -7.466400e-02 2.688986e+00
-1.888710e-01 -4.423900e-02 2.767830e+00
-4.445460e-01 2.383700e-02 2.636864e+00
1.790670e-01 9.671100e-02 2.567543e+00
-4.183610e-01 -2.369960e-01 2.514553e+00
1.138660e-01 2.923100e-01 2.364642e+00
-3.954820e-01 -3.020810e-01 2.494211e+00
9.221900e-02 3.463870e-01 2.322446e+00
-3.107030e-01 -5.923260e-01 2.658658e+00
-8.979600e-02 -5.954830e-01 2.648821e+00
-2.932370e-01 -1.007018e+00 2.758930e+00
-9.402500e-02 -1.012991e+00 2.738254e+00
-2.976340e-01 -1.049015e+00 2.586011e+00
-7.401700e-02 -1.050231e+00 2.565347e+00
-1.852970e-01 5.313800e-01 2.508691e+00
-3.922040e-01 2.996280e-01 2.619476e+00
-1.867500e-02 2.902590e-01 2.651312e+00
-1.950140e-01 3.268480e-01 2.522468e+00
-2.161640e-01 1.841300e-01 2.728622e+00
-3.757430e-01 -4.883100e-02 2.639474e+00
1.413000e-02 -6.382000e-02 2.655824e+00
-1.839290e-01 -3.344600e-02 2.743085e+00
-4.481760e-01 3.621500e-02 2.639625e+00
2.102610e-01 1.902890e-01 2.548745e+00
-4.186850e-01 -2.067100e-01 2.489066e+00
8.818800e-02 4.053390e-01 2.402450e+00
-3.944570e-01 -2.614530e-01 2.449198e+00
5.431200e-02 4.668020e-01 2.386703e+00
-3.096420e-01 -5.818360e-01 2.657806e+00
-9.200800e-02 -5.868240e-01 2.633553e+00
-2.958880e-01 -9.969150e-01 2.757051e+00
-9.691900e-02 -1.002351e+00 2.731747e+00
-3.032410e-01 -1.038503e+00 2.584134e+00
-8.356900e-02 -1.043321e+00 2.559041e+00
-1.950010e-01 5.521240e-01 2.535471e+00
-3.927020e-01 3.141900e-01 2.641855e+00
-1.807300e-02 3.116700e-01 2.653298e+00
-2.016850e-01 3.607830e-01 2.539988e+00
-2.084700e-01 1.897720e-01 2.724445e+00
-3.706210e-01 -2.910000e-02 2.614289e+00
1.932900e-02 -4.660800e-02 2.625491e+00
-1.778760e-01 -2.522200e-02 2.717239e+00
-4.540250e-01 5.615500e-02 2.651138e+00
1.964810e-01 3.034360e-01 2.497324e+00
-4.232600e-01 -1.734070e-01 2.489647e+00
2.871700e-02 5.290710e-01 2.471467e+00
-4.019100e-01 -2.328250e-01 2.455195e+00
-6.142000e-03 5.889330e-01 2.490824e+00
-3.093840e-01 -5.668280e-01 2.650327e+00
-9.303900e-02 -5.756200e-01 2.621057e+00
-2.991140e-01 -9.808220e-01 2.754408e+00
-9.806200e-02 -9.878400e-01 2.732316e+00
-3.071450e-01 -1.024365e+00 2.582003e+00
-8.881100e-02 -1.034265e+00 2.560725e+00
-1.988960e-01 5.763820e-01 2.569252e+00
-4.003040e-01 3.190160e-01 2.654077e+00
-2.992000e-02 3.188280e-01 2.632556e+00
-2.193040e-01 3.681460e-01 2.536348e+00
-2.088120e-01 1.947890e-01 2.718427e+00
-3.712010e-01 -2.377200e-02 2.607174e+00
1.886100e-02 -3.552900e-02 2.592791e+00
-1.723170e-01 -2.141800e-02 2.697751e+00
-4.538900e-01 6.155100e-02 2.662668e+00
1.632220e-01 3.669370e-01 2.460466e+00
-4.308940e-01 -1.662460e-01 2.501579e+00
-9.190000e-03 5.815850e-01 2.511169e+00
-4.132560e-01 -2.279280e-01 2.469057e+00
-3.475700e-02 6.303390e-01 2.557459e+00
-3.069490e-01 -5.602410e-01 2.651627e+00
-9.292300e-02 -5.687330e-01 2.618860e+00
-2.973090e-01 -9.733260e-01 2.759315e+00
-9.722900e-02 -9.806860e-01 2.731133e+00
-3.147370e-01 -1.018394e+00 2.587998e+00
-9.997900e-02 -1.027458e+00 2.559410e+00
-1.980370e-01 5.849260e-01 2.592481e+00
-4.081180e-01 3.260310e-01 2.667951e+00
-4.547000e-02 3.191920e-01 2.612068e+00
-2.380760e-01 3.734850e-01 2.534277e+00
-2.139790e-01 1.972190e-01 2.712223e+00
-3.759370e-01 -2.510500e-02 2.598301e+00
1.109800e-02 -2.380400e-02 2.546389e+00
-1.694370e-01 -1.636900e-02 2.669337e+00
-4.584470e-01 6.364700e-02 2.664510e+00
1.098640e-01 4.208630e-01 2.419909e+00
-4.267540e-01 -1.749070e-01 2.513181e+00
-4.932100e-02 6.308470e-01 2.526584e+00
-4.086940e-01 -2.322630e-01 2.473717e+00
-6.734800e-02 6.512110e-01 2.593170e+00
-3.014880e-01 -5.565300e-01 2.651180e+00
-9.261000e-02 -5.600300e-01 2.617098e+00
-2.992470e-01 -9.703070e-01 2.756598e+00
-9.315000e-02 -9.722120e-01 2.728608e+00
-3.289950e-01 -1.013785e+00 2.586572e+00
-1.133660e-01 -1.018371e+00 2.557889e+00
-1.960550e-01 5.878760e-01 2.605265e+00
-4.118860e-01 3.227930e-01 2.696531e+00
-6.580300e-02 3.201800e-01 2.589952e+00
-2.621180e-01 3.814550e-01 2.544336e+00
-2.153170e-01 1.901930e-01 2.701000e+00
-3.716790e-01 -2.414200e-02 2.609478e+00
2.895000e-03 -1.004300e-02 2.499988e+00
-1.568140e-01 -1.795600e-02 2.648966e+00
-4.421290e-01 5.922600e-02 2.661393e+00
1.065300e-02 4.997110e-01 2.406814e+00
-4.322180e-01 -2.015340e-01 2.547486e+00
-7.188200e-02 7.677360e-01 2.455998e+00
-4.199010e-01 -2.597090e-01 2.507022e+00
-8.076700e-02 8.120680e-01 2.511936e+00
-2.959380e-01 -5.510380e-01 2.650913e+00
-7.555900e-02 -5.470520e-01 2.612064e+00
-3.005740e-01 -9.631950e-01 2.762421e+00
-8.878300e-02 -9.577790e-01 2.728071e+00
-3.535790e-01 -1.007017e+00 2.598243e+00
-1.322090e-01 -1.003403e+00 2.561589e+00
-1.902490e-01 6.026420e-01 2.611396e+00
-4.193760e-01 2.935460e-01 2.703322e+00
-8.722100e-02 3.161010e-01 2.575481e+00
-2.849070e-01 3.638980e-01 2.542065e+00
-2.140800e-01 1.752860e-01 2.692811e+00
-3.756060e-01 -3.851500e-02 2.602666e+00
-2.605000e-03 -1.456000e-02 2.489577e+00
-1.604040e-01 -3.055000e-02 2.639937e+00
-4.407450e-01 2.971200e-02 2.658245e+00
-3.799600e-02 5.508260e-01 2.454741e+00
-4.329300e-01 -2.314970e-01 2.542827e+00
-6.563700e-02 8.136600e-01 2.346267e+00
-4.139410e-01 -3.003070e-01 2.534000e+00
-7.290200e-02 8.851850e-01 2.348453e+00
-2.969670e-01 -5.606070e-01 2.651663e+00
-7.021500e-02 -5.516330e-01 2.613069e+00
-3.008830e-01 -9.733200e-01 2.761126e+00
-8.255400e-02 -9.635710e-01 2.724800e+00
-3.539080e-01 -1.016410e+00 2.596762e+00
-1.274380e-01 -1.007408e+00 2.558223e+00
-1.911180e-01 5.908260e-01 2.595216e+00
-4.253410e-01 2.871050e-01 2.715387e+00
-1.064920e-01 3.177610e-01 2.563799e+00
-3.050050e-01 3.622530e-01 2.545365e+00
-2.192720e-01 1.731000e-01 2.687443e+00
-3.732770e-01 -4.041600e-02 2.616592e+00
-1.922300e-02 -9.505000e-03 2.454781e+00
-1.553310e-01 -2.648300e-02 2.624931e+00
-4.310670e-01 2.348900e-02 2.660564e+00
-4.925100e-02 5.683940e-01 2.483560e+00
-4.403780e-01 -2.490140e-01 2.572473e+00
-8.006000e-02 8.079400e-01 2.329374e+00
-4.155080e-01 -3.160650e-01 2.564801e+00
-7.899600e-02 8.607390e-01 2.280543e+00
-3.006960e-01 -5.593310e-01 2.651308e+00
-6.632200e-02 -5.440690e-01 2.608529e+00
-3.089660e-01 -9.747250e-01 2.749841e+00
-7.421500e-02 -9.570350e-01 2.716816e+00
-3.838210e-01 -1.010586e+00 2.592378e+00
-1.426590e-01 -9.974870e-01 2.557558e+00
-2.123330e-01 5.942620e-01 2.614517e+00
-4.290330e-01 2.867810e-01 2.702595e+00
-9.934700e-02 3.573700e-01 2.573413e+00
-3.057580e-01 3.815960e-01 2.544961e+00
-2.110130e-01 1.951520e-01 2.684881e+00
-3.846250e-01 -3.174000e-02 2.600371e+00
-2.408400e-02 8.833000e-03 2.455950e+00
-1.675060e-01 -1.520400e-02 2.619097e+00
-4.268090e-01 1.914900e-02 2.661997e+00
-3.365400e-02 5.786890e-01 2.432053e+00
-4.315280e-01 -2.650530e-01 2.615538e+00
-9.249600e-02 8.250890e-01 2.295027e+00
-4.044050e-01 -3.308670e-01 2.625839e+00
-1.034980e-01 8.733380e-01 2.242833e+00
-3.043240e-01 -5.473540e-01 2.642137e+00
-6.168100e-02 -5.298670e-01 2.590055e+00
-3.146560e-01 -9.632800e-01 2.738200e+00
-7.121900e-02 -9.410180e-01 2.704918e+00
-3.798880e-01 -9.990100e-01 2.576484e+00
-1.269300e-01 -9.853050e-01 2.541765e+00
-2.272880e-01 6.156530e-01 2.621389e+00
-4.236460e-01 2.972170e-01 2.693011e+00
-8.434700e-02 3.605110e-01 2.583313e+00
-2.889870e-01 3.947860e-01 2.546784e+00
-2.088640e-01 1.974150e-01 2.680725e+00
-3.876620e-01 -2.694800e-02 2.589321e+00
-1.927300e-02 1.122500e-02 2.465524e+00
-1.715700e-01 -1.555800e-02 2.619968e+00
-4.281580e-01 2.746700e-02 2.670449e+00
-2.625400e-02 5.747320e-01 2.428299e+00
-4.245400e-01 -2.573510e-01 2.627628e+00
-8.694100e-02 8.253470e-01 2.299934e+00
-4.049810e-01 -3.254640e-01 2.639933e+00
-9.946300e-02 8.782990e-01 2.252897e+00
-3.049490e-01 -5.431350e-01 2.638447e+00
-6.609200e-02 -5.280400e-01 2.588458e+00
-3.147060e-01 -9.570260e-01 2.742987e+00
-7.748900e-02 -9.401250e-01 2.699744e+00
-3.701150e-01 -9.972210e-01 2.578676e+00
-1.241130e-01 -9.837090e-01 2.533580e+00
-2.270340e-01 6.194820e-01 2.619303e+00
-4.221230e-01 3.056390e-01 2.686182e+00
-7.695300e-02 3.673380e-01 2.590601e+00
-2.808350e-01 4.048660e-01 2.547521e+00
-2.082360e-01 2.034040e-01 2.679650e+00
-3.887790e-01 -1.869000e-02 2.586593e+00
-1.540600e-02 1.487400e-02 2.477234e+00
-1.736740e-01 -1.463100e-02 2.625036e+00
-4.321130e-01 3.571800e-02 2.668313e+00
-1.389900e-02 5.702990e-01 2.422948e+00
-4.266620e-01 -2.499550e-01 2.632135e+00
-7.883600e-02 8.277550e-01 2.311380e+00
-4.129230e-01 -3.196820e-01 2.643212e+00
-9.485000e-02 8.819880e-01 2.266932e+00
-3.093200e-01 -5.370170e-01 2.632441e+00
-6.909800e-02 -5.236560e-01 2.590409e+00
-3.141070e-01 -9.500920e-01 2.740493e+00
-7.511600e-02 -9.355390e-01 2.702859e+00
-3.641280e-01 -9.927800e-01 2.575085e+00
-1.158730e-01 -9.806200e-01 2.535555e+00
-2.317240e-01 6.257790e-01 2.609993e+00
-4.275840e-01 3.111750e-01 2.683275e+00
-8.008300e-02 3.669830e-01 2.593479e+00
-2.824840e-01 4.017520e-01 2.542645e+00
-2.137300e-01 2.088090e-01 2.688799e+00
-3.936250e-01 -1.660600e-02 2.588760e+00
-1.435800e-02 1.617600e-02 2.501724e+00
-1.809410e-01 -1.785500e-02 2.639044e+00
-4.386230e-01 4.075300e-02 2.660936e+00
8.119000e-03 5.627390e-01 2.427201e+00
-4.344380e-01 -2.460140e-01 2.625878e+00
-6.120500e-02 8.181090e-01 2.311175e+00
-4.174990e-01 -3.158700e-01 2.628429e+00
-7.264600e-02 8.820650e-01 2.280318e+00
-3.120080e-01 -5.350230e-01 2.637740e+00
-7.105300e-02 -5.224850e-01 2.600327e+00
-3.175260e-01 -9.502940e-01 2.736979e+00
-7.690900e-02 -9.371920e-01 2.701879e+00
-3.566100e-01 -9.901650e-01 2.567962e+00
-1.083900e-01 -9.784420e-01 2.531610e+00
-2.348640e-01 6.274930e-01 2.591917e+00
-4.155600e-01 3.517450e-01 2.683816e+00
-6.106100e-02 3.732350e-01 2.605067e+00
-2.579850e-01 4.266660e-01 2.547464e+00
-2.127950e-01 2.294630e-01 2.697077e+00
-3.946220e-01 4.620000e-03 2.584217e+00
-8.948000e-03 2.598600e-02 2.526846e+00
-1.865730e-01 -4.040000e-03 2.650588e+00
-4.442300e-01 8.225800e-02 2.659723e+00
2.349400e-02 5.524910e-01 2.418670e+00
-4.374300e-01 -2.034930e-01 2.613935e+00
-4.864400e-02 8.040050e-01 2.294845e+00
-4.331930e-01 -2.751450e-01 2.618548e+00
-5.644600e-02 8.651540e-01 2.257788e+00
-3.144290e-01 -5.190710e-01 2.632942e+00
-7.442300e-02 -5.114430e-01 2.605631e+00
-3.168920e-01 -9.340020e-01 2.733714e+00
-7.719400e-02 -9.273570e-01 2.702262e+00
-3.443730e-01 -9.753530e-01 2.562778e+00
-9.701400e-02 -9.672640e-01 2.529929e+00
-2.297400e-01 6.350910e-01 2.588642e+00
-4.142180e-01 3.540760e-01 2.685683e+00
-5.557600e-02 3.706550e-01 2.614586e+00
-2.526970e-01 4.248140e-01 2.551735e+00
-2.130960e-01 2.300740e-01 2.706084e+00
-3.949310e-01 5.053000e-03 2.593678e+00
-7.867000e-03 2.507600e-02 2.546000e+00
-1.886170e-01 -5.382000e-03 2.665022e+00
-4.476490e-01 8.488300e-02 2.659326e+00
3.534000e-02 5.182140e-01 2.404259e+00
-4.469640e-01 -1.969440e-01 2.591116e+00
-3.215400e-02 7.654210e-01 2.268565e+00
-4.347460e-01 -2.653120e-01 2.572412e+00
-4.008400e-02 8.171070e-01 2.219179e+00
-3.156890e-01 -5.201590e-01 2.636728e+00
-7.871500e-02 -5.127260e-01 2.618554e+00
-3.158540e-01 -9.349700e-01 2.738024e+00
-8.056500e-02 -9.300380e-01 2.708982e+00
-3.400500e-01 -9.767950e-01 2.566708e+00
-9.714200e-02 -9.675000e-01 2.535760e+00
-2.250150e-01 6.326960e-01 2.586743e+00
-3.989540e-01 3.485470e-01 2.673309e+00
-2.669500e-02 3.418030e-01 2.652016e+00
-2.163340e-01 4.082210e-01 2.563200e+00
-2.108750e-01 2.120970e-01 2.720746e+00
-3.962840e-01 -6.414000e-03 2.599061e+00
-6.257000e-03 3.251000e-03 2.582373e+00
-1.966720e-01 -2.122200e-02 2.686813e+00
-4.620380e-01 8.222200e-02 2.658132e+00
5.874900e-02 3.981820e-01 2.397734e+00
-4.528740e-01 -1.955950e-01 2.569876e+00
-1.084700e-02 6.199410e-01 2.221567e+00
-4.453600e-01 -2.655630e-01 2.555000e+00
-3.681100e-02 6.579260e-01 2.166283e+00
-3.151890e-01 -5.348690e-01 2.656275e+00
-8.310200e-02 -5.317690e-01 2.647021e+00
-3.071260e-01 -9.498730e-01 2.756453e+00
-8.847400e-02 -9.509700e-01 2.728086e+00
-3.181340e-01 -9.917630e-01 2.583802e+00
-9.243400e-02 -9.847080e-01 2.553357e+00
-2.264340e-01 6.059090e-01 2.566261e+00
-3.872300e-01 3.427830e-01 2.664163e+00
-1.335700e-02 3.195330e-01 2.681591e+00
-1.917830e-01 3.932050e-01 2.573095e+00
-2.112640e-01 1.988660e-01 2.731739e+00
-3.891020e-01 -9.308000e-03 2.592336e+00
-2.610000e-04 -1.883800e-02 2.627042e+00
-2.037000e-01 -3.206700e-02 2.705794e+00
-4.586380e-01 7.801400e-02 2.655186e+00
5.617400e-02 2.737770e-01 2.420145e+00
-4.603040e-01 -2.004910e-01 2.567721e+00
1.146000e-03 4.445840e-01 2.189895e+00
-4.494570e-01 -2.699380e-01 2.552463e+00
-2.822800e-02 4.738210e-01 2.131110e+00
-3.095960e-01 -5.418110e-01 2.680336e+00
-8.955500e-02 -5.498590e-01 2.670081e+00
-2.942620e-01 -9.620360e-01 2.754529e+00
-9.978900e-02 -9.700560e-01 2.745307e+00
-2.820770e-01 -9.924810e-01 2.579576e+00
-8.210400e-02 -1.001686e+00 2.571035e+00
-2.142520e-01 5.684590e-01 2.525536e+00
-3.953080e-01 3.324160e-01 2.652669e+00
-2.669500e-02 3.134980e-01 2.718942e+00
-1.906260e-01 3.911860e-01 2.591952e+00
-2.267590e-01 1.871270e-01 2.734675e+00
-3.884630e-01 -1.662300e-02 2.596906e+00
-2.862000e-03 -2.637700e-02 2.657808e+00
-2.111600e-01 -4.056000e-02 2.722424e+00
-4.509850e-01 5.954400e-02 2.662492e+00
-2.923400e-02 1.567060e-01 2.488582e+00
-4.593520e-01 -2.211950e-01 2.567515e+00
1.964100e-02 2.332990e-01 2.206360e+00
-4.455210e-01 -2.876970e-01 2.543862e+00
3.114300e-02 2.495330e-01 2.137240e+00
-3.105360e-01 -5.488260e-01 2.692635e+00
-9.386900e-02 -5.577280e-01 2.689736e+00
-2.921210e-01 -9.711330e-01 2.753023e+00
-1.047420e-01 -9.813310e-01 2.742380e+00
-2.681280e-01 -9.950740e-01 2.578280e+00
-7.599900e-02 -1.003722e+00 2.568149e+00
-2.147780e-01 5.451870e-01 2.524467e+00
-4.064450e-01 3.315300e-01 2.668259e+00
-3.183400e-02 3.326750e-01 2.685290e+00
-2.147090e-01 3.917890e-01 2.575302e+00
-2.215800e-01 2.010550e-01 2.739279e+00
-3.924840e-01 -1.383100e-02 2.619694e+00
-3.257000e-03 -2.267800e-02 2.649977e+00
-2.057430e-01 -3.397000e-02 2.731439e+00
-4.554810e-01 5.161700e-02 2.663717e+00
2.207700e-02 7.431200e-02 2.579844e+00
-4.492370e-01 -2.429170e-01 2.595537e+00
-1.253800e-02 -1.627770e-01 2.395378e+00
-4.421510e-01 -3.061120e-01 2.629145e+00
-3.729000e-02 -2.237960e-01 2.366439e+00
-3.117590e-01 -5.472450e-01 2.704329e+00
-9.631700e-02 -5.535830e-01 2.701889e+00
-2.899940e-01 -9.701420e-01 2.759224e+00
-1.074030e-01 -9.782250e-01 2.745311e+00
-2.799360e-01 -9.925100e-01 2.582921e+00
-9.290700e-02 -9.966460e-01 2.568862e+00
-2.120680e-01 5.500610e-01 2.506383e+00
-4.020370e-01 3.363620e-01 2.679280e+00
-2.755900e-02 3.250010e-01 2.663101e+00
-2.175700e-01 3.867830e-01 2.567635e+00
-2.158020e-01 2.019420e-01 2.738357e+00
-4.168820e-01 -1.834100e-02 2.638272e+00
-2.649800e-02 -1.944000e-02 2.628708e+00
-2.193500e-01 -3.301200e-02 2.730630e+00
-4.604810e-01 5.812700e-02 2.672780e+00
2.309800e-02 4.629100e-02 2.638066e+00
-4.463750e-01 -2.383340e-01 2.613972e+00
-3.614000e-03 -2.479940e-01 2.573035e+00
-4.321180e-01 -3.053700e-01 2.635793e+00
-3.679900e-02 -3.113340e-01 2.580794e+00
-3.103720e-01 -5.507960e-01 2.713033e+00
-9.560800e-02 -5.481770e-01 2.709226e+00
-2.899960e-01 -9.742670e-01 2.763882e+00
-1.126480e-01 -9.730980e-01 2.747716e+00
-2.955640e-01 -9.957420e-01 2.587270e+00
-1.135090e-01 -9.891210e-01 2.570441e+00
-2.124660e-01 5.469110e-01 2.497337e+00
