-3.406810e-01 3.196710e-01 2.433338e+00
-7.813000e-03 3.158470e-01 2.406126e+00
-1.658350e-01 2.062220e-01 2.538309e+00
4.407000e-02 -2.255300e-02 2.415225e+00
-4.047330e-01 6.378100e-02 2.465572e+00
-3.667730e-01 -2.124330e-01 2.458110e+00
-3.515120e-01 -2.713000e-01 2.475030e+00
-2.321750e-01 -5.413640e-01 2.526980e+00
-2.655240e-01 -9.393430e-01 2.624048e+00
-2.799650e-01 -9.721490e-01 2.484581e+00
-1.715510e-01 5.749630e-01 2.262497e+00
-5.460000e-03 3.130490e-01 2.391085e+00
-1.654320e-01 2.107830e-01 2.526773e+00
4.444300e-02 -1.806200e-02 2.430231e+00
-4.030450e-01 6.289200e-02 2.468320e+00
-3.648280e-01 -2.142690e-01 2.474245e+00
-3.472100e-01 -2.741740e-01 2.483489e+00
-2.320530e-01 -5.443480e-01 2.538414e+00
-2.654970e-01 -9.432780e-01 2.631459e+00
-2.752160e-01 -9.751380e-01 2.491365e+00
-1.738840e-01 5.528970e-01 2.214707e+00
-5.039000e-03 3.025120e-01 2.362803e+00
-1.614330e-01 2.132190e-01 2.511224e+00
4.320000e-02 -2.143800e-02 2.430274e+00
-4.043120e-01 6.000900e-02 2.472865e+00
-3.602310e-01 -2.174750e-01 2.488140e+00
-3.449850e-01 -2.787270e-01 2.488575e+00
-2.339190e-01 -5.457210e-01 2.554950e+00
-2.537920e-01 -9.510140e-01 2.620253e+00
-2.684380e-01 -9.731010e-01 2.478713e+00
-1.759040e-01 5.252330e-01 2.161840e+00
-1.232000e-03 2.797720e-01 2.321852e+00
-1.518410e-01 2.123440e-01 2.486871e+00
4.636400e-02 -3.150800e-02 2.442506e+00
-3.996280e-01 4.738400e-02 2.476071e+00
-3.535630e-01 -2.291180e-01 2.525957e+00
-3.399550e-01 -2.891010e-01 2.511765e+00
-2.351410e-01 -5.478060e-01 2.579006e+00
-2.548250e-01 -9.562270e-01 2.620547e+00
-2.727780e-01 -9.698280e-01 2.478320e+00
-1.700250e-01 4.514180e-01 2.083795e+00
1.224000e-03 2.469370e-01 2.284788e+00
-1.431540e-01 2.049420e-01 2.463261e+00
5.269400e-02 -4.657700e-02 2.441313e+00
-3.945970e-01 4.018000e-02 2.480891e+00
-3.429560e-01 -2.315680e-01 2.555222e+00
-3.404600e-01 -2.938730e-01 2.545402e+00
-2.360670e-01 -5.506000e-01 2.590314e+00
-2.598560e-01 -9.595920e-01 2.623188e+00
-2.872620e-01 -9.693340e-01 2.482157e+00
-1.668420e-01 3.969320e-01 2.036010e+00
-4.280000e-04 2.033100e-01 2.254879e+00
-1.374010e-01 1.812620e-01 2.442531e+00
6.064300e-02 -6.564900e-02 2.458439e+00
-3.885920e-01 1.617300e-02 2.488935e+00
-3.218730e-01 -2.509530e-01 2.572748e+00
-3.422570e-01 -3.091370e-01 2.559197e+00
-2.361830e-01 -5.613320e-01 2.606072e+00
-2.495530e-01 -9.721040e-01 2.609066e+00
-2.745480e-01 -9.723240e-01 2.467252e+00
-1.601860e-01 3.075210e-01 1.993450e+00
5.000000e-03 9.560300e-02 2.228653e+00
-1.259220e-01 1.123660e-01 2.421108e+00
7.573700e-02 -1.394770e-01 2.487355e+00
-3.833040e-01 -3.615700e-02 2.521921e+00
-3.142420e-01 -3.045730e-01 2.605211e+00
-2.984420e-01 -3.634440e-01 2.621615e+00
-2.411130e-01 -6.087350e-01 2.608206e+00
-2.558060e-01 -1.019351e+00 2.598195e+00
-2.789970e-01 -1.015058e+00 2.456140e+00
-1.485650e-01 1.358440e-01 1.957557e+00
8.672000e-03 1.749700e-02 2.227150e+00
-1.192380e-01 4.020500e-02 2.421017e+00
8.856900e-02 -1.977880e-01 2.535529e+00
-3.658450e-01 -1.025600e-01 2.553100e+00
-3.095210e-01 -3.798570e-01 2.610344e+00
-2.949990e-01 -4.407340e-01 2.618564e+00
-2.571450e-01 -6.677540e-01 2.584596e+00
-2.373780e-01 -1.078007e+00 2.599543e+00
-2.626860e-01 -1.084386e+00 2.457928e+00
-1.595660e-01 8.260000e-03 1.958017e+00
2.123300e-02 -1.259050e-01 2.204195e+00
-7.040000e-02 -8.133000e-02 2.414141e+00
7.932000e-02 -2.970900e-01 2.519239e+00
-3.656710e-01 -1.367130e-01 2.603395e+00
-3.407820e-01 -4.130080e-01 2.671274e+00
-3.301000e-01 -4.745390e-01 2.680457e+00
-2.917640e-01 -7.580810e-01 2.526975e+00
-2.061120e-01 -1.138254e+00 2.657563e+00
-2.749500e-01 -1.192938e+00 2.543515e+00
-1.915900e-01 -1.953640e-01 1.980425e+00
-4.376100e-02 -1.484680e-01 2.180442e+00
-1.639570e-01 -1.971010e-01 2.371314e+00
-2.002180e-01 -3.434000e-01 2.302974e+00
-2.083160e-01 -2.450780e-01 2.519548e+00
-3.764820e-01 -4.229870e-01 2.663083e+00
-3.646770e-01 -4.841230e-01 2.652717e+00
-3.351340e-01 -7.399680e-01 2.455271e+00
-1.496980e-01 -1.059841e+00 2.634760e+00
-2.425100e-01 -1.149500e+00 2.570862e+00
-1.720440e-01 -2.981300e-01 1.969962e+00
-5.095800e-02 -1.051670e-01 2.135853e+00
-1.854850e-01 -1.496280e-01 2.318386e+00
-1.084070e-01 -3.417440e-01 2.284282e+00
-2.876040e-01 -2.589940e-01 2.487057e+00
-4.588750e-01 -3.609840e-01 2.686736e+00
-4.977390e-01 -3.872520e-01 2.728975e+00
-3.127170e-01 -7.048890e-01 2.531182e+00
-1.977820e-01 -1.082412e+00 2.646017e+00
-3.255260e-01 -1.134037e+00 2.604158e+00
-1.439100e-01 -3.513970e-01 1.948422e+00
-1.734300e-01 -1.641850e-01 1.991811e+00
-2.681600e-01 -2.907980e-01 2.163439e+00
4.415500e-02 -3.856190e-01 2.266273e+00
-2.617540e-01 -3.218000e-01 2.344940e+00
-3.923370e-01 -4.748190e-01 2.539688e+00
-4.197040e-01 -5.138350e-01 2.581079e+00
-3.268500e-01 -6.447140e-01 2.527861e+00
-2.158740e-01 -1.039664e+00 2.552763e+00
-3.495580e-01 -1.079483e+00 2.516997e+00
-3.307800e-02 -4.347540e-01 1.851068e+00
-1.795870e-01 -1.511140e-01 1.916121e+00
-2.744940e-01 -1.218010e-01 2.124671e+00
-3.773900e-02 -3.814230e-01 2.244357e+00
-3.860230e-01 -2.294260e-01 2.297446e+00
-2.287160e-01 -1.337800e-02 2.376587e+00
-1.925060e-01 3.538100e-02 2.393789e+00
-1.074420e-01 -4.966630e-01 2.741948e+00
-2.452900e-01 -8.592070e-01 2.606004e+00
-2.415770e-01 -9.109840e-01 2.740322e+00
6.554000e-03 -3.221250e-01 1.836212e+00
-3.147430e-01 -8.378200e-02 1.945790e+00
-1.839320e-01 1.081900e-02 2.111149e+00
-2.813910e-01 -2.690420e-01 2.278892e+00
-4.003630e-01 -2.551840e-01 2.286766e+00
-2.152750e-01 -5.690400e-02 2.345730e+00
-1.781870e-01 -1.082900e-02 2.367778e+00
-5.630400e-02 -4.080720e-01 2.754878e+00
-2.034050e-01 -7.704100e-01 2.628411e+00
-1.961770e-01 -8.204100e-01 2.763258e+00
-1.408590e-01 -3.425850e-01 1.910826e+00
-2.484940e-01 -3.010600e-02 1.978525e+00
-1.905770e-01 1.409900e-02 2.191308e+00
-2.113180e-01 -2.786140e-01 2.317323e+00
-3.648350e-01 -2.647120e-01 2.275855e+00
-1.877930e-01 -5.748400e-02 2.319751e+00
-1.443800e-01 -1.380000e-02 2.333589e+00
-1.715700e-01 -3.858720e-01 2.873074e+00
-1.871550e-01 -7.115880e-01 2.622900e+00
-2.125300e-01 -7.971650e-01 2.735898e+00
-1.308630e-01 -3.549370e-01 1.947359e+00
-1.689880e-01 -9.010100e-02 1.919146e+00
-1.423940e-01 7.596600e-02 2.076567e+00
-2.232330e-01 -2.476580e-01 2.256435e+00
-3.793040e-01 -2.157420e-01 2.253330e+00
-2.679440e-01 8.937000e-03 2.366668e+00
-2.435130e-01 6.074700e-02 2.393189e+00
-1.876360e-01 -3.606720e-01 2.763830e+00
-3.467120e-01 -6.467850e-01 2.515323e+00
-3.860000e-01 -7.245330e-01 2.629987e+00
-1.348110e-01 -3.487630e-01 1.967345e+00
-3.931000e-02 2.087900e-02 1.897199e+00
1.234440e-01 -1.322370e-01 1.958844e+00
-1.152440e-01 -3.389500e-02 2.230473e+00
-2.520510e-01 -1.867350e-01 2.221855e+00
-1.981670e-01 6.845500e-02 2.307079e+00
-1.679970e-01 1.233960e-01 2.314546e+00
-2.338950e-01 -4.049870e-01 2.646843e+00
-3.610380e-01 -6.959040e-01 2.385839e+00
-4.468240e-01 -7.500860e-01 2.488020e+00
-1.934440e-01 -2.880440e-01 2.021740e+00
0.000000e+00 0.000000e+00 0.000000e+00
0.000000e+00 0.000000e+00 0.000000e+00
0.000000e+00 0.000000e+00 0.000000e+00
0.000000e+00 0.000000e+00 0.000000e+00
0.000000e+00 0.000000e+00 0.000000e+00
0.000000e+00 0.000000e+00 0.000000e+00
0.000000e+00 0.000000e+00 0.000000e+00
0.000000e+00 0.000000e+00 0.000000e+00
0.000000e+00 0.000000e+00 0.000000e+00
0.000000e+00 0.000000e+00 0.000000e+00
0.000000e+00 0.000000e+00 0.000000e+00
0.000000e+00 0.000000e+00 0.000000e+00
0.000000e+00 0.000000e+00 0.000000e+00
0.000000e+00 0.000000e+00 0.000000e+00
0.000000e+00 0.000000e+00 0.000000e+00
0.000000e+00 0.000000e+00 0.000000e+00
0.000000e+00 0.000000e+00 0.000000e+00
0.000000e+00 0.000000e+00 0.000000e+00
0.000000e+00 0.000000e+00 0.000000e+00
0.000000e+00 0.000000e+00 0.000000e+00
0.000000e+00 0.000000e+00 0.000000e+00
0.000000e+00 0.000000e+00 0.000000e+00
0.000000e+00 0.000000e+00 0.000000e+00
0.000000e+00 0.000000e+00 0.000000e+00
0.000000e+00 0.000000e+00 0.000000e+00
0.000000e+00 0.000000e+00 0.000000e+00
0.000000e+00 0.000000e+00 0.000000e+00
0.000000e+00 0.000000e+00 0.000000e+00
0.000000e+00 0.000000e+00 0.000000e+00
0.000000e+00 0.000000e+00 0.000000e+00
0.000000e+00 0.000000e+00 0.000000e+00
0.000000e+00 0.000000e+00 0.000000e+00
0.000000e+00 0.000000e+00 0.000000e+00
0.000000e+00 0.000000e+00 0.000000e+00
0.000000e+00 0.000000e+00 0.000000e+00
0.000000e+00 0.000000e+00 0.000000e+00
0.000000e+00 0.000000e+00 0.000000e+00
0.000000e+00 0.000000e+00 0.000000e+00
0.000000e+00 0.000000e+00 0.000000e+00
0.000000e+00 0.000000e+00 0.000000e+00
0.000000e+00 0.000000e+00 0.000000e+00
0.000000e+00 0.000000e+00 0.000000e+00
0.000000e+00 0.000000e+00 0.000000e+00
0.000000e+00 0.000000e+00 0.000000e+00
0.000000e+00 0.000000e+00 0.000000e+00
0.000000e+00 0.000000e+00 0.000000e+00
0.000000e+00 0.000000e+00 0.000000e+00
0.000000e+00 0.000000e+00 0.000000e+00
0.000000e+00 0.000000e+00 0.000000e+00
0.000000e+00 0.000000e+00 0.000000e+00
0.000000e+00 0.000000e+00 0.000000e+00
0.000000e+00 0.000000e+00 0.000000e+00
0.000000e+00 0.000000e+00 0.000000e+00
0.000000e+00 0.000000e+00 0.000000e+00
0.000000e+00 0.000000e+00 0.000000e+00
0.000000e+00 0.000000e+00 0.000000e+00
0.000000e+00 0.000000e+00 0.000000e+00
0.000000e+00 0.000000e+00 0.000000e+00
0.000000e+00 0.000000e+00 0.000000e+00
0.000000e+00 0.000000e+00 0.000000e+00
0.000000e+00 0.000000e+00 0.000000e+00
0.000000e+00 0.000000e+00 0.000000e+00
0.000000e+00 0.000000e+00 0.000000e+00
0.000000e+00 0.000000e+00 0.000000e+00
0.000000e+00 0.000000e+00 0.000000e+00
0.000000e+00 0.000000e+00 0.000000e+00
0.000000e+00 0.000000e+00 0.000000e+00
0.000000e+00 0.000000e+00 0.000000e+00
0.000000e+00 0.000000e+00 0.000000e+00
0.000000e+00 0.000000e+00 0.000000e+00
-7.159000e-03 2.842120e-01 2.529474e+00
-2.179180e-01 1.767850e-01 2.526554e+00
3.563800e-02 -3.975700e-02 2.473073e+00
-3.916530e-01 8.948400e-02 2.363646e+00
-3.537700e-01 -1.720630e-01 2.352769e+00
-3.380730e-01 -2.363420e-01 2.361742e+00
-2.188630e-01 -5.429070e-01 2.471961e+00
-2.800040e-01 -9.373010e-01 2.561383e+00
-2.084130e-01 -9.790340e-01 2.426270e+00
-1.029390e-01 5.906410e-01 2.384304e+00
-1.482500e-02 2.775640e-01 2.542809e+00
-2.216620e-01 1.648660e-01 2.520761e+00
3.776500e-02 -3.398700e-02 2.478734e+00
-3.941310e-01 8.832400e-02 2.350727e+00
-3.431190e-01 -1.672520e-01 2.337439e+00
-3.317150e-01 -2.326070e-01 2.345010e+00
-2.204580e-01 -5.379880e-01 2.456452e+00
-2.505030e-01 -9.229300e-01 2.591352e+00
-1.733640e-01 -9.740460e-01 2.462671e+00
-9.836500e-02 5.844120e-01 2.404294e+00
-1.039800e-02 2.566860e-01 2.537011e+00
-2.201410e-01 1.508880e-01 2.509029e+00
4.366500e-02 -4.223400e-02 2.466795e+00
-3.931290e-01 9.182200e-02 2.346890e+00
-3.435240e-01 -1.627860e-01 2.322766e+00
-3.292480e-01 -2.278070e-01 2.327963e+00
-2.192520e-01 -5.367850e-01 2.445297e+00
-2.594440e-01 -9.198700e-01 2.582817e+00
-1.855640e-01 -9.740510e-01 2.453478e+00
-1.126600e-01 5.815310e-01 2.426771e+00
-1.615100e-02 2.327900e-01 2.520445e+00
-2.321500e-01 1.393060e-01 2.496494e+00
5.738400e-02 -4.844500e-02 2.453271e+00
-3.932700e-01 8.678300e-02 2.357094e+00
-3.420080e-01 -1.672770e-01 2.324313e+00
-3.309770e-01 -2.323310e-01 2.334556e+00
-2.159420e-01 -5.348610e-01 2.445528e+00
-2.546280e-01 -9.173250e-01 2.585190e+00
-1.859920e-01 -9.724050e-01 2.453366e+00
-1.289440e-01 5.739130e-01 2.430846e+00
-1.294400e-02 2.403480e-01 2.526181e+00
-2.230620e-01 1.350610e-01 2.499099e+00
6.647600e-02 -5.104300e-02 2.444245e+00
-3.952110e-01 7.893300e-02 2.366896e+00
-3.370710e-01 -1.737520e-01 2.329976e+00
-3.262200e-01 -2.391210e-01 2.338206e+00
-2.135460e-01 -5.326880e-01 2.446013e+00
-2.449530e-01 -9.176870e-01 2.580440e+00
-1.772160e-01 -9.698180e-01 2.446962e+00
-1.399470e-01 5.746710e-01 2.434443e+00
1.532000e-03 2.572750e-01 2.546771e+00
-1.962050e-01 1.335590e-01 2.507242e+00
8.430600e-02 -4.735000e-02 2.440136e+00
-3.927800e-01 6.932500e-02 2.394377e+00
-3.419290e-01 -1.879840e-01 2.337997e+00
-3.157710e-01 -2.490420e-01 2.344793e+00
-2.038670e-01 -5.218380e-01 2.442224e+00
-2.551350e-01 -9.039680e-01 2.578712e+00
-1.875910e-01 -9.601500e-01 2.446789e+00
-1.565530e-01 5.763660e-01 2.435084e+00
1.266300e-02 2.778850e-01 2.576964e+00
-1.688460e-01 1.395550e-01 2.514612e+00
8.461200e-02 -3.418300e-02 2.450105e+00
-3.941320e-01 7.760700e-02 2.423304e+00
-3.459490e-01 -1.752900e-01 2.338147e+00
-3.188610e-01 -2.361370e-01 2.342907e+00
-1.981800e-01 -5.068320e-01 2.433980e+00
-2.520940e-01 -8.861420e-01 2.577153e+00
-1.806010e-01 -9.448790e-01 2.448463e+00
-1.629360e-01 5.782810e-01 2.428523e+00
1.052700e-02 3.323990e-01 2.434988e+00
-1.248670e-01 1.724200e-01 2.522642e+00
8.217700e-02 -8.814000e-03 2.328230e+00
-3.860300e-01 5.228400e-02 2.438190e+00
-3.422010e-01 -1.998850e-01 2.343690e+00
-3.091300e-01 -2.576590e-01 2.348888e+00
-1.903040e-01 -5.281640e-01 2.423913e+00
-2.464850e-01 -8.931690e-01 2.599687e+00
-2.663970e-01 -9.588950e-01 2.456838e+00
-1.634800e-01 6.018670e-01 2.460233e+00
-2.533500e-02 3.371250e-01 2.411539e+00
-2.312230e-01 3.582960e-01 2.342696e+00
-1.108300e-01 1.687520e-01 2.533032e+00
-2.656640e-01 -2.299400e-02 2.425827e+00
6.877900e-02 -1.229200e-02 2.293036e+00
-5.096600e-02 -2.876100e-02 2.478108e+00
-3.707760e-01 1.373400e-02 2.475120e+00
3.979400e-02 5.644630e-01 2.321326e+00
-3.402500e-01 -2.236220e-01 2.350027e+00
9.799400e-02 7.768310e-01 2.165022e+00
-2.998460e-01 -2.713340e-01 2.373473e+00
1.095770e-01 8.185680e-01 2.114204e+00
-1.938650e-01 -5.276380e-01 2.428246e+00
-1.050000e-04 -5.154160e-01 2.423018e+00
-2.478130e-01 -9.019530e-01 2.583999e+00
-1.978000e-02 -9.047600e-01 2.546733e+00
-3.004420e-01 -9.528600e-01 2.443426e+00
-7.320100e-02 -9.474920e-01 2.403756e+00
-1.587500e-01 5.908420e-01 2.433209e+00
-3.268100e-01 2.591170e-01 2.531406e+00
-2.211400e-02 3.203470e-01 2.403195e+00
-2.308840e-01 3.463500e-01 2.340842e+00
-1.115330e-01 1.611240e-01 2.536023e+00
-2.690050e-01 -3.167400e-02 2.428536e+00
6.128300e-02 -2.341100e-02 2.285561e+00
-5.283200e-02 -3.718500e-02 2.474373e+00
-3.737520e-01 1.273400e-02 2.498846e+00
5.291600e-02 5.276370e-01 2.279219e+00
-3.312760e-01 -2.255120e-01 2.379491e+00
6.318400e-02 7.455200e-01 2.120372e+00
-2.968770e-01 -2.805360e-01 2.395229e+00
5.309700e-02 7.902570e-01 2.071838e+00
-1.920430e-01 -5.366990e-01 2.436209e+00
4.260000e-04 -5.239670e-01 2.425264e+00
-2.470870e-01 -9.121180e-01 2.588891e+00
-1.759200e-02 -9.121280e-01 2.552886e+00
-3.033890e-01 -9.607780e-01 2.448946e+00
-7.449000e-02 -9.559440e-01 2.411588e+00
-1.577680e-01 5.859350e-01 2.414853e+00
-3.008840e-01 2.889450e-01 2.543393e+00
1.470000e-04 3.296970e-01 2.397073e+00
-2.102690e-01 3.727820e-01 2.348748e+00
-9.395900e-02 1.747520e-01 2.532882e+00
-2.699060e-01 -3.665000e-02 2.438876e+00
5.214900e-02 -2.128200e-02 2.278736e+00
-5.157000e-02 -3.597200e-02 2.473386e+00
-3.655320e-01 4.640500e-02 2.513751e+00
5.727800e-02 5.257600e-01 2.248145e+00
-3.506030e-01 -2.049440e-01 2.417236e+00
5.801700e-02 7.358990e-01 2.079162e+00
-3.102030e-01 -2.572220e-01 2.407563e+00
5.179700e-02 7.766110e-01 2.026603e+00
-1.950230e-01 -5.389670e-01 2.444827e+00
-3.259000e-03 -5.233510e-01 2.426452e+00
-2.470390e-01 -9.163830e-01 2.593598e+00
-2.069100e-02 -9.108610e-01 2.556117e+00
-3.117160e-01 -9.616460e-01 2.456156e+00
-8.622800e-02 -9.539950e-01 2.418398e+00
-1.550810e-01 5.947440e-01 2.407080e+00
-2.977250e-01 2.932220e-01 2.558737e+00
-5.674000e-03 3.310050e-01 2.391809e+00
-2.193470e-01 3.775810e-01 2.359071e+00
-9.382800e-02 1.760270e-01 2.533054e+00
-2.724920e-01 -2.942900e-02 2.454293e+00
3.575400e-02 -1.413200e-02 2.268954e+00
-5.209000e-02 -3.032300e-02 2.471149e+00
-3.653980e-01 5.595800e-02 2.504900e+00
6.400300e-02 5.145790e-01 2.233008e+00
-3.474180e-01 -2.090600e-01 2.459857e+00
6.839700e-02 7.170510e-01 2.055321e+00
-3.208460e-01 -2.598950e-01 2.425676e+00
4.851500e-02 7.590020e-01 2.007327e+00
-2.051650e-01 -5.318830e-01 2.449037e+00
-1.336900e-02 -5.153370e-01 2.425146e+00
-2.465680e-01 -9.141070e-01 2.588579e+00
-2.554600e-02 -9.041040e-01 2.551610e+00
-3.241260e-01 -9.540200e-01 2.456239e+00
-1.038060e-01 -9.445180e-01 2.419836e+00
-1.515270e-01 5.920790e-01 2.403875e+00
-2.827120e-01 2.799110e-01 2.578888e+00
-1.061600e-02 3.271320e-01 2.381915e+00
-2.276590e-01 3.714830e-01 2.374658e+00
-8.157900e-02 1.665340e-01 2.527319e+00
-2.681680e-01 -3.138600e-02 2.476624e+00
1.985900e-02 -1.960800e-02 2.260981e+00
-4.723900e-02 -3.585100e-02 2.470971e+00
-3.743300e-01 5.458500e-02 2.511505e+00
7.643700e-02 5.076890e-01 2.228529e+00
-3.432840e-01 -2.086080e-01 2.463776e+00
8.001200e-02 7.127870e-01 2.054074e+00
-3.239010e-01 -2.634130e-01 2.430921e+00
6.367000e-02 7.580650e-01 2.007798e+00
-2.125130e-01 -5.352360e-01 2.456398e+00
-1.792100e-02 -5.173980e-01 2.431421e+00
-2.481980e-01 -9.196820e-01 2.591341e+00
-2.554600e-02 -9.081350e-01 2.552034e+00
-3.398400e-01 -9.548560e-01 2.466894e+00
-1.182080e-01 -9.444090e-01 2.428664e+00
-1.548670e-01 5.836670e-01 2.385726e+00
-3.006110e-01 3.118360e-01 2.547876e+00
-3.950000e-04 3.346050e-01 2.392031e+00
-2.119330e-01 3.827080e-01 2.347277e+00
-9.811800e-02 1.898740e-01 2.538355e+00
-2.831950e-01 -2.037400e-02 2.456683e+00
3.380400e-02 -2.109800e-02 2.286064e+00
-6.406600e-02 -3.011600e-02 2.484059e+00
-3.706830e-01 7.226100e-02 2.511262e+00
8.812100e-02 5.007630e-01 2.224091e+00
-3.506850e-01 -1.913220e-01 2.460571e+00
8.738200e-02 7.038150e-01 2.047415e+00
-3.299750e-01 -2.518400e-01 2.441407e+00
7.177300e-02 7.505610e-01 2.002362e+00
-2.196380e-01 -5.275770e-01 2.457604e+00
-2.518200e-02 -5.189320e-01 2.435441e+00
-2.475280e-01 -9.135960e-01 2.589864e+00
-2.656400e-02 -9.098070e-01 2.555837e+00
-3.209630e-01 -9.543460e-01 2.455444e+00
-9.805800e-02 -9.512180e-01 2.420574e+00
-1.544850e-01 6.009420e-01 2.380707e+00
-3.089120e-01 3.179920e-01 2.534574e+00
3.920000e-03 3.428410e-01 2.401326e+00
-2.060440e-01 3.852260e-01 2.339576e+00
-1.040950e-01 2.000000e-01 2.544385e+00
-2.915870e-01 -6.278000e-03 2.446752e+00
3.872600e-02 -1.666400e-02 2.303975e+00
-7.586200e-02 -2.000100e-02 2.492973e+00
-3.728210e-01 7.659300e-02 2.513118e+00
9.706700e-02 4.848510e-01 2.217002e+00
-3.570680e-01 -1.861970e-01 2.466263e+00
1.169060e-01 6.833540e-01 2.038943e+00
-3.383900e-01 -2.477650e-01 2.448399e+00
1.147850e-01 7.257750e-01 1.987420e+00
-2.227160e-01 -5.167730e-01 2.456363e+00
-3.223900e-02 -5.145380e-01 2.435872e+00
-2.481360e-01 -9.020490e-01 2.591258e+00
-2.812200e-02 -9.043170e-01 2.559711e+00
-3.096320e-01 -9.466920e-01 2.452163e+00
-8.792700e-02 -9.493370e-01 2.420002e+00
-1.588010e-01 6.046150e-01 2.396581e+00
-3.158290e-01 3.238700e-01 2.526199e+00
1.616000e-03 3.293800e-01 2.403944e+00
-2.030280e-01 3.801680e-01 2.333241e+00
-1.176360e-01 1.963220e-01 2.546683e+00
-2.944250e-01 -4.481000e-03 2.443947e+00
4.040200e-02 -2.712100e-02 2.313646e+00
-8.103900e-02 -2.377800e-02 2.498316e+00
-3.747240e-01 8.013500e-02 2.508436e+00
1.037290e-01 4.692560e-01 2.221740e+00
-3.636110e-01 -1.859660e-01 2.476934e+00
1.387060e-01 6.594240e-01 2.035894e+00
-3.458390e-01 -2.388880e-01 2.440300e+00
1.303550e-01 6.985120e-01 1.982406e+00
-2.255500e-01 -5.184940e-01 2.459798e+00
-3.612000e-02 -5.219320e-01 2.440080e+00
-2.483820e-01 -9.054750e-01 2.590202e+00
-3.263800e-02 -9.112520e-01 2.565374e+00
-3.054430e-01 -9.496610e-01 2.449086e+00
-8.797000e-02 -9.572030e-01 2.424133e+00
-1.600470e-01 6.029090e-01 2.391230e+00
-3.104640e-01 3.162730e-01 2.526583e+00
1.045100e-02 3.306380e-01 2.408127e+00
-1.960560e-01 3.804240e-01 2.337053e+00
-1.105720e-01 1.911880e-01 2.545694e+00
-3.001170e-01 -7.697000e-03 2.445032e+00
3.625100e-02 -2.763700e-02 2.318309e+00
-8.710000e-02 -2.424000e-02 2.501707e+00
-3.794120e-01 7.462400e-02 2.507112e+00
1.171600e-01 4.539560e-01 2.215947e+00
-3.619710e-01 -1.911710e-01 2.470261e+00
1.594210e-01 6.296160e-01 2.016783e+00
-3.422730e-01 -2.444470e-01 2.435159e+00
1.541500e-01 6.677730e-01 1.962240e+00
-2.329090e-01 -5.205080e-01 2.464182e+00
-3.687700e-02 -5.234200e-01 2.442670e+00
-2.509170e-01 -9.085720e-01 2.592100e+00
-3.247700e-02 -9.130880e-01 2.566850e+00
-3.072920e-01 -9.525810e-01 2.450653e+00
-8.579500e-02 -9.589550e-01 2.424809e+00
-1.660050e-01 6.022990e-01 2.389258e+00
-3.070010e-01 3.131390e-01 2.526746e+00
2.195600e-02 3.239490e-01 2.420094e+00
-1.837870e-01 3.816720e-01 2.344407e+00
-1.110980e-01 1.822890e-01 2.548396e+00
-3.053050e-01 -1.185100e-02 2.443257e+00
3.538300e-02 -3.308900e-02 2.328887e+00
-9.442500e-02 -2.724700e-02 2.507710e+00
-3.870030e-01 7.393300e-02 2.515038e+00
1.337970e-01 4.101840e-01 2.210781e+00
-3.682580e-01 -1.918690e-01 2.475442e+00
2.104110e-01 5.526190e-01 1.995344e+00
-3.523390e-01 -2.496880e-01 2.446079e+00
1.973070e-01 5.876910e-01 1.940055e+00
-2.360820e-01 -5.243460e-01 2.472500e+00
-4.186900e-02 -5.288260e-01 2.449862e+00
-2.522010e-01 -9.150380e-01 2.592421e+00
-3.222600e-02 -9.185550e-01 2.573552e+00
-3.039080e-01 -9.570490e-01 2.448602e+00
-8.078900e-02 -9.652860e-01 2.430094e+00
-1.569870e-01 5.979040e-01 2.384525e+00
-3.073710e-01 3.262740e-01 2.523345e+00
2.864200e-02 3.226460e-01 2.430382e+00
-1.735990e-01 3.884090e-01 2.346228e+00
-1.182440e-01 1.875270e-01 2.554149e+00
-3.089680e-01 -1.065800e-02 2.440464e+00
3.728400e-02 -3.243600e-02 2.344363e+00
-1.018220e-01 -2.618500e-02 2.516038e+00
-3.871270e-01 8.726100e-02 2.521235e+00
1.380810e-01 3.750850e-01 2.209553e+00
-3.740670e-01 -1.779130e-01 2.479032e+00
2.280210e-01 4.698130e-01 1.974592e+00
-3.546870e-01 -2.399720e-01 2.463807e+00
2.442520e-01 4.818500e-01 1.910950e+00
-2.360980e-01 -5.229000e-01 2.478940e+00
-4.272200e-02 -5.291180e-01 2.454239e+00
-2.510250e-01 -9.152510e-01 2.593476e+00
-3.174200e-02 -9.182880e-01 2.579567e+00
-2.950160e-01 -9.563770e-01 2.446861e+00
-7.209700e-02 -9.663030e-01 2.434005e+00
-1.603070e-01 5.997840e-01 2.377262e+00
-3.110530e-01 3.310630e-01 2.518723e+00
2.941000e-02 3.155400e-01 2.434790e+00
-1.710220e-01 3.830940e-01 2.343195e+00
-1.264350e-01 1.889920e-01 2.559956e+00
-3.099460e-01 -1.201600e-02 2.436611e+00
4.059700e-02 -3.115100e-02 2.356900e+00
-1.064480e-01 -2.560600e-02 2.521852e+00
-3.910790e-01 9.140400e-02 2.524818e+00
1.514390e-01 3.176960e-01 2.213472e+00
-3.784530e-01 -1.753020e-01 2.487191e+00
2.534610e-01 3.748830e-01 1.970514e+00
-3.565450e-01 -2.308450e-01 2.457296e+00
2.732170e-01 3.634020e-01 1.907772e+00
-2.382790e-01 -5.232190e-01 2.480448e+00
-4.491300e-02 -5.299760e-01 2.456283e+00
-2.490110e-01 -9.167500e-01 2.591348e+00
-3.096100e-02 -9.181350e-01 2.584417e+00
-2.864150e-01 -9.575820e-01 2.442836e+00
-6.408400e-02 -9.677960e-01 2.437588e+00
-1.677980e-01 5.992160e-01 2.377432e+00
-3.201760e-01 3.231540e-01 2.516527e+00
2.415100e-02 3.194340e-01 2.448513e+00
-1.740490e-01 3.797750e-01 2.347509e+00
-1.328220e-01 1.877050e-01 2.566731e+00
-3.149470e-01 -1.934900e-02 2.432548e+00
3.988600e-02 -2.809400e-02 2.372408e+00
-1.161160e-01 -2.475000e-02 2.528978e+00
-3.958310e-01 8.245200e-02 2.528427e+00
1.491270e-01 2.273540e-01 2.249252e+00
-3.752820e-01 -1.830160e-01 2.486876e+00
2.526170e-01 1.889310e-01 2.003415e+00
-3.554060e-01 -2.429390e-01 2.465132e+00
2.732690e-01 1.559450e-01 1.949156e+00
-2.372700e-01 -5.268310e-01 2.488271e+00
-4.315900e-02 -5.309180e-01 2.461734e+00
-2.517070e-01 -9.201800e-01 2.599397e+00
-3.143300e-02 -9.193130e-01 2.589380e+00
-2.797430e-01 -9.616380e-01 2.449007e+00
-5.495200e-02 -9.688920e-01 2.440682e+00
-1.644010e-01 5.969930e-01 2.378416e+00
-3.197560e-01 3.162130e-01 2.526013e+00
2.187200e-02 3.173990e-01 2.445456e+00
-1.805300e-01 3.769700e-01 2.352661e+00
-1.292390e-01 1.821730e-01 2.567307e+00
-3.143400e-01 -2.352400e-02 2.439329e+00
3.995600e-02 -2.966000e-02 2.375795e+00
-1.145500e-01 -2.688000e-02 2.533852e+00
-3.973000e-01 7.568200e-02 2.525018e+00
1.472310e-01 1.781410e-01 2.275863e+00
-3.716870e-01 -1.895440e-01 2.483828e+00
2.484320e-01 6.811400e-02 2.051475e+00
-3.519380e-01 -2.508310e-01 2.466149e+00
2.607950e-01 1.951600e-02 2.007384e+00
-2.359820e-01 -5.303730e-01 2.493374e+00
-4.124000e-02 -5.334170e-01 2.465144e+00
-2.512660e-01 -9.275980e-01 2.589598e+00
-3.228600e-02 -9.233530e-01 2.588232e+00
-2.803180e-01 -9.632250e-01 2.437911e+00
-5.701600e-02 -9.709970e-01 2.439099e+00
-1.668270e-01 5.896050e-01 2.374428e+00
-3.309270e-01 3.165020e-01 2.517503e+00
1.153900e-02 3.177460e-01 2.440583e+00
-1.905490e-01 3.694170e-01 2.342517e+00
-1.392080e-01 1.874780e-01 2.568152e+00
-3.137890e-01 -2.572200e-02 2.440911e+00
4.158600e-02 -3.307900e-02 2.383867e+00
-1.157670e-01 -2.937700e-02 2.539071e+00
-3.949920e-01 7.045700e-02 2.534559e+00
1.345500e-01 1.304110e-01 2.319309e+00
-3.726190e-01 -1.970100e-01 2.491313e+00
2.282380e-01 -2.760900e-02 2.118905e+00
-3.491930e-01 -2.569080e-01 2.473366e+00
2.405990e-01 -8.320700e-02 2.084053e+00
-2.343190e-01 -5.326930e-01 2.499032e+00
-3.848100e-02 -5.368570e-01 2.467962e+00
-2.484570e-01 -9.312300e-01 2.589858e+00
-3.241100e-02 -9.274910e-01 2.588997e+00
-2.745790e-01 -9.650860e-01 2.437236e+00
-5.397700e-02 -9.742700e-01 2.439101e+00
-1.689900e-01 5.929220e-01 2.369051e+00
-3.366710e-01 3.083770e-01 2.519336e+00
3.858000e-03 3.149560e-01 2.434494e+00
-2.014100e-01 3.608550e-01 2.340236e+00
-1.412960e-01 1.840870e-01 2.567808e+00
-3.190040e-01 -3.642900e-02 2.446345e+00
3.543300e-02 -2.699100e-02 2.384018e+00
-1.196410e-01 -2.895200e-02 2.541530e+00
-3.961560e-01 5.684300e-02 2.539022e+00
1.090520e-01 8.537100e-02 2.376008e+00
-3.637820e-01 -2.121610e-01 2.483587e+00
1.901520e-01 -1.299300e-01 2.222541e+00
-3.439850e-01 -2.732010e-01 2.465124e+00
1.911980e-01 -1.890040e-01 2.191431e+00
-2.351060e-01 -5.382110e-01 2.503643e+00
-3.803000e-02 -5.354200e-01 2.471699e+00
-2.537620e-01 -9.356220e-01 2.598500e+00
-3.454600e-02 -9.294670e-01 2.581222e+00
-2.810780e-01 -9.706550e-01 2.446353e+00
-5.785600e-02 -9.716420e-01 2.430225e+00
-1.706650e-01 5.835510e-01 2.356144e+00
-3.363050e-01 3.156250e-01 2.512814e+00
3.692000e-03 3.000080e-01 2.427030e+00
-1.994850e-01 3.505520e-01 2.330642e+00
-1.471750e-01 1.847230e-01 2.568157e+00
-3.194590e-01 -4.490900e-02 2.460437e+00
2.892900e-02 -2.737100e-02 2.371454e+00
-1.138670e-01 -2.956300e-02 2.540174e+00
-3.924530e-01 6.052500e-02 2.531333e+00
9.719500e-02 5.682100e-02 2.400783e+00
-3.623030e-01 -2.137310e-01 2.487458e+00
1.694770e-01 -1.817470e-01 2.274645e+00
-3.371170e-01 -2.694470e-01 2.460625e+00
1.593560e-01 -2.444130e-01 2.253929e+00
-2.333190e-01 -5.445930e-01 2.507033e+00
-3.934200e-02 -5.364960e-01 2.477506e+00
-2.550860e-01 -9.423410e-01 2.599792e+00
-3.162100e-02 -9.318480e-01 2.581994e+00
-2.935860e-01 -9.752590e-01 2.449604e+00
-6.742100e-02 -9.719540e-01 2.432889e+00
-1.676850e-01 5.816630e-01 2.348962e+00
-3.317300e-01 3.155660e-01 2.510158e+00
9.980000e-03 3.027750e-01 2.430964e+00
-1.913780e-01 3.547680e-01 2.331577e+00
-1.433170e-01 1.840680e-01 2.566526e+00
-3.179520e-01 -4.579600e-02 2.459451e+00
3.216600e-02 -2.648800e-02 2.377933e+00
-1.142380e-01 -2.868300e-02 2.543532e+00
-3.944480e-01 5.985500e-02 2.530764e+00
9.099300e-02 5.178200e-02 2.417339e+00
-3.588610e-01 -2.157920e-01 2.484507e+00
1.468510e-01 -2.047950e-01 2.315186e+00
-3.380840e-01 -2.776960e-01 2.470550e+00
1.346340e-01 -2.678540e-01 2.296938e+00
-2.334860e-01 -5.450200e-01 2.506557e+00
-3.659400e-02 -5.367120e-01 2.478405e+00
-2.542300e-01 -9.430050e-01 2.598528e+00
-3.177100e-02 -9.316330e-01 2.584686e+00
-2.896910e-01 -9.760310e-01 2.447617e+00
-6.394000e-02 -9.723310e-01 2.434916e+00
-1.661550e-01 5.766690e-01 2.340124e+00
-3.310430e-01 3.126610e-01 2.486528e+00
1.587200e-02 3.091280e-01 2.433250e+00
-1.790560e-01 3.506150e-01 2.317456e+00
-1.432260e-01 1.898390e-01 2.561415e+00
-3.202420e-01 -4.898500e-02 2.448695e+00
3.430400e-02 -2.159600e-02 2.392595e+00
-1.233810e-01 -2.940900e-02 2.547308e+00
-3.915770e-01 5.446200e-02 2.517689e+00
8.636200e-02 5.162300e-02 2.428372e+00
-3.556570e-01 -2.261770e-01 2.484386e+00
1.150560e-01 -2.223460e-01 2.355738e+00
-3.318690e-01 -2.861200e-01 2.467077e+00
1.031930e-01 -2.875250e-01 2.347392e+00
-2.335010e-01 -5.445910e-01 2.510082e+00
-3.376200e-02 -5.344980e-01 2.482505e+00
-2.534500e-01 -9.422250e-01 2.603734e+00
-3.068800e-02 -9.330480e-01 2.574321e+00
-2.769970e-01 -9.770370e-01 2.450908e+00
-5.257100e-02 -9.684500e-01 2.421383e+00
-1.627270e-01 5.697750e-01 2.314053e+00
-3.316410e-01 3.127640e-01 2.484003e+00
1.545400e-02 3.058560e-01 2.432251e+00
-1.785150e-01 3.497930e-01 2.315754e+00
-1.454360e-01 1.877260e-01 2.559248e+00
-3.204390e-01 -4.568000e-02 2.445179e+00
3.586700e-02 -2.547100e-02 2.397879e+00
-1.256080e-01 -3.199700e-02 2.548694e+00
-3.891820e-01 5.263900e-02 2.512524e+00
8.346800e-02 4.669700e-02 2.431881e+00
-3.506560e-01 -2.289630e-01 2.482044e+00
9.215300e-02 -2.345600e-01 2.381562e+00
-3.277460e-01 -2.894580e-01 2.465489e+00
6.648600e-02 -2.926850e-01 2.402087e+00
-2.301260e-01 -5.442720e-01 2.507190e+00
-2.982500e-02 -5.359240e-01 2.485273e+00
-2.549740e-01 -9.393100e-01 2.610185e+00
-2.943600e-02 -9.355800e-01 2.572200e+00
-2.747800e-01 -9.778170e-01 2.457715e+00
-4.647700e-02 -9.690870e-01 2.418222e+00
-1.572500e-01 5.642090e-01 2.307125e+00
-3.325100e-01 3.146600e-01 2.475927e+00
1.495800e-02 3.094590e-01 2.426534e+00
-1.786280e-01 3.486270e-01 2.307722e+00
-1.457210e-01 1.932760e-01 2.555578e+00
-3.238580e-01 -3.856400e-02 2.448003e+00
3.229300e-02 -2.860700e-02 2.396452e+00
-1.274080e-01 -3.341800e-02 2.549209e+00
-3.870050e-01 5.453000e-02 2.507622e+00
8.233100e-02 5.059200e-02 2.436073e+00
-3.550490e-01 -2.278710e-01 2.479813e+00
7.996000e-02 -2.327020e-01 2.400239e+00
-3.317390e-01 -2.904180e-01 2.481587e+00
5.459100e-02 -2.942940e-01 2.404868e+00
-2.293310e-01 -5.409820e-01 2.506352e+00
-3.014900e-02 -5.352070e-01 2.486296e+00
-2.467670e-01 -9.383280e-01 2.601710e+00
-3.185400e-02 -9.344900e-01 2.574905e+00
-2.687800e-01 -9.740430e-01 2.448864e+00
-5.078200e-02 -9.685060e-01 2.421260e+00
-1.571850e-01 5.639990e-01 2.295861e+00
-3.300150e-01 3.097280e-01 2.465130e+00
1.755800e-02 3.104190e-01 2.416204e+00
-1.766780e-01 3.405240e-01 2.295821e+00
-1.406660e-01 1.958010e-01 2.549607e+00
-3.266160e-01 -4.311400e-02 2.449680e+00
2.807700e-02 -2.753100e-02 2.390100e+00
-1.280140e-01 -3.535200e-02 2.546421e+00
-3.871930e-01 5.175200e-02 2.501814e+00
8.223400e-02 5.230000e-02 2.435123e+00
-3.526090e-01 -2.300140e-01 2.481433e+00
7.871400e-02 -2.307070e-01 2.405140e+00
-3.307820e-01 -2.928950e-01 2.476119e+00
6.010400e-02 -2.947040e-01 2.409208e+00
-2.268080e-01 -5.436830e-01 2.506674e+00
-2.856200e-02 -5.348910e-01 2.484798e+00
-2.452560e-01 -9.406540e-01 2.603393e+00
-2.941300e-02 -9.348270e-01 2.570421e+00
-2.700720e-01 -9.766220e-01 2.451035e+00
-5.145400e-02 -9.676410e-01 2.416929e+00
-1.556690e-01 5.673110e-01 2.289897e+00
-3.296280e-01 3.083200e-01 2.459615e+00
1.754500e-02 3.057350e-01 2.407984e+00
-1.775410e-01 3.316670e-01 2.288003e+00
-1.400010e-01 1.972010e-01 2.547153e+00
-3.288280e-01 -4.292700e-02 2.445246e+00
2.682400e-02 -3.087400e-02 2.390785e+00
-1.316100e-01 -3.605900e-02 2.544842e+00
-3.894240e-01 5.162000e-02 2.501552e+00
8.315900e-02 4.803700e-02 2.430679e+00
-3.540670e-01 -2.302840e-01 2.482724e+00
7.573900e-02 -2.350980e-01 2.401443e+00
-3.332110e-01 -2.937150e-01 2.482254e+00
5.308300e-02 -2.975660e-01 2.408002e+00
-2.265680e-01 -5.444760e-01 2.505547e+00
-2.764500e-02 -5.369190e-01 2.483952e+00
-2.423340e-01 -9.416450e-01 2.601927e+00
-2.958400e-02 -9.353740e-01 2.576203e+00
-2.650470e-01 -9.777850e-01 2.449283e+00
-4.870500e-02 -9.707750e-01 2.422894e+00
-1.571850e-01 5.549320e-01 2.269728e+00
-3.248760e-01 3.100980e-01 2.457008e+00
2.228800e-02 3.094470e-01 2.405262e+00
-1.728510e-01 3.387390e-01 2.286144e+00
-1.351090e-01 1.966210e-01 2.541149e+00
-3.261090e-01 -4.334300e-02 2.451520e+00
2.666900e-02 -2.979600e-02 2.381063e+00
-1.246380e-01 -3.534300e-02 2.542114e+00
-3.873780e-01 5.349200e-02 2.500216e+00
8.350600e-02 4.988100e-02 2.427578e+00
-3.538640e-01 -2.294130e-01 2.481197e+00
7.861700e-02 -2.331220e-01 2.390089e+00
-3.315160e-01 -2.923190e-01 2.482642e+00
6.438200e-02 -2.979420e-01 2.397462e+00
-2.242500e-01 -5.446880e-01 2.505260e+00
-2.682100e-02 -5.358220e-01 2.481939e+00
-2.508750e-01 -9.375900e-01 2.615714e+00
-3.020000e-02 -9.335300e-01 2.577322e+00
-2.797180e-01 -9.779540e-01 2.465178e+00
-5.602900e-02 -9.697930e-01 2.425204e+00
-1.578070e-01 5.516860e-01 2.260557e+00
